/*--------------------------------*- C++ -*----------------------------------*\
| =========                 |                                                 |
| \\      /  F ield         | OpenFOAM: The Open Source CFD Toolbox           |
|  \\    /   O peration     | Version:  v2012                                 |
|   \\  /    A nd           | Website:  www.openfoam.com                      |
|    \\/     M anipulation  |                                                 |
\*---------------------------------------------------------------------------*/
FoamFile
{
    version     2.0;
    format      ascii;
    class       volScalarField;
    location    "626";
    object      p;
}
// * * * * * * * * * * * * * * * * * * * * * * * * * * * * * * * * * * * * * //

dimensions      [0 2 -2 0 0 0 0];


internalField   nonuniform List<scalar> 
6108
(
0.326821
0.326807
0.326872
0.326992
0.327152
0.327339
0.327545
0.327764
0.327991
0.328223
0.328459
0.328697
0.328936
0.329178
0.329425
0.329677
0.32994
0.330267
0.330808
0.331597
0.326811
0.326802
0.326871
0.326996
0.327161
0.327352
0.327562
0.327784
0.328015
0.328252
0.328494
0.328738
0.328985
0.329235
0.329489
0.329745
0.330001
0.33028
0.330607
0.330897
0.326691
0.326705
0.326794
0.326935
0.327111
0.32731
0.327525
0.327751
0.327985
0.328225
0.328468
0.328715
0.328963
0.329215
0.32947
0.329719
0.329962
0.330206
0.330418
0.33052
0.326485
0.326548
0.326676
0.326846
0.327042
0.327255
0.327479
0.327712
0.32795
0.328192
0.328437
0.328683
0.328932
0.329183
0.329432
0.329671
0.329903
0.330127
0.330301
0.330361
0.326215
0.326351
0.326538
0.326746
0.326968
0.327202
0.32744
0.327682
0.327926
0.328172
0.328419
0.328667
0.328916
0.329166
0.329413
0.32965
0.329877
0.330088
0.330246
0.330292
0.325886
0.32612
0.326386
0.326643
0.3269
0.327157
0.32741
0.327662
0.327913
0.328163
0.328413
0.328663
0.328913
0.329164
0.329412
0.329649
0.329877
0.330088
0.330245
0.330292
0.325516
0.325884
0.326242
0.326555
0.326847
0.327126
0.327394
0.327655
0.327912
0.328167
0.32842
0.328672
0.328925
0.329178
0.329429
0.329669
0.329902
0.330126
0.3303
0.33036
0.325188
0.325691
0.326136
0.326497
0.326819
0.327115
0.327395
0.327665
0.327928
0.328187
0.328443
0.328698
0.328952
0.329208
0.329465
0.329716
0.329959
0.330205
0.330417
0.330519
0.325036
0.325615
0.3261
0.32648
0.326816
0.327122
0.327408
0.327682
0.327948
0.328208
0.328464
0.328719
0.328972
0.329226
0.329483
0.329741
0.329998
0.330278
0.330605
0.330896
0.325293
0.325677
0.326085
0.326463
0.326798
0.327104
0.327389
0.327661
0.327923
0.328179
0.32843
0.328678
0.328923
0.32917
0.32942
0.329674
0.329938
0.330265
0.330807
0.331595
0.328252
0.327623
0.327197
0.32694
0.328261
0.327623
0.327187
0.326928
0.328066
0.327442
0.327021
0.326782
0.327678
0.327095
0.326709
0.32652
0.327123
0.326602
0.326266
0.326154
0.326444
0.325998
0.325689
0.325677
0.325668
0.325261
0.324891
0.325045
0.324475
0.32409
0.32376
0.324317
0.32231
0.322732
0.323147
0.323201
0.323383
0.324732
0.324776
0.318159
0.777454
0.776254
0.77554
0.775601
0.775538
0.774074
0.767903
0.754103
0.734183
0.710405
0.6841
0.656239
0.627606
0.598851
0.57053
0.543111
0.516984
0.492459
0.469762
0.449048
0.430392
0.413797
0.399207
0.38653
0.375636
0.366374
0.35858
0.352081
0.346708
0.342307
0.338734
0.335852
0.33354
0.331699
0.330245
0.329113
0.776884
0.775263
0.775047
0.775875
0.776233
0.774136
0.766138
0.751425
0.732006
0.708795
0.682957
0.65547
0.62713
0.598597
0.570435
0.543124
0.517062
0.492569
0.469882
0.44916
0.430483
0.413862
0.399249
0.386551
0.375641
0.366368
0.358569
0.352069
0.346696
0.342296
0.338731
0.335859
0.333555
0.331717
0.330264
0.329129
0.777123
0.77524
0.775193
0.775755
0.774748
0.770088
0.760008
0.744793
0.725593
0.702914
0.677692
0.650774
0.622919
0.594787
0.566951
0.539909
0.514075
0.489784
0.467287
0.446748
0.428253
0.411816
0.397388
0.384875
0.374146
0.36505
0.357418
0.351078
0.345858
0.341599
0.338155
0.335387
0.333171
0.331404
0.330004
0.328908
0.779088
0.776788
0.775926
0.774503
0.770727
0.763372
0.75178
0.736121
0.716856
0.694475
0.669715
0.643284
0.615878
0.588136
0.560639
0.533898
0.508351
0.484347
0.46215
0.441931
0.423778
0.407699
0.393643
0.381505
0.371148
0.362412
0.355122
0.349102
0.344179
0.340192
0.33699
0.334433
0.332393
0.330766
0.329474
0.32846
0.782188
0.779049
0.776206
0.7721
0.765461
0.75575
0.742661
0.726198
0.70656
0.684156
0.659557
0.633373
0.606237
0.578764
0.551537
0.52508
0.499847
0.476203
0.454419
0.434667
0.417028
0.401501
0.388017
0.376458
0.366673
0.358489
0.351722
0.346189
0.341712
0.338128
0.335287
0.333043
0.331264
0.329844
0.328709
0.327814
0.784773
0.780112
0.774924
0.768118
0.758881
0.747028
0.732359
0.714837
0.694572
0.671865
0.647165
0.621004
0.593963
0.566638
0.539612
0.513424
0.488542
0.465342
0.444098
0.424975
0.408037
0.393263
0.380562
0.369792
0.360781
0.353341
0.347278
0.342397
0.338513
0.335464
0.333099
0.331269
0.329831
0.32868
0.327748
0.327008
0.785206
0.778658
0.771357
0.76208
0.75056
0.736783
0.720579
0.701911
0.680849
0.657624
0.632605
0.606264
0.579147
0.551843
0.524943
0.499002
0.474504
0.451835
0.431261
0.412933
0.396888
0.383075
0.371367
0.361592
0.353554
0.347047
0.34186
0.337783
0.334628
0.332232
0.330451
0.329143
0.328144
0.327336
0.326657
0.326099
0.782261
0.77411
0.765112
0.75377
0.740336
0.724875
0.707231
0.687395
0.665424
0.641513
0.615981
0.589268
0.561909
0.534499
0.507649
0.481939
0.45787
0.43583
0.416073
0.39872
0.38377
0.371126
0.360618
0.352037
0.345154
0.339741
0.335573
0.332433
0.330135
0.32851
0.327433
0.32679
0.326314
0.325851
0.325373
0.324897
0.776166
0.766434
0.756072
0.743125
0.728137
0.711221
0.692249
0.671259
0.648312
0.623587
0.597385
0.570139
0.542396
0.51478
0.487937
0.462479
0.438927
0.41766
0.398906
0.38274
0.369102
0.357838
0.348724
0.341502
0.335907
0.331688
0.328613
0.326441
0.324919
0.323967
0.323564
0.323538
0.323453
0.323158
0.322815
0.322497
0.766933
0.755703
0.744293
0.730139
0.713911
0.695762
0.675596
0.653501
0.629553
0.603932
0.57695
0.549059
0.520846
0.492987
0.466185
0.441089
0.418228
0.397962
0.380465
0.365738
0.353645
0.343951
0.33637
0.330598
0.326337
0.32333
0.32136
0.320178
0.319504
0.319333
0.319607
0.320104
0.320705
0.321421
0.322261
0.322947
0.309692
0.309907
0.307616
0.29762
0.307582
0.307171
0.305457
0.302293
0.306647
0.306164
0.30513
0.303903
0.30611
0.305666
0.30508
0.304492
0.305647
0.305379
0.305027
0.304702
0.30532
0.30516
0.304932
0.304736
0.305039
0.304953
0.304807
0.304691
0.304778
0.304754
0.304675
0.304613
0.304536
0.304569
0.304548
0.304534
0.304318
0.304405
0.304438
0.304472
0.304126
0.304267
0.304355
0.304442
0.303965
0.304161
0.304308
0.304451
0.303836
0.304089
0.304302
0.304507
0.303739
0.304052
0.304335
0.304614
0.303672
0.304046
0.304408
0.304772
0.303629
0.304068
0.304517
0.304976
0.303604
0.304107
0.304652
0.305215
0.303586
0.304153
0.3048
0.305475
0.30356
0.304188
0.304944
0.305734
0.303509
0.304189
0.305057
0.305958
0.303413
0.304134
0.305108
0.3061
0.303254
0.304003
0.30508
0.306127
0.303006
0.303772
0.304967
0.306037
0.30261
0.303389
0.304718
0.305793
0.302056
0.302837
0.304255
0.305367
0.301358
0.302119
0.303541
0.304758
0.300458
0.301196
0.302589
0.303931
0.299299
0.30003
0.301393
0.302842
0.297876
0.298621
0.299965
0.30152
0.296204
0.296988
0.298336
0.299988
0.294309
0.295152
0.296502
0.298195
0.292249
0.293155
0.294483
0.296166
0.290098
0.29105
0.292329
0.293967
0.287933
0.2889
0.290113
0.291673
0.285815
0.286766
0.287912
0.289365
0.283812
0.284732
0.285797
0.287122
0.281986
0.282879
0.283841
0.285019
0.280406
0.281253
0.282098
0.283118
0.279103
0.27988
0.280601
0.281459
0.27807
0.278764
0.279367
0.280068
0.277292
0.2779
0.278392
0.278956
0.276751
0.277277
0.277666
0.278118
0.27643
0.27688
0.277182
0.277535
0.27631
0.276695
0.276925
0.277195
0.276374
0.276706
0.276883
0.277085
0.276605
0.276895
0.277037
0.277193
0.276988
0.27725
0.277374
0.277501
0.277507
0.277755
0.27788
0.277993
0.278148
0.278397
0.27854
0.278659
0.278896
0.279162
0.279346
0.27949
0.279738
0.28004
0.280289
0.280477
0.280661
0.281019
0.281361
0.281613
0.281654
0.282089
0.282552
0.282882
0.282703
0.283236
0.283843
0.284256
0.283793
0.284439
0.285197
0.285677
0.284899
0.285661
0.286542
0.287036
0.285978
0.286836
0.287761
0.288171
0.286945
0.287859
0.288687
0.288893
0.287678
0.288583
0.289159
0.289174
0.287975
0.289013
0.289332
0.289243
0.753683
0.741479
0.72939
0.71437
0.697167
0.677967
0.656729
0.633573
0.608606
0.582031
0.554192
0.525597
0.496906
0.468881
0.442295
0.417838
0.396031
0.377179
0.361361
0.348465
0.33824
0.330351
0.324435
0.320132
0.317112
0.315098
0.313847
0.313109
0.312669
0.312446
0.312338
0.312227
0.312132
0.311992
0.311615
0.310619
0.736401
0.723657
0.711291
0.695748
0.677832
0.657775
0.635605
0.611469
0.585515
0.557992
0.529309
0.500071
0.47106
0.443151
0.417203
0.393924
0.373783
0.356966
0.343399
0.332808
0.324805
0.318955
0.314834
0.312058
0.3103
0.309284
0.308783
0.308602
0.308618
0.308709
0.308806
0.308832
0.308825
0.308733
0.308461
0.30796
0.716095
0.703197
0.690793
0.675033
0.656651
0.635958
0.613037
0.58807
0.561256
0.532915
0.503567
0.473958
0.445024
0.41777
0.393108
0.371703
0.353884
0.339639
0.328686
0.320577
0.3148
0.310859
0.308313
0.306796
0.306015
0.305736
0.305786
0.306032
0.306369
0.306708
0.306999
0.307185
0.307307
0.307337
0.307157
0.306869
0.693606
0.680729
0.668411
0.652601
0.63398
0.612861
0.58938
0.563771
0.536295
0.50738
0.477696
0.44817
0.419904
0.393997
0.371336
0.352437
0.337398
0.32596
0.31763
0.311821
0.307962
0.305552
0.304193
0.303581
0.303486
0.30374
0.304193
0.304737
0.305293
0.305804
0.306235
0.306517
0.306625
0.306648
0.306583
0.30639
0.669545
0.656817
0.644656
0.628889
0.610233
0.588884
0.565061
0.539044
0.511185
0.482052
0.452499
0.423645
0.396726
0.372849
0.352764
0.336745
0.324611
0.315865
0.309858
0.305942
0.303555
0.30226
0.301736
0.301742
0.302094
0.30265
0.303294
0.303942
0.304538
0.305046
0.305445
0.305741
0.305922
0.305975
0.305928
0.305815
0.644399
0.631963
0.619995
0.604378
0.585851
0.564473
0.540545
0.514402
0.486511
0.457606
0.428737
0.401186
0.376242
0.354911
0.337712
0.324626
0.315212
0.308795
0.304657
0.302163
0.300824
0.300284
0.300277
0.300614
0.301154
0.301791
0.302453
0.303092
0.303676
0.304182
0.304596
0.30492
0.305161
0.305315
0.305385
0.305386
0.618652
0.606621
0.594913
0.57957
0.561301
0.540092
0.516309
0.490355
0.462829
0.434641
0.407015
0.38133
0.358825
0.34031
0.326017
0.315652
0.308574
0.304018
0.30127
0.299768
0.299104
0.298985
0.299217
0.299668
0.300244
0.300883
0.301542
0.302186
0.302791
0.303337
0.303814
0.304216
0.304541
0.304788
0.304955
0.305038
0.592773
0.581241
0.569882
0.554909
0.537024
0.51618
0.492801
0.467366
0.440614
0.413615
0.387717
0.364312
0.344494
0.328812
0.317219
0.309198
0.303992
0.300822
0.299033
0.298151
0.297851
0.297926
0.298249
0.298737
0.299331
0.299988
0.300673
0.301355
0.302011
0.30262
0.303169
0.303647
0.304045
0.304359
0.304586
0.304724
0.567185
0.556223
0.545294
0.530779
0.51341
0.493125
0.470403
0.445808
0.420208
0.3948
0.370992
0.350098
0.333003
0.319978
0.310736
0.304616
0.300822
0.298615
0.29743
0.296895
0.296779
0.29695
0.297327
0.297852
0.298482
0.299179
0.29991
0.300646
0.301361
0.302031
0.302638
0.303171
0.303619
0.303978
0.304249
0.304433
0.542249
0.53191
0.521476
0.507509
0.490786
0.471244
0.449414
0.425946
0.401812
0.378291
0.356781
0.338459
0.32396
0.313293
0.305994
0.301339
0.298549
0.296967
0.29614
0.295801
0.295796
0.296039
0.29647
0.297044
0.297722
0.29847
0.299253
0.30004
0.300804
0.301521
0.302171
0.302743
0.30323
0.303628
0.303938
0.304165
0.518265
0.508588
0.498703
0.485369
0.46941
0.450772
0.430037
0.407925
0.385487
0.364025
0.344877
0.329051
0.316921
0.308261
0.302503
0.298924
0.296813
0.295622
0.295015
0.294804
0.294885
0.295194
0.295684
0.296313
0.297042
0.297836
0.298664
0.299492
0.300296
0.301051
0.301739
0.302348
0.302871
0.303306
0.303656
0.303926
0.495472
0.486483
0.477192
0.464563
0.449469
0.431867
0.412383
0.39179
0.371176
0.351823
0.334973
0.321477
0.311464
0.304466
0.299882
0.297062
0.295396
0.294455
0.293997
0.293884
0.29404
0.294416
0.294963
0.295641
0.296414
0.297248
0.298112
0.298977
0.299817
0.300609
0.301334
0.301981
0.302541
0.303015
0.303404
0.303717
0.474051
0.465762
0.457098
0.445232
0.431078
0.414609
0.396482
0.377499
0.358742
0.341426
0.326701
0.315386
0.307273
0.301607
0.297871
0.295565
0.294189
0.293417
0.293067
0.293034
0.29326
0.293694
0.29429
0.29501
0.295819
0.296687
0.297585
0.298485
0.299362
0.300192
0.300956
0.301642
0.302242
0.302754
0.303184
0.30354
0.454125
0.446537
0.438518
0.427457
0.414295
0.399018
0.382304
0.364954
0.347993
0.332549
0.319874
0.310584
0.304057
0.299449
0.29631
0.29433
0.293143
0.292488
0.292219
0.292253
0.292537
0.29302
0.293656
0.294409
0.295251
0.296151
0.297082
0.298017
0.298931
0.2998
0.300605
0.301332
0.301972
0.302525
0.302995
0.303394
0.435766
0.428868
0.421502
0.411267
0.399122
0.385066
0.369779
0.354031
0.338752
0.325155
0.314512
0.306827
0.301444
0.297728
0.295086
0.293306
0.292234
0.291659
0.291451
0.291539
0.29187
0.29239
0.293058
0.293841
0.294711
0.29564
0.296604
0.297574
0.298526
0.299435
0.300282
0.301051
0.301732
0.302325
0.302836
0.303278
0.419
0.412772
0.406052
0.396649
0.385527
0.372689
0.35881
0.344613
0.330941
0.319239
0.310363
0.303793
0.299227
0.296229
0.294053
0.292448
0.291449
0.290926
0.290763
0.290892
0.291257
0.291806
0.2925
0.293307
0.294202
0.29516
0.296154
0.297158
0.298148
0.299097
0.299985
0.300797
0.30152
0.302154
0.302704
0.303187
0.403812
0.398227
0.392138
0.383557
0.373441
0.361798
0.349277
0.336535
0.324489
0.314543
0.306989
0.301298
0.297392
0.294885
0.293113
0.291718
0.29077
0.290283
0.290154
0.290314
0.290703
0.291273
0.291987
0.292814
0.293731
0.294713
0.295735
0.296772
0.297796
0.298785
0.299714
0.300567
0.301332
0.302005
0.302594
0.303116
0.390157
0.385184
0.3797
0.371921
0.362778
0.352286
0.341056
0.329647
0.319194
0.310757
0.304174
0.299247
0.295891
0.293722
0.292257
0.291067
0.29018
0.289725
0.289624
0.289806
0.290213
0.290797
0.291525
0.292367
0.293301
0.294303
0.29535
0.296414
0.297472
0.298497
0.299465
0.300358
0.301162
0.301873
0.302497
0.303055
0.377973
0.37357
0.368661
0.36165
0.353434
0.344033
0.334026
0.323872
0.314831
0.307614
0.301834
0.297565
0.29466
0.292754
0.291489
0.290468
0.289672
0.289251
0.289175
0.289374
0.289792
0.290384
0.29112
0.291971
0.292917
0.293934
0.294999
0.296087
0.297172
0.298229
0.299232
0.300162
0.301003
0.301748
0.302404
0.302993
0.367182
0.3633
0.35893
0.352645
0.3453
0.336913
0.328037
0.31908
0.311238
0.304979
0.299905
0.296187
0.293641
0.291948
0.290813
0.289942
0.289255
0.288866
0.28881
0.289022
0.289445
0.29004
0.290777
0.291631
0.292582
0.293606
0.294682
0.295786
0.296892
0.297975
0.299009
0.299971
0.300844
0.30162
0.302303
0.302914
0.357686
0.354279
0.350408
0.3448
0.338262
0.330799
0.322912
0.315099
0.308323
0.302806
0.298334
0.295066
0.292808
0.291286
0.290253
0.28951
0.288923
0.28857
0.288535
0.288754
0.289178
0.289769
0.290501
0.291351
0.292297
0.293319
0.294397
0.295508
0.296627
0.297728
0.298784
0.299772
0.300672
0.301474
0.302178
0.302804
0.349386
0.346407
0.342995
0.338011
0.332212
0.325592
0.318568
0.311796
0.305954
0.301033
0.297073
0.294173
0.292147
0.290766
0.289826
0.289178
0.288674
0.288366
0.288352
0.288576
0.288996
0.289578
0.290297
0.291132
0.292064
0.293073
0.294142
0.295248
0.296367
0.297475
0.298544
0.29955
0.300472
0.301297
0.302018
0.302648
0.342176
0.339584
0.336588
0.332176
0.327052
0.321206
0.314979
0.309074
0.303987
0.299598
0.296081
0.293485
0.29165
0.290383
0.289524
0.288955
0.288523
0.288261
0.288267
0.288494
0.288904
0.289469
0.290166
0.290976
0.291882
0.292865
0.29391
0.294997
0.296103
0.297203
0.298273
0.299287
0.300227
0.30108
0.301819
0.302434
0.335957
0.33371
0.331092
0.327201
0.322685
0.317541
0.312042
0.306857
0.30238
0.298466
0.295327
0.292986
0.291308
0.290136
0.289347
0.288846
0.288482
0.288265
0.288286
0.288511
0.288906
0.289446
0.290112
0.290884
0.291749
0.292691
0.293695
0.294744
0.295818
0.296894
0.297948
0.298958
0.299916
0.300802
0.301544
0.302108
0.330631
0.328691
0.326414
0.322993
0.319021
0.3145
0.309653
0.305079
0.301113
0.297613
0.294794
0.292665
0.291119
0.290027
0.289298
0.288859
0.288558
0.288382
0.288414
0.288633
0.289006
0.289513
0.290134
0.290855
0.291663
0.292545
0.293488
0.294478
0.295497
0.296526
0.297541
0.298529
0.299494
0.300369
0.30106
0.301593
0.326106
0.324437
0.322467
0.319467
0.31598
0.312005
0.307734
0.303688
0.300158
0.297015
0.294465
0.292516
0.291083
0.29006
0.289382
0.288999
0.288757
0.288618
0.288658
0.288864
0.289208
0.28967
0.290234
0.290888
0.29162
0.29242
0.293279
0.294184
0.295121
0.296073
0.297021
0.297959
0.298886
0.299684
0.300312
0.300867
0.322297
0.320867
0.319173
0.316549
0.313489
0.309995
0.30623
0.302641
0.299485
0.296652
0.294332
0.292536
0.291199
0.290236
0.289603
0.28927
0.289085
0.28898
0.289021
0.289208
0.289513
0.289919
0.290411
0.290979
0.291614
0.292309
0.293056
0.293847
0.29467
0.295512
0.296358
0.297216
0.298037
0.298726
0.299337
0.299924
0.31912
0.317888
0.316466
0.314168
0.311486
0.308415
0.305094
0.301903
0.29907
0.296505
0.294384
0.292722
0.291469
0.290559
0.289966
0.289676
0.289546
0.289473
0.289509
0.289668
0.289924
0.29026
0.290664
0.291127
0.291642
0.292205
0.29281
0.293452
0.294124
0.294817
0.295518
0.29625
0.296931
0.297525
0.298129
0.298734
0.316522
0.315515
0.31429
0.312264
0.309916
0.307216
0.304286
0.301444
0.298891
0.296563
0.294616
0.293072
0.291895
0.291033
0.290473
0.290219
0.290144
0.290105
0.290125
0.290245
0.290441
0.290694
0.290993
0.291329
0.291699
0.292099
0.292528
0.292986
0.293467
0.293968
0.29448
0.295031
0.295569
0.296089
0.296671
0.297284
0.314444
0.313679
0.312566
0.31078
0.308727
0.306352
0.30377
0.301238
0.298932
0.296812
0.295021
0.293585
0.292476
0.291659
0.291131
0.290907
0.290883
0.290873
0.290869
0.290941
0.291065
0.29122
0.291395
0.291582
0.291779
0.291985
0.292204
0.292436
0.292686
0.292954
0.29324
0.293576
0.293955
0.294399
0.294955
0.295576
0.312799
0.312175
0.3112
0.30966
0.307872
0.305782
0.303514
0.301265
0.299174
0.297243
0.295595
0.294259
0.293215
0.29244
0.291943
0.291746
0.291762
0.29177
0.291738
0.291754
0.291795
0.291838
0.29187
0.291884
0.291879
0.291859
0.291828
0.291795
0.291769
0.291771
0.291802
0.291897
0.292099
0.292467
0.292997
0.293632
0.311521
0.31096
0.310158
0.308859
0.307311
0.305475
0.303493
0.301502
0.299604
0.297845
0.296331
0.295088
0.294107
0.293374
0.292906
0.292734
0.292779
0.292794
0.292731
0.292684
0.292632
0.292547
0.292416
0.292233
0.291998
0.291716
0.291399
0.291056
0.29072
0.290418
0.290159
0.290013
0.290045
0.290334
0.290845
0.291506
0.31057
0.310072
0.309433
0.308345
0.307013
0.305408
0.303681
0.301923
0.300204
0.298608
0.297219
0.296067
0.295148
0.294456
0.294016
0.293866
0.293929
0.293945
0.293847
0.293729
0.293573
0.293347
0.293035
0.292631
0.292134
0.291557
0.290913
0.290223
0.289554
0.288896
0.28834
0.287977
0.287857
0.288073
0.288574
0.289274
0.309921
0.309503
0.309
0.308088
0.306949
0.305558
0.304057
0.302507
0.300961
0.299519
0.298252
0.297189
0.296332
0.295682
0.295268
0.295133
0.295207
0.295219
0.295081
0.294888
0.294619
0.294239
0.293728
0.293077
0.29229
0.291383
0.290375
0.289296
0.288261
0.287248
0.28643
0.285864
0.285616
0.28578
0.286286
0.287032
0.309537
0.309207
0.308813
0.308053
0.30709
0.305897
0.304598
0.303238
0.301859
0.300566
0.299417
0.298443
0.29765
0.297042
0.296653
0.296527
0.296603
0.296607
0.296429
0.296157
0.29577
0.295224
0.294496
0.293576
0.292469
0.291198
0.289781
0.288297
0.286882
0.285561
0.284478
0.283739
0.283422
0.283568
0.284096
0.284891
0.309379
0.309129
0.30883
0.308209
0.307407
0.306395
0.305283
0.304101
0.302883
0.301734
0.300703
0.299819
0.29909
0.298526
0.29816
0.298036
0.298106
0.298099
0.297885
0.297534
0.297025
0.296306
0.295346
0.294134
0.292678
0.291005
0.289131
0.287272
0.285439
0.283818
0.282564
0.281717
0.281386
0.281545
0.282099
0.282921
0.309414
0.309227
0.309016
0.308524
0.30787
0.307027
0.30609
0.305078
0.304018
0.303009
0.302095
0.301302
0.300639
0.300119
0.299774
0.299645
0.299699
0.299684
0.299444
0.299017
0.298386
0.297488
0.296283
0.294757
0.292926
0.290813
0.28846
0.286144
0.28396
0.282153
0.280782
0.279909
0.279606
0.279795
0.280363
0.281154
0.309606
0.309475
0.309344
0.308971
0.308455
0.307771
0.306998
0.306148
0.305243
0.304373
0.303577
0.302876
0.302281
0.301804
0.301478
0.301338
0.301362
0.301351
0.301105
0.300606
0.299855
0.298775
0.297314
0.295456
0.293221
0.290629
0.287822
0.285042
0.282577
0.280624
0.279217
0.278401
0.278146
0.278357
0.278908
0.279628
0.309923
0.309847
0.30979
0.309526
0.309138
0.308603
0.307986
0.307293
0.306539
0.305808
0.305129
0.304523
0.303997
0.303565
0.303256
0.3031
0.303084
0.30308
0.30285
0.302301
0.301437
0.300176
0.298449
0.296237
0.293575
0.290481
0.287213
0.284007
0.281323
0.279307
0.27795
0.277221
0.277013
0.277229
0.277724
0.278372
0.310341
0.310314
0.310325
0.310162
0.309895
0.3095
0.309032
0.308491
0.307887
0.307294
0.306734
0.306224
0.30577
0.305383
0.305089
0.304919
0.304862
0.304836
0.304638
0.304096
0.303149
0.30171
0.2997
0.297116
0.293999
0.290348
0.286576
0.283055
0.280253
0.278265
0.277012
0.276363
0.276185
0.276375
0.276806
0.277396
0.310836
0.310853
0.310926
0.310857
0.310703
0.310441
0.310115
0.309721
0.309265
0.308809
0.308368
0.307956
0.307575
0.307235
0.306958
0.306777
0.306689
0.306623
0.306434
0.305938
0.30498
0.303393
0.301084
0.2981
0.294486
0.290229
0.286003
0.282252
0.279421
0.277524
0.276383
0.27579
0.275613
0.275762
0.276143
0.276682
0.311383
0.31144
0.31157
0.311588
0.311541
0.311403
0.311213
0.310962
0.310649
0.310328
0.310007
0.309693
0.309387
0.309093
0.308834
0.308649
0.308547
0.308463
0.308266
0.307788
0.306842
0.305171
0.302592
0.29918
0.29503
0.29025
0.285545
0.281633
0.278848
0.277063
0.276005
0.275442
0.275256
0.275376
0.27572
0.276208
0.311962
0.312053
0.312235
0.312334
0.312386
0.312367
0.312305
0.31219
0.312017
0.311828
0.311623
0.311405
0.311171
0.31092
0.310681
0.310499
0.310396
0.31032
0.310138
0.309665
0.308692
0.306954
0.304149
0.300325
0.295645
0.290411
0.285232
0.28121
0.278512
0.276832
0.275829
0.275285
0.275101
0.275203
0.275511
0.275949
0.312553
0.312672
0.312903
0.313076
0.313219
0.31331
0.313369
0.313384
0.313344
0.31328
0.313187
0.313059
0.31289
0.312679
0.312457
0.312283
0.312193
0.31214
0.311989
0.311536
0.310538
0.308706
0.305695
0.301514
0.296351
0.290638
0.285073
0.28099
0.278381
0.276791
0.275835
0.275314
0.275133
0.275217
0.275492
0.275883
0.313137
0.313281
0.313554
0.313794
0.314022
0.314215
0.314386
0.314521
0.314605
0.314659
0.314668
0.314622
0.314509
0.314329
0.314124
0.313964
0.313896
0.313878
0.313768
0.313346
0.312341
0.310416
0.307224
0.302729
0.297129
0.290974
0.285105
0.280973
0.278431
0.276914
0.276003
0.275503
0.275326
0.275395
0.275642
0.275994
0.313697
0.313861
0.314172
0.314471
0.314775
0.315061
0.315334
0.31558
0.315778
0.315939
0.316039
0.316064
0.315996
0.315841
0.315651
0.31551
0.315473
0.315498
0.315433
0.315037
0.314044
0.312073
0.308741
0.303968
0.297969
0.291457
0.285357
0.281153
0.27864
0.277174
0.276305
0.27583
0.275659
0.275719
0.275943
0.276263
0.314218
0.314397
0.314741
0.315092
0.315464
0.315832
0.316198
0.316541
0.316842
0.317096
0.317275
0.317357
0.317324
0.317188
0.317013
0.316896
0.316897
0.316967
0.316936
0.316553
0.315596
0.313649
0.31024
0.305266
0.298962
0.292134
0.285837
0.281504
0.278981
0.277551
0.276723
0.276276
0.276116
0.276171
0.276379
0.276674
0.314685
0.314876
0.315248
0.315643
0.316072
0.316514
0.316959
0.317388
0.317777
0.318111
0.318355
0.318481
0.318472
0.318349
0.318189
0.318101
0.318144
0.318253
0.318237
0.317881
0.316966
0.315059
0.311663
0.30663
0.300182
0.293043
0.286574
0.28203
0.279443
0.278029
0.277241
0.276824
0.276679
0.276736
0.276933
0.277211
0.315087
0.315286
0.315679
0.316111
0.316589
0.317092
0.317606
0.318107
0.318569
0.318969
0.319262
0.319419
0.319425
0.319309
0.319165
0.319107
0.319188
0.319321
0.31931
0.319001
0.31812
0.31622
0.312926
0.307989
0.301567
0.294203
0.287604
0.282753
0.280029
0.278601
0.277846
0.277463
0.277337
0.277399
0.27759
0.277859
0.315413
0.315617
0.316026
0.316486
0.317004
0.317557
0.318125
0.318685
0.319206
0.319655
0.319983
0.320158
0.320169
0.320058
0.319929
0.3199
0.320009
0.320153
0.320145
0.319867
0.319007
0.317116
0.313977
0.309241
0.302974
0.295595
0.28891
0.283692
0.280746
0.279262
0.278528
0.278181
0.278078
0.278148
0.278338
0.278604
0.315654
0.31586
0.31628
0.316759
0.317307
0.317898
0.31851
0.319113
0.319677
0.320161
0.32051
0.320691
0.320699
0.320588
0.320473
0.320466
0.320589
0.320736
0.320729
0.320455
0.3196
0.317755
0.314788
0.310349
0.30435
0.29712
0.290376
0.28488
0.281625
0.280019
0.279282
0.27897
0.278892
0.278973
0.279164
0.279432
0.315804
0.316009
0.316433
0.316924
0.317493
0.318111
0.318753
0.319386
0.319979
0.320482
0.320837
0.321013
0.32101
0.320897
0.320793
0.320797
0.320923
0.321058
0.321045
0.32076
0.319901
0.318118
0.315312
0.311266
0.305734
0.298911
0.292033
0.286409
0.282724
0.280889
0.280106
0.279821
0.279773
0.279865
0.280058
0.280331
0.315857
0.316058
0.316481
0.316978
0.317557
0.318192
0.318851
0.319501
0.320107
0.320615
0.320964
0.321123
0.321105
0.320987
0.320886
0.320892
0.321008
0.32112
0.321093
0.320787
0.319914
0.318185
0.315525
0.311863
0.306923
0.30079
0.293964
0.288234
0.284094
0.281902
0.281005
0.280728
0.280716
0.280819
0.28101
0.28129
0.31581
0.316004
0.316422
0.316915
0.317497
0.318137
0.318802
0.319455
0.320062
0.320561
0.320892
0.321027
0.320989
0.320861
0.320757
0.320757
0.320852
0.320928
0.320881
0.32055
0.319654
0.317972
0.315457
0.312111
0.307756
0.302283
0.295876
0.290122
0.285777
0.283128
0.282001
0.281689
0.281717
0.281832
0.282014
0.282297
0.315661
0.315845
0.316252
0.316737
0.317312
0.317948
0.318608
0.319253
0.319846
0.320324
0.320627
0.320732
0.32067
0.320528
0.320416
0.320401
0.320467
0.320502
0.320424
0.320058
0.319137
0.317502
0.315124
0.31203
0.308217
0.303478
0.297852
0.292194
0.287738
0.284687
0.28318
0.282736
0.282782
0.282909
0.283066
0.28334
0.31541
0.315582
0.315974
0.316444
0.317005
0.317627
0.318271
0.318896
0.319465
0.319912
0.320177
0.320246
0.320157
0.319999
0.319873
0.319839
0.319871
0.319865
0.319738
0.319323
0.31838
0.316789
0.314539
0.311666
0.308242
0.304215
0.299512
0.294305
0.28976
0.286564
0.28465
0.283989
0.283962
0.284061
0.284164
0.2844
0.31506
0.315215
0.315586
0.316037
0.316578
0.317177
0.317795
0.318391
0.318925
0.319331
0.319553
0.319582
0.319464
0.319286
0.319141
0.319084
0.319077
0.319026
0.318842
0.31837
0.317405
0.315859
0.313734
0.311071
0.30794
0.30443
0.300479
0.296092
0.291667
0.288395
0.286318
0.285483
0.285384
0.285357
0.285302
0.28544
0.314613
0.31475
0.315094
0.315522
0.316035
0.316604
0.317188
0.317745
0.318235
0.318592
0.318765
0.318752
0.318602
0.3184
0.318233
0.318147
0.318097
0.317994
0.31775
0.317216
0.31623
0.314726
0.312722
0.310263
0.307412
0.304294
0.301011
0.297493
0.29381
0.290415
0.288
0.286969
0.287126
0.28694
0.286444
0.286354
0.314069
0.314193
0.314505
0.314904
0.315383
0.315914
0.316457
0.316966
0.317405
0.317707
0.317826
0.317768
0.317583
0.317354
0.317161
0.317039
0.316942
0.316782
0.316474
0.31588
0.314871
0.313405
0.311514
0.309248
0.306663
0.303858
0.301023
0.298242
0.295439
0.292716
0.290046
0.288408
0.288801
0.288931
0.287677
0.286884
0.313432
0.313541
0.313823
0.314189
0.314628
0.315115
0.31561
0.316065
0.316445
0.316686
0.316749
0.316643
0.316421
0.31616
0.315936
0.315774
0.315624
0.315404
0.315032
0.314381
0.313349
0.311916
0.310124
0.308032
0.305702
0.303204
0.300707
0.298398
0.296317
0.294444
0.292591
0.290741
0.29039
0.291196
0.289177
0.286016
0.31279
0.312889
0.313138
0.31347
0.313871
0.314314
0.31476
0.315161
0.315482
0.315663
0.315671
0.315521
0.315265
0.314975
0.314721
0.31452
0.314321
0.314046
0.313615
0.312919
0.311868
0.310462
0.308748
0.306797
0.304673
0.302446
0.300266
0.298337
0.296749
0.295553
0.294488
0.293211
0.292706
0.293602
0.290491
0.283247
0.312172
0.312264
0.312478
0.312782
0.313146
0.313549
0.313949
0.314298
0.314562
0.314686
0.314645
0.314456
0.314171
0.313855
0.313572
0.313334
0.31309
0.312766
0.312287
0.31155
0.310485
0.309102
0.307454
0.305615
0.303654
0.301643
0.299748
0.298174
0.296991
0.296255
0.2958
0.295161
0.295122
0.29674
0.291443
0.282476
0.311505
0.311589
0.311776
0.312052
0.312377
0.312736
0.313087
0.313381
0.313586
0.313651
0.31356
0.313331
0.313014
0.312669
0.312352
0.312075
0.311784
0.311411
0.310884
0.31011
0.309034
0.307673
0.306087
0.304353
0.302539
0.300726
0.299102
0.297876
0.2971
0.296799
0.29689
0.297202
0.298425
0.30116
0.295697
0.281012
0.35045
0.368608
0.374584
0.374318
0.350403
0.365097
0.372689
0.373596
0.346236
0.359101
0.367869
0.370685
0.340993
0.351794
0.360308
0.364331
0.335211
0.34415
0.351664
0.355677
0.329211
0.336496
0.342739
0.346267
0.323267
0.329136
0.334124
0.337025
0.317581
0.322272
0.326159
0.328438
0.31227
0.316001
0.318986
0.320717
0.307397
0.310359
0.312629
0.31391
0.302986
0.305338
0.307055
0.307981
0.299036
0.300908
0.302203
0.302855
0.295533
0.297029
0.298003
0.29845
0.292453
0.293655
0.294387
0.294683
0.289769
0.290743
0.291294
0.291481
0.287455
0.288253
0.288668
0.288777
0.285485
0.286147
0.286461
0.286517
0.283834
0.284391
0.284631
0.284652
0.28248
0.282957
0.283143
0.283144
0.281399
0.281818
0.281967
0.281958
0.28057
0.280949
0.281075
0.281068
0.279973
0.280332
0.280449
0.280453
0.279593
0.27995
0.280071
0.280096
0.279419
0.279793
0.279932
0.279987
0.279449
0.279857
0.280026
0.280122
0.279684
0.280142
0.280353
0.280498
0.280131
0.280653
0.280919
0.281117
0.280799
0.281396
0.281727
0.281989
0.281697
0.282379
0.282782
0.283125
0.282834
0.283613
0.284101
0.284527
0.284215
0.285106
0.285691
0.286207
0.285852
0.286872
0.287568
0.288183
0.287759
0.288924
0.28974
0.290483
0.289953
0.291281
0.292234
0.293119
0.29245
0.29396
0.29507
0.296112
0.295269
0.296983
0.29827
0.299489
0.298429
0.30037
0.301857
0.303276
0.301955
0.304145
0.305857
0.307501
0.305875
0.308331
0.310295
0.312192
0.310213
0.312949
0.315193
0.317374
0.314964
0.318008
0.320569
0.323073
0.320134
0.323521
0.326442
0.329313
0.325762
0.329511
0.332829
0.336116
0.331878
0.336003
0.339741
0.343495
0.338454
0.342995
0.347164
0.351447
0.345424
0.350424
0.355056
0.359961
0.352738
0.35824
0.363391
0.369026
0.360348
0.366419
0.372142
0.378611
0.368181
0.374867
0.381219
0.388653
0.376175
0.383483
0.390518
0.399113
0.384207
0.392179
0.399989
0.409952
0.392056
0.400785
0.409527
0.4209
0.399419
0.409009
0.41886
0.431324
0.405889
0.416509
0.427661
0.440751
0.410835
0.422773
0.43562
0.449279
0.413356
0.426581
0.4412
0.455106
0.412264
0.426026
0.441459
0.456118
0.406046
0.418818
0.433229
0.448542
0.393003
0.401603
0.410039
0.414165
0.372114
0.371173
0.368497
0.332261
0.310702
0.310771
0.310935
0.311175
0.311455
0.311759
0.312051
0.312281
0.312417
0.312416
0.312266
0.31199
0.311631
0.311247
0.310889
0.310562
0.310216
0.309789
0.309208
0.308397
0.307311
0.305974
0.304455
0.302829
0.301164
0.299555
0.298228
0.297363
0.297005
0.297156
0.297819
0.299263
0.30225
0.305507
0.305357
0.310958
0.309755
0.309805
0.309938
0.310135
0.31036
0.310603
0.310825
0.310979
0.311036
0.310958
0.310742
0.310408
0.309999
0.309567
0.309158
0.308773
0.308365
0.307875
0.30724
0.306392
0.3053
0.303991
0.302539
0.301019
0.299496
0.298102
0.297084
0.296577
0.296592
0.297173
0.298415
0.30071
0.304589
0.308977
0.313697
0.327621
0.308757
0.30879
0.308888
0.309041
0.30921
0.309388
0.309538
0.309613
0.309585
0.309429
0.309144
0.308753
0.308293
0.307813
0.307351
0.306906
0.306435
0.305885
0.305198
0.304317
0.303222
0.301943
0.300554
0.299123
0.297721
0.296548
0.295813
0.295593
0.295889
0.296802
0.298487
0.30129
0.305492
0.310554
0.317197
0.330201
0.30772
0.307736
0.307799
0.307906
0.308017
0.308129
0.308203
0.308195
0.308081
0.307847
0.307492
0.307042
0.306529
0.305999
0.305482
0.304976
0.304441
0.303832
0.303097
0.302188
0.301091
0.299845
0.298512
0.297154
0.29588
0.294925
0.294435
0.294415
0.294913
0.296053
0.298002
0.301026
0.305302
0.310769
0.318169
0.328929
0.306656
0.306655
0.306683
0.306745
0.306797
0.306841
0.306838
0.306743
0.306544
0.30623
0.305803
0.305291
0.304723
0.30414
0.303568
0.302999
0.302401
0.301733
0.300952
0.300018
0.298926
0.297713
0.29643
0.295137
0.294018
0.293271
0.29296
0.293077
0.293714
0.294992
0.297063
0.300122
0.3043
0.309682
0.316715
0.325646
0.305576
0.305559
0.305556
0.30557
0.305562
0.305536
0.305456
0.305273
0.304986
0.304588
0.304089
0.303514
0.30289
0.302253
0.301623
0.300992
0.30033
0.299606
0.298783
0.29783
0.296748
0.295571
0.294337
0.293124
0.292165
0.291596
0.291402
0.291619
0.292343
0.293686
0.295775
0.298752
0.302718
0.307758
0.31405
0.321477
0.304494
0.30446
0.304424
0.304392
0.304323
0.304228
0.304069
0.303798
0.303419
0.302936
0.302365
0.301726
0.301044
0.300352
0.299665
0.298971
0.298248
0.297471
0.296611
0.295647
0.294582
0.293446
0.292269
0.291162
0.290344
0.289903
0.289792
0.290078
0.29085
0.292202
0.294238
0.297058
0.300732
0.305302
0.310788
0.316971
0.30342
0.30337
0.303302
0.303223
0.303093
0.302928
0.30269
0.302331
0.301859
0.301291
0.300647
0.299942
0.299201
0.298452
0.29771
0.296958
0.296177
0.295353
0.294465
0.293496
0.292455
0.291362
0.290247
0.28926
0.288571
0.288211
0.28816
0.28849
0.289278
0.290601
0.292539
0.295161
0.298505
0.30257
0.307297
0.312447
0.302367
0.302303
0.302203
0.302075
0.301884
0.301647
0.301331
0.300885
0.30032
0.299667
0.298948
0.298177
0.297376
0.29657
0.295779
0.294975
0.294142
0.293277
0.292367
0.291401
0.290387
0.289341
0.288298
0.287419
0.286834
0.286533
0.286529
0.286886
0.287667
0.288937
0.290753
0.293158
0.296164
0.299741
0.303789
0.308082
0.301347
0.301269
0.301138
0.300963
0.30071
0.300398
0.300007
0.299478
0.298817
0.298078
0.297285
0.296448
0.295587
0.294722
0.293888
0.293043
0.292162
0.291265
0.290339
0.289378
0.288393
0.287398
0.286434
0.285646
0.285136
0.284887
0.28492
0.28529
0.286051
0.287254
0.288937
0.291125
0.293809
0.296937
0.300395
0.303978
0.300376
0.300282
0.30012
0.299899
0.299583
0.299194
0.298732
0.298124
0.297364
0.296539
0.295672
0.294771
0.293851
0.292934
0.292056
0.291174
0.290256
0.289332
0.288395
0.28744
0.286481
0.285536
0.284652
0.283945
0.283493
0.283287
0.283348
0.283724
0.284458
0.285588
0.28714
0.289121
0.291508
0.294238
0.297193
0.300189
0.299463
0.299357
0.299165
0.298897
0.29852
0.298055
0.29752
0.296831
0.295974
0.295065
0.294125
0.29316
0.292187
0.291225
0.290302
0.28938
0.288433
0.287488
0.286542
0.285594
0.284659
0.283759
0.282952
0.282318
0.281914
0.281745
0.281829
0.282206
0.28291
0.283969
0.285397
0.287189
0.289311
0.291695
0.294226
0.296741
0.298621
0.298506
0.298285
0.297971
0.297534
0.296994
0.296384
0.295612
0.294661
0.293669
0.292657
0.291631
0.290606
0.289606
0.288642
0.287677
0.286704
0.285743
0.284789
0.283846
0.282931
0.282073
0.281335
0.280767
0.280405
0.28027
0.280373
0.280749
0.281424
0.282418
0.283735
0.28536
0.287252
0.289341
0.291518
0.29364
0.297867
0.297742
0.297492
0.297134
0.296637
0.296025
0.295337
0.294481
0.293439
0.292365
0.291281
0.290195
0.289118
0.288083
0.287083
0.286078
0.28508
0.284104
0.283142
0.282202
0.281303
0.280481
0.279802
0.279295
0.278975
0.278869
0.27899
0.279365
0.280016
0.280953
0.282174
0.283656
0.285353
0.287194
0.289079
0.290881
0.297214
0.297078
0.296801
0.296398
0.295842
0.295159
0.294393
0.293451
0.292319
0.291163
0.290009
0.288862
0.287735
0.286664
0.285629
0.284589
0.283568
0.282576
0.281604
0.280665
0.27978
0.278988
0.278354
0.277906
0.277632
0.27755
0.277687
0.278063
0.278694
0.279586
0.28073
0.282095
0.28363
0.285266
0.28691
0.288453
0.296675
0.296528
0.296224
0.295778
0.295162
0.294407
0.293563
0.292535
0.291315
0.290076
0.28885
0.287642
0.286466
0.285357
0.284286
0.283216
0.282173
0.281163
0.280181
0.279241
0.278367
0.277597
0.276995
0.276604
0.276381
0.276319
0.27647
0.27685
0.277469
0.278328
0.279413
0.280686
0.282092
0.283559
0.285008
0.286342
0.296262
0.296107
0.295777
0.295286
0.29461
0.293783
0.292859
0.291746
0.290436
0.289114
0.287814
0.286545
0.285318
0.284169
0.283062
0.281964
0.280898
0.279869
0.278876
0.277934
0.277069
0.276318
0.27574
0.275393
0.275217
0.27518
0.275345
0.27573
0.276344
0.277184
0.278232
0.279441
0.280746
0.282078
0.283367
0.284532
0.295992
0.295828
0.295471
0.294936
0.294198
0.293298
0.292293
0.291094
0.289695
0.288286
0.28691
0.285576
0.284297
0.283106
0.281965
0.280838
0.279748
0.278699
0.277693
0.276748
0.275889
0.275155
0.274599
0.274273
0.274138
0.274138
0.274315
0.274707
0.275322
0.276161
0.277202
0.278379
0.279607
0.280823
0.281979
0.283009
0.295877
0.295706
0.295322
0.29474
0.29394
0.292964
0.291876
0.29059
0.289101
0.287602
0.286145
0.284742
0.283409
0.282174
0.280999
0.279843
0.278729
0.277658
0.276639
0.275689
0.274835
0.274115
0.273574
0.273253
0.273138
0.273176
0.273375
0.273776
0.274402
0.275263
0.276336
0.277522
0.278698
0.279806
0.280839
0.281755
0.295934
0.295755
0.295343
0.294714
0.293848
0.292793
0.291619
0.290245
0.288665
0.287072
0.285528
0.284051
0.28266
0.28138
0.280168
0.278986
0.277847
0.276754
0.275721
0.274766
0.273917
0.27321
0.272684
0.272367
0.272255
0.272315
0.272543
0.272961
0.273601
0.274475
0.275568
0.276804
0.277999
0.279025
0.279935
0.280754
0.296177
0.295991
0.29555
0.294872
0.293936
0.292798
0.291531
0.290069
0.2884
0.286706
0.285066
0.283506
0.282057
0.280733
0.279479
0.27827
0.277108
0.275994
0.274947
0.273988
0.273146
0.272452
0.271943
0.27164
0.271536
0.271609
0.271856
0.272291
0.272936
0.273799
0.274873
0.276124
0.277396
0.278425
0.279244
0.279982
0.296624
0.29643
0.295958
0.295228
0.294219
0.29299
0.291617
0.290073
0.288321
0.286513
0.284769
0.283117
0.281609
0.280239
0.278937
0.277701
0.276517
0.275381
0.274321
0.273359
0.272522
0.271841
0.271349
0.27106
0.270968
0.271054
0.271313
0.271755
0.272397
0.273247
0.274296
0.275519
0.276827
0.277927
0.278737
0.279421
0.297291
0.297089
0.296584
0.295798
0.294711
0.293386
0.291894
0.290266
0.288434
0.286502
0.284646
0.282898
0.281325
0.2799
0.278544
0.277279
0.276075
0.274916
0.273842
0.272873
0.272037
0.271365
0.270883
0.270604
0.270522
0.270617
0.270884
0.271331
0.27197
0.27281
0.273845
0.275047
0.276346
0.277524
0.278394
0.279054
0.298195
0.297986
0.297446
0.296602
0.295431
0.294004
0.292389
0.290659
0.288734
0.28668
0.284701
0.282861
0.281219
0.279719
0.278301
0.276997
0.275778
0.274602
0.273505
0.272523
0.271682
0.271011
0.270533
0.270259
0.270183
0.270286
0.270563
0.271017
0.271658
0.272494
0.273523
0.274718
0.276014
0.277258
0.278197
0.278869
0.299357
0.299139
0.298563
0.297657
0.296397
0.294862
0.293116
0.291255
0.289227
0.287062
0.284949
0.283021
0.281301
0.279703
0.278208
0.276848
0.275615
0.274436
0.273311
0.272305
0.271452
0.270775
0.270296
0.270025
0.269954
0.270066
0.270355
0.27082
0.27147
0.272311
0.273341
0.27454
0.275851
0.277147
0.278148
0.278865
0.300796
0.300569
0.299954
0.298982
0.297627
0.295975
0.29409
0.292068
0.289921
0.287653
0.285427
0.283404
0.28157
0.279858
0.278272
0.276835
0.275562
0.274392
0.273263
0.272227
0.27135
0.270662
0.270179
0.269909
0.269845
0.269969
0.270272
0.270754
0.271418
0.27227
0.273309
0.27452
0.275856
0.277202
0.27827
0.279049
0.302533
0.302296
0.30164
0.300597
0.299141
0.297364
0.295332
0.293139
0.290842
0.288467
0.286148
0.284008
0.28203
0.280192
0.278504
0.276975
0.275622
0.274429
0.273327
0.272292
0.271392
0.270688
0.270197
0.269928
0.269871
0.270009
0.27033
0.270832
0.271515
0.272383
0.273438
0.274667
0.276034
0.277433
0.278576
0.279431
0.304589
0.304342
0.303642
0.302526
0.300963
0.299054
0.29687
0.294505
0.292041
0.289537
0.287101
0.284817
0.282689
0.28072
0.278916
0.277283
0.275832
0.274564
0.273451
0.27245
0.271574
0.27087
0.270373
0.270102
0.270052
0.270202
0.270543
0.271067
0.271772
0.272663
0.273739
0.274993
0.276395
0.277847
0.279078
0.280023
0.306987
0.30673
0.305983
0.30479
0.303114
0.301065
0.298722
0.296184
0.293542
0.290881
0.288294
0.285849
0.283566
0.281455
0.279525
0.27778
0.276225
0.274861
0.273682
0.272678
0.271835
0.271164
0.270698
0.27045
0.270408
0.270566
0.270923
0.27147
0.272201
0.273117
0.274221
0.275507
0.276946
0.278447
0.279784
0.280842
0.30975
0.309482
0.308686
0.307411
0.305617
0.30342
0.300908
0.298186
0.295356
0.292514
0.289751
0.287131
0.284681
0.282418
0.280349
0.278481
0.276818
0.27536
0.274103
0.273049
0.272194
0.271547
0.271124
0.270923
0.270925
0.271107
0.271476
0.272045
0.272805
0.273752
0.274891
0.276217
0.2777
0.279253
0.280704
0.281888
0.312904
0.312623
0.311775
0.310414
0.308494
0.30614
0.303447
0.300528
0.297496
0.294455
0.291496
0.288685
0.286054
0.283624
0.281405
0.279404
0.277624
0.276067
0.274731
0.273618
0.272729
0.272072
0.271657
0.271488
0.271555
0.271805
0.272207
0.272796
0.273588
0.274573
0.275755
0.277129
0.278667
0.280286
0.281849
0.283159
0.316472
0.316177
0.315274
0.313823
0.311769
0.309248
0.306362
0.303234
0.299983
0.296724
0.293551
0.290531
0.287704
0.285092
0.282709
0.280562
0.278655
0.27699
0.275566
0.274387
0.273453
0.272771
0.272347
0.272185
0.272288
0.272623
0.273105
0.273729
0.274554
0.275585
0.27682
0.278254
0.279857
0.281556
0.28323
0.284668
0.320481
0.320168
0.319207
0.317662
0.315467
0.312769
0.309678
0.306324
0.302839
0.299343
0.295936
0.292691
0.289651
0.286841
0.284279
0.281972
0.279924
0.278138
0.276616
0.275358
0.274368
0.27365
0.273208
0.273043
0.273158
0.273545
0.27414
0.274853
0.275716
0.276795
0.278092
0.279597
0.28128
0.283069
0.284861
0.286433
0.324958
0.324617
0.323601
0.321959
0.319615
0.316727
0.313417
0.309824
0.306087
0.302335
0.298676
0.295186
0.291914
0.28889
0.286131
0.283648
0.281445
0.279526
0.27789
0.276542
0.275483
0.274717
0.274246
0.274071
0.274192
0.274604
0.275291
0.27614
0.277081
0.27821
0.279578
0.281169
0.282945
0.284838
0.286755
0.288469
0.329935
0.329531
0.328483
0.32674
0.324237
0.321149
0.317605
0.313756
0.309749
0.305723
0.301792
0.298037
0.294514
0.291257
0.288284
0.285608
0.283234
0.281165
0.279402
0.277949
0.276807
0.275981
0.275471
0.275278
0.275401
0.275834
0.276571
0.277555
0.278639
0.27984
0.281287
0.282977
0.284863
0.286874
0.288928
0.290793
0.335453
0.334975
0.333894
0.332035
0.329362
0.32606
0.322268
0.318146
0.313852
0.309532
0.305307
0.301267
0.297473
0.293962
0.290756
0.287868
0.285305
0.28307
0.281164
0.279591
0.278353
0.277453
0.276893
0.276674
0.276793
0.277243
0.278017
0.279095
0.280359
0.281697
0.283228
0.285029
0.287043
0.28919
0.291392
0.293421
0.341551
0.341039
0.339879
0.337875
0.335018
0.331488
0.327431
0.323018
0.318417
0.313783
0.309245
0.304899
0.300812
0.297025
0.293565
0.290446
0.287674
0.285255
0.283189
0.281481
0.280132
0.279145
0.278524
0.278268
0.278376
0.278841
0.27965
0.280792
0.282222
0.283755
0.285404
0.287334
0.289495
0.291797
0.294162
0.296371
0.348245
0.34777
0.346459
0.344285
0.341231
0.337457
0.333119
0.328398
0.323471
0.318502
0.313628
0.308953
0.304551
0.300467
0.29673
0.293358
0.290358
0.287735
0.285492
0.283631
0.282156
0.281069
0.280374
0.280072
0.280161
0.280635
0.281481
0.282686
0.284226
0.285979
0.287824
0.289897
0.292226
0.294708
0.297251
0.299664
0.355531
0.355102
0.353624
0.351285
0.348023
0.34399
0.339356
0.334309
0.329037
0.323712
0.31848
0.313454
0.308712
0.304307
0.300271
0.296623
0.293374
0.290527
0.288087
0.286056
0.284438
0.283237
0.282456
0.282096
0.282157
0.282635
0.283516
0.284784
0.286414
0.28837
0.290459
0.292714
0.295243
0.297931
0.300668
0.303324
0.363419
0.362974
0.361377
0.358891
0.355414
0.35111
0.346164
0.340774
0.335137
0.329435
0.323823
0.318421
0.313316
0.308565
0.304206
0.300259
0.296736
0.293645
0.290987
0.288768
0.286991
0.285659
0.284778
0.28435
0.284375
0.28485
0.285762
0.287095
0.288826
0.290934
0.293277
0.295785
0.29855
0.30147
0.30442
0.307365
0.371953
0.371458
0.369763
0.367128
0.363425
0.358838
0.353565
0.347814
0.341793
0.335693
0.329677
0.323876
0.318383
0.313261
0.308553
0.304282
0.300463
0.297103
0.294208
0.291781
0.289826
0.288348
0.287353
0.286844
0.286823
0.287286
0.288225
0.289623
0.291456
0.293691
0.296285
0.299106
0.302146
0.305336
0.308541
0.311801
0.381177
0.380631
0.378825
0.37602
0.372077
0.367194
0.361578
0.355449
0.349024
0.342505
0.336063
0.329838
0.323931
0.318413
0.31333
0.30871
0.30457
0.300918
0.297762
0.295106
0.292954
0.291314
0.290189
0.289587
0.289508
0.289952
0.290911
0.292372
0.294308
0.296679
0.299498
0.302643
0.306016
0.309536
0.313062
0.316655
0.391118
0.390518
0.388583
0.385589
0.381391
0.376196
0.370222
0.363697
0.356848
0.349888
0.342998
0.336325
0.329979
0.324038
0.318554
0.313558
0.30907
0.305103
0.301663
0.298756
0.296388
0.294565
0.293295
0.292585
0.292437
0.292852
0.293825
0.295345
0.297387
0.299914
0.302933
0.30639
0.310155
0.314073
0.317986
0.321949
0.401792
0.401131
0.39905
0.395849
0.391381
0.385858
0.379507
0.372569
0.365279
0.357857
0.350497
0.343352
0.336542
0.330152
0.324239
0.31884
0.31398
0.30967
0.305922
0.302741
0.300135
0.298111
0.296678
0.295844
0.295613
0.295989
0.296969
0.298542
0.30069
0.303379
0.306598
0.310366
0.314563
0.31894
0.323308
0.327675
0.413213
0.412482
0.410236
0.406811
0.402056
0.396187
0.389444
0.382075
0.374325
0.366423
0.35857
0.35093
0.343631
0.336766
0.330398
0.32457
0.319309
0.314631
0.310549
0.307071
0.304204
0.301959
0.300344
0.299368
0.29904
0.299364
0.30034
0.301959
0.304209
0.307059
0.310485
0.314575
0.319231
0.324118
0.328996
0.33379
0.425394
0.424583
0.422154
0.418483
0.413419
0.407186
0.400035
0.392219
0.383992
0.375591
0.367225
0.359068
0.351257
0.34389
0.337041
0.330756
0.325068
0.319995
0.315554
0.311752
0.308602
0.306112
0.304294
0.303159
0.302716
0.302973
0.303932
0.305588
0.307933
0.310939
0.314586
0.319017
0.324144
0.329573
0.335007
0.340283
0.438348
0.437444
0.434807
0.430863
0.425468
0.418851
0.411276
0.402998
0.394278
0.38536
0.376464
0.367769
0.359422
0.351531
0.344175
0.337407
0.331263
0.325769
0.320941
0.316791
0.313331
0.310573
0.30853
0.307215
0.306638
0.30681
0.307737
0.309417
0.311847
0.315
0.318886
0.32368
0.329279
0.33526
0.341289
0.347133
0.452077
0.451068
0.448196
0.443947
0.438189
0.431169
0.423156
0.414404
0.405176
0.395727
0.386282
0.377031
0.368128
0.35969
0.351801
0.344524
0.337899
0.331956
0.326714
0.322189
0.318394
0.315343
0.31305
0.31153
0.310797
0.310863
0.311739
0.313428
0.315927
0.31922
0.323364
0.328535
0.334592
0.341109
0.347757
0.354238
0.46658
0.465451
0.462314
0.457722
0.451559
0.444115
0.435657
0.426419
0.416672
0.406677
0.396668
0.386845
0.377367
0.368361
0.359918
0.352107
0.344975
0.338556
0.332873
0.327945
0.323787
0.320416
0.317847
0.316096
0.315181
0.315117
0.315918
0.317593
0.320143
0.323568
0.327993
0.333527
0.340004
0.347029
0.354296
0.361461
0.481847
0.480584
0.477152
0.472169
0.465563
0.457672
0.448755
0.439022
0.428741
0.418188
0.407605
0.397195
0.387126
0.377533
0.368516
0.360148
0.352485
0.345564
0.339414
0.334055
0.329506
0.325785
0.32291
0.320899
0.319773
0.319548
0.320243
0.321875
0.32445
0.328003
0.332687
0.338534
0.345397
0.352913
0.360802
0.368697
0.497857
0.496448
0.492697
0.487285
0.480202
0.471823
0.46242
0.452185
0.441356
0.430233
0.419063
0.408055
0.397384
0.387189
0.377578
0.368634
0.360417
0.352969
0.346325
0.340507
0.335538
0.331438
0.328225
0.325921
0.324548
0.324127
0.32468
0.326227
0.32879
0.332459
0.337317
0.343408
0.350623
0.358632
0.367157
0.375839
0.514574
0.513008
0.508911
0.503049
0.495461
0.486532
0.476604
0.465851
0.454475
0.442772
0.431008
0.419395
0.40811
0.397301
0.387082
0.377544
0.368751
0.360754
0.35359
0.347287
0.341868
0.337356
0.333772
0.331138
0.329479
0.328819
0.329184
0.330601
0.333119
0.336817
0.341729
0.348014
0.355546
0.364033
0.373199
0.382706
0.53194
0.530205
0.525731
0.519392
0.511269
0.501754
0.491259
0.479961
0.468048
0.455759
0.443394
0.43117
0.419266
0.407834
0.396995
0.386847
0.377461
0.368894
0.361186
0.35437
0.348473
0.343517
0.339525
0.336521
0.334531
0.333583
0.333705
0.334936
0.33735
0.34093
0.345804
0.352215
0.360003
0.368911
0.37869
0.389032
0.549872
0.547951
0.543063
0.536211
0.527534
0.517435
0.506338
0.494466
0.481998
0.469139
0.45617
0.443332
0.430805
0.418744
0.407277
0.396506
0.386512
0.377355
0.369082
0.361728
0.355322
0.349889
0.345452
0.342035
0.339666
0.338373
0.338195
0.339183
0.341329
0.344637
0.34943
0.355865
0.36379
0.373008
0.383314
0.394442
0.568258
0.566129
0.560787
0.553386
0.544149
0.533483
0.52178
0.509314
0.496264
0.482845
0.469278
0.455823
0.442672
0.429979
0.417877
0.406475
0.395859
0.386097
0.377238
0.369322
0.362379
0.356435
0.351514
0.34764
0.344837
0.343136
0.342587
0.343216
0.344921
0.347886
0.352497
0.358795
0.36667
0.376002
0.386652
0.398409
0.58696
0.584598
0.578759
0.570781
0.560987
0.549775
0.537498
0.524434
0.510802
0.496805
0.48266
0.468587
0.454807
0.44148
0.428739
0.416698
0.40545
0.395068
0.385606
0.377106
0.3696
0.363114
0.35767
0.353289
0.349995
0.347819
0.346813
0.346903
0.348065
0.350649
0.354899
0.360828
0.368387
0.377528
0.388188
0.400234
0.605803
0.603185
0.596808
0.588235
0.577894
0.566163
0.553359
0.539737
0.525543
0.510964
0.49623
0.481556
0.467147
0.453182
0.439798
0.427112
0.415224
0.40421
0.39413
0.385027
0.376933
0.369874
0.363869
0.358936
0.355092
0.35237
0.350779
0.350207
0.350784
0.352844
0.356508
0.361794
0.368698
0.377224
0.387375
0.399103
0.624568
0.621677
0.614734
0.605555
0.594694
0.582482
0.569203
0.555091
0.540374
0.525254
0.509933
0.494657
0.479624
0.465018
0.450985
0.437648
0.425112
0.413458
0.402747
0.393025
0.384323
0.376664
0.370062
0.36453
0.360076
0.356734
0.354429
0.353128
0.353055
0.354403
0.357233
0.361564
0.367404
0.374763
0.383664
0.3941
0.642981
0.639804
0.632287
0.622523
0.611192
0.598554
0.584862
0.570334
0.555168
0.539564
0.523704
0.507826
0.492173
0.476919
0.462227
0.448231
0.435041
0.422739
0.411388
0.401034
0.391706
0.383423
0.376195
0.370021
0.3649
0.360843
0.357764
0.355697
0.354845
0.355288
0.357037
0.360085
0.364398
0.369931
0.376626
0.384371
0.660689
0.657234
0.649167
0.638893
0.627181
0.614199
0.60017
0.585299
0.569757
0.553729
0.537404
0.520968
0.504693
0.4888
0.473442
0.458778
0.444926
0.431972
0.419975
0.40898
0.399015
0.390093
0.382213
0.375367
0.369531
0.364681
0.36079
0.357915
0.356154
0.355515
0.35596
0.357416
0.359759
0.362795
0.366245
0.369568
-0.321373
-0.245578
-0.170136
-0.15245
-0.145504
-0.135091
-0.12056
-0.102617
-0.0840667
-0.0676385
-0.0542703
-0.0433995
-0.0341284
-0.0262047
-0.0196599
-0.0143483
-0.0100562
-0.00643065
-0.00394438
-9.99411e-05
-0.120043
-0.158101
-0.145621
-0.145562
-0.142483
-0.132955
-0.118094
-0.100554
-0.0832509
-0.0681763
-0.0555979
-0.0450168
-0.0359426
-0.0281611
-0.0216437
-0.0162777
-0.0118549
-0.0080984
-0.00508507
-0.00118716
0.0186393
-0.0653181
-0.0917757
-0.103873
-0.109522
-0.107584
-0.0994777
-0.0881044
-0.07571
-0.0637586
-0.0529665
-0.043275
-0.0348989
-0.0277333
-0.0215993
-0.0163549
-0.0118702
-0.00802839
-0.00455998
-0.00149491
0.0527397
-0.0219443
-0.0553964
-0.0708892
-0.0810221
-0.0852041
-0.083228
-0.0770869
-0.0687166
-0.0595818
-0.0507131
-0.042327
-0.0347692
-0.0281482
-0.0223087
-0.0171129
-0.012522
-0.00851198
-0.00474856
-0.00196654
0.0688899
0.00970007
-0.0252476
-0.0452502
-0.0589771
-0.066881
-0.0687333
-0.0661058
-0.060853
-0.054322
-0.047395
-0.0404936
-0.0339447
-0.027926
-0.0224334
-0.0174322
-0.0128935
-0.00883069
-0.00491441
-0.00212709
0.0845537
0.0355789
-0.00019708
-0.0240555
-0.0406194
-0.0511559
-0.056007
-0.056407
-0.0538896
-0.049647
-0.044467
-0.0388492
-0.0331752
-0.0277094
-0.0225584
-0.0177497
-0.0132669
-0.00915882
-0.00511536
-0.00224538
0.095046
0.052515
0.0177645
-0.00773552
-0.0260719
-0.0385247
-0.0456774
-0.0484476
-0.0480731
-0.045648
-0.0418772
-0.037294
-0.0323655
-0.0274167
-0.0225982
-0.0179763
-0.0135618
-0.00943621
-0.00529258
-0.00234604
0.102034
0.063841
0.030861
0.00486781
-0.0146786
-0.0286083
-0.0374989
-0.0419919
-0.0432939
-0.042447
-0.0398604
-0.036085
-0.0317489
-0.0272449
-0.022721
-0.0182645
-0.0139165
-0.00978399
-0.00554618
-0.0024895
0.107503
0.0718233
0.0399456
0.0135992
-0.00691031
-0.0219657
-0.0322153
-0.0378125
-0.0400952
-0.0404275
-0.0387255
-0.0354882
-0.0315135
-0.0272906
-0.0229577
-0.0186088
-0.0143081
-0.0101792
-0.00590694
-0.00263913
0.11226
0.0777499
0.0462329
0.0194589
-0.00183662
-0.0177598
-0.0288198
-0.0354782
-0.0386435
-0.0393538
-0.038031
-0.0352207
-0.031567
-0.0275145
-0.0232735
-0.0189731
-0.0147092
-0.0105773
-0.00655881
-0.00303883
0.345178
0.326753
0.288784
0.113347
0.31764
0.286635
0.230281
0.107059
0.294921
0.262242
0.210548
0.142783
0.277739
0.245631
0.19917
0.140529
0.264333
0.232432
0.189391
0.135423
0.254062
0.222963
0.183637
0.136873
0.246516
0.216622
0.180609
0.139382
0.241642
0.212751
0.179121
0.141574
0.239623
0.211509
0.179444
0.144217
0.239782
0.212358
0.181347
0.147492
0.676981
0.67309
0.664573
0.653967
0.642018
0.628816
0.614555
0.599423
0.583577
0.567191
0.550457
0.533562
0.516723
0.500216
0.484211
0.468892
0.454397
0.440807
0.428181
0.416562
0.405972
0.39642
0.387897
0.380378
0.373826
0.368169
0.363444
0.359726
0.356987
0.355171
0.354183
0.353867
0.353972
0.354091
0.353612
0.351204
0.69141
0.686999
0.67827
0.667584
0.655593
0.642329
0.627954
0.612644
0.596552
0.579851
0.562745
0.545442
0.528132
0.511056
0.494442
0.478492
0.463375
0.449174
0.435942
0.423719
0.412526
0.402364
0.393215
0.385044
0.377793
0.37136
0.365785
0.361178
0.357441
0.35442
0.351957
0.349812
0.347609
0.344735
0.340243
0.332163
0.703655
0.699005
0.690396
0.679954
0.668192
0.655072
0.640719
0.62531
0.609011
0.592012
0.574538
0.556824
0.539087
0.521498
0.504309
0.487758
0.472038
0.457241
0.443416
0.430601
0.418815
0.408054
0.398292
0.389482
0.381555
0.374402
0.367971
0.362376
0.357588
0.35336
0.349424
0.345457
0.340989
0.335281
0.327188
0.314722
0.712866
0.708795
0.700707
0.690859
0.679676
0.666958
0.652782
0.637357
0.620884
0.603592
0.585741
0.567599
0.549419
0.53136
0.513648
0.496545
0.48026
0.464894
0.450501
0.437118
0.424762
0.413424
0.403071
0.39365
0.385083
0.377266
0.370075
0.363495
0.357558
0.352091
0.346754
0.341098
0.334571
0.326401
0.315447
0.300026
0.718191
0.715841
0.709006
0.700187
0.689962
0.677918
0.664074
0.648707
0.632085
0.614491
0.596244
0.577657
0.559002
0.540483
0.522294
0.504694
0.487894
0.472001
0.457077
0.443162
0.430271
0.418391
0.407485
0.397493
0.388331
0.37989
0.372041
0.364648
0.357632
0.350875
0.344126
0.33693
0.328648
0.318484
0.30538
0.287942
0.720025
0.719477
0.714933
0.707912
0.69906
0.687913
0.674517
0.659251
0.642478
0.624561
0.605892
0.586841
0.567706
0.548726
0.530093
0.512048
0.494784
0.478415
0.463012
0.448616
0.435239
0.422868
0.411461
0.400951
0.391249
0.38224
0.373788
0.365733
0.35789
0.350059
0.341981
0.333274
0.323416
0.311658
0.296998
0.278264
0.720265
0.720396
0.718444
0.714011
0.706967
0.696899
0.68402
0.668861
0.651903
0.633619
0.614495
0.594961
0.575351
0.555918
0.536871
0.518423
0.50075
0.483967
0.468148
0.453334
0.439538
0.42674
0.414898
0.40394
0.393771
0.384271
0.375293
0.366665
0.358179
0.349582
0.340524
0.33062
0.319413
0.306258
0.290357
0.270792
0.720278
0.720234
0.720129
0.718399
0.713416
0.704556
0.692267
0.677231
0.660053
0.641371
0.621807
0.601842
0.581815
0.561982
0.54257
0.523777
0.505761
0.488637
0.472477
0.45732
0.443177
0.430028
0.417827
0.4065
0.395948
0.386045
0.376638
0.367543
0.358539
0.349357
0.339654
0.329018
0.316931
0.302811
0.286044
0.265898
0.720417
0.7203
0.721077
0.721289
0.718103
0.71038
0.698739
0.683837
0.666387
0.647292
0.627328
0.606993
0.586616
0.566461
0.546758
0.527694
0.509417
0.492034
0.475617
0.460206
0.445807
0.432401
0.419938
0.408345
0.39752
0.387333
0.377627
0.368212
0.35886
0.349296
0.339182
0.328113
0.315605
0.301104
0.284012
0.263695
0.720731
0.720856
0.722082
0.723325
0.721409
0.714607
0.703913
0.689568
0.672141
0.652834
0.632585
0.611929
0.591218
0.570742
0.550739
0.53139
0.51284
0.495192
0.478518
0.462856
0.448214
0.434571
0.421878
0.41006
0.399013
0.388609
0.378687
0.369055
0.359481
0.34969
0.339349
0.328061
0.315365
0.300739
0.283625
0.263464
)
;

boundaryField
{
    inlet
    {
        type            zeroGradient;
    }
    outlet
    {
        type            fixedValue;
        value           uniform 0;
    }
    walls
    {
        type            zeroGradient;
    }
    baffle
    {
        type            zeroGradient;
    }
    frontAndBack
    {
        type            empty;
    }
}


// ************************************************************************* //
