/*--------------------------------*- C++ -*----------------------------------*\
| =========                 |                                                 |
| \\      /  F ield         | OpenFOAM: The Open Source CFD Toolbox           |
|  \\    /   O peration     | Version:  v2012                                 |
|   \\  /    A nd           | Website:  www.openfoam.com                      |
|    \\/     M anipulation  |                                                 |
\*---------------------------------------------------------------------------*/
FoamFile
{
    version     2.0;
    format      ascii;
    class       volScalarField;
    location    "2000";
    object      omega;
}
// * * * * * * * * * * * * * * * * * * * * * * * * * * * * * * * * * * * * * //

dimensions      [0 0 -1 0 0 0 0];


internalField   nonuniform List<scalar> 
6502
(
1083.93
139.142
54.4543
45.6785
44.6227
44.6219
45.6745
54.4379
139.078
1083.93
1081.2
204.185
67.7974
45.5978
42.0924
42.0875
45.5743
67.7144
203.992
1081.2
1079.76
234.617
79.5498
46.737
40.3791
40.3643
46.6727
79.3606
234.27
1079.77
1078.87
247.447
88.2839
48.2859
39.2726
39.2398
48.1565
87.9516
246.906
1078.88
1078.27
250.053
93.7478
49.7288
38.5648
38.5044
49.509
93.2413
249.295
1078.28
1077.87
245.958
96.2018
50.7209
38.0718
37.9741
50.3901
95.4964
244.951
1077.89
1077.62
238.659
96.2488
51.155
37.6622
37.516
50.6867
95.3162
237.312
1077.63
1077.45
230.642
94.7934
51.124
37.2696
37.0617
50.4832
93.5584
228.791
1077.47
1077.34
223.62
92.6817
50.7515
36.8633
36.5792
49.902
91.0577
221.102
1077.37
1077.26
217.737
90.3752
50.1592
36.4328
36.0559
49.0526
88.2763
214.548
1077.3
1077.21
213.093
88.1708
49.4507
35.98
35.4901
48.0285
85.4473
208.927
1077.25
1077.17
209.824
86.2872
48.7042
35.5192
34.8872
46.8875
82.7155
204.265
1077.23
1077.13
207.675
84.8025
48.0091
35.0701
34.2715
45.6486
80.1175
200.325
1077.21
1077.11
206.517
83.8117
47.4353
34.6503
33.6646
44.3296
77.6319
196.938
1077.2
1077.08
206.178
83.3455
47.03
34.2804
33.0759
43.0741
75.306
194.927
1077.2
1077.05
206.473
83.2995
46.8265
33.981
32.5167
41.9065
73.3553
193.293
1077.21
1077.02
207.309
83.6982
46.868
33.7738
31.9982
40.8102
71.6161
191.721
1077.22
1077
208.565
84.5402
47.1863
33.6953
31.5338
39.764
69.9311
189.941
1077.25
1076.96
210.148
85.8169
47.8186
33.7796
31.1401
38.7473
68.1501
187.634
1077.3
1076.93
211.918
87.4827
48.7769
34.0645
30.835
37.7386
66.0738
183.684
1077.34
1076.9
213.61
89.4543
50.0748
34.5737
30.6381
36.6598
62.3554
150.508
423.617
1076.87
214.955
91.581
51.6791
35.3327
30.5792
35.5329
57.7918
121.226
228.043
1076.84
215.84
93.7019
53.5284
36.3469
30.6804
34.416
53.0637
98.9093
149.122
1076.81
216.177
95.6541
55.538
37.5955
30.962
33.3755
48.5119
81.655
108.818
1076.79
215.935
97.3003
57.6177
39.0599
31.4448
32.4743
44.2564
68.445
85.5317
1076.77
215.149
98.5317
59.6709
40.708
32.1398
31.7725
40.5063
58.3624
70.5892
1076.75
213.858
99.2533
61.5908
42.4917
33.0521
31.3171
37.4205
50.6004
60.129
1076.74
212.103
99.3781
63.2596
44.347
34.2081
31.1546
34.9723
44.5867
52.3111
1076.73
209.933
98.8322
64.5502
46.1786
35.5559
31.3077
33.1336
39.9222
46.2109
1076.72
207.423
97.57
65.3357
47.8772
37.0404
31.7771
31.8687
36.3446
41.3321
1076.72
204.646
95.5866
65.4963
49.3165
38.5856
32.5351
31.1397
33.6651
37.4119
1076.72
201.957
92.97
64.9366
50.3571
40.0889
33.5273
30.8986
31.7778
34.311
1076.72
199.348
89.8118
63.5884
50.8535
41.4218
34.6704
31.0847
30.5809
31.9494
1076.72
196.551
86.1891
61.4197
50.6641
42.4318
35.8474
31.6102
29.9791
30.2578
1076.72
193.579
82.2293
58.4622
49.6717
42.9522
36.9119
32.3604
29.8719
29.1848
1076.72
190.646
78.1656
54.8539
47.8177
42.8205
37.6944
33.1918
30.1431
28.6525
1076.72
189.304
74.7763
50.9406
45.1499
41.9061
38.0151
33.9338
30.6502
28.5662
1076.72
188.432
71.9324
46.9641
41.7882
40.1296
37.7015
34.3961
31.2246
28.8031
1076.72
186.641
69.0223
43.024
37.9169
37.4943
36.6126
34.383
31.672
29.2088
1076.72
186.057
66.811
39.4759
33.8476
34.1307
34.6708
33.7159
31.7812
29.5937
1076.72
185.9
65.4384
36.5533
29.9161
30.2825
31.8851
32.2633
31.3446
29.7408
1076.72
185.773
64.3239
34.178
26.3584
26.2483
28.3152
29.9477
30.1816
29.4211
1076.72
185.507
63.7407
32.4837
23.3337
22.3399
24.1543
26.6718
28.148
28.4161
1076.72
185.433
63.4745
31.4211
21.1103
18.9652
20.179
22.7968
25.3087
26.6243
1076.72
185.396
63.2696
30.8479
19.6403
16.2534
16.6823
18.966
21.7303
24.0101
1076.72
185.378
63.1539
30.5309
18.7126
14.448
13.887
15.4994
18.079
20.7141
1076.72
185.465
63.1567
30.3535
18.1533
13.2752
11.8628
12.6183
14.6766
17.2392
1076.72
185.537
63.157
30.2233
17.7955
12.5181
10.503
10.3764
11.7761
13.9441
1076.72
185.533
63.0808
30.0602
17.5441
12.0459
9.69347
9.06049
9.6074
11.1734
1076.72
185.44
62.905
29.8315
17.3178
11.7914
9.29862
8.37693
8.38748
9.20804
1076.72
185.141
62.598
29.5323
17.108
11.7136
9.2974
8.29667
8.06134
8.32349
1076.72
184.214
62.1668
29.2231
16.999
11.8565
9.65791
8.76262
8.46441
8.48271
1076.72
184.706
61.9314
29.0347
17.1092
12.3371
10.4535
9.76633
9.54147
9.48137
1076.72
184.5
61.7021
29.0664
17.6058
13.3257
11.8405
11.4222
11.3529
11.3329
1076.72
184.364
61.7155
29.5866
18.8135
15.1588
14.139
14.0421
14.1861
14.3002
1076.72
184.437
62.302
31.1982
21.4989
18.6469
18.1543
18.418
18.8398
19.1821
1076.72
184.974
64.5799
35.856
27.983
26.1786
26.249
26.8784
27.6213
28.293
1076.72
187.986
74.6462
51.8685
47.068
46.5093
47.0566
47.9399
48.9388
49.9473
1076.72
219.238
135.891
125.51
124.42
124.741
125.365
126.137
127.047
128.065
1076.72
705.603
705.603
705.603
705.603
705.603
705.603
705.603
705.604
705.604
677.333
677.288
677.282
677.277
677.273
677.271
677.27
677.269
677.269
677.269
677.269
677.269
677.268
677.268
677.268
677.268
677.268
677.268
677.268
677.268
677.268
677.268
677.268
677.268
935.153
206.206
130.576
113.387
109.537
108.854
109.083
109.672
110.918
114.179
114.854
115.148
115.354
115.526
115.689
115.861
116.044
116.234
116.453
116.725
117.263
118.05
120.589
134.695
233.402
1193.04
116.467
64.583
44.3814
38.1976
36.1341
35.6536
35.813
36.2966
36.982
37.3875
37.6651
37.887
38.0865
38.2865
38.5054
38.7566
39.0554
39.4384
40.0053
41.0877
43.6415
51.1314
78.3726
201.067
1193.04
85.5833
49.1645
28.8249
20.9941
17.8512
16.709
16.4288
16.5199
16.7527
16.9854
17.1959
17.3906
17.5826
17.7878
18.0251
18.3188
18.7091
19.2812
20.2416
22.1398
26.4855
37.5855
70.8747
201.761
1193.04
70.6835
44.7046
25.0616
15.9442
12.1185
10.4897
9.90182
9.78568
9.87385
10.0391
10.2317
10.4365
10.654
10.8933
11.1724
11.524
12.0109
12.7635
14.0673
16.5862
21.9673
34.7715
70.3708
205.457
1193.04
61.7567
43.1084
25.4316
15.2703
10.5165
8.45716
7.65252
7.43866
7.49775
7.68196
7.92632
8.20391
8.50622
8.83581
9.20694
9.65317
10.246
11.1358
12.6409
15.4625
21.2598
34.5097
70.4533
205.776
1193.04
55.4882
42.2276
27.4368
16.3283
10.7164
8.11181
7.08267
6.82257
6.90495
7.1572
7.49788
7.89109
8.322
8.78799
9.29816
9.88057
10.601
11.6055
13.2093
16.1099
21.9545
35.1877
70.9926
205.899
1193.04
50.5135
41.4238
29.4854
18.5877
11.8728
8.61245
7.26517
6.92963
7.04185
7.37287
7.82038
8.34015
8.91397
9.53792
10.2185
10.9775
11.8669
13.0151
14.7123
17.6243
23.371
36.3885
71.8813
206.401
1193.04
46.2575
40.4146
31.1477
21.4027
13.6056
9.60088
7.83525
7.32137
7.4506
7.84479
8.38332
9.01467
9.7184
10.4978
11.3674
12.3333
13.4413
14.8041
16.6751
19.6652
25.3333
38.0799
73.1306
207.069
1193.04
42.4656
39.0932
32.2719
23.9445
16.1412
11.0153
8.64733
7.87293
7.94504
8.34964
8.94022
9.65511
10.4687
11.3905
12.4237
13.5961
14.9608
16.6172
18.7869
22.0145
27.7603
40.329
74.9469
208.378
1193.04
39.0462
37.4602
32.7928
26.0811
18.9067
12.9392
9.67978
8.45248
8.35436
8.728
9.34132
10.1023
10.9921
12.0049
13.1713
14.5309
16.1586
18.1565
20.738
24.3947
30.4662
43.0687
77.2311
209.563
1193.04
35.9915
35.5878
32.6999
27.6564
21.447
15.4864
11.0793
9.12327
8.63638
8.90367
9.50503
10.2938
11.2128
12.2685
13.5055
14.9916
16.8455
19.1744
22.2179
26.456
33.1312
46.1274
80.0975
211.238
1193.04
33.3394
33.5928
32.0567
28.5821
23.5838
18.054
13.2303
10.1444
9.01343
8.98263
9.45963
10.1944
11.0971
12.1534
13.404
14.9565
16.9306
19.5141
22.979
27.8503
35.3382
49.1334
83.4384
213.856
1193.04
31.1399
31.6207
30.991
28.8417
25.1522
20.4326
15.657
11.8947
9.7161
9.08917
9.29175
9.86203
10.6558
11.6491
12.8522
14.3758
16.3907
19.1283
22.8965
28.3315
36.6946
51.5825
86.7417
216.814
1193.04
29.4385
29.8159
29.6741
28.5144
26.0514
22.3801
18.0852
14.077
11.145
9.5939
9.22481
9.46604
10.032
10.8468
11.9523
13.3745
15.3185
18.0523
21.9885
27.8262
36.9664
53.0524
89.4935
219.744
1193.04
28.2484
28.3038
28.2964
27.7549
26.2871
23.7126
20.2279
16.439
13.1125
10.7968
9.59947
9.28276
9.47957
10.0073
10.8735
12.141
13.9224
16.5286
20.4307
26.4368
36.1261
53.3146
91.2629
222.296
1193.04
27.5546
27.1729
27.0382
26.7676
25.9772
24.3591
21.8292
18.647
15.3725
12.6061
10.6976
9.65896
9.32151
9.41865
9.92175
10.9048
12.4257
14.7693
18.4521
24.378
34.3173
52.3774
91.846
224.195
1193.05
27.2984
26.4592
26.0369
25.761
25.3185
24.3912
22.7503
20.385
17.5668
14.768
12.4308
10.7791
9.81425
9.43096
9.45409
9.92792
11.1007
13.0496
16.33
21.9223
31.8068
50.4409
91.3002
225.115
1193.05
27.3888
26.1472
25.3776
24.9116
24.5353
23.9899
23.0184
21.4587
19.3396
16.9026
14.5196
12.5112
11.0405
10.1273
9.72866
9.74335
10.2967
11.6704
14.3776
19.358
28.873
47.7995
89.9747
225.168
1193.06
27.6893
26.174
25.0795
24.3405
23.8365
23.394
22.8026
21.8622
20.4589
18.6298
16.5651
14.5453
12.8105
11.4996
10.6679
10.3074
10.3907
11.1287
12.9447
16.9903
25.7072
44.6925
88.5603
225.916
1193.07
28.0209
26.4228
25.0999
24.0912
23.365
22.8316
22.3524
21.7624
20.9078
19.7037
18.1803
16.4778
14.7879
13.3118
12.1885
11.5057
11.223
11.439
12.5685
15.4194
22.5483
41.1973
87.568
229.014
1193.09
28.1647
26.7248
25.3378
24.1483
23.1848
22.4663
21.9118
21.4199
20.8632
20.1227
19.1345
17.9186
16.5768
15.2511
14.0681
13.182
12.6173
12.4779
12.983
14.9465
20.4289
36.9685
86.7626
236.867
1193.13
27.8744
26.8537
25.6244
24.3969
23.2944
22.3708
21.6521
21.0838
20.5925
20.0815
19.4632
18.6905
17.7763
16.7941
15.8359
14.9691
14.2844
13.9083
14.0212
15.1445
19.0348
31.8275
81.6028
243.033
1193.19
26.9478
26.5692
25.7337
24.6716
23.5685
22.5393
21.6534
20.9321
20.3525
19.8641
19.3979
18.8936
18.3181
17.6825
17.0323
16.3902
15.7966
15.3665
15.259
15.7756
17.9335
25.2396
51.5876
119.909
278.659
25.2399
25.6531
25.424
24.753
23.8402
22.8481
21.8867
21.033
20.3161
19.7207
19.2297
18.801
18.394
17.9886
17.593
17.2107
16.8281
16.4998
16.3324
16.4916
17.3254
19.9749
27.4681
45.3486
75.923
22.74
23.9665
24.4739
24.3888
23.8762
23.1064
22.2213
21.3255
20.5049
19.7801
19.1742
18.6771
18.2713
17.9354
17.6594
17.4381
17.2449
17.0728
16.9697
17.0195
17.356
18.2279
20.2547
24.6854
31.8479
19.6172
21.5182
22.7577
23.3623
23.4219
23.0681
22.4428
21.665
20.8461
20.057
19.3388
18.7305
18.217
17.8112
17.5085
17.3037
17.1786
17.1033
17.0756
17.1264
17.3106
17.7125
18.4647
19.7144
21.4074
16.2985
18.5011
20.3134
21.5732
22.2772
22.484
22.2949
21.8185
21.165
20.4327
19.6892
18.9943
18.3724
17.8552
17.4268
17.1151
16.9178
16.818
16.7901
16.8299
16.9512
17.1804
17.5564
18.1154
18.8433
13.1881
15.3379
17.3798
19.1094
20.3879
21.1911
21.5478
21.5257
21.2104
20.6966
20.0664
19.3932
18.7284
18.1156
17.5735
17.1321
16.7813
16.5384
16.3989
16.3469
16.3756
16.485
16.6818
16.9723
17.3492
10.6766
12.4728
14.4061
16.2749
17.9191
19.2109
20.1022
20.5989
20.742
20.5964
20.2351
19.7312
19.1479
18.539
17.9456
17.3916
16.9199
16.5336
16.2302
16.0036
15.8699
15.8184
15.8455
15.9474
16.1143
9.10205
10.3352
11.8724
13.5566
15.2336
16.7767
18.0733
19.0367
19.6561
19.9553
19.9785
19.7811
19.4207
18.9519
18.4255
17.8768
17.343
16.8409
16.3994
16.033
15.7412
15.5083
15.3334
15.2342
15.1978
8.75385
9.29099
10.2293
11.4599
12.866
14.3316
15.7623
17.0685
18.0838
18.8008
19.235
19.4153
19.3806
19.1738
18.8401
18.4197
17.9484
17.4564
16.9684
16.5063
16.0678
15.687
15.3651
15.0997
14.879
9.49841
9.61352
9.90879
10.4655
11.3446
12.459
13.7118
15.0355
16.2849
17.3165
18.1082
18.659
18.983
19.1045
19.0539
18.8648
18.5694
18.1985
17.7775
17.3308
16.8738
16.4246
15.9965
15.5871
15.2154
11.2679
11.1599
11.048
11.0092
11.1945
11.7416
12.563
13.5719
14.6618
15.7233
16.6818
17.4896
18.121
18.568
18.8365
18.9426
18.9076
18.7556
18.51
18.1938
17.8281
17.4284
17.0107
16.587
16.17
14.2767
14.1089
13.8077
13.414
13.0082
12.6958
12.7767
13.2123
13.8839
14.6873
15.5346
16.3575
17.1039
17.7381
18.2405
18.6048
18.8341
18.9377
18.9293
18.8242
18.6397
18.3915
18.0943
17.7624
17.4091
19.3345
19.2637
18.9537
18.3999
17.6408
16.7686
15.8888
15.2716
15.1401
15.3646
15.8023
16.3512
16.9372
17.5098
18.0342
18.4871
18.855
19.1307
19.3123
19.4034
19.4121
19.3491
19.2248
19.05
18.8363
28.7788
29.0081
28.9304
28.4903
27.6515
26.4725
25.0732
23.4983
21.8873
20.9356
20.4988
20.3797
20.4402
20.6045
20.8196
21.0554
21.2947
21.5169
21.7035
21.8461
21.9432
21.9975
22.0124
21.9919
21.9423
50.8626
51.5958
52.0808
52.1933
51.7615
50.7203
49.2324
47.3538
44.9873
42.2819
40.2802
39.0743
38.1317
37.4547
36.9185
36.4865
36.2076
36.0343
35.92
35.8489
35.8191
35.8324
35.8849
35.9688
36.0818
129.128
130.181
131.221
132.163
132.664
132.37
131.526
130.304
128.437
126.188
123.988
121.322
118.617
117.244
116.039
114.953
114.065
113.417
112.861
112.414
112.102
111.962
111.982
112.114
112.356
705.604
705.605
705.606
705.608
705.61
705.613
705.615
705.618
705.621
705.624
705.626
705.627
705.628
705.627
705.625
705.623
705.619
705.615
705.612
705.61
705.61
705.613
705.619
705.626
705.634
705.69
705.655
705.637
108.459
111.481
104.346
38.4259
40.4286
38.5124
23.1342
24.3424
24.6151
19.5817
20.2534
20.7155
17.7425
18.1491
18.5242
16.3097
16.5353
16.7755
15.2116
15.2639
15.3469
14.7149
14.5809
14.4845
14.9272
14.6742
14.4466
15.8125
15.4724
15.1426
17.0834
16.7551
16.4258
18.6209
18.3894
18.1449
21.8798
21.8044
21.7196
36.2108
36.3611
36.5357
112.673
113.057
113.508
705.644
705.654
705.665
912.285
677.268
677.268
677.268
677.268
677.268
677.268
677.268
677.268
677.268
677.268
677.268
677.268
677.268
677.268
677.268
677.268
677.268
677.268
677.268
677.268
677.268
677.268
677.268
677.268
677.268
677.268
677.268
677.268
677.268
677.268
677.268
677.268
677.268
677.268
677.268
677.268
677.268
677.268
677.268
677.268
677.268
677.268
677.269
677.269
677.269
677.269
677.269
677.269
677.27
677.27
677.271
677.272
677.273
677.274
677.276
677.277
677.278
677.28
677.281
677.282
677.282
677.282
677.282
677.281
677.28
677.278
677.276
677.274
677.272
677.271
677.27
677.269
677.269
677.269
677.268
677.268
677.268
677.268
912.285
1147.3
226.916
132.866
119.556
117.313
116.842
116.689
116.546
116.297
116.297
116.543
116.65
116.657
116.432
114.594
112.913
112.375
112.209
112.153
112.133
112.128
112.127
112.129
112.134
112.146
112.166
112.228
112.44
113.392
116.369
116.851
116.939
116.952
117.006
117.157
117.298
117.391
117.564
117.83
118.127
118.417
118.732
119.121
119.559
120.036
120.544
121.071
121.601
122.114
122.589
122.993
123.272
123.276
122.423
120.699
119.629
118.878
118.163
117.422
116.745
116.402
116.659
115.839
115.092
114.373
113.703
113.117
112.647
112.328
112.189
112.255
112.539
113.038
113.739
114.645
115.947
118.957
132.992
227.161
1147.3
1147.3
200.354
77.2578
50.2544
43.0146
40.8289
40.0972
39.826
39.6794
39.6094
39.6177
39.6308
39.6198
39.5325
39.2281
38.9276
38.7869
38.7368
38.7246
38.728
38.738
38.7494
38.7607
38.7723
38.7922
38.8344
38.8926
39.0034
39.2762
39.7962
40.0516
40.1886
40.3032
40.4513
40.6536
40.8836
41.1361
41.4523
41.8389
42.2786
42.7602
43.2867
43.8631
44.4759
45.1075
45.7365
46.3376
46.8826
47.3403
47.6775
47.8575
47.8385
47.5708
47.0088
46.2171
45.3502
44.3825
43.2944
42.1059
40.8642
39.633
38.4755
37.655
36.9385
36.3054
35.7707
35.3546
35.0766
34.956
35.0109
35.2601
35.7263
36.447
37.5098
39.1732
42.3205
50.3133
77.5233
200.339
1147.3
1147.3
198.344
69.4497
36.79
25.9564
21.8635
20.1827
19.4481
19.1051
18.9369
18.8592
18.8228
18.7984
18.7616
18.6906
18.6197
18.5804
18.568
18.5716
18.5844
18.6022
18.6212
18.6406
18.6698
18.7122
18.7686
18.8387
18.9368
19.0882
19.2955
19.4827
19.6572
19.8461
20.0701
20.3406
20.6571
21.0215
21.4443
21.9264
22.4594
23.0328
23.6356
24.2535
24.865
25.4444
25.9635
26.3933
26.7057
26.8748
26.8785
26.6996
26.3282
25.7642
25.0229
24.1419
23.1635
22.1137
21.0271
19.9515
18.9438
18.068
17.428
16.9928
16.675
16.4641
16.3634
16.3784
16.5144
16.7768
17.1735
17.7189
18.4459
19.4314
20.8632
23.2229
27.8411
38.8113
70.9992
198.937
1147.3
1147.3
198.146
68.1388
33.692
21.1629
15.8214
13.3303
12.0986
11.4634
11.1257
10.9438
10.8451
10.7895
10.7535
10.7242
10.7033
10.6951
10.699
10.7122
10.7321
10.7566
10.7842
10.8213
10.8687
10.9279
11.0005
11.089
11.2
11.342
11.5163
11.7123
11.9296
12.1787
12.4697
12.8092
13.1991
13.6397
14.13
14.6633
15.2272
15.8049
16.3764
16.9188
17.4061
17.8121
18.1117
18.2832
18.3098
18.1806
17.8918
17.4478
16.8614
16.1543
15.3566
14.5063
13.6425
12.8031
12.0279
11.3578
10.8292
10.4685
10.3025
10.2554
10.3092
10.4626
10.7181
11.0801
11.5542
12.1469
12.8682
13.736
14.7885
16.1147
17.9301
20.7758
26.084
38.0331
71.3126
199.715
1147.3
1147.3
198.114
67.8633
32.8722
19.6533
13.6603
10.6473
9.03336
8.13257
7.61602
7.3152
7.13898
7.03598
6.97627
6.94276
6.92719
6.92564
6.93532
6.95388
6.97955
7.01084
7.05286
7.10533
7.16919
7.24611
7.33848
7.44952
7.58429
7.74823
7.94299
8.16969
8.43113
8.73249
9.07844
9.47116
9.90934
10.3882
10.8992
11.4288
11.9591
12.4689
12.9347
13.3329
13.6406
13.8379
13.9098
13.8467
13.6462
13.3129
12.8588
12.3031
11.6715
10.9946
10.3063
9.64101
9.03097
8.50321
8.07796
7.77278
7.59685
7.55206
7.62595
7.78752
8.03546
8.37424
8.81185
9.35898
10.0287
10.8369
11.8033
12.9553
14.3385
16.043
18.2758
21.5535
27.2618
39.4983
72.8163
200.816
1147.3
1147.3
198.087
67.7669
32.597
19.103
12.7985
9.49116
7.6288
6.53245
5.86906
5.46163
5.21044
5.05688
4.96546
4.91448
4.89088
4.88673
4.89704
4.91854
4.94906
4.9916
5.04607
5.11277
5.19286
5.28847
5.40285
5.53887
5.70049
5.89209
6.11704
6.37812
6.67797
7.0188
7.40118
7.82277
8.27761
8.75573
9.24317
9.7222
10.1723
10.5718
10.8992
11.1356
11.2656
11.2789
11.1715
10.9457
10.6108
10.1822
9.68116
9.13326
8.5669
8.01113
7.49333
7.03696
6.65993
6.373
6.18043
6.08283
6.07737
6.15895
6.31993
6.55226
6.86126
7.25751
7.75513
8.37209
9.13043
10.057
11.185
12.5566
14.232
16.3107
18.9942
22.7638
28.9209
41.4205
74.6434
202.036
1147.3
1147.3
198.033
67.6855
32.4481
18.8384
12.3861
8.92212
6.91257
5.68905
4.92221
4.43451
4.12355
3.92738
3.80718
3.73818
3.70446
3.69581
3.70561
3.7297
3.7681
3.82058
3.88679
3.96755
4.06383
4.17797
4.31295
4.47203
4.65886
4.87702
5.12954
5.41857
5.74512
6.10848
6.5055
6.92977
7.37127
7.81633
8.2482
8.64794
8.99591
9.27336
9.46417
9.55625
9.54261
9.42212
9.19969
8.88613
8.49765
8.05483
7.58127
7.10184
6.64062
6.21885
5.85325
5.555
5.32946
5.17696
5.09469
5.07871
5.12511
5.23302
5.40057
5.62966
5.92967
6.31463
6.80303
7.41859
8.19126
9.15875
10.3686
11.8818
13.7803
16.1864
19.3158
23.6368
30.3796
43.3357
76.6362
203.469
1147.3
1147.3
197.94
67.5761
32.3106
18.6477
12.1231
8.57747
6.48607
5.18745
4.35638
3.81678
3.46601
3.24081
3.10068
3.0191
2.97851
2.96743
2.97828
3.00776
3.05423
3.1162
3.19344
3.28673
3.39755
3.52816
3.68132
3.86007
4.06747
4.30623
4.57827
4.8842
5.22288
5.59086
5.98186
6.38643
6.79196
7.18312
7.54283
7.85352
8.09866
8.26429
8.34036
8.32159
8.20808
8.00538
7.72422
7.37983
6.99097
6.57852
6.16384
5.76689
5.40457
5.08934
4.8287
4.62536
4.4782
4.3838
4.33819
4.33824
4.38263
4.47669
4.61831
4.81337
5.07274
5.41171
5.85086
6.41744
7.14736
8.0878
9.3005
10.8667
12.8957
15.5433
19.0602
23.935
31.3658
44.9994
78.6595
205.111
1147.3
1147.3
197.796
67.4325
32.1548
18.4635
11.901
8.3138
6.18039
4.84274
3.978
3.41129
3.04004
2.80045
2.65113
2.5646
2.52248
2.51254
2.52778
2.56397
2.61808
2.68872
2.77575
2.87999
3.003
3.14691
3.31415
3.50726
3.7285
3.97953
4.26085
4.57139
4.90796
5.26485
5.6336
6.003
6.35948
6.68787
6.9725
7.19865
7.35383
7.42904
7.41962
7.32569
7.1522
6.90874
6.6088
6.26881
5.90692
5.54151
5.18956
4.86519
4.57858
4.3356
4.13804
3.98459
3.8721
3.79703
3.75659
3.74966
3.77731
3.84547
3.95321
4.10628
4.31476
4.59312
4.96153
5.44795
6.09117
6.94486
8.08291
9.60655
11.6552
14.4263
18.2226
23.5847
31.7286
46.2077
80.524
206.841
1147.3
1147.3
197.793
67.3407
32.0099
18.2861
11.697
8.08468
5.92948
4.57433
3.69675
3.12161
2.74574
2.50458
2.35602
2.27204
2.23376
2.22957
2.25163
2.29477
2.35608
2.43432
2.52942
2.64224
2.77425
2.9273
3.10343
3.30451
3.53194
3.78623
4.06661
4.37057
4.69337
5.02771
5.36388
5.69019
5.99341
6.2597
6.47581
6.63024
6.71445
6.72363
6.6572
6.51887
6.31622
6.06041
5.76587
5.44812
5.12306
4.80552
4.508
4.23968
4.00601
3.80895
3.64769
3.51973
3.42206
3.35214
3.30864
3.29191
3.30412
3.34967
3.42791
3.54328
3.70391
3.92188
4.2147
4.60789
5.13887
5.86268
6.85997
8.24795
10.1956
12.9475
16.8729
22.5932
31.3933
46.8045
82.0468
208.551
1147.3
1147.3
197.769
67.2402
31.8542
18.0944
11.4819
7.85542
5.69356
4.33789
3.46444
2.89654
2.52962
2.29797
2.15878
2.08397
2.05505
2.05937
2.08894
2.13888
2.20652
2.29079
2.39172
2.51014
2.64734
2.80488
2.98429
3.18677
3.41284
3.66201
3.9324
4.22086
4.52212
4.82762
5.12676
5.40846
5.6608
5.87188
6.03103
6.12985
6.163
6.12875
6.02918
5.87001
5.65951
5.40823
5.13181
4.84311
4.55533
4.27998
4.02593
3.79894
3.60171
3.43435
3.29528
3.18214
3.09268
3.02544
2.98012
2.95779
2.96097
2.99168
3.04932
3.13689
3.26021
3.42827
3.6546
3.95984
4.37596
4.95306
5.76993
6.94981
8.68317
11.2607
15.1295
21.0209
30.3429
46.6865
83.0758
210.166
1147.31
1147.3
197.79
67.1205
31.6688
17.8724
11.2417
7.61093
5.45551
4.11376
3.25877
2.71119
2.36439
2.15147
2.02904
1.96844
1.95097
1.96452
2.00149
2.05742
2.12995
2.2182
2.32231
2.44301
2.58146
2.73885
2.91623
3.11419
3.33249
3.56971
3.82348
4.0909
4.36641
4.64075
4.90285
5.14285
5.35058
5.51628
5.63169
5.69089
5.6908
5.63154
5.51656
5.35336
5.14746
4.91197
4.65901
4.40028
4.14641
3.90627
3.6862
3.48994
3.31878
3.17225
3.04882
2.94665
2.86427
2.80096
2.757
2.73372
2.73408
2.75747
2.80347
2.87396
2.97272
3.10574
3.28241
3.5176
3.83554
4.27654
4.90864
5.84716
7.28621
9.54689
13.1536
18.9732
28.5989
45.7819
83.4797
211.622
1147.31
1147.3
197.584
66.9177
31.4312
17.6087
10.9684
7.34435
5.20865
3.89543
3.07274
2.55714
2.23934
2.05106
1.94856
1.90358
1.89801
1.92041
1.96383
2.0243
2.09982
2.18973
2.29423
2.41401
2.55001
2.70316
2.87413
3.06304
3.26922
3.49092
3.72526
3.9689
4.21637
4.45885
4.6861
4.88958
5.06069
5.19156
5.27588
5.30948
5.29067
5.22045
5.10284
4.94621
4.75434
4.53924
4.31159
4.08135
3.85724
3.64625
3.45317
3.28062
3.1294
2.99903
2.8883
2.79593
2.72099
2.66323
2.62325
2.60256
2.60395
2.62548
2.66689
2.72923
2.81471
2.92698
3.07186
3.25899
3.50484
3.83831
4.31146
5.01969
6.13853
7.98703
11.1402
16.6064
26.2183
44.0273
83.1013
212.748
1147.31
1147.3
197.421
66.6834
31.1511
17.3065
10.6672
7.06359
4.96201
3.68974
2.90903
2.43221
2.14762
1.98617
1.90436
1.87475
1.88018
1.91014
1.95841
2.02158
2.09803
2.1873
2.28963
2.40566
2.53617
2.68187
2.84316
3.01989
3.21118
3.41517
3.62895
3.84843
4.0679
4.27996
4.47644
4.64968
4.79244
4.89837
4.96252
4.98186
4.95553
4.88505
4.77419
4.62943
4.45644
4.26426
4.06205
3.85831
3.6604
3.47406
3.30316
3.14983
3.01482
2.89809
2.79875
2.71587
2.6489
2.59786
2.56362
2.54802
2.55251
2.57574
2.61742
2.67805
2.75871
2.86131
2.98908
3.1477
3.34735
3.60681
3.96181
4.48277
5.31108
6.72438
9.2911
14.1214
23.3192
41.3768
81.7122
213.241
1147.32
1147.3
197.24
66.4139
30.8323
16.9717
10.345
6.7754
4.72076
3.49986
2.76829
2.33428
2.08449
1.9498
1.88767
1.87192
1.88661
1.9223
1.97357
2.03758
2.11305
2.19968
2.29776
2.40786
2.53062
2.66661
2.81606
2.97867
3.15342
3.33844
3.53079
3.72643
3.92004
4.10586
4.27667
4.42611
4.54808
4.63732
4.68981
4.70316
4.67692
4.61265
4.51378
4.38549
4.23347
4.065
3.88758
3.70866
3.53457
3.37011
3.21858
3.08163
2.96009
2.85601
2.76787
2.69487
2.63668
2.59355
2.56652
2.55768
2.56727
2.5948
2.64018
2.70348
2.78498
2.88535
3.00609
3.15029
3.32392
3.53836
3.816
4.20391
4.80879
5.83722
7.78539
11.7666
20.1121
37.8712
79.1494
212.897
1147.33
1147.3
197.028
66.1012
30.4719
16.606
10.0068
6.48644
4.49128
3.3303
2.65244
2.2627
2.04713
1.93761
1.89317
1.88923
1.91125
1.95083
2.00338
2.06662
2.13959
2.22216
2.31458
2.41728
2.53079
2.65564
2.79199
2.93943
3.09691
3.26265
3.43397
3.60726
3.77803
3.9412
4.09111
4.22228
4.32949
4.40823
4.45508
4.46802
4.44667
4.39238
4.30801
4.19777
4.06711
3.92175
3.76661
3.61049
3.45933
3.31629
3.184
3.0642
2.95797
2.86621
2.78871
2.72521
2.67571
2.64074
2.62162
2.6206
2.6373
2.67186
2.72425
2.79405
2.88076
2.98408
3.10441
3.24348
3.40506
3.59645
3.83192
4.14141
4.59093
5.33056
6.73368
9.79807
16.8851
33.6561
75.3879
211.77
1147.34
1147.3
196.77
65.7332
30.0645
16.2106
9.65849
6.20445
4.28072
3.1862
2.56428
2.21833
2.03524
1.94882
1.92014
1.9264
1.95435
1.9964
2.04884
2.11012
2.17966
2.25746
2.34385
2.43852
2.54177
2.65448
2.77698
2.90872
3.04854
3.19503
3.34603
3.49853
3.64879
3.79255
3.92519
4.04203
4.13855
4.21081
4.25576
4.27148
4.25746
4.21458
4.14484
4.05061
3.93995
3.81708
3.68676
3.55492
3.42628
3.30403
3.19053
3.08744
2.99593
2.91681
2.85046
2.79715
2.75736
2.73213
2.72372
2.7332
2.76066
2.80607
2.86876
2.94822
3.04341
3.15312
3.27653
3.4144
3.57003
3.74858
3.95938
4.22225
4.58225
5.14779
6.19529
8.46658
14.0274
28.98
70.1852
209.12
1147.35
1147.3
196.437
65.2855
29.5972
15.784
9.30589
5.93794
4.09728
3.07417
2.50888
2.20539
2.05302
1.98833
1.97473
1.99086
2.02497
2.07092
2.12516
2.18589
2.25234
2.32456
2.40283
2.48748
2.57913
2.67845
2.78705
2.90348
3.02507
3.15188
3.28275
3.41537
3.54619
3.67192
3.78886
3.89308
3.98068
4.04816
4.09264
4.11205
4.10521
4.0725
4.01685
3.94129
3.85095
3.75009
3.64296
3.534
3.42705
3.32502
3.23009
3.14387
3.06767
3.0026
2.94949
2.9091
2.88226
2.86996
2.87456
2.89849
2.94178
3.00324
3.08119
3.17411
3.28029
3.39785
3.5255
3.66377
3.81564
3.98593
4.18073
4.41324
4.71435
5.16187
5.96356
7.70671
12.145
24.6967
62.9933
202.699
1147.35
1147.3
195.969
64.7053
29.0412
15.3185
8.95411
5.69739
3.95243
3.00506
2.49653
2.2344
2.11204
2.06946
2.07207
2.10061
2.14438
2.1976
2.25685
2.32028
2.38702
2.45673
2.52958
2.60604
2.68684
2.77258
2.86388
2.9602
3.06094
3.16633
3.27618
3.38989
3.50035
3.60665
3.70647
3.79677
3.87428
3.93595
3.97888
4.00029
3.9991
3.97656
3.9349
3.87688
3.80623
3.7266
3.64165
3.55493
3.46962
3.38831
3.31286
3.24401
3.18366
3.13475
3.09849
3.07595
3.06851
3.07809
3.10756
3.15452
3.21826
3.29736
3.39011
3.49471
3.60934
3.73233
3.86238
3.99969
4.14723
4.31066
4.49363
4.70449
4.96388
5.32612
5.94399
7.27604
10.7937
21.4687
56.6328
192.364
1147.36
1147.3
195.212
63.8631
28.3275
14.7929
8.60828
5.49907
3.86583
2.99919
2.54787
2.32671
2.23487
2.21567
2.23662
2.27994
2.33624
2.40047
2.46922
2.54054
2.61324
2.6867
2.76072
2.83544
2.91118
2.98822
3.06677
3.14694
3.22889
3.3128
3.39853
3.4853
3.57077
3.65362
3.73213
3.80419
3.8673
3.9195
3.95593
3.9756
3.97782
3.96319
3.9334
3.89087
3.83851
3.77929
3.71621
3.65218
3.58987
3.53162
3.47934
3.43447
3.39856
3.37351
3.36095
3.36259
3.38071
3.41902
3.47336
3.54208
3.62361
3.71637
3.81876
3.92926
4.04645
4.16906
4.29636
4.4292
4.57145
4.72816
4.90121
5.09519
5.32332
5.62189
6.09822
7.09487
9.79511
18.6346
50.9821
186.098
1147.36
1147.3
193.518
62.3204
27.2589
14.1502
8.27526
5.37395
3.87566
3.09609
2.70223
2.52158
2.45964
2.46275
2.50164
2.56112
2.63237
2.7104
2.7922
2.87575
2.9597
3.04308
3.12526
3.20589
3.28478
3.36182
3.43693
3.5101
3.58135
3.65081
3.7185
3.78421
3.84736
3.90728
3.96314
4.01438
4.05823
4.09302
4.1172
4.12991
4.13081
4.12031
4.09952
4.07012
4.03421
3.99408
3.95209
3.91058
3.87174
3.83756
3.8098
3.79002
3.77966
3.78025
3.79345
3.8215
3.8677
3.92946
4.00189
4.08378
4.17395
4.27126
4.37461
4.48301
4.5955
4.71136
4.83057
4.95524
5.09131
5.24171
5.40509
5.58393
5.7864
6.03574
6.40171
7.11793
9.05808
15.8563
43.9691
176.246
1147.34
1147.31
185.643
57.9442
25.1718
13.2464
7.97459
5.38848
4.05819
3.37178
3.03321
2.88715
2.84704
2.8657
2.91861
2.99163
3.07646
3.16816
3.26365
3.36091
3.4584
3.55494
3.64959
3.74158
3.83031
3.91528
3.99603
4.07213
4.14313
4.20895
4.26959
4.32511
4.37572
4.42097
4.45998
4.49302
4.51951
4.53892
4.55084
4.55509
4.55184
4.54162
4.52537
4.50438
4.48018
4.45452
4.42917
4.40592
4.38644
4.37232
4.36505
4.366
4.37654
4.39835
4.43312
4.48486
4.54842
4.61859
4.69487
4.77671
4.86353
4.95473
5.0497
5.14787
5.24872
5.35213
5.45933
5.57479
5.70566
5.84803
5.999
6.16076
6.33961
6.55033
6.83234
7.31464
8.51695
12.885
33.6803
153.877
1147.36
240.574
87.7759
39.0038
20.2312
11.8962
7.81333
5.69143
4.56108
3.96115
3.66084
3.52776
3.49042
3.51052
3.56573
3.64274
3.73331
3.83211
3.93569
4.04197
4.14929
4.25631
4.36186
4.4649
4.56446
4.65969
4.75001
4.83456
4.91176
4.98158
5.04383
5.09842
5.14539
5.18476
5.21659
5.24117
5.25874
5.26955
5.27392
5.27233
5.26542
5.25399
5.23906
5.22179
5.20353
5.18569
5.16972
5.15697
5.14874
5.14629
5.15108
5.16458
5.18797
5.2248
5.2745
5.32956
5.38842
5.45119
5.51779
5.58801
5.66159
5.73822
5.81766
5.89961
5.98401
6.07188
6.16772
6.27851
6.40067
6.5277
6.66002
6.79995
6.952
7.12461
7.33676
7.63934
8.20537
9.74979
15.6162
43.0185
193.289
71.0322
42.3449
25.5733
16.3296
11.1897
8.28145
6.60278
5.62805
5.07657
4.76659
4.60555
4.53784
4.53085
4.56442
4.62522
4.70446
4.79378
4.89048
4.99236
5.09758
5.20456
5.31195
5.41837
5.52242
5.62271
5.71804
5.80733
5.88964
5.96412
6.03006
6.08704
6.13492
6.1738
6.204
6.22605
6.24042
6.24766
6.24843
6.24354
6.23387
6.22046
6.2044
6.18689
6.16924
6.15298
6.13943
6.12967
6.12468
6.12557
6.13495
6.15533
6.1844
6.21759
6.25309
6.29155
6.33316
6.37795
6.42582
6.47661
6.53011
6.58618
6.64554
6.70818
6.77578
6.85267
6.94124
7.03641
7.13475
7.23533
7.33921
7.44774
7.56343
7.69096
7.83881
8.02393
8.28839
8.76518
9.94805
13.7668
27.1308
32.5764
25.8615
19.8554
15.2762
12.0591
9.90484
8.51796
7.60178
7.00014
6.60798
6.35833
6.20807
6.1288
6.09919
6.10379
6.13365
6.18178
6.24433
6.31783
6.39961
6.48757
6.58017
6.67548
6.77124
6.86524
6.9556
7.04095
7.12074
7.19321
7.25689
7.31108
7.35552
7.39033
7.41616
7.43401
7.44402
7.44664
7.44261
7.43277
7.41814
7.3998
7.37887
7.35658
7.33437
7.31498
7.29945
7.28824
7.28177
7.28013
7.28169
7.28433
7.28965
7.29844
7.31053
7.32583
7.34424
7.36568
7.39006
7.41738
7.4478
7.48154
7.51672
7.55504
7.59927
7.6518
7.71258
7.77674
7.84193
7.90756
7.97381
8.0413
8.11141
8.18647
8.26996
8.3671
8.48635
8.64579
8.89767
9.41307
10.6453
23.7637
21.8569
19.4545
17.0227
14.7663
12.9944
11.6537
10.649
9.89956
9.34624
8.94133
8.64747
8.43727
8.29035
8.19099
8.12819
8.09697
8.09107
8.10616
8.13796
8.1832
8.24169
8.30967
8.38259
8.45614
8.52749
8.59459
8.65535
8.70927
8.75615
8.7956
8.82725
8.85075
8.86569
8.87165
8.86933
8.85951
8.84309
8.82111
8.79465
8.76486
8.73289
8.69985
8.66657
8.63251
8.59846
8.56555
8.53472
8.5067
8.48193
8.46052
8.44214
8.42552
8.41096
8.39856
8.38831
8.38012
8.37386
8.36938
8.36657
8.36529
8.36441
8.3644
8.36638
8.37505
8.39136
8.41422
8.4399
8.46465
8.48733
8.50824
8.52825
8.54865
8.57093
8.59653
8.62647
8.66141
8.70307
8.76032
8.85723
20.8545
20.519
19.772
18.7475
17.5727
16.333
15.1462
14.1353
13.3029
12.6265
12.0798
11.639
11.2842
11.0011
10.7784
10.6055
10.4749
10.3815
10.3242
10.294
10.2844
10.2893
10.3055
10.3221
10.339
10.3557
10.3713
10.385
10.3958
10.4031
10.4062
10.4046
10.3978
10.3855
10.3673
10.3432
10.3134
10.2781
10.2378
10.193
10.1444
10.0926
10.0384
9.98253
9.92545
9.86778
9.81011
9.75303
9.69706
9.64263
9.59005
9.53925
9.48973
9.44152
9.39459
9.34884
9.30414
9.26031
9.21714
9.17441
9.1319
9.08936
9.04666
9.00394
8.96234
8.92355
8.89348
8.87005
8.84912
8.82663
8.80211
8.77649
8.75084
8.72611
8.70277
8.68075
8.65949
8.6382
8.6162
8.59373
18.8473
19.0086
18.9811
18.774
18.413
17.925
17.3405
16.7058
16.0676
15.4629
14.9138
14.429
14.0105
13.6603
13.3676
13.124
12.927
12.7665
12.6306
12.5162
12.4204
12.3401
12.2729
12.2142
12.1618
12.1141
12.0695
12.0268
11.9849
11.943
11.9003
11.856
11.8096
11.7606
11.7085
11.6532
11.5943
11.5319
11.466
11.3967
11.3242
11.2488
11.1709
11.0907
11.0088
10.9255
10.8411
10.756
10.6706
10.5851
10.4998
10.4148
10.3302
10.2459
10.1621
10.0786
9.99532
9.91225
9.82925
9.74624
9.66319
9.58016
9.49735
9.41509
9.33391
9.25456
9.17828
9.1061
9.04366
8.98672
8.9327
8.88203
8.83594
8.79508
8.75979
8.73045
8.70754
8.69183
8.68442
8.68712
17.0392
17.2664
17.433
17.5224
17.52
17.4172
17.2212
16.9552
16.647
16.3211
16.0001
15.6985
15.4191
15.1641
14.9333
14.7255
14.5349
14.3607
14.2015
14.0558
13.9221
13.7988
13.6847
13.5782
13.478
13.3829
13.2919
13.204
13.1185
13.0344
12.9513
12.8684
12.7853
12.7016
12.6167
12.5303
12.4423
12.3522
12.26
12.1656
12.0688
11.9697
11.8683
11.7648
11.6593
11.5518
11.4427
11.3321
11.2202
11.1072
10.9933
10.8788
10.7639
10.6488
10.5335
10.4184
10.3035
10.189
10.0752
9.96232
9.85088
9.74156
9.63522
9.5328
9.43531
9.3437
9.25875
9.18139
9.11312
9.05513
9.00914
8.97503
8.95301
8.94384
8.94793
8.96556
8.99691
9.04339
9.10962
9.19634
15.4653
15.5934
15.7154
15.8153
15.8788
15.8966
15.8685
15.8075
15.7257
15.6275
15.5179
15.4017
15.2827
15.1632
15.045
14.9277
14.8079
14.687
14.5661
14.4459
14.3269
14.2094
14.0934
13.9791
13.8664
13.7551
13.6451
13.536
13.4277
13.3199
13.2123
13.1049
12.9973
12.8895
12.7812
12.6722
12.5626
12.4519
12.3402
12.2272
12.1129
11.9971
11.8798
11.7611
11.6409
11.5192
11.3963
11.2721
11.1469
11.0209
10.8946
10.7683
10.6423
10.5171
10.3933
10.2714
10.1519
10.0354
9.92284
9.81513
9.7135
9.61921
9.53325
9.45691
9.39158
9.33853
9.29908
9.27409
9.26431
9.27048
9.29243
9.33098
9.38758
9.46268
9.55508
9.66463
9.79315
9.94105
10.1062
10.2893
14.4159
14.3761
14.3579
14.3533
14.3542
14.3539
14.3477
14.3333
14.3107
14.2803
14.2428
14.1988
14.1492
14.0944
14.0348
13.9713
13.901
13.8235
13.7396
13.6502
13.5559
13.4577
13.3561
13.252
13.1458
13.038
12.9286
12.8172
12.7042
12.5902
12.4756
12.3607
12.2459
12.1315
12.0177
11.9047
11.7927
11.6817
11.5716
11.4625
11.3544
11.2473
11.1413
11.0363
10.9324
10.8295
10.7275
10.6265
10.5264
10.4275
10.3302
10.2352
10.1432
10.0552
9.97206
9.89499
9.82518
9.76362
9.71136
9.66965
9.63952
9.62216
9.61714
9.62688
9.65302
9.69683
9.75857
9.83787
9.93452
10.0492
10.1828
10.3349
10.5031
10.6831
10.874
11.0812
11.3115
11.5583
11.8172
12.0881
14.2216
14.0231
13.8448
13.6802
13.5323
13.4038
13.2967
13.1983
13.106
13.0179
12.9326
12.8487
12.7651
12.681
12.5958
12.5092
12.4241
12.3389
12.2531
12.1666
12.0795
11.9917
11.9037
11.8158
11.7282
11.6414
11.5556
11.471
11.388
11.3065
11.2267
11.1487
11.0724
10.9979
10.9253
10.8544
10.7854
10.7183
10.6531
10.5898
10.5285
10.4695
10.4128
10.3588
10.3077
10.2599
10.2158
10.1757
10.139
10.1062
10.0783
10.0566
10.0426
10.0373
10.0421
10.058
10.0855
10.1251
10.1774
10.2437
10.3249
10.4226
10.5381
10.6716
10.821
10.9849
11.1623
11.3527
11.5583
11.7835
12.0296
12.2882
12.5527
12.8209
13.0914
13.363
13.6339
13.9014
14.1641
14.4199
14.7889
14.463
14.1732
13.9105
13.6688
13.4432
13.2348
13.0413
12.8597
12.6875
12.5229
12.3643
12.2099
12.0601
11.9153
11.7756
11.6446
11.5248
11.4155
11.3163
11.2266
11.1457
11.0732
11.0086
10.9515
10.9013
10.8577
10.8202
10.7884
10.7619
10.7402
10.723
10.7099
10.7006
10.6948
10.6923
10.693
10.6968
10.7036
10.7133
10.7258
10.7415
10.7607
10.7835
10.8107
10.8427
10.8803
10.9243
10.9758
11.0358
11.1041
11.181
11.2671
11.3631
11.4696
11.5871
11.7162
11.8573
12.0124
12.1854
12.3775
12.5906
12.826
13.0766
13.337
13.6061
13.8825
14.1641
14.4489
14.7345
15.0173
15.2935
15.5599
15.8138
16.0526
16.2735
16.474
16.6518
16.8054
16.9327
16.055
15.6947
15.3522
15.0298
14.7252
14.4327
14.1577
13.8999
13.6594
13.4358
13.2289
13.0392
12.8646
12.7035
12.555
12.4186
12.2994
12.1999
12.1195
12.0577
12.0135
11.986
11.9742
11.977
11.993
12.0208
12.0591
12.1064
12.1612
12.2223
12.2883
12.3581
12.4306
12.5051
12.5809
12.6574
12.7342
12.8113
12.8885
12.9662
13.0454
13.127
13.2121
13.3018
13.3975
13.5007
13.6129
13.7354
13.87
14.018
14.1756
14.3418
14.5177
14.704
14.9012
15.1096
15.3292
15.5601
15.8021
16.0546
16.3162
16.5854
16.8601
17.1374
17.4144
17.6886
17.9567
18.2156
18.4615
18.6905
18.8989
19.0831
19.2402
19.3678
19.4636
19.5259
19.553
19.5438
19.4978
19.4155
17.8574
17.5669
17.2804
17.0029
16.7378
16.4872
16.253
16.0368
15.8396
15.6621
15.5044
15.3666
15.2487
15.1506
15.0726
15.0178
15.0044
15.0261
15.0806
15.1648
15.2756
15.4092
15.562
15.73
15.9096
16.0973
16.2898
16.4843
16.6782
16.8695
17.0565
17.238
17.4132
17.5815
17.7428
17.8973
18.0454
18.1877
18.3252
18.4588
18.5899
18.7198
18.8496
18.9806
19.1144
19.2521
19.3952
19.5449
19.7023
19.8683
20.043
20.2269
20.4201
20.6225
20.8337
21.0527
21.2787
21.5103
21.7456
21.9823
22.2176
22.4483
22.6713
22.883
23.0799
23.2587
23.4158
23.5477
23.6509
23.7219
23.7579
23.7566
23.7166
23.6371
23.5182
23.3603
23.1643
22.932
22.6656
22.3687
21.6165
21.5133
21.4161
21.3302
21.2599
21.2086
21.1784
21.1713
21.1881
21.2295
21.2955
21.3867
21.5035
21.6501
21.8339
22.1086
22.4401
22.8146
23.2195
23.6439
24.0776
24.5117
24.9386
25.3519
25.7468
26.1195
26.4675
26.7892
27.0839
27.3518
27.5935
27.8104
28.004
28.1762
28.3294
28.4658
28.5877
28.6974
28.7971
28.889
28.9755
29.0587
29.1409
29.2246
29.312
29.4051
29.506
29.616
29.736
29.8659
30.005
30.152
30.3057
30.4646
30.6269
30.7906
30.9532
31.1122
31.2646
31.407
31.5359
31.6474
31.7379
31.8037
31.8419
31.8495
31.8242
31.7639
31.6668
31.5319
31.3585
31.1471
30.8989
30.6162
30.302
29.9597
29.593
29.2067
28.8055
28.3943
36.7605
37.0227
37.3199
37.6517
38.0171
38.4148
38.842
39.2955
39.7715
40.2665
40.78
41.3355
41.933
42.6576
43.5376
44.4432
45.342
46.2
47.0006
47.7369
48.4034
48.9972
49.5179
49.9674
50.3488
50.6664
50.9251
51.1305
51.288
51.4033
51.4819
51.5293
51.5507
51.5509
51.5345
51.5054
51.4661
51.4184
51.3627
51.3009
51.2373
51.177
51.1254
51.088
51.0696
51.0741
51.1038
51.1587
51.235
51.3252
51.4206
51.5155
51.6079
51.6963
51.7793
51.8548
51.9204
51.9732
52.0103
52.0283
52.0238
51.9937
51.9353
51.8465
51.7261
51.5736
51.3893
51.1738
50.928
50.6533
50.3519
50.0265
49.6804
49.318
48.9435
48.5613
48.1761
47.795
47.4242
47.0621
114.08
114.736
115.45
116.207
116.995
117.803
118.618
119.428
120.224
120.999
121.785
123.185
124.696
126.075
127.227
128.184
128.995
129.626
130.118
130.501
130.78
130.965
131.069
131.103
131.079
131.007
130.896
130.755
130.592
130.412
130.223
130.029
129.835
129.645
129.46
129.276
129.082
128.86
128.594
128.293
127.989
127.716
127.499
127.362
127.317
127.372
127.523
127.75
128.007
128.228
128.369
128.447
128.494
128.526
128.545
128.553
128.549
128.529
128.494
128.439
128.365
128.268
128.149
128.009
127.847
127.666
127.468
127.254
127.027
126.787
126.538
126.281
126.02
125.757
125.495
125.237
124.986
124.758
124.566
124.367
705.678
705.691
705.704
705.717
705.728
705.738
705.746
705.753
705.758
705.761
705.762
705.762
705.76
705.757
705.753
705.748
705.743
705.738
705.732
705.726
705.721
705.715
705.709
705.704
705.699
705.694
705.689
705.685
705.681
705.677
705.673
705.669
705.666
705.663
705.66
705.657
705.655
705.652
705.65
705.648
705.646
705.643
705.641
705.639
705.637
705.635
705.634
705.632
705.63
705.628
705.626
705.624
705.623
705.621
705.619
705.618
705.616
705.615
705.614
705.612
705.611
705.61
705.609
705.608
705.607
705.607
705.606
705.605
705.605
705.604
705.604
705.604
705.604
705.603
705.603
705.603
705.603
705.603
705.603
705.603
706.103
706.18
706.224
56.611
73.9572
82.653
12.7839
14.9538
16.6863
9.00009
9.17234
9.33928
8.57587
8.56443
8.56377
8.70082
8.73004
8.78274
9.29153
9.40811
9.55058
10.475
10.6917
10.9324
12.3382
12.5961
12.8626
14.6391
14.8475
15.0449
17.0224
17.0868
17.1241
19.3106
19.1765
19.0099
22.0762
21.766
21.4322
28.0126
27.6344
27.2471
46.736
46.4254
46.1082
124.195
124.031
123.848
705.603
705.603
705.603
935.153
677.268
677.268
677.268
677.269
677.269
677.269
677.269
677.27
677.272
677.275
677.279
677.285
677.293
677.301
677.308
677.314
677.313
677.307
677.296
677.284
677.286
677.335
677.463
677.718
1193.04
233.271
135.249
122.623
121.769
122.912
124.56
126.22
126.675
127.265
128.91
130.157
130.332
129.347
126.982
123.077
117.503
110.118
105.299
100.444
95.3535
89.3586
83.3434
76.1249
69.1751
1193.04
206.343
79.2157
53.6755
49.0006
49.3648
50.9571
52.681
54.0521
55.0151
55.4131
54.806
52.9579
49.8781
45.515
40.1132
34.9803
31.6324
29.0591
26.9211
25.1
23.5543
22.2635
20.9163
19.3977
1193.04
196.514
68.7313
38.3765
30.8804
29.9573
30.7926
31.8188
32.4661
32.5046
31.7738
30.154
27.6517
24.4602
20.8424
17.4019
15.441
14.3427
13.8326
13.752
13.921
14.1082
14.1354
13.8764
13.2948
1193.04
195.402
66.2357
33.6324
24.3081
22.2183
22.248
22.5918
22.6039
22.0497
20.8502
19.0283
16.727
14.2313
11.9266
10.5888
10.0604
10.1295
10.6353
11.3705
12.0589
12.5188
12.6368
12.3979
11.8787
1193.04
195.477
65.7612
31.9419
21.3267
18.2484
17.5827
17.4169
17.0489
16.244
14.9801
13.3486
11.5532
9.89338
8.74074
8.33696
8.51839
9.18486
10.1132
11.0608
11.8004
12.1833
12.1723
11.8359
11.3086
1193.04
195.949
66.1023
31.5207
19.9016
15.9669
14.7075
14.1693
13.5928
12.7409
11.5981
10.275
8.97089
7.93983
7.50434
7.62902
8.21838
9.14986
10.2587
11.2399
11.8864
12.1119
11.9547
11.5391
11.0198
1193.04
196.593
66.8386
31.7672
19.3493
14.6633
12.8737
12.0329
11.3411
10.5271
9.56246
8.54493
7.64763
7.13628
7.12374
7.55501
8.38154
9.47244
10.6681
11.5823
12.0665
12.1164
11.8347
11.374
10.8821
1193.04
197.275
67.7495
32.3957
19.364
14.0268
11.7576
10.6378
9.84533
9.07741
8.28797
7.55721
7.03207
6.88617
7.15758
7.86574
8.89973
10.0814
11.2354
11.9835
12.2621
12.1432
11.769
11.2931
10.8407
1193.04
198.409
68.9791
33.3512
19.8128
13.918
11.1922
9.79489
8.90043
8.17593
7.54275
7.05175
6.81658
6.94921
7.53179
8.50253
9.69616
10.8896
11.8748
12.3802
12.4418
12.1786
11.7443
11.2751
10.8665
1193.04
199.133
69.9968
34.3197
20.4796
14.1659
11.0524
9.39199
8.38288
7.67648
7.16592
6.87453
6.89218
7.3532
8.25029
9.45073
10.7239
11.8263
12.5359
12.776
12.6318
12.2463
11.7701
11.3087
10.938
1193.04
199.382
70.5176
34.9541
21.0289
14.49
11.1206
9.26452
8.1631
7.47351
7.07929
6.99317
7.32949
8.14973
9.34738
10.6968
11.921
12.795
13.1944
13.1642
12.8306
12.3431
11.827
11.3718
11.0349
1193.04
199.193
70.493
35.1138
21.2623
14.6767
11.2013
9.25265
8.12247
7.49364
7.26432
7.46701
8.21614
9.41454
10.8346
12.1797
13.1916
13.7234
13.7901
13.5023
13.0045
12.4312
11.8876
11.4441
11.1398
1193.04
198.621
69.9619
34.7812
21.1026
14.6108
11.1716
9.25354
8.19901
7.72963
7.76818
8.46854
9.6912
11.1897
12.6437
13.7715
14.4048
14.538
14.2757
13.7596
13.1276
12.4918
11.9349
11.5095
11.2393
1193.04
197.743
69.0301
34.0408
20.5891
14.2972
11.0273
9.28379
8.45836
8.31973
8.96056
10.2408
11.8378
13.3916
14.6009
15.2927
15.4509
15.1787
14.621
13.9182
13.1856
12.5099
11.9538
11.5552
11.3238
1193.04
197.227
68.2335
33.2559
19.9371
13.9013
10.9353
9.54802
9.16816
9.74212
11.1537
12.8848
14.5291
15.7761
16.4634
16.5834
16.2498
15.6103
14.8092
13.964
13.163
12.4701
11.9321
11.5731
11.3881
1193.04
196.632
67.4671
32.5899
19.5554
13.8286
11.3098
10.5255
11.0329
12.6256
14.5073
16.2094
17.4238
18.0151
18.0075
17.5357
16.7549
15.8107
14.8225
13.8789
13.0432
12.3612
11.8644
11.5621
11.4324
1193.04
195.97
66.8096
32.2512
19.6972
14.5838
12.9008
13.2343
15.0098
16.996
18.6634
19.724
20.076
19.8111
19.0915
18.0823
16.9302
15.7525
14.6368
13.6444
12.8172
12.1829
11.7565
11.529
11.4609
1193.04
195.463
66.6621
32.8033
21.1421
17.266
17.1367
18.9549
20.8588
22.252
22.935
22.8141
22.0969
20.9722
19.6121
18.1609
16.7305
15.4022
14.2324
13.2566
12.4944
11.9528
11.6266
11.4876
11.4793
1193.04
195.439
67.8882
35.5527
25.8906
24.4677
25.7353
27.0211
27.6162
27.4059
26.4357
24.9678
23.2092
21.3288
19.4586
17.6966
16.1107
14.7439
13.6199
12.7453
12.1133
11.7077
11.503
11.4532
11.4896
1193.05
197.81
73.1218
45.7137
39.6689
38.1831
37.1709
35.8244
33.7021
31.1799
28.4739
25.7463
23.1216
20.6916
18.5191
16.642
15.0774
13.8244
12.8691
12.1857
11.7409
11.4976
11.4144
11.4351
11.4847
1193.05
212.664
101.429
74.6272
62.5664
54.5832
47.9594
42.1514
36.9722
32.3441
28.2373
24.6406
21.5448
18.9359
16.7914
15.0799
13.762
12.7911
12.1181
11.6907
11.4569
11.368
11.3769
11.426
11.4427
1193.1
314.533
161.464
107.907
80.8025
63.7267
51.6278
42.489
35.3327
29.6265
25.0508
21.3945
18.505
16.2618
14.5633
13.3199
12.4502
11.8796
11.5414
11.374
11.3216
11.3368
11.3782
11.3953
11.3257
362.456
211.361
137.603
96.4317
71.0087
54.1338
42.3543
33.8425
27.5536
22.8517
19.3278
16.704
14.7808
13.4073
12.4646
11.8558
11.4996
11.3257
11.2755
11.2956
11.3404
11.3747
11.3704
11.2883
11.0835
74.3444
62.3325
51.147
41.7851
34.2421
28.2759
23.6125
20.0043
17.2462
15.1737
13.6553
12.5834
11.8668
11.4272
11.1981
11.1227
11.1503
11.2341
11.3349
11.4146
11.4433
11.4018
11.2765
11.0398
10.672
17.4832
17.3314
16.606
15.605
14.5284
13.5017
12.5981
11.8562
11.2917
10.9051
10.6855
10.6119
10.653
10.7745
10.9472
11.1438
11.3355
11.4923
11.5884
11.5989
11.5084
11.3124
11.0096
10.5817
10.0509
9.47547
9.54233
9.55141
9.52586
9.4934
9.47826
9.50148
9.57952
9.72116
9.92784
10.192
10.4949
10.8094
11.1143
11.3931
11.6274
11.7947
11.8726
11.8401
11.6843
11.4042
11.0047
10.4929
9.86009
9.21003
8.58226
8.62698
8.70636
8.81884
8.97621
9.18366
9.44319
9.75288
10.1065
10.4909
10.8836
11.2567
11.5898
11.8713
12.0862
12.2177
12.2444
12.1466
11.9101
11.5329
11.0314
10.4052
9.70101
8.97703
8.30459
8.87476
9.00531
9.18195
9.409
9.69052
10.0239
10.3975
10.7996
11.2129
11.6108
11.9659
12.2645
12.4964
12.6527
12.7141
12.6606
12.4749
12.1478
11.6741
11.0637
10.3478
9.577
8.79483
8.05713
7.43814
9.74824
9.9972
10.2935
10.6295
10.9993
11.3922
11.7927
12.1802
12.5294
12.821
13.047
13.2033
13.2718
13.236
13.0796
12.7897
12.3521
11.777
11.058
10.2693
9.44554
8.62361
7.84897
7.17891
6.68769
11.2299
11.5572
11.9069
12.2702
12.6351
12.983
13.292
13.5506
13.7552
13.8892
13.938
13.8897
13.7334
13.4582
13.0487
12.501
11.7835
10.9871
10.1503
9.30105
8.46835
7.68647
6.99979
6.4654
6.15295
13.1659
13.4712
13.7683
14.0466
14.2945
14.4991
14.6467
14.7247
14.7219
14.6281
14.4354
14.1383
13.7322
13.2069
12.5267
11.7335
10.895
10.0422
9.19992
8.39116
7.63682
6.96492
6.41948
6.06081
5.92903
15.2462
15.4235
15.567
15.6671
15.7138
15.6971
15.6074
15.4364
15.1776
14.8275
14.3856
13.8545
13.237
12.5207
11.7247
10.8974
10.0719
9.27362
8.52372
7.83845
7.21969
6.68423
6.27671
6.05244
6.07275
17.13
17.0937
17.0088
16.8689
16.6682
16.4015
16.0649
15.6562
15.1756
14.6266
14.0159
13.3534
12.6503
11.9175
11.1698
10.4285
9.71494
9.04557
8.43102
7.88031
7.39489
7.00091
6.72996
6.6164
6.71167
18.7882
18.5207
18.2074
17.8467
17.4382
16.9817
16.4771
15.9256
15.3309
14.7012
14.0484
13.3861
12.7261
12.0783
11.4541
10.8676
10.3326
9.84966
9.40928
9.0234
8.68386
8.40279
8.20515
8.12704
8.20882
21.0408
20.6134
20.1578
19.6788
19.1813
18.6666
18.1307
17.5706
16.9909
16.4044
15.8299
15.284
14.7709
14.2858
13.8331
13.4253
13.0864
12.8004
12.5392
12.2832
12.0325
11.8044
11.6286
11.539
11.5269
26.814
26.3524
25.8836
25.426
24.9923
24.5746
24.1423
23.6786
23.1956
22.7222
22.2924
21.9295
21.614
21.3082
21.0136
20.7725
20.6024
20.4789
20.354
20.1802
19.9567
19.7185
19.5379
19.3878
19.2772
45.7452
45.3353
44.9355
44.6016
44.3617
44.1758
43.9206
43.5636
43.1674
42.8034
42.5327
42.3735
42.2668
42.097
41.8953
41.7565
41.7179
41.7252
41.7016
41.567
41.2717
40.8034
40.4971
40.289
40.1304
123.587
123.228
122.905
122.717
122.729
122.865
122.771
122.451
122.131
121.877
121.809
121.827
121.87
121.773
121.735
121.721
121.718
121.719
121.725
121.612
120.994
118.458
117.405
117.037
116.885
705.603
705.603
705.603
705.603
705.603
705.603
705.603
705.603
705.603
705.603
705.603
705.603
705.603
705.603
705.603
705.603
705.603
705.603
705.603
705.603
705.603
705.603
705.603
705.603
705.603
1077
183.311
70.3763
38.9153
27.1668
26.9653
40.2002
76.2263
190.277
1077.01
1077
183.216
70.6098
39.3383
27.4277
26.9219
40.0647
76.4355
190.372
1077.02
1076.99
183.081
70.907
39.8446
27.7243
26.8447
39.8697
76.7297
191.238
1077.03
1076.98
182.922
71.2938
40.4438
28.0566
26.7379
39.6031
77.0198
192.165
1077.04
1076.97
182.755
71.8058
41.1565
28.43
26.5925
39.243
77.2712
193.316
1077.05
1076.96
182.601
72.4886
42.0077
28.8522
26.4034
38.7616
77.4236
194.64
1077.07
1076.95
182.495
73.3983
43.0254
29.3325
26.1672
38.1264
77.4055
196.106
1077.09
1076.94
182.486
74.6056
44.2405
29.8814
25.8844
37.3082
77.1306
197.635
1077.11
1076.92
182.65
76.1994
45.6868
30.51
25.561
36.2846
76.5008
199.107
1077.14
1076.9
183.107
78.2902
47.3992
31.2264
25.2096
35.0461
75.4153
200.357
1077.17
1076.88
184.063
81.0163
49.4111
32.0351
24.845
33.6012
73.7734
201.137
1077.21
1076.86
185.876
84.5531
51.7485
32.9305
24.4887
31.9884
71.5005
201.147
1077.26
1076.84
189.245
89.1008
54.4271
33.8908
24.1604
30.2918
68.6154
200.21
1077.31
1076.82
195.556
94.8729
57.4713
34.8694
23.8716
28.6087
65.1701
197.813
1077.36
1076.8
206.216
102.246
60.8123
35.6354
23.5756
27.0872
61.4496
193.974
1077.41
1076.79
217.193
111.545
63.9603
35.9043
23.0713
25.9046
57.7951
188.603
1077.45
1076.8
239.416
121.662
66.0646
35.2755
22.1951
24.8505
55.0759
182.041
1077.47
1076.87
271.745
130.449
65.6567
33.2339
20.8276
23.8136
53.1623
176.318
1077.46
1077.25
301.212
132.065
60.452
29.2661
18.9238
22.7993
51.7256
173.876
1077.43
1077.72
298.357
113.932
47.6748
23.1776
16.6358
21.9024
50.7197
172.019
1077.38
304.11
133.197
58.2747
27.2853
16.2498
14.5471
21.2904
50.186
170.812
1077.32
47.8808
30.5059
19.5235
14.0202
12.1567
13.4357
21.0652
50.0536
170.187
1077.25
16.8792
14.2211
12.141
11.0543
11.1216
13.1795
21.124
50.1845
169.987
1077.18
12.3743
11.3792
10.6372
10.3881
10.9104
13.2082
21.3009
50.4429
170.037
1077.12
11.2021
10.5824
10.2079
10.2339
10.9332
13.3377
21.5134
50.7267
170.186
1077.07
10.7324
10.2856
10.0943
10.2667
11.0581
13.51
21.7205
50.9748
170.332
1077.02
10.5274
10.2034
10.1329
10.3957
11.2354
13.6972
21.9025
51.1597
170.419
1076.97
10.4674
10.2396
10.2557
10.5771
11.4382
13.8839
22.0531
51.2825
170.442
1076.94
10.4972
10.3467
10.4264
10.7853
11.6493
14.0609
22.1743
51.3675
170.454
1076.9
10.5851
10.496
10.6223
11.0031
11.8566
14.2225
22.2725
51.4573
170.612
1076.87
10.7083
10.6678
10.8278
11.2186
12.0512
14.3646
22.3537
51.6041
171.351
1076.84
10.8491
10.8475
11.0313
11.4222
12.2256
14.4832
22.419
51.8316
173.805
1076.82
10.9933
11.0242
11.2237
11.6056
12.3727
14.5754
22.4621
51.9754
175.932
1076.8
11.1304
11.1894
11.3971
11.7604
12.4852
14.6393
22.4917
51.9768
175.913
1076.78
11.2534
11.3367
11.5439
11.8783
12.5562
14.6744
22.5328
52.0409
175.917
1076.76
11.358
11.4604
11.6561
11.9502
12.5787
14.6798
22.5977
52.2094
176.065
1076.75
11.4425
11.5548
11.7249
11.9667
12.5461
14.6561
22.6977
52.5041
176.382
1076.73
11.5056
11.6129
11.7397
11.9177
12.4534
14.607
22.8459
52.9423
176.881
1076.73
11.5436
11.6241
11.6878
11.7935
12.2982
14.5403
23.0586
53.5366
177.561
1076.72
11.5475
11.5736
11.5548
11.5857
12.0822
14.4692
23.3547
54.2933
178.409
1076.72
11.4998
11.4416
11.3256
11.2895
11.8143
14.4134
23.7531
55.2094
179.397
1076.72
11.3735
11.2049
10.9877
10.9071
11.5119
14.4
24.2727
56.2732
180.488
1076.72
11.134
10.8409
10.5355
10.4514
11.2028
14.4618
24.9294
57.4666
181.638
1076.72
10.7464
10.3357
9.9779
9.95069
10.9264
14.6337
25.7267
58.7567
182.755
1076.72
10.1953
9.70359
9.3526
9.45596
10.7328
14.9459
26.666
60.0001
183.767
1076.72
9.47391
8.96759
8.70188
9.01785
10.6709
15.4298
27.672
61.2152
184.696
1076.72
8.6162
8.19211
8.0981
8.70573
10.7969
16.105
28.8034
62.5629
186.314
1076.72
7.76378
7.48663
7.63104
8.59352
11.171
17.002
30.2223
64.4321
187.743
1076.72
7.02345
6.94098
7.37633
8.74085
11.7931
18.1862
31.6763
65.6528
188.317
1076.72
6.4668
6.62082
7.3862
9.17082
12.6355
19.1944
32.6789
66.4106
188.647
1076.72
6.14139
6.56827
7.6724
9.72177
13.3414
19.93
33.2927
66.7535
188.681
1076.72
6.12238
6.782
8.05343
10.2215
13.8842
20.421
33.6253
66.8501
188.571
1076.72
6.406
7.16353
8.48599
10.6594
14.2715
20.6938
33.7258
66.7605
188.365
1076.72
7.07199
7.80499
9.06114
11.1284
14.5948
20.8367
33.6743
66.5459
188.099
1076.72
8.4854
9.07809
10.1417
11.9669
15.1485
21.0819
33.6283
66.295
187.815
1076.72
11.6478
12.0079
12.7554
14.1656
16.8252
22.1455
34.0543
66.2125
187.558
1076.72
19.2436
19.3641
19.7571
20.6144
22.4271
26.5301
36.8322
67.2576
187.505
1076.72
40.0338
40.0797
40.3945
40.8808
41.6962
43.8784
50.6783
75.4803
189.591
1076.72
116.89
117.327
119.147
120.719
120.982
121.45
123.49
135.147
219.668
1076.72
705.603
705.603
705.603
705.603
705.603
705.603
705.603
705.603
705.603
1076.72
)
;

boundaryField
{
    inlet
    {
        type            fixedValue;
        value           uniform 47.7507;
    }
    outlet
    {
        type            zeroGradient;
    }
    walls
    {
        blending        binomial2;
        n               2;
        beta1           0.075;
        type            omegaWallFunction;
        value           nonuniform List<scalar> 
446
(
1083.93
1081.2
1079.76
1078.87
1078.27
1077.87
1077.62
1077.45
1077.34
1077.26
1077.21
1077.17
1077.13
1077.11
1077.08
1077.05
1077.02
1077
1076.96
1076.93
1076.9
1076.87
1076.84
1076.81
1076.79
1076.77
1076.75
1076.74
1076.73
1076.72
1076.72
1076.72
1076.72
1076.72
1076.72
1076.72
1076.72
1076.72
1076.72
1076.72
1076.72
1076.72
1076.72
1076.72
1076.72
1076.72
1076.72
1076.72
1076.72
1076.72
1076.72
1076.72
1076.72
1076.72
1076.72
1076.72
1076.72
1076.72
1076.72
1076.72
1076.72
705.603
705.603
705.603
705.603
705.603
705.603
705.603
705.604
705.604
705.604
705.605
705.606
705.608
705.61
705.613
705.615
705.618
705.621
705.624
705.626
705.627
705.628
705.627
705.625
705.623
705.619
705.615
705.612
705.61
705.61
705.613
705.619
705.626
705.634
705.644
705.654
705.665
705.678
705.691
705.704
705.717
705.728
705.738
705.746
705.753
705.758
705.761
705.762
705.762
705.76
705.757
705.753
705.748
705.743
705.738
705.732
705.726
705.721
705.715
705.709
705.704
705.699
705.694
705.689
705.685
705.681
705.677
705.673
705.669
705.666
705.663
705.66
705.657
705.655
705.652
705.65
705.648
705.646
705.643
705.641
705.639
705.637
705.635
705.634
705.632
705.63
705.628
705.626
705.624
705.623
705.621
705.619
705.618
705.616
705.615
705.614
705.612
705.611
705.61
705.609
705.608
705.607
705.607
705.606
705.605
705.605
705.604
705.604
705.604
705.604
705.603
705.603
705.603
705.603
705.603
705.603
705.603
705.603
705.603
705.603
705.603
705.603
705.603
705.603
705.603
705.603
705.603
705.603
705.603
705.603
705.603
705.603
705.603
705.603
705.603
705.603
705.603
705.603
705.603
705.603
705.603
705.603
705.603
705.603
705.603
705.603
705.603
705.603
705.603
705.603
705.603
705.603
705.603
705.603
1076.72
1076.72
1076.72
1076.72
1076.72
1076.72
1076.72
1076.72
1076.72
1076.72
1076.72
1076.72
1076.72
1076.72
1076.72
1076.72
1076.72
1076.72
1077.32
1077.25
1077.18
1077.12
1077.07
1077.02
1076.97
1076.94
1076.9
1076.87
1076.84
1076.82
1076.8
1076.78
1076.76
1076.75
1076.73
1076.73
1076.72
1076.72
1076.72
1076.72
1076.72
1077.01
1077.02
1077.03
1077.04
1077.05
1077.07
1077.09
1077.11
1077.14
1077.17
1077.21
1077.26
1077.31
1077.36
1077.41
1077.45
1077.47
1077.46
1077.43
1077.38
1077
1077
1076.99
1076.98
1076.97
1076.96
1076.95
1076.94
1076.92
1076.9
1076.88
1076.86
1076.84
1076.82
1076.8
1076.79
1076.8
1076.87
1077.25
1077.72
935.153
677.268
677.268
677.268
677.269
677.269
677.269
677.269
677.27
677.272
677.275
677.279
677.285
677.293
677.301
677.308
677.314
677.313
677.307
677.296
677.284
677.286
677.335
677.463
677.718
912.285
677.268
677.268
677.268
677.268
677.268
677.268
677.268
677.268
677.268
677.268
677.268
677.268
677.268
677.268
677.268
677.268
677.268
677.268
677.268
677.268
677.268
677.268
677.268
677.268
677.268
677.268
677.268
677.268
677.268
677.268
677.268
677.268
677.268
677.268
677.268
677.268
677.268
677.268
677.268
677.268
677.268
677.268
677.269
677.269
677.269
677.269
677.269
677.269
677.27
677.27
677.271
677.272
677.273
677.274
677.276
677.277
677.278
677.28
677.281
677.282
677.282
677.282
677.282
677.281
677.28
677.278
677.276
677.274
677.272
677.271
677.27
677.269
677.269
677.269
677.268
677.268
677.268
677.268
912.285
677.333
677.288
677.282
677.277
677.273
677.271
677.27
677.269
677.269
677.269
677.269
677.269
677.268
677.268
677.268
677.268
677.268
677.268
677.268
677.268
677.268
677.268
677.268
677.268
935.153
1083.93
1081.2
1079.77
1078.88
1078.28
1077.89
1077.63
1077.47
1077.37
1077.3
1077.25
1077.23
1077.21
1077.2
1077.2
1077.21
1077.22
1077.25
1077.3
1077.34
)
;
    }
    baffle
    {
        blending        binomial2;
        n               2;
        beta1           0.075;
        type            omegaWallFunction;
        value           nonuniform List<scalar> 
98
(
935.153
1193.04
1193.04
1193.04
1193.04
1193.04
1193.04
1193.04
1193.04
1193.04
1193.04
1193.04
1193.04
1193.04
1193.04
1193.04
1193.05
1193.05
1193.06
1193.07
1193.09
1193.13
1193.19
705.69
705.655
705.637
912.285
1147.3
1147.3
1147.3
1147.3
1147.3
1147.3
1147.3
1147.3
1147.3
1147.3
1147.3
1147.3
1147.3
1147.3
1147.3
1147.3
1147.3
1147.3
1147.3
1147.3
1147.3
1147.31
912.285
1147.3
1147.3
1147.3
1147.3
1147.3
1147.3
1147.3
1147.3
1147.3
1147.3
1147.31
1147.31
1147.31
1147.32
1147.33
1147.34
1147.35
1147.35
1147.36
1147.36
1147.34
1147.36
706.103
706.18
706.224
935.153
1193.04
1193.04
1193.04
1193.04
1193.04
1193.04
1193.04
1193.04
1193.04
1193.04
1193.04
1193.04
1193.04
1193.04
1193.04
1193.04
1193.04
1193.04
1193.04
1193.05
1193.05
1193.1
)
;
    }
    front
    {
        type            empty;
    }
    back
    {
        type            empty;
    }
}


// ************************************************************************* //
