/*--------------------------------*- C++ -*----------------------------------*\
| =========                 |                                                 |
| \\      /  F ield         | OpenFOAM: The Open Source CFD Toolbox           |
|  \\    /   O peration     | Version:  v2012                                 |
|   \\  /    A nd           | Website:  www.openfoam.com                      |
|    \\/     M anipulation  |                                                 |
\*---------------------------------------------------------------------------*/
FoamFile
{
    version     2.0;
    format      ascii;
    class       volScalarField;
    location    "2000";
    object      p;
}
// * * * * * * * * * * * * * * * * * * * * * * * * * * * * * * * * * * * * * //

dimensions      [0 2 -2 0 0 0 0];


internalField   nonuniform List<scalar> 
6502
(
1.31032
1.21532
1.16688
1.14585
1.13665
1.1365
1.14538
1.16614
1.21436
1.30915
1.19242
1.16059
1.14756
1.13501
1.12754
1.12737
1.1345
1.14672
1.15949
1.19116
1.12067
1.11316
1.11086
1.10613
1.10254
1.10233
1.10552
1.10987
1.11181
1.11911
1.07939
1.07746
1.0757
1.07339
1.07157
1.07131
1.07262
1.07448
1.07579
1.07742
1.04024
1.041
1.04205
1.0418
1.04078
1.04044
1.0408
1.04044
1.03884
1.03772
1.00064
1.00382
1.00803
1.01027
1.01019
1.00974
1.00896
1.00594
1.00096
0.997358
0.966529
0.971201
0.977494
0.980189
0.980389
0.979776
0.978371
0.974548
0.967345
0.962233
0.93964
0.944437
0.951433
0.953069
0.952959
0.952142
0.950653
0.947555
0.939333
0.934063
0.917384
0.921557
0.927113
0.92822
0.927992
0.926939
0.925131
0.922207
0.914842
0.910065
0.897954
0.901193
0.904765
0.905436
0.905016
0.90364
0.901377
0.898183
0.89231
0.888313
0.880567
0.882873
0.884974
0.884909
0.883894
0.882029
0.879351
0.875991
0.871188
0.868016
0.864769
0.866344
0.867523
0.866989
0.864816
0.862162
0.859123
0.85548
0.851103
0.848562
0.85038
0.851344
0.851554
0.850498
0.847267
0.843789
0.840386
0.835997
0.831589
0.829427
0.837216
0.837668
0.836846
0.834662
0.830587
0.826266
0.82217
0.816753
0.812131
0.810146
0.825271
0.825392
0.823627
0.820063
0.814804
0.809255
0.803861
0.79731
0.792281
0.790327
0.814651
0.814588
0.811939
0.806911
0.800119
0.792862
0.7856
0.77758
0.771672
0.769486
0.805469
0.805266
0.80181
0.795346
0.786965
0.777447
0.767737
0.757436
0.749806
0.747047
0.797904
0.797657
0.793453
0.785364
0.775181
0.763126
0.750414
0.736746
0.726108
0.722101
0.79213
0.791893
0.787149
0.777444
0.764997
0.750166
0.734154
0.71596
0.700184
0.69367
0.788337
0.788177
0.783157
0.772136
0.757619
0.740344
0.7205
0.696862
0.672238
0.658722
0.786714
0.786627
0.78164
0.769781
0.753566
0.73427
0.711693
0.685025
0.654655
0.633474
0.78735
0.787394
0.782739
0.770582
0.753416
0.733029
0.710586
0.686616
0.663303
0.650894
0.790139
0.790499
0.78642
0.774521
0.757339
0.73703
0.715204
0.693392
0.67356
0.661781
0.794895
0.795672
0.792283
0.780911
0.763867
0.743456
0.72099
0.698713
0.677667
0.663524
0.801349
0.802512
0.799811
0.789021
0.771919
0.750992
0.727344
0.704274
0.681928
0.666109
0.809156
0.810635
0.808622
0.798556
0.781496
0.760082
0.735982
0.712098
0.688681
0.67114
0.817948
0.819672
0.818368
0.809261
0.79253
0.770655
0.746445
0.72161
0.696778
0.677094
0.827357
0.829251
0.828659
0.82075
0.804852
0.78302
0.757985
0.732107
0.705785
0.683806
0.837033
0.83902
0.839099
0.832575
0.817969
0.796757
0.77082
0.743116
0.716112
0.691886
0.846661
0.848667
0.849323
0.844249
0.831192
0.810815
0.784884
0.755863
0.72822
0.701458
0.855956
0.857948
0.859044
0.855406
0.844229
0.825195
0.800023
0.770959
0.74209
0.712678
0.864641
0.866676
0.868051
0.865747
0.856729
0.839642
0.815625
0.786726
0.75613
0.725774
0.872658
0.874666
0.876164
0.87502
0.868252
0.85362
0.831326
0.803209
0.771585
0.740942
0.880082
0.881838
0.88333
0.883121
0.878499
0.866687
0.84689
0.820501
0.789525
0.757646
0.886879
0.88823
0.889605
0.890072
0.887317
0.878423
0.861726
0.837737
0.808082
0.775354
0.892878
0.893902
0.895092
0.895958
0.894654
0.888487
0.875224
0.854344
0.826941
0.794888
0.89781
0.898755
0.899861
0.900863
0.900542
0.896717
0.886943
0.869816
0.845634
0.815779
0.902004
0.902758
0.903769
0.904751
0.90507
0.90311
0.896559
0.883467
0.863203
0.836486
0.905776
0.906142
0.906944
0.907854
0.908529
0.907877
0.903996
0.89479
0.878882
0.856136
0.908863
0.909077
0.909684
0.910468
0.911252
0.91137
0.909455
0.903618
0.892115
0.874023
0.911291
0.911519
0.912022
0.912671
0.913411
0.913899
0.913271
0.910051
0.902505
0.889205
0.913426
0.913559
0.91392
0.914453
0.915098
0.915721
0.915831
0.914414
0.910016
0.901085
0.91528
0.915285
0.915475
0.915918
0.91648
0.917104
0.917548
0.917207
0.915031
0.909666
0.916677
0.916658
0.916804
0.917176
0.917641
0.918188
0.918711
0.918887
0.918062
0.91524
0.917804
0.917805
0.917916
0.918197
0.918576
0.91903
0.919514
0.919872
0.919741
0.918487
0.918764
0.918775
0.918833
0.919013
0.91932
0.919686
0.920086
0.920453
0.920602
0.920178
0.919554
0.919555
0.919583
0.919707
0.919931
0.920188
0.920476
0.920762
0.920962
0.920893
0.92025
0.920239
0.920247
0.920308
0.920426
0.920566
0.920724
0.920889
0.921024
0.921041
0.920907
0.920883
0.920865
0.920846
0.920846
0.920871
0.920889
0.920912
0.920926
0.920895
0.921549
0.921506
0.92145
0.921368
0.921272
0.921169
0.921045
0.920914
0.920782
0.920638
0.922192
0.922122
0.922028
0.921909
0.921737
0.921522
0.921268
0.920985
0.920696
0.92041
0.922829
0.92273
0.922605
0.922453
0.922238
0.921961
0.921619
0.921209
0.920771
0.920333
0.923429
0.923305
0.92316
0.922997
0.922771
0.922467
0.922094
0.921628
0.921084
0.920515
0.923949
0.923807
0.923654
0.923504
0.923302
0.92302
0.922651
0.922198
0.921653
0.921045
0.924337
0.924187
0.92404
0.923916
0.923762
0.923545
0.923244
0.922847
0.922381
0.92185
0.924557
0.924412
0.924278
0.924184
0.924082
0.923942
0.923746
0.923477
0.923135
0.922737
0.924604
0.924477
0.924361
0.924288
0.924223
0.924146
0.924044
0.923909
0.923737
0.923533
0.924519
0.924416
0.924316
0.924248
0.924191
0.924137
0.924083
0.924031
0.923985
0.923958
0.924371
0.924283
0.924184
0.924095
0.92401
0.92393
0.923861
0.923809
0.923788
0.92382
0.924224
0.924143
0.924031
0.923917
0.9238
0.923681
0.923571
0.923478
0.923412
0.923399
0.623724
0.639691
0.649313
0.65364
0.656006
0.657417
0.658375
0.659022
0.659426
0.659657
0.659761
0.659769
0.659713
0.659621
0.659485
0.659278
0.659067
0.658864
0.658652
0.658471
0.658331
0.658234
0.658174
0.658157
0.658172
0.648195
0.650522
0.652423
0.654323
0.656078
0.657406
0.658283
0.658865
0.659241
0.659468
0.659582
0.65961
0.659567
0.659466
0.659328
0.659159
0.658968
0.658784
0.658613
0.658456
0.658326
0.658231
0.658174
0.658163
0.658181
0.657455
0.655803
0.65534
0.655971
0.656872
0.657734
0.6584
0.65885
0.659152
0.659341
0.65944
0.659463
0.659423
0.659332
0.659203
0.659045
0.658869
0.658693
0.658528
0.658381
0.65826
0.65817
0.658114
0.658104
0.658122
0.658612
0.65759
0.657198
0.657386
0.657826
0.658304
0.658735
0.659039
0.659227
0.65934
0.659391
0.659387
0.659334
0.659238
0.659106
0.658947
0.65877
0.658591
0.65842
0.658267
0.65814
0.658042
0.657977
0.657958
0.657974
0.660317
0.659067
0.658638
0.658601
0.6588
0.659035
0.659227
0.65935
0.659401
0.659405
0.659383
0.659332
0.659252
0.659142
0.659004
0.658841
0.658661
0.658474
0.658291
0.658123
0.657978
0.65786
0.657778
0.657741
0.657738
0.663322
0.660808
0.660023
0.659789
0.65981
0.659867
0.659866
0.659795
0.659663
0.659523
0.659401
0.659279
0.659152
0.659018
0.658873
0.658711
0.658532
0.658341
0.658146
0.657957
0.657784
0.657635
0.657522
0.657445
0.657419
0.66672
0.662648
0.661357
0.660965
0.660843
0.660742
0.660553
0.660282
0.659976
0.659672
0.659399
0.659164
0.658968
0.658801
0.658652
0.658504
0.658344
0.658167
0.657972
0.657765
0.657559
0.657367
0.657202
0.657074
0.657005
0.670663
0.664739
0.662654
0.662036
0.661768
0.661531
0.661187
0.66073
0.660214
0.659702
0.65924
0.658856
0.658561
0.658351
0.658207
0.658101
0.658003
0.657883
0.657724
0.657521
0.657288
0.657045
0.656817
0.65662
0.656463
0.675678
0.667378
0.664001
0.662898
0.662448
0.662067
0.661566
0.660915
0.660169
0.65941
0.65871
0.658124
0.657689
0.657419
0.657295
0.657278
0.657313
0.657338
0.657297
0.657161
0.656934
0.656646
0.656341
0.656048
0.65579
0.682026
0.670834
0.66554
0.663528
0.662744
0.662165
0.661483
0.660615
0.659602
0.658537
0.657527
0.656663
0.656016
0.655646
0.655552
0.655672
0.655942
0.656254
0.656485
0.65655
0.65642
0.656129
0.65575
0.655336
0.654935
0.69
0.67545
0.667527
0.664022
0.662569
0.661677
0.660747
0.659622
0.658295
0.656857
0.655446
0.654198
0.653229
0.652677
0.652586
0.652873
0.653468
0.654245
0.65497
0.655459
0.65561
0.655429
0.655017
0.654476
0.653944
0.700068
0.681702
0.670417
0.664674
0.662034
0.660572
0.659285
0.657828
0.656131
0.65426
0.652366
0.650635
0.649249
0.648357
0.648119
0.648592
0.649576
0.650914
0.652367
0.653565
0.654282
0.654424
0.654078
0.653412
0.652754
0.712224
0.689987
0.674823
0.666029
0.661493
0.659025
0.657188
0.655304
0.653183
0.650839
0.648414
0.646129
0.644229
0.642926
0.64239
0.642801
0.64405
0.645972
0.648322
0.650521
0.652162
0.652954
0.65287
0.652133
0.651324
0.726764
0.70094
0.681529
0.668888
0.661601
0.657492
0.65475
0.65231
0.649724
0.64691
0.643965
0.64112
0.638657
0.63685
0.635933
0.636158
0.637572
0.639816
0.642802
0.646194
0.649079
0.650893
0.651365
0.650688
0.649757
0.74388
0.714935
0.691247
0.674211
0.663302
0.65674
0.652553
0.649297
0.646195
0.642955
0.639598
0.636309
0.633382
0.63113
0.629808
0.629635
0.630773
0.633245
0.636831
0.641055
0.645169
0.648269
0.649614
0.649187
0.648207
0.762827
0.732023
0.704572
0.682966
0.667733
0.657823
0.651452
0.646933
0.643129
0.639478
0.635831
0.632288
0.629085
0.626526
0.624902
0.624394
0.625212
0.627469
0.631122
0.635835
0.640902
0.64536
0.647836
0.647861
0.646924
0.783649
0.752529
0.721793
0.695873
0.676035
0.661986
0.652542
0.646084
0.641199
0.636999
0.633089
0.62942
0.62614
0.62349
0.62172
0.621013
0.621538
0.623488
0.626916
0.631687
0.637299
0.642719
0.64641
0.647056
0.646213
0.805819
0.774273
0.742603
0.713447
0.689147
0.670484
0.657111
0.64784
0.641228
0.636113
0.631803
0.628019
0.62475
0.622142
0.6204
0.619715
0.620136
0.621847
0.624991
0.629579
0.635289
0.641112
0.645786
0.647191
0.646484
0.828392
0.797608
0.766458
0.735544
0.707545
0.68435
0.666491
0.653495
0.64427
0.637582
0.632471
0.628381
0.625093
0.622595
0.620985
0.620409
0.62098
0.622735
0.6258
0.630235
0.635893
0.641996
0.646973
0.649058
0.648362
0.850424
0.822771
0.792364
0.761182
0.730907
0.704057
0.681781
0.664434
0.651663
0.642499
0.63588
0.631015
0.627441
0.624956
0.623519
0.623177
0.624021
0.626071
0.629407
0.634018
0.639755
0.646063
0.651389
0.653511
0.652653
0.870269
0.846614
0.818735
0.788615
0.758573
0.729346
0.703133
0.681534
0.664748
0.652242
0.643205
0.636815
0.632425
0.629629
0.628222
0.628135
0.629381
0.632
0.635944
0.641154
0.647236
0.653502
0.658804
0.659635
0.658174
0.886956
0.867842
0.843828
0.81509
0.787924
0.760765
0.730739
0.705026
0.684438
0.668212
0.655918
0.647085
0.641103
0.637424
0.635679
0.635677
0.637343
0.640685
0.645669
0.652112
0.65942
0.666274
0.67045
0.667157
0.658232
0.900078
0.885956
0.867206
0.844076
0.816804
0.789826
0.762417
0.734581
0.710778
0.691147
0.675347
0.663337
0.654889
0.649537
0.646829
0.646467
0.648292
0.652264
0.658429
0.666669
0.676541
0.686612
0.693066
0.685889
0.663207
0.909369
0.899833
0.886083
0.868217
0.845921
0.820365
0.794035
0.767579
0.742901
0.720702
0.701586
0.686251
0.674841
0.667077
0.662598
0.661145
0.662508
0.666566
0.673363
0.68295
0.69519
0.709571
0.723787
0.732417
0.742991
0.915251
0.909366
0.900076
0.886992
0.870028
0.849293
0.825783
0.800489
0.77753
0.756432
0.734541
0.715677
0.701316
0.690899
0.683997
0.680578
0.68054
0.683686
0.689923
0.699247
0.711556
0.726482
0.743175
0.760362
0.778423
0.918591
0.915301
0.909627
0.900931
0.888897
0.873521
0.855236
0.834884
0.811682
0.790806
0.7715
0.750827
0.734063
0.721055
0.711563
0.705685
0.703417
0.704619
0.709131
0.716837
0.727568
0.740959
0.756339
0.772651
0.788464
0.920209
0.918553
0.91543
0.910244
0.902508
0.891982
0.878669
0.863119
0.845046
0.825644
0.80536
0.78735
0.772093
0.757293
0.745299
0.736723
0.731694
0.730161
0.732029
0.737045
0.744901
0.7552
0.767291
0.780226
0.792699
0.920768
0.92
0.918435
0.915644
0.91118
0.904677
0.895887
0.884892
0.871846
0.857034
0.841173
0.824917
0.808138
0.794076
0.782923
0.773191
0.765751
0.761128
0.759697
0.76123
0.765486
0.772031
0.780204
0.789228
0.7982
0.920746
0.920381
0.919643
0.918282
0.915993
0.912461
0.907395
0.900622
0.892134
0.882054
0.870807
0.858465
0.845764
0.83288
0.819912
0.809677
0.802056
0.796435
0.792899
0.790951
0.791289
0.793762
0.797808
0.802881
0.808298
0.920465
0.920228
0.919864
0.919257
0.918246
0.916635
0.914202
0.910738
0.906091
0.900188
0.893128
0.885005
0.876243
0.866955
0.857628
0.84905
0.839763
0.831962
0.827052
0.823684
0.822188
0.821684
0.821887
0.823062
0.824838
0.920142
0.919894
0.919652
0.919389
0.919047
0.918539
0.917743
0.916513
0.914697
0.912153
0.908802
0.904609
0.899648
0.894049
0.887934
0.882007
0.876034
0.870191
0.86455
0.85883
0.854326
0.85145
0.849932
0.849354
0.848691
0.919939
0.919612
0.919367
0.919224
0.919195
0.919269
0.919407
0.919542
0.919584
0.919416
0.918917
0.91797
0.916481
0.914418
0.911735
0.908617
0.905067
0.901247
0.897631
0.894023
0.890327
0.886038
0.88136
0.87758
0.874688
0.919996
0.919564
0.919255
0.919123
0.919218
0.919583
0.920233
0.921158
0.922323
0.923672
0.925118
0.92653
0.927765
0.928682
0.929144
0.929068
0.928381
0.927071
0.925274
0.922813
0.920026
0.917142
0.913779
0.910104
0.906062
0.920424
0.919896
0.919512
0.919344
0.919469
0.919962
0.920882
0.922262
0.924103
0.926382
0.929045
0.932006
0.935128
0.938232
0.941131
0.943648
0.945616
0.946877
0.947335
0.946895
0.945632
0.943656
0.940789
0.937202
0.933276
0.921255
0.920693
0.920269
0.920058
0.920178
0.920731
0.921784
0.923391
0.9256
0.928424
0.93183
0.935743
0.940029
0.944534
0.94908
0.953457
0.95744
0.960798
0.963334
0.964904
0.965418
0.964852
0.963198
0.960541
0.957022
0.922312
0.921868
0.921526
0.92136
0.921488
0.922054
0.923174
0.924923
0.927333
0.93043
0.934233
0.938693
0.943668
0.949005
0.954535
0.960067
0.965367
0.970169
0.974215
0.97731
0.979319
0.980154
0.979771
0.978167
0.975389
0.92331
0.923102
0.922999
0.923052
0.923318
0.92398
0.925202
0.927063
0.929572
0.932789
0.936798
0.941556
0.946895
0.952673
0.958734
0.964902
0.970968
0.976658
0.981647
0.985709
0.988709
0.990534
0.991082
0.990302
0.988227
0.923969
0.924041
0.924216
0.924575
0.925167
0.926096
0.927543
0.929512
0.932
0.935269
0.939454
0.94442
0.949971
0.955948
0.962212
0.968652
0.975122
0.981309
0.986793
0.991348
0.994873
0.997272
0.998385
0.998101
0.996477
0.923931
0.924154
0.92454
0.925134
0.925999
0.927232
0.928892
0.93106
0.933956
0.937657
0.942037
0.947069
0.9527
0.958761
0.965098
0.971619
0.978139
0.984381
0.990042
0.994819
0.99858
1.00129
1.0027
1.00262
1.00119
0.923476
0.92368
0.924061
0.92468
0.925652
0.927114
0.929098
0.931622
0.934818
0.93867
0.942993
0.947912
0.953658
0.960199
0.967266
0.974296
0.980779
0.986634
0.992004
0.996774
1.00059
1.00309
1.00425
1.00421
1.00292
0.779249
0.792173
0.798992
0.794356
0.802803
0.808623
0.800322
0.807926
0.813309
0.802602
0.809548
0.814498
0.805658
0.811189
0.815334
0.812985
0.816618
0.81947
0.826528
0.827941
0.82909
0.847638
0.846581
0.845615
0.872259
0.870284
0.868443
0.901507
0.896749
0.892669
0.929205
0.924863
0.920373
0.953038
0.948677
0.943817
0.971847
0.967804
0.963116
0.98521
0.981545
0.977123
0.993823
0.990429
0.986218
0.998702
0.995432
0.991314
1.00051
0.997273
0.993183
0.824557
0.824564
0.82457
0.824575
0.824576
0.824573
0.824566
0.824557
0.824535
0.824499
0.824469
0.82444
0.824404
0.824363
0.824319
0.824273
0.824224
0.824173
0.82412
0.824065
0.824009
0.823951
0.82389
0.823826
0.823758
0.823685
0.823609
0.823532
0.823446
0.823345
0.823231
0.823116
0.822996
0.822855
0.82268
0.82249
0.822294
0.822069
0.821809
0.821531
0.821244
0.820937
0.820597
0.820232
0.819847
0.819451
0.81905
0.818658
0.818287
0.817955
0.817683
0.817487
0.817389
0.817428
0.817646
0.818065
0.818708
0.819591
0.820727
0.822121
0.823779
0.825687
0.827785
0.830003
0.83228
0.834551
0.836734
0.838733
0.840456
0.841834
0.84283
0.843439
0.843695
0.84367
0.843473
0.843175
0.842847
0.842555
0.842358
0.842297
0.824545
0.824553
0.82456
0.824563
0.824563
0.824558
0.824549
0.824535
0.824515
0.824489
0.82446
0.824428
0.824392
0.824352
0.824309
0.824264
0.824216
0.824167
0.824115
0.824062
0.824007
0.82395
0.823891
0.823829
0.82376
0.823688
0.823614
0.823538
0.823455
0.823362
0.823259
0.823147
0.823024
0.822891
0.822749
0.822593
0.822411
0.822208
0.821989
0.821748
0.821479
0.821183
0.820866
0.820528
0.82017
0.819797
0.819416
0.819036
0.81867
0.818333
0.818044
0.817827
0.817712
0.817725
0.817889
0.818236
0.818792
0.819581
0.820616
0.821906
0.823453
0.825244
0.827244
0.8294
0.831644
0.833901
0.836082
0.838095
0.839849
0.84127
0.842314
0.842976
0.843289
0.843318
0.843144
0.842875
0.842593
0.842358
0.842198
0.842138
0.824535
0.824544
0.824552
0.824555
0.824554
0.824548
0.824538
0.824522
0.824502
0.824478
0.824449
0.824417
0.824381
0.824343
0.824301
0.824257
0.824211
0.824163
0.824113
0.824061
0.824006
0.82395
0.823893
0.823833
0.823769
0.823703
0.823633
0.823557
0.823477
0.823395
0.823306
0.823204
0.823092
0.822971
0.82284
0.822695
0.82253
0.82235
0.822154
0.821936
0.821695
0.821428
0.821135
0.820815
0.82047
0.820101
0.819713
0.819311
0.818908
0.818516
0.818154
0.817844
0.817617
0.817504
0.817535
0.817742
0.818157
0.818808
0.819714
0.820884
0.822322
0.824018
0.825944
0.828053
0.830283
0.832563
0.834804
0.836912
0.838789
0.840352
0.841543
0.842341
0.842769
0.842886
0.84278
0.842556
0.842297
0.842062
0.841892
0.841791
0.824532
0.824543
0.824552
0.824555
0.824554
0.824547
0.824536
0.824519
0.824499
0.824474
0.824445
0.824412
0.824377
0.824338
0.824297
0.824253
0.824207
0.82416
0.824114
0.824065
0.824013
0.823958
0.823901
0.823843
0.823786
0.823726
0.823661
0.823591
0.823518
0.823441
0.823358
0.823267
0.823167
0.823059
0.822941
0.82281
0.822663
0.822498
0.822314
0.822107
0.821872
0.821605
0.821302
0.820958
0.820571
0.82014
0.819666
0.819156
0.818621
0.818076
0.817546
0.817057
0.81664
0.816334
0.816177
0.816204
0.816453
0.81697
0.817771
0.81883
0.820145
0.821738
0.8236
0.825685
0.827934
0.830282
0.832648
0.834936
0.837044
0.838875
0.84035
0.84142
0.842079
0.842371
0.842377
0.842201
0.841942
0.841677
0.841454
0.841272
0.824537
0.824549
0.824559
0.824563
0.82456
0.824552
0.82454
0.824522
0.824501
0.824475
0.824445
0.824412
0.824376
0.824338
0.824297
0.824253
0.824208
0.824163
0.824116
0.824068
0.82402
0.823968
0.823914
0.82386
0.823806
0.823749
0.823689
0.823627
0.823561
0.823492
0.823417
0.823337
0.82325
0.823154
0.823047
0.822928
0.822791
0.822634
0.82245
0.822235
0.821979
0.821675
0.821314
0.820888
0.820392
0.819822
0.819182
0.818481
0.817735
0.816968
0.816212
0.815503
0.814871
0.814353
0.813988
0.813809
0.813874
0.814253
0.814935
0.815832
0.817005
0.818492
0.820259
0.822294
0.824535
0.826934
0.829423
0.831916
0.834314
0.836508
0.838395
0.839889
0.840942
0.841554
0.841782
0.841723
0.841494
0.841198
0.840891
0.840606
0.824553
0.824566
0.824575
0.824577
0.824573
0.824564
0.82455
0.824531
0.824508
0.824481
0.82445
0.824416
0.82438
0.824341
0.8243
0.824259
0.824215
0.824169
0.824121
0.824073
0.824026
0.823977
0.823928
0.823878
0.823828
0.823776
0.823722
0.823666
0.823608
0.823547
0.823482
0.823412
0.823335
0.823248
0.823149
0.823034
0.822897
0.82273
0.822525
0.822272
0.821957
0.821568
0.821093
0.82052
0.819844
0.819066
0.818193
0.817242
0.816238
0.815214
0.814208
0.813264
0.812424
0.811716
0.811152
0.810815
0.810783
0.811013
0.811487
0.812251
0.813328
0.814648
0.816258
0.818196
0.820372
0.822763
0.82532
0.827975
0.830643
0.833217
0.835577
0.837604
0.839195
0.840287
0.840883
0.841051
0.840915
0.840609
0.840216
0.839824
0.824581
0.824592
0.8246
0.824601
0.824595
0.824583
0.824567
0.824546
0.824521
0.824492
0.824459
0.824424
0.824387
0.824348
0.824307
0.824264
0.824221
0.824176
0.824131
0.824085
0.824039
0.823993
0.823947
0.8239
0.823854
0.823807
0.823759
0.82371
0.82366
0.823607
0.82355
0.823488
0.823418
0.823336
0.823237
0.823116
0.822962
0.822764
0.82251
0.822182
0.821764
0.82124
0.820594
0.819819
0.818911
0.81788
0.816741
0.815522
0.814258
0.812989
0.811759
0.810613
0.809593
0.808729
0.808047
0.80759
0.807401
0.807472
0.807802
0.808421
0.809346
0.810559
0.812043
0.813812
0.815863
0.818174
0.820713
0.823436
0.826279
0.829156
0.831952
0.834529
0.836737
0.838443
0.839564
0.840102
0.840157
0.839885
0.839414
0.838941
0.82462
0.82463
0.824635
0.824632
0.824624
0.82461
0.824591
0.824567
0.824539
0.824508
0.824474
0.824438
0.824399
0.824359
0.824317
0.824275
0.824232
0.824188
0.824144
0.8241
0.824056
0.824012
0.823969
0.823927
0.823885
0.823843
0.823801
0.823759
0.823716
0.823671
0.823621
0.823565
0.823498
0.823414
0.823307
0.823166
0.822977
0.822725
0.82239
0.821953
0.821392
0.820691
0.819836
0.818825
0.817662
0.816367
0.814967
0.813498
0.812005
0.810532
0.809124
0.807823
0.806668
0.805689
0.804912
0.804364
0.804062
0.804015
0.804234
0.804729
0.805504
0.806564
0.807907
0.809532
0.811437
0.813619
0.816063
0.81875
0.821642
0.824683
0.827783
0.830815
0.833611
0.835979
0.837743
0.8388
0.839178
0.839017
0.838495
0.837949
0.824667
0.824677
0.824679
0.824674
0.824661
0.824644
0.824622
0.824595
0.824565
0.824531
0.824495
0.824457
0.824417
0.824376
0.824334
0.824291
0.824248
0.824205
0.824162
0.82412
0.824078
0.824038
0.823998
0.82396
0.823923
0.823887
0.823852
0.823817
0.823782
0.823743
0.8237
0.823647
0.823579
0.823487
0.823361
0.823187
0.822945
0.822616
0.822176
0.821601
0.82087
0.819968
0.818888
0.817635
0.816224
0.814685
0.813055
0.811378
0.809703
0.808075
0.806538
0.805132
0.803888
0.802832
0.801988
0.801372
0.800998
0.800874
0.801007
0.801405
0.802067
0.802997
0.8042
0.805677
0.807431
0.809462
0.811769
0.814347
0.817181
0.820243
0.823478
0.826793
0.830038
0.833003
0.835437
0.837121
0.837959
0.838016
0.83749
0.836872
0.824729
0.824736
0.824733
0.824723
0.824707
0.824687
0.824661
0.82463
0.824597
0.824561
0.824523
0.824483
0.824442
0.8244
0.824357
0.824314
0.824271
0.824229
0.824188
0.824148
0.824109
0.824072
0.824037
0.824004
0.823973
0.823944
0.823917
0.823891
0.823863
0.823833
0.823795
0.823744
0.823671
0.823566
0.823413
0.823194
0.822886
0.822464
0.821901
0.821173
0.820262
0.819157
0.817858
0.816378
0.814748
0.813002
0.811187
0.809351
0.807543
0.805809
0.804189
0.802716
0.801419
0.80032
0.799435
0.798777
0.798355
0.798176
0.798245
0.798565
0.799138
0.799967
0.801055
0.802407
0.804025
0.805915
0.808079
0.81052
0.813238
0.816223
0.819452
0.822871
0.826373
0.829773
0.832798
0.835134
0.836534
0.836924
0.83646
0.835795
0.824812
0.824811
0.8248
0.824784
0.824762
0.824736
0.824707
0.824674
0.824637
0.824599
0.824558
0.824516
0.824473
0.82443
0.824387
0.824344
0.824302
0.824262
0.824223
0.824186
0.824151
0.824119
0.82409
0.824064
0.824041
0.824022
0.824005
0.823989
0.823972
0.823951
0.823919
0.82387
0.823792
0.82367
0.823485
0.823214
0.822832
0.822309
0.821619
0.820737
0.819651
0.818355
0.816857
0.815179
0.813377
0.811469
0.809516
0.807566
0.805669
0.803867
0.802196
0.800687
0.799362
0.798239
0.797331
0.796647
0.796195
0.795978
0.796001
0.796264
0.79677
0.797522
0.798522
0.799776
0.801286
0.803059
0.805099
0.807413
0.810005
0.812876
0.816021
0.819417
0.823003
0.826646
0.830103
0.833023
0.835018
0.835836
0.835511
0.834838
0.824929
0.824904
0.824878
0.824852
0.824824
0.824793
0.824759
0.824722
0.824683
0.824642
0.824599
0.824555
0.824511
0.824467
0.824424
0.824382
0.824342
0.824304
0.824269
0.824236
0.824207
0.824183
0.824162
0.824146
0.824135
0.824129
0.824126
0.824124
0.824122
0.824113
0.824091
0.824045
0.823962
0.823823
0.823606
0.823283
0.822826
0.822204
0.821392
0.820368
0.819123
0.817663
0.81601
0.8142
0.812236
0.810201
0.808151
0.806125
0.804171
0.802328
0.800628
0.799099
0.797759
0.796624
0.795703
0.795004
0.794532
0.79429
0.79428
0.794504
0.794963
0.79566
0.796598
0.79778
0.799213
0.8009
0.802849
0.805065
0.807554
0.810321
0.813368
0.816686
0.820248
0.823974
0.827678
0.831041
0.833614
0.834924
0.834811
0.834157
0.825041
0.824997
0.824957
0.824922
0.824888
0.824852
0.824814
0.824774
0.824731
0.824687
0.824642
0.824597
0.824553
0.824509
0.824467
0.824428
0.824391
0.824357
0.824327
0.824302
0.824282
0.824268
0.82426
0.824258
0.824263
0.824274
0.824291
0.824309
0.824326
0.824336
0.824328
0.824291
0.824207
0.824055
0.823808
0.823438
0.822912
0.822203
0.821283
0.820139
0.818769
0.817191
0.815408
0.813471
0.811396
0.809281
0.807162
0.805086
0.803096
0.801228
0.799512
0.797971
0.796623
0.79548
0.79455
0.793841
0.793355
0.793095
0.793064
0.793262
0.793691
0.794353
0.795252
0.796392
0.797776
0.799411
0.801303
0.80346
0.805887
0.808589
0.811568
0.814821
0.818332
0.822054
0.825846
0.829464
0.832579
0.834424
0.834578
0.833964
0.825129
0.82508
0.825029
0.824986
0.824947
0.824906
0.824865
0.824822
0.824777
0.824731
0.824684
0.824639
0.824594
0.824552
0.824513
0.824478
0.824446
0.82442
0.824399
0.824385
0.824377
0.824378
0.824387
0.824406
0.824433
0.824469
0.824511
0.824557
0.824601
0.824636
0.82465
0.824627
0.824548
0.824389
0.824121
0.823712
0.823131
0.822348
0.821344
0.820103
0.818622
0.816926
0.815061
0.813032
0.810908
0.808741
0.80658
0.804472
0.802459
0.800574
0.798847
0.797298
0.795942
0.794791
0.793854
0.793135
0.792639
0.792368
0.792324
0.792506
0.79292
0.793567
0.794448
0.795569
0.796934
0.79855
0.800423
0.802562
0.804973
0.807663
0.810632
0.813876
0.817383
0.821118
0.824978
0.828789
0.832219
0.834539
0.835042
0.834561
0.825217
0.825152
0.825087
0.825037
0.824992
0.824949
0.824904
0.824859
0.824811
0.824764
0.824717
0.824671
0.824629
0.82459
0.824557
0.824528
0.824505
0.82449
0.824482
0.824483
0.824494
0.824516
0.824549
0.824594
0.824652
0.82472
0.824797
0.824878
0.824957
0.825025
0.825068
0.825067
0.825002
0.824845
0.824565
0.824129
0.823507
0.82267
0.8216
0.820288
0.818733
0.816964
0.815036
0.81296
0.810797
0.808596
0.806409
0.804281
0.802252
0.800356
0.798618
0.79706
0.795695
0.794536
0.79359
0.792863
0.792358
0.79208
0.792028
0.792206
0.792617
0.793263
0.794146
0.795272
0.796644
0.798272
0.800162
0.802325
0.804769
0.807503
0.810529
0.813844
0.817432
0.821259
0.82526
0.829296
0.832956
0.835584
0.836558
0.836339
0.825284
0.8252
0.825118
0.82506
0.825012
0.824965
0.824919
0.824871
0.824823
0.824775
0.824728
0.824685
0.824647
0.824615
0.82459
0.824572
0.824562
0.824562
0.824572
0.824595
0.82463
0.82468
0.824745
0.824825
0.824921
0.82503
0.825149
0.825275
0.825398
0.825506
0.825585
0.825616
0.825575
0.825428
0.825147
0.824698
0.824051
0.823181
0.822071
0.820717
0.819128
0.81733
0.815354
0.813245
0.811055
0.808835
0.806633
0.804494
0.802455
0.800549
0.798801
0.797231
0.795854
0.794682
0.793725
0.792987
0.792473
0.792189
0.792134
0.792314
0.792731
0.793388
0.794289
0.795439
0.796843
0.798512
0.800456
0.802686
0.805216
0.808057
0.811216
0.814692
0.81847
0.822515
0.826757
0.83109
0.835178
0.838203
0.839662
0.839696
0.82531
0.825204
0.825104
0.825038
0.824987
0.82494
0.824892
0.824844
0.824796
0.824749
0.824706
0.824668
0.824638
0.824616
0.824603
0.8246
0.824608
0.824628
0.824662
0.824712
0.82478
0.824865
0.824969
0.825093
0.825236
0.825395
0.825566
0.825744
0.825918
0.826076
0.8262
0.826269
0.826255
0.826129
0.825857
0.825409
0.824754
0.823868
0.82274
0.821367
0.819762
0.817948
0.81596
0.813843
0.811648
0.809423
0.807215
0.805069
0.803022
0.801106
0.799346
0.797764
0.796375
0.795191
0.794222
0.793474
0.792953
0.792665
0.792612
0.792799
0.793229
0.793907
0.794837
0.796026
0.797483
0.799218
0.801245
0.803582
0.806244
0.80925
0.812613
0.816342
0.820431
0.824852
0.82953
0.834326
0.838905
0.842825
0.844753
0.844966
0.825271
0.825138
0.825017
0.824946
0.824895
0.824849
0.824804
0.824758
0.824713
0.82467
0.824634
0.824605
0.824587
0.824579
0.824583
0.824599
0.824629
0.824675
0.824738
0.824821
0.824928
0.825057
0.82521
0.825391
0.825589
0.825802
0.826031
0.826268
0.826501
0.826714
0.826888
0.827
0.827022
0.826922
0.826669
0.826232
0.825582
0.824699
0.823571
0.8222
0.820597
0.818789
0.81681
0.814704
0.812518
0.8103
0.808099
0.805955
0.803907
0.801987
0.800219
0.798626
0.797225
0.796028
0.795046
0.794288
0.793761
0.79347
0.79342
0.793617
0.794066
0.79477
0.795738
0.796977
0.7985
0.800321
0.80246
0.804937
0.807777
0.811005
0.814645
0.818714
0.823224
0.82817
0.833491
0.839
0.844353
0.849305
0.8521
0.852713
0.825126
0.824963
0.824822
0.824751
0.824707
0.82467
0.824633
0.824595
0.824558
0.824525
0.8245
0.824485
0.824483
0.824494
0.824519
0.82456
0.824616
0.824694
0.824795
0.824922
0.825076
0.825253
0.825454
0.825679
0.82593
0.82621
0.82651
0.826814
0.82711
0.827382
0.82761
0.827768
0.827829
0.827761
0.827534
0.827117
0.826484
0.825617
0.824506
0.823154
0.821575
0.819791
0.817839
0.81576
0.8136
0.811405
0.809221
0.807089
0.805047
0.803127
0.801356
0.799755
0.798344
0.797136
0.796144
0.795378
0.794846
0.794555
0.794511
0.79472
0.795188
0.795922
0.796931
0.798227
0.799827
0.801749
0.804017
0.806661
0.809714
0.81321
0.817186
0.821676
0.826711
0.832316
0.838477
0.845033
0.851582
0.857618
0.861964
0.863487
0.824813
0.824622
0.824465
0.824412
0.824392
0.824378
0.824361
0.824341
0.824321
0.824306
0.824298
0.824303
0.824321
0.824354
0.824403
0.824466
0.824548
0.824658
0.824797
0.824963
0.82516
0.825396
0.825664
0.825953
0.826269
0.826613
0.826974
0.82734
0.827695
0.828024
0.828303
0.828508
0.828609
0.828576
0.828378
0.827988
0.827381
0.826541
0.825462
0.824145
0.822605
0.820864
0.818955
0.81692
0.8148
0.812642
0.810488
0.808379
0.806354
0.804444
0.802677
0.801077
0.799663
0.798451
0.797455
0.796685
0.796152
0.795864
0.795827
0.79605
0.796538
0.797304
0.798357
0.799714
0.801395
0.803423
0.805831
0.808654
0.811937
0.815726
0.820077
0.825046
0.830691
0.83707
0.844221
0.85205
0.86008
0.867451
0.873375
0.876368
0.824292
0.824038
0.823875
0.823882
0.823925
0.823963
0.823987
0.823999
0.82401
0.824021
0.824038
0.824066
0.824105
0.824157
0.824223
0.824315
0.824434
0.824577
0.82475
0.824953
0.825194
0.825478
0.825802
0.826155
0.826536
0.82694
0.827357
0.827779
0.828189
0.828568
0.828893
0.829138
0.829275
0.829273
0.829105
0.828743
0.828168
0.827366
0.826328
0.825058
0.82357
0.821886
0.820037
0.818061
0.815998
0.813893
0.811785
0.809717
0.807724
0.80584
0.804092
0.802506
0.801101
0.799895
0.798904
0.79814
0.797614
0.797334
0.797309
0.797548
0.798062
0.79886
0.79996
0.801378
0.80314
0.805274
0.807817
0.810813
0.814315
0.818388
0.823109
0.828565
0.834853
0.842067
0.850317
0.859723
0.869961
0.879748
0.887899
0.892372
0.823602
0.823046
0.822913
0.823111
0.823298
0.823442
0.823534
0.823595
0.823651
0.823703
0.823754
0.823805
0.823865
0.823935
0.824023
0.824137
0.824282
0.824453
0.824657
0.824898
0.82518
0.825503
0.825866
0.826264
0.826695
0.82715
0.827618
0.828087
0.82854
0.828956
0.829314
0.829587
0.829749
0.82977
0.829625
0.829291
0.828748
0.827983
0.82699
0.825775
0.824348
0.822733
0.820958
0.819058
0.817071
0.815037
0.812997
0.810989
0.809049
0.807211
0.805502
0.803948
0.802571
0.801389
0.800419
0.799674
0.799166
0.798906
0.798902
0.799166
0.79971
0.800547
0.801695
0.803175
0.805013
0.807241
0.8099
0.813038
0.816716
0.821008
0.82601
0.83182
0.838564
0.846435
0.855675
0.866627
0.879644
0.894145
0.908357
0.916858
0.821353
0.821157
0.821617
0.822157
0.82257
0.822868
0.82308
0.823232
0.823337
0.823422
0.823497
0.823567
0.823641
0.823726
0.82383
0.823959
0.824117
0.824308
0.824537
0.824806
0.825119
0.825476
0.825873
0.826307
0.826774
0.827263
0.827764
0.828263
0.82874
0.829178
0.829551
0.829836
0.830008
0.83004
0.829908
0.829591
0.829072
0.82834
0.827391
0.826232
0.824873
0.823334
0.821643
0.819832
0.817936
0.815992
0.814039
0.812114
0.810251
0.808482
0.806836
0.805338
0.804011
0.802876
0.801948
0.801241
0.800768
0.800542
0.800573
0.800875
0.801459
0.802342
0.803542
0.805081
0.806986
0.80929
0.812034
0.815264
0.819037
0.823414
0.828471
0.834312
0.841074
0.848986
0.85835
0.869542
0.883289
0.900548
0.920995
0.936948
0.809887
0.816097
0.81936
0.821018
0.821915
0.822432
0.822765
0.822986
0.823133
0.823242
0.82333
0.823408
0.823486
0.823574
0.823682
0.823818
0.823988
0.824194
0.82444
0.824729
0.825062
0.82544
0.82586
0.826317
0.826806
0.827315
0.827832
0.828344
0.82883
0.829272
0.829646
0.829929
0.830096
0.830125
0.829992
0.829681
0.829177
0.828471
0.827562
0.826455
0.825162
0.823702
0.8221
0.820385
0.818589
0.816749
0.814899
0.813074
0.811307
0.809629
0.808068
0.80665
0.805399
0.804331
0.803466
0.802817
0.8024
0.802227
0.80231
0.802664
0.8033
0.804237
0.805491
0.807086
0.809046
0.811403
0.814196
0.817457
0.821204
0.825485
0.830361
0.835916
0.842246
0.849443
0.857569
0.866586
0.876232
0.885685
0.891181
0.878157
0.813637
0.817419
0.819779
0.821137
0.821949
0.822449
0.822769
0.822979
0.823123
0.823229
0.823313
0.823383
0.823452
0.823532
0.823632
0.823771
0.823952
0.824168
0.824423
0.824722
0.825066
0.825455
0.825886
0.826353
0.82685
0.827364
0.827885
0.828394
0.828876
0.829308
0.82967
0.829938
0.830091
0.830106
0.829966
0.829654
0.829158
0.828474
0.827599
0.826541
0.82531
0.823927
0.822413
0.820796
0.819106
0.817376
0.815638
0.813926
0.812271
0.810701
0.809245
0.807927
0.806768
0.805788
0.805005
0.804436
0.804094
0.803993
0.804146
0.804567
0.805269
0.806267
0.807579
0.809224
0.811222
0.813601
0.816391
0.819613
0.823255
0.827337
0.831918
0.837033
0.842676
0.848799
0.855264
0.861724
0.867445
0.870967
0.869509
0.858978
0.817229
0.819676
0.821081
0.82193
0.822475
0.822833
0.823066
0.82322
0.823321
0.823393
0.823445
0.823492
0.823552
0.823639
0.823754
0.823898
0.824074
0.824286
0.824542
0.824843
0.82519
0.825581
0.826013
0.826479
0.826971
0.827479
0.827988
0.828484
0.828948
0.82936
0.829699
0.829944
0.830075
0.830072
0.829919
0.829602
0.829112
0.828444
0.827601
0.826588
0.825419
0.824111
0.822685
0.821168
0.819587
0.817973
0.816356
0.814767
0.813234
0.811787
0.81045
0.809247
0.8082
0.807328
0.80665
0.80618
0.805935
0.805926
0.806168
0.806674
0.807454
0.808524
0.809897
0.811588
0.813612
0.815984
0.818715
0.821829
0.825339
0.82922
0.833459
0.838042
0.842912
0.847939
0.852875
0.857289
0.860473
0.861326
0.858261
0.849669
0.818191
0.820581
0.821857
0.822557
0.823012
0.823315
0.823482
0.823577
0.823657
0.823715
0.823758
0.82381
0.823884
0.823983
0.824107
0.824244
0.824403
0.824607
0.824859
0.825156
0.825498
0.825881
0.826303
0.826756
0.827232
0.827719
0.828206
0.828676
0.829111
0.829492
0.829801
0.830016
0.83012
0.830094
0.829925
0.8296
0.829114
0.828464
0.827652
0.826686
0.825578
0.824346
0.82301
0.821596
0.820128
0.818635
0.817146
0.815689
0.814291
0.812979
0.811776
0.810707
0.809791
0.809048
0.808495
0.808148
0.80802
0.808126
0.808477
0.809086
0.809962
0.811118
0.812561
0.814303
0.81635
0.818708
0.821374
0.824348
0.827662
0.831314
0.835225
0.839308
0.843476
0.847572
0.851342
0.854405
0.856226
0.856113
0.853261
0.847011
0.818631
0.821006
0.82238
0.82316
0.823652
0.823976
0.824153
0.824234
0.824296
0.82435
0.824404
0.824472
0.824548
0.824626
0.82472
0.824843
0.824999
0.825196
0.825436
0.825719
0.826043
0.826406
0.826804
0.82723
0.827677
0.828132
0.828582
0.829013
0.829408
0.829749
0.830017
0.830195
0.830265
0.830214
0.830027
0.829696
0.829216
0.828586
0.82781
0.826895
0.825854
0.824704
0.823466
0.822161
0.820816
0.819455
0.818105
0.816794
0.815545
0.814385
0.813336
0.81242
0.811656
0.811064
0.81066
0.810458
0.810473
0.810716
0.8112
0.811934
0.812926
0.814183
0.815712
0.817515
0.819595
0.82195
0.824571
0.82744
0.830564
0.833949
0.837529
0.841195
0.844818
0.848237
0.851233
0.853525
0.854764
0.854562
0.852557
0.848525
0.82182
0.823552
0.824558
0.825112
0.825444
0.825643
0.825748
0.825783
0.825775
0.825748
0.825723
0.825718
0.825732
0.825764
0.82582
0.825907
0.826027
0.826188
0.826389
0.826632
0.826914
0.827233
0.827585
0.827963
0.828358
0.828759
0.829153
0.829526
0.829863
0.830147
0.830363
0.830493
0.830524
0.830441
0.830236
0.8299
0.82943
0.828827
0.828094
0.827241
0.82628
0.825227
0.824101
0.822924
0.821718
0.820508
0.819318
0.818174
0.817098
0.816113
0.815242
0.814504
0.813918
0.813502
0.813271
0.81324
0.813422
0.813829
0.814469
0.815351
0.816479
0.817856
0.819485
0.821364
0.82349
0.825854
0.828443
0.831242
0.834232
0.837384
0.840654
0.843963
0.84719
0.850178
0.852738
0.854671
0.855779
0.855897
0.85493
0.852815
0.830015
0.830575
0.8307
0.830564
0.830309
0.829989
0.829636
0.829285
0.828956
0.828661
0.828407
0.828198
0.828032
0.827907
0.827821
0.827779
0.827782
0.827834
0.827934
0.82808
0.828267
0.828493
0.828752
0.829038
0.82934
0.829649
0.829953
0.830238
0.830491
0.830697
0.830841
0.83091
0.830891
0.830772
0.830547
0.830208
0.829755
0.829188
0.828513
0.827738
0.826875
0.82594
0.824949
0.823924
0.822884
0.821853
0.820853
0.819906
0.819034
0.818256
0.817592
0.817063
0.816684
0.816473
0.816444
0.81661
0.816983
0.817573
0.818389
0.819437
0.820717
0.822225
0.823957
0.825914
0.828093
0.830483
0.833061
0.835799
0.838673
0.841647
0.844665
0.847663
0.850567
0.853274
0.855653
0.857581
0.858969
0.859703
0.859531
0.858444
0.844619
0.843419
0.842098
0.840769
0.839475
0.838231
0.837082
0.836043
0.835097
0.83424
0.833477
0.832809
0.832232
0.831739
0.831324
0.830985
0.830717
0.830521
0.830394
0.830328
0.83032
0.830363
0.83045
0.830571
0.830717
0.830877
0.83104
0.831194
0.831326
0.831422
0.831469
0.831457
0.831373
0.831209
0.830959
0.830618
0.830186
0.829668
0.829066
0.828389
0.827648
0.826856
0.826029
0.825185
0.824344
0.823526
0.82275
0.822037
0.821403
0.820865
0.820442
0.82015
0.820006
0.820025
0.820224
0.820614
0.821204
0.822001
0.823011
0.824234
0.825671
0.82731
0.829139
0.831153
0.833347
0.835712
0.838261
0.840985
0.843816
0.846702
0.849617
0.852463
0.854999
0.857168
0.859235
0.861242
0.862929
0.864082
0.864626
0.86479
0.866072
0.862972
0.859714
0.856613
0.853755
0.851132
0.848775
0.846662
0.844726
0.842962
0.841381
0.839973
0.838726
0.837631
0.836676
0.835849
0.835136
0.83453
0.834026
0.833612
0.83328
0.833021
0.832826
0.832686
0.83259
0.832527
0.832486
0.832453
0.832418
0.832368
0.832291
0.832176
0.832014
0.831797
0.83152
0.831179
0.830774
0.830308
0.829789
0.829225
0.828622
0.827994
0.827355
0.826719
0.826104
0.825527
0.825006
0.824555
0.824188
0.823918
0.823761
0.823727
0.823832
0.82409
0.824511
0.825109
0.825911
0.826934
0.828165
0.829606
0.831228
0.833025
0.835006
0.837137
0.839318
0.841397
0.843565
0.846124
0.848962
0.851781
0.854489
0.857126
0.859618
0.861846
0.863833
0.865822
0.867878
0.869634
0.870861
0.87176
0.888991
0.884789
0.880454
0.876277
0.872306
0.868534
0.865023
0.861656
0.858381
0.855333
0.852581
0.850087
0.847824
0.845803
0.844018
0.842441
0.841049
0.839829
0.838769
0.837853
0.837063
0.836386
0.835808
0.83532
0.834907
0.834556
0.834254
0.833988
0.833746
0.833517
0.833291
0.833057
0.832803
0.832523
0.832212
0.831865
0.831477
0.831059
0.830628
0.830188
0.82974
0.82929
0.828851
0.828438
0.828067
0.827762
0.827531
0.82737
0.827287
0.827308
0.827432
0.827659
0.828022
0.828534
0.829166
0.829874
0.830743
0.831859
0.833213
0.834905
0.83678
0.838637
0.840588
0.842709
0.844866
0.846998
0.849248
0.85166
0.854223
0.85695
0.859741
0.862362
0.864694
0.866812
0.868795
0.870691
0.872526
0.874226
0.875729
0.877089
0.915472
0.909855
0.903844
0.897794
0.892035
0.886623
0.881815
0.877404
0.873047
0.868878
0.865062
0.861585
0.858386
0.85546
0.852805
0.85041
0.848255
0.846318
0.844583
0.843035
0.841662
0.84045
0.839385
0.838452
0.837636
0.836921
0.836295
0.835741
0.835248
0.834803
0.834395
0.834015
0.833652
0.833299
0.832948
0.832592
0.832215
0.831843
0.831506
0.83119
0.830899
0.830636
0.830398
0.830194
0.830044
0.829999
0.830082
0.830213
0.830366
0.830635
0.830974
0.831343
0.831851
0.83255
0.833418
0.834444
0.835634
0.836974
0.83848
0.840231
0.842165
0.844166
0.846268
0.848429
0.850554
0.852677
0.854865
0.857116
0.859409
0.861742
0.864085
0.866366
0.868534
0.870594
0.872561
0.874439
0.876235
0.87794
0.879539
0.881041
0.938233
0.931944
0.925408
0.918684
0.912023
0.90567
0.899679
0.893891
0.888272
0.882925
0.877943
0.873304
0.868998
0.865063
0.861484
0.858232
0.855279
0.8526
0.850174
0.847992
0.846044
0.844313
0.842776
0.841415
0.840212
0.83915
0.838212
0.837383
0.83665
0.835999
0.835418
0.834898
0.834432
0.834012
0.833631
0.833286
0.832986
0.83273
0.832505
0.8323
0.832146
0.832066
0.832044
0.832072
0.832163
0.832331
0.832579
0.832901
0.833309
0.833839
0.83446
0.835136
0.835918
0.836845
0.83791
0.839097
0.840396
0.841802
0.843315
0.844963
0.846746
0.848627
0.850595
0.852633
0.854702
0.856789
0.858901
0.861037
0.863183
0.865326
0.867448
0.869524
0.871526
0.873447
0.875287
0.877051
0.878744
0.880364
0.881908
0.88338
0.957442
0.950822
0.943856
0.936635
0.929319
0.922097
0.915067
0.90825
0.901683
0.895419
0.889491
0.88392
0.878726
0.873926
0.869513
0.865469
0.861772
0.858406
0.855353
0.852603
0.850139
0.847938
0.845974
0.844227
0.842678
0.841307
0.840098
0.839033
0.838098
0.837279
0.836564
0.835941
0.835401
0.834937
0.83454
0.834207
0.833933
0.833713
0.833542
0.833416
0.833344
0.833344
0.833418
0.833562
0.833781
0.834081
0.83447
0.834954
0.835533
0.836219
0.837008
0.837882
0.838845
0.839912
0.841087
0.842365
0.843742
0.845216
0.846786
0.848451
0.850205
0.852031
0.853911
0.855833
0.857782
0.859743
0.861714
0.863688
0.865657
0.867611
0.869537
0.871423
0.873257
0.875034
0.87675
0.878407
0.880004
0.881539
0.88301
0.884418
0.971594
0.96496
0.95784
0.950364
0.942672
0.934922
0.927248
0.919738
0.912454
0.905454
0.898783
0.89248
0.886559
0.881054
0.875971
0.871293
0.867008
0.86309
0.85953
0.856317
0.853423
0.850821
0.84849
0.84641
0.844561
0.842923
0.841477
0.840206
0.839094
0.838125
0.837287
0.836568
0.835956
0.835443
0.835021
0.834684
0.834426
0.834244
0.834135
0.834098
0.834134
0.834248
0.834438
0.834706
0.835051
0.835477
0.835988
0.836584
0.837268
0.838039
0.838901
0.839848
0.840882
0.842006
0.843223
0.844529
0.845919
0.84739
0.848937
0.850554
0.852235
0.85397
0.855748
0.85756
0.859396
0.861246
0.863102
0.864957
0.866803
0.868631
0.870432
0.872201
0.873929
0.875612
0.877246
0.878829
0.880359
0.881834
0.883252
0.884611
0.980856
0.97431
0.967158
0.95955
0.951644
0.943601
0.93556
0.927626
0.919885
0.912408
0.905249
0.898472
0.892022
0.886007
0.880453
0.875337
0.870649
0.866318
0.862367
0.858807
0.855598
0.852706
0.85011
0.847792
0.84573
0.843904
0.842295
0.840882
0.83965
0.838583
0.837666
0.836885
0.83623
0.83569
0.835255
0.834919
0.834674
0.834517
0.834442
0.83445
0.834539
0.834707
0.834952
0.835274
0.835675
0.836154
0.836715
0.837357
0.838083
0.838892
0.839785
0.840762
0.841822
0.842963
0.844186
0.845488
0.846864
0.84831
0.849823
0.851395
0.853022
0.854696
0.856408
0.85815
0.859915
0.861693
0.863478
0.865261
0.867036
0.868795
0.870532
0.872242
0.873918
0.875556
0.877152
0.878704
0.880207
0.881661
0.883061
0.884403
0.986023
0.979506
0.972311
0.964608
0.956567
0.948346
0.94008
0.931886
0.923861
0.91609
0.908623
0.901506
0.894786
0.888514
0.882685
0.877301
0.872353
0.867807
0.863649
0.85988
0.856482
0.853424
0.850682
0.848233
0.846057
0.844133
0.842439
0.840956
0.839666
0.838552
0.837597
0.83679
0.836115
0.835564
0.835124
0.834789
0.834551
0.834402
0.834336
0.834356
0.834461
0.834648
0.834913
0.835254
0.835672
0.836168
0.836742
0.837396
0.838129
0.838942
0.839836
0.84081
0.841864
0.842996
0.844204
0.845488
0.846843
0.848265
0.849751
0.851294
0.85289
0.854531
0.856211
0.857922
0.859657
0.861408
0.863168
0.86493
0.866685
0.868429
0.870153
0.871853
0.873523
0.875159
0.876755
0.878309
0.879817
0.88128
0.882694
0.884052
0.987924
0.981419
0.974212
0.966481
0.958403
0.950137
0.941809
0.933529
0.925401
0.917508
0.90992
0.902654
0.895803
0.889349
0.883334
0.877797
0.872704
0.868052
0.863807
0.859948
0.856465
0.853334
0.850532
0.848034
0.845819
0.843863
0.842145
0.840645
0.839342
0.838221
0.837263
0.836455
0.835783
0.835236
0.834803
0.834475
0.834246
0.83411
0.834066
0.834109
0.834228
0.834421
0.834688
0.835031
0.835449
0.835944
0.836515
0.837163
0.83789
0.838695
0.839579
0.840542
0.841583
0.842702
0.843896
0.845164
0.846504
0.84791
0.84938
0.850908
0.852489
0.854116
0.855784
0.857484
0.859211
0.860955
0.862711
0.86447
0.866225
0.867971
0.869699
0.871404
0.873081
0.874724
0.876329
0.877891
0.879405
0.880858
0.882245
0.883585
0.827226
0.790681
0.754705
0.834084
0.807539
0.783918
0.834862
0.818125
0.802636
0.837768
0.827578
0.817887
0.842983
0.837084
0.83151
0.849952
0.847043
0.844237
0.857114
0.856005
0.85519
0.865181
0.865811
0.866251
0.872593
0.873527
0.874489
0.878349
0.879562
0.880782
0.8824
0.88364
0.884855
0.884698
0.885879
0.887022
0.885671
0.886783
0.887852
0.885818
0.886888
0.887916
0.885596
0.886653
0.887668
0.885262
0.886332
0.887355
0.884801
0.885896
0.886962
0.715041
0.714897
0.714678
0.714429
0.714151
0.713846
0.713534
0.713241
0.71301
0.712933
0.71315
0.713866
0.715299
0.71766
0.721291
0.726306
0.732835
0.741762
0.752739
0.763972
0.77429
0.781317
0.778478
0.747504
0.653434
0.715363
0.715207
0.715023
0.714837
0.714637
0.714421
0.714196
0.71398
0.713818
0.713773
0.713879
0.71421
0.715002
0.716581
0.71944
0.723672
0.72932
0.736535
0.745167
0.754861
0.764461
0.771036
0.769746
0.751836
0.707014
0.715686
0.715498
0.715312
0.715164
0.715003
0.714796
0.714515
0.714142
0.713673
0.713145
0.712633
0.712259
0.71225
0.713053
0.714804
0.717692
0.722176
0.728088
0.735082
0.74275
0.749976
0.754441
0.752595
0.739526
0.710432
0.715836
0.715602
0.715377
0.715191
0.714946
0.714571
0.71401
0.713216
0.712168
0.71091
0.7097
0.708687
0.708089
0.708293
0.70947
0.71175
0.715264
0.719918
0.725472
0.731451
0.736914
0.740269
0.739212
0.731123
0.714268
0.71563
0.71537
0.715097
0.71482
0.714409
0.713768
0.712829
0.71156
0.709992
0.708254
0.706508
0.705074
0.704215
0.704149
0.704993
0.706788
0.709554
0.713224
0.717612
0.72234
0.726741
0.729707
0.729765
0.725497
0.716278
0.715007
0.714747
0.714435
0.714052
0.713459
0.712558
0.7113
0.709703
0.707852
0.705829
0.703912
0.70241
0.701512
0.701349
0.701951
0.703345
0.705528
0.708441
0.711981
0.715926
0.719813
0.722919
0.724356
0.723354
0.719696
0.714042
0.71381
0.713483
0.71302
0.712295
0.711231
0.709826
0.708119
0.706137
0.704087
0.702288
0.700903
0.700074
0.699873
0.700302
0.701378
0.703103
0.705485
0.708497
0.712025
0.71581
0.719429
0.722362
0.724164
0.724727
0.712892
0.71271
0.712407
0.711921
0.711158
0.710064
0.70867
0.706985
0.705093
0.703276
0.701696
0.700492
0.699761
0.699528
0.699824
0.700668
0.702088
0.704137
0.706871
0.710297
0.714337
0.718781
0.723325
0.727673
0.731673
0.711715
0.711602
0.711359
0.710909
0.710194
0.709187
0.707907
0.706406
0.704817
0.703294
0.701968
0.700954
0.700323
0.700094
0.700302
0.70098
0.702202
0.704088
0.706783
0.710418
0.715055
0.720619
0.726894
0.733596
0.740463
0.71064
0.710603
0.710442
0.710077
0.709477
0.708654
0.707606
0.706399
0.705144
0.703938
0.702884
0.702066
0.701532
0.701313
0.701455
0.702031
0.703174
0.705084
0.708009
0.712188
0.717766
0.72471
0.732795
0.741665
0.750947
0.709748
0.709774
0.709702
0.709461
0.709038
0.708443
0.707689
0.706813
0.705892
0.704998
0.7042
0.703559
0.703113
0.70291
0.703027
0.703589
0.704807
0.706977
0.710447
0.715525
0.722364
0.730884
0.740781
0.751612
0.762912
0.709052
0.709117
0.709126
0.709018
0.708792
0.708449
0.707996
0.70745
0.706852
0.706246
0.705677
0.705189
0.704828
0.704666
0.704823
0.705502
0.707009
0.709743
0.71412
0.72045
0.728812
0.739016
0.750649
0.763184
0.776094
0.708518
0.7086
0.708668
0.708685
0.708653
0.708562
0.708398
0.708157
0.70785
0.707496
0.707123
0.70677
0.7065
0.706427
0.70674
0.707738
0.709836
0.713513
0.719187
0.72708
0.737129
0.749
0.762178
0.776085
0.790171
0.708095
0.708172
0.708278
0.708405
0.708552
0.708691
0.708788
0.708813
0.708752
0.708605
0.708395
0.708172
0.708029
0.708145
0.70881
0.710436
0.71353
0.718578
0.725905
0.735561
0.747306
0.760673
0.77509
0.789965
0.804767
0.707724
0.707779
0.707904
0.708125
0.708428
0.70877
0.709088
0.70933
0.709465
0.709485
0.709418
0.709344
0.709419
0.709922
0.711263
0.713954
0.718515
0.725332
0.734537
0.745972
0.759234
0.773781
0.789031
0.804424
0.819472
0.707324
0.707345
0.707487
0.707788
0.708227
0.708744
0.709239
0.709648
0.709932
0.710093
0.710187
0.710349
0.710849
0.712092
0.714589
0.718864
0.725328
0.734155
0.745242
0.758248
0.772674
0.787967
0.803584
0.819024
0.833861
0.706764
0.706759
0.706921
0.70732
0.707909
0.708571
0.7092
0.709733
0.710147
0.710468
0.710813
0.711448
0.712777
0.715299
0.719526
0.725853
0.734459
0.745268
0.757977
0.772141
0.787248
0.80279
0.818291
0.833316
0.847512
0.705861
0.705871
0.706077
0.706617
0.70739
0.708197
0.708946
0.709607
0.710183
0.710782
0.711676
0.71327
0.716048
0.720479
0.726917
0.735505
0.746163
0.758614
0.772455
0.78723
0.80248
0.817767
0.832685
0.846871
0.860036
0.704321
0.704388
0.704849
0.705666
0.706651
0.707641
0.708553
0.709402
0.710319
0.711601
0.713653
0.716926
0.721826
0.728625
0.737406
0.748059
0.760318
0.773824
0.788181
0.802986
0.817852
0.832411
0.84632
0.859295
0.871108
0.701741
0.701924
0.70301
0.704464
0.705857
0.707092
0.708254
0.709587
0.711429
0.71417
0.7182
0.723827
0.731214
0.740364
0.751127
0.763248
0.776416
0.790294
0.804546
0.818839
0.832847
0.846262
0.858801
0.87026
0.880484
0.696964
0.698382
0.701058
0.703423
0.705208
0.706857
0.708848
0.711533
0.715259
0.720327
0.726914
0.735057
0.744672
0.755588
0.767572
0.780368
0.793707
0.807318
0.820921
0.834234
0.846982
0.858905
0.869797
0.879535
0.888036
0.684216
0.692653
0.699162
0.702312
0.704757
0.708087
0.712356
0.717578
0.723991
0.731712
0.740671
0.750725
0.761716
0.773474
0.78581
0.798526
0.811407
0.824222
0.836726
0.848673
0.859832
0.870003
0.879067
0.88699
0.893752
0.654687
0.681078
0.696547
0.702603
0.707986
0.714972
0.722654
0.730698
0.739384
0.748857
0.759045
0.769841
0.78115
0.79286
0.804828
0.816878
0.82881
0.840405
0.851442
0.861713
0.871046
0.879317
0.886496
0.892628
0.897745
0.712218
0.712234
0.721079
0.725176
0.729172
0.73552
0.743224
0.751493
0.760328
0.769808
0.779868
0.790391
0.801258
0.812335
0.823454
0.834423
0.845036
0.855091
0.864402
0.87282
0.880247
0.886637
0.892035
0.896544
0.900227
0.762742
0.751595
0.750246
0.751751
0.754786
0.759842
0.766486
0.774096
0.782435
0.791424
0.800941
0.810825
0.820904
0.831002
0.840929
0.850491
0.859501
0.867798
0.875255
0.881793
0.887386
0.892055
0.895896
0.899036
0.901554
0.788824
0.779265
0.776358
0.777242
0.77991
0.784193
0.790018
0.796957
0.804652
0.812949
0.821662
0.830598
0.839552
0.848332
0.856752
0.864643
0.871864
0.878311
0.883923
0.888687
0.892634
0.895829
0.89839
0.900445
0.90207
0.809246
0.803063
0.800727
0.801303
0.803674
0.807418
0.812599
0.818978
0.825976
0.833384
0.841042
0.848747
0.856292
0.863499
0.870219
0.876331
0.88175
0.886434
0.890377
0.893613
0.896206
0.898241
0.899833
0.901089
0.902079
0.826591
0.823166
0.821814
0.822393
0.824856
0.828797
0.833729
0.839343
0.845416
0.851747
0.858135
0.864392
0.870354
0.875888
0.880894
0.885306
0.889092
0.892253
0.894822
0.896857
0.898431
0.899629
0.900545
0.90126
0.90183
0.841609
0.839841
0.839742
0.841354
0.844263
0.848103
0.852458
0.857144
0.862103
0.867166
0.872142
0.876882
0.881271
0.885225
0.888692
0.891648
0.894099
0.896074
0.89762
0.898798
0.899676
0.900323
0.900805
0.901185
0.901506
0.854692
0.854954
0.856199
0.858164
0.860753
0.863937
0.867529
0.871329
0.8752
0.879013
0.882646
0.886001
0.889012
0.891642
0.893875
0.895717
0.897192
0.898337
0.899199
0.899829
0.900279
0.900598
0.900834
0.901028
0.901216
0.866621
0.867475
0.868993
0.871016
0.873411
0.876093
0.878939
0.881823
0.884647
0.88733
0.889806
0.892025
0.89396
0.895602
0.896955
0.898039
0.89888
0.899511
0.89997
0.900291
0.90051
0.900661
0.900776
0.900885
0.901016
0.875558
0.876906
0.878572
0.880469
0.882496
0.884599
0.886715
0.888775
0.890722
0.892515
0.894124
0.89553
0.896728
0.897723
0.898528
0.899162
0.899647
0.900005
0.90026
0.900435
0.900554
0.900638
0.900713
0.900798
0.900916
0.88208
0.883513
0.885048
0.886648
0.888257
0.88984
0.891364
0.892799
0.894117
0.895303
0.896348
0.897249
0.898011
0.898642
0.899155
0.899564
0.899883
0.900124
0.9003
0.900428
0.900522
0.900599
0.900677
0.900773
0.900902
0.886126
0.887465
0.888804
0.890121
0.891389
0.892589
0.893708
0.894736
0.895667
0.896499
0.897233
0.89787
0.898416
0.898878
0.899266
0.899589
0.899853
0.900064
0.90023
0.900361
0.90047
0.90057
0.900675
0.900798
0.90095
0.888203
0.889416
0.890582
0.891692
0.892734
0.8937
0.894587
0.895397
0.896131
0.896796
0.897393
0.897922
0.898387
0.898791
0.899143
0.899449
0.899713
0.899937
0.900124
0.900282
0.900422
0.900555
0.900693
0.900851
0.901034
0.888952
0.89007
0.891131
0.89213
0.893059
0.893914
0.894696
0.895413
0.896072
0.896679
0.897235
0.897741
0.898194
0.898593
0.898946
0.899261
0.899542
0.899796
0.900019
0.900212
0.900387
0.900561
0.900741
0.900926
0.901119
0.888971
0.890044
0.891063
0.892026
0.892924
0.89375
0.894504
0.895195
0.895835
0.896428
0.896979
0.897495
0.897971
0.898389
0.898753
0.899082
0.899386
0.899666
0.899921
0.900145
0.900351
0.900558
0.900773
0.900989
0.901199
0.888706
0.889758
0.890762
0.891719
0.892626
0.89347
0.894238
0.894939
0.895587
0.896192
0.896761
0.897291
0.897771
0.898193
0.898567
0.898916
0.899249
0.899549
0.899822
0.900082
0.900328
0.900564
0.900797
0.901033
0.90127
0.888401
0.889475
0.89051
0.891482
0.89237
0.893184
0.893944
0.89466
0.89534
0.895984
0.896585
0.897123
0.897597
0.89804
0.898462
0.898844
0.89918
0.899485
0.899771
0.900051
0.900324
0.900584
0.900832
0.901077
0.901323
0.888073
0.889211
0.890279
0.891259
0.89214
0.892945
0.893739
0.894528
0.895261
0.895921
0.896506
0.897025
0.897511
0.897987
0.898442
0.898841
0.899175
0.899474
0.899763
0.900045
0.900321
0.900587
0.900849
0.90111
0.90137
0.00681755
0.00684268
0.00678895
0.00662763
0.0064028
0.00597279
0.00512462
0.0043319
0.00419544
0.00425964
0.0194588
0.0190501
0.0185321
0.0179515
0.017359
0.0168282
0.016165
0.0155135
0.0149446
0.0142949
0.0322632
0.0318519
0.0311149
0.0301188
0.0289639
0.0279016
0.0266827
0.0253752
0.0245297
0.0239338
0.044711
0.0441885
0.0432192
0.0418927
0.0404089
0.0390222
0.0374843
0.0358201
0.0347051
0.0339747
0.0568063
0.0561913
0.0550292
0.053465
0.051768
0.0501661
0.0484185
0.046518
0.0451742
0.0443313
0.0683672
0.0676535
0.0663366
0.0646677
0.0629305
0.0612715
0.0595423
0.0576266
0.0561354
0.0551729
0.0791849
0.0783784
0.0769811
0.0754071
0.0738596
0.0723681
0.0709107
0.0692344
0.0677198
0.066667
0.0889621
0.0880829
0.0867488
0.0855556
0.084544
0.0836176
0.082694
0.0815377
0.0801523
0.0790606
0.0973288
0.0964472
0.0954152
0.0949633
0.0949386
0.0950554
0.0950681
0.0947572
0.0937137
0.092664
0.103868
0.103079
0.102607
0.103477
0.105084
0.106868
0.10832
0.109087
0.108695
0.107855
0.107995
0.107557
0.108108
0.111187
0.115158
0.119152
0.122742
0.125029
0.125526
0.125104
0.109176
0.109513
0.111632
0.118038
0.125379
0.132173
0.138292
0.142849
0.144832
0.144924
0.106798
0.108061
0.112409
0.123632
0.135574
0.146203
0.155727
0.163149
0.166936
0.167771
0.0994788
0.102136
0.110224
0.127987
0.145765
0.161947
0.175797
0.186376
0.192522
0.194507
0.0857474
0.0919305
0.107239
0.13363
0.158763
0.181299
0.199811
0.213706
0.222224
0.225526
0.067055
0.0798262
0.107211
0.14418
0.177204
0.205503
0.228403
0.245593
0.256458
0.261113
0.0475327
0.067419
0.111131
0.159009
0.200015
0.234522
0.262
0.282453
0.29551
0.301252
0.0180307
0.0452653
0.114618
0.176289
0.22868
0.271012
0.302713
0.325297
0.339592
0.345932
-0.0652731
0.0174924
0.135972
0.217923
0.277162
0.322015
0.353512
0.374907
0.38838
0.394225
-0.119704
0.0799084
0.242153
0.314714
0.356133
0.388916
0.412885
0.429329
0.439924
0.444524
0.393483
0.365934
0.413419
0.433225
0.445395
0.460315
0.474157
0.484637
0.49179
0.495005
0.609954
0.536923
0.519926
0.518543
0.519906
0.524924
0.53159
0.537407
0.541711
0.543841
0.662417
0.616852
0.594002
0.584508
0.580528
0.58053
0.582945
0.585727
0.588112
0.589499
0.688946
0.662029
0.643217
0.633025
0.628243
0.626917
0.62769
0.629047
0.630432
0.631407
0.702764
0.688098
0.676735
0.669925
0.666709
0.665942
0.666637
0.667671
0.668729
0.669551
0.713863
0.707365
0.702281
0.699467
0.698708
0.699397
0.700842
0.7022
0.70335
0.704185
0.724331
0.723668
0.723608
0.724543
0.726393
0.728808
0.731318
0.733287
0.734733
0.735666
0.735412
0.7391
0.742946
0.747022
0.751209
0.755258
0.758844
0.761477
0.763275
0.764334
0.747445
0.754469
0.761339
0.767921
0.774023
0.779438
0.783943
0.787158
0.789274
0.790451
0.760513
0.7701
0.779263
0.787743
0.79529
0.801727
0.806914
0.810563
0.812917
0.814183
0.774502
0.786004
0.796827
0.806642
0.815172
0.822275
0.827882
0.831789
0.834283
0.835602
0.789188
0.802025
0.813938
0.824566
0.833646
0.841073
0.846846
0.850837
0.853372
0.854707
0.804262
0.817899
0.830374
0.841339
0.850573
0.858014
0.863725
0.867643
0.870128
0.871445
0.81936
0.83329
0.845845
0.856725
0.865758
0.872942
0.878397
0.882112
0.884475
0.885749
0.834092
0.847835
0.860038
0.870463
0.878993
0.8857
0.890748
0.894167
0.896356
0.897566
0.848053
0.86118
0.872657
0.882312
0.890104
0.896172
0.90071
0.903772
0.905757
0.906893
0.860865
0.873008
0.883449
0.892096
0.898988
0.904316
0.908288
0.910969
0.912738
0.913795
0.872201
0.883068
0.892245
0.899732
0.905638
0.910187
0.913581
0.915884
0.917444
0.918421
0.881818
0.891199
0.898981
0.905249
0.910159
0.913944
0.916785
0.918739
0.920107
0.921007
0.889569
0.897363
0.903722
0.908791
0.912761
0.915847
0.918191
0.919839
0.921037
0.921862
0.89543
0.901649
0.906652
0.910618
0.913751
0.91623
0.918153
0.919545
0.920597
0.921345
0.899505
0.904262
0.908053
0.911069
0.913496
0.915474
0.917055
0.91824
0.919167
0.919852
0.90201
0.905496
0.908271
0.910515
0.91238
0.91396
0.915272
0.916293
0.917111
0.917753
0.90325
0.90571
0.90769
0.909346
0.910786
0.912067
0.913174
0.914073
0.914801
0.91532
0.903602
0.905283
0.906677
0.907901
0.90903
0.910086
0.911034
0.911824
0.912477
0.912867
0.903396
0.904515
0.905494
0.906415
0.907321
0.908207
0.909026
0.909723
0.910282
0.910595
0.902906
0.903647
0.90435
0.905067
0.905816
0.906579
0.907303
0.907924
0.908329
0.908483
0.902338
0.902842
0.90337
0.903953
0.904594
0.905265
0.905892
0.906428
0.906686
0.906702
0.901827
0.90219
0.902613
0.903111
0.903674
0.904271
0.904807
0.905197
0.905363
0.905347
0.901439
0.901727
0.902089
0.902527
0.903022
0.903527
0.903987
0.904289
0.904364
0.904307
0.901196
0.901449
0.901774
0.902168
0.902601
0.903023
0.903398
0.903634
0.903643
0.903543
0.901087
0.901325
0.90163
0.901989
0.902367
0.90272
0.903003
0.903152
0.903118
0.902997
0.90108
0.901318
0.901607
0.901929
0.902251
0.902533
0.902736
0.902819
0.902754
0.902623
0.901142
0.901382
0.901655
0.901938
0.902205
0.902423
0.902563
0.902599
0.902515
0.902383
0.901245
0.901479
0.901729
0.901977
0.902196
0.902362
0.902455
0.90246
0.902369
0.902244
0.901334
0.901569
0.901805
0.902023
0.902204
0.902331
0.902392
0.902381
0.902292
0.902181
0.90142
0.901655
0.901876
0.90207
0.902222
0.902322
0.902364
0.902346
0.902268
0.902176
0.901503
0.901731
0.90194
0.902117
0.902252
0.902336
0.902369
0.902352
0.902288
0.902214
0.901569
0.901805
0.902017
0.902192
0.90232
0.902397
0.902423
0.902403
0.902349
0.902287
0.901629
0.901879
0.9021
0.90228
0.90241
0.902482
0.902497
0.902471
0.902422
0.902371
)
;

boundaryField
{
    inlet
    {
        type            zeroGradient;
    }
    outlet
    {
        type            fixedValue;
        value           uniform 0;
    }
    walls
    {
        type            zeroGradient;
    }
    baffle
    {
        type            zeroGradient;
    }
    front
    {
        type            empty;
    }
    back
    {
        type            empty;
    }
}


// ************************************************************************* //
