/*--------------------------------*- C++ -*----------------------------------*\
| =========                 |                                                 |
| \\      /  F ield         | OpenFOAM: The Open Source CFD Toolbox           |
|  \\    /   O peration     | Version:  v2012                                 |
|   \\  /    A nd           | Website:  www.openfoam.com                      |
|    \\/     M anipulation  |                                                 |
\*---------------------------------------------------------------------------*/
FoamFile
{
    version     2.0;
    format      ascii;
    class       volScalarField;
    location    "643";
    object      age;
}
// * * * * * * * * * * * * * * * * * * * * * * * * * * * * * * * * * * * * * //

dimensions      [0 0 1 0 0 0 0];


internalField   nonuniform List<scalar> 
6532
(
0.0125017
0.0124996
0.0124998
0.0124998
0.0124999
0.0124999
0.0124998
0.0124998
0.0124996
0.0125017
0.0375091
0.0374975
0.0374976
0.0374979
0.0374981
0.0374981
0.0374979
0.0374976
0.0374975
0.0375091
0.0625268
0.0624943
0.0624926
0.062493
0.0624933
0.0624933
0.062493
0.0624926
0.0624943
0.0625268
0.0875553
0.0874912
0.0874848
0.0874843
0.0874846
0.0874846
0.0874843
0.0874847
0.0874911
0.0875553
0.112594
0.112488
0.112474
0.112472
0.112472
0.112471
0.112472
0.112474
0.112488
0.112594
0.137644
0.137486
0.137461
0.137455
0.137454
0.137454
0.137455
0.137461
0.137486
0.137644
0.162703
0.162485
0.162446
0.162435
0.162432
0.162432
0.162435
0.162446
0.162485
0.162703
0.187771
0.187484
0.187428
0.187412
0.187406
0.187406
0.187411
0.187428
0.187484
0.187771
0.212848
0.212484
0.212409
0.212385
0.212377
0.212377
0.212384
0.212408
0.212483
0.212848
0.237933
0.237484
0.237387
0.237355
0.237344
0.237343
0.237354
0.237387
0.237484
0.237932
0.263027
0.262485
0.262364
0.262322
0.262307
0.262307
0.262321
0.262363
0.262484
0.263025
0.288128
0.287487
0.287339
0.287286
0.287267
0.287267
0.287285
0.287338
0.287485
0.288125
0.313236
0.312489
0.312313
0.312248
0.312224
0.312223
0.312246
0.31231
0.312486
0.313233
0.338352
0.337492
0.337285
0.337207
0.337178
0.337177
0.337205
0.337281
0.337487
0.338346
0.363476
0.362496
0.362255
0.362164
0.362129
0.362127
0.36216
0.362249
0.362488
0.363471
0.388608
0.387501
0.387225
0.387119
0.387077
0.387075
0.387113
0.387216
0.387489
0.388579
0.413748
0.412507
0.412194
0.412071
0.412022
0.412019
0.412062
0.41218
0.412489
0.41379
0.438896
0.437515
0.437162
0.437022
0.436965
0.43696
0.437007
0.43714
0.437488
0.438598
0.464055
0.462527
0.462131
0.461972
0.461905
0.461897
0.461948
0.462096
0.462487
0.465148
0.489225
0.487542
0.487101
0.486921
0.486843
0.486829
0.486882
0.487043
0.48747
0.484351
0.514689
0.512843
0.512353
0.512149
0.512056
0.512034
0.512084
0.512253
0.512723
0.535358
0.540452
0.538432
0.537889
0.537659
0.537549
0.537516
0.537561
0.537739
0.538259
0.570342
0.566238
0.564036
0.563436
0.563177
0.563048
0.563002
0.563043
0.563238
0.563807
0.604614
0.592053
0.589661
0.589
0.58871
0.588561
0.588501
0.588539
0.588768
0.589382
0.638203
0.617905
0.615315
0.614587
0.614265
0.614093
0.614019
0.61406
0.614343
0.615011
0.671118
0.643803
0.641005
0.640207
0.63985
0.639654
0.639567
0.639618
0.639983
0.64071
0.703203
0.669758
0.666743
0.665869
0.665474
0.665253
0.665154
0.665224
0.665703
0.666498
0.734425
0.695782
0.692541
0.691583
0.691148
0.690901
0.690793
0.690892
0.691519
0.692389
0.764638
0.72189
0.718412
0.717364
0.716886
0.716612
0.716496
0.716635
0.717446
0.718382
0.793662
0.7481
0.744374
0.743227
0.742704
0.7424
0.742279
0.742469
0.743502
0.744488
0.821432
0.774435
0.770448
0.769192
0.768619
0.768284
0.768161
0.768413
0.769706
0.770722
0.84794
0.800919
0.796658
0.795281
0.794653
0.794287
0.794162
0.794487
0.796073
0.797097
0.873176
0.827583
0.823035
0.821521
0.820834
0.820433
0.820308
0.820711
0.82262
0.823629
0.897172
0.854465
0.849614
0.847946
0.847194
0.846753
0.846628
0.84711
0.849362
0.850332
0.920003
0.881608
0.876439
0.874595
0.873769
0.873285
0.873155
0.873712
0.876313
0.877224
0.941784
0.909069
0.903562
0.901518
0.900607
0.900074
0.899932
0.90055
0.903491
0.904332
0.962692
0.93691
0.931046
0.928772
0.927764
0.927172
0.927009
0.927666
0.930915
0.931698
0.983018
0.965213
0.958971
0.956431
0.955309
0.954651
0.954452
0.955115
0.958619
0.959382
1.00317
0.993487
0.986853
0.984013
0.982759
0.982024
0.981776
0.982405
0.986084
0.986909
1.02291
1.02181
1.01477
1.01159
1.01018
1.00936
1.00905
1.0096
1.01335
1.01434
1.04335
1.05088
1.0434
1.03983
1.03824
1.03731
1.03692
1.03734
1.04106
1.04229
1.06493
1.08084
1.07288
1.06887
1.06705
1.066
1.06551
1.06577
1.0693
1.07091
1.08675
1.11188
1.1034
1.09886
1.09677
1.09558
1.09497
1.09503
1.09824
1.1004
1.10888
1.14423
1.13515
1.13002
1.12759
1.12623
1.12548
1.12531
1.12803
1.13098
1.13152
1.17818
1.16841
1.16259
1.15974
1.15815
1.15726
1.15686
1.15893
1.16295
1.15438
1.2141
1.20351
1.19687
1.19349
1.19162
1.19055
1.18994
1.19118
1.19666
1.17959
1.25248
1.24089
1.23325
1.22921
1.22697
1.22566
1.22487
1.22518
1.23146
1.21712
1.29397
1.2811
1.27225
1.26735
1.26459
1.26297
1.26201
1.26147
1.2672
1.26014
1.33953
1.32494
1.31452
1.30849
1.30502
1.30295
1.30179
1.30065
1.30464
1.30411
1.39054
1.37354
1.36101
1.35343
1.34895
1.34623
1.34473
1.34328
1.34514
1.34778
1.44922
1.42861
1.41302
1.40328
1.39733
1.39364
1.39154
1.38992
1.39005
1.39274
1.51952
1.49306
1.4727
1.45967
1.45152
1.44636
1.44328
1.44131
1.44039
1.44173
1.60891
1.57156
1.54313
1.52492
1.51337
1.50595
1.5013
1.49852
1.49695
1.497
1.73888
1.67689
1.63161
1.60378
1.58657
1.57551
1.56835
1.56391
1.56136
1.56039
1.95571
1.82898
1.74816
1.70091
1.67325
1.65643
1.64587
1.6393
1.63547
1.63366
2.85548
2.18035
1.9386
1.84948
1.79748
1.76601
1.74601
1.73317
1.72526
1.72091
13.3044
7.09236
3.35143
2.10314
1.93348
1.88814
1.86529
1.85106
1.84131
1.83484
12.0544
11.5812
7.91659
4.37368
2.68927
2.14741
2.02863
1.98983
1.97113
1.96239
11.4861
11.6932
11.049
8.12389
5.44725
3.7558
2.89466
2.47613
2.31629
2.24726
10.9443
10.0498
9.62204
8.69693
7.30279
6.16941
5.36642
4.75075
4.30383
3.99209
141.036
165.956
165.903
166.385
167.146
168.321
169.936
172.009
174.841
178.126
181.479
185.34
189.012
192.032
194.251
195.646
196.202
196.394
196.576
196.76
196.952
197.165
197.423
197.796
199.941
138.631
163.603
161.484
161.564
161.68
162.193
163.73
166.966
173.43
182.956
194.157
206.36
218.698
230.22
240.004
247.188
251.225
251.078
246.176
237.057
225.296
213.406
204.246
199.479
199.569
132.082
162.45
161.091
160.937
160.836
160.922
161.45
163.461
170.642
184.956
203.823
225.903
249.834
273.722
295.232
311.909
321.594
322.873
315.209
298.801
275.041
247.417
222.086
205.198
199.903
124.739
162.103
161.186
160.958
160.625
160.562
160.735
161.515
166.802
183.229
208.37
240.073
276.78
315.776
352.903
382.978
401.203
404.462
392.266
366.296
329.621
286.554
244.559
213.576
200.769
116.757
162.322
162.201
162.004
160.971
160.4
160.344
160.755
163.309
178.299
207.163
246.8
295.717
350.892
406.282
452.924
482.303
488.743
471.311
433.664
382.284
323.913
266.682
222.34
201.822
107.78
162.808
164.365
164.775
162.858
160.918
160.233
160.194
160.974
171.373
200.321
244.7
303.113
372.896
446.642
511.208
553.751
565.069
543.368
494.364
428.429
355.789
285.562
230.02
202.788
98.4949
162.247
167.317
169.365
166.878
162.999
160.531
160.021
160.215
165.096
189.221
233.997
297.336
377.318
466.239
547.693
604.378
622.861
599.422
541.874
464.194
380.077
299.907
235.984
203.569
89.118
160.456
170.425
175.346
173.242
167.553
162.297
160.054
159.823
161.046
176.633
216.656
279.159
363.116
461.06
555.781
625.655
654.891
632.136
571.012
486.848
395.714
309.327
240.068
204.146
79.6908
157.334
172.976
181.661
181.32
174.671
166.622
161.163
159.705
159.701
166.476
196.233
251.841
332.263
432.299
534.587
614.355
649.614
639.571
579.805
495.204
402.408
313.864
242.292
204.524
70.3264
152.71
174.774
187.588
190.367
184.12
174.025
164.845
160.127
159.444
160.727
177.208
220.644
290.423
384.283
487.53
574.908
622.886
620.025
568.576
490.017
400.662
313.863
242.797
204.745
61.1708
146.514
175.979
192.592
199.601
195.257
184.435
172.308
163.077
159.455
159.319
164.578
191.46
245.107
325.277
422.159
512.159
568.274
577.374
540.401
472.902
391.366
309.773
241.693
204.959
52.3273
138.313
176.093
196.36
208.492
207.577
197.565
183.616
170.482
161.822
159.16
159.242
170.048
204.123
264.695
347.743
435.656
499.819
520.622
499.495
446.075
375.685
302.141
239.174
205.173
43.8778
128.567
174.696
198.84
216.58
220.573
213.167
199.074
183.022
169.233
161.112
159.038
160.299
174.413
212.199
274.446
352.296
422.323
456.833
450.293
412.469
355.203
291.723
235.584
205.389
35.8914
117.487
171.409
200.022
223.43
233.577
230.534
218.407
201.405
183.668
169.026
160.9
158.959
160.932
175.899
213.571
272.126
339.348
387.961
397.486
375.121
331.776
279.477
231.34
205.611
28.443
105.277
165.905
199.703
228.528
245.686
248.671
240.601
225.082
205.764
186.25
170.182
161.211
158.886
160.606
174.111
207.924
259.888
314.027
343.37
336.246
307.126
266.367
226.888
205.842
21.5541
91.7525
157.79
197.584
231.2
256.03
266.415
264.181
252.57
234.511
213.048
191.381
173.083
162.156
158.705
159.713
169.693
197.725
241.075
282.621
297.759
282.256
253.485
222.735
206.088
15.6297
76.9148
146.568
193.066
230.839
263.41
282.033
287.267
281.6
267.54
247.463
223.902
199.727
178.411
164.183
158.431
158.302
164.592
185.128
219.47
250.866
258.404
240.875
218.972
206.354
10.9677
61.3409
131.773
185.192
227.009
266.145
293.728
307.562
309.402
301.519
285.775
264.085
238.581
211.862
187.186
168.417
158.944
156.769
159.403
172.179
197.394
223.907
232.126
218.341
206.678
7.56992
46.2276
113.772
173.188
219.412
263.046
299.399
322.268
332.654
332.176
322.811
305.893
282.943
255.767
226.707
198.743
175.486
161.175
155.706
155.615
161.093
176
197.244
209.19
207.475
5.17312
32.5207
93.1792
156.215
207.33
253.915
296.943
329.178
348.322
356.149
354.177
343.929
326.394
302.839
274.757
244.306
214.032
187.074
167.12
156.468
153.118
153.065
158.313
166.308
169.455
3.53731
20.8244
71.1007
133.751
189.431
238.539
285.314
325.663
354.286
370.689
376.93
374.151
363.546
346.275
322.905
295.012
264.484
233.504
204.518
180.194
163.484
153.4
148.13
146.089
145.757
2.48851
11.8842
48.6617
106.266
164.582
216.448
264.805
309.798
346.936
372.918
387.652
392.382
389.14
379.389
363.291
341.147
314.813
285.981
256.819
229.172
205.117
186.442
173.482
165.894
163.177
1.8526
6.5453
29.105
76.0833
132.589
186.59
236.039
282.371
324.211
358.265
382.474
395.504
399.244
395.975
388.849
374.192
354.52
330.528
304.886
279.523
255.403
234.554
218.663
208.36
203.592
1.49836
3.74943
14.9198
47.5784
95.9723
148.671
198.794
245.21
288.029
325.913
356.879
379.27
392.079
395.751
396.625
387.902
376.238
358.54
337.202
316.584
296.688
277.372
260.797
248.142
240.346
1.32573
2.36295
6.64655
24.4065
59.6185
105.236
153.219
199.024
241.319
279.608
313.025
340.376
361.146
374.514
380.587
380.94
375.512
364.14
347.864
331.053
316.31
301.146
287.44
275.559
265.821
1.25691
1.68366
3.24778
10.122
30.2508
62.9914
103.172
145.248
185.703
222.925
256.163
284.787
308.365
326.407
338.34
344.29
344.822
340.588
332.743
322.62
311.29
299.307
288.036
278.39
270.91
1.24569
1.38976
1.98384
3.71659
11.5528
29.7502
57.1105
90.1142
124.973
158.894
190.231
218.081
241.939
261.482
276.379
286.474
291.983
293.466
291.579
287.014
280.564
273.046
265.203
257.648
250.881
1.26199
1.30715
1.47705
1.91748
3.53335
9.96386
23.7534
44.084
68.7441
95.2461
121.517
146.112
168.126
187.033
202.499
214.351
222.65
227.649
229.757
229.518
227.389
223.883
219.518
214.768
210.041
1.29946
1.30869
1.33692
1.44466
1.59068
2.3326
5.94572
14.0469
27.0376
43.3132
61.2687
79.4763
96.8448
112.616
126.285
137.562
146.36
152.752
156.931
159.161
159.81
159.227
157.707
155.559
153.059
1.34587
1.34482
1.34565
1.36267
1.40911
1.51773
1.63642
2.41455
5.35248
10.8981
19.0933
29.1515
39.8568
50.3948
60.177
68.8006
76.0376
81.8136
86.1606
89.1863
91.0482
91.9346
92.0705
91.6367
90.7841
1.39431
1.39436
1.39011
1.38596
1.39304
1.42042
1.46258
1.54106
1.62462
1.69917
2.40698
4.2219
7.0426
10.643
14.7324
19.0035
23.1721
26.84
29.8716
32.2398
33.9728
35.1366
35.8136
36.1028
36.1057
1.44434
1.44695
1.44729
1.44434
1.44084
1.44145
1.45126
1.47334
1.50776
1.54436
1.60145
1.64976
1.69593
1.74239
1.78851
1.88157
2.1755
2.58097
3.0221
3.44259
3.8056
4.09285
4.29946
4.43035
4.49515
1.49884
1.50203
1.50561
1.50803
1.50856
1.50733
1.50736
1.50966
1.52165
1.53477
1.55583
1.58249
1.61108
1.64069
1.67021
1.70344
1.73957
1.77119
1.80085
1.82998
1.85875
1.88722
1.91543
1.94341
1.97122
1.56105
1.56336
1.5672
1.57199
1.57689
1.58095
1.58427
1.58721
1.59007
1.59604
1.60449
1.6157
1.63189
1.6496
1.66749
1.68801
1.71051
1.73424
1.75839
1.78274
1.80721
1.83177
1.85639
1.88106
1.90577
1.6335
1.63487
1.63781
1.64229
1.64811
1.65481
1.66189
1.66921
1.67618
1.68354
1.69161
1.7007
1.71081
1.72262
1.73615
1.75109
1.76729
1.78469
1.80315
1.82252
1.84263
1.86337
1.88459
1.9067
1.92925
1.71919
1.71948
1.72145
1.725
1.73008
1.7366
1.74435
1.75317
1.76279
1.77304
1.78385
1.79527
1.80728
1.81997
1.8335
1.84789
1.86312
1.87917
1.89601
1.91358
1.93183
1.95068
1.97007
1.98992
2.01017
1.8311
1.82964
1.83008
1.83224
1.83597
1.84119
1.84782
1.85578
1.86496
1.87525
1.88653
1.8987
1.91167
1.92539
1.93981
1.95489
1.97062
1.98695
2.00385
2.02129
2.03922
2.0576
2.07639
2.09554
2.11502
1.95912
1.95895
1.96078
1.96414
1.96879
1.97462
1.98157
1.98961
1.99868
2.00877
2.01981
2.03177
2.04457
2.05817
2.07251
2.08753
2.10317
2.11939
2.13613
2.15336
2.17102
2.18907
2.20747
2.22618
2.24515
2.21256
2.19343
2.18283
2.17775
2.17652
2.17815
2.18202
2.18773
2.195
2.20362
2.21346
2.22438
2.2363
2.24912
2.26277
2.27717
2.29227
2.30798
2.32426
2.34105
2.3583
2.37595
2.39396
2.41228
2.43094
3.78651
3.64995
3.55394
3.48341
3.4302
3.38965
3.3588
3.33565
3.31875
3.30703
3.29966
3.29601
3.29554
3.2978
3.30244
3.30917
3.31775
3.32794
3.33956
3.35243
3.3664
3.38132
3.39708
3.41353
3.43071
207.812
208.129
138.324
161.58
150.932
139.173
145.693
145.6
154.448
165.097
172.165
186.004
204.056
209.518
218.738
237.688
239.09
243.422
259.097
255.562
255.288
265.864
262.87
261.247
245.508
241.572
238.759
205.895
202.47
199.584
150.605
148.359
146.261
89.7484
88.659
87.5313
35.9097
35.5886
35.1826
4.52725
4.54531
4.5547
1.99565
2.01975
2.04366
1.929
1.95073
1.97249
1.95053
1.97065
1.99056
2.02949
2.04778
2.06627
2.13353
2.15104
2.1687
2.26317
2.28017
2.29731
2.44819
2.46481
2.48152
3.44618
3.46189
3.47777
218.243
138.231
134.112
133.59
133.366
133.22
133.093
132.983
132.884
132.794
132.711
132.633
132.56
132.49
132.424
132.36
132.298
132.238
132.18
132.123
132.068
132.014
131.96
131.908
131.856
131.806
131.756
131.706
131.657
131.609
131.561
131.514
131.467
131.42
131.374
131.328
131.283
131.237
131.192
131.147
131.102
131.058
131.013
130.969
130.925
130.88
130.836
130.775
130.696
130.597
130.476
130.332
130.164
129.97
129.75
129.503
129.228
128.928
128.601
128.252
127.885
127.505
127.123
126.752
126.413
126.134
125.949
125.863
125.765
125.647
125.52
125.764
126.269
127.341
129.238
131.738
133.735
134.656
135.085
135.983
156.25
135.351
134.125
133.974
134.211
134.761
135.667
136.931
138.503
140.264
142.131
144.055
145.997
147.93
149.837
151.703
153.52
155.283
156.989
158.636
160.224
161.753
163.223
164.637
165.995
167.298
168.548
169.746
170.894
171.993
173.043
174.047
175.004
175.915
176.779
177.596
178.364
179.079
179.74
180.34
180.876
181.34
181.725
182.024
182.224
182.319
182.303
182.175
181.912
181.501
180.929
180.182
179.248
178.114
176.765
175.186
173.364
171.283
168.93
166.29
163.354
160.116
156.576
152.748
148.66
144.38
140.065
135.968
132.185
128.936
126.331
124.733
124.309
124.725
127.096
132.347
137.855
140.458
137.898
136.669
141.121
134.837
134.48
135.4
137.426
140.651
144.955
150.027
155.536
161.222
166.974
172.677
178.252
183.654
188.853
193.837
198.599
203.143
207.472
211.595
215.52
219.256
222.814
226.203
229.431
232.507
235.438
238.234
240.899
243.441
245.865
248.177
250.381
252.48
254.477
256.372
258.162
259.846
261.417
262.868
264.189
265.37
266.396
267.251
267.918
268.377
268.606
268.587
268.306
267.73
266.836
265.596
263.98
261.961
259.508
256.588
253.165
249.203
244.663
239.505
233.689
227.18
219.949
211.98
203.274
193.863
183.825
173.306
162.548
151.918
141.951
133.405
127.477
124.136
123.389
126.514
133.148
139.163
140.015
137.308
137.356
134.923
135.701
138.786
144.033
151.325
160.109
169.774
179.844
189.994
200.006
209.727
219.068
227.984
236.458
244.489
252.089
259.277
266.074
272.503
278.587
284.35
289.812
294.994
299.914
304.589
309.035
313.266
317.294
321.132
324.789
328.277
331.605
334.779
337.805
340.684
343.417
346
348.427
350.688
352.77
354.66
356.338
357.783
358.971
359.873
360.46
360.698
360.553
359.991
358.972
357.457
355.405
352.775
349.521
345.597
340.953
335.53
329.27
322.107
313.975
304.806
294.538
283.113
270.492
256.661
241.651
225.565
208.607
191.14
173.728
157.188
142.608
131.318
124.66
122.487
125.508
132.846
139.242
137.781
136.369
135.242
137.86
143.879
153.126
164.984
178.485
192.806
207.359
221.743
235.697
249.07
261.787
273.824
285.186
295.895
305.985
315.494
324.461
332.926
340.925
348.494
355.665
362.468
368.929
375.072
380.917
386.485
391.793
396.855
401.687
406.301
410.712
414.931
418.964
422.817
426.488
429.973
433.264
436.35
439.215
441.839
444.201
446.272
448.024
449.419
450.419
450.979
451.053
450.59
449.545
447.863
445.495
442.388
438.49
433.748
428.1
421.482
413.82
405.038
395.053
383.781
371.136
357.036
341.406
324.19
305.358
284.933
263.025
239.886
215.989
192.119
169.452
149.534
134.101
124.706
121.734
123.898
131.855
139.142
136.13
135.952
140.688
150.078
163.578
180.003
198.04
216.703
235.317
253.449
270.846
287.386
303.025
317.768
331.646
344.706
357.003
368.592
379.527
389.862
399.643
408.916
417.721
426.093
434.066
441.667
448.922
455.852
462.477
468.813
474.877
480.685
486.253
491.596
496.726
501.648
506.357
510.848
515.109
519.124
522.873
526.329
529.465
532.247
534.636
536.589
538.057
538.983
539.307
538.963
537.891
536.025
533.301
529.66
525.044
519.401
512.671
504.789
495.682
485.274
473.482
460.221
445.404
428.944
410.759
390.779
368.946
345.236
319.674
292.376
263.617
233.952
204.369
176.431
152.244
134.102
123.831
120.899
122.31
130.479
136.194
136.825
143.894
156.798
174.486
195.226
217.421
239.961
262.126
283.496
303.86
323.135
341.315
358.437
374.557
389.746
404.074
417.611
430.424
442.574
454.117
465.106
475.585
485.596
495.174
504.351
513.153
521.604
529.723
537.527
545.031
552.251
559.205
565.915
572.394
578.647
584.666
590.436
595.942
601.156
606.05
610.588
614.731
618.435
621.649
624.313
626.365
627.733
628.338
628.097
626.927
624.749
621.482
617.057
611.421
604.529
596.337
586.794
575.845
563.429
549.482
533.936
516.722
497.764
476.99
454.327
429.717
403.12
374.532
344
311.662
277.824
243.109
208.714
176.657
149.758
130.941
121.907
119.753
119.488
136.329
137.704
147.252
163.606
185.243
209.923
235.821
261.741
286.965
311.118
334.041
355.698
376.122
395.38
413.553
430.728
446.992
462.425
477.104
491.098
504.47
517.276
529.566
541.384
552.769
563.753
574.365
584.627
594.557
604.169
613.475
622.487
631.225
639.717
647.982
656.017
663.803
671.318
678.531
685.405
691.895
697.95
703.514
708.521
712.899
716.566
719.432
721.399
722.359
722.201
720.814
718.096
713.95
708.297
701.091
692.313
681.954
670
656.434
641.239
624.398
605.889
585.685
563.749
540.03
514.467
486.992
457.543
426.084
392.628
357.257
320.153
281.676
242.559
204.29
169.544
142.117
125.557
120.14
118.993
136.468
138.606
150.603
170.225
195.477
223.671
252.8
281.624
309.463
336.001
361.137
384.883
407.309
428.51
448.589
467.652
485.797
503.115
519.693
535.604
550.919
565.699
579.996
593.859
607.327
620.434
633.209
645.672
657.839
669.719
681.314
692.63
703.69
714.532
725.176
735.607
745.794
755.698
765.271
774.457
783.188
791.39
798.976
805.85
811.906
817.023
821.07
823.903
825.371
825.318
823.59
820.049
814.578
807.093
797.559
786.003
772.483
757.048
739.752
720.651
699.809
677.289
653.143
627.404
600.075
571.125
540.485
508.06
473.75
437.49
399.29
359.267
317.671
274.966
232.099
191.106
155.753
131.16
120.931
118.812
136.595
139.533
153.85
176.491
204.985
236.253
268.151
299.439
329.489
358.055
385.095
410.666
434.874
457.84
479.69
500.545
520.517
539.709
558.214
576.117
593.491
610.404
626.912
643.066
658.908
674.474
689.789
704.874
719.739
734.384
748.803
762.986
776.964
790.788
804.471
817.989
831.296
844.331
857.022
869.285
881.022
892.122
902.458
911.888
920.256
927.388
933.091
937.158
939.37
939.504
937.344
932.697
925.418
915.418
902.689
887.33
869.499
849.348
827.033
802.725
776.603
748.85
719.63
689.078
657.282
624.264
589.976
554.299
517.061
478.082
437.236
394.522
350.11
304.353
257.896
212.153
170.315
138.109
122.14
118.661
136.71
140.463
156.937
182.321
213.675
247.583
281.814
315.151
347.037
377.297
405.943
433.077
458.839
483.377
506.838
529.358
551.065
572.073
592.486
612.397
631.887
651.028
669.882
688.504
706.937
725.218
743.373
761.417
779.356
797.179
814.867
832.399
849.808
867.157
884.458
901.679
918.754
935.601
952.118
968.188
983.672
998.413
1012.23
1024.93
1036.28
1046.04
1053.93
1059.67
1062.93
1063.39
1060.76
1054.75
1045.19
1032
1015.21
995.044
971.786
945.732
917.184
886.463
853.899
819.821
784.529
748.28
711.254
673.545
635.135
595.898
555.603
513.955
470.662
425.539
378.609
330.146
280.673
231.197
184.234
145.437
123.602
118.533
136.818
141.385
159.852
187.702
221.54
257.671
293.816
328.807
362.165
393.783
423.729
452.146
479.205
505.081
529.94
553.936
577.212
599.894
622.097
643.921
665.458
686.785
707.97
729.07
750.134
771.198
792.285
813.41
834.57
855.746
876.907
898.021
919.118
940.268
961.494
982.759
1003.98
1025.06
1045.87
1066.24
1086.01
1104.95
1122.84
1139.4
1154.32
1167.27
1177.87
1185.71
1190.35
1191.32
1188.2
1180.61
1168.35
1151.37
1129.81
1104.05
1074.53
1041.72
1006.12
968.22
928.519
887.504
845.617
803.231
760.622
717.947
675.221
632.312
588.944
544.725
499.212
452.014
402.948
352.156
300.108
247.608
196.609
152.363
125.098
118.416
136.921
142.306
162.625
192.685
228.651
266.601
304.25
340.501
374.96
407.587
438.502
467.886
495.941
522.862
548.838
574.036
598.614
622.709
646.447
669.936
693.276
716.549
739.829
763.178
786.646
810.268
834.07
858.061
882.234
906.564
931.011
955.534
980.152
1004.94
1029.95
1055.13
1080.41
1105.67
1130.75
1155.47
1179.61
1202.92
1225.09
1245.77
1264.57
1281.03
1294.65
1304.87
1311.09
1312.69
1309.06
1299.64
1284.37
1263.39
1236.77
1205.14
1169.15
1129.47
1086.79
1041.77
995.09
947.364
899.156
850.938
803.06
755.728
708.981
662.679
616.508
570.002
522.598
473.731
422.994
370.345
316.187
261.253
207.085
158.431
126.456
118.306
137.019
143.253
165.338
197.397
235.156
274.526
313.262
350.364
385.529
418.785
450.301
480.292
508.985
536.596
563.327
589.361
614.864
639.983
664.851
689.584
714.286
739.044
763.936
789.026
814.364
839.987
865.919
892.166
918.718
945.547
972.608
999.853
1027.29
1054.98
1083
1111.33
1139.87
1168.52
1197.1
1225.41
1253.21
1280.2
1306.02
1330.26
1352.4
1371.87
1387.97
1399.95
1407.21
1409.22
1405.5
1395.46
1377.57
1353.32
1322.39
1285.67
1244.1
1198.58
1149.98
1099.13
1046.78
993.681
940.455
887.639
835.631
784.664
734.792
685.869
637.555
589.332
540.554
490.532
438.679
384.748
329.038
272.265
215.696
163.539
127.605
118.199
137.113
144.325
168.189
202.089
241.309
281.673
321.043
358.548
393.985
427.449
459.152
489.341
518.259
546.139
573.192
599.608
625.56
651.198
676.658
702.061
727.509
753.094
778.894
804.97
831.373
858.137
885.284
912.818
940.724
968.973
997.516
1026.3
1055.31
1084.61
1114.27
1144.27
1174.56
1204.99
1235.4
1265.6
1295.32
1324.25
1352.01
1378.06
1401.7
1421.67
1435.34
1442.99
1445.76
1445.61
1444.28
1441.88
1429.46
1404.21
1371.29
1331.77
1287.02
1238.19
1186.28
1132.19
1076.76
1020.75
964.836
909.568
855.364
802.474
750.956
700.666
651.259
602.194
552.784
502.273
449.959
395.42
338.828
280.881
222.672
167.849
128.614
118.095
137.202
145.602
171.466
207.13
247.465
288.34
327.822
365.216
400.43
433.628
465.057
494.986
523.672
551.352
578.24
604.528
630.386
655.964
681.396
706.799
732.274
757.906
783.77
809.925
836.416
863.274
890.516
918.14
946.129
974.45
1003.05
1031.87
1060.88
1090.13
1119.65
1149.46
1179.47
1209.57
1239.59
1269.34
1298.55
1326.93
1354.1
1379.6
1402.77
1423.17
1436.92
1441.96
1443.97
1445.17
1444.77
1440.11
1427.65
1404.27
1372.13
1333.17
1288.87
1240.45
1188.94
1135.22
1080.16
1024.49
968.888
913.914
859.98
807.338
756.054
705.998
656.837
608.049
558.949
508.769
456.764
402.401
345.72
287.374
228.34
171.689
129.683
117.993
137.35
147.707
175.833
213.072
254.034
294.818
333.8
370.492
404.927
437.332
467.986
497.165
525.127
552.107
578.316
603.938
629.134
654.048
678.804
703.511
728.262
753.136
778.198
803.5
829.081
854.963
881.156
907.654
934.435
961.462
988.681
1016.03
1043.47
1071.01
1098.68
1126.46
1154.27
1182
1209.5
1236.59
1263.01
1288.5
1312.73
1335.32
1355.83
1373.67
1389.11
1400.26
1406.72
1408.57
1404.89
1394.89
1378.07
1354.46
1324.54
1289.01
1248.67
1204.36
1156.93
1107.19
1055.93
1003.85
951.604
899.704
848.552
798.391
749.299
701.165
653.694
606.406
558.67
509.761
458.954
405.687
349.899
292.159
233.354
175.87
131.385
117.895
137.654
150.682
181.941
220.568
261.412
301.263
338.987
374.326
407.393
438.452
467.801
495.72
522.462
548.25
573.282
597.727
621.73
645.42
668.908
692.289
715.645
739.045
762.542
786.179
809.983
833.97
858.141
882.487
906.983
931.592
956.258
980.918
1005.53
1030.09
1054.59
1078.99
1103.22
1127.18
1150.73
1173.71
1195.91
1217.09
1237
1255.32
1271.74
1285.86
1297.44
1306.06
1311.13
1311.91
1307.89
1298.63
1283.96
1263.91
1238.7
1208.72
1174.48
1136.57
1095.65
1052.38
1007.42
961.374
914.806
868.176
821.837
776.009
730.766
686.024
641.532
596.882
551.531
504.852
456.209
405.098
351.447
295.768
239.001
182.632
135.714
117.805
139.756
158.624
192.263
230.731
269.953
307.653
343.17
376.426
407.563
436.808
464.416
490.652
515.765
539.966
563.432
586.308
608.721
630.777
652.57
674.181
695.677
717.114
738.535
759.972
781.442
802.953
824.5
846.073
867.649
889.193
910.654
931.973
953.104
974.023
994.71
1015.13
1035.21
1054.88
1074
1092.45
1110.06
1126.65
1142.02
1155.93
1168.15
1178.43
1186.49
1192.08
1194.88
1194.45
1190.37
1182.31
1170.09
1153.69
1133.21
1108.85
1080.94
1049.87
1016.1
980.1
942.374
903.39
863.576
823.297
782.832
742.355
701.925
661.471
620.793
579.562
537.348
493.66
448.004
400.014
349.746
297.822
245.562
194.215
146.939
119.35
149.714
175.724
208.608
244.158
279.726
313.85
346.125
376.512
405.114
432.08
457.584
481.828
505.021
527.353
548.976
570.013
590.565
610.719
630.548
650.117
669.479
688.677
707.744
726.704
745.566
764.33
782.991
801.536
819.949
838.198
856.241
874.029
891.517
908.676
925.479
941.893
957.869
973.336
988.207
1002.37
1015.72
1028.1
1039.38
1049.39
1057.96
1064.93
1070.1
1073.32
1074.35
1072.97
1068.89
1061.86
1051.73
1038.44
1022.03
1002.6
980.335
955.485
928.339
899.218
868.451
836.361
803.242
769.346
734.864
699.909
664.512
628.607
592.036
554.552
515.84
475.555
433.364
389.081
342.966
295.888
249.399
205.905
166.739
132.331
173.404
199.895
228.804
259.303
289.711
319.148
347.317
374.131
399.61
423.818
446.848
468.819
489.871
510.137
529.727
548.737
567.245
585.32
603.017
620.386
637.467
654.294
670.89
687.273
703.446
719.406
735.145
750.655
765.92
780.919
795.621
809.989
823.987
837.587
850.762
863.487
875.724
887.425
898.526
908.954
918.624
927.443
935.308
942.111
947.738
952.074
955.004
956.413
956.17
954.134
950.13
943.99
935.593
924.876
911.829
896.497
878.974
859.396
837.932
814.769
790.105
764.129
737.017
708.914
679.924
650.102
619.446
587.893
555.322
521.559
486.401
449.633
411.061
370.683
328.96
286.818
245.544
206.572
171.884
144.142
203.522
225.465
248.585
273.083
297.75
322.032
345.659
368.474
390.434
411.538
431.814
451.297
470.036
488.095
505.533
522.413
538.788
554.708
570.215
585.347
600.134
614.602
628.769
642.649
656.24
669.535
682.528
695.212
707.58
719.617
731.304
742.616
753.527
764.016
774.062
783.645
792.74
801.315
809.328
816.731
823.469
829.48
834.697
839.049
842.462
844.861
846.172
846.32
845.232
842.817
838.971
833.587
826.576
817.876
807.454
795.31
781.479
766.027
749.033
730.59
710.796
689.74
667.502
644.145
619.704
594.187
567.568
539.791
510.772
480.408
448.592
415.223
380.235
343.809
306.518
269.234
233.002
199.002
168.384
142.145
231.218
246.875
263.944
282.446
301.492
320.679
339.725
358.453
376.77
394.634
412.009
428.852
445.134
460.859
476.049
490.733
504.94
518.702
532.044
544.993
557.571
569.798
581.691
593.257
604.493
615.389
625.941
636.146
646
655.499
664.63
673.38
681.731
689.67
697.183
704.254
710.87
717.008
722.645
727.749
732.285
736.215
739.495
742.081
743.925
744.977
745.193
744.524
742.92
740.324
736.67
731.89
725.918
718.701
710.192
700.361
689.204
676.735
662.982
647.971
631.731
614.285
595.651
575.833
554.826
532.612
509.158
484.427
458.377
430.973
402.197
372.039
340.552
308.047
275.113
242.51
211.069
181.634
155.006
131.944
250.661
260.555
272.162
285.264
299.157
313.57
328.259
343.034
357.77
372.379
386.774
400.856
414.557
427.841
440.7
453.136
465.16
476.783
488.019
498.883
509.387
519.545
529.369
538.866
548.029
556.846
565.313
573.432
581.203
588.624
595.69
602.393
608.723
614.672
620.23
625.389
630.137
634.464
638.352
641.784
644.737
647.188
649.107
650.466
651.232
651.378
650.87
649.671
647.748
645.058
641.558
637.197
631.923
625.687
618.441
610.134
600.734
590.225
578.601
565.851
551.965
536.931
520.73
503.345
484.752
464.932
443.867
421.549
397.989
373.216
347.287
320.269
292.315
263.787
235.228
207.264
180.533
155.638
133.093
113.314
258.097
263.187
270.126
278.597
288.129
298.419
309.25
320.435
331.825
343.301
354.75
366.065
377.165
387.994
398.519
408.724
418.6
428.147
437.365
446.26
454.839
463.108
471.075
478.743
486.105
493.149
499.87
506.269
512.348
518.106
523.539
528.644
533.415
537.844
541.927
545.656
549.025
552.025
554.646
556.875
558.699
560.099
561.058
561.553
561.567
561.072
560.04
558.443
556.253
553.437
549.959
545.779
540.851
535.133
528.574
521.119
512.718
503.344
492.971
481.575
469.129
455.609
440.99
425.254
408.388
390.39
371.273
351.073
329.851
307.695
284.718
261.043
236.882
212.59
188.618
165.45
143.546
123.311
105.052
89.0081
261.096
261.857
263.486
266.537
271.064
276.721
283.274
290.515
298.257
306.34
314.625
322.996
331.356
339.634
347.772
355.731
363.482
371.008
378.295
385.339
392.135
398.683
404.986
411.041
416.841
422.373
427.629
432.607
437.306
441.723
445.856
449.701
453.253
456.506
459.455
462.094
464.418
466.419
468.09
469.42
470.398
471.012
471.245
471.082
470.501
469.48
467.997
466.029
463.549
460.53
456.941
452.746
447.907
442.383
436.131
429.096
421.23
412.498
402.874
392.332
380.853
368.419
355.021
340.661
325.352
309.127
292.036
274.157
255.591
236.465
216.919
197.106
177.246
157.634
138.614
120.523
103.666
88.2896
74.5571
62.5825
237.002
236.705
237.675
239.52
242.125
245.38
249.2
253.503
258.202
263.217
268.467
273.881
279.396
284.957
290.516
296.032
301.473
306.814
312.033
317.116
322.051
326.83
331.446
335.892
340.156
344.224
348.082
351.724
355.143
358.333
361.29
364.009
366.483
368.706
370.672
372.375
373.807
374.962
375.831
376.406
376.674
376.623
376.239
375.506
374.406
372.922
371.033
368.717
365.951
362.709
358.965
354.689
349.85
344.417
338.352
331.615
324.169
315.99
307.062
297.376
286.929
275.729
263.791
251.145
237.836
223.922
209.484
194.619
179.444
164.093
148.705
133.427
118.439
103.954
90.1988
77.3841
65.6847
55.2257
46.0663
38.2313
197.186
195.422
194.474
194.335
194.954
196.239
198.098
200.439
203.169
206.203
209.461
212.876
216.396
219.977
223.583
227.186
230.76
234.286
237.748
241.131
244.425
247.62
250.709
253.682
256.529
259.235
261.788
264.18
266.401
268.445
270.306
271.978
273.455
274.73
275.796
276.647
277.275
277.672
277.823
277.716
277.343
276.693
275.755
274.515
272.96
271.074
268.842
266.247
263.274
259.904
256.12
251.904
247.24
242.108
236.487
230.357
223.702
216.513
208.793
200.548
191.797
182.562
172.88
162.796
152.367
141.664
130.768
119.776
108.792
97.933
87.3027
77.0063
67.1648
57.9109
49.3735
41.6591
34.8385
28.9407
23.9485
19.8234
144.266
142.485
141.109
140.151
139.6
139.446
139.663
140.219
141.071
142.18
143.5
144.991
146.615
148.34
150.138
151.983
153.854
155.731
157.599
159.443
161.251
163.012
164.716
166.353
167.913
169.384
170.756
172.017
173.161
174.18
175.068
175.818
176.425
176.882
177.18
177.31
177.266
177.042
176.636
176.042
175.254
174.263
173.063
171.643
169.995
168.111
165.98
163.595
160.946
158.026
154.826
151.339
147.557
143.471
139.073
134.359
129.325
123.976
118.324
112.387
106.19
99.7657
93.1557
86.4083
79.5795
72.7324
65.936
59.263
52.7878
46.5833
40.6737
35.1334
30.0426
25.468
21.4518
18.008
15.1222
12.7573
10.8581
9.36629
86.3428
85.1595
84.1142
83.2332
82.5299
82.0079
81.6625
81.4861
81.4689
81.5956
81.8457
82.1963
82.6289
83.1274
83.6773
84.2654
84.8801
85.5108
86.1481
86.7834
87.4089
88.0173
88.6016
89.1554
89.6715
90.143
90.5628
90.9243
91.2216
91.448
91.5982
91.6674
91.6514
91.545
91.3475
91.056
90.6664
90.1747
89.5769
88.8692
88.0477
87.1088
86.0482
84.8619
83.5463
82.0985
80.5152
78.7934
76.9315
74.9276
72.7717
70.4609
67.9949
65.375
62.6048
59.6908
56.6432
53.4766
50.2103
46.8676
43.4761
40.0667
36.6728
33.3299
30.074
26.9406
23.9633
21.1723
18.5934
16.2459
14.1509
12.347
10.8219
9.549
8.49862
7.6411
6.9483
6.39423
5.95534
5.61177
34.692
34.1512
33.6275
33.1429
32.7116
32.3415
32.0358
31.7938
31.6128
31.4886
31.4131
31.3826
31.3915
31.4322
31.4977
31.5816
31.6782
31.7823
31.8894
31.9952
32.0958
32.1876
32.2672
32.3314
32.3772
32.4015
32.4013
32.3737
32.3164
32.2281
32.1072
31.9521
31.7611
31.5331
31.2669
30.961
30.6142
30.2255
29.7941
29.3196
28.8016
28.2402
27.6352
26.9863
26.2942
25.5598
24.784
23.9679
23.1132
22.2221
21.2978
20.3512
19.3885
18.415
17.4361
16.458
15.487
14.5299
13.594
12.686
11.8129
10.9807
10.1949
9.45996
8.77927
8.15513
7.58868
7.07991
6.62775
6.23022
5.88448
5.58674
5.33331
5.12046
4.94436
4.80098
4.68632
4.59654
4.52799
4.47756
4.55849
4.55832
4.55663
4.55536
4.55589
4.55904
4.56528
4.57477
4.58745
4.60313
4.62144
4.64205
4.66462
4.68867
4.71379
4.73967
4.76596
4.79238
4.81866
4.84457
4.86985
4.89428
4.91767
4.93985
4.96063
4.97985
4.99736
5.01302
5.02669
5.03827
5.04766
5.05477
5.05954
5.06195
5.06196
5.05952
5.05458
5.04711
5.03711
5.02461
5.00963
4.99221
4.97238
4.95015
4.9256
4.89881
4.86987
4.83884
4.80587
4.77107
4.73462
4.69669
4.6575
4.61728
4.57631
4.53489
4.49336
4.45208
4.41143
4.37181
4.33361
4.29721
4.26296
4.23119
4.20219
4.17619
4.15339
4.13392
4.11786
4.10525
4.09606
4.09024
4.08769
4.0883
4.09191
4.09835
4.10752
4.11931
4.13358
4.1502
2.07106
2.09866
2.12616
2.15364
2.18113
2.20866
2.23623
2.26387
2.29156
2.31931
2.34711
2.37496
2.40285
2.43076
2.45868
2.48661
2.51453
2.54242
2.57029
2.59812
2.6259
2.65363
2.68128
2.70886
2.73636
2.76377
2.79108
2.81829
2.84539
2.87237
2.89922
2.92595
2.95253
2.97898
3.00528
3.03143
3.05741
3.08324
3.10889
3.13437
3.15966
3.18477
3.20968
3.2344
3.2589
3.28319
3.30725
3.33109
3.35469
3.37805
3.40118
3.42406
3.44669
3.46909
3.49125
3.51318
3.5349
3.55642
3.57775
3.59893
3.61998
3.64093
3.66183
3.6827
3.70359
3.72454
3.74561
3.76683
3.78826
3.80994
3.83192
3.85425
3.87698
3.90012
3.92387
3.94862
3.97417
4.00043
4.02737
4.05496
1.99604
2.02138
2.04672
2.07209
2.09748
2.12289
2.14832
2.17377
2.19924
2.22473
2.25022
2.27583
2.30167
2.32761
2.35358
2.37956
2.40553
2.43149
2.45742
2.48334
2.50923
2.53513
2.56076
2.58616
2.61152
2.63687
2.66223
2.68757
2.71291
2.73824
2.76355
2.78885
2.81413
2.83939
2.86462
2.88984
2.91502
2.94018
2.96531
2.9904
3.01546
3.04048
3.06545
3.09048
3.11549
3.14047
3.1654
3.19029
3.21514
3.23994
3.2647
3.28941
3.31409
3.33872
3.36332
3.38789
3.41244
3.43697
3.4615
3.48603
3.51058
3.53516
3.55978
3.58448
3.60925
3.63414
3.65915
3.6843
3.70964
3.73516
3.76091
3.7869
3.81316
3.83971
3.86657
3.89376
3.92129
3.94917
3.97741
4.00603
2.01169
2.03428
2.05759
2.08113
2.10477
2.12847
2.1522
2.17596
2.19975
2.22354
2.24736
2.27118
2.29501
2.31885
2.3427
2.36657
2.39044
2.41433
2.43823
2.46215
2.48608
2.51003
2.534
2.55798
2.58198
2.606
2.63003
2.65409
2.67816
2.70226
2.72637
2.7505
2.77465
2.79882
2.82302
2.84723
2.87147
2.89572
2.92
2.94431
2.96863
2.99299
3.01736
3.04177
3.0662
3.09066
3.11516
3.13969
3.16425
3.18885
3.21349
3.23817
3.2629
3.28768
3.31252
3.33741
3.36238
3.38741
3.41253
3.43773
3.46303
3.48844
3.51396
3.53961
3.56539
3.59132
3.61741
3.64368
3.67012
3.69677
3.72362
3.7507
3.77801
3.80557
3.83338
3.86147
3.88983
3.91849
3.94743
3.97669
2.08646
2.10834
2.13035
2.15248
2.17469
2.19697
2.21929
2.24165
2.26404
2.28644
2.30886
2.3313
2.35375
2.37621
2.39868
2.42116
2.44366
2.46617
2.4887
2.51124
2.53381
2.5564
2.57901
2.60164
2.6243
2.64699
2.66971
2.69245
2.71523
2.73804
2.76089
2.78376
2.80668
2.82963
2.85262
2.87565
2.89872
2.92183
2.94499
2.96819
2.99144
3.01474
3.0381
3.0615
3.08497
3.10849
3.13207
3.15572
3.17944
3.20323
3.22709
3.25103
3.27506
3.29917
3.32338
3.34769
3.3721
3.39662
3.42125
3.446
3.47088
3.4959
3.52105
3.54635
3.5718
3.59741
3.62319
3.64914
3.67527
3.70159
3.72811
3.75483
3.78177
3.80894
3.83633
3.86397
3.89186
3.92
3.94841
3.97709
2.18795
2.2088
2.22977
2.25085
2.272
2.29322
2.31448
2.33578
2.3571
2.37845
2.39981
2.42119
2.44258
2.46398
2.48539
2.50681
2.52824
2.54969
2.57115
2.59263
2.61413
2.63565
2.65719
2.67875
2.70034
2.72195
2.7436
2.76527
2.78698
2.80872
2.8305
2.85231
2.87416
2.89605
2.91799
2.93996
2.96199
2.98406
3.00618
3.02835
3.05057
3.07285
3.09519
3.11759
3.14005
3.16258
3.18517
3.20784
3.23058
3.2534
3.2763
3.29928
3.32235
3.34552
3.36878
3.39214
3.41561
3.43919
3.46288
3.48669
3.51062
3.53468
3.55888
3.58321
3.60769
3.63232
3.65713
3.68213
3.70735
3.73278
3.75843
3.78433
3.81047
3.83687
3.86354
3.89049
3.91774
3.9453
3.9732
4.00138
2.31597
2.33616
2.35645
2.37683
2.39728
2.41778
2.43832
2.45889
2.47948
2.50009
2.52071
2.54134
2.56198
2.58262
2.60327
2.62392
2.64459
2.66526
2.68594
2.70664
2.72735
2.74807
2.76881
2.78958
2.81036
2.83117
2.85201
2.87286
2.89374
2.91464
2.93557
2.95653
2.97752
2.99854
3.01959
3.04068
3.06181
3.08298
3.1042
3.12546
3.14676
3.16812
3.18954
3.21101
3.23255
3.25415
3.27582
3.29757
3.31939
3.3413
3.36331
3.3854
3.4076
3.42992
3.45235
3.4749
3.49759
3.52042
3.5434
3.56655
3.58986
3.61336
3.63706
3.66096
3.68508
3.70946
3.73421
3.75923
3.78449
3.81
3.83578
3.86181
3.88821
3.91503
3.94231
3.97008
3.99835
4.02716
4.05653
4.08658
2.50028
2.52014
2.54004
2.56002
2.58005
2.60013
2.62025
2.64039
2.66055
2.68072
2.70089
2.72107
2.74124
2.76142
2.78161
2.80179
2.82197
2.84216
2.86235
2.88255
2.90276
2.92297
2.94321
2.96345
2.98372
3.004
3.02431
3.04465
3.06502
3.08544
3.10594
3.12653
3.14723
3.16802
3.18892
3.20994
3.23107
3.25233
3.27373
3.29526
3.31694
3.33878
3.36079
3.38297
3.40533
3.4279
3.45067
3.47366
3.49689
3.52036
3.5441
3.56811
3.59242
3.61703
3.64197
3.66725
3.6929
3.71892
3.74534
3.77218
3.79945
3.82717
3.85536
3.88403
3.91321
3.9429
3.97314
4.00392
4.03526
4.06717
4.09967
4.13271
4.16663
4.20122
4.23635
4.27198
4.30811
4.34473
4.38182
4.41942
3.49656
3.51575
3.53511
3.55464
3.57428
3.59401
3.61381
3.63365
3.65351
3.67339
3.69327
3.71315
3.73303
3.7529
3.77277
3.79264
3.8125
3.83237
3.85224
3.87212
3.89201
3.91192
3.93184
3.9518
3.97178
3.99179
4.01185
4.03194
4.05207
4.07223
4.09239
4.11255
4.13272
4.15289
4.17307
4.19326
4.21346
4.23368
4.2539
4.27415
4.29441
4.31469
4.335
4.35533
4.37569
4.39608
4.4165
4.43696
4.45746
4.478
4.49859
4.51923
4.53993
4.56068
4.58149
4.60238
4.62334
4.64437
4.66549
4.6867
4.708
4.72941
4.75093
4.77256
4.79431
4.81619
4.83821
4.86038
4.8827
4.90517
4.92782
4.95065
4.97366
4.99686
5.02027
5.04389
5.06774
5.09181
5.1161
5.14092
115.829
122.824
131.449
108.734
96.8333
91.4811
123.925
109.495
98.2795
122.123
107.481
95.7904
113.697
99.5946
87.7723
97.3517
84.7439
73.973
75.9835
65.6115
56.6831
52.9102
45.2416
38.6737
32.0109
27.1654
23.0884
16.6512
14.259
12.3079
8.26931
7.47674
6.85291
5.35999
5.17591
5.03059
4.44382
4.42246
4.40877
4.16741
4.18485
4.20429
4.08115
4.10583
4.13089
4.03296
4.05816
4.08363
4.00417
4.02982
4.05571
4.00403
4.02927
4.0548
4.02815
4.05364
4.07907
4.1147
4.14154
4.1689
4.45483
4.48804
4.52171
5.16248
5.18399
5.20553
202.631
200.804
200.431
200.147
199.901
199.665
199.428
199.181
198.679
194.818
187.776
177.577
165.267
153.453
141.803
130.601
119.773
109.173
99.4853
90.0262
81.2106
73.067
65.5516
57.5937
50.1966
202.464
206.789
224.397
255.585
293.806
328.485
351.038
357.013
346.439
324.943
294.208
257.172
217.315
178.516
144.004
115.273
92.1804
74.2167
60.8784
50.9173
43.518
37.2414
30.9222
23.8211
16.7734
203.875
224.409
277.397
354.389
432.507
490.957
520.78
521.323
495.328
447.661
384.822
314.184
243.397
180.116
129.552
92.8895
68.7718
54.1633
45.4422
39.393
33.7862
27.6661
21.176
15.1366
10.4538
206.246
246.499
335.623
451.338
558.173
633.119
668.08
660.402
612.668
534.813
439.183
338.232
243.534
165.737
109.668
74.5846
55.436
45.5912
39.3624
33.3965
26.7283
19.9373
14.0798
9.9162
7.57871
208.61
266.719
384.681
527.434
653.524
740.268
776.513
755.588
683.48
576.923
454.233
331.748
224.036
142.097
89.3739
61.0804
47.8972
40.8889
34.6593
27.6463
20.5578
14.5926
10.4286
8.03827
6.94324
210.487
281.966
418.818
576.822
711.987
801.252
831.848
796.703
702.652
574.452
434.938
302.033
191.985
115.518
72.2739
52.4333
43.6233
37.1959
30.0164
22.5303
16.0893
11.4686
8.66361
7.23247
6.63562
211.768
291.499
437.306
599.901
734.92
821.667
831.393
785.552
676.617
536.819
391.051
258.385
155.833
91.7086
60.3059
47.4784
40.5138
33.3755
25.5448
18.4446
13.0977
9.64869
7.72976
6.82999
6.48451
212.454
295.538
442.118
600.328
726.624
800.428
803.477
736.038
617.564
476.033
333.84
210.308
122.304
73.7127
53.0849
44.3827
37.3719
29.4173
21.6528
15.419
11.1279
8.53988
7.18977
6.60025
6.38309
212.778
295.133
435.631
582.142
693.638
749.144
736.145
659.093
539.981
404.616
272.833
164.724
95.2373
61.9172
48.9708
41.6949
33.9064
25.656
18.4998
13.2229
9.78984
7.81932
6.8494
6.45011
6.30236
213.09
290.879
420.308
549.861
642.53
678.915
651.505
569.156
455.559
331.271
214.386
125.885
75.8955
55.0224
46.2023
38.709
30.301
22.3392
16.0205
11.6032
8.84063
7.32517
6.61853
6.33894
6.23001
213.4
283.616
398.341
507.506
578.991
596.697
557.361
475.872
372.377
261.378
162.564
95.956
63.6661
51.0761
43.5369
35.3241
26.8282
19.5321
14.0638
10.3703
8.14
6.97018
6.44977
6.24724
6.16157
213.71
274.23
371.503
458.301
507.989
508.196
462.473
387.485
294.734
197.903
120.154
75.474
56.7559
48.2384
40.3993
31.7371
23.6618
17.179
12.485
9.40187
7.60597
6.70387
6.31718
6.16569
6.09528
214.023
263.446
341.196
404.843
433.655
420.219
375.283
307.544
223.534
143.454
89.2221
63.4231
52.8151
45.2305
36.7453
28.1947
20.8499
15.1833
11.1779
8.62204
7.18786
6.4954
6.20611
6.08962
6.03035
214.345
251.965
308.776
350.106
359.88
341.374
299.514
234.123
159.832
101.65
70.3088
57.2191
49.6123
41.5082
32.8166
24.8611
18.3576
13.4567
10.0737
7.983
6.85268
6.32547
6.10815
6.01667
5.96638
214.679
240.482
276.589
297.228
297.171
276.737
229.432
164.941
108.678
75.5975
61.0884
53.418
45.7368
37.1698
28.9024
21.7896
16.123
11.939
9.13045
7.45335
6.57835
6.18179
6.01839
5.94554
5.90316
215.038
230.474
248.212
256.044
248.98
212.755
157.234
107.091
77.3137
63.8309
56.5321
49.2347
40.93
32.6297
25.1852
18.9632
14.0989
10.5983
8.32349
7.01181
6.34993
6.05649
5.93384
5.87552
5.84055
215.368
222.693
230.41
223.141
187.769
135.93
96.3266
75.0386
65.3425
58.8849
51.84
43.8264
35.7202
28.2284
21.7067
16.3535
12.2705
9.42414
7.63798
6.64362
6.15713
5.94434
5.85266
5.80626
5.77851
218.533
221.297
191.494
142.966
103.637
81.3886
72.2975
66.4017
60.3302
53.3102
45.6272
37.9115
30.6252
24.0607
18.4493
13.9605
10.6458
8.41483
7.06427
6.33823
5.99263
5.84174
5.77374
5.73763
5.71707
137.653
96.0269
83.044
79.0213
75.1478
71.1847
66.1832
60.2283
53.499
46.3627
39.1877
32.2643
25.8483
20.1886
15.4894
11.8554
9.26516
7.58351
6.60181
6.09141
5.85334
5.74798
5.69797
5.67101
5.65752
87.2677
82.8373
79.6196
75.5516
70.7664
65.3036
59.2939
52.8853
46.249
39.5681
33.0429
26.8996
21.3719
16.6589
12.8827
10.0656
8.1295
6.91846
6.23668
5.89251
5.7334
5.66092
5.62504
5.60656
5.59995
89.6265
82.4889
76.0767
69.9569
63.8874
57.7462
51.4977
45.1784
38.8845
32.7618
26.9896
21.7549
17.2213
13.5
10.6296
8.56957
7.20896
6.39095
5.94663
5.72741
5.62551
5.57735
5.55341
5.54314
5.54325
85.8139
77.0473
69.4247
62.4264
55.7862
49.3733
43.1459
37.1293
31.3992
26.0638
21.2438
17.0502
13.5634
10.8159
8.78323
7.38516
6.50031
5.98924
5.72021
5.58893
5.52672
5.49676
5.48336
5.481
5.48756
77.3327
68.0292
59.9893
52.7681
46.1355
39.9774
34.249
28.9537
24.1285
19.8278
16.1073
13.0079
10.5417
8.68356
7.37008
6.50699
5.98406
5.69303
5.54318
5.4699
5.43478
5.41909
5.4153
5.42042
5.43304
64.284
55.561
48.0618
41.4502
35.5408
30.2361
25.4866
21.2735
17.5967
14.4625
11.8723
9.81317
8.25117
7.13003
6.37497
5.90143
5.62611
5.47733
5.40159
5.36476
5.34856
5.34469
5.34964
5.36164
5.37983
48.605
41.3351
35.1521
29.8162
25.1825
21.1636
17.7026
14.7598
12.3049
10.3087
8.73761
7.54967
6.69324
6.10894
5.73425
5.5094
5.38316
5.31655
5.28372
5.26991
5.26781
5.27402
5.28671
5.30483
5.32814
32.7753
27.5279
23.1486
19.4711
16.3831
13.8057
11.6778
9.94903
8.57461
7.51174
6.71742
6.14757
5.7577
5.50483
5.35006
5.26096
5.21308
5.18998
5.18191
5.18373
5.19277
5.20744
5.2267
5.25019
5.27819
19.501
16.3816
13.8521
11.8017
10.1479
8.82672
7.78575
6.98064
6.37247
5.92625
5.61007
5.395
5.25539
5.16954
5.1202
5.09471
5.08463
5.08487
5.0925
5.1058
5.12358
5.14501
5.16971
5.19792
5.23027
10.6459
9.24839
8.15794
7.31046
6.65683
6.15853
5.78456
5.50949
5.31221
5.17507
5.0834
5.02522
4.99106
4.97381
4.96842
4.97155
4.98106
4.99557
5.01406
5.03571
5.05997
5.08661
5.11588
5.14837
5.18473
6.33909
5.92112
5.60528
5.36798
5.192
5.06364
4.97211
4.90891
4.86741
4.84241
4.82993
4.82697
4.83133
4.84143
4.85611
4.87449
4.89586
4.9196
4.94525
4.97253
5.00143
5.03226
5.06557
5.10196
5.14189
4.9124
4.8188
4.75133
4.70439
4.67354
4.65534
4.64714
4.64691
4.65307
4.66439
4.67989
4.69881
4.72049
4.74441
4.77008
4.79711
4.82523
4.85426
4.88422
4.91529
4.94783
4.98234
5.0193
5.05914
5.10217
4.402
4.40226
4.40887
4.42065
4.43661
4.45591
4.4779
4.50206
4.52793
4.55514
4.5834
4.61245
4.64209
4.67217
4.70263
4.73348
4.76481
4.79681
4.82972
4.8639
4.89972
4.93754
4.97767
5.02041
5.06631
4.22693
4.25262
4.27961
4.30764
4.3365
4.36599
4.39598
4.42634
4.457
4.48788
4.51896
4.55025
4.58178
4.61361
4.64586
4.67867
4.71221
4.74667
4.7823
4.81935
4.85805
4.89863
4.94135
4.98679
5.03635
4.1581
4.18746
4.21717
4.24719
4.27749
4.30807
4.33891
4.37002
4.40142
4.43312
4.46518
4.49764
4.53057
4.56404
4.59816
4.63302
4.66876
4.70553
4.74351
4.78289
4.82385
4.86668
4.91201
4.96132
5.01735
4.11119
4.1409
4.17095
4.20135
4.23211
4.26323
4.29472
4.32659
4.35887
4.39157
4.42474
4.45842
4.49266
4.52751
4.56307
4.59944
4.63677
4.67521
4.71495
4.75619
4.79928
4.84508
4.89516
4.95224
5.02014
4.08371
4.11384
4.14431
4.17509
4.20621
4.23768
4.26951
4.30174
4.33439
4.36752
4.40116
4.43537
4.47024
4.50588
4.54243
4.58002
4.61881
4.659
4.7008
4.74482
4.79227
4.84501
4.90555
4.97713
5.06337
4.08236
4.11191
4.14175
4.17193
4.2025
4.23351
4.265
4.29701
4.32962
4.36287
4.39688
4.43177
4.46772
4.50497
4.54353
4.58358
4.6254
4.66936
4.71605
4.76782
4.82654
4.89411
4.97259
5.06418
5.17094
4.10612
4.13499
4.16473
4.19516
4.22623
4.25793
4.29028
4.32333
4.3571
4.39192
4.42803
4.46568
4.50513
4.54675
4.5904
4.63711
4.68768
4.74296
4.80431
4.87417
4.95201
5.03847
5.13453
5.24115
5.35896
4.19915
4.23189
4.2655
4.30011
4.33582
4.37275
4.41103
4.45086
4.49232
4.53626
4.58237
4.63078
4.6817
4.73541
4.79223
4.85251
4.91662
4.98495
5.05792
5.13588
5.21922
5.30829
5.40342
5.50481
5.61248
4.55831
4.59789
4.63811
4.67905
4.72078
4.76337
4.80693
4.85151
4.89723
4.94417
4.99242
5.0421
5.0933
5.14613
5.20072
5.25717
5.3156
5.37612
5.43885
5.50394
5.57142
5.64156
5.71422
5.78982
5.86937
5.23035
5.25578
5.28148
5.30752
5.33392
5.36071
5.38791
5.41557
5.4437
5.47237
5.50162
5.5315
5.56208
5.59345
5.62568
5.65888
5.69318
5.72873
5.76565
5.80429
5.84453
5.88749
5.93196
5.98082
6.03656
41.7809
33.2893
22.0541
11.5239
7.30575
6.80882
6.80337
6.8906
7.39115
8.6295
42.2817
34.7718
23.4799
12.1973
7.33353
6.78793
6.76889
6.85852
7.33193
8.60869
42.6616
35.5831
24.3571
12.6435
7.36289
6.76905
6.75086
6.83701
7.29991
8.58858
43.0755
36.6134
25.4455
13.2079
7.39879
6.75014
6.72919
6.81411
7.2606
8.5686
43.5208
37.6874
26.608
13.8343
7.44255
6.73163
6.70861
6.79192
7.22306
8.54879
44.0302
38.8672
27.8891
14.5456
7.4952
6.7135
6.68802
6.76995
7.18542
8.52916
44.6476
40.1446
29.2757
15.3372
7.55704
6.69578
6.6677
6.7482
7.14837
8.50969
45.4097
41.4694
30.7297
16.1903
7.62663
6.67838
6.64759
6.72674
7.11237
8.4904
45.8878
42.7316
32.188
17.0652
7.7004
6.66118
6.62772
6.70565
7.07813
8.47127
46.1351
43.8284
33.55
17.8918
7.77137
6.64397
6.60808
6.68502
7.04654
8.45229
46.3014
44.7413
34.7193
18.5837
7.82931
6.62647
6.58866
6.66496
7.01863
8.43343
46.4307
45.4269
35.5682
19.0304
7.86051
6.60829
6.56941
6.64558
6.99553
8.41468
46.5496
45.8609
35.9782
19.1255
7.84745
6.58905
6.55031
6.62702
6.97782
8.39603
46.6544
46.0045
35.8528
18.7923
7.74489
6.56898
6.5313
6.6098
6.96344
8.38057
46.7909
45.8629
35.1592
17.9015
7.51425
6.54798
6.51238
6.59413
6.95308
8.36944
46.9207
45.593
33.6633
16.3744
7.18602
6.52569
6.4937
6.58042
6.94743
8.36315
47.0871
44.9435
31.0444
14.1869
6.8325
6.50042
6.47597
6.56918
6.94723
8.36218
47.2642
43.0833
26.8759
11.5276
6.57751
6.46939
6.45995
6.56107
6.95318
8.36689
47.1822
38.7611
21.1301
9.04069
6.53919
6.44412
6.44398
6.55708
6.96576
8.37735
44.9762
30.6677
14.2988
7.20443
6.48815
6.41784
6.42853
6.55846
6.98449
8.39296
35.0069
17.5658
8.42687
6.54631
6.43157
6.3912
6.41224
6.56548
7.0076
8.41208
10.8202
7.60523
6.67491
6.47887
6.39769
6.36382
6.39522
6.57667
7.03251
8.4329
7.56349
6.55358
6.44238
6.39781
6.35453
6.33501
6.38013
6.58954
7.05699
8.45283
6.67806
6.49453
6.41752
6.35662
6.31339
6.30733
6.36675
6.602
7.07855
8.4701
6.55104
6.41686
6.35235
6.30192
6.27408
6.28175
6.35422
6.61238
7.09579
8.48379
6.43298
6.35571
6.29907
6.25524
6.23815
6.25669
6.34138
6.61966
7.10806
8.49321
6.36314
6.29646
6.24311
6.20965
6.2033
6.23149
6.32788
6.62323
7.1152
8.49811
6.29534
6.2359
6.19064
6.16717
6.16916
6.20387
6.3136
6.6229
7.11744
8.49857
6.23123
6.17795
6.14077
6.12592
6.13488
6.17634
6.29766
6.61895
7.11525
8.49486
6.16865
6.12194
6.09281
6.08544
6.10035
6.14843
6.27997
6.61183
7.10918
8.48746
6.10766
6.0678
6.04616
6.04527
6.06542
6.11965
6.26079
6.60195
7.09983
8.47689
6.04806
6.01508
6.00034
6.00518
6.03008
6.09018
6.24035
6.58979
7.08781
8.46366
5.98962
5.96343
5.95502
5.96503
5.99435
6.06015
6.21891
6.57587
7.07369
8.44831
5.93214
5.91254
5.91001
5.92476
5.95828
6.02972
6.19681
6.56068
7.05799
8.4313
5.87544
5.86221
5.86519
5.88438
5.92197
5.99906
6.17437
6.54471
7.04119
8.41308
5.81938
5.81233
5.82051
5.8439
5.88551
5.96839
6.15192
6.52839
7.0237
8.39404
5.76391
5.76282
5.77595
5.80337
5.84901
5.93792
6.12982
6.51215
7.00591
8.37454
5.70899
5.71365
5.73152
5.76284
5.81262
5.90789
6.10842
6.49639
6.98817
8.35494
5.65571
5.66581
5.68814
5.7232
5.77721
5.87917
6.0885
6.48177
6.97114
8.3356
5.6041
5.6193
5.64584
5.68453
5.74294
5.85203
6.0704
6.46864
6.95505
8.31747
5.55313
5.57324
5.60385
5.64617
5.70936
5.82625
6.05412
6.45703
6.93979
8.29999
5.5029
5.52772
5.56227
5.60829
5.67675
5.80229
6.04016
6.44732
6.92565
8.2835
5.45354
5.48288
5.52124
5.57109
5.64553
5.78072
6.02906
6.43989
6.91288
8.26832
5.40521
5.43886
5.48091
5.5349
5.61623
5.7622
6.02145
6.43513
6.90175
8.25477
5.35812
5.39585
5.44152
5.50014
5.58959
5.74761
6.01801
6.43343
6.89254
8.24326
5.31249
5.35404
5.40339
5.46747
5.56659
5.738
6.01952
6.43519
6.88553
8.23423
5.26857
5.31369
5.36704
5.43787
5.54857
5.73463
6.02682
6.4408
6.881
8.22826
5.22664
5.27523
5.33335
5.41281
5.53731
5.73903
6.04082
6.45063
6.87897
8.22644
5.18707
5.23942
5.30383
5.3945
5.53514
5.75297
6.06245
6.46507
6.87973
8.23021
5.15055
5.20777
5.28102
5.38609
5.54496
5.77837
6.09261
6.48446
6.88366
8.24173
5.11872
5.18323
5.26897
5.39187
5.57019
5.81721
6.1321
6.50912
6.89129
8.26456
5.09521
5.17104
5.27372
5.41726
5.6145
5.87122
6.18149
6.53938
6.90341
8.30592
5.0872
5.17968
5.30332
5.46831
5.68125
5.94156
6.24099
6.57563
6.92136
8.38378
5.10702
5.22094
5.36701
5.55048
5.7723
6.02804
6.31011
6.61843
6.94774
8.53749
5.17184
5.308
5.47248
5.66619
5.88646
6.12839
6.38751
6.6692
6.98931
8.82301
5.29863
5.44968
5.62115
5.81173
6.01802
6.23815
6.47152
6.73301
7.07379
9.31341
5.49217
5.64139
5.8026
5.97486
6.15657
6.35191
6.56271
6.82928
7.37248
10.3062
5.72978
5.8572
5.99208
6.13565
6.28969
6.46693
6.67089
7.01782
8.72473
12.2529
5.95613
6.05164
6.15576
6.27249
6.4085
6.58781
6.82682
7.59809
12.6209
15.5141
6.10043
6.17453
6.26093
6.36652
6.50511
6.71473
7.08602
9.43083
21.4365
18.6303
)
;

boundaryField
{
    inlet
    {
        type            fixedValue;
        value           uniform 0;
    }
    outlet
    {
        type            inletOutlet;
        inletValue      uniform 0;
        value           nonuniform List<scalar> 10(41.7809 33.2893 22.0541 11.5239 7.30575 6.80882 6.80337 6.8906 7.39115 8.6295);
    }
    walls
    {
        type            zeroGradient;
    }
    baffle
    {
        type            zeroGradient;
    }
    front
    {
        type            empty;
    }
    back
    {
        type            empty;
    }
}


// ************************************************************************* //
