/*--------------------------------*- C++ -*----------------------------------*\
| =========                 |                                                 |
| \\      /  F ield         | OpenFOAM: The Open Source CFD Toolbox           |
|  \\    /   O peration     | Version:  v2012                                 |
|   \\  /    A nd           | Website:  www.openfoam.com                      |
|    \\/     M anipulation  |                                                 |
\*---------------------------------------------------------------------------*/
FoamFile
{
    version     2.0;
    format      ascii;
    class       volScalarField;
    location    "643";
    object      k;
}
// * * * * * * * * * * * * * * * * * * * * * * * * * * * * * * * * * * * * * //

dimensions      [0 2 -2 0 0 0 0];


internalField   nonuniform List<scalar> 
6532
(
2.01242
2.54331
2.64223
2.66858
2.681
2.681
2.66858
2.64223
2.54331
2.01242
1.10879
1.78596
1.97545
2.03717
2.05711
2.05711
2.03717
1.97545
1.78596
1.10879
0.699421
1.308
1.52219
1.60434
1.63238
1.63238
1.60434
1.52219
1.308
0.699421
0.484981
0.99699
1.20484
1.29464
1.328
1.328
1.29464
1.20484
0.996991
0.484982
0.359554
0.786077
0.976231
1.06573
1.10135
1.10135
1.06573
0.976232
0.786078
0.359555
0.279747
0.637192
0.807023
0.892036
0.927619
0.92762
0.892037
0.807024
0.637193
0.279747
0.22556
0.528275
0.67862
0.757289
0.791425
0.791426
0.75729
0.678622
0.528277
0.22556
0.186855
0.446108
0.578974
0.650748
0.6827
0.6827
0.650749
0.578977
0.44611
0.186856
0.158077
0.382473
0.500096
0.565105
0.594577
0.594578
0.565107
0.500099
0.382476
0.158078
0.135979
0.332077
0.436558
0.495259
0.522217
0.522218
0.495262
0.436563
0.332082
0.13598
0.118559
0.291399
0.384591
0.437566
0.462119
0.46212
0.43757
0.384597
0.291405
0.118562
0.104528
0.258025
0.341514
0.38937
0.411695
0.411698
0.389376
0.341522
0.258034
0.104531
0.0930209
0.230257
0.305384
0.348701
0.369002
0.369005
0.348709
0.305395
0.230269
0.0930249
0.0834388
0.20687
0.274765
0.314072
0.332554
0.332558
0.314083
0.27478
0.206886
0.0834442
0.0753559
0.186963
0.248575
0.284345
0.301203
0.301209
0.28436
0.248596
0.186985
0.0753633
0.0684613
0.169858
0.22599
0.258639
0.27405
0.274058
0.258659
0.226018
0.169889
0.0684711
0.062523
0.15504
0.206368
0.236258
0.250383
0.250395
0.236287
0.206406
0.15508
0.062536
0.0573646
0.142108
0.189205
0.216653
0.229635
0.22965
0.216694
0.189257
0.142158
0.0573812
0.0528496
0.130744
0.174102
0.199381
0.211345
0.211365
0.199437
0.174173
0.130804
0.0528701
0.0488702
0.120693
0.160726
0.184073
0.195128
0.195157
0.18415
0.160819
0.120729
0.0488932
0.045274
0.111594
0.148618
0.170215
0.180449
0.18049
0.170325
0.148758
0.111709
0.0455838
0.0420738
0.103473
0.137802
0.157829
0.167329
0.167385
0.157984
0.138011
0.1037
0.0437836
0.039211
0.0961938
0.128107
0.146729
0.155574
0.155648
0.146938
0.128402
0.0966533
0.0431974
0.0366371
0.0896382
0.119379
0.136739
0.144996
0.145091
0.136999
0.119729
0.0905175
0.0438611
0.0343118
0.083708
0.111488
0.12771
0.13544
0.135552
0.127998
0.111896
0.085323
0.0458131
0.0322016
0.0783204
0.104325
0.119519
0.126775
0.126905
0.119833
0.104894
0.0810534
0.0488263
0.0302785
0.0734057
0.0977968
0.112061
0.118891
0.119049
0.11247
0.0987021
0.0775715
0.0525474
0.0285186
0.0689045
0.0918256
0.105246
0.111697
0.111898
0.105824
0.0932505
0.0748336
0.0565968
0.0269013
0.0647652
0.0863437
0.0989991
0.105113
0.105376
0.099822
0.0884633
0.0727218
0.060046
0.0254089
0.0609442
0.0812927
0.093253
0.0990704
0.0994179
0.094398
0.0842653
0.0710987
0.0626664
0.0240263
0.0574029
0.0766219
0.0879512
0.0935111
0.0939636
0.0894907
0.0805801
0.0698202
0.0645506
0.0227399
0.0541073
0.0722873
0.083044
0.0883828
0.0889608
0.0850421
0.0773234
0.0686867
0.0657715
0.0215378
0.0510277
0.0682502
0.0784878
0.0836396
0.0843619
0.0809975
0.0744119
0.0676131
0.0664049
0.0204096
0.0481379
0.0644762
0.0742444
0.0792409
0.0801236
0.0773057
0.0717764
0.0665306
0.0665154
0.0193456
0.045415
0.0609354
0.0702797
0.0751507
0.0762068
0.0739198
0.0693558
0.065387
0.0661565
0.0183375
0.0428386
0.0576011
0.0665638
0.0713366
0.0725763
0.0707978
0.0670983
0.0641473
0.0653759
0.0173777
0.0403912
0.0544501
0.0630709
0.0677707
0.069201
0.0679031
0.0649628
0.0627943
0.0642232
0.0164595
0.0380594
0.0514648
0.0597811
0.0644317
0.0660571
0.0652079
0.0629223
0.0613307
0.0627577
0.0156091
0.0359053
0.0487205
0.0567734
0.0613957
0.0632118
0.0627656
0.0610215
0.059825
0.0611025
0.0147863
0.0338338
0.0460995
0.0539209
0.0585349
0.0605433
0.06047
0.059187
0.0582614
0.0592928
0.0139866
0.0318339
0.0435832
0.051201
0.0558243
0.0580265
0.0583006
0.0574151
0.0566737
0.0574042
0.0132058
0.0298981
0.0411592
0.0485985
0.0532474
0.0556453
0.0562463
0.0557114
0.0551039
0.0555203
0.0124404
0.0280197
0.0388154
0.0460978
0.0507869
0.0533827
0.0542956
0.054082
0.0535916
0.0537206
0.0116872
0.0261925
0.0365389
0.0436813
0.0484229
0.0512189
0.0524341
0.052528
0.0521665
0.0520703
0.0109433
0.0244103
0.0343158
0.0413292
0.0461315
0.0491292
0.0506412
0.051041
0.0508413
0.0506099
0.0102058
0.0226674
0.0321311
0.039018
0.0438836
0.047082
0.048887
0.0495988
0.0496059
0.049346
0.00947213
0.0209577
0.0299678
0.0367203
0.0416441
0.0450372
0.0471304
0.0481624
0.0484242
0.0482462
0.00873939
0.0192752
0.0278077
0.0344045
0.0393708
0.0429455
0.0453178
0.0466752
0.0472341
0.0472393
0.00800442
0.0176136
0.0256312
0.0320354
0.0370154
0.040749
0.0433839
0.0450648
0.0459513
0.046222
0.00726332
0.0159667
0.0234185
0.0295757
0.0345253
0.0383831
0.0412547
0.0432468
0.0444753
0.0450683
0.00651089
0.0143277
0.0211509
0.0269895
0.0318483
0.0357822
0.038853
0.041132
0.0426991
0.043644
0.00573935
0.0126869
0.0188169
0.0242515
0.0289426
0.0328895
0.0361093
0.0386372
0.0405221
0.0418225
0.00493548
0.0110201
0.0164033
0.0213541
0.0257935
0.0296768
0.0329803
0.0357041
0.037868
0.039502
0.00406357
0.00945199
0.0139902
0.0183487
0.022437
0.0261673
0.0294746
0.0323244
0.0347061
0.036625
0.00313809
0.00811685
0.0118491
0.0154883
0.0190744
0.0225162
0.0257106
0.0285826
0.0310913
0.0332122
0.00216837
0.0068812
0.0101173
0.0130979
0.0160887
0.0190844
0.0219968
0.0247353
0.0272277
0.0294243
0.0011453
0.00545729
0.00857116
0.0112122
0.0137471
0.016285
0.0188077
0.0212516
0.0235506
0.0256472
0.000883584
0.00368184
0.00683883
0.00949782
0.0118962
0.0141664
0.0163468
0.0184266
0.0203837
0.0221897
0.000854386
0.00214983
0.00507477
0.00764782
0.0100611
0.012178
0.0140773
0.0157647
0.0172734
0.0186237
0.000957365
0.0016935
0.0026115
0.00389714
0.00533246
0.00645122
0.00734997
0.00813254
0.00880161
0.00936512
0.00963931
0.00332059
0.00339942
0.00360132
0.00376867
0.00387881
0.00392232
0.00389977
0.00381202
0.00367421
0.00350289
0.00329839
0.00306403
0.00281276
0.00255328
0.00229009
0.00202479
0.00177905
0.00155772
0.00135035
0.00115119
0.000955615
0.000758033
0.000549413
0.000297228
0.018859
0.0082512
0.00729229
0.00743989
0.00769821
0.00789766
0.00798972
0.00795462
0.0077823
0.00746854
0.00706866
0.00661321
0.00612501
0.00562385
0.00512383
0.00463425
0.00415822
0.00367791
0.00319437
0.0027142
0.00224814
0.00181073
0.00142407
0.00108004
0.000548566
0.028185
0.0137227
0.0104136
0.0097559
0.00969874
0.00972207
0.00968397
0.0095371
0.00926428
0.0088573
0.00834534
0.0077773
0.00718073
0.00657759
0.00598575
0.0054184
0.00488101
0.00436496
0.00385805
0.00335066
0.00283565
0.00231745
0.00182136
0.00136013
0.000666258
0.038401
0.0208448
0.014162
0.0121451
0.0114195
0.0110462
0.0107323
0.0103832
0.00996369
0.00946119
0.00887076
0.00823607
0.00758602
0.00693916
0.00631254
0.00571946
0.00516606
0.00464735
0.00414952
0.00365599
0.00314832
0.00261548
0.00206667
0.00151377
0.000722378
0.0483752
0.0300022
0.0193065
0.0150899
0.0133275
0.0123467
0.0116426
0.011023
0.0104179
0.00979806
0.00915026
0.00846753
0.00778449
0.00711458
0.00647027
0.00586395
0.0053022
0.0047822
0.00429125
0.00381024
0.00331602
0.00278773
0.00221814
0.00160249
0.000741791
0.0556693
0.0393019
0.0255946
0.0187539
0.0156371
0.0138714
0.0126528
0.011695
0.0108643
0.0101013
0.00937551
0.00866685
0.00796073
0.00726998
0.00660584
0.00598048
0.00540159
0.00486977
0.00437478
0.00389602
0.00340837
0.00288565
0.00230871
0.00165272
0.000740923
0.0607413
0.0481185
0.0326661
0.0232794
0.0184852
0.015753
0.0139268
0.0125439
0.0114293
0.0104854
0.00965575
0.00890042
0.00818575
0.00748729
0.00679314
0.00613539
0.00552116
0.00495956
0.00444465
0.00395475
0.00346335
0.00294103
0.00235987
0.0016777
0.000728379
0.0645042
0.0551472
0.039625
0.0286149
0.0219809
0.0180712
0.0155123
0.0136512
0.0121906
0.0110125
0.0100437
0.00921858
0.00847842
0.00777206
0.00706784
0.00636821
0.00569318
0.00507999
0.00452517
0.00400858
0.00350163
0.00297231
0.00238535
0.0016846
0.000707947
0.0673057
0.0607441
0.0461043
0.0341207
0.0259524
0.0208237
0.017421
0.015011
0.0131757
0.0117199
0.0105682
0.00964387
0.00886146
0.00814012
0.00741676
0.00667252
0.00593708
0.00525202
0.0046342
0.00407247
0.00353528
0.00299041
0.00239392
0.0016779
0.000681248
0.0693275
0.0650121
0.052013
0.0395757
0.0302464
0.0239697
0.0196868
0.0166456
0.014386
0.0126255
0.0112506
0.0101912
0.00934356
0.00859804
0.00785608
0.00706628
0.0062501
0.0054702
0.00476887
0.0041475
0.00357303
0.00300554
0.00239539
0.00166485
0.000651428
0.07069
0.0681634
0.0571424
0.0447709
0.03474
0.0273994
0.0222513
0.0185658
0.015838
0.0137424
0.0121176
0.0108817
0.00993388
0.00915055
0.00839789
0.00757373
0.00666682
0.00576087
0.00494228
0.00423828
0.0036116
0.0030137
0.00238603
0.00164136
0.000626163
0.0715026
0.0704028
0.0613404
0.0494733
0.0391021
0.0309371
0.0250262
0.0207371
0.0175508
0.0151092
0.0131954
0.0117483
0.0106591
0.00981052
0.00904822
0.00821523
0.00722961
0.00616866
0.00518499
0.00435807
0.00365655
0.0030165
0.00236554
0.00160547
0.000601729
0.0718216
0.0718377
0.0645348
0.0536035
0.0431174
0.0344447
0.0279214
0.0231058
0.0195064
0.0167363
0.0145475
0.0128416
0.011564
0.0105992
0.0098047
0.00899066
0.00797639
0.00675653
0.00555267
0.00453112
0.00371575
0.00301613
0.00233442
0.0015579
0.000576146
0.0716612
0.0725349
0.0667969
0.0570656
0.04675
0.0379087
0.0308675
0.0256122
0.021665
0.0186115
0.0161723
0.0142263
0.0127146
0.0115648
0.0106722
0.00986522
0.0089017
0.00759764
0.0061385
0.00483755
0.00383154
0.00303065
0.00229892
0.00150149
0.000548683
0.071029
0.0725507
0.0682084
0.0597724
0.0498763
0.0410239
0.0337413
0.0281851
0.0239799
0.0207117
0.0180807
0.0159328
0.0141905
0.0128027
0.0117079
0.0108109
0.00991416
0.00870047
0.00708506
0.00542987
0.0040919
0.00310216
0.00227822
0.00144534
0.000519988
0.0699398
0.07193
0.0688161
0.0616522
0.0525622
0.043858
0.0365746
0.0307869
0.0264028
0.022997
0.020257
0.0179903
0.0160745
0.0144403
0.0130675
0.0119203
0.0109269
0.00985129
0.00836717
0.00647016
0.00463051
0.00330771
0.00231742
0.00141531
0.000493269
0.0684213
0.0707188
0.0686739
0.0627657
0.05472
0.0463423
0.0391534
0.0333528
0.0288775
0.025415
0.0226555
0.0203774
0.0183992
0.0166092
0.0149638
0.0134662
0.0121346
0.0109359
0.00962497
0.00790495
0.00581647
0.00381843
0.00250096
0.00147186
0.000477829
0.0665231
0.0689763
0.0678392
0.0631477
0.0562174
0.0485459
0.0415343
0.0358365
0.0313543
0.0279053
0.0252077
0.023024
0.0211237
0.0193397
0.0175692
0.0157791
0.0140126
0.0123199
0.0107614
0.00912485
0.00725855
0.00519526
0.0031478
0.00178416
0.000507094
0.0643793
0.0668391
0.0664227
0.0628472
0.057033
0.0502712
0.0436625
0.0381113
0.0337663
0.0303626
0.0277809
0.0257743
0.0240855
0.0225022
0.0208585
0.0190443
0.0170154
0.0148052
0.0125576
0.0103606
0.00823505
0.00620998
0.00443349
0.00280441
0.00084894
0.0620285
0.0643619
0.0644968
0.0619266
0.057224
0.051419
0.0455139
0.0402013
0.0359699
0.0327187
0.0302442
0.0284318
0.0270153
0.0257607
0.0244629
0.0229483
0.0210809
0.0187778
0.016039
0.0130148
0.00991633
0.00709778
0.00479775
0.00310627
0.00215266
0.0595607
0.0616407
0.062146
0.0604437
0.0568083
0.0519964
0.0468581
0.0420769
0.0380364
0.0348942
0.0325866
0.0309332
0.0297812
0.0288954
0.0280636
0.0270924
0.0257993
0.0240083
0.0215711
0.0184252
0.014674
0.0107729
0.00732571
0.00487865
0.00364099
0.0570854
0.0588012
0.0594875
0.0584779
0.0558098
0.0519881
0.0476797
0.0434907
0.03983
0.0368973
0.0346993
0.0332097
0.0322425
0.0316599
0.0312606
0.0308669
0.0303115
0.0294125
0.0279644
0.0257547
0.0226389
0.0187218
0.0144271
0.0106178
0.00780793
0.0547163
0.0559863
0.0566685
0.0561457
0.0542938
0.0513948
0.0479305
0.0443993
0.0411908
0.0385402
0.0365418
0.0351878
0.0343607
0.0339497
0.0338393
0.0338702
0.0339096
0.0338185
0.0334442
0.0326039
0.0311387
0.0289184
0.0259919
0.0225419
0.0188372
0.0525578
0.0533439
0.0538613
0.0536057
0.0523729
0.0502714
0.0476099
0.044763
0.0420671
0.0397614
0.0379804
0.0367644
0.036068
0.0357876
0.0358048
0.0360621
0.0364496
0.0368559
0.0371664
0.0372532
0.036979
0.0362348
0.0349351
0.0330406
0.0305642
0.0506888
0.0510074
0.0512475
0.0510528
0.0502142
0.04873
0.0467662
0.0445744
0.0424154
0.0405022
0.0389792
0.0379191
0.0373209
0.0371227
0.0372316
0.0375557
0.0380858
0.0387451
0.0394347
0.0400316
0.040406
0.0404684
0.0401328
0.0393294
0.0380172
0.049147
0.0490712
0.0489891
0.0486957
0.0480315
0.0469495
0.0455187
0.043887
0.0422323
0.0407213
0.0394845
0.0386039
0.0381046
0.037958
0.0380957
0.0384651
0.0390372
0.0397788
0.0406205
0.0414694
0.0422243
0.0427906
0.0430806
0.043021
0.0425619
0.0479172
0.0475682
0.0471942
0.0467176
0.0460538
0.0451623
0.0440658
0.0428406
0.0415935
0.0404385
0.0394762
0.038781
0.0383878
0.0382889
0.0384341
0.0387827
0.0393307
0.0400549
0.0409155
0.0418515
0.0427908
0.0436543
0.0443622
0.0448422
0.0450387
0.0469282
0.0464563
0.0458863
0.045229
0.0444719
0.0436092
0.0426568
0.0416567
0.0406707
0.0397691
0.0390193
0.0384759
0.0381722
0.0381114
0.0382608
0.0385664
0.0390352
0.0396607
0.0404302
0.041317
0.0422684
0.0432335
0.0441537
0.0449675
0.0456174
0.0460596
0.0456196
0.0449907
0.0442311
0.0433799
0.0424678
0.0415266
0.0405944
0.0397142
0.038931
0.0382873
0.0378184
0.0375483
0.0374838
0.0376077
0.0378635
0.0382423
0.0387435
0.0393611
0.0400859
0.0409085
0.0417993
0.0427132
0.0436133
0.0444557
0.0451567
0.0448855
0.044344
0.0436061
0.0427349
0.0417866
0.040813
0.0398615
0.0389748
0.0381905
0.0375399
0.0370473
0.0367284
0.03659
0.0366253
0.036806
0.0370802
0.037444
0.0378969
0.0384331
0.0390464
0.0397322
0.0404837
0.0412712
0.0420624
0.0440507
0.0440521
0.0437252
0.0431392
0.0423619
0.0414595
0.0404944
0.0395235
0.0385959
0.037752
0.037023
0.0364315
0.0359913
0.0357088
0.0355832
0.0356041
0.0357457
0.035974
0.0362594
0.036605
0.0370095
0.0374681
0.0379767
0.0385331
0.0391262
0.0425807
0.0429175
0.0428936
0.0425667
0.0419975
0.0412491
0.040384
0.0394618
0.0385356
0.0376504
0.0368417
0.0361356
0.0355495
0.0350928
0.0347688
0.0345754
0.0345042
0.0345394
0.03466
0.0348421
0.0350578
0.0353093
0.0355948
0.0359147
0.0362629
0.0406104
0.0413033
0.041627
0.0416257
0.0413485
0.0408487
0.0401818
0.0394032
0.0385649
0.0377127
0.0368854
0.0361131
0.0354179
0.0348145
0.0343114
0.0339118
0.0336152
0.0334168
0.0333082
0.0332769
0.0333073
0.0333887
0.0335089
0.0336446
0.0337961
0.0380477
0.0390785
0.0397507
0.0400954
0.0401495
0.0399547
0.0395568
0.0390031
0.0383399
0.0376105
0.0368528
0.036099
0.0353742
0.0346976
0.0340824
0.0335369
0.0330657
0.0326702
0.0323489
0.0320978
0.0319107
0.0317808
0.0316995
0.0316546
0.0316387
0.0348811
0.0361956
0.0371761
0.037842
0.038219
0.0383382
0.038235
0.0379479
0.0375158
0.0369766
0.036365
0.0357119
0.0350434
0.0343806
0.0337398
0.033133
0.0325688
0.0320525
0.0315871
0.0311734
0.0308105
0.0304962
0.0302267
0.0299975
0.0298044
0.0312311
0.0327339
0.0339403
0.0348587
0.0355043
0.0358981
0.0360664
0.036039
0.0358474
0.0355232
0.0350965
0.0345952
0.0340437
0.0334632
0.032871
0.032281
0.031704
0.0311481
0.030619
0.0301205
0.0296547
0.0292225
0.0288237
0.0284575
0.0281236
0.0274304
0.0289712
0.030264
0.0313065
0.0321062
0.032677
0.0330366
0.0332067
0.0332115
0.0330757
0.032824
0.0324799
0.0320649
0.0315981
0.0310963
0.0305733
0.0300407
0.0295078
0.0289815
0.0284675
0.0279695
0.0274904
0.0270318
0.0265949
0.0261817
0.0237529
0.0251388
0.0263404
0.0273504
0.028155
0.0287571
0.0291747
0.0294249
0.0295262
0.0294975
0.0293581
0.0291262
0.0288194
0.0284536
0.0280429
0.0275999
0.027135
0.026657
0.0261732
0.0256894
0.02521
0.0247385
0.0242775
0.023829
0.0233961
0.0197699
0.0207754
0.0216333
0.0223389
0.0229008
0.0233235
0.0236167
0.0237914
0.0238594
0.0238326
0.0237233
0.0235433
0.0233042
0.0230166
0.0226902
0.0223339
0.0219552
0.0215607
0.021156
0.0207459
0.0203342
0.019924
0.019518
0.019118
0.0187271
0.00982708
0.0102337
0.0105864
0.0108791
0.0111169
0.0113029
0.0114401
0.0115318
0.0115813
0.0115923
0.0115684
0.0115133
0.011431
0.0113249
0.0111987
0.0110557
0.010899
0.0107314
0.0105556
0.0103739
0.0101884
0.0100007
0.00981255
0.00962514
0.00943972
0.00072722
0.000660622
0.00173289
0.00225981
0.00236889
0.00247478
0.00339326
0.00349192
0.00385249
0.00639741
0.00605995
0.00615074
0.0152818
0.0131566
0.0119689
0.0276205
0.0247288
0.0223269
0.0362788
0.0342842
0.0321052
0.0417384
0.0406527
0.0392996
0.0449293
0.0445739
0.0439771
0.0460307
0.0462491
0.0462751
0.0451454
0.0457222
0.0461831
0.0427706
0.0434404
0.0440707
0.0396813
0.0402378
0.0407988
0.0366044
0.0369631
0.0373383
0.033947
0.0341105
0.0342919
0.0316456
0.0316695
0.031709
0.0296578
0.0295343
0.0294293
0.0278491
0.0275981
0.0273649
0.0258308
0.0254993
0.0251816
0.0230228
0.0226634
0.0223138
0.0183879
0.0180577
0.0177343
0.00927889
0.00912118
0.00896653
0.000118418
0.000337698
0.000504787
0.000646154
0.000769694
0.00087901
0.000978794
0.00107106
0.00115715
0.00123797
0.00131415
0.00138617
0.00145444
0.00151928
0.00158099
0.00163983
0.00169604
0.00174985
0.00180145
0.00185104
0.0018988
0.00194491
0.00198954
0.00203285
0.00207502
0.0021162
0.00215655
0.00219624
0.00223544
0.0022743
0.002313
0.0023517
0.00239059
0.00242985
0.00246967
0.00251025
0.00255179
0.00259453
0.00263871
0.00268461
0.00273254
0.00278285
0.00283595
0.00289232
0.00295256
0.00301735
0.00308758
0.00316051
0.00323595
0.00331377
0.00339386
0.00347621
0.0035608
0.00364758
0.00373647
0.00382729
0.00391977
0.00401357
0.00410815
0.00420282
0.00429664
0.00438836
0.00447637
0.00455855
0.00463216
0.00469361
0.00473822
0.00475987
0.00475027
0.00469745
0.00458489
0.00439248
0.00412427
0.0037793
0.00328249
0.00266961
0.00202402
0.00141817
0.000978257
0.00058605
0.000527198
0.000953423
0.00119369
0.00140225
0.00162339
0.00185601
0.00209125
0.00232691
0.00256001
0.00278788
0.0030084
0.00322018
0.00342247
0.00361503
0.00379797
0.00397156
0.00413623
0.00429244
0.00444067
0.0045814
0.00471511
0.00484226
0.00496328
0.00507862
0.0051887
0.00529391
0.00539466
0.00549133
0.00558429
0.00567393
0.0057606
0.00584468
0.00592653
0.00600655
0.00608512
0.00616263
0.00623949
0.00631609
0.00639283
0.00647012
0.00654838
0.00662805
0.00670957
0.00679341
0.00687989
0.00696951
0.00706289
0.0071641
0.00727037
0.00738099
0.00749593
0.00761532
0.00773925
0.00786779
0.00800092
0.00813852
0.00828029
0.0084257
0.00857389
0.00872359
0.00887296
0.00901947
0.0091597
0.0092891
0.00940168
0.00948961
0.00954274
0.00954786
0.00948814
0.00934367
0.00909144
0.00870057
0.00814441
0.00740097
0.00645454
0.0052981
0.00396407
0.00245059
0.00135128
0.000594476
0.00073252
0.00138473
0.00168057
0.00197069
0.00230695
0.00266974
0.0030419
0.00341288
0.00377453
0.00412168
0.00445153
0.00476316
0.00505679
0.00533326
0.00559371
0.00583929
0.00607109
0.0062901
0.0064972
0.00669315
0.00687866
0.00705434
0.00722076
0.00737847
0.00752797
0.00766975
0.00780426
0.00793195
0.00805323
0.0081685
0.00827812
0.00838247
0.00848189
0.00857677
0.0086675
0.0087545
0.0088382
0.008919
0.00899731
0.00907354
0.00914811
0.00922146
0.00929409
0.00936653
0.00943932
0.00951301
0.00958822
0.00966553
0.00974881
0.00983601
0.00992686
0.0100215
0.01012
0.0102226
0.0103292
0.01044
0.0105545
0.0106721
0.0107919
0.0109121
0.0110303
0.011143
0.0112456
0.0113319
0.0113941
0.0114225
0.0114051
0.0113276
0.0111734
0.0109248
0.0105608
0.0100614
0.009414
0.00860452
0.00762225
0.0064382
0.00505016
0.00347043
0.00177261
0.000547139
0.000867905
0.00169276
0.00206543
0.00244707
0.00288737
0.0033574
0.00383368
0.00430019
0.00474743
0.0051709
0.00556938
0.00594365
0.00629544
0.00662675
0.00693948
0.00723531
0.00751559
0.00778143
0.00803371
0.00827314
0.00850033
0.00871579
0.00891999
0.00911336
0.00929635
0.00946936
0.00963283
0.00978717
0.00993278
0.0100701
0.0101993
0.0103209
0.0104351
0.0105423
0.0106429
0.0107373
0.0108262
0.0109099
0.0109889
0.0110635
0.0111342
0.0112013
0.0112651
0.011326
0.0113845
0.0114411
0.0114964
0.0115512
0.0116071
0.011666
0.011727
0.0117904
0.0118564
0.0119254
0.0119974
0.0120728
0.0121514
0.012233
0.0123166
0.0124009
0.0124833
0.0125603
0.012627
0.0126769
0.0127018
0.0126915
0.0126336
0.012514
0.012317
0.0120261
0.0116252
0.0110993
0.010436
0.0096251
0.00865716
0.00751845
0.00617102
0.00453154
0.00249291
0.000613696
0.000957273
0.00190118
0.00237056
0.00284609
0.0033766
0.00392993
0.00447916
0.00500829
0.00550953
0.00598077
0.00642311
0.00683911
0.00723169
0.00760356
0.007957
0.00829375
0.00861509
0.00892194
0.00921494
0.00949453
0.00976103
0.0100147
0.0102557
0.0104842
0.0107006
0.010905
0.0110978
0.0112792
0.0114496
0.0116094
0.0117588
0.0118981
0.0120275
0.0121474
0.0122581
0.0123601
0.0124544
0.0125415
0.0126221
0.0126968
0.0127658
0.0128294
0.012888
0.0129418
0.0129911
0.0130361
0.0130773
0.0131152
0.0131504
0.0131856
0.0132206
0.0132559
0.0132923
0.0133304
0.0133707
0.013414
0.0134609
0.0135119
0.0135668
0.0136251
0.0136849
0.0137436
0.0137967
0.0138383
0.0138606
0.0138534
0.0138042
0.0136983
0.0135185
0.0132463
0.0128622
0.0123482
0.0116888
0.0108725
0.00989327
0.0087441
0.00739345
0.00573574
0.00356939
0.000812043
0.00101172
0.00204708
0.00261651
0.00317867
0.00378264
0.00439591
0.00499265
0.00555969
0.00609277
0.00659278
0.00706303
0.00750751
0.00792997
0.00833348
0.00872037
0.00909222
0.00945006
0.00979446
0.0101257
0.0104437
0.0107486
0.0110402
0.0113183
0.0115828
0.0118336
0.0120709
0.0122945
0.0125046
0.0127015
0.0128854
0.0130565
0.0132149
0.0133607
0.013494
0.0136154
0.0137255
0.013825
0.0139155
0.0139981
0.0140733
0.0141414
0.014203
0.0142583
0.0143075
0.014351
0.0143889
0.0144216
0.0144491
0.0144715
0.0144895
0.0145039
0.014516
0.0145268
0.0145376
0.0145496
0.0145641
0.0145829
0.0146074
0.0146389
0.014678
0.0147243
0.014776
0.0148302
0.0148819
0.0149243
0.014948
0.0149408
0.0148875
0.0147697
0.0145658
0.0142512
0.0137995
0.0131841
0.0123803
0.0113698
0.0101421
0.00867817
0.00690004
0.00459555
0.00120913
0.00104516
0.00215371
0.00281505
0.00345103
0.00411044
0.00476299
0.00538702
0.00597389
0.00652322
0.00703877
0.00752573
0.0079892
0.00843346
0.00886174
0.00927627
0.00967836
0.0100687
0.0104474
0.0108143
0.0111691
0.0115111
0.01184
0.0121552
0.0124561
0.0127425
0.0130139
0.0132701
0.013511
0.0137365
0.0139467
0.0141416
0.014321
0.0144844
0.0146319
0.0147653
0.0148859
0.0149943
0.0150922
0.0151801
0.0152588
0.0153287
0.01539
0.0154432
0.0154886
0.0155266
0.0155574
0.0155814
0.015599
0.0156104
0.0156156
0.0156156
0.015611
0.0156015
0.0155887
0.0155751
0.0155633
0.015556
0.0155561
0.0155663
0.0155887
0.0156242
0.0156727
0.0157325
0.0158002
0.0158703
0.0159346
0.0159819
0.0159975
0.0159624
0.0158531
0.0156413
0.0152933
0.0147708
0.0140318
0.0130344
0.0117418
0.0101226
0.00812294
0.00558048
0.00173769
0.00106654
0.00223389
0.0029737
0.00366841
0.00436601
0.00504059
0.00567637
0.00626965
0.00682377
0.00734499
0.00784005
0.0083149
0.0087742
0.00922122
0.00965801
0.0100856
0.0105042
0.0109136
0.0113132
0.011702
0.0120793
0.0124439
0.0127951
0.013132
0.0134538
0.0137599
0.0140497
0.0143228
0.0145787
0.0148173
0.0150382
0.0152406
0.0154245
0.0155914
0.0157431
0.0158804
0.0160048
0.0161165
0.016216
0.0163037
0.0163799
0.0164447
0.0164985
0.0165414
0.016574
0.0165965
0.0166098
0.0166145
0.0166116
0.0166023
0.0165879
0.0165681
0.0165425
0.0165113
0.0164756
0.0164398
0.0164083
0.0163853
0.016375
0.0163809
0.0164053
0.0164497
0.0165139
0.016596
0.0166922
0.0167959
0.0168973
0.016983
0.0170345
0.0170281
0.0169334
0.0167125
0.0163186
0.0156954
0.0147773
0.0134922
0.0117667
0.00952177
0.00663017
0.00228846
0.00108066
0.00229529
0.00309855
0.00383675
0.00455721
0.00523991
0.00587543
0.00646486
0.00701488
0.00753391
0.00802998
0.00850972
0.00897804
0.00943819
0.00989202
0.0103402
0.0107826
0.0112186
0.0116469
0.0120665
0.0124758
0.0128736
0.0132585
0.0136294
0.0139852
0.014325
0.0146478
0.014953
0.01524
0.015508
0.0157568
0.0159856
0.0161966
0.016391
0.0165679
0.0167281
0.0168726
0.0170021
0.017117
0.0172175
0.0173037
0.0173758
0.0174339
0.0174782
0.0175089
0.0175267
0.0175322
0.0175265
0.0175107
0.0174861
0.0174543
0.0174165
0.0173741
0.0173271
0.0172737
0.0172179
0.0171652
0.0171214
0.017092
0.0170817
0.0170944
0.0171326
0.0171979
0.0172901
0.0174069
0.0175439
0.017693
0.0178425
0.0179754
0.0180687
0.0180919
0.018005
0.0177562
0.0172795
0.0164909
0.0152874
0.0135454
0.0111196
0.00782932
0.00288367
0.00109021
0.00234278
0.0031952
0.00396288
0.00469323
0.00537295
0.00599879
0.0065763
0.0071151
0.00762547
0.00811653
0.00859545
0.00906732
0.00953533
0.0100011
0.0104649
0.0109264
0.0113842
0.011837
0.012283
0.0127204
0.0131475
0.0135627
0.0139644
0.0143513
0.0147221
0.0150759
0.0154115
0.0157283
0.0160257
0.0163033
0.0165616
0.016803
0.0170258
0.0172291
0.0174138
0.0175807
0.0177306
0.0178637
0.0179804
0.0180806
0.0181643
0.0182315
0.0182822
0.0183167
0.0183354
0.0183389
0.0183284
0.0183052
0.0182707
0.0182272
0.0181761
0.0181188
0.0180565
0.017989
0.0179179
0.0178488
0.0177884
0.017743
0.0177184
0.0177194
0.0177502
0.0178136
0.0179111
0.0180426
0.0182053
0.0183937
0.018598
0.0188033
0.0189884
0.0191235
0.0191682
0.0190681
0.0187506
0.0181187
0.0170439
0.0153586
0.0128433
0.00920166
0.00351792
0.00109698
0.00238012
0.00326931
0.00405444
0.00478409
0.00545202
0.00606075
0.00661986
0.00714163
0.00763795
0.00811885
0.00859193
0.00906238
0.00953329
0.010006
0.0104806
0.010956
0.0114309
0.0119032
0.0123708
0.0128317
0.0132836
0.0137247
0.014153
0.0145671
0.0149654
0.0153466
0.0157098
0.016054
0.0163789
0.0166842
0.0169711
0.017241
0.0174914
0.0177211
0.0179306
0.0181209
0.0182927
0.0184463
0.0185821
0.0186999
0.0187995
0.0188809
0.018944
0.0189887
0.0190152
0.0190241
0.0190163
0.0189933
0.0189568
0.0189089
0.0188518
0.0187869
0.0187156
0.0186379
0.0185572
0.0184782
0.018407
0.0183505
0.018315
0.0183063
0.0183296
0.0183893
0.0184886
0.0186292
0.0188106
0.0190298
0.0192796
0.0195477
0.0198151
0.0200539
0.0202245
0.0202714
0.0201177
0.0196564
0.0187381
0.0171542
0.0146099
0.0106714
0.0041915
0.00110268
0.00241112
0.00332718
0.00412003
0.00484062
0.00548977
0.00607542
0.00661092
0.00711092
0.00758872
0.0080551
0.00851797
0.00898255
0.00945177
0.00992672
0.0104071
0.0108916
0.0113784
0.0118652
0.0123494
0.0128286
0.0133004
0.0137625
0.0142129
0.0146497
0.0150712
0.0154761
0.0158632
0.0162317
0.0165813
0.0169118
0.0172245
0.0175202
0.0177966
0.0180518
0.0182859
0.0184999
0.0186946
0.0188705
0.0190278
0.0191663
0.019286
0.0193865
0.0194675
0.0195287
0.0195702
0.0195921
0.0195952
0.0195807
0.0195504
0.0195067
0.0194517
0.0193869
0.0193138
0.019234
0.0191513
0.0190696
0.0189948
0.0189333
0.0188918
0.0188767
0.0188942
0.0189499
0.0190487
0.0191942
0.0193884
0.0196309
0.0199174
0.0202389
0.0205794
0.0209136
0.0212038
0.021395
0.0214077
0.0211273
0.0203865
0.0189389
0.016413
0.0121869
0.00493814
0.0011095
0.00244083
0.0033767
0.00416992
0.00487488
0.00549961
0.00605737
0.00656503
0.00703943
0.00749507
0.00794331
0.00839223
0.00884699
0.00931033
0.00978305
0.0102646
0.0107532
0.0112469
0.0117429
0.0122385
0.0127309
0.0132175
0.0136957
0.0141634
0.0146183
0.0150588
0.0154834
0.0158909
0.0162805
0.0166517
0.0170046
0.01734
0.0176588
0.0179593
0.018239
0.0184974
0.0187354
0.0189539
0.0191535
0.0193343
0.0194963
0.0196393
0.019763
0.0198669
0.0199506
0.0200135
0.0200556
0.0200771
0.020079
0.020063
0.0200315
0.0199865
0.0199296
0.0198627
0.01979
0.0197136
0.0196373
0.0195663
0.0195066
0.0194649
0.019448
0.0194627
0.0195156
0.0196131
0.0197608
0.0199631
0.0202223
0.0205377
0.0209039
0.0213086
0.0217302
0.0221341
0.0224672
0.0226496
0.0225614
0.0220199
0.0207435
0.0182869
0.0138262
0.00581866
0.00112085
0.0024773
0.00342921
0.00421745
0.00490139
0.00549686
0.00602258
0.00649891
0.00694462
0.0073752
0.00780234
0.00823417
0.00867566
0.0091293
0.00959562
0.0100737
0.0105618
0.0110573
0.0115574
0.0120592
0.0125597
0.0130561
0.0135456
0.0140258
0.0144945
0.01495
0.0153905
0.0158149
0.0162224
0.0166125
0.0169851
0.0173406
0.0176802
0.0180031
0.0183062
0.0185887
0.018851
0.019094
0.0193184
0.0195244
0.0197121
0.0198812
0.0200315
0.0201623
0.0202731
0.0203629
0.0204313
0.0204779
0.0205033
0.0205089
0.0204968
0.020469
0.0204277
0.0203768
0.0203191
0.020257
0.0201937
0.0201338
0.0200829
0.0200473
0.0200338
0.0200497
0.0201022
0.0201991
0.0203476
0.0205544
0.0208248
0.0211618
0.0215641
0.0220241
0.0225249
0.0230366
0.0235097
0.0238666
0.0239852
0.0236708
0.0226076
0.0202749
0.015666
0.00692915
0.00114375
0.00253556
0.00350208
0.00428078
0.00493846
0.00549994
0.00598974
0.0064317
0.00684623
0.00724946
0.00765318
0.00806534
0.0084906
0.00893109
0.00938706
0.00985742
0.0103401
0.0108326
0.0113319
0.0118348
0.0123384
0.0128398
0.0133359
0.0138242
0.0143027
0.0147692
0.0152223
0.0156605
0.016083
0.0164893
0.016879
0.0172525
0.017611
0.0179546
0.0182802
0.0185863
0.0188731
0.0191413
0.0193915
0.019624
0.0198391
0.0200364
0.0202157
0.0203765
0.0205178
0.0206388
0.0207384
0.0208157
0.0208706
0.020904
0.0209177
0.0209137
0.0208963
0.0208691
0.020834
0.0207934
0.0207501
0.0207082
0.0206726
0.0206493
0.0206448
0.0206664
0.020722
0.0208199
0.0209689
0.0211777
0.0214546
0.0218062
0.0222357
0.022741
0.0233113
0.0239232
0.0245337
0.0250705
0.0254143
0.0253638
0.0245694
0.0224282
0.017768
0.00842849
0.00118948
0.00264418
0.00362151
0.00438299
0.00500822
0.005531
0.0059809
0.00638584
0.00676735
0.00714173
0.00752047
0.00791109
0.00831779
0.00874202
0.0091839
0.00964228
0.0101151
0.0105997
0.0110932
0.0115925
0.0120945
0.0125964
0.0130947
0.013587
0.0140712
0.0145453
0.0150076
0.0154567
0.0158916
0.0163115
0.016716
0.0171055
0.0174812
0.0178439
0.0181907
0.0185199
0.0188312
0.0191248
0.0194015
0.0196614
0.0199049
0.0201318
0.0203417
0.0205343
0.0207086
0.0208636
0.020998
0.0211102
0.0211995
0.0212659
0.021311
0.0213379
0.0213516
0.0213543
0.0213482
0.0213351
0.0213178
0.0212998
0.0212854
0.02128
0.0212899
0.0213221
0.0213844
0.0214858
0.0216358
0.0218448
0.0221236
0.0224829
0.02293
0.0234685
0.0240954
0.0247958
0.0255367
0.0262563
0.0268449
0.0271042
0.0266527
0.0247931
0.020251
0.0105891
0.00128936
0.00283429
0.00380112
0.00454181
0.00513412
0.00561421
0.0060196
0.00638628
0.0067347
0.00708059
0.00743431
0.00780297
0.00819037
0.00859557
0.00901967
0.0094618
0.00992009
0.0103921
0.0108749
0.0113657
0.0118612
0.0123586
0.0128548
0.0133472
0.0138336
0.0143119
0.0147805
0.0152377
0.0156823
0.0161134
0.0165304
0.0169338
0.0173254
0.0177055
0.0180721
0.0184234
0.0187585
0.0190775
0.0193807
0.0196684
0.0199408
0.0201978
0.0204391
0.0206644
0.020873
0.0210637
0.021235
0.0213851
0.0215124
0.0216164
0.0216981
0.021762
0.0218117
0.0218494
0.0218768
0.0218959
0.0219091
0.0219193
0.0219307
0.0219479
0.0219767
0.0220236
0.0220965
0.0222041
0.0223566
0.0225654
0.0228428
0.0232017
0.0236544
0.0242107
0.0248752
0.0256438
0.0264982
0.0273926
0.0282381
0.0288576
0.0288576
0.0274377
0.0232261
0.0138909
0.00146445
0.00320287
0.00410055
0.00478129
0.00532093
0.00575864
0.00612837
0.00645912
0.00677828
0.00710115
0.00743299
0.00777877
0.00814258
0.00852567
0.00892864
0.00935085
0.00979074
0.0102461
0.0107144
0.0111928
0.0116784
0.0121683
0.0126593
0.0131487
0.0136342
0.0141138
0.0145856
0.015048
0.0154994
0.0159389
0.0163658
0.0167813
0.017187
0.0175828
0.0179673
0.0183389
0.0186964
0.0190397
0.0193687
0.0196836
0.0199844
0.0202712
0.0205437
0.0208017
0.0210444
0.021271
0.0214799
0.0216693
0.021837
0.0219821
0.022105
0.0222093
0.0222985
0.0223742
0.0224382
0.0224922
0.0225384
0.0225795
0.0226191
0.0226616
0.0227118
0.0227761
0.0228616
0.0229771
0.0231326
0.02334
0.0236125
0.023965
0.0244128
0.0249704
0.0256494
0.0264549
0.0273813
0.0284076
0.0294898
0.0304999
0.0311096
0.030593
0.0271971
0.0191088
0.00201253
0.00373538
0.00454715
0.00513009
0.00559237
0.00597537
0.00631127
0.00662598
0.00693365
0.00723722
0.00755283
0.00787969
0.00822192
0.00858234
0.00896254
0.00936263
0.0097816
0.0102177
0.0106687
0.0111321
0.0116051
0.012085
0.0125687
0.0130531
0.013535
0.0140125
0.0144839
0.0149474
0.0154014
0.0158452
0.0162795
0.0167047
0.0171217
0.0175304
0.0179298
0.0183186
0.0186956
0.0190603
0.0194124
0.019752
0.020079
0.0203934
0.0206949
0.0209834
0.0212582
0.0215186
0.0217633
0.0219906
0.0221982
0.0223849
0.0225505
0.0226967
0.0228263
0.0229408
0.0230419
0.023131
0.0232103
0.0232826
0.0233509
0.0234189
0.0234911
0.0235731
0.0236717
0.0237952
0.0239531
0.0241572
0.0244209
0.0247595
0.0251898
0.0257289
0.0263921
0.027191
0.0281301
0.0292079
0.0304216
0.0317629
0.0330657
0.0338459
0.0324461
0.026172
0.00310661
0.00448539
0.00515571
0.00561111
0.00599032
0.00631992
0.0066298
0.00694073
0.00724493
0.00755204
0.00786235
0.00817451
0.00849626
0.00883351
0.00918956
0.00956568
0.00996159
0.010376
0.0108072
0.0112529
0.0117107
0.0121779
0.0126514
0.0131277
0.0136033
0.0140744
0.0145394
0.0149979
0.0154496
0.0158945
0.0163323
0.0167632
0.0171874
0.0176049
0.0180149
0.0184163
0.0188083
0.0191899
0.019561
0.0199212
0.0202705
0.0206087
0.0209355
0.0212508
0.021554
0.0218445
0.0221212
0.0223826
0.0226271
0.0228525
0.0230583
0.023245
0.0234137
0.0235655
0.0237019
0.0238246
0.0239355
0.024037
0.0241317
0.0242228
0.0243146
0.0244121
0.0245216
0.0246506
0.0248082
0.0250054
0.0252549
0.0255715
0.0259714
0.0264717
0.027088
0.0278328
0.0287127
0.029731
0.0309196
0.0323314
0.0339022
0.0354403
0.0366555
0.0370793
0.00449239
0.00546117
0.00595907
0.00631568
0.00664357
0.00695431
0.00727529
0.00759997
0.00791431
0.00822417
0.00852726
0.00882085
0.00911302
0.00942031
0.00974648
0.0100933
0.0104608
0.0108481
0.0112539
0.0116763
0.012113
0.0125617
0.0130186
0.0134792
0.0139392
0.0143952
0.0148465
0.0152937
0.0157369
0.0161757
0.0166102
0.0170402
0.0174651
0.0178846
0.0182982
0.0187053
0.0191053
0.0194973
0.0198809
0.0202557
0.0206213
0.0209777
0.0213244
0.0216612
0.0219874
0.0223027
0.0226062
0.0228965
0.0231724
0.0234305
0.0236704
0.0238928
0.0240971
0.0242831
0.0244515
0.0246042
0.0247432
0.0248701
0.0249871
0.0250973
0.0252044
0.0253133
0.0254295
0.0255599
0.0257129
0.0258982
0.0261275
0.0264139
0.026772
0.0272166
0.0277612
0.0284158
0.0291857
0.0300851
0.0311621
0.0324309
0.0338392
0.035302
0.0366925
0.0374905
0.0065251
0.00709813
0.00744696
0.00775391
0.00807755
0.00840597
0.00873805
0.00904673
0.00933118
0.00959253
0.00983043
0.0100524
0.010285
0.0105388
0.0108163
0.0111178
0.0114429
0.0117905
0.0121592
0.0125471
0.0129518
0.0133702
0.0137982
0.0142317
0.0146664
0.0150989
0.0155292
0.0159582
0.0163851
0.0168098
0.0172321
0.0176506
0.0180645
0.018474
0.0188793
0.0192803
0.0196771
0.0200689
0.0204547
0.0208341
0.0212068
0.0215723
0.0219301
0.0222798
0.0226208
0.0229526
0.0232746
0.023586
0.0238831
0.0241641
0.024428
0.0246751
0.0249056
0.0251182
0.0253118
0.025487
0.0256462
0.0257912
0.025924
0.0260467
0.0261628
0.0262765
0.0263932
0.0265191
0.0266615
0.0268291
0.027032
0.0272812
0.0275889
0.0279669
0.0284257
0.0289731
0.0296149
0.0303683
0.031268
0.0323071
0.033455
0.0346573
0.0357985
0.0366082
0.0114073
0.0112123
0.0111554
0.0112194
0.0113493
0.0115052
0.0116595
0.0117951
0.0119081
0.0119925
0.0120662
0.0121543
0.012277
0.0124353
0.0126281
0.0128534
0.0131086
0.0133917
0.0137002
0.0140318
0.0143838
0.014753
0.0151356
0.0155275
0.0159237
0.0163201
0.0167182
0.0171173
0.0175162
0.0179141
0.0183095
0.0187015
0.0190907
0.0194773
0.0198615
0.0202436
0.0206234
0.0209997
0.0213723
0.0217416
0.0221075
0.0224689
0.022825
0.0231748
0.023518
0.0238541
0.0241828
0.0245008
0.0248052
0.0250947
0.0253682
0.0256254
0.0258663
0.0260907
0.0262973
0.0264839
0.026652
0.0268038
0.0269416
0.0270673
0.0271839
0.0272944
0.0274037
0.0275175
0.0276423
0.0277856
0.0279557
0.0281618
0.0284134
0.0287192
0.0290866
0.029522
0.0300311
0.0306323
0.0313382
0.03214
0.0330177
0.0339344
0.034813
0.0355112
0.0204115
0.0189683
0.0179908
0.0173244
0.0168629
0.0165333
0.0162856
0.0160806
0.0158851
0.0157038
0.0155587
0.0154677
0.0154296
0.0154425
0.0155029
0.0156065
0.0157493
0.0159275
0.0161377
0.0163768
0.0166413
0.016928
0.0172331
0.0175518
0.0178795
0.0182116
0.0185479
0.0188877
0.0192306
0.0195758
0.0199227
0.0202707
0.0206194
0.0209685
0.0213176
0.0216663
0.0220134
0.022359
0.0227036
0.0230474
0.0233901
0.023731
0.0240686
0.0244021
0.0247311
0.0250555
0.0253716
0.0256769
0.0259699
0.0262491
0.0265135
0.0267625
0.0269958
0.0272129
0.0274132
0.0275956
0.0277577
0.0279021
0.0280308
0.0281464
0.0282514
0.0283487
0.028442
0.0285353
0.0286347
0.0287464
0.0288776
0.0290355
0.0292273
0.029459
0.0297358
0.0300628
0.030445
0.0308973
0.0314213
0.0320089
0.0326454
0.0333058
0.033943
0.0344801
0.0299251
0.0278865
0.026236
0.0249034
0.0238465
0.0229929
0.0222916
0.0217027
0.0211845
0.0207439
0.0203756
0.0200755
0.0198412
0.0196694
0.0195558
0.0194956
0.0194837
0.0195154
0.0195866
0.0196931
0.0198311
0.0199969
0.0201863
0.0203949
0.0206187
0.0208532
0.0210959
0.0213467
0.0216049
0.02187
0.0221413
0.0224184
0.0227007
0.0229878
0.0232791
0.0235742
0.0238725
0.0241732
0.0244755
0.0247791
0.0250828
0.0253853
0.0256859
0.0259841
0.02628
0.0265689
0.0268492
0.0271198
0.0273793
0.0276266
0.0278606
0.0280806
0.028286
0.0284761
0.02865
0.0288071
0.0289448
0.0290653
0.02917
0.0292607
0.02934
0.0294113
0.029477
0.0295409
0.0296072
0.0296807
0.0297671
0.0298724
0.0300018
0.0301593
0.0303485
0.030573
0.0308389
0.0311543
0.0315179
0.0319227
0.0323577
0.0328056
0.0332377
0.0336113
0.0376259
0.0358457
0.0341603
0.0326074
0.0312277
0.0300297
0.0290062
0.0281293
0.0273781
0.0267263
0.0261568
0.0256585
0.0252299
0.0248674
0.0245677
0.0243272
0.0241409
0.024004
0.0239119
0.0238602
0.0238447
0.0238616
0.023907
0.0239767
0.0240663
0.0241739
0.0242975
0.024436
0.0245883
0.0247533
0.0249301
0.0251178
0.0253156
0.0255226
0.0257382
0.0259617
0.0261933
0.0264309
0.0266728
0.0269172
0.0271621
0.027406
0.0276498
0.0278915
0.0281271
0.0283561
0.0285777
0.0287911
0.0289951
0.0291888
0.0293712
0.0295413
0.0296985
0.0298416
0.0299695
0.0300808
0.030175
0.0302541
0.0303189
0.0303707
0.0304116
0.0304437
0.0304698
0.0304934
0.0305174
0.0305456
0.0305822
0.0306314
0.030697
0.0307818
0.0308882
0.0310183
0.0311783
0.0313719
0.0315974
0.0318493
0.0321193
0.0323953
0.0326593
0.0328866
0.043097
0.0419513
0.040683
0.0393855
0.0381038
0.0368803
0.0357443
0.0347144
0.0337977
0.0329828
0.0322528
0.0315985
0.0310143
0.0304961
0.0300399
0.0296416
0.0292973
0.0290023
0.0287527
0.0285446
0.0283746
0.0282392
0.0281353
0.0280598
0.0280094
0.0279836
0.0279817
0.0280014
0.0280413
0.0281004
0.0281764
0.0282676
0.0283724
0.0284897
0.028618
0.0287561
0.0289026
0.0290557
0.0292136
0.0293742
0.0295375
0.0297017
0.0298633
0.0300211
0.0301747
0.0303234
0.0304665
0.0306033
0.0307328
0.030854
0.0309661
0.031068
0.0311587
0.0312369
0.0313007
0.0313491
0.0313837
0.031406
0.0314167
0.0314167
0.0314073
0.0313901
0.0313671
0.0313409
0.031314
0.0312898
0.0312712
0.0312613
0.0312626
0.031277
0.0313061
0.0313505
0.0314153
0.0315024
0.0316104
0.0317351
0.0318705
0.0320079
0.0321359
0.0322395
0.0460937
0.0456783
0.0450732
0.0443085
0.0434413
0.0425209
0.0415706
0.0406279
0.0397203
0.0388636
0.038066
0.0373311
0.0366565
0.03604
0.0354783
0.034968
0.0345061
0.0340895
0.0337155
0.0333814
0.0330843
0.0328219
0.0325916
0.0323914
0.0322205
0.0320778
0.0319611
0.0318684
0.0317976
0.0317465
0.0317135
0.0316968
0.0316947
0.031706
0.0317293
0.0317627
0.0318036
0.0318517
0.0319068
0.0319664
0.0320271
0.0320878
0.032148
0.0322068
0.0322637
0.0323177
0.0323683
0.0324147
0.0324558
0.0324909
0.032519
0.0325389
0.0325494
0.0325488
0.0325356
0.0325106
0.0324752
0.0324305
0.0323773
0.0323161
0.0322478
0.0321735
0.0320948
0.0320132
0.0319309
0.03185
0.031773
0.0317022
0.0316396
0.0315864
0.031544
0.0315118
0.0314929
0.0314885
0.0314976
0.0315173
0.0315432
0.0315693
0.0315879
0.0315899
0.0465435
0.046731
0.0467409
0.0465858
0.0462858
0.0458583
0.0453313
0.044733
0.0440907
0.043427
0.0427617
0.0421068
0.0414724
0.0408651
0.0402886
0.0397451
0.0392356
0.0387602
0.0383185
0.0379095
0.037532
0.0371845
0.0368654
0.0365729
0.0363056
0.0360626
0.0358426
0.0356443
0.0354656
0.0353042
0.035159
0.0350289
0.0349129
0.03481
0.0347201
0.0346414
0.0345719
0.0345093
0.0344513
0.0343978
0.0343476
0.0343
0.0342539
0.0342088
0.0341637
0.0341178
0.0340705
0.0340208
0.0339681
0.0339115
0.0338496
0.0337816
0.033706
0.0336216
0.0335288
0.0334281
0.0333202
0.0332059
0.0330859
0.0329606
0.0328308
0.0326971
0.0325605
0.0324223
0.0322839
0.0321469
0.0320129
0.0318837
0.0317607
0.0316451
0.0315381
0.031439
0.0313486
0.0312677
0.0311955
0.03113
0.0310682
0.0310058
0.0309379
0.0308588
0.0447038
0.0452495
0.0456813
0.0459919
0.04618
0.0462488
0.0462069
0.0460652
0.0458366
0.0455367
0.0451817
0.0447862
0.0443635
0.0439248
0.0434788
0.0430325
0.0425914
0.0421594
0.0417395
0.0413338
0.0409435
0.0405695
0.0402121
0.0398712
0.0395467
0.0392384
0.0389463
0.0386699
0.0384089
0.0381626
0.03793
0.0377102
0.0375023
0.0373052
0.0371167
0.0369366
0.0367644
0.0365992
0.0364402
0.0362865
0.0361373
0.0359919
0.0358494
0.0357092
0.0355706
0.035433
0.0352956
0.0351576
0.0350182
0.0348767
0.0347315
0.0345819
0.0344279
0.034269
0.034105
0.0339361
0.0337629
0.0335857
0.033405
0.0332213
0.0330351
0.032847
0.0326576
0.0324679
0.0322788
0.0320914
0.0319069
0.0317265
0.0315513
0.0313823
0.0312205
0.0310665
0.0309182
0.0307763
0.0306401
0.0305083
0.0303788
0.0302488
0.030115
0.0299741
0.041417
0.0420159
0.0425718
0.0430728
0.0435092
0.0438737
0.0441621
0.0443727
0.0445067
0.0445662
0.0445597
0.0444927
0.0443723
0.0442065
0.0440028
0.0437685
0.0435099
0.0432328
0.0429421
0.0426419
0.0423356
0.0420263
0.0417162
0.0414072
0.0411008
0.0407984
0.0405008
0.0402091
0.0399235
0.0396442
0.0393715
0.0391056
0.0388465
0.0385941
0.0383478
0.0381074
0.0378726
0.0376431
0.0374185
0.0371985
0.0369827
0.0367704
0.0365612
0.0363546
0.0361502
0.0359474
0.0357456
0.0355431
0.0353398
0.0351354
0.0349296
0.0347217
0.0345114
0.0342983
0.0340823
0.0338635
0.033642
0.0334182
0.0331923
0.0329649
0.0327362
0.0325068
0.0322773
0.0320482
0.0318205
0.0315947
0.0313719
0.0311527
0.030938
0.0307286
0.0305255
0.0303293
0.0301396
0.0299538
0.0297716
0.0295926
0.0294151
0.0292374
0.0290571
0.0288729
0.0377727
0.0382172
0.0386588
0.0390904
0.0395048
0.0398951
0.0402551
0.0405794
0.0408636
0.0411047
0.0413008
0.0414513
0.0415562
0.0416187
0.0416412
0.0416264
0.0415773
0.0414973
0.0413897
0.0412576
0.0411044
0.0409329
0.0407459
0.0405459
0.0403351
0.0401155
0.0398889
0.0396569
0.0394208
0.039182
0.0389414
0.0386999
0.0384584
0.038217
0.037976
0.0377362
0.037498
0.0372616
0.0370269
0.0367939
0.0365626
0.0363327
0.0361038
0.0358747
0.0356456
0.0354166
0.0351876
0.0349582
0.0347279
0.0344966
0.0342639
0.0340295
0.0337932
0.0335546
0.0333139
0.0330708
0.0328257
0.0325787
0.0323302
0.0320805
0.0318299
0.031579
0.0313283
0.0310782
0.0308293
0.0305824
0.0303379
0.0300967
0.0298592
0.0296261
0.0293981
0.029176
0.0289599
0.0287486
0.0285408
0.0283342
0.0281282
0.0279218
0.0277139
0.027504
0.0345116
0.0347457
0.0349898
0.0352405
0.0354944
0.035748
0.0359979
0.0362406
0.0364729
0.0366916
0.036894
0.0370777
0.0372407
0.0373813
0.0374985
0.037592
0.0376618
0.0377083
0.0377318
0.0377333
0.037714
0.0376754
0.0376189
0.0375455
0.0374565
0.0373531
0.0372368
0.0371086
0.0369699
0.0368218
0.0366653
0.0365015
0.0363314
0.0361559
0.0359755
0.0357909
0.0356018
0.0354081
0.0352108
0.0350105
0.0348078
0.034603
0.0343962
0.0341869
0.0339752
0.0337614
0.0335454
0.0333271
0.0331064
0.0328833
0.0326576
0.0324292
0.032198
0.031964
0.0317271
0.0314875
0.0312455
0.0310011
0.0307548
0.0305068
0.0302576
0.0300075
0.0297571
0.0295067
0.029257
0.0290084
0.0287615
0.0285169
0.028275
0.0280363
0.0278014
0.0275709
0.0273452
0.027124
0.0269066
0.0266911
0.0264765
0.0262613
0.0260444
0.0258254
0.0317702
0.031846
0.0319273
0.0320141
0.0321062
0.0322031
0.0323041
0.0324082
0.0325143
0.0326212
0.0327274
0.0328315
0.032932
0.0330275
0.0331166
0.0331983
0.0332712
0.0333347
0.033388
0.0334304
0.0334614
0.0334799
0.0334857
0.0334792
0.0334606
0.0334303
0.0333888
0.0333366
0.0332741
0.0332019
0.0331206
0.0330307
0.0329329
0.0328275
0.0327152
0.0325962
0.0324705
0.0323379
0.0321991
0.0320546
0.0319047
0.0317499
0.0315903
0.0314261
0.0312575
0.0310845
0.0309073
0.030726
0.0305404
0.0303508
0.0301572
0.0299595
0.0297578
0.0295522
0.0293428
0.0291298
0.0289134
0.0286938
0.0284714
0.0282465
0.0280193
0.0277904
0.0275602
0.027329
0.0270973
0.0268657
0.0266345
0.0264042
0.0261753
0.0259481
0.0257233
0.0255011
0.0252819
0.0250658
0.0248526
0.0246415
0.0244313
0.0242207
0.0240082
0.0237936
0.02933
0.0292484
0.0291824
0.0291285
0.0290842
0.0290486
0.0290206
0.0289997
0.028985
0.0289762
0.0289725
0.0289734
0.0289782
0.0289864
0.0289971
0.0290097
0.0290234
0.0290374
0.029051
0.0290634
0.0290737
0.0290808
0.0290838
0.0290821
0.0290755
0.0290635
0.0290459
0.0290226
0.0289934
0.0289582
0.0289169
0.0288698
0.0288166
0.0287577
0.0286929
0.0286223
0.028546
0.0284639
0.0283761
0.0282827
0.0281838
0.0280795
0.0279698
0.0278549
0.0277348
0.0276096
0.0274794
0.0273442
0.0272042
0.0270592
0.0269094
0.0267549
0.0265957
0.026432
0.0262638
0.0260912
0.0259146
0.0257341
0.0255499
0.0253624
0.0251718
0.0249785
0.0247828
0.0245851
0.0243858
0.0241852
0.0239838
0.0237818
0.0235798
0.0233779
0.0231767
0.0229764
0.0227772
0.0225793
0.0223826
0.0221869
0.0219915
0.0217952
0.0215973
0.0213975
0.0271212
0.0268962
0.0266903
0.0265023
0.0263306
0.0261731
0.0260276
0.0258931
0.0257688
0.0256539
0.0255477
0.0254498
0.0253596
0.0252767
0.0252006
0.025131
0.0250674
0.0250092
0.0249561
0.0249074
0.0248627
0.0248212
0.0247823
0.0247454
0.0247099
0.0246752
0.0246409
0.0246064
0.0245713
0.0245351
0.0244976
0.0244584
0.0244171
0.0243736
0.0243275
0.0242787
0.024227
0.024172
0.0241138
0.0240521
0.0239867
0.0239176
0.0238445
0.0237675
0.0236864
0.0236012
0.0235117
0.023418
0.0233199
0.0232174
0.0231106
0.0229993
0.0228836
0.0227635
0.0226391
0.0225104
0.0223776
0.0222407
0.0220999
0.0219555
0.0218075
0.0216562
0.021502
0.0213449
0.0211853
0.0210235
0.0208598
0.0206943
0.0205275
0.0203595
0.0201906
0.0200211
0.019851
0.0196806
0.0195098
0.0193384
0.0191662
0.0189927
0.0188171
0.01864
0.0248381
0.0245111
0.0242025
0.0239115
0.023637
0.0233783
0.0231346
0.0229049
0.0226882
0.0224837
0.0222905
0.0221081
0.0219359
0.0217734
0.0216203
0.0214762
0.0213405
0.0212131
0.0210935
0.0209814
0.0208764
0.0207779
0.0206855
0.0205987
0.020517
0.0204402
0.0203677
0.020299
0.0202338
0.0201717
0.0201121
0.0200547
0.0199991
0.0199449
0.0198918
0.0198394
0.0197874
0.0197355
0.0196833
0.0196306
0.0195771
0.0195224
0.0194664
0.0194088
0.0193494
0.0192879
0.0192242
0.019158
0.0190892
0.0190177
0.0189431
0.0188655
0.0187848
0.0187007
0.0186133
0.0185225
0.0184283
0.0183307
0.0182297
0.0181253
0.0180176
0.0179068
0.0177928
0.0176759
0.0175562
0.0174337
0.0173088
0.0171814
0.0170518
0.0169202
0.0167866
0.0166513
0.0165143
0.0163757
0.0162355
0.0160936
0.01595
0.0158044
0.0156565
0.0155068
0.0219284
0.0215556
0.0211981
0.0208556
0.0205277
0.0202141
0.0199142
0.0196278
0.0193543
0.0190933
0.0188442
0.0186066
0.01838
0.0181639
0.0179581
0.0177621
0.0175754
0.0173977
0.0172287
0.0170679
0.0169151
0.01677
0.0166325
0.0165023
0.0163791
0.0162625
0.0161519
0.0160469
0.0159474
0.0158528
0.015763
0.0156777
0.0155964
0.015519
0.0154451
0.0153744
0.0153066
0.0152415
0.0151786
0.0151177
0.0150586
0.0150009
0.0149444
0.0148887
0.0148335
0.0147787
0.0147238
0.0146687
0.0146131
0.0145568
0.0144995
0.0144411
0.0143812
0.0143199
0.0142567
0.0141917
0.0141246
0.0140554
0.013984
0.0139102
0.013834
0.0137553
0.0136742
0.0135906
0.0135045
0.0134159
0.0133249
0.0132315
0.0131357
0.0130377
0.0129373
0.0128348
0.0127301
0.0126233
0.0125144
0.0124035
0.0122904
0.012175
0.0120574
0.0119379
0.0173725
0.0170204
0.0166798
0.0163508
0.0160335
0.0157278
0.0154336
0.0151506
0.0148786
0.0146173
0.0143664
0.0141255
0.0138944
0.0136727
0.01346
0.013256
0.0130604
0.0128729
0.0126932
0.012521
0.012356
0.012198
0.0120467
0.0119018
0.0117631
0.0116304
0.0115038
0.011383
0.011268
0.0111583
0.0110535
0.0109534
0.0108578
0.0107666
0.0106795
0.0105963
0.0105168
0.0104409
0.0103683
0.0102987
0.0102321
0.0101683
0.0101069
0.0100475
0.00998985
0.00993377
0.00987906
0.00982552
0.00977297
0.00972122
0.00967007
0.00961933
0.00956883
0.00951837
0.00946779
0.00941692
0.00936558
0.00931363
0.00926092
0.00920731
0.00915267
0.00909689
0.00903986
0.0089815
0.00892171
0.00886043
0.00879761
0.00873318
0.00866713
0.00859942
0.00853003
0.00845897
0.00838622
0.00831179
0.00823569
0.00815792
0.00807851
0.00799746
0.00791485
0.00783098
0.00879184
0.00862209
0.00845774
0.00829891
0.00814569
0.00799812
0.00785615
0.00771969
0.00758861
0.00746276
0.00734195
0.00722601
0.00711473
0.00700788
0.00690528
0.00680677
0.00671214
0.00662119
0.00653376
0.00644966
0.00636874
0.00629084
0.00621581
0.00614352
0.00607384
0.00600663
0.0059418
0.00587924
0.00581889
0.00576077
0.00570492
0.00565123
0.00559959
0.00554991
0.00550208
0.00545601
0.00541162
0.00536881
0.00532749
0.0052876
0.00524904
0.00521174
0.00517561
0.00514058
0.00510656
0.00507346
0.00504121
0.00500972
0.00497891
0.00494871
0.00491902
0.00488978
0.0048609
0.00483231
0.00480391
0.00477564
0.00474742
0.00471917
0.0046908
0.00466226
0.00463346
0.00460434
0.00457482
0.00454484
0.00451435
0.00448328
0.00445157
0.00441919
0.00438609
0.00435222
0.00431755
0.00428205
0.0042457
0.00420848
0.00417038
0.00413138
0.00409148
0.00405068
0.00400899
0.00396642
0.01965
0.0177317
0.0170532
0.0356661
0.0329956
0.0311761
0.0371192
0.0360259
0.0347423
0.0367753
0.0364409
0.0357448
0.035843
0.0358438
0.0355439
0.0348036
0.0349219
0.0348295
0.0338572
0.0339788
0.0339624
0.0330366
0.0331107
0.0330956
0.0322972
0.0323079
0.0322595
0.0315673
0.0315152
0.0314225
0.0307705
0.0306638
0.0305279
0.0298354
0.0296854
0.0295137
0.0286991
0.0285185
0.0283214
0.02731
0.0271121
0.0269009
0.0256238
0.0254187
0.0252018
0.023597
0.0233972
0.0231874
0.021216
0.021032
0.0208403
0.0184801
0.0183183
0.0181506
0.0153724
0.0152362
0.0150954
0.0118312
0.0117226
0.0116107
0.00775685
0.00768099
0.00760296
0.00392897
0.00389083
0.00385196
0.00035528
0.000670809
0.000955075
0.00124188
0.00154087
0.00185762
0.00219716
0.00256917
0.00299472
0.00342544
0.00386955
0.00432574
0.0047887
0.00526175
0.00575328
0.00636349
0.00702608
0.00781134
0.00859174
0.009526
0.0106212
0.0120187
0.0137235
0.0159839
0.0187237
0.000610792
0.00125942
0.00177617
0.00239248
0.00311059
0.00389248
0.00470411
0.00552047
0.00631166
0.00712116
0.00796172
0.00884232
0.00976857
0.0107531
0.0118268
0.0129406
0.0141881
0.0155988
0.017221
0.0190628
0.021155
0.0233637
0.0258386
0.0282506
0.0312007
0.000729991
0.00158627
0.00229678
0.00310553
0.003979
0.00487285
0.00576966
0.00666999
0.00757972
0.00852192
0.00950542
0.0105344
0.0116113
0.0127429
0.0139026
0.0151651
0.0165665
0.0180793
0.0196953
0.0213621
0.0230351
0.0246406
0.0261156
0.027312
0.0281253
0.000791599
0.00180714
0.00267295
0.00358605
0.00451414
0.00543647
0.00635706
0.00728967
0.00824611
0.00924018
0.0102769
0.0113546
0.0124679
0.0135834
0.0147502
0.016039
0.0174157
0.0188314
0.0202411
0.0216006
0.0228679
0.0239935
0.0249177
0.0255712
0.0258744
0.00082482
0.00198771
0.00297424
0.0039465
0.0049003
0.00583781
0.00677441
0.00772781
0.00870968
0.00972816
0.0107878
0.0118707
0.01296
0.0140542
0.0152002
0.0164287
0.017694
0.018951
0.0201601
0.0212823
0.0222771
0.0231004
0.0237049
0.0240414
0.0240608
0.00084571
0.00214976
0.00323091
0.00424349
0.00521725
0.00617136
0.00712635
0.00809822
0.00910254
0.010135
0.0111929
0.0122655
0.0133356
0.0144069
0.0155153
0.0166683
0.0178237
0.0189416
0.0199859
0.0209204
0.021708
0.0223125
0.0226998
0.0228403
0.0227098
0.000860091
0.00229919
0.00345727
0.0045032
0.00549787
0.00647498
0.00745177
0.0084429
0.00945947
0.0105014
0.0115627
0.0126309
0.013687
0.0147353
0.0158024
0.0168819
0.017936
0.0189295
0.0198295
0.0206035
0.0212207
0.0216535
0.0218801
0.0218849
0.0216582
0.000868809
0.00243621
0.00366374
0.00473954
0.00575425
0.00674955
0.00774999
0.00876648
0.00980541
0.0108645
0.0119355
0.0130041
0.0140501
0.0150746
0.0160955
0.0171007
0.0180573
0.018934
0.0197017
0.0203332
0.0208047
0.021098
0.0212016
0.0211102
0.0208223
0.000878293
0.00256285
0.00383418
0.0049373
0.00597868
0.00700483
0.00804107
0.00909399
0.0101649
0.0112481
0.0123326
0.0134031
0.0144389
0.0154356
0.0164021
0.0173289
0.0181873
0.0189504
0.0195938
0.0200963
0.0204421
0.0206213
0.0206305
0.0204706
0.0201439
0.000891265
0.00265022
0.00396486
0.00510492
0.00618832
0.00726378
0.00835278
0.00945533
0.0105668
0.0116773
0.012774
0.0138417
0.0148612
0.0158214
0.0167236
0.0175653
0.0183225
0.0189731
0.0194985
0.0198843
0.0201217
0.0202078
0.0201447
0.0199365
0.0195864
0.000899124
0.0026996
0.00406635
0.0052639
0.00641507
0.00756744
0.00872889
0.0098934
0.0110496
0.0121842
0.013284
0.0143356
0.0153242
0.0162336
0.017061
0.0178095
0.0184611
0.0189998
0.0194131
0.0196932
0.0198374
0.0198477
0.0197293
0.0194874
0.0191243
0.000900039
0.00272558
0.00416731
0.00545816
0.00671496
0.00797713
0.0092324
0.0104657
0.0116616
0.0128068
0.0138901
0.0149021
0.015834
0.0166742
0.0174172
0.0180615
0.0186029
0.0190304
0.0193376
0.0195222
0.0195862
0.0195347
0.019374
0.0191089
0.0187397
0.000898185
0.00275986
0.004327
0.00577033
0.00718501
0.00859095
0.0099492
0.011242
0.0124562
0.0135836
0.014619
0.0155597
0.0164038
0.0171485
0.0177887
0.018321
0.018748
0.0190659
0.019273
0.0193715
0.0193665
0.0192644
0.0190714
0.0187905
0.0184195
0.000907055
0.00287081
0.00466307
0.00634839
0.00798744
0.00954136
0.0109807
0.0122948
0.0134821
0.0145453
0.0154892
0.0163192
0.0170406
0.017658
0.0181735
0.018587
0.0188965
0.0191071
0.0192207
0.019242
0.0191776
0.0190338
0.0188156
0.0185239
0.0181536
0.000962555
0.00321415
0.00540454
0.00743064
0.00931225
0.0109738
0.0124241
0.0136825
0.0147697
0.0157048
0.0165037
0.0171799
0.0177447
0.0182074
0.0185759
0.018855
0.019048
0.0191548
0.0191818
0.0191341
0.0190184
0.0188402
0.0186022
0.0183028
0.0179343
0.001171
0.00416808
0.00698992
0.00940788
0.0114066
0.0130249
0.0143438
0.0154257
0.0163162
0.017048
0.0176453
0.0181263
0.0185051
0.0187933
0.0190007
0.0191353
0.0192033
0.0192091
0.0191571
0.0190479
0.018888
0.018681
0.018427
0.0181216
0.0177549
0.00188735
0.00663396
0.0101376
0.012665
0.0144332
0.0157319
0.0167171
0.0174786
0.0180709
0.0185289
0.0188762
0.0191297
0.0193025
0.0194051
0.0194468
0.0194357
0.0193786
0.0192814
0.0191485
0.018982
0.0187837
0.0185535
0.018286
0.0179752
0.0176095
0.00530138
0.0125211
0.0156646
0.0172776
0.0182632
0.0189239
0.0193859
0.0197109
0.0199328
0.020072
0.0201421
0.0201532
0.0201134
0.0200299
0.0199096
0.0197589
0.0195836
0.0193891
0.0191787
0.0189536
0.0187135
0.0184557
0.0181737
0.0178576
0.0174919
0.0194893
0.0217489
0.0221868
0.0222459
0.0222091
0.0221318
0.022027
0.0218976
0.0217442
0.0215673
0.0213674
0.021146
0.0209054
0.0206486
0.0203794
0.0201017
0.0198199
0.0195377
0.0192569
0.0189767
0.0186951
0.0184075
0.0181057
0.0177772
0.0174045
0.029679
0.028282
0.0271633
0.0262755
0.0255407
0.0249112
0.0243545
0.0238478
0.0233748
0.0229243
0.0224889
0.0220642
0.0216481
0.0212402
0.0208415
0.0204539
0.0200799
0.0197218
0.019379
0.019049
0.0187281
0.0184103
0.0180857
0.0177403
0.0173552
0.0332546
0.0317054
0.030342
0.029137
0.0280718
0.0271237
0.0262717
0.025497
0.0247835
0.0241188
0.0234939
0.0229023
0.0223402
0.0218054
0.0212972
0.020816
0.0203627
0.0199385
0.0195407
0.0191646
0.0188058
0.0184567
0.0181065
0.0177398
0.0173371
0.0347088
0.0334284
0.0321633
0.0309487
0.0297989
0.0287234
0.027723
0.0267927
0.0259256
0.0251146
0.0243535
0.0236376
0.0229636
0.0223292
0.0217332
0.0211756
0.0206566
0.0201759
0.0197294
0.0193111
0.0189155
0.0185345
0.0181561
0.0177646
0.0173396
0.034931
0.0340211
0.0329897
0.0319084
0.030818
0.029747
0.0287125
0.027723
0.0267819
0.0258898
0.0250461
0.0242494
0.0234986
0.0227928
0.0221318
0.0215155
0.0209445
0.0204173
0.0199285
0.0194717
0.019041
0.0186277
0.0182195
0.0178004
0.0173494
0.0344964
0.0338952
0.0331169
0.0322215
0.0312614
0.0302723
0.0292803
0.0283031
0.0273522
0.0264351
0.0255565
0.0247193
0.0239253
0.0231758
0.022472
0.0218148
0.0212058
0.020642
0.0201176
0.0196267
0.0191633
0.0187184
0.0182797
0.0178311
0.0173515
0.0337757
0.0333762
0.0328016
0.0320837
0.0312695
0.0303944
0.0294863
0.0285663
0.0276506
0.0267509
0.0258762
0.0250327
0.0242251
0.0234572
0.0227316
0.022051
0.0214171
0.0208267
0.0202739
0.0197542
0.0192615
0.0187869
0.0183182
0.0178394
0.0173299
0.0329619
0.0326699
0.0322301
0.0316504
0.0309656
0.0302056
0.0293949
0.028554
0.0276996
0.0268454
0.0260023
0.0251789
0.0243822
0.0236178
0.0228896
0.0222014
0.0215544
0.020946
0.0203729
0.0198306
0.0193132
0.018812
0.0183152
0.017807
0.0172672
0.0321259
0.031877
0.0315129
0.0310258
0.0304411
0.0297805
0.029063
0.0283056
0.0275234
0.0267297
0.0259358
0.0251512
0.0243841
0.0236412
0.0229264
0.0222426
0.021592
0.020975
0.0203898
0.0198321
0.0192955
0.0187718
0.0182498
0.0177141
0.0171453
0.0312644
0.0310223
0.0306912
0.030261
0.0297481
0.0291665
0.0285297
0.0278507
0.0271417
0.0264144
0.0256793
0.0249451
0.0242192
0.023508
0.0228166
0.0221487
0.0215066
0.0208911
0.0203013
0.0197344
0.0191847
0.0186436
0.0181003
0.0175403
0.0169447
0.0303384
0.0300872
0.029766
0.0293692
0.0289059
0.028385
0.0278152
0.0272056
0.0265654
0.0259038
0.025229
0.0245489
0.0238702
0.0231991
0.0225404
0.0218978
0.0212738
0.0206693
0.0200837
0.0195145
0.0189572
0.0184041
0.0178443
0.017264
0.0166453
0.0292959
0.029032
0.0287117
0.0283353
0.0279076
0.0274337
0.0269187
0.0263689
0.0257907
0.0251907
0.0245756
0.0239514
0.0233239
0.0226983
0.0220788
0.0214688
0.0208705
0.0202849
0.0197115
0.0191479
0.0185896
0.0180299
0.0174589
0.0168632
0.0162261
0.0280839
0.0278066
0.0274875
0.0271274
0.0267285
0.0262936
0.0258258
0.025329
0.0248074
0.0242657
0.0237085
0.0231404
0.0225659
0.021989
0.0214133
0.0208413
0.0202749
0.0197148
0.0191603
0.0186092
0.0180571
0.0174974
0.0169209
0.0163158
0.0156667
0.0266493
0.0263659
0.026053
0.0257106
0.0253396
0.024941
0.0245168
0.0240691
0.0236005
0.0231141
0.022613
0.0221005
0.0215797
0.0210535
0.0205245
0.0199945
0.0194649
0.0189357
0.0184062
0.0178738
0.0173345
0.0167819
0.0162074
0.0156003
0.0149469
0.0249473
0.0246693
0.0243707
0.024051
0.0237102
0.0233487
0.0229672
0.022567
0.0221495
0.0217167
0.0212705
0.0208129
0.020346
0.0198716
0.0193914
0.0189065
0.0184174
0.0179239
0.0174246
0.016917
0.016397
0.0158587
0.0152948
0.0146939
0.0140422
0.0229442
0.0226836
0.0224083
0.0221175
0.021811
0.0214887
0.0211509
0.0207982
0.0204313
0.0200512
0.0196589
0.0192557
0.0188427
0.0184208
0.0179908
0.0175532
0.0171079
0.016654
0.01619
0.0157131
0.0152194
0.0147038
0.014158
0.0135721
0.0129361
0.0206191
0.0203851
0.0201401
0.0198837
0.0196153
0.0193347
0.0190419
0.0187371
0.0184205
0.0180925
0.0177535
0.017404
0.0170445
0.0166752
0.0162964
0.0159077
0.0155087
0.0150982
0.0146744
0.0142346
0.0137753
0.0132915
0.0127748
0.0122192
0.0116177
0.0179576
0.0177552
0.0175447
0.0173255
0.0170973
0.0168596
0.0166123
0.0163551
0.016088
0.015811
0.0155242
0.0152274
0.0149207
0.0146038
0.0142766
0.0139384
0.0135884
0.0132252
0.0128472
0.012452
0.0120366
0.0115971
0.011128
0.0106235
0.0100791
0.0149332
0.0147644
0.0145897
0.0144086
0.0142206
0.0140254
0.0138225
0.0136118
0.0133929
0.0131656
0.0129296
0.0126846
0.0124303
0.0121664
0.0118923
0.0116073
0.0113105
0.0110008
0.0106769
0.0103369
0.0099788
0.00960019
0.00919804
0.00876876
0.00830947
0.0114813
0.0113474
0.0112095
0.011067
0.0109195
0.0107669
0.0106087
0.0104445
0.0102742
0.0100972
0.00991344
0.00972241
0.00952378
0.00931717
0.0091021
0.00887807
0.00864448
0.00840065
0.0081458
0.00787907
0.0075995
0.0073061
0.00699777
0.00667334
0.00633138
0.00751239
0.0074197
0.00732477
0.00722728
0.00712701
0.0070238
0.00691744
0.00680773
0.00669445
0.00657737
0.0064563
0.00633101
0.00620128
0.00606692
0.0059277
0.00578344
0.00563392
0.00547896
0.0053184
0.00515206
0.00497983
0.00480158
0.00461718
0.00442641
0.00422856
0.00380687
0.0037608
0.00371373
0.00366559
0.00361635
0.00356594
0.00351427
0.00346125
0.00340678
0.00335074
0.00329299
0.0032334
0.00317181
0.00310804
0.0030419
0.0029732
0.0029017
0.00282715
0.00274927
0.00266774
0.0025822
0.00249223
0.00239732
0.00229685
0.00219004
0.0163552
0.0432797
0.0375362
0.0265893
0.0202719
0.0177481
0.0159487
0.0136754
0.0103816
0.00649767
0.0166086
0.0448626
0.0382619
0.0266439
0.0203732
0.0179792
0.0162138
0.0139143
0.0105603
0.00655368
0.0170336
0.0462117
0.0388726
0.0266406
0.0204705
0.0182216
0.0164871
0.0141548
0.0107382
0.00660422
0.0175544
0.0476289
0.0394312
0.0265942
0.0205748
0.0184809
0.0167723
0.0144019
0.0109199
0.00664904
0.0181099
0.0489584
0.0398867
0.0264936
0.0206829
0.0187533
0.017064
0.014649
0.0110987
0.0066869
0.0187299
0.0502077
0.0402442
0.0263388
0.0208021
0.0190443
0.0173656
0.0148981
0.011275
0.00671678
0.019215
0.0513825
0.0404954
0.0261257
0.0209405
0.0193588
0.0176793
0.0151489
0.0114473
0.00673759
0.0193561
0.0524705
0.040609
0.0258463
0.0211099
0.0197035
0.0180081
0.0154024
0.0116148
0.00674829
0.0190352
0.0532506
0.0405031
0.0254903
0.0213243
0.0200854
0.0183551
0.0156591
0.0117763
0.00674793
0.0183356
0.0536422
0.0401527
0.0250992
0.0215939
0.0205099
0.0187223
0.0159189
0.0119301
0.00673574
0.0171048
0.053431
0.0394403
0.0246911
0.0219336
0.0209795
0.0191092
0.0161799
0.0120739
0.00671128
0.0152982
0.0522993
0.038245
0.0243234
0.0223603
0.0214917
0.0195106
0.0164369
0.0122035
0.00667455
0.013084
0.0498818
0.0364199
0.0241681
0.0228934
0.0220358
0.0199145
0.0166787
0.0123116
0.00662624
0.0109606
0.0456981
0.0339322
0.0243271
0.0235309
0.0226071
0.0203068
0.0168841
0.0123756
0.00655135
0.00928465
0.0399451
0.0312892
0.024596
0.0242429
0.0231789
0.0206525
0.0170211
0.0123779
0.00644246
0.0078571
0.033915
0.0286105
0.0250127
0.0250069
0.0237049
0.0208998
0.0170433
0.0122933
0.00629582
0.00662701
0.028721
0.0262412
0.0256429
0.0257829
0.0241094
0.0209707
0.0168872
0.0120937
0.0061091
0.00564567
0.0253146
0.0249605
0.0265635
0.0264515
0.0242571
0.0207343
0.0164906
0.0117686
0.00588309
0.0106921
0.0235773
0.025988
0.0278391
0.0267831
0.0239217
0.0201388
0.0159168
0.0113394
0.00562773
0.0202282
0.0242708
0.0282144
0.0285881
0.0264028
0.0230562
0.0192328
0.0151833
0.0108331
0.00536802
0.024057
0.0287926
0.0299973
0.0282339
0.0251734
0.0217127
0.0181069
0.0143527
0.0102824
0.00510847
0.0322807
0.0312511
0.0289821
0.0261849
0.0232007
0.0201139
0.0169068
0.0134961
0.00971707
0.00485239
0.0283089
0.0275629
0.0258988
0.0237126
0.0212777
0.0186476
0.0158096
0.0127034
0.00918547
0.00461457
0.0256803
0.0248641
0.0235035
0.0217531
0.0197114
0.017415
0.0148629
0.0120066
0.00870836
0.00440064
0.0237042
0.0229333
0.0217662
0.0202603
0.0184695
0.0164106
0.0140729
0.0114159
0.00829375
0.00421153
0.0222739
0.0215169
0.0204548
0.0191092
0.0174923
0.0156017
0.013424
0.0109275
0.00793992
0.00404481
0.0211798
0.0204428
0.0194545
0.018215
0.016718
0.0149511
0.0128967
0.010532
0.00764048
0.00389718
0.0203227
0.0196055
0.0186714
0.0175093
0.0161018
0.0144292
0.0124719
0.0102093
0.0073993
0.00377564
0.0196365
0.0189402
0.0180503
0.0169479
0.0156094
0.0140107
0.0121324
0.00994548
0.00720474
0.00367627
0.0190796
0.0184045
0.0175519
0.0164979
0.0152148
0.0136758
0.0118637
0.00972655
0.00704487
0.00359549
0.0186232
0.0179691
0.017149
0.0161354
0.0148977
0.0134078
0.0116485
0.00954597
0.00691672
0.00353055
0.0182473
0.0176133
0.0168217
0.0158422
0.0146422
0.0131941
0.0114702
0.00939778
0.00681921
0.00347879
0.0179369
0.0173216
0.0165549
0.0156043
0.0144359
0.013023
0.0113185
0.00927451
0.00674633
0.0034375
0.017681
0.0170825
0.016337
0.0154105
0.0142689
0.0128789
0.0111916
0.00917757
0.00669329
0.00340445
0.0174708
0.0168866
0.0161587
0.0152519
0.0141319
0.0127535
0.0110837
0.00910145
0.00665527
0.00337767
0.0172989
0.0167261
0.0160121
0.0151212
0.0140123
0.012645
0.0109955
0.00904146
0.00662826
0.00335553
0.0171589
0.0165942
0.0158903
0.0150082
0.0139065
0.0125521
0.0109223
0.00899263
0.00660883
0.00333664
0.0170443
0.0164842
0.0157847
0.0149072
0.013814
0.0124728
0.0108592
0.00895055
0.00659403
0.0033197
0.0169533
0.0163927
0.0156948
0.0148213
0.0137346
0.0124025
0.0108011
0.00891113
0.00658116
0.00330353
0.0168946
0.0163278
0.0156262
0.0147514
0.0136659
0.0123379
0.010745
0.00887192
0.00656855
0.00328801
0.0168611
0.0162818
0.0155704
0.0146884
0.0135987
0.0122707
0.0106839
0.00882771
0.00655333
0.00327182
0.016843
0.0162455
0.0155184
0.0146238
0.0135253
0.0121941
0.0106123
0.00877467
0.0065333
0.00325406
0.0168277
0.0162071
0.0154596
0.0145479
0.0134374
0.0121012
0.0105247
0.00870881
0.00650623
0.00323394
0.0168012
0.0161539
0.0153823
0.0144507
0.0133261
0.0119844
0.0104151
0.0086259
0.00646981
0.00321069
0.0167489
0.0160723
0.0152744
0.0143211
0.0131819
0.0118358
0.0102772
0.00852149
0.00642167
0.00318355
0.0166547
0.0159479
0.0151228
0.0141476
0.0129946
0.0116467
0.0101041
0.00839088
0.00635931
0.00315172
0.0165017
0.0157651
0.0149134
0.0139177
0.0127533
0.0114078
0.00988875
0.00822917
0.00628006
0.00311432
0.016272
0.0155075
0.0146315
0.013618
0.0124461
0.0111095
0.00962399
0.0080313
0.00618099
0.00307032
0.0159468
0.015158
0.0142615
0.0132343
0.0120606
0.0107419
0.00930278
0.00779208
0.00605868
0.0030184
0.015507
0.014699
0.0137868
0.0127513
0.0115843
0.0102962
0.00891899
0.00750607
0.00590884
0.0029568
0.0149338
0.0141115
0.0131878
0.0121519
0.0110059
0.00976588
0.00846787
0.00716723
0.0057256
0.00288297
0.0142047
0.0133749
0.0124524
0.0114334
0.0103255
0.00914971
0.00794592
0.00676726
0.00550041
0.00279322
0.0133013
0.0124802
0.0115778
0.0105957
0.00954514
0.00844914
0.00734925
0.00630356
0.00522189
0.00268212
0.0122151
0.0114228
0.0105623
0.00963838
0.00866469
0.00766482
0.00668212
0.00578057
0.00488035
0.00254456
0.0109388
0.0101998
0.00940495
0.00856229
0.00768563
0.00679903
0.00594736
0.00519637
0.00447374
0.00237268
0.00946791
0.00880931
0.00810722
0.00737021
0.00661285
0.00585902
0.00515108
0.00454989
0.00398754
0.0021474
0.00779736
0.00725173
0.00667727
0.00607984
0.00546694
0.00486068
0.004303
0.00383632
0.00338917
0.00185919
0.00595502
0.00556019
0.00514911
0.00472007
0.0042708
0.00381948
0.00340517
0.00304075
0.00265282
0.00147496
0.00401365
0.00379052
0.00355747
0.0032967
0.00300627
0.00270466
0.00240804
0.00210061
0.00171732
0.000786515
0.00207029
0.00194096
0.00179971
0.00164082
0.00145795
0.00124053
0.000979396
0.000669423
0.000372837
0.000332302
)
;

boundaryField
{
    inlet
    {
        type            fixedValue;
        value           uniform 3.4075;
    }
    outlet
    {
        type            zeroGradient;
    }
    walls
    {
        type            kqRWallFunction;
        value           nonuniform List<scalar> 
446
(
2.01242
1.10879
0.699421
0.484981
0.359554
0.279747
0.22556
0.186855
0.158077
0.135979
0.118559
0.104528
0.0930209
0.0834388
0.0753559
0.0684613
0.062523
0.0573646
0.0528496
0.0488702
0.045274
0.0420738
0.039211
0.0366371
0.0343118
0.0322016
0.0302785
0.0285186
0.0269013
0.0254089
0.0240263
0.0227399
0.0215378
0.0204096
0.0193456
0.0183375
0.0173777
0.0164595
0.0156091
0.0147863
0.0139866
0.0132058
0.0124404
0.0116872
0.0109433
0.0102058
0.00947213
0.00873939
0.00800442
0.00726332
0.00651089
0.00573935
0.00493548
0.00406357
0.00313809
0.00216837
0.0011453
0.000883584
0.000854386
0.000957365
0.000957365
0.0016935
0.0026115
0.00389714
0.00533246
0.00645122
0.00734997
0.00813254
0.00880161
0.00936512
0.00982708
0.0102337
0.0105864
0.0108791
0.0111169
0.0113029
0.0114401
0.0115318
0.0115813
0.0115923
0.0115684
0.0115133
0.011431
0.0113249
0.0111987
0.0110557
0.010899
0.0107314
0.0105556
0.0103739
0.0101884
0.0100007
0.00981255
0.00962514
0.00943972
0.00927889
0.00912118
0.00896653
0.00879184
0.00862209
0.00845774
0.00829891
0.00814569
0.00799812
0.00785615
0.00771969
0.00758861
0.00746276
0.00734195
0.00722601
0.00711473
0.00700788
0.00690528
0.00680677
0.00671214
0.00662119
0.00653376
0.00644966
0.00636874
0.00629084
0.00621581
0.00614352
0.00607384
0.00600663
0.0059418
0.00587924
0.00581889
0.00576077
0.00570492
0.00565123
0.00559959
0.00554991
0.00550208
0.00545601
0.00541162
0.00536881
0.00532749
0.0052876
0.00524904
0.00521174
0.00517561
0.00514058
0.00510656
0.00507346
0.00504121
0.00500972
0.00497891
0.00494871
0.00491902
0.00488978
0.0048609
0.00483231
0.00480391
0.00477564
0.00474742
0.00471917
0.0046908
0.00466226
0.00463346
0.00460434
0.00457482
0.00454484
0.00451435
0.00448328
0.00445157
0.00441919
0.00438609
0.00435222
0.00431755
0.00428205
0.0042457
0.00420848
0.00417038
0.00413138
0.00409148
0.00405068
0.00400899
0.00396642
0.00392897
0.00389083
0.00385196
0.00380687
0.0037608
0.00371373
0.00366559
0.00361635
0.00356594
0.00351427
0.00346125
0.00340678
0.00335074
0.00329299
0.0032334
0.00317181
0.00310804
0.0030419
0.0029732
0.0029017
0.00282715
0.00274927
0.00266774
0.0025822
0.00249223
0.00239732
0.00229685
0.00219004
0.00207029
0.00194096
0.00179971
0.00164082
0.00145795
0.00124053
0.000979396
0.000669423
0.000372837
0.000332302
0.00330353
0.00328801
0.00327182
0.00325406
0.00323394
0.00321069
0.00318355
0.00315172
0.00311432
0.00307032
0.0030184
0.0029568
0.00288297
0.00279322
0.00268212
0.00254456
0.00237268
0.0021474
0.00185919
0.00147496
0.000786515
0.000332302
0.00510847
0.00485239
0.00461457
0.00440064
0.00421153
0.00404481
0.00389718
0.00377564
0.00367627
0.00359549
0.00353055
0.00347879
0.0034375
0.00340445
0.00337767
0.00335553
0.00333664
0.0033197
0.00649767
0.00655368
0.00660422
0.00664904
0.0066869
0.00671678
0.00673759
0.00674829
0.00674793
0.00673574
0.00671128
0.00667455
0.00662624
0.00655135
0.00644246
0.00629582
0.0061091
0.00588309
0.00562773
0.00536802
0.0163552
0.0166086
0.0170336
0.0175544
0.0181099
0.0187299
0.019215
0.0193561
0.0190352
0.0183356
0.0171048
0.0152982
0.013084
0.0109606
0.00928465
0.0078571
0.00662701
0.00564567
0.0106921
0.0202282
0.00035528
0.000670809
0.000955075
0.00124188
0.00154087
0.00185762
0.00219716
0.00256917
0.00299472
0.00342544
0.00386955
0.00432574
0.0047887
0.00526175
0.00575328
0.00636349
0.00702608
0.00781134
0.00859174
0.009526
0.0106212
0.0120187
0.0137235
0.0159839
0.0187237
0.000118418
0.000337698
0.000504787
0.000646154
0.000769694
0.00087901
0.000978794
0.00107106
0.00115715
0.00123797
0.00131415
0.00138617
0.00145444
0.00151928
0.00158099
0.00163983
0.00169604
0.00174985
0.00180145
0.00185104
0.0018988
0.00194491
0.00198954
0.00203285
0.00207502
0.0021162
0.00215655
0.00219624
0.00223544
0.0022743
0.002313
0.0023517
0.00239059
0.00242985
0.00246967
0.00251025
0.00255179
0.00259453
0.00263871
0.00268461
0.00273254
0.00278285
0.00283595
0.00289232
0.00295256
0.00301735
0.00308758
0.00316051
0.00323595
0.00331377
0.00339386
0.00347621
0.0035608
0.00364758
0.00373647
0.00382729
0.00391977
0.00401357
0.00410815
0.00420282
0.00429664
0.00438836
0.00447637
0.00455855
0.00463216
0.00469361
0.00473822
0.00475987
0.00475027
0.00469745
0.00458489
0.00439248
0.00412427
0.0037793
0.00328249
0.00266961
0.00202402
0.00141817
0.000978257
0.00058605
0.00963931
0.00332059
0.00339942
0.00360132
0.00376867
0.00387881
0.00392232
0.00389977
0.00381202
0.00367421
0.00350289
0.00329839
0.00306403
0.00281276
0.00255328
0.00229009
0.00202479
0.00177905
0.00155772
0.00135035
0.00115119
0.000955615
0.000758033
0.000549413
0.000297228
2.01242
1.10879
0.699421
0.484982
0.359555
0.279747
0.22556
0.186856
0.158078
0.13598
0.118562
0.104531
0.0930249
0.0834442
0.0753633
0.0684711
0.062536
0.0573812
0.0528701
0.0488932
)
;
    }
    baffle
    {
        type            kqRWallFunction;
        value           nonuniform List<scalar> 
78
(
0.000297228
0.000548566
0.000666258
0.000722378
0.000741791
0.000740923
0.000728379
0.000707947
0.000681248
0.000651428
0.000626163
0.000601729
0.000576146
0.000548683
0.000519988
0.000493269
0.000477829
0.000507094
0.00072722
0.000660622
0.00173289
0.000118418
0.000527198
0.00073252
0.000867905
0.000957273
0.00101172
0.00104516
0.00106654
0.00108066
0.00109021
0.00109698
0.00110268
0.0011095
0.00112085
0.00114375
0.00118948
0.00128936
0.00146445
0.00058605
0.000594476
0.000547139
0.000613696
0.000812043
0.00120913
0.00173769
0.00228846
0.00288367
0.00351792
0.0041915
0.00493814
0.00581866
0.00692915
0.00842849
0.0105891
0.0138909
0.0191088
0.01965
0.0177317
0.0170532
0.00035528
0.000610792
0.000729991
0.000791599
0.00082482
0.00084571
0.000860091
0.000868809
0.000878293
0.000891265
0.000899124
0.000900039
0.000898185
0.000907055
0.000962555
0.001171
0.00188735
0.00530138
)
;
    }
    front
    {
        type            empty;
    }
    back
    {
        type            empty;
    }
}


// ************************************************************************* //
