/*--------------------------------*- C++ -*----------------------------------*\
| =========                 |                                                 |
| \\      /  F ield         | OpenFOAM: The Open Source CFD Toolbox           |
|  \\    /   O peration     | Version:  v2012                                 |
|   \\  /    A nd           | Website:  www.openfoam.com                      |
|    \\/     M anipulation  |                                                 |
\*---------------------------------------------------------------------------*/
FoamFile
{
    version     2.0;
    format      ascii;
    class       volScalarField;
    location    "643";
    object      p;
}
// * * * * * * * * * * * * * * * * * * * * * * * * * * * * * * * * * * * * * //

dimensions      [0 2 -2 0 0 0 0];


internalField   nonuniform List<scalar> 
6532
(
0.40315
0.402515
0.402172
0.402027
0.401965
0.401965
0.402027
0.402171
0.402515
0.403149
0.402441
0.40226
0.402085
0.401976
0.401925
0.401925
0.401975
0.402084
0.40226
0.40244
0.401952
0.401967
0.401897
0.401822
0.401785
0.401785
0.401821
0.401896
0.401966
0.401951
0.401655
0.401712
0.401676
0.401621
0.401596
0.401595
0.40162
0.401675
0.401711
0.401654
0.401417
0.401479
0.401455
0.40141
0.401389
0.401389
0.401409
0.401453
0.401477
0.401415
0.401188
0.401246
0.401228
0.401191
0.401173
0.401173
0.40119
0.401225
0.401243
0.401186
0.400965
0.401016
0.400997
0.400965
0.400949
0.400948
0.400962
0.400993
0.401011
0.40096
0.400745
0.400789
0.400768
0.400738
0.400723
0.400722
0.400734
0.400762
0.400781
0.400738
0.400528
0.400564
0.400541
0.400512
0.400497
0.400495
0.400506
0.400532
0.400553
0.400517
0.400311
0.400341
0.400317
0.400288
0.400272
0.400269
0.400278
0.400302
0.400324
0.400294
0.400095
0.40012
0.400094
0.400065
0.400048
0.400043
0.40005
0.400073
0.400095
0.40007
0.39988
0.399901
0.399874
0.399844
0.399824
0.399817
0.399822
0.399842
0.399863
0.399843
0.399669
0.399686
0.399657
0.399625
0.399602
0.399591
0.399592
0.399608
0.399629
0.399612
0.399464
0.399477
0.399445
0.399409
0.39938
0.399363
0.399359
0.399372
0.399392
0.399377
0.399266
0.399277
0.399241
0.399197
0.399159
0.399133
0.399121
0.399129
0.399148
0.399137
0.399082
0.399089
0.399046
0.398991
0.398939
0.398898
0.398874
0.398875
0.398896
0.398889
0.398918
0.39892
0.398867
0.398795
0.39872
0.398654
0.39861
0.398603
0.39863
0.398636
0.398784
0.398781
0.398712
0.398613
0.398504
0.398398
0.398319
0.398297
0.398346
0.398386
0.398697
0.398686
0.398596
0.398456
0.398291
0.398118
0.397966
0.397899
0.397989
0.398204
0.398679
0.398659
0.39854
0.398344
0.398097
0.397817
0.397538
0.397393
0.397572
0.398229
0.398759
0.398732
0.398577
0.398309
0.397945
0.397491
0.396936
0.396359
0.395665
0.391571
0.398982
0.398953
0.398763
0.398419
0.397938
0.397322
0.396497
0.395332
0.394738
0.396783
0.3994
0.399375
0.399156
0.398742
0.398155
0.39742
0.396497
0.395064
0.393256
0.394981
0.400061
0.400046
0.3998
0.39932
0.398628
0.397754
0.396703
0.395126
0.39235
0.392804
0.40101
0.401008
0.400735
0.400187
0.399385
0.398358
0.397138
0.395521
0.392506
0.392127
0.402299
0.402312
0.402008
0.401383
0.400462
0.399277
0.397867
0.39615
0.392983
0.391589
0.403983
0.404011
0.403669
0.402952
0.401889
0.400517
0.39887
0.396972
0.393744
0.391136
0.406127
0.406168
0.405778
0.404945
0.403706
0.402097
0.400142
0.397909
0.394536
0.390946
0.408806
0.408854
0.408409
0.407434
0.405977
0.404078
0.40175
0.399038
0.395313
0.39131
0.412117
0.41218
0.411655
0.410509
0.408796
0.406563
0.403829
0.400625
0.39649
0.392168
0.416165
0.416244
0.415616
0.414273
0.412266
0.409647
0.406459
0.402745
0.398261
0.393505
0.421054
0.42114
0.420402
0.418833
0.416485
0.413418
0.40969
0.405381
0.400472
0.395185
0.426918
0.427009
0.426144
0.424315
0.421571
0.417979
0.413614
0.408595
0.403045
0.397135
0.43391
0.434006
0.432994
0.430865
0.427666
0.42347
0.418364
0.412499
0.406115
0.39943
0.442194
0.442294
0.441116
0.438648
0.434935
0.430054
0.424103
0.41726
0.409846
0.40219
0.451939
0.452045
0.450684
0.447846
0.443566
0.437924
0.431026
0.423072
0.414444
0.405602
0.463317
0.463439
0.461884
0.45865
0.453762
0.447296
0.439366
0.430188
0.420186
0.409954
0.476488
0.476648
0.474891
0.471244
0.465724
0.458399
0.449382
0.438902
0.427413
0.415618
0.491408
0.491567
0.489585
0.485528
0.479386
0.471211
0.461114
0.449326
0.436318
0.422867
0.508018
0.508145
0.505943
0.501494
0.494757
0.485773
0.474646
0.461601
0.447112
0.431992
0.526511
0.52665
0.524253
0.519435
0.512145
0.502409
0.490324
0.476107
0.460215
0.443461
0.546963
0.547111
0.544526
0.539369
0.531582
0.521177
0.508245
0.492988
0.475835
0.457564
0.569357
0.569496
0.566716
0.561244
0.553023
0.542049
0.528407
0.512284
0.494071
0.474481
0.593555
0.59366
0.590673
0.584905
0.576311
0.564874
0.550678
0.533893
0.514866
0.494228
0.619329
0.61937
0.616153
0.610096
0.601183
0.589387
0.574795
0.557565
0.537997
0.516633
0.646378
0.646312
0.642829
0.636472
0.62728
0.615219
0.600381
0.582917
0.563084
0.541333
0.674321
0.674098
0.670294
0.663609
0.654158
0.641908
0.626956
0.609449
0.589606
0.567797
0.702697
0.702258
0.698062
0.691002
0.6813
0.668922
0.653969
0.636583
0.616953
0.595372
0.730964
0.730238
0.725571
0.718083
0.708134
0.695686
0.680833
0.663711
0.644475
0.623356
0.75848
0.757395
0.752178
0.744226
0.734056
0.721613
0.706967
0.690237
0.671547
0.65107
0.784487
0.782963
0.777151
0.768758
0.75845
0.746131
0.731828
0.715631
0.697622
0.677922
0.808039
0.806001
0.799677
0.790993
0.780723
0.768722
0.75495
0.73945
0.72226
0.703447
0.827926
0.825391
0.81885
0.810227
0.800325
0.788948
0.775967
0.761371
0.745148
0.72732
0.842122
0.840299
0.834173
0.825974
0.816854
0.806507
0.794646
0.78119
0.766094
0.749343
0.848958
0.848872
0.844619
0.837802
0.830109
0.821283
0.810902
0.798835
0.785019
0.769417
0.850758
0.851437
0.849741
0.845507
0.840071
0.833301
0.824759
0.814298
0.801868
0.787436
0.850934
0.851241
0.85107
0.849645
0.847008
0.842734
0.836363
0.827708
0.816735
0.803457
0.850906
0.850471
0.850667
0.851344
0.8514
0.849749
0.845726
0.839006
0.829535
0.817369
0.851556
0.850659
0.850732
0.852349
0.85445
0.855117
0.853109
0.847996
0.839829
0.828593
0.852672
0.852164
0.85255
0.85462
0.857649
0.859962
0.85979
0.856262
0.849745
0.840003
0.370657
0.373571
0.375382
0.377117
0.378625
0.379774
0.380552
0.380863
0.380727
0.380214
0.379313
0.378158
0.376903
0.375581
0.374309
0.373242
0.372491
0.372114
0.372165
0.372649
0.373479
0.374463
0.375321
0.375807
0.375975
0.378909
0.375262
0.374742
0.375607
0.376701
0.377683
0.378442
0.378845
0.378772
0.378229
0.377328
0.376228
0.375073
0.373939
0.372909
0.372074
0.371505
0.37127
0.371407
0.371924
0.372765
0.373809
0.374863
0.375627
0.37599
0.379405
0.375841
0.37468
0.374871
0.375517
0.376172
0.37667
0.376893
0.376772
0.376308
0.375562
0.374641
0.373662
0.372712
0.371869
0.371206
0.370779
0.370624
0.370762
0.371192
0.371883
0.372764
0.373728
0.374621
0.375267
0.378122
0.374928
0.37382
0.373925
0.374554
0.375179
0.375617
0.375778
0.375622
0.375161
0.374449
0.373573
0.372636
0.371733
0.370946
0.370338
0.369954
0.369818
0.369938
0.370306
0.370886
0.371616
0.37241
0.373203
0.373931
0.378693
0.37423
0.372587
0.372649
0.373428
0.374166
0.374695
0.374903
0.374771
0.374323
0.373618
0.372748
0.371814
0.370916
0.370138
0.369542
0.369161
0.369013
0.369094
0.369393
0.369878
0.370493
0.371159
0.371827
0.372532
0.380101
0.374433
0.371868
0.371728
0.372431
0.373223
0.37383
0.37411
0.374027
0.373608
0.37292
0.372054
0.371118
0.370218
0.369439
0.368842
0.368456
0.36829
0.368332
0.368566
0.368961
0.369469
0.370023
0.37056
0.37115
0.380896
0.375077
0.372058
0.371521
0.371904
0.372576
0.373159
0.373473
0.373429
0.37304
0.372367
0.371505
0.370566
0.36966
0.368876
0.368274
0.36788
0.367697
0.367704
0.367882
0.368196
0.368603
0.369044
0.369452
0.36991
0.381451
0.376126
0.373057
0.371996
0.37196
0.372382
0.372851
0.373112
0.373068
0.37269
0.372023
0.371155
0.370202
0.369281
0.368485
0.367873
0.367469
0.367267
0.367245
0.367374
0.367618
0.367936
0.368277
0.368573
0.368917
0.382662
0.377621
0.374519
0.373053
0.372655
0.372793
0.37306
0.373191
0.373063
0.372647
0.371958
0.371063
0.370077
0.369124
0.3683
0.367666
0.367242
0.367019
0.366969
0.367057
0.367245
0.367489
0.367745
0.367952
0.3682
0.38443
0.37954
0.376386
0.374646
0.373937
0.373781
0.373789
0.373725
0.373465
0.37296
0.372225
0.371285
0.370238
0.369225
0.368351
0.367676
0.367216
0.366961
0.36688
0.366933
0.367075
0.367261
0.367447
0.367581
0.367746
0.386457
0.38168
0.378509
0.376591
0.375622
0.375191
0.374964
0.374703
0.374287
0.373651
0.372813
0.37184
0.37072
0.369617
0.368663
0.367922
0.367402
0.367093
0.366975
0.366997
0.367104
0.367244
0.367372
0.367447
0.367544
0.388553
0.383868
0.380693
0.37867
0.377511
0.376866
0.376431
0.375996
0.375451
0.374715
0.373757
0.372664
0.371513
0.370324
0.369269
0.36844
0.367832
0.367433
0.367254
0.36724
0.367318
0.367426
0.367509
0.367539
0.36758
0.390642
0.385962
0.382748
0.38065
0.379365
0.378564
0.37797
0.377404
0.376765
0.375992
0.375009
0.373802
0.372558
0.371339
0.370195
0.369249
0.368521
0.367998
0.367727
0.36767
0.36772
0.367798
0.367841
0.367831
0.36783
0.392755
0.387894
0.384545
0.382347
0.380959
0.380048
0.379353
0.37871
0.378026
0.377247
0.376321
0.375186
0.373869
0.372588
0.371411
0.370336
0.369448
0.368797
0.368403
0.368265
0.368275
0.368321
0.36833
0.368285
0.368246
0.394997
0.389706
0.386057
0.383668
0.382148
0.381142
0.380381
0.379707
0.379034
0.378308
0.377483
0.376507
0.375332
0.374012
0.372792
0.371698
0.370644
0.369815
0.369283
0.369017
0.368934
0.368932
0.368915
0.368845
0.368766
0.397561
0.391559
0.387384
0.384643
0.3829
0.381759
0.380932
0.380246
0.379616
0.378987
0.378316
0.377547
0.376629
0.375515
0.374308
0.373219
0.372141
0.37109
0.370348
0.369942
0.369722
0.369609
0.369548
0.369458
0.369314
0.400752
0.393733
0.388753
0.385434
0.38331
0.381941
0.381001
0.380285
0.379692
0.379171
0.378679
0.37816
0.377553
0.376809
0.375891
0.374892
0.373891
0.372747
0.371677
0.370989
0.370668
0.370431
0.370229
0.370051
0.369786
0.404971
0.396623
0.390521
0.386347
0.383622
0.381867
0.380707
0.379899
0.379307
0.378869
0.378551
0.378296
0.378035
0.377707
0.377267
0.376755
0.37603
0.375006
0.373832
0.372549
0.371663
0.371327
0.371156
0.370756
0.370023
0.410572
0.400631
0.393103
0.387775
0.384187
0.381839
0.380309
0.379303
0.378641
0.378234
0.378046
0.378028
0.378111
0.378232
0.378339
0.378378
0.37828
0.377953
0.377117
0.375653
0.373665
0.372031
0.371258
0.370849
0.369411
0.417933
0.406195
0.396966
0.390185
0.385449
0.382259
0.380163
0.378809
0.377963
0.377503
0.377375
0.377536
0.377927
0.378486
0.379166
0.379912
0.380638
0.381183
0.381257
0.380902
0.379418
0.376631
0.373811
0.373289
0.375102
0.427578
0.413883
0.402698
0.39415
0.387942
0.383608
0.38068
0.378769
0.377583
0.376945
0.376776
0.377027
0.37765
0.378596
0.379832
0.38133
0.383054
0.38494
0.386838
0.388541
0.389901
0.390171
0.390095
0.390532
0.392322
0.439898
0.424183
0.410857
0.400262
0.392257
0.38645
0.382385
0.379645
0.377899
0.376918
0.376566
0.376773
0.377496
0.378701
0.380366
0.382477
0.385021
0.388003
0.391439
0.395263
0.399232
0.403125
0.407417
0.412218
0.416871
0.455181
0.437504
0.421964
0.409118
0.399024
0.391411
0.385874
0.381993
0.379409
0.377846
0.37712
0.377119
0.377776
0.379067
0.38099
0.383527
0.386607
0.390163
0.394158
0.398561
0.403282
0.408226
0.413628
0.419563
0.425576
0.473551
0.454102
0.436417
0.421242
0.408848
0.399133
0.391788
0.386429
0.382688
0.380253
0.378895
0.378456
0.378845
0.380035
0.382051
0.384808
0.388151
0.391973
0.396184
0.400778
0.405756
0.411009
0.416419
0.421827
0.427138
0.494919
0.474017
0.454419
0.436996
0.422226
0.410203
0.400758
0.393587
0.388344
0.384707
0.382407
0.381244
0.381086
0.381899
0.383712
0.386406
0.389755
0.393623
0.397947
0.402641
0.407593
0.412691
0.417814
0.422797
0.427471
0.518975
0.497032
0.4759
0.456495
0.43945
0.425058
0.413323
0.404061
0.396988
0.391801
0.388215
0.385989
0.384945
0.38504
0.386295
0.388594
0.3917
0.395443
0.399705
0.404337
0.409181
0.414095
0.418938
0.423563
0.427829
0.545194
0.522668
0.500483
0.479521
0.460499
0.443869
0.429814
0.418298
0.409143
0.402099
0.396894
0.39327
0.391001
0.389988
0.390334
0.391981
0.394586
0.39791
0.40182
0.406164
0.410765
0.415446
0.420041
0.424396
0.428381
0.572887
0.550222
0.527499
0.505507
0.484967
0.466428
0.45022
0.436464
0.425112
0.416002
0.408915
0.403609
0.39984
0.397424
0.39647
0.397063
0.398858
0.401476
0.404751
0.408547
0.412682
0.416967
0.421226
0.425296
0.429041
0.601288
0.578861
0.556074
0.533589
0.512072
0.4921
0.474096
0.45831
0.444825
0.433594
0.424479
0.417288
0.411803
0.407799
0.405217
0.404295
0.404926
0.406588
0.40898
0.411955
0.415364
0.419024
0.422757
0.4264
0.429814
0.629638
0.607735
0.585257
0.562744
0.540773
0.519894
0.500566
0.483119
0.467748
0.454515
0.443381
0.43423
0.426899
0.421197
0.416931
0.414181
0.413101
0.413457
0.414781
0.416751
0.419219
0.422029
0.425022
0.428042
0.430949
0.657274
0.636079
0.614163
0.591959
0.569954
0.54864
0.528467
0.509802
0.492909
0.477943
0.464954
0.453912
0.444727
0.437267
0.431377
0.426919
0.423912
0.422388
0.422144
0.422902
0.424332
0.426168
0.428271
0.43051
0.432741
0.683676
0.663291
0.642074
0.620378
0.598611
0.577206
0.55658
0.537107
0.519083
0.502721
0.488146
0.475402
0.464468
0.455275
0.447723
0.441695
0.437077
0.433759
0.43168
0.430722
0.430654
0.431254
0.432362
0.433768
0.435248
0.708486
0.688951
0.668478
0.647366
0.625968
0.604666
0.583846
0.563867
0.545039
0.527606
0.51174
0.497543
0.485051
0.47425
0.465086
0.457477
0.451327
0.446521
0.442916
0.440335
0.438678
0.437848
0.437642
0.437871
0.438381
0.731478
0.712788
0.693041
0.672503
0.651492
0.63036
0.609469
0.589163
0.569754
0.551501
0.534604
0.519203
0.505377
0.493154
0.482517
0.473418
0.46578
0.459506
0.454476
0.450557
0.447619
0.445503
0.444004
0.443017
0.442491
0.752528
0.734644
0.715556
0.69552
0.674839
0.653851
0.632907
0.612346
0.592478
0.573568
0.555833
0.539436
0.524487
0.511042
0.499118
0.48869
0.479704
0.472082
0.465724
0.460512
0.45632
0.453011
0.450445
0.448505
0.44708
0.771483
0.754326
0.735798
0.716165
0.695725
0.674814
0.653787
0.632984
0.612713
0.593246
0.574809
0.55758
0.541687
0.527211
0.514189
0.502617
0.492462
0.483663
0.476135
0.469776
0.464474
0.460108
0.456554
0.453689
0.4514
0.78836
0.771805
0.753677
0.734263
0.713888
0.692918
0.671726
0.65065
0.629994
0.61003
0.590987
0.573054
0.556371
0.541034
0.527094
0.514567
0.503433
0.493646
0.485134
0.47781
0.471572
0.46631
0.461908
0.458252
0.455232
0.803008
0.786878
0.76897
0.74965
0.729269
0.708187
0.686791
0.665437
0.644428
0.62403
0.604476
0.585959
0.568627
0.552586
0.537899
0.524592
0.512657
0.50206
0.492742
0.484626
0.477618
0.471617
0.466516
0.462207
0.458583
0.814671
0.798728
0.78089
0.761539
0.74106
0.719839
0.698241
0.67661
0.655255
0.634452
0.614441
0.595419
0.577543
0.560926
0.545641
0.531723
0.519172
0.507962
0.498042
0.48934
0.48177
0.475236
0.469633
0.464856
0.460795
0.826952
0.811272
0.793525
0.774152
0.753525
0.732036
0.710073
0.688
0.666142
0.644787
0.624183
0.604538
0.586018
0.568744
0.552799
0.538223
0.525027
0.513199
0.502692
0.493439
0.485356
0.478348
0.472314
0.467153
0.462765
0.366565
0.366623
0.367036
0.374684
0.373123
0.38261
0.395835
0.401884
0.413051
0.421469
0.426286
0.43145
0.430666
0.434639
0.437695
0.431777
0.435524
0.438399
0.431438
0.434701
0.437403
0.43139
0.434277
0.436694
0.431683
0.43434
0.436562
0.43215
0.434654
0.436757
0.432692
0.435037
0.43703
0.433461
0.435553
0.437365
0.434725
0.436425
0.437935
0.436613
0.437818
0.438918
0.438999
0.439627
0.440248
0.442299
0.442275
0.442326
0.446113
0.445428
0.444878
0.449694
0.448396
0.447305
0.4529
0.451081
0.449522
0.455741
0.453481
0.451526
0.457552
0.454973
0.452728
0.459205
0.456315
0.453853
0.462987
0.462938
0.462757
0.462145
0.460811
0.458819
0.456356
0.453602
0.450706
0.447777
0.444887
0.442082
0.43939
0.436825
0.434394
0.432097
0.429932
0.427896
0.425983
0.424188
0.422506
0.42093
0.419456
0.418079
0.416794
0.415596
0.414482
0.413447
0.412488
0.411603
0.410788
0.41004
0.409359
0.408742
0.408189
0.407701
0.407278
0.406924
0.406641
0.406434
0.406309
0.40627
0.406328
0.406495
0.406779
0.407188
0.40773
0.408416
0.409264
0.41029
0.411506
0.41292
0.414543
0.416386
0.418459
0.420773
0.423334
0.42615
0.429222
0.43255
0.436127
0.439939
0.443959
0.44815
0.452455
0.456797
0.461083
0.465177
0.468859
0.471853
0.473984
0.475321
0.475889
0.475525
0.474411
0.472954
0.471662
0.471044
0.471119
0.471483
0.46312
0.462951
0.46264
0.461726
0.460135
0.458029
0.45555
0.452847
0.450038
0.447213
0.444429
0.441724
0.439122
0.436636
0.434271
0.43203
0.429912
0.427914
0.426032
0.424263
0.422601
0.421041
0.41958
0.418212
0.416934
0.415741
0.41463
0.413596
0.412638
0.411751
0.410934
0.410183
0.409496
0.408872
0.408309
0.407809
0.407371
0.406998
0.406693
0.40646
0.406305
0.406235
0.406257
0.406374
0.406598
0.406944
0.407419
0.40804
0.408814
0.40975
0.410862
0.412162
0.413662
0.415372
0.417299
0.419451
0.421834
0.424452
0.427309
0.4304
0.433721
0.437256
0.440983
0.444867
0.448859
0.452894
0.45689
0.460739
0.464296
0.467393
0.469886
0.471717
0.472828
0.473118
0.472575
0.471475
0.470405
0.469884
0.470079
0.470732
0.463169
0.462515
0.461601
0.460205
0.458366
0.456199
0.453796
0.45125
0.448637
0.446013
0.44342
0.440888
0.438437
0.43608
0.433826
0.431678
0.429638
0.427705
0.425879
0.424155
0.422532
0.421005
0.419571
0.418226
0.416967
0.415789
0.414691
0.413668
0.412718
0.411838
0.411026
0.410278
0.409593
0.408967
0.4084
0.407891
0.407441
0.407052
0.406726
0.406468
0.406281
0.406174
0.406153
0.406224
0.406396
0.406681
0.407089
0.407632
0.408323
0.409172
0.410191
0.41139
0.41278
0.41437
0.416165
0.418173
0.420399
0.422846
0.425517
0.428409
0.431517
0.434827
0.438322
0.441969
0.445728
0.449543
0.453344
0.457043
0.460535
0.463702
0.466417
0.468572
0.470099
0.470962
0.471147
0.470771
0.470156
0.469696
0.469679
0.470066
0.462064
0.461038
0.459744
0.458116
0.4562
0.454071
0.451794
0.449425
0.447008
0.444582
0.442176
0.439815
0.437517
0.435294
0.433157
0.431112
0.42916
0.427305
0.425545
0.423879
0.422305
0.420821
0.419423
0.418109
0.416877
0.415722
0.414642
0.413636
0.412699
0.411831
0.411027
0.410286
0.409604
0.408978
0.408405
0.407887
0.407422
0.407011
0.406659
0.406367
0.406141
0.405987
0.405912
0.405921
0.406026
0.406235
0.406559
0.407011
0.407602
0.408346
0.409252
0.410332
0.411595
0.413048
0.414696
0.416545
0.418599
0.420861
0.423334
0.426016
0.428905
0.431991
0.435258
0.438683
0.442232
0.445861
0.449512
0.453115
0.45659
0.459847
0.462785
0.465306
0.467346
0.468858
0.469804
0.470215
0.470254
0.470102
0.469956
0.469973
0.459913
0.45872
0.457361
0.455735
0.453871
0.451841
0.4497
0.44749
0.445243
0.442987
0.440746
0.43854
0.436385
0.434293
0.432275
0.430335
0.428478
0.426706
0.425021
0.42342
0.421904
0.42047
0.419117
0.417841
0.416642
0.415516
0.414461
0.413475
0.412556
0.411703
0.410914
0.410184
0.409509
0.408885
0.40831
0.407783
0.407303
0.406872
0.40649
0.406164
0.405896
0.405693
0.405561
0.405506
0.405538
0.405666
0.405901
0.406256
0.406746
0.407383
0.408178
0.409139
0.410276
0.411595
0.413099
0.414791
0.416673
0.418749
0.421022
0.423492
0.426157
0.429011
0.432042
0.435233
0.438558
0.441982
0.44546
0.44894
0.452358
0.455648
0.458737
0.46156
0.46407
0.466212
0.467922
0.469173
0.470032
0.470471
0.470339
0.470026
0.457258
0.455983
0.454671
0.453129
0.451376
0.449479
0.447486
0.44543
0.443342
0.441244
0.439157
0.437099
0.435083
0.433121
0.431221
0.42939
0.427632
0.425949
0.424343
0.422814
0.421361
0.419984
0.41868
0.417448
0.416286
0.415192
0.414166
0.413204
0.412308
0.411474
0.410702
0.409989
0.409329
0.408713
0.408138
0.407606
0.407113
0.406656
0.406241
0.405874
0.405559
0.405302
0.405107
0.404982
0.404935
0.404974
0.405112
0.405365
0.405752
0.406287
0.406972
0.407818
0.408835
0.410027
0.411391
0.412929
0.414643
0.416536
0.41861
0.420869
0.423312
0.425937
0.428735
0.431694
0.434796
0.438014
0.441318
0.444665
0.448013
0.451309
0.454504
0.45755
0.460408
0.463035
0.465369
0.467364
0.469023
0.470155
0.470219
0.469737
0.454228
0.453009
0.451814
0.450391
0.448777
0.447028
0.445188
0.443288
0.441355
0.43941
0.437472
0.435556
0.433675
0.431839
0.430058
0.428336
0.426677
0.425085
0.423562
0.422107
0.42072
0.419402
0.41815
0.416963
0.415841
0.414783
0.413786
0.412851
0.411978
0.411167
0.410421
0.409738
0.409104
0.408495
0.407902
0.407338
0.406811
0.406322
0.405874
0.40547
0.405114
0.404811
0.404566
0.404383
0.404271
0.404237
0.404292
0.404448
0.40472
0.405123
0.40568
0.406412
0.407329
0.408415
0.409657
0.411054
0.412609
0.414328
0.416215
0.418274
0.420507
0.422914
0.425491
0.428231
0.431122
0.434145
0.437277
0.440489
0.443749
0.447019
0.450261
0.453441
0.456524
0.459478
0.462249
0.464783
0.467058
0.468859
0.469419
0.468909
0.451031
0.449945
0.448896
0.447612
0.44615
0.444556
0.44287
0.441124
0.439343
0.437546
0.435752
0.433973
0.432224
0.430512
0.428845
0.42723
0.42567
0.424169
0.422727
0.421346
0.420026
0.418766
0.417567
0.416426
0.415344
0.41432
0.413353
0.412443
0.411592
0.410804
0.410087
0.409426
0.408785
0.408152
0.407534
0.406938
0.406379
0.405865
0.405392
0.404963
0.404581
0.404249
0.403971
0.403752
0.403597
0.403514
0.40351
0.403593
0.403772
0.404061
0.404489
0.405081
0.40586
0.406835
0.407974
0.409245
0.410655
0.412213
0.413926
0.415801
0.417842
0.42005
0.422426
0.424966
0.427662
0.430503
0.433473
0.43655
0.439711
0.442926
0.446165
0.449398
0.452594
0.455722
0.458734
0.461571
0.4642
0.466481
0.46766
0.467311
0.447876
0.446929
0.446016
0.444872
0.443562
0.442123
0.440592
0.438998
0.437365
0.435713
0.434058
0.432413
0.43079
0.429197
0.427642
0.42613
0.424665
0.42325
0.421888
0.420578
0.419322
0.41812
0.416971
0.415874
0.414829
0.413836
0.412895
0.412005
0.411169
0.410393
0.409687
0.409019
0.408347
0.407689
0.407061
0.406464
0.405902
0.405377
0.404891
0.404445
0.404044
0.403689
0.403386
0.403136
0.402946
0.402821
0.402768
0.402797
0.402919
0.403148
0.403494
0.403966
0.404595
0.405422
0.406433
0.407579
0.408851
0.410259
0.411815
0.413524
0.415393
0.417425
0.419622
0.421984
0.424506
0.427182
0.43
0.432945
0.435997
0.439133
0.442326
0.445546
0.44876
0.451934
0.455019
0.457948
0.460669
0.463094
0.464641
0.464615
0.444858
0.444037
0.443242
0.442232
0.441071
0.439785
0.438408
0.436965
0.43548
0.43397
0.43245
0.430934
0.429431
0.427952
0.426502
0.425087
0.423712
0.422379
0.421091
0.419848
0.418652
0.417502
0.416399
0.415342
0.41433
0.413364
0.412444
0.411569
0.410739
0.409959
0.409238
0.408552
0.40788
0.40723
0.406605
0.406007
0.405442
0.40491
0.404415
0.403959
0.403543
0.403172
0.402847
0.402574
0.402355
0.402196
0.402103
0.402085
0.402154
0.402324
0.402609
0.403016
0.403557
0.404253
0.405113
0.406116
0.407249
0.408518
0.40993
0.411493
0.413212
0.415092
0.417135
0.419343
0.421714
0.424244
0.426925
0.429744
0.432686
0.435727
0.438842
0.441999
0.445161
0.448285
0.451317
0.454183
0.456815
0.459131
0.4607
0.460838
0.441997
0.44129
0.440608
0.439732
0.438722
0.437593
0.436372
0.435082
0.433742
0.432371
0.430982
0.429589
0.428201
0.426827
0.425475
0.42415
0.422856
0.421598
0.420377
0.419194
0.418051
0.416948
0.415885
0.414863
0.41388
0.412936
0.412032
0.411167
0.41034
0.409552
0.408808
0.408114
0.407455
0.406813
0.406191
0.405594
0.405026
0.40449
0.403989
0.403524
0.403098
0.402713
0.402373
0.402081
0.401839
0.401652
0.401526
0.401469
0.401493
0.401614
0.401843
0.402193
0.402672
0.403283
0.404013
0.40487
0.40587
0.407013
0.408302
0.40974
0.411333
0.413086
0.415002
0.417082
0.419328
0.421735
0.424298
0.427005
0.429842
0.432785
0.435807
0.438871
0.441934
0.444943
0.447836
0.450533
0.452958
0.455027
0.456412
0.456511
0.43928
0.438687
0.438125
0.437399
0.436552
0.43559
0.434533
0.433398
0.432205
0.430969
0.429706
0.428428
0.427145
0.425868
0.424604
0.423359
0.422137
0.420944
0.41978
0.418649
0.417551
0.416488
0.415459
0.414465
0.413505
0.412579
0.411688
0.410831
0.410005
0.409211
0.408452
0.40775
0.407096
0.40646
0.405839
0.405241
0.404671
0.404132
0.403626
0.403155
0.40272
0.402325
0.401973
0.401666
0.401406
0.401197
0.401045
0.400956
0.400944
0.401024
0.40121
0.401516
0.401944
0.402465
0.403075
0.403818
0.404713
0.405754
0.406943
0.408282
0.409777
0.41143
0.413247
0.415229
0.417377
0.419689
0.422158
0.424775
0.427523
0.430379
0.43331
0.436275
0.43922
0.442082
0.444787
0.447248
0.449372
0.451065
0.452145
0.452087
0.436665
0.436199
0.435786
0.435242
0.434589
0.433816
0.432935
0.431963
0.430917
0.429813
0.428668
0.427495
0.426308
0.425115
0.423926
0.422749
0.421587
0.420447
0.419331
0.41824
0.417178
0.416146
0.415142
0.414169
0.413226
0.412314
0.411431
0.410579
0.409755
0.408958
0.408191
0.40748
0.406822
0.406184
0.405564
0.404965
0.404392
0.403849
0.403338
0.40286
0.402418
0.402015
0.401652
0.401333
0.401059
0.400834
0.40066
0.400546
0.400505
0.400553
0.400709
0.400983
0.401348
0.40177
0.402288
0.402958
0.403778
0.404745
0.405861
0.407128
0.408551
0.410135
0.411884
0.413798
0.415881
0.418129
0.420536
0.423092
0.425781
0.428575
0.431438
0.434322
0.437165
0.439889
0.442409
0.444627
0.446418
0.447692
0.448503
0.448079
0.434056
0.433757
0.433555
0.433261
0.432854
0.432307
0.431625
0.430825
0.429926
0.428948
0.427911
0.426831
0.425724
0.424601
0.423472
0.422347
0.421231
0.42013
0.419048
0.417987
0.41695
0.415937
0.414951
0.413991
0.413059
0.412153
0.411275
0.410425
0.409601
0.408804
0.408033
0.40731
0.406639
0.405997
0.405374
0.404772
0.404195
0.403647
0.40313
0.402646
0.402197
0.401786
0.401414
0.401084
0.400799
0.400561
0.400372
0.400238
0.400173
0.400199
0.400335
0.400565
0.400848
0.401198
0.401674
0.402299
0.403071
0.403989
0.405057
0.40628
0.407661
0.409205
0.410916
0.412797
0.414848
0.417069
0.419452
0.421987
0.424655
0.427429
0.430268
0.433116
0.435901
0.438536
0.440928
0.442962
0.444479
0.445491
0.446374
0.445393
0.431257
0.431215
0.431363
0.431445
0.431378
0.431112
0.430655
0.430035
0.42928
0.428418
0.427473
0.426469
0.425422
0.424349
0.423263
0.422172
0.421085
0.420008
0.418945
0.4179
0.416876
0.415873
0.414894
0.413939
0.413009
0.412105
0.411227
0.410375
0.409549
0.408749
0.407977
0.407241
0.406551
0.405898
0.405271
0.404665
0.404084
0.40353
0.403006
0.402516
0.402059
0.40164
0.40126
0.400921
0.400627
0.400378
0.400177
0.400028
0.399947
0.399957
0.400067
0.400237
0.400457
0.40078
0.401241
0.401844
0.402591
0.403485
0.404532
0.405735
0.407102
0.408635
0.410341
0.412222
0.414279
0.416512
0.418914
0.421475
0.424175
0.426984
0.429858
0.432733
0.435524
0.438126
0.440421
0.442248
0.443435
0.444373
0.445749
0.443694
0.427853
0.428349
0.429123
0.429817
0.430231
0.430307
0.430092
0.429651
0.429027
0.42826
0.427385
0.426431
0.425422
0.424376
0.423309
0.422233
0.421156
0.420085
0.419027
0.417983
0.416959
0.415955
0.414973
0.414014
0.41308
0.41217
0.411286
0.410428
0.409597
0.408793
0.408016
0.407266
0.406555
0.405889
0.405254
0.404643
0.404056
0.403496
0.402966
0.402468
0.402004
0.401578
0.40119
0.400843
0.400541
0.400284
0.400075
0.399916
0.399822
0.399816
0.399885
0.400006
0.400209
0.400535
0.400996
0.401595
0.402337
0.40323
0.404278
0.405487
0.406865
0.408417
0.410148
0.412063
0.414163
0.41645
0.418918
0.421558
0.424352
0.427268
0.430259
0.433254
0.436147
0.438797
0.440999
0.442429
0.442844
0.44315
0.443553
0.43726
0.422722
0.424623
0.426797
0.428442
0.429483
0.429987
0.430037
0.429744
0.429214
0.428506
0.427667
0.426732
0.42573
0.424683
0.423611
0.422525
0.421438
0.420356
0.419285
0.41823
0.417193
0.416176
0.415182
0.414211
0.413265
0.412345
0.411451
0.410583
0.409743
0.408931
0.408144
0.407376
0.406644
0.405963
0.405319
0.404702
0.404109
0.403542
0.403006
0.402502
0.402031
0.401598
0.401204
0.400851
0.400542
0.400279
0.400064
0.399899
0.399794
0.399765
0.3998
0.399909
0.400126
0.400467
0.40094
0.401551
0.402307
0.403217
0.404287
0.405525
0.406937
0.408533
0.410317
0.412296
0.414475
0.416856
0.419436
0.422211
0.425167
0.428278
0.431502
0.434773
0.437981
0.44096
0.443416
0.44484
0.444857
0.443865
0.438273
0.418919
0.414145
0.420463
0.424923
0.427711
0.429386
0.430276
0.430567
0.430391
0.429886
0.429171
0.428321
0.427366
0.426335
0.425257
0.424152
0.423035
0.421918
0.420807
0.419709
0.418628
0.417567
0.416527
0.415512
0.414522
0.413559
0.412624
0.411716
0.410837
0.409986
0.409159
0.408347
0.407557
0.406812
0.406118
0.405464
0.404839
0.40424
0.403669
0.403127
0.402617
0.402142
0.401704
0.401305
0.400948
0.400635
0.40037
0.400153
0.399987
0.399872
0.399815
0.399839
0.399967
0.40021
0.400575
0.401072
0.40171
0.402497
0.403441
0.404551
0.405836
0.407304
0.408964
0.410826
0.412896
0.415183
0.417691
0.420424
0.423382
0.426561
0.42995
0.433528
0.437259
0.441083
0.444907
0.448544
0.451623
0.454158
0.455332
0.442935
0.406842
0.394219
0.415411
0.423642
0.428048
0.430329
0.431412
0.431752
0.431591
0.431059
0.430268
0.429328
0.428301
0.427201
0.426057
0.424893
0.423724
0.422559
0.421405
0.420267
0.41915
0.418055
0.416986
0.415943
0.414929
0.413945
0.412994
0.412075
0.411183
0.410308
0.409449
0.408611
0.407808
0.407054
0.406348
0.405684
0.405052
0.404448
0.403873
0.403328
0.402816
0.402339
0.401899
0.401498
0.40114
0.400828
0.400564
0.400351
0.40019
0.400076
0.400005
0.40002
0.400169
0.400448
0.40085
0.401384
0.402062
0.402891
0.403883
0.405047
0.406392
0.407931
0.409672
0.411627
0.413805
0.416217
0.418871
0.421777
0.424941
0.42837
0.432069
0.436043
0.440296
0.444846
0.449763
0.455087
0.460763
0.467295
0.474483
0.476355
0.478354
0.404286
0.419219
0.426268
0.430584
0.432671
0.433538
0.433668
0.433321
0.432643
0.431734
0.430668
0.429504
0.42828
0.427035
0.425789
0.424551
0.423326
0.422119
0.420934
0.419773
0.41864
0.417535
0.41646
0.415419
0.414415
0.413449
0.412512
0.41159
0.41068
0.409795
0.408945
0.408136
0.407372
0.406655
0.40598
0.405342
0.404734
0.404157
0.403611
0.403099
0.402622
0.402184
0.401787
0.401434
0.401127
0.400871
0.400668
0.40052
0.400422
0.400364
0.400372
0.400517
0.400826
0.401276
0.401861
0.402589
0.403472
0.404522
0.405749
0.407165
0.408783
0.410614
0.412671
0.414965
0.417509
0.420316
0.423398
0.426766
0.430436
0.434423
0.438744
0.443423
0.448529
0.454258
0.460676
0.467623
0.475049
0.482991
0.491562
0.504985
0.424049
0.429511
0.432992
0.435186
0.43613
0.436338
0.436045
0.4354
0.434506
0.433428
0.43222
0.430907
0.429533
0.428158
0.426814
0.425496
0.424204
0.422939
0.421702
0.420496
0.41932
0.418178
0.41707
0.416002
0.414976
0.413986
0.413012
0.412051
0.411119
0.410224
0.409366
0.408548
0.407773
0.407045
0.406361
0.405715
0.405104
0.404527
0.403983
0.403474
0.403003
0.402571
0.402183
0.40184
0.401546
0.401305
0.40112
0.400994
0.400925
0.400906
0.40094
0.401076
0.401377
0.40186
0.402504
0.403296
0.404242
0.405357
0.406656
0.408151
0.409855
0.411782
0.413946
0.41636
0.419039
0.421996
0.425247
0.428806
0.432692
0.436925
0.441524
0.446527
0.452093
0.458366
0.465361
0.472977
0.481079
0.489699
0.499058
0.510221
0.43542
0.437494
0.4389
0.439458
0.439415
0.439
0.438297
0.437375
0.436291
0.435082
0.433756
0.432302
0.43079
0.42931
0.427881
0.426492
0.425137
0.423817
0.422532
0.421282
0.420068
0.41889
0.417752
0.416657
0.415606
0.414578
0.413563
0.412578
0.411633
0.410727
0.409859
0.409031
0.408247
0.407509
0.406816
0.406165
0.405553
0.404978
0.404438
0.403937
0.403475
0.403056
0.402681
0.402356
0.402082
0.401864
0.401706
0.401611
0.401579
0.401609
0.401703
0.401877
0.402173
0.402647
0.403323
0.404181
0.405199
0.406386
0.407761
0.409339
0.411133
0.413158
0.41543
0.417961
0.420769
0.423867
0.427271
0.430997
0.435064
0.439491
0.4443
0.449549
0.455378
0.461923
0.46923
0.477129
0.485457
0.494164
0.503321
0.512952
0.43987
0.441214
0.441896
0.441912
0.441506
0.440822
0.439923
0.438871
0.437708
0.436429
0.435004
0.433458
0.431887
0.430361
0.428884
0.427447
0.426048
0.424687
0.423365
0.422081
0.420835
0.419627
0.41846
0.417336
0.416251
0.41519
0.414152
0.413153
0.412195
0.411277
0.410399
0.409563
0.408771
0.408026
0.407327
0.406674
0.406063
0.405493
0.404962
0.404472
0.404025
0.403624
0.40327
0.402968
0.402722
0.402535
0.402412
0.402357
0.40237
0.402454
0.402614
0.402859
0.403208
0.403692
0.404367
0.405262
0.406347
0.407607
0.409057
0.410717
0.412601
0.414724
0.417099
0.419742
0.422668
0.425892
0.429428
0.433293
0.437501
0.44207
0.447018
0.452427
0.458384
0.465027
0.472378
0.480228
0.488418
0.496865
0.505486
0.514029
0.440538
0.441908
0.442557
0.442628
0.442283
0.441631
0.440768
0.439765
0.438617
0.437297
0.435835
0.434299
0.432753
0.431231
0.429741
0.428286
0.426867
0.425487
0.424145
0.422841
0.421574
0.420345
0.419153
0.417998
0.416879
0.415795
0.414746
0.413738
0.41277
0.411844
0.41096
0.410119
0.409324
0.408575
0.407875
0.407222
0.406615
0.406052
0.405534
0.405061
0.404635
0.404257
0.403931
0.40366
0.403448
0.4033
0.403219
0.40321
0.403275
0.403419
0.403646
0.403967
0.404397
0.404948
0.405651
0.406564
0.407696
0.409017
0.410537
0.412274
0.414243
0.416458
0.418931
0.421677
0.42471
0.428042
0.431688
0.435661
0.439973
0.444639
0.449675
0.45514
0.461128
0.467761
0.474989
0.482625
0.490518
0.498558
0.506602
0.5144
0.439609
0.441152
0.442012
0.442322
0.442197
0.441733
0.441014
0.440093
0.438971
0.437683
0.436297
0.434843
0.433356
0.431869
0.430398
0.428954
0.427542
0.426163
0.424821
0.423514
0.422242
0.421004
0.4198
0.418627
0.417484
0.416379
0.415319
0.414302
0.413329
0.4124
0.411514
0.410674
0.40988
0.409134
0.408437
0.407789
0.407191
0.406641
0.406141
0.405689
0.405288
0.40494
0.404647
0.404413
0.404242
0.404137
0.404104
0.404146
0.404269
0.404477
0.404776
0.405174
0.405686
0.406326
0.407107
0.408065
0.409229
0.4106
0.412184
0.413994
0.416043
0.418342
0.420904
0.423742
0.426867
0.430291
0.434024
0.438077
0.442459
0.44718
0.452261
0.457725
0.463674
0.470207
0.477234
0.484591
0.492138
0.499753
0.507288
0.514539
0.438763
0.44033
0.44131
0.44179
0.441845
0.441539
0.440926
0.44004
0.438947
0.437733
0.436447
0.435092
0.433683
0.432256
0.430833
0.429426
0.428043
0.426687
0.425361
0.424067
0.422804
0.421572
0.42037
0.419199
0.418052
0.41693
0.415853
0.414828
0.413853
0.412924
0.412043
0.411209
0.410422
0.409686
0.409
0.408365
0.407783
0.407253
0.406774
0.406349
0.405977
0.405663
0.405407
0.405214
0.405086
0.405029
0.405047
0.405145
0.405329
0.405605
0.405978
0.406457
0.407055
0.407785
0.408663
0.40969
0.410895
0.412317
0.413967
0.415849
0.417974
0.420352
0.422995
0.425913
0.429117
0.432615
0.436416
0.440525
0.444948
0.449687
0.454765
0.460204
0.466086
0.472467
0.479258
0.486318
0.49352
0.500745
0.507858
0.514698
0.438484
0.439984
0.440952
0.441461
0.441571
0.441334
0.440788
0.439956
0.438909
0.43774
0.43649
0.435173
0.433818
0.432449
0.431081
0.429724
0.428385
0.427067
0.425775
0.424509
0.42327
0.422056
0.420866
0.419698
0.418545
0.417417
0.416336
0.415313
0.414344
0.413424
0.412553
0.411731
0.410959
0.410238
0.409569
0.408954
0.408392
0.407885
0.407433
0.407037
0.406698
0.406419
0.406202
0.406051
0.40597
0.405963
0.406035
0.406193
0.406442
0.406788
0.407237
0.4078
0.408486
0.40931
0.410274
0.411369
0.412635
0.414124
0.415847
0.417806
0.420007
0.422461
0.425179
0.428168
0.431438
0.434996
0.438846
0.442992
0.447435
0.452171
0.457216
0.462607
0.468405
0.474616
0.481166
0.48794
0.494825
0.501712
0.508483
0.515013
0.438583
0.440018
0.440941
0.441424
0.441528
0.441309
0.440807
0.440053
0.439088
0.437961
0.436714
0.435402
0.434068
0.432725
0.431381
0.430045
0.428723
0.427422
0.426144
0.424891
0.423663
0.422459
0.421278
0.420114
0.418969
0.417859
0.416798
0.41579
0.414834
0.413928
0.413073
0.412267
0.411513
0.41081
0.410161
0.409567
0.409028
0.408546
0.408122
0.407755
0.40745
0.407207
0.407031
0.406924
0.406891
0.406937
0.407067
0.407287
0.407603
0.408022
0.408551
0.409198
0.409973
0.410873
0.411896
0.413061
0.414415
0.41599
0.417794
0.41983
0.422108
0.424637
0.427425
0.43048
0.433807
0.437413
0.4413
0.445469
0.449916
0.454636
0.459632
0.464957
0.470657
0.476703
0.483027
0.489541
0.496147
0.502749
0.509247
0.515543
0.438784
0.440185
0.441093
0.441572
0.441685
0.441478
0.440997
0.440283
0.439372
0.438303
0.437114
0.435848
0.434538
0.433206
0.431864
0.430525
0.429196
0.427884
0.426595
0.425331
0.424095
0.422887
0.421707
0.420556
0.419435
0.41835
0.417308
0.416314
0.41537
0.414477
0.413635
0.412845
0.412107
0.411422
0.410793
0.410219
0.409704
0.409246
0.408849
0.408513
0.408241
0.408036
0.407901
0.407841
0.407859
0.40796
0.408151
0.408437
0.408821
0.409315
0.409923
0.41064
0.411471
0.412423
0.413512
0.41477
0.416225
0.417891
0.419779
0.421895
0.42425
0.42685
0.429703
0.432817
0.436195
0.439841
0.443757
0.44794
0.452385
0.457083
0.462027
0.467273
0.472865
0.478756
0.48488
0.491165
0.497533
0.503899
0.510183
0.516303
0.438992
0.440323
0.441213
0.441702
0.441838
0.44166
0.441211
0.440535
0.439669
0.438649
0.437516
0.436295
0.435017
0.433709
0.432386
0.431058
0.429736
0.428428
0.427139
0.425874
0.424636
0.423428
0.42225
0.421106
0.419995
0.418921
0.41789
0.416906
0.415972
0.415088
0.414257
0.413479
0.412755
0.412087
0.411476
0.410923
0.41043
0.409998
0.409628
0.409323
0.409086
0.408921
0.408831
0.40882
0.408889
0.409045
0.409299
0.409651
0.410096
0.410641
0.411292
0.412055
0.412937
0.413959
0.415142
0.416502
0.418053
0.419808
0.421778
0.423973
0.4264
0.429068
0.431982
0.435149
0.438571
0.442252
0.446189
0.450382
0.454824
0.459506
0.464414
0.469572
0.475031
0.480775
0.48673
0.492824
0.498992
0.505168
0.511283
0.517273
0.43932
0.44048
0.441277
0.441729
0.441866
0.441718
0.441316
0.440696
0.439888
0.438926
0.437846
0.436676
0.43544
0.43417
0.432878
0.431573
0.430269
0.428974
0.427696
0.42644
0.425211
0.424011
0.422842
0.421707
0.420607
0.419545
0.418526
0.417553
0.41663
0.415758
0.414939
0.414174
0.413464
0.41281
0.412216
0.411686
0.411218
0.410812
0.41047
0.410196
0.409994
0.409868
0.409827
0.409868
0.409983
0.410181
0.410468
0.41085
0.411331
0.411914
0.412607
0.41343
0.414393
0.415507
0.416783
0.418234
0.419873
0.421712
0.423761
0.42603
0.428526
0.431256
0.434226
0.43744
0.440901
0.444609
0.448564
0.452763
0.4572
0.461867
0.466754
0.471851
0.47718
0.482761
0.488558
0.494498
0.500507
0.506531
0.512518
0.518416
0.439947
0.440827
0.441435
0.441769
0.441842
0.441676
0.441289
0.440706
0.439954
0.439058
0.438041
0.436935
0.435757
0.434532
0.433281
0.432015
0.430746
0.42948
0.428226
0.426992
0.425783
0.424601
0.423449
0.422328
0.421244
0.420198
0.419194
0.418235
0.417326
0.416466
0.41566
0.414907
0.414212
0.413578
0.413007
0.412501
0.412063
0.411688
0.411373
0.411125
0.410947
0.410843
0.410817
0.410871
0.411011
0.411238
0.411552
0.411962
0.412487
0.413131
0.413899
0.4148
0.415844
0.41704
0.418399
0.419932
0.421652
0.423569
0.425691
0.428029
0.430588
0.433374
0.436393
0.439648
0.443141
0.446872
0.450839
0.455039
0.459467
0.464116
0.468976
0.474038
0.479293
0.484741
0.490376
0.496157
0.502028
0.507935
0.513831
0.519669
0.440861
0.441402
0.441771
0.44193
0.441883
0.441642
0.441222
0.440638
0.439908
0.439052
0.438089
0.437043
0.435928
0.434757
0.433555
0.432336
0.431109
0.429885
0.428671
0.427472
0.426297
0.425148
0.424026
0.422931
0.421869
0.420843
0.419859
0.418917
0.418023
0.417178
0.416384
0.415645
0.414964
0.414344
0.413784
0.413281
0.412842
0.41247
0.412167
0.411936
0.411777
0.411693
0.41168
0.41175
0.411918
0.412186
0.412553
0.413026
0.413613
0.414321
0.415156
0.416127
0.417242
0.418512
0.419946
0.421555
0.423348
0.425335
0.427524
0.429923
0.432537
0.435373
0.438435
0.441724
0.445242
0.448989
0.452964
0.457161
0.461576
0.466202
0.47103
0.47605
0.481252
0.486623
0.492143
0.497788
0.503532
0.509328
0.515132
0.520905
0.442406
0.442465
0.442447
0.442326
0.442082
0.441709
0.441206
0.440578
0.439835
0.438989
0.438052
0.43704
0.435967
0.434846
0.433693
0.432521
0.431337
0.430153
0.428975
0.427806
0.426653
0.425522
0.424418
0.423343
0.422302
0.421298
0.420333
0.419411
0.418536
0.417709
0.416933
0.416211
0.415546
0.414938
0.414388
0.413894
0.413458
0.413093
0.412806
0.412597
0.412465
0.412413
0.412443
0.412562
0.412776
0.413089
0.413505
0.41403
0.414671
0.415436
0.416331
0.417364
0.418545
0.419881
0.421382
0.423057
0.424915
0.426963
0.42921
0.431662
0.434324
0.437201
0.440297
0.443614
0.447151
0.450909
0.454885
0.459075
0.463473
0.468072
0.472864
0.477838
0.482983
0.488284
0.493723
0.499279
0.504923
0.510621
0.516342
0.522056
0.44438
0.443904
0.443448
0.44299
0.442496
0.441939
0.441305
0.44059
0.439794
0.438923
0.437982
0.436982
0.435931
0.434842
0.433722
0.432584
0.431434
0.430282
0.429133
0.427992
0.42686
0.425745
0.424658
0.423604
0.422583
0.421599
0.420655
0.419753
0.418896
0.418088
0.417331
0.416627
0.415978
0.415388
0.414858
0.414389
0.413984
0.413651
0.413392
0.413209
0.413105
0.413083
0.413147
0.413301
0.413551
0.413903
0.414361
0.414931
0.41562
0.416435
0.417383
0.418472
0.419709
0.421102
0.42266
0.424391
0.426303
0.428403
0.430697
0.433193
0.435893
0.438804
0.441926
0.445262
0.448812
0.452575
0.456547
0.460726
0.465104
0.469675
0.47443
0.479358
0.484448
0.489686
0.495054
0.500533
0.5061
0.511732
0.517405
0.5231
0.446296
0.445365
0.444546
0.443785
0.443039
0.442282
0.441496
0.44067
0.439799
0.438881
0.437917
0.436911
0.435868
0.434795
0.433699
0.432586
0.431464
0.430339
0.429218
0.428104
0.427003
0.42592
0.424862
0.423833
0.422835
0.421871
0.420946
0.420062
0.419223
0.418431
0.41769
0.417002
0.416369
0.415794
0.41528
0.41483
0.414445
0.414131
0.413892
0.413729
0.413648
0.413651
0.413742
0.413926
0.414208
0.414593
0.415087
0.415696
0.416425
0.417282
0.418274
0.419407
0.42069
0.422129
0.423733
0.425508
0.427463
0.429603
0.431934
0.434462
0.437191
0.440125
0.443265
0.446613
0.450168
0.45393
0.457894
0.462057
0.466414
0.470955
0.475674
0.48056
0.485602
0.490785
0.496096
0.501517
0.507032
0.512621
0.51827
0.523964
0.448067
0.446723
0.445558
0.444507
0.443524
0.44258
0.441653
0.440724
0.439782
0.438817
0.437826
0.436809
0.435769
0.434708
0.43363
0.432539
0.431442
0.430343
0.429248
0.428161
0.427086
0.42603
0.424995
0.423986
0.423008
0.422063
0.421155
0.420288
0.419464
0.418687
0.417961
0.417286
0.416668
0.416107
0.415607
0.415171
0.414803
0.414505
0.414282
0.414137
0.414075
0.414098
0.414211
0.414418
0.414725
0.415136
0.415657
0.416295
0.417054
0.417943
0.418967
0.420134
0.42145
0.422923
0.42456
0.426367
0.428352
0.430519
0.432876
0.435425
0.438172
0.441119
0.444267
0.447619
0.451172
0.454927
0.458878
0.463023
0.467355
0.471868
0.476553
0.4814
0.486399
0.491538
0.496803
0.502181
0.507657
0.51322
0.518857
0.524559
0.449701
0.448023
0.446557
0.445241
0.444042
0.442929
0.44187
0.440842
0.439828
0.438816
0.437797
0.436764
0.435718
0.434658
0.433585
0.432501
0.431415
0.430331
0.429252
0.428182
0.427124
0.426084
0.425065
0.424072
0.423108
0.422177
0.421282
0.420426
0.419612
0.418845
0.418129
0.417465
0.416856
0.416304
0.415814
0.415389
0.415031
0.414744
0.414532
0.414399
0.414349
0.414386
0.414514
0.414738
0.415061
0.415489
0.416028
0.416684
0.417463
0.418372
0.419416
0.420603
0.42194
0.423432
0.425088
0.426913
0.428913
0.431095
0.433462
0.43602
0.438772
0.441721
0.444868
0.448214
0.451758
0.455498
0.459432
0.463556
0.467862
0.472346
0.476999
0.481811
0.486774
0.491875
0.497104
0.502449
0.507899
0.513444
0.519076
0.524788
0.450679
0.448828
0.447173
0.44567
0.444314
0.443078
0.441927
0.440832
0.43977
0.438728
0.437693
0.436656
0.435613
0.434563
0.433506
0.432443
0.431377
0.430311
0.429249
0.428194
0.427151
0.426123
0.425116
0.424133
0.423179
0.422256
0.421369
0.420521
0.419714
0.418955
0.418245
0.417587
0.416983
0.416436
0.41595
0.415529
0.415177
0.414895
0.414689
0.414562
0.414517
0.41456
0.414696
0.414927
0.415256
0.41569
0.416236
0.4169
0.417687
0.418605
0.419658
0.420855
0.4222
0.423701
0.425364
0.427196
0.429202
0.431387
0.433757
0.436315
0.439066
0.44201
0.445151
0.448488
0.452021
0.455748
0.459667
0.463772
0.468058
0.47252
0.477149
0.481936
0.486874
0.49195
0.497156
0.50248
0.507914
0.513448
0.519082
0.524815
0.451599
0.449539
0.447711
0.44609
0.444651
0.443351
0.442149
0.441012
0.439918
0.438851
0.437796
0.436746
0.435695
0.434639
0.433581
0.432523
0.431459
0.430393
0.429331
0.428276
0.427233
0.426206
0.425198
0.424215
0.423259
0.422337
0.42145
0.420604
0.419799
0.419037
0.418322
0.417657
0.41705
0.416502
0.416014
0.415591
0.415236
0.414951
0.414742
0.414611
0.414563
0.414602
0.414731
0.414955
0.41528
0.415711
0.416256
0.416918
0.417703
0.418619
0.41967
0.420864
0.422206
0.423703
0.425362
0.427188
0.429188
0.431366
0.433727
0.436276
0.439015
0.441948
0.445075
0.448397
0.451915
0.455625
0.459525
0.46361
0.467877
0.472318
0.476926
0.481693
0.48661
0.491667
0.496854
0.502161
0.507579
0.513097
0.518705
0.524389
0.517103
0.530524
0.539526
0.520955
0.530356
0.538174
0.520846
0.528551
0.534606
0.521465
0.52801
0.533337
0.521378
0.527264
0.532283
0.521092
0.526587
0.531399
0.520797
0.526041
0.530738
0.520653
0.525726
0.530362
0.520751
0.525711
0.53032
0.521127
0.526014
0.530621
0.521778
0.526623
0.531246
0.522677
0.527506
0.532165
0.523776
0.52861
0.533317
0.525009
0.529845
0.534567
0.526215
0.531054
0.535805
0.527346
0.532207
0.537037
0.528406
0.533316
0.538226
0.529295
0.534253
0.539234
0.529921
0.534927
0.539974
0.530176
0.535224
0.540326
0.530265
0.535368
0.540491
0.529921
0.53518
0.540374
0.562617
0.562435
0.561966
0.561232
0.5605
0.560024
0.559952
0.560318
0.561083
0.562181
0.563508
0.564931
0.566406
0.567794
0.568855
0.569517
0.56966
0.56886
0.566706
0.562129
0.554274
0.539227
0.51349
0.459317
0.360894
0.562603
0.56224
0.561545
0.560668
0.559892
0.559381
0.559222
0.559432
0.559972
0.56078
0.561769
0.562884
0.564075
0.565194
0.565994
0.566206
0.565657
0.564149
0.561375
0.556478
0.548667
0.535806
0.515608
0.48324
0.437764
0.561981
0.561415
0.560699
0.559984
0.559394
0.559008
0.558865
0.558965
0.559289
0.5598
0.560446
0.56118
0.561954
0.562621
0.562955
0.562811
0.562095
0.560606
0.557965
0.553547
0.546591
0.535936
0.520088
0.49715
0.465586
0.560981
0.560408
0.559837
0.559311
0.558867
0.558562
0.55843
0.558475
0.558687
0.559041
0.559505
0.560049
0.560626
0.561047
0.561124
0.560827
0.560096
0.558667
0.556159
0.552136
0.546052
0.537229
0.524851
0.508209
0.487058
0.559992
0.559502
0.559073
0.558677
0.558339
0.558108
0.558009
0.558046
0.558209
0.558484
0.55885
0.559288
0.559724
0.559968
0.559862
0.559399
0.558534
0.557052
0.554673
0.55108
0.545897
0.538692
0.529025
0.516574
0.501307
0.559063
0.558692
0.558395
0.558113
0.557875
0.557718
0.557662
0.557708
0.557853
0.558085
0.55839
0.558749
0.559071
0.559178
0.558945
0.558388
0.557473
0.556036
0.55387
0.550739
0.546382
0.540525
0.532926
0.52345
0.512175
0.558245
0.557992
0.557816
0.557643
0.557498
0.557411
0.557398
0.557462
0.557602
0.557809
0.558074
0.558378
0.558625
0.558652
0.558368
0.557793
0.556902
0.555571
0.553645
0.550956
0.547327
0.542586
0.536597
0.529307
0.520794
0.557578
0.55743
0.557354
0.557278
0.557215
0.557189
0.557215
0.557297
0.557436
0.557627
0.557863
0.558131
0.558345
0.558347
0.558056
0.557509
0.556689
0.555505
0.553843
0.551584
0.548607
0.544804
0.540098
0.534471
0.527994
0.557066
0.557004
0.55701
0.557016
0.557021
0.557044
0.557099
0.557193
0.55733
0.557508
0.557725
0.557973
0.558189
0.558206
0.557941
0.557456
0.556745
0.55574
0.554356
0.552511
0.550122
0.54712
0.543461
0.539145
0.534226
0.556703
0.556706
0.556778
0.556846
0.556902
0.55696
0.557033
0.557132
0.557263
0.557431
0.557634
0.557874
0.558112
0.558183
0.557985
0.557589
0.557014
0.556209
0.555112
0.553663
0.551809
0.549505
0.546726
0.543478
0.539801
0.556476
0.556529
0.556646
0.556756
0.556844
0.556921
0.557001
0.557097
0.55722
0.557378
0.557573
0.557808
0.558073
0.558247
0.558178
0.557889
0.557465
0.556876
0.55607
0.555004
0.553644
0.551961
0.549941
0.547589
0.544937
0.55637
0.556456
0.556601
0.556734
0.556835
0.556914
0.556989
0.557076
0.55719
0.557341
0.557535
0.557776
0.558067
0.558361
0.558478
0.558348
0.558086
0.557723
0.557214
0.556523
0.555628
0.55451
0.553161
0.551586
0.549805
0.556362
0.556474
0.556634
0.556769
0.556861
0.556927
0.556986
0.557059
0.557165
0.557315
0.557519
0.55778
0.558105
0.558488
0.558824
0.558951
0.558891
0.558757
0.558546
0.558227
0.557778
0.557188
0.55645
0.555566
0.554549
0.556435
0.556572
0.556733
0.556846
0.556908
0.556942
0.556976
0.557034
0.557136
0.557297
0.557525
0.557826
0.558202
0.558654
0.559167
0.559621
0.559889
0.560023
0.560108
0.560148
0.560133
0.560045
0.559875
0.559624
0.559293
0.556557
0.55673
0.556877
0.556939
0.556944
0.556932
0.556935
0.556982
0.557093
0.557282
0.557558
0.557926
0.558387
0.558938
0.559576
0.56028
0.56095
0.561502
0.56195
0.56236
0.562773
0.563163
0.563525
0.563861
0.564161
0.556673
0.556902
0.557006
0.556976
0.556901
0.556837
0.556818
0.556872
0.557017
0.557266
0.557624
0.558096
0.558681
0.559377
0.560178
0.561073
0.562043
0.563027
0.563973
0.564884
0.56577
0.566637
0.567509
0.568398
0.569282
0.556696
0.557034
0.557021
0.556836
0.556664
0.556565
0.55656
0.556665
0.556892
0.557246
0.557732
0.558354
0.559111
0.560001
0.56102
0.562156
0.563396
0.56472
0.566122
0.567559
0.568986
0.57042
0.571866
0.573311
0.574749
0.555639
0.55628
0.556335
0.556103
0.555954
0.555944
0.556064
0.556314
0.5567
0.557228
0.557903
0.558729
0.55971
0.560845
0.562133
0.563566
0.565133
0.56682
0.568613
0.570491
0.572437
0.574447
0.57648
0.578502
0.580514
0.548834
0.552459
0.553507
0.553988
0.554409
0.554829
0.555286
0.555823
0.55647
0.557248
0.558174
0.559258
0.56051
0.561934
0.56353
0.565295
0.56722
0.569294
0.571503
0.573827
0.576249
0.578748
0.581299
0.583876
0.586458
0.544557
0.54809
0.550207
0.551608
0.552676
0.553588
0.554449
0.555335
0.5563
0.55738
0.558603
0.559989
0.561551
0.563299
0.565234
0.567358
0.569662
0.572138
0.57477
0.577541
0.580429
0.583411
0.586461
0.58955
0.592651
0.540071
0.544224
0.547233
0.549417
0.551052
0.552433
0.553709
0.554973
0.556292
0.557714
0.559275
0.561002
0.562913
0.565019
0.567327
0.569838
0.572546
0.575442
0.578511
0.581735
0.585091
0.588553
0.592093
0.595679
0.599279
0.538121
0.542096
0.545255
0.5478
0.549806
0.551567
0.553226
0.554865
0.556553
0.558341
0.56027
0.562368
0.564658
0.567152
0.569859
0.57278
0.575911
0.579242
0.582758
0.586441
0.590265
0.594203
0.598225
0.602296
0.60638
0.536862
0.540823
0.544014
0.546681
0.548973
0.551074
0.553093
0.555104
0.55717
0.559341
0.561658
0.564151
0.566842
0.569746
0.572872
0.57622
0.579788
0.583564
0.587534
0.591678
0.59597
0.60038
0.604877
0.609422
0.613979
0.535881
0.539904
0.543217
0.546031
0.548584
0.551004
0.553375
0.555757
0.558208
0.560774
0.563493
0.566396
0.569505
0.572834
0.576392
0.580179
0.584192
0.58842
0.592848
0.597453
0.60221
0.607088
0.612051
0.617063
0.622083
0.535203
0.53932
0.542816
0.545844
0.548651
0.551386
0.554108
0.556864
0.559705
0.562674
0.565806
0.56913
0.572667
0.57643
0.580428
0.584661
0.589124
0.593806
0.59869
0.603755
0.608973
0.614312
0.619736
0.625206
0.63068
0.534855
0.5391
0.542798
0.546069
0.549158
0.552221
0.555301
0.558437
0.561673
0.56505
0.568601
0.572352
0.576322
0.580525
0.584967
0.589647
0.594561
0.599696
0.605035
0.610555
0.616228
0.622022
0.627899
0.633819
0.639738
0.534871
0.539271
0.543163
0.546675
0.550081
0.553494
0.556942
0.560462
0.564098
0.567888
0.57186
0.57604
0.580445
0.585087
0.589972
0.595099
0.600461
0.606045
0.611834
0.617804
0.623926
0.630166
0.636488
0.642849
0.649207
0.535242
0.539801
0.543895
0.547668
0.551408
0.555178
0.558998
0.562906
0.566943
0.571144
0.575537
0.580145
0.584983
0.590062
0.595386
0.600955
0.60676
0.612788
0.61902
0.625432
0.631995
0.638675
0.645433
0.652227
0.659014
0.535946
0.540643
0.544953
0.549029
0.553104
0.557227
0.561417
0.565711
0.570147
0.574757
0.579566
0.584596
0.589862
0.595372
0.60113
0.607134
0.613376
0.61984
0.626508
0.633355
0.64035
0.647459
0.654643
0.661862
0.669069
0.536959
0.541772
0.546283
0.550679
0.555095
0.559569
0.564125
0.5688
0.573629
0.578641
0.583861
0.589306
0.594991
0.600924
0.607108
0.613539
0.620209
0.627101
0.634195
0.641467
0.648884
0.656413
0.664014
0.671645
0.679263
0.538178
0.543097
0.547838
0.552553
0.557304
0.562121
0.567036
0.572084
0.577296
0.582699
0.588317
0.594167
0.600261
0.606607
0.613206
0.620054
0.62714
0.63445
0.641961
0.649648
0.657478
0.665415
0.673422
0.681454
0.689466
0.539471
0.544547
0.549559
0.554578
0.559645
0.564791
0.570051
0.575456
0.581037
0.586817
0.592819
0.599059
0.605548
0.612292
0.619293
0.626545
0.634038
0.641754
0.649672
0.657764
0.665996
0.674331
0.68273
0.691148
0.699541
0.540809
0.546091
0.551361
0.556658
0.562018
0.567474
0.57306
0.578803
0.584732
0.59087
0.597237
0.603847
0.610713
0.617839
0.625226
0.632868
0.640753
0.648865
0.657179
0.665666
0.67429
0.683012
0.691795
0.700596
0.709359
0.542182
0.547656
0.553147
0.55869
0.564317
0.570058
0.575943
0.582
0.588252
0.594722
0.60143
0.608388
0.615609
0.623096
0.63085
0.638864
0.647128
0.655623
0.664323
0.673198
0.682207
0.691316
0.700488
0.709669
0.718784
0.543489
0.54912
0.554802
0.560562
0.566426
0.572422
0.578577
0.584915
0.59146
0.598233
0.605252
0.612531
0.620079
0.627902
0.636
0.644368
0.652993
0.661859
0.670938
0.680199
0.689601
0.699105
0.708671
0.718231
0.727695
0.544598
0.550365
0.55621
0.562157
0.568228
0.574446
0.580835
0.587421
0.594224
0.601265
0.60856
0.616125
0.623969
0.632099
0.640514
0.64921
0.658178
0.667398
0.676847
0.686492
0.696293
0.7062
0.71616
0.726097
0.735911
0.545421
0.551296
0.557273
0.563374
0.569616
0.576018
0.582604
0.589397
0.596418
0.603685
0.611218
0.619029
0.62713
0.635529
0.644226
0.65322
0.662501
0.672053
0.681854
0.69187
0.70206
0.712371
0.722735
0.733063
0.743247
0.545843
0.551803
0.557884
0.564106
0.570482
0.577029
0.583771
0.590728
0.597923
0.605375
0.613101
0.621116
0.629433
0.63806
0.647002
0.656259
0.665823
0.675682
0.685815
0.69619
0.706766
0.717485
0.728272
0.73903
0.749636
0.546011
0.552006
0.558173
0.5645
0.570979
0.57763
0.584483
0.59156
0.598883
0.606469
0.614339
0.622507
0.630989
0.639794
0.64893
0.658397
0.668191
0.678304
0.688715
0.699395
0.710304
0.721384
0.732555
0.74371
0.75471
0.545838
0.55174
0.557941
0.564336
0.570876
0.577582
0.58449
0.591626
0.599011
0.606663
0.614602
0.622845
0.631406
0.640298
0.649527
0.659098
0.669007
0.679246
0.689797
0.700632
0.71171
0.722973
0.734344
0.745715
0.756954
-0.00160091
-0.00358347
-0.00407408
-0.00493218
-0.0057466
-0.00614373
-0.00644059
-0.00676581
-0.00711956
-0.00806383
-0.0108474
-0.0138001
-0.0136592
-0.0135693
-0.0143425
-0.0149048
-0.0153884
-0.0159572
-0.0168347
-0.0184173
-0.0195092
-0.0226538
-0.0236748
-0.0245001
-0.0258435
-0.0267384
-0.0274715
-0.0282332
-0.0291704
-0.0301637
-0.0305253
-0.0335151
-0.0351272
-0.0364411
-0.0380625
-0.0390273
-0.0397608
-0.0404784
-0.0413794
-0.0423825
-0.0440882
-0.0471284
-0.0490639
-0.0505256
-0.052018
-0.0526639
-0.0530792
-0.053499
-0.0542106
-0.0551006
-0.062064
-0.0651814
-0.0664974
-0.0671565
-0.0677848
-0.0675481
-0.0672116
-0.0670081
-0.067332
-0.0680421
-0.0849374
-0.0877021
-0.0875213
-0.0864568
-0.0853744
-0.0835762
-0.0819805
-0.0807795
-0.080467
-0.0808446
-0.110813
-0.113601
-0.111549
-0.108101
-0.104378
-0.100259
-0.0968612
-0.0942811
-0.0930675
-0.092935
-0.138859
-0.142089
-0.137776
-0.13062
-0.123733
-0.116748
-0.111059
-0.106751
-0.104383
-0.103526
-0.168608
-0.171898
-0.16518
-0.153092
-0.142202
-0.131872
-0.123477
-0.117136
-0.11338
-0.111588
-0.197375
-0.200674
-0.191633
-0.173609
-0.158122
-0.144173
-0.132791
-0.124146
-0.118741
-0.115936
-0.221748
-0.225033
-0.214327
-0.190159
-0.169759
-0.152143
-0.137646
-0.126577
-0.119519
-0.115489
-0.239517
-0.242547
-0.231419
-0.2013
-0.175537
-0.154372
-0.136748
-0.123216
-0.114434
-0.108937
-0.251624
-0.253698
-0.242993
-0.206241
-0.174196
-0.14941
-0.128691
-0.112646
-0.101988
-0.0950555
-0.260961
-0.260887
-0.248784
-0.203456
-0.164631
-0.135742
-0.112006
-0.0936401
-0.0813276
-0.073048
-0.269423
-0.264903
-0.245927
-0.190205
-0.144545
-0.111888
-0.0856392
-0.0654781
-0.0518465
-0.0424268
-0.276764
-0.266165
-0.230388
-0.166625
-0.114018
-0.0774633
-0.0491125
-0.0278179
-0.013372
-0.00317024
-0.280235
-0.268399
-0.200602
-0.124311
-0.0697916
-0.0304667
-0.00095495
0.0200069
0.03401
0.0442012
-0.290762
-0.261224
-0.146075
-0.0507906
-0.0012817
0.0341266
0.0600128
0.0774827
0.0891018
0.0980873
-0.301041
-0.157295
-0.00288546
0.0674633
0.0936685
0.113954
0.129872
0.140773
0.148425
0.155374
0.152734
0.14101
0.185323
0.19339
0.191731
0.195056
0.200104
0.204342
0.208025
0.212699
0.364035
0.306478
0.287013
0.278309
0.270621
0.265991
0.264153
0.263591
0.264181
0.266896
0.42374
0.384617
0.361556
0.346544
0.33429
0.325225
0.319348
0.315719
0.314279
0.315639
0.461526
0.434801
0.412678
0.395871
0.382712
0.372508
0.36512
0.360084
0.357625
0.358175
0.483327
0.464235
0.446863
0.432186
0.419993
0.410139
0.402618
0.39723
0.394468
0.39461
0.499159
0.485151
0.47163
0.459437
0.448895
0.440128
0.433187
0.428082
0.425479
0.425483
0.511059
0.500531
0.490121
0.480387
0.471688
0.464267
0.458218
0.453747
0.451533
0.451524
0.520643
0.512673
0.504675
0.497031
0.490056
0.483993
0.478937
0.475262
0.473524
0.473563
0.528675
0.522651
0.51656
0.510663
0.505213
0.500398
0.496323
0.493494
0.492259
0.492371
0.535668
0.531182
0.526624
0.522181
0.518041
0.514325
0.511191
0.509177
0.508398
0.508601
0.541959
0.538726
0.53543
0.532207
0.529182
0.52643
0.524203
0.522922
0.522509
0.522823
0.5478
0.545616
0.543385
0.541197
0.539119
0.537231
0.535856
0.535215
0.53509
0.535525
0.553386
0.552106
0.550792
0.549491
0.548231
0.547163
0.546544
0.546416
0.546542
0.547105
0.55888
0.558399
0.557887
0.557354
0.556842
0.556554
0.556575
0.556842
0.557203
0.557897
0.564428
0.564664
0.56486
0.565015
0.565231
0.565638
0.566169
0.566772
0.567351
0.568179
0.570169
0.571049
0.571885
0.572707
0.573609
0.574578
0.575509
0.576422
0.577211
0.57818
0.576208
0.577681
0.579134
0.580598
0.582071
0.583484
0.584769
0.585969
0.586958
0.588066
0.582563
0.58464
0.586692
0.588712
0.590653
0.592462
0.594087
0.595562
0.59673
0.597948
0.589091
0.591751
0.594349
0.596857
0.599235
0.601434
0.603391
0.605133
0.606473
0.607827
0.595815
0.599008
0.602115
0.605096
0.607903
0.610482
0.612764
0.614769
0.616293
0.617815
0.602951
0.606653
0.610249
0.613689
0.616917
0.619872
0.622476
0.624742
0.626452
0.628138
0.610543
0.614738
0.618807
0.622694
0.626336
0.629663
0.632588
0.635116
0.637014
0.638867
0.618621
0.623295
0.627826
0.632152
0.636202
0.639899
0.643144
0.645933
0.64802
0.650047
0.627193
0.632336
0.637321
0.64208
0.646535
0.6506
0.654166
0.657218
0.659497
0.661706
0.636249
0.641854
0.647287
0.652475
0.657333
0.661766
0.665655
0.668973
0.67145
0.67385
0.64576
0.651819
0.657695
0.663308
0.668569
0.673372
0.677589
0.68118
0.683861
0.686463
0.655672
0.662179
0.668493
0.67453
0.680193
0.685369
0.689921
0.693793
0.69669
0.699506
0.665916
0.672867
0.679614
0.68607
0.692131
0.697681
0.702576
0.70674
0.709869
0.712914
0.676402
0.683789
0.690964
0.69783
0.704281
0.710201
0.715445
0.719916
0.723297
0.726586
0.687015
0.694822
0.702406
0.709664
0.716493
0.722781
0.728387
0.733184
0.736839
0.740383
0.697613
0.705818
0.713781
0.721399
0.728585
0.735237
0.74122
0.746361
0.750319
0.75412
0.708067
0.716632
0.724926
0.732867
0.740384
0.747378
0.753722
0.759205
0.763492
0.767526
0.718232
0.727118
0.735711
0.743937
0.751728
0.758994
0.765622
0.771389
0.775972
0.780141
0.727985
0.737169
0.746024
0.754475
0.762453
0.769869
0.776627
0.782516
0.787219
0.791241
0.73721
0.746668
0.755736
0.764331
0.772366
0.779754
0.786422
0.792175
0.796683
0.800173
0.745738
0.75545
0.764686
0.773327
0.781249
0.788361
0.794626
0.799888
0.803865
0.80672
0.753415
0.763396
0.772772
0.781371
0.789008
0.795577
0.801024
0.805211
0.808094
0.810103
0.760202
0.770501
0.780035
0.788533
0.795769
0.801596
0.805742
0.808122
0.809345
0.810273
0.765635
0.776238
0.785939
0.794338
0.801136
0.806004
0.808476
0.809043
0.809127
0.809489
0.76806
0.778801
0.788657
0.797134
0.803604
0.807404
0.80872
0.808935
0.809053
0.809223
)
;

boundaryField
{
    inlet
    {
        type            zeroGradient;
    }
    outlet
    {
        type            fixedValue;
        value           uniform 0;
    }
    walls
    {
        type            zeroGradient;
    }
    baffle
    {
        type            zeroGradient;
    }
    front
    {
        type            empty;
    }
    back
    {
        type            empty;
    }
}


// ************************************************************************* //
