/*--------------------------------*- C++ -*----------------------------------*\
| =========                 |                                                 |
| \\      /  F ield         | OpenFOAM: The Open Source CFD Toolbox           |
|  \\    /   O peration     | Version:  v2012                                 |
|   \\  /    A nd           | Website:  www.openfoam.com                      |
|    \\/     M anipulation  |                                                 |
\*---------------------------------------------------------------------------*/
FoamFile
{
    version     2.0;
    format      ascii;
    class       volScalarField;
    location    "618";
    object      omega;
}
// * * * * * * * * * * * * * * * * * * * * * * * * * * * * * * * * * * * * * //

dimensions      [0 0 -1 0 0 0 0];


internalField   nonuniform List<scalar> 
6057
(
84.5079
87.4554
90.6714
94.1963
98.0796
102.383
107.183
112.579
118.697
125.705
133.824
143.363
154.75
168.608
185.864
207.959
237.229
277.664
336.503
427.845
38.1136
39.6402
41.3085
43.1395
45.1587
47.397
49.8922
52.6912
55.8518
59.447
63.5686
68.3338
73.8921
80.434
88.1994
97.4782
108.584
121.735
136.661
151.31
30.1215
31.4023
32.8021
34.3382
36.031
37.9056
39.9919
42.327
44.9562
47.9361
51.3377
55.2513
59.7932
65.1146
71.4163
78.9704
88.157
99.5346
113.992
133.145
27.549
28.7532
30.0701
31.5156
33.1092
34.8745
36.8401
39.0413
41.522
44.3371
47.5571
51.2728
55.6042
60.7123
66.8194
74.2405
83.4379
95.1179
110.412
131.227
26.664
27.8432
29.1334
30.5505
32.1138
33.8468
35.7781
37.9433
40.3868
43.165
46.3503
50.0375
54.3526
59.467
65.619
73.148
82.5519
94.5815
110.405
131.906
26.6664
27.8449
29.1346
30.5514
32.1144
33.8472
35.7784
37.9435
40.387
43.1651
46.3504
50.0375
54.3526
59.4671
65.619
73.148
82.5519
94.5815
110.405
131.906
27.5577
28.7591
30.074
31.5181
33.1109
34.8756
36.8409
39.0418
41.5223
44.3374
47.5572
51.2729
55.6042
60.7124
66.8195
74.2405
83.4379
95.1179
110.412
131.227
30.1432
31.416
32.8111
34.344
36.0349
37.9081
39.9937
42.3282
44.957
47.9366
51.338
55.2516
59.7933
65.1147
71.4164
78.9705
88.1571
99.5346
113.992
133.145
38.18
39.6753
41.3307
43.1532
45.1675
47.4028
49.8961
52.6937
55.8535
59.4481
63.5694
68.3344
73.8925
80.4343
88.1996
97.4783
108.584
121.735
136.661
151.31
84.459
87.4267
90.6522
94.1833
98.0706
102.377
107.179
112.576
118.695
125.703
133.823
143.362
154.75
168.608
185.864
207.959
237.229
277.664
336.503
427.845
50.5737
51.8181
53.0439
54.2588
55.4704
56.6865
57.915
59.1641
60.4424
61.7588
63.1226
64.5436
66.032
67.5985
69.2545
71.012
72.8838
74.884
77.0279
79.3328
81.8184
24.2916
24.368
24.494
24.6712
24.9009
25.1842
25.5221
25.9154
26.365
26.8719
27.4371
28.0617
28.747
29.4945
30.3059
31.1835
32.131
33.1521
34.2528
35.44
36.7229
18.0114
18.1089
18.2587
18.4582
18.7048
18.9966
19.3321
19.7102
20.1305
20.5929
21.0979
21.6463
22.2395
22.8792
23.5679
24.3084
25.1045
25.9614
26.8839
27.8789
28.9547
15.699
15.8613
16.0679
16.3153
16.6008
16.9221
17.278
17.6677
18.0909
18.548
19.04
19.5683
20.1349
20.742
21.3925
22.09
22.8388
23.6432
24.5088
25.4426
26.4527
14.7208
14.9366
15.1896
15.4766
15.7951
16.1433
16.5203
16.9256
17.3594
17.8226
18.3163
18.8424
19.4033
20.0015
20.6405
21.3241
22.0564
22.8426
23.6891
24.6024
25.5908
14.3631
14.6299
14.929
15.2574
15.6129
15.9941
16.4003
16.8314
17.2878
17.7705
18.281
18.8211
19.3932
20
20.6448
21.3306
22.0625
22.8473
23.693
24.606
25.5938
14.3995
14.7303
15.0904
15.4765
15.8864
16.319
16.7738
17.2514
17.7529
18.2803
18.8354
19.42
20.0363
20.6863
21.3699
22.0871
22.8393
23.6464
24.5156
25.4516
26.4625
14.7816
15.2107
15.6668
16.1447
16.6408
17.154
17.6838
18.2318
18.8021
19.4005
20.0341
20.71
21.435
22.2148
23.0511
23.9423
24.895
25.8587
26.8293
27.8596
28.9634
15.5444
16.1523
16.797
17.4703
18.1642
18.8719
19.5874
20.3066
21.028
21.7634
22.5312
23.3543
24.2644
25.3052
26.5337
27.9887
29.6599
31.4745
33.2696
34.8836
36.5019
16.6383
17.5166
18.4686
19.4932
20.5917
21.768
23.0281
24.3783
25.8241
27.3703
29.018
30.7636
32.5921
34.5415
36.9435
39.9931
43.8928
48.8592
55.0959
62.8629
72.645
14.3034
13.7218
12.7116
13.432
15.593
21.0859
25.5091
29.1273
32.0693
34.5275
36.6716
38.6133
40.4028
42.0731
43.6474
45.1425
46.5722
47.9475
49.2784
14.8082
10.0042
9.43752
13.564
19.1798
22.7579
24.4249
25.0295
25.2357
25.2368
25.1232
24.9765
24.8207
24.6691
24.531
24.4145
24.3267
24.2738
24.2609
17.7709
10.332
12.3445
16.5943
19.8273
21.2392
21.5439
21.3394
20.9436
20.4506
19.9413
19.4705
19.0566
18.7075
18.4261
18.2128
18.0667
17.9862
17.9687
21.1844
12.4125
14.5072
17.2357
18.82
19.259
19.106
18.6927
18.1646
17.5996
17.0696
16.6103
16.2326
15.9383
15.7249
15.588
15.5224
15.5227
15.5834
24.5625
14.1003
15.4498
16.8584
17.5262
17.5462
17.2479
16.8047
16.2955
15.7887
15.3398
14.9716
14.6889
14.4896
14.3688
14.3201
14.3371
14.4136
14.5434
27.5628
15.2114
15.7166
16.2494
16.3628
16.1939
15.8618
15.4498
15.0111
14.6006
14.256
13.9914
13.8079
13.702
13.6681
13.6999
13.7913
13.9361
14.1285
29.9103
15.8684
15.6402
15.6211
15.4298
15.154
14.8277
14.4689
14.1149
13.8055
13.5642
13.3987
13.3086
13.2902
13.3389
13.4494
13.6163
13.8341
14.097
31.5782
16.1938
15.4048
15.0496
14.6994
14.3681
14.0528
13.7525
13.4819
13.2663
13.1195
13.0455
13.0436
13.1116
13.2468
13.4459
13.7045
14.0176
14.379
32.9365
16.2858
15.1074
14.5546
14.1283
13.7751
13.473
13.2244
13.0289
12.8954
12.8319
12.841
12.9238
13.0812
13.3141
13.6225
14.0047
14.4567
14.9727
34.0547
16.239
14.799
14.1344
13.6761
13.3209
13.0397
12.8304
12.6974
12.6333
12.641
12.7246
12.8886
13.1391
13.482
13.922
14.4607
15.0963
15.8245
17.5339
18.527
19.5714
20.6627
21.7992
22.9825
24.2146
25.4969
26.8285
28.2023
29.5862
31.0202
32.557
34.2225
36.0102
37.8207
39.3785
39.9269
38.3672
34.8908
28.2485
17.4553
18.1988
18.8967
19.5334
20.0934
20.5611
20.9074
21.0907
21.0491
20.9555
20.8647
20.748
20.507
20.2223
19.9027
19.565
18.8511
17.4438
15.3938
12.6324
12.5273
16.1051
16.2784
16.285
16.1029
15.7136
15.1039
14.2804
13.3497
12.5964
11.9513
11.4235
10.9411
10.5086
10.1469
9.86537
9.65151
9.44093
9.21473
9.14306
9.2839
11.1363
13.6183
13.0693
12.2877
11.3113
10.2204
9.13816
8.20994
7.60228
7.19844
6.94015
6.79525
6.7358
6.75623
6.86984
7.06377
7.34201
7.71995
8.21199
8.84534
9.72582
11.887
10.5761
9.51119
8.37173
7.29529
6.41272
5.79408
5.4658
5.32089
5.29054
5.33594
5.4421
5.60258
5.81623
6.09046
6.42951
6.84755
7.37101
8.03926
8.91914
10.1976
12.7563
7.82721
6.74276
5.82748
5.15653
4.73897
4.54499
4.50845
4.54904
4.64378
4.77926
4.95212
5.16309
5.41575
5.71778
6.08285
6.53298
7.10485
7.86121
8.9113
10.5081
13.6003
5.88946
5.08934
4.53426
4.21191
4.06757
4.04774
4.10264
4.19795
4.32389
4.47746
4.6594
4.87259
5.12254
5.41904
5.77965
6.23247
6.82294
7.6329
8.81089
10.6812
14.3941
4.71414
4.20019
3.90297
3.76948
3.74354
3.78424
3.86554
3.97284
4.10243
4.25441
4.43061
4.63459
4.87247
5.15495
5.50103
5.94329
6.53514
7.37366
8.64335
10.7501
15.1358
4.02757
3.71582
3.56605
3.52218
3.54326
3.60426
3.69191
3.7994
3.92585
4.07204
4.24001
4.43325
4.65781
4.92445
5.25269
5.67735
6.25819
7.10521
8.43544
10.7447
15.8298
3.61657
3.43066
3.35842
3.3561
3.39617
3.46377
3.55178
3.65714
3.77968
3.92035
4.08097
4.26467
4.47705
4.72849
5.03838
5.4421
6.00347
6.84331
8.20826
10.6881
16.4823
3.35608
3.24375
3.21247
3.23004
3.27815
3.34769
3.43497
3.53832
3.65786
3.79441
3.94945
4.12557
4.3277
4.56553
4.85778
5.23956
5.77669
6.59811
7.97707
10.5975
17.099
3.17798
3.10899
3.10004
3.12766
3.17933
3.24953
3.33619
3.43828
3.55601
3.69001
3.84135
4.01201
4.20613
4.43244
4.70859
5.06884
5.57965
6.37549
7.75239
10.4858
17.6852
3.04756
3.00472
3.00847
3.04135
3.09478
3.16532
3.25168
3.35325
3.47025
3.60311
3.75252
3.91979
4.10821
4.32538
4.58755
4.92771
5.41201
6.17829
7.54112
10.3623
18.2456
2.94681
2.92019
2.9313
2.96702
3.02138
3.09209
3.1784
3.27998
3.39708
3.53
3.67903
3.84489
4.02992
4.2404
4.49105
4.81325
5.27219
6.00736
7.34757
10.234
18.7846
2.86599
2.84956
2.86492
2.90215
2.95687
3.02756
3.11388
3.21576
3.33355
3.46745
3.61747
3.78373
3.96754
4.17382
4.41554
4.72234
5.15798
5.86226
7.17419
10.1064
19.306
2.79942
2.78942
2.80721
2.84501
2.89955
2.96993
3.05615
3.15843
3.27727
3.41287
3.56501
3.73324
3.91789
4.12235
4.35777
4.65191
5.06691
5.7418
7.02216
9.98327
19.8132
2.74384
2.73783
2.75675
2.79435
2.84819
2.91788
3.00376
3.10637
3.22643
3.36422
3.51939
3.69097
3.87826
4.08313
4.31481
4.59913
4.99646
5.64441
6.89186
9.86775
20.3098
2.69723
2.69348
2.71253
2.74926
2.80189
2.87045
2.95568
3.05846
3.17977
3.32007
3.47893
3.65496
3.84648
4.05379
4.28416
4.56146
4.94429
5.56836
6.78317
9.76222
20.7988
2.65822
2.65545
2.67384
2.70909
2.76
2.82703
2.91127
3.014
3.1365
3.27947
3.4425
3.62383
3.82089
4.03241
4.26371
4.53669
4.90825
5.51196
6.69569
9.66862
21.2834
2.62578
2.62302
2.6401
2.67337
2.7221
2.78722
2.87017
2.97262
3.09622
3.24192
3.4094
3.59666
3.80028
4.01754
4.25178
4.52299
4.88647
5.47362
6.62891
9.58863
21.7667
2.59907
2.59562
2.61088
2.64175
2.68795
2.75085
2.83228
2.93428
3.05886
3.20728
3.37937
3.57294
3.78389
4.00811
4.24704
4.51884
4.87738
5.45194
6.58236
9.524
22.2519
2.57743
2.57278
2.5859
2.61407
2.65743
2.71796
2.79771
2.89915
3.02463
3.17572
3.35247
3.55259
3.77138
4.0035
4.24858
4.5231
4.87973
5.44575
6.55562
9.47677
22.7425
2.56045
2.55432
2.56506
2.59036
2.63073
2.68875
2.76675
2.86758
2.99392
3.14766
3.32905
3.5358
3.76274
4.00341
4.25583
4.53498
4.89257
5.45411
6.5484
9.44926
23.2423
2.54807
2.54026
2.54856
2.57085
2.60821
2.6636
2.73982
2.84006
2.96729
3.12369
3.30973
3.52311
3.7583
4.00792
4.26856
4.554
4.91528
5.47638
6.5606
9.44417
23.7559
2.5403
2.53068
2.53659
2.55593
2.59016
2.64293
2.71741
2.81718
2.94545
3.1046
3.2953
3.51527
3.75868
4.0174
4.28688
4.58002
4.94757
5.5122
6.59236
9.46437
24.2883
2.53711
2.52553
2.52907
2.54567
2.57693
2.62707
2.70002
2.7996
2.92917
3.0913
3.28677
3.51328
3.76477
4.03255
4.3112
4.61324
4.98947
5.56151
6.64414
9.51519
24.846
2.53834
2.52466
2.52579
2.53972
2.56839
2.61632
2.68811
2.78801
2.91939
3.08491
3.28538
3.5184
3.77772
4.05432
4.34226
4.65422
5.04136
5.62458
6.71666
9.60644
25.4371
2.54374
2.52782
2.52652
2.53789
2.56434
2.61079
2.68225
2.78329
2.91723
3.08675
3.29255
3.53209
3.79894
4.08397
4.38112
4.70387
5.10406
5.70146
6.80517
9.72074
26.0482
2.55307
2.53483
2.53119
2.54028
2.56512
2.61099
2.68334
2.78664
2.92413
3.09841
3.31
3.55606
3.82977
4.12205
4.42809
4.76192
5.17604
5.78911
6.90687
9.84787
26.6703
2.56626
2.54573
2.54003
2.54753
2.57177
2.61813
2.69214
2.79847
2.94031
3.12006
3.33793
3.59069
3.87132
4.1709
4.48549
4.83047
5.25937
5.88945
7.02242
9.98504
27.3058
2.58357
2.56094
2.55362
2.56009
2.58446
2.63218
2.70909
2.81973
2.96717
3.15352
3.37852
3.63846
3.92604
4.2326
4.55527
4.91131
5.3557
6.00421
7.1535
10.1336
27.9523
2.6059
2.58111
2.57245
2.57855
2.604
2.65434
2.73564
2.85211
3.00666
3.20094
3.43406
3.70169
3.99623
4.30934
4.63954
5.00646
5.46683
6.13506
7.30191
10.2961
28.609
2.63378
2.60692
2.59735
2.60395
2.63169
2.68624
2.77367
2.89773
3.0611
3.26477
3.50705
3.78288
4.08432
4.40348
4.74059
5.11813
5.59483
6.28376
7.46902
10.4731
29.2752
2.66801
2.6393
2.62947
2.6377
2.66931
2.72997
2.82545
2.95912
3.13316
3.34775
3.60023
3.88471
4.19291
4.51756
4.86092
5.24877
5.74191
6.45228
7.65659
10.6657
29.9476
2.70963
2.67945
2.67027
2.68165
2.71902
2.78792
2.89364
3.03912
3.22581
3.45287
3.71652
4.00999
4.32472
4.6542
5.00314
5.40095
5.9104
6.64259
7.86625
10.8743
30.6206
2.75992
2.72884
2.72152
2.73822
2.78322
2.86275
2.98121
3.14089
3.34228
3.58331
3.85899
4.16163
4.48249
4.81608
5.16993
5.57727
6.10255
6.85657
8.09928
11.0988
31.2853
2.82036
2.78916
2.7852
2.80925
2.86456
2.95752
3.09149
3.26789
3.48598
3.74234
4.03068
4.34247
4.66891
5.0058
5.36387
5.78019
6.32041
7.09566
8.35629
11.3379
31.9289
2.89323
2.86252
2.86368
2.89745
2.96629
3.07577
3.22815
3.42374
3.66039
3.93316
4.23453
4.55518
4.88644
5.22573
5.58734
6.01185
6.56555
7.36048
8.63671
11.589
32.5349
2.9811
2.95211
2.95965
3.0064
3.09214
3.22132
3.39501
3.6121
3.86883
4.15876
4.47317
4.80207
5.13718
5.4779
5.84228
6.27381
6.83878
7.65049
8.93827
11.8464
33.0824
3.08621
3.06102
3.0775
3.1399
3.24603
3.39816
3.5959
3.83646
4.11439
4.42178
4.74882
5.085
5.42271
5.76381
6.12999
6.56684
7.14004
7.96917
9.25927
12.0878
33.5421
3.21091
3.19226
3.2225
3.30282
3.43212
3.6104
3.83467
4.10025
4.39997
4.72458
5.06331
5.40535
5.74411
6.0844
6.45108
6.89075
7.47022
8.31539
9.58729
12.3009
33.876
3.35765
3.34888
3.39816
3.49998
3.65521
3.86241
4.11539
4.40699
4.72848
5.06941
5.41829
5.76418
6.10207
6.44033
6.80478
7.24373
7.82841
8.68145
9.91369
12.5097
34.1017
3.52912
3.53429
3.60675
3.73576
3.92125
4.15952
4.44274
4.76072
5.10318
5.45872
5.81549
6.16261
6.4975
6.83279
7.19118
7.62465
8.20885
9.05002
10.2191
12.6948
34.1751
3.7287
3.75434
3.85578
4.01706
4.23692
4.50884
4.82242
5.16619
5.52783
5.89535
6.25708
6.60235
6.93273
7.25642
7.60749
8.03001
8.59873
9.39604
10.4731
12.814
34.1095
3.96108
4.02096
4.15407
4.35192
4.60998
4.91772
5.26169
5.62882
6.00674
6.38271
6.74618
7.08696
7.41331
7.72301
8.05473
8.45215
8.977
9.68605
10.6399
12.851
33.9233
4.2311
4.33134
4.50703
4.74869
5.04921
5.39401
5.76735
6.15498
6.54441
6.92518
7.28803
7.62371
7.93423
8.22875
8.52636
8.87181
9.30799
9.87923
10.6845
12.7959
33.6234
4.55168
4.70182
4.92828
5.22015
5.56574
5.94651
6.34572
6.74964
7.14698
7.52962
7.89221
8.22475
8.51945
8.77565
9.00486
9.25175
9.54165
9.92879
10.5721
12.614
33.143
4.94273
5.15085
5.43546
5.78213
6.17213
6.58438
7.0032
7.41787
7.8215
8.20864
8.57628
8.89986
9.161
9.33805
9.446
9.52659
9.60883
9.7855
10.247
12.3212
32.4356
5.40988
5.695
6.04796
6.45143
6.88089
7.31616
7.74669
8.16879
8.583
8.98497
9.35683
9.65976
9.83675
9.86052
9.76131
9.59354
9.43256
9.42097
9.7878
11.9425
31.4786
5.99609
6.3661
6.79123
7.24603
7.70308
8.14971
8.5868
9.0227
9.46311
9.89
10.2595
10.4772
10.4654
10.2227
9.81071
9.3469
8.97516
8.82112
9.25668
11.5363
30.3418
6.72931
7.19539
7.69016
8.17983
8.64661
9.09594
9.54774
10.0217
10.508
10.9591
11.246
11.2434
10.8878
10.2408
9.46807
8.7633
8.2929
8.15836
8.72698
11.1519
29.0579
7.65974
8.21946
8.76263
9.25905
9.72105
10.1826
10.6858
11.2298
11.7722
12.1469
12.1773
11.735
10.8568
9.76568
8.72821
7.91596
7.44231
7.47456
8.23369
10.807
27.6497
8.82685
9.45715
10.0088
10.4876
10.9572
11.4831
12.087
12.7266
13.2079
13.2726
12.7189
11.5851
10.1704
8.81343
7.69664
6.91255
6.56568
6.86429
7.839
10.5521
26.1036
10.2531
10.8993
11.4205
11.9004
12.4467
13.1188
13.866
14.4633
14.5459
13.8109
12.3433
10.5796
8.94164
7.58692
6.56605
5.97206
5.91939
6.4955
7.70481
10.7509
24.6311
11.9022
12.5053
13.0337
13.6216
14.37
15.2552
15.9527
15.9897
14.9437
13.0156
10.8975
9.05347
7.58162
6.48344
5.72891
5.46913
5.7344
6.47751
7.90837
11.2635
23.1807
13.6846
14.309
15.0529
15.9207
16.9888
17.729
17.515
15.9312
13.3617
10.9545
9.06882
7.64184
6.67561
6.02327
5.64044
5.61296
6.00699
6.868
8.49274
11.9785
21.6845
15.626
16.623
17.9479
19.1559
19.726
18.8217
16.1943
13.015
10.458
8.85076
7.94325
7.25455
6.69504
6.30021
6.13019
6.26269
6.74708
7.70636
9.44183
12.7624
20.0745
18.3165
20.1353
21.8104
21.5018
19.0737
14.7911
11.1476
9.45055
8.7722
8.42683
8.10034
7.71638
7.35221
7.11011
7.08587
7.34551
7.91648
8.93005
10.62
13.4268
18.2358
23.1323
24.5191
23.3828
16.3481
11.787
9.54522
8.67134
8.70652
9.07762
9.34965
9.40065
9.25998
9.0182
8.79379
8.73074
8.99765
9.5864
10.5188
11.9006
13.7791
15.9327
33.67
19.7349
19.138
18.2027
16.4495
14.1178
12.1855
11.8889
12.5304
13.4263
14.3312
15.1875
15.9942
16.7728
17.5613
18.4185
19.191
19.6976
19.6689
18.5798
13.4112
35.0019
16.1244
14.4887
13.7611
13.2939
12.9493
12.6931
12.522
12.4346
12.4275
12.496
12.6459
12.8863
13.2282
13.6808
14.2483
14.9283
15.712
16.5856
35.7639
15.9867
14.2038
13.4455
12.9812
12.6521
12.4193
12.2775
12.2228
12.2515
12.3622
12.5596
12.8556
13.2611
13.7798
14.4039
15.1132
15.8791
16.6697
36.393
15.8436
13.9432
13.1725
12.7169
12.4033
12.189
12.0659
12.0293
12.0752
12.205
12.4248
12.7431
13.1621
13.6681
14.2294
14.8006
15.3324
15.7791
36.9243
15.7034
13.7018
12.9285
12.4833
12.1827
11.9794
11.863
11.8293
11.8751
12.0022
12.2159
12.5154
12.8831
13.2787
13.6426
13.9096
14.0213
13.9336
37.3757
15.569
13.4742
12.7025
12.2675
11.9755
11.7746
11.6532
11.6088
11.6393
11.7455
11.9254
12.1615
12.4095
12.6006
12.6575
12.513
12.1239
11.4731
37.7307
15.4288
13.2544
12.4873
12.0608
11.7716
11.5648
11.4289
11.3636
11.3678
11.4383
11.5597
11.6904
11.7591
11.6802
11.38
10.8188
9.99689
8.96467
38.0019
15.2866
13.0406
12.2781
11.8571
11.5651
11.3458
11.189
11.0974
11.0692
11.093
11.1342
11.1252
10.9763
10.6061
9.97345
9.0903
8.02813
6.91176
38.198
15.145
12.8313
12.0718
11.6529
11.3537
11.1178
10.9376
10.8186
10.756
10.7251
10.6685
10.4973
10.1202
9.48465
8.60249
7.55095
6.46143
5.4796
38.3265
15.0047
12.6259
11.8669
11.4473
11.1379
10.8841
10.6816
10.5378
10.4412
10.3496
10.1829
9.84131
9.25169
8.41045
7.38761
6.31328
5.33436
4.56061
38.3947
14.8663
12.4246
11.6634
11.2407
10.9202
10.6497
10.4291
10.2652
10.1361
9.97932
9.69589
9.18947
8.42308
7.44807
6.3839
5.38139
4.56273
3.97797
38.4098
14.7301
12.2274
11.4617
11.0347
10.7037
10.4201
10.1873
10.009
9.849
9.62361
9.22276
8.56756
7.66905
6.62728
5.59113
4.70212
4.03654
3.60097
38.3786
14.5969
12.0349
11.2629
10.8314
10.4921
10.2004
9.96226
9.7749
9.58492
9.28888
8.77484
7.99404
7.00734
5.94994
4.97986
4.20995
3.6737
3.34784
38.3072
14.467
11.8475
11.0681
10.6326
10.2884
9.99468
9.758
9.56607
9.34621
8.97894
8.36009
7.47947
6.44105
5.40194
4.51299
3.85048
3.41707
3.16898
38.2015
14.3409
11.6659
10.8784
10.4404
10.0951
9.80563
9.57668
9.38349
9.13352
8.69602
7.9827
7.02661
5.96451
4.96323
4.15535
3.58441
3.23028
3.03653
38.067
14.2187
11.4906
10.6948
10.256
9.9142
9.63481
9.41887
9.22683
8.94726
8.44004
7.64193
6.63363
5.56797
4.61377
3.87903
3.38405
3.09008
2.93452
37.9084
14.1007
11.322
10.518
10.0807
9.74654
9.48269
9.28393
9.09484
8.78565
8.20822
7.33815
6.2973
5.24042
4.33476
3.66486
3.23141
2.98221
2.85371
37.73
13.9869
11.1604
10.3487
9.915
9.59256
9.34886
9.17069
8.98556
8.64541
8.00095
7.07137
6.01039
4.97137
4.11229
3.49819
3.11354
2.89774
2.78851
37.5355
13.8774
11.0058
10.1871
9.75919
9.45209
9.23224
9.07687
8.89632
8.5243
7.81757
6.83873
5.76692
4.75168
3.93492
3.36759
3.0217
2.83092
2.73548
37.328
13.772
10.8583
10.0333
9.61322
9.32453
9.13127
8.99991
8.82437
8.42046
7.65671
6.6373
5.56176
4.57357
3.79334
3.26474
2.94993
2.77795
2.69233
37.1102
13.6706
10.7179
9.88737
9.4768
9.20891
9.04417
8.93761
8.76696
8.33208
7.51687
6.4643
5.39001
4.42938
3.68135
3.18467
2.89412
2.73618
2.65743
36.8846
13.573
10.5842
9.74899
9.34944
9.10411
8.969
8.88777
8.72182
8.2576
7.39657
6.31732
5.24756
4.31322
3.59416
3.12337
2.85125
2.70359
2.62949
36.653
13.4791
10.4571
9.61792
9.23055
9.00893
8.90385
8.84822
8.68701
8.19527
7.29417
6.19574
5.13086
4.22014
3.52758
3.07761
2.81907
2.67861
2.60752
36.4169
13.3885
10.3363
9.49378
9.11945
8.92214
8.84696
8.81701
8.66087
8.14388
7.20883
6.09724
5.03758
4.14798
3.47859
3.04439
2.79551
2.66008
2.59076
36.1778
13.301
10.2212
9.37618
9.01543
8.84255
8.79676
8.79244
8.64201
8.10267
7.13979
6.01957
4.96616
4.09448
3.44358
3.02153
2.77971
2.64763
2.57912
35.9366
13.2163
10.1119
9.26467
8.9178
8.76908
8.75188
8.77306
8.62924
8.07096
7.08611
5.96083
4.91421
4.05731
3.42093
3.00803
2.77114
2.64105
2.57253
35.6942
13.1343
10.0078
9.15883
8.82588
8.70072
8.71111
8.75759
8.62155
8.0481
7.04674
5.91934
4.87966
4.03469
3.40944
3.00318
2.76938
2.64009
2.57088
35.451
13.0548
9.90853
9.05823
8.73901
8.63659
8.67338
8.74493
8.61803
8.03343
7.02063
5.89351
4.86076
4.02524
3.40822
3.00637
2.77405
2.64451
2.57398
35.2075
12.9772
9.81387
8.96246
8.6566
8.57592
8.63786
8.73411
8.61787
8.02635
7.00673
5.88194
4.85604
4.02785
3.41655
3.0171
2.78479
2.65401
2.58156
34.9646
12.9015
9.72345
8.87112
8.57812
8.51801
8.60381
8.7243
8.62034
8.02622
7.00407
5.88337
4.86424
4.04167
3.43387
3.03501
2.8013
2.66834
2.59338
34.7226
12.8277
9.63698
8.78388
8.5031
8.4623
8.57059
8.71478
8.62477
8.03241
7.01173
5.89666
4.88433
4.06598
3.45979
3.0598
2.8234
2.68733
2.60927
34.4815
12.756
9.5542
8.70042
8.43113
8.40832
8.53766
8.70486
8.63046
8.04431
7.02893
5.92085
4.91543
4.10025
3.49401
3.0913
2.85102
2.71103
2.62927
34.2412
12.6863
9.47486
8.62049
8.36204
8.35602
8.50472
8.69324
8.63564
8.06156
7.05572
5.95521
4.95692
4.14414
3.53629
3.1292
2.88439
2.74004
2.6546
34.0064
12.6258
9.40097
8.54469
8.29591
8.30519
8.4714
8.67926
8.63856
8.08054
7.09014
5.99992
5.0089
4.1978
3.58807
3.17662
2.92571
2.77569
2.68575
33.7767
12.575
9.33227
8.47278
8.23246
8.25552
8.43737
8.66263
8.63896
8.1009
7.13043
6.05257
5.07086
4.26223
3.65045
3.23359
2.97529
2.81852
2.7234
33.5511
12.5325
9.26853
8.40453
8.17144
8.20676
8.40241
8.64309
8.63662
8.12214
7.17601
6.11239
5.14198
4.33686
3.72315
3.30027
3.03364
2.86926
2.76849
33.3289
12.4971
9.20956
8.33976
8.11264
8.15872
8.36631
8.6205
8.6313
8.14294
7.22541
6.17963
5.22162
4.42114
3.80598
3.3769
3.1014
2.92887
2.82216
33.1093
12.4679
9.15525
8.27833
8.05588
8.11123
8.32897
8.59477
8.62283
8.16287
7.27784
6.25342
5.30911
4.51457
3.89876
3.46382
3.17937
2.99853
2.88585
32.8919
12.444
9.10542
8.22012
8.00103
8.06418
8.29028
8.56588
8.61106
8.18149
7.33263
6.33297
5.40382
4.61664
4.00132
3.56139
3.26846
3.0796
2.9613
32.6759
12.4248
9.05991
8.16504
7.94799
8.01746
8.25026
8.53389
8.59589
8.19843
7.38923
6.41772
5.50509
4.72686
4.11347
3.66998
3.36962
3.17362
3.05054
32.461
12.4102
9.01853
8.113
7.89668
7.97105
8.20895
8.4989
8.57729
8.21332
7.44707
6.5074
5.61237
4.84496
4.23516
3.78999
3.48388
3.28203
3.15576
32.2467
12.3996
8.98114
8.06393
7.84706
7.92492
8.16641
8.46109
8.55528
8.22581
7.50475
6.60131
5.72541
4.97056
4.36701
3.92195
3.61227
3.40673
3.2787
32.0326
12.3927
8.94758
8.01774
7.79911
7.87911
8.12277
8.42065
8.52995
8.23558
7.56102
6.698
5.84475
5.10333
4.50888
4.06668
3.75589
3.54885
3.4212
31.8182
12.3889
8.91771
7.97438
7.75282
7.83369
8.07817
8.37787
8.50147
8.24239
7.61537
6.79511
5.96912
5.24423
4.66108
4.2243
3.91553
3.7095
3.58514
31.6033
12.3879
8.89134
7.9338
7.7082
7.78874
8.03281
8.33307
8.47007
8.24612
7.66736
6.89199
6.09715
5.39252
4.8237
4.39546
4.09141
3.88994
3.77262
31.3875
12.389
8.86829
7.89593
7.6653
7.74439
7.98692
8.28666
8.43612
8.24677
7.71667
6.98806
6.228
5.54815
4.99664
4.58009
4.28448
4.09176
3.98632
31.1705
12.3918
8.84834
7.86073
7.62415
7.70078
7.94079
8.23907
8.40007
8.24453
7.76315
7.08293
6.36115
5.71028
5.18032
4.77873
4.4961
4.31723
4.22982
30.9523
12.3956
8.83122
7.8281
7.58482
7.65811
7.89472
8.19083
8.3625
8.23976
7.80688
7.17648
6.49723
5.87944
5.37446
4.99272
4.72851
4.57
4.50933
30.7324
12.3998
8.81662
7.79795
7.54734
7.61655
7.84908
8.14253
8.32414
8.23308
7.84822
7.26897
6.6359
6.05662
5.58078
5.22454
4.98556
4.85609
4.83477
30.511
12.4037
8.80417
7.77015
7.51176
7.57631
7.80426
8.09482
8.28583
8.22531
7.88789
7.36186
6.77917
6.24251
5.80194
5.47831
5.27353
5.18538
5.22204
30.2878
12.4063
8.79345
7.74454
7.47811
7.53757
7.76063
8.04839
8.24852
8.21753
7.92703
7.45614
6.92928
6.44016
6.04225
5.7605
5.60247
5.57533
5.71624
30.0628
12.4069
8.78394
7.7209
7.44636
7.5005
7.71861
8.00399
8.21328
8.21107
7.96755
7.55491
7.08894
6.65406
6.30813
6.08089
5.98788
6.05106
6.32728
29.8362
12.4044
8.77507
7.69897
7.41648
7.46522
7.67865
7.96242
8.18122
8.20747
8.0116
7.66246
7.26216
6.89037
6.60886
6.4542
6.45615
6.68187
7.12142
29.608
12.3979
8.76619
7.67842
7.38836
7.43182
7.64115
7.92438
8.15348
8.20842
8.06132
7.78191
7.45468
7.15796
6.95753
6.90231
7.04614
7.50689
8.15334
29.3785
12.3862
8.75661
7.65886
7.36183
7.40035
7.60642
7.89052
8.13117
8.21576
8.12081
7.91695
7.67278
7.46683
7.37259
7.46001
7.85394
8.60549
9.4766
29.1479
12.3684
8.74554
7.63984
7.33666
7.37079
7.57466
7.86137
8.11523
8.23121
8.1946
8.07202
7.92355
7.8296
7.87788
8.17216
8.94613
10.0513
11.1001
28.9166
12.3433
8.73223
7.62084
7.31252
7.34302
7.54596
7.83723
8.10636
8.25599
8.28422
8.25116
8.21446
8.26158
8.5051
9.11546
10.366
11.8438
12.9217
28.6851
12.3101
8.71589
7.60131
7.28906
7.31682
7.52025
7.81818
8.10488
8.29083
8.39035
8.45712
8.5523
8.77874
9.29017
10.4073
12.1741
13.8442
14.722
28.4538
12.2679
8.69578
7.58071
7.26584
7.2919
7.49728
7.80399
8.11063
8.33569
8.51242
8.69029
8.9403
9.389
10.2366
11.8941
14.1834
15.6615
16.2969
28.2234
12.2159
8.67127
7.55849
7.24242
7.26786
7.47664
7.79408
8.12288
8.38954
8.6479
8.94684
9.3721
10.0786
11.3141
13.5091
16.036
16.9662
17.9522
27.9947
12.1532
8.64192
7.53428
7.21846
7.24437
7.45779
7.78753
8.14002
8.44964
8.79072
9.21523
9.82335
10.795
12.4293
14.9766
17.3335
17.9148
19.7524
27.8155
12.0972
8.61492
7.51322
7.19852
7.22551
7.44345
7.78401
8.15656
8.50184
8.90971
9.43658
10.1896
11.3617
13.2935
15.9139
18.176
18.9298
21.8849
27.6381
12.0364
8.58473
7.49056
7.17789
7.2066
7.42961
7.78145
8.17425
8.55446
9.02478
9.64299
10.5073
11.7872
13.7625
16.1728
18.5058
18.9122
17.8033
27.4626
11.9705
8.5511
7.4659
7.15608
7.18709
7.41564
7.77915
8.19235
8.60668
9.13407
9.82709
10.7551
12.0247
13.7655
15.8771
17.8408
17.8873
18.3745
18.6732
17.6569
17.3058
17.2753
17.3698
17.519
17.6808
17.8341
17.9672
18.0725
18.1442
18.176
18.1597
18.0822
17.9202
17.6283
17.1187
16.2524
14.9283
12.6229
6.01487
7.2782
6.61282
6.53527
6.55309
6.60469
6.66951
6.74715
6.8394
6.94877
7.07803
7.23043
7.41013
7.6224
7.87367
8.1711
8.5203
8.91643
9.31838
9.60786
9.55639
8.56191
5.37946
5.06907
4.99683
5.00486
5.05858
5.13912
5.24254
5.36818
5.51707
5.69129
5.89394
6.12947
6.40424
6.72749
7.11271
7.57904
8.1505
8.84782
9.66492
10.5202
10.6433
4.66139
4.44357
4.38096
4.3898
4.43974
4.51523
4.61482
4.73737
4.88329
5.0543
5.25347
5.4856
5.75796
6.08173
6.47407
6.96136
7.58276
8.39239
9.46983
10.8592
12.1282
4.17991
4.02242
3.96914
3.97421
4.01544
4.08285
4.17239
4.28462
4.41982
4.57953
4.76673
4.9863
5.24588
5.55748
5.94024
6.42485
7.06029
7.92831
9.1594
10.905
13.2587
3.84027
3.70173
3.64875
3.64623
3.67749
3.73623
3.81645
3.91896
4.04391
4.19262
4.36791
4.57451
4.81998
5.11644
5.48354
5.95377
6.58249
7.4693
8.77392
10.7919
14.1654
3.57019
3.44221
3.38832
3.37862
3.40218
3.45343
3.52666
3.62174
3.73856
3.87821
4.04323
4.23806
4.46996
4.75075
5.09994
5.55047
6.16134
7.03698
8.37593
10.5974
14.9288
3.35051
3.2298
3.17485
3.16022
3.17833
3.22419
3.29264
3.38234
3.49296
3.62534
3.78172
3.96619
4.18561
4.45134
4.78241
5.21188
5.79865
6.65465
8.00568
10.3803
15.5929
3.17197
3.05711
3.00082
2.98315
2.9977
3.03968
3.10549
3.1914
3.29729
3.4238
3.57291
3.74835
3.95651
4.2082
4.52195
4.93019
5.49248
6.32495
7.67461
10.1652
16.1815
3.02776
2.91684
2.85976
2.84095
2.85389
2.8938
2.95734
3.04046
3.14266
3.26439
3.40735
3.57491
3.773
4.01185
4.30932
4.69738
5.23572
6.04341
7.38391
9.96287
16.7107
2.91117
2.8028
2.74625
2.72768
2.74031
2.77921
2.84106
2.92206
3.02131
3.13907
3.2768
3.43752
3.62666
3.85386
4.1363
4.50542
5.02086
5.80385
7.1307
9.77737
17.192
2.81734
2.71083
2.65566
2.63821
2.65126
2.68978
2.75043
2.82975
2.92657
3.04099
3.17426
3.32906
3.51033
3.72705
3.99573
4.34722
4.8411
5.60016
6.91083
9.60947
17.634
2.74247
2.63737
2.58403
2.56814
2.582
2.62045
2.68019
2.75807
2.8528
2.96436
3.09383
3.24356
3.41799
3.6254
3.88156
4.21678
4.69054
5.42683
6.72006
9.4586
18.0432
2.68344
2.57939
2.528
2.5138
2.52854
2.56701
2.62592
2.70245
2.79527
2.90434
3.03059
3.17606
3.34464
3.54389
3.78878
4.10907
4.56418
5.27908
6.55449
9.32362
18.4249
2.63789
2.5345
2.48484
2.47213
2.48761
2.52598
2.58399
2.65913
2.75012
2.85696
2.98047
3.12242
3.28615
3.47838
3.71322
4.01989
4.45786
5.15289
6.41067
9.20326
18.7836
2.60404
2.5007
2.45226
2.44065
2.45655
2.49454
2.55146
2.62504
2.71419
2.81896
2.94015
3.07927
3.23911
3.42547
3.65149
3.94585
4.36813
5.04487
6.28565
9.09626
19.1226
2.58043
2.47634
2.42842
2.41734
2.43319
2.47045
2.52598
2.5978
2.68501
2.78777
2.90695
3.04387
3.20074
3.38238
3.60081
3.88414
4.29218
4.9522
6.17689
9.00145
19.4452
2.56566
2.45997
2.41179
2.40057
2.41585
2.45195
2.50578
2.57557
2.66064
2.76137
2.87874
3.014
3.16878
3.34684
3.55893
3.83251
4.22771
4.87256
6.08224
8.91779
19.7541
2.55857
2.45043
2.40115
2.38906
2.40321
2.43772
2.48951
2.55698
2.63967
2.73825
2.8539
2.98787
3.14138
3.31702
3.52405
3.78916
4.17285
4.804
5.99985
8.84432
20.0516
2.55812
2.44674
2.39547
2.38183
2.39432
2.42684
2.47624
2.54105
2.62108
2.7173
2.83117
2.96407
3.11704
3.29151
3.49481
3.75264
4.12605
4.74484
5.92809
8.78016
20.3398
2.56339
2.44809
2.39398
2.37818
2.38854
2.41866
2.46531
2.52713
2.60419
2.69773
2.80955
2.94141
3.09437
3.26888
3.46994
3.72167
4.08588
4.69357
5.86551
8.72449
20.6209
2.57331
2.45398
2.3963
2.37773
2.38543
2.41277
2.45635
2.51488
2.58856
2.67897
2.78835
2.9193
3.07267
3.24738
3.4473
3.69466
4.05099
4.64883
5.8108
8.67649
20.8966
2.58701
2.46412
2.40242
2.38025
2.38486
2.40909
2.4493
2.50415
2.57397
2.66067
2.76747
2.89725
3.0505
3.22561
3.42524
3.67001
4.0203
4.60944
5.76284
8.63543
21.1688
2.60467
2.4782
2.41201
2.38579
2.3869
2.40768
2.4441
2.49476
2.5602
2.64286
2.74635
2.87404
3.02685
3.20275
3.40296
3.64673
3.99279
4.57449
5.72071
8.60071
21.4393
2.62674
2.49604
2.42504
2.39433
2.39139
2.40819
2.44035
2.4863
2.54678
2.62465
2.72408
2.84911
3.00122
3.17829
3.38016
3.62429
3.96762
4.54335
5.68374
8.5719
21.7098
2.65352
2.51791
2.44151
2.40567
2.39795
2.41001
2.43718
2.47781
2.53286
2.60553
2.70051
2.82245
2.97358
3.1521
3.35661
3.60242
3.94442
4.51563
5.65148
8.54884
21.982
2.68584
2.54419
2.46153
2.41968
2.40623
2.41265
2.43412
2.46901
2.51842
2.58577
2.67608
2.79456
2.94434
3.12429
3.33218
3.58089
3.92297
4.49112
5.62371
8.5316
22.2579
2.72344
2.57555
2.48567
2.43661
2.41633
2.41622
2.43144
2.46037
2.50409
2.56609
2.65159
2.76625
2.91412
3.09518
3.30685
3.55948
3.90308
4.46973
5.60031
8.52057
22.5394
2.76522
2.61097
2.51335
2.45636
2.42847
2.42126
2.42981
2.45264
2.4907
2.54736
2.62792
2.73839
2.88368
3.06522
3.28072
3.53796
3.88457
4.45147
5.58126
8.51637
22.8287
2.80977
2.64955
2.54406
2.47865
2.44263
2.42794
2.42975
2.44657
2.47919
2.53073
2.60621
2.71192
2.85384
3.03496
3.25398
3.5163
3.86729
4.43621
5.56661
8.51979
23.1283
2.85635
2.69028
2.57718
2.50328
2.45892
2.43662
2.43169
2.44261
2.46993
2.51644
2.58697
2.68794
2.8261
3.00584
3.22698
3.49473
3.85125
4.42364
5.5565
8.53235
23.441
2.90557
2.73302
2.61229
2.53017
2.47764
2.44784
2.4363
2.44141
2.46347
2.50496
2.57049
2.66652
2.80041
2.97803
3.20094
3.47413
3.837
4.41384
5.55119
8.55571
23.7703
2.95788
2.77888
2.65028
2.55984
2.49923
2.46214
2.44421
2.4436
2.46041
2.4968
2.55719
2.64802
2.77716
2.9518
3.17556
3.45384
3.82352
4.40585
5.54911
8.58729
24.112
3.01323
2.82817
2.69191
2.59327
2.52461
2.48015
2.45582
2.44955
2.46112
2.49235
2.54745
2.63288
2.75682
2.92766
3.15119
3.43392
3.81069
4.39906
5.54862
8.62014
24.4611
3.07146
2.88095
2.73742
2.63082
2.55422
2.50241
2.47153
2.45949
2.46581
2.49188
2.54163
2.62148
2.73989
2.9062
3.12836
3.41469
3.79859
4.39351
5.5498
8.65415
24.8184
3.1323
2.93719
2.78695
2.67275
2.58838
2.52919
2.49169
2.47371
2.47473
2.49565
2.54006
2.61428
2.72691
2.88805
3.10769
3.39656
3.78743
4.38937
5.55294
8.68959
25.1852
3.1954
2.99672
2.84052
2.71926
2.62741
2.56089
2.51663
2.49257
2.48821
2.50404
2.54317
2.61175
2.71843
2.87386
3.08987
3.38004
3.77746
4.38686
5.5585
8.72678
25.5625
3.26036
3.05929
2.89807
2.77044
2.67157
2.5979
2.54685
2.51657
2.50677
2.51754
2.55151
2.61445
2.71504
2.8643
3.07563
3.36577
3.76899
4.38629
5.56704
8.76615
25.9515
3.32667
3.12453
2.9594
2.82628
2.72104
2.64061
2.58287
2.54629
2.53095
2.53671
2.56566
2.62295
2.71731
2.86001
3.06577
3.35448
3.76239
4.38803
5.57928
8.80817
26.3531
3.3938
3.19199
3.02419
2.88662
2.77585
2.68925
2.62514
2.5823
2.56136
2.5621
2.58603
2.63783
2.72581
2.86164
3.06109
3.34698
3.75806
4.39243
5.59613
8.85335
26.7686
3.46115
3.26111
3.092
2.95114
2.83584
2.74388
2.67393
2.62518
2.59854
2.59413
2.61318
2.65967
2.74111
2.86981
3.06239
3.34428
3.7572
4.40032
5.61742
8.90215
27.1992
3.52812
3.33126
3.16224
3.01937
2.90066
2.80431
2.72933
2.67544
2.64294
2.63329
2.64751
2.68868
2.76373
2.88519
3.07051
3.34744
3.7611
4.41256
5.64309
8.9552
27.6464
3.59412
3.40176
3.23424
3.09069
2.96979
2.87014
2.791
2.73236
2.69451
2.67977
2.68918
2.72519
2.79413
2.90835
3.08627
3.35758
3.77092
4.4299
5.67351
9.01342
28.1115
3.65857
3.47194
3.30727
3.16438
3.04253
2.94075
2.85848
2.79589
2.75327
2.73372
2.73843
2.76951
2.83259
2.93976
3.11049
3.37593
3.78789
4.45296
5.7089
9.07802
28.5961
3.72096
3.5411
3.38055
3.2396
3.11807
3.01535
2.93111
2.86557
2.81905
2.79515
2.79537
2.82166
2.87906
2.9798
3.14401
3.40375
3.81327
4.48212
5.74922
9.15061
29.1021
3.78081
3.60861
3.45328
3.3155
3.1955
3.09304
3.008
2.9407
2.89157
2.86389
2.85986
2.88142
2.93354
3.02881
3.1876
3.44224
3.84829
4.51749
5.79402
9.23352
29.6329
3.83781
3.67382
3.52469
3.39119
3.27386
3.17282
3.08815
3.02034
2.97041
2.93941
2.93145
2.9485
2.99604
3.08712
3.24183
3.49224
3.8942
4.5607
5.84453
9.32531
30.194
3.89199
3.73644
3.59402
3.46582
3.35223
3.25368
3.17048
3.10323
3.05298
3.02021
3.00927
3.02243
3.06659
3.15493
3.30692
3.55414
3.95214
4.61581
5.90506
9.41855
30.7923
3.94319
3.7966
3.66119
3.53872
3.42979
3.33471
3.25399
3.18834
3.13881
3.1057
3.09274
3.10316
3.14539
3.23225
3.38276
3.62789
4.02265
4.68426
5.97666
9.51122
31.4311
3.99151
3.85425
3.72638
3.60983
3.50598
3.41516
3.3378
3.27472
3.22704
3.19575
3.18128
3.19032
3.23203
3.3187
3.46896
3.71331
4.1061
4.76717
6.05997
9.60069
32.1118
4.03724
3.90945
3.78964
3.67949
3.58073
3.49459
3.4213
3.36158
3.31649
3.28695
3.27294
3.28276
3.32563
3.41348
3.56482
3.81003
4.20291
4.86559
6.15529
9.68274
32.8312
4.08089
3.9625
3.85099
3.74789
3.65465
3.57299
3.50417
3.44837
3.40648
3.37951
3.36918
3.38092
3.42587
3.5159
3.66966
3.91774
4.31373
4.98084
6.26396
9.75139
33.5709
4.12331
4.01403
3.91083
3.81509
3.7281
3.65127
3.58646
3.53493
3.49668
3.47258
3.46642
3.48317
3.5315
3.62499
3.78282
4.03633
4.43968
5.11588
6.38794
9.78246
34.2699
4.1657
4.06505
3.96991
3.88155
3.80116
3.72998
3.6695
3.62156
3.58715
3.56669
3.56501
3.58792
3.64204
3.7401
3.90388
4.16578
4.58197
5.27763
6.55839
9.87084
34.9931
4.20972
4.117
4.02945
3.94821
3.87441
3.80918
3.75378
3.70961
3.67826
3.66203
3.66479
3.69258
3.75398
3.86135
4.03422
4.30757
4.74207
5.4704
6.78765
10.0529
35.799
4.25762
4.1719
4.0912
4.01654
3.94896
3.88953
3.83935
3.79958
3.7715
3.75888
3.76566
3.79765
3.86393
3.97853
4.16407
4.45903
4.9307
5.7193
7.12004
10.3895
36.8763
4.31235
4.23244
4.15757
4.08864
4.02657
3.97237
3.927
3.89152
3.86732
3.85787
3.86779
3.90307
3.97297
4.09233
4.28551
4.59454
5.09469
5.94216
7.47472
10.9089
38.6391
4.37775
4.30219
4.23185
4.16746
4.10983
4.05988
4.01845
3.98644
3.96566
3.95913
3.97122
4.00848
4.08034
4.20219
4.39986
4.71895
5.24353
6.14754
7.84088
11.6333
40.2975
4.45883
4.38583
4.31838
4.25702
4.20244
4.15541
4.11668
4.08708
4.06854
4.06381
4.07703
4.11449
4.18593
4.30691
4.50412
4.82623
5.36467
6.32179
8.11758
12.3236
42.3729
4.56173
4.48922
4.42272
4.36259
4.30934
4.2636
4.22602
4.19746
4.17957
4.17494
4.18747
4.22306
4.29098
4.40655
4.59599
4.90949
5.43978
6.44078
8.31558
15.0571
44.6143
27.2439
11.8792
8.50398
7.43223
7.1272
7.16186
7.39772
7.77575
8.21362
8.66697
9.25227
10.0043
10.9361
12.0503
13.2989
14.891
15.6588
15.3909
16.1719
27.0294
11.7779
8.45143
7.39528
7.09615
7.13513
7.37853
7.77078
8.23225
8.72052
9.34684
10.1176
10.9775
11.8205
12.4241
12.6045
11.7355
10.0416
8.53399
26.8198
11.6684
8.39387
7.35529
7.06305
7.10692
7.35781
7.76352
8.24683
8.76428
9.41138
10.1607
10.8944
11.4273
11.3781
10.4268
9.18327
7.67236
6.35305
26.6158
11.5522
8.33183
7.31244
7.02796
7.0772
7.33538
7.75356
8.25665
8.79666
9.44352
10.1364
10.71
10.9103
10.3597
8.96398
7.25473
6.04213
5.193
26.4179
11.4302
8.26593
7.267
6.99101
7.046
7.31115
7.74069
8.2612
8.81638
9.44232
10.0507
10.4428
10.3364
9.46752
7.99318
6.2938
5.17016
4.52916
26.2264
11.3037
8.19677
7.21932
6.95236
7.01342
7.28514
7.72484
8.26003
8.82223
9.40827
9.91345
10.1147
9.76448
8.75017
7.29471
5.68746
4.67158
4.1281
26.0418
11.1741
8.12497
7.16976
6.91224
6.97949
7.25752
7.70618
8.25269
8.81333
9.34421
9.73123
9.75853
9.23536
8.16925
6.75823
5.26704
4.3159
3.82497
25.8641
11.0428
8.05118
7.11868
6.87089
6.94436
7.2285
7.68479
8.23875
8.78912
9.25482
9.51743
9.40039
8.7618
7.68381
6.3288
4.95456
4.04772
3.58546
25.6935
10.9112
7.97607
7.06643
6.82855
6.90821
7.19825
7.66068
8.21799
8.75031
9.14295
9.28645
9.05555
8.34418
7.27233
5.97481
4.70932
3.83939
3.39364
25.53
10.78
7.90026
7.01338
6.78546
6.87124
7.16691
7.63393
8.19087
8.69594
9.01329
9.05052
8.73071
7.98166
6.92267
5.68093
4.51065
3.67518
3.23991
25.3736
10.6504
7.82431
6.95984
6.74182
6.83364
7.13464
7.60477
8.15658
8.62721
8.87129
8.8201
8.43086
7.66559
6.62444
5.43401
4.34325
3.54473
3.11711
25.2241
10.5231
7.74873
6.90613
6.69785
6.79556
7.10147
7.57331
8.11462
8.54636
8.72204
8.59866
8.15664
7.38663
6.36728
5.22445
4.20284
3.44136
3.01965
25.0813
10.399
7.67396
6.85253
6.65374
6.75714
7.06754
7.539
8.06552
8.45575
8.56955
8.3876
7.90715
7.13877
6.14446
5.04767
4.08556
3.35898
2.94307
24.9451
10.2786
7.60035
6.79927
6.60965
6.71852
7.03259
7.50175
8.00971
8.35759
8.4171
8.18817
7.68029
6.91728
5.951
4.89969
3.98782
3.29313
2.88382
24.815
10.1629
7.52828
6.74655
6.56573
6.67972
6.99649
7.46146
7.94782
8.25395
8.26699
8.00037
7.47346
6.7194
5.78288
4.77547
3.90708
3.24197
2.83913
24.6907
10.0523
7.45797
6.69457
6.52209
6.64073
6.95908
7.41788
7.88081
8.14701
8.12042
7.82412
7.28501
6.54249
5.63661
4.67126
3.84127
3.20351
2.80689
24.5719
9.94721
7.38965
6.64345
6.47881
6.60161
6.92035
7.37087
7.80945
8.03872
7.97828
7.65911
7.11325
6.38438
5.50947
4.58412
3.78858
3.17592
2.78542
24.4581
9.84797
7.32352
6.59332
6.43598
6.56239
6.88046
7.32069
7.73428
7.9301
7.84117
7.50491
6.95668
6.24316
5.39908
4.51169
3.74742
3.15761
2.77328
24.3488
9.75496
7.25974
6.54427
6.39364
6.52304
6.83936
7.26775
7.65601
7.82185
7.70945
7.361
6.81394
6.11707
5.30348
4.45204
3.71634
3.14718
2.76901
24.2437
9.66846
7.19845
6.49639
6.35184
6.48355
6.79699
7.21225
7.57549
7.71452
7.58331
7.22678
6.68381
6.00454
5.22092
4.40364
3.69408
3.1434
2.77131
24.1421
9.58871
7.13979
6.44975
6.31058
6.44385
6.75331
7.15439
7.49328
7.60841
7.46303
7.10177
6.56525
5.90421
5.14992
4.36541
3.67966
3.14513
2.77894
24.0437
9.51591
7.08387
6.40439
6.26987
6.40392
6.7083
7.09438
7.40985
7.50391
7.34793
6.98594
6.45748
5.81492
5.08919
4.33628
3.67318
3.15168
2.79032
23.9478
9.45023
7.03082
6.36037
6.2297
6.36369
6.66195
7.03243
7.32559
7.40125
7.23736
6.87835
6.36036
5.73592
5.0377
4.31532
3.67381
3.16354
2.80543
23.8541
9.39184
6.98076
6.31774
6.19008
6.32313
6.61427
6.96874
7.24084
7.30056
7.13117
6.77681
6.27326
5.66727
4.99489
4.30186
3.68085
3.18092
2.82491
23.7618
9.34091
6.93383
6.27655
6.15098
6.28218
6.56527
6.90351
7.15584
7.20193
7.02914
6.68095
6.19291
5.60778
4.96128
4.29571
3.69407
3.20359
2.84946
23.6706
9.29762
6.89018
6.23686
6.1124
6.24083
6.51501
6.83693
7.0708
7.10537
6.93107
6.5904
6.11894
5.55403
4.93344
4.29772
3.71439
3.23182
2.87924
23.5799
9.26213
6.84997
6.19873
6.07435
6.19905
6.46352
6.76915
6.98588
7.01083
6.83669
6.50476
6.05086
5.50565
4.90965
4.30344
3.73986
3.26671
2.91542
23.4891
9.23453
6.81342
6.16225
6.03682
6.15684
6.41088
6.70034
6.90118
6.91824
6.74575
6.42352
5.98695
5.46276
4.89112
4.3123
3.76848
3.30536
2.95651
23.3977
9.21474
6.78074
6.12753
5.99985
6.11421
6.35715
6.63064
6.81677
6.82748
6.65794
6.34624
5.92698
5.42509
4.87727
4.32365
3.79925
3.34666
3.00118
23.3051
9.2029
6.75213
6.09469
5.9635
6.07119
6.30243
6.56016
6.7327
6.73843
6.57297
6.27247
5.87066
5.39204
4.86756
4.33703
3.83162
3.39029
3.04838
23.2108
9.19936
6.72785
6.06389
5.92782
6.02786
6.24682
6.48904
6.64899
6.65093
6.49053
6.20183
5.81754
5.36183
4.86165
4.35265
3.86565
3.43681
3.09814
23.1141
9.20441
6.7082
6.03529
5.89294
5.98429
6.19043
6.41739
6.56567
6.56485
6.41032
6.13392
5.76717
5.33376
4.85805
4.37058
3.90185
3.48585
3.15074
23.0144
9.21832
6.69354
6.00913
5.85897
5.94059
6.1334
6.34534
6.48273
6.48002
6.33207
6.06835
5.71913
5.30747
4.85563
4.39029
3.94026
3.53701
3.20594
22.911
9.2414
6.68429
5.98566
5.82609
5.89692
6.0759
6.27301
6.40019
6.39631
6.25549
6.00476
5.67302
5.28262
4.85409
4.41107
3.98009
3.58981
3.26348
22.8034
9.27401
6.68094
5.96522
5.79452
5.85346
6.0181
6.20056
6.31809
6.31359
6.18033
5.94283
5.62848
5.25887
4.85313
4.43236
4.02063
3.64374
3.32299
22.6906
9.31659
6.68404
5.9482
5.76455
5.81045
5.96023
6.12814
6.23646
6.23175
6.10635
5.88222
5.58515
5.2359
4.85241
4.45368
4.06129
3.69824
3.38405
22.5721
9.36958
6.69427
5.93509
5.73651
5.76817
5.90256
6.05596
6.15537
6.15072
6.03335
5.82265
5.5427
5.2134
4.85162
4.47458
4.10152
3.7528
3.44617
22.447
9.43352
6.71239
5.92646
5.71083
5.72698
5.84539
5.98425
6.07495
6.07045
5.96116
5.76385
5.50084
5.19105
4.85044
4.49468
4.14085
3.8069
3.50884
22.3144
9.50899
6.73928
5.92299
5.68802
5.68731
5.78908
5.9133
5.99533
5.99096
5.88964
5.7056
5.45928
5.1686
4.84859
4.51362
4.17885
3.86004
3.57155
22.1734
9.59666
6.77597
5.9255
5.66871
5.64967
5.7341
5.84345
5.91674
5.91231
5.81874
5.64773
5.41781
5.14577
4.84581
4.5311
4.21515
3.91177
3.63374
22.0231
9.69729
6.82367
5.93498
5.65365
5.61467
5.68094
5.77512
5.83947
5.83465
5.74844
5.59012
5.37621
5.12235
4.84186
4.54687
4.24944
3.96167
3.6949
21.8623
9.81172
6.88375
5.95259
5.64374
5.58305
5.63024
5.70881
5.76388
5.75819
5.67881
5.5327
5.33436
5.09816
4.83655
4.56071
4.28144
4.00937
3.75452
21.6898
9.9409
6.95783
5.97972
5.64008
5.5557
5.58273
5.64512
5.69043
5.68325
5.61003
5.47552
5.29219
5.07308
4.82974
4.57245
4.31093
4.05454
3.81214
21.5043
10.0859
7.0478
6.01802
5.64397
5.53367
5.53929
5.58479
5.6197
5.61026
5.54236
5.41869
5.2497
5.04705
4.82133
4.58198
4.33775
4.09693
3.86734
21.3044
10.2481
7.15588
6.0695
5.65699
5.51823
5.50095
5.52866
5.55239
5.53976
5.4762
5.36246
5.20703
5.02011
4.8113
4.58923
4.36179
4.13634
3.9198
21.0883
10.4288
7.28465
6.13652
5.68105
5.51089
5.46897
5.47777
5.48936
5.47246
5.41208
5.3072
5.16438
4.99237
4.79971
4.59422
4.38301
4.17264
3.96924
20.8541
10.6298
7.43715
6.22195
5.71843
5.51346
5.4448
5.43334
5.43164
5.40923
5.3507
5.25345
5.12215
4.96408
4.78672
4.59705
4.40146
4.2058
4.01555
20.5996
10.853
7.617
6.32923
5.77194
5.52816
5.43023
5.39683
5.38045
5.3511
5.29295
5.20189
5.08087
4.93564
4.77262
4.59794
4.41729
4.23591
4.05875
20.3221
11.1008
7.82841
6.4625
5.84497
5.55768
5.42739
5.36998
5.33726
5.29933
5.23989
5.15345
5.04126
4.90763
4.75786
4.59723
4.4308
4.26332
4.09899
20.0183
11.3761
8.07635
6.62676
5.94166
5.60527
5.43887
5.35488
5.30381
5.25545
5.19286
5.10925
5.00428
4.88083
4.74308
4.59549
4.44259
4.28842
4.13639
19.6844
11.6821
8.36659
6.8279
6.06702
5.67495
5.46785
5.35409
5.28223
5.22126
5.15344
5.07069
4.97113
4.85627
4.72919
4.59364
4.45341
4.31167
4.17141
19.3153
12.0227
8.70555
7.07293
6.22713
5.7716
5.51821
5.3707
5.27506
5.19895
5.12357
5.03948
4.94334
4.83531
4.7175
4.59286
4.46415
4.33387
4.20473
18.9031
12.4007
9.0998
7.36964
6.4294
5.90131
5.59473
5.40854
5.28544
5.19119
5.10558
5.01772
4.92279
4.81975
4.70975
4.59461
4.47603
4.35618
4.23736
18.4342
12.8187
9.55446
7.72604
6.68241
6.07158
5.70343
5.47237
5.31725
5.20126
5.10235
5.00798
4.9119
4.81194
4.70811
4.60063
4.49076
4.38016
4.27069
17.8929
13.278
10.0742
8.14947
6.99468
6.29066
5.85147
5.5681
5.37533
5.23324
5.11744
5.0135
4.91377
4.81503
4.71503
4.61335
4.51057
4.40783
4.30657
17.2562
13.7656
10.6562
8.64291
7.37266
6.5664
6.04651
5.70254
5.46556
5.2922
5.15531
5.03847
4.9328
4.83235
4.7338
4.63584
4.53833
4.44187
4.34746
16.4847
14.2635
11.2875
9.20137
7.81748
6.90387
6.29542
5.88282
5.5946
5.38415
5.22154
5.08867
4.97359
4.86839
4.76863
4.67203
4.57773
4.48571
4.39655
15.5176
14.7556
11.9567
9.81527
8.32501
7.30416
6.60279
6.11525
5.76927
5.51595
5.32342
5.17049
5.04209
4.92878
4.82481
4.72691
4.63344
4.54377
4.45797
14.2606
15.1945
12.6514
10.4784
8.89145
7.76631
6.97095
6.40471
5.99608
5.69547
5.46908
5.29144
5.14559
5.02044
4.90894
4.80675
4.71141
4.62165
4.53702
12.6297
15.4175
13.3338
11.1838
9.51612
8.29086
7.40152
6.75472
6.28077
5.93085
5.66624
5.45962
5.2922
5.15134
5.0287
4.91893
4.81871
4.72611
4.64016
56.0333
47.4026
29.0089
28.7887
31.7566
35.2562
39.7868
43.2232
45.9048
48.0466
49.6754
51.0022
51.3895
51.1799
50.7917
50.236
49.6812
49.1752
48.7864
48.5566
33.4849
38.1352
45.654
52.3024
58.1517
62.8926
65.7737
66.5892
65.8481
64.2837
62.3086
60.0788
57.7352
55.4734
53.2715
51.1556
49.13
47.1401
45.304
43.3213
21.938
25.2976
27.7647
29.7323
31.619
33.3708
34.8924
36.4338
37.6351
38.1184
38.0362
37.5487
36.8364
35.9631
35.0126
34.0159
32.9982
31.9682
30.9612
29.9305
13.6709
16.2641
17.9959
19.102
19.7482
19.9839
19.8955
19.555
19.2821
19.1
18.9687
18.8615
18.7656
18.6728
18.5657
18.4321
18.2729
18.0873
17.8784
17.6463
9.17898
10.5976
11.7023
12.4589
12.914
13.1159
13.1183
12.9759
12.7833
12.5858
12.3896
12.201
12.0246
11.8628
11.7151
11.5796
11.4541
11.3354
11.2224
11.1126
7.19907
7.83253
8.37793
8.78377
9.05234
9.19818
9.24286
9.21117
9.13647
9.05059
8.9602
8.8699
8.78258
8.69966
8.62152
8.54789
8.47845
8.4123
8.35006
8.29013
6.51475
6.76474
6.98516
7.15936
7.27831
7.34782
7.37618
7.37335
7.35054
7.32789
7.30724
7.28938
7.27439
7.26185
7.25112
7.2415
7.23254
7.22348
7.21536
7.20533
6.74109
6.83142
6.90821
6.97083
7.013
7.03922
7.05417
7.06234
7.068
7.08757
7.11952
7.16191
7.2122
7.26743
7.32489
7.3824
7.43852
7.49201
7.54322
7.588
9.08747
9.14481
9.20862
9.26813
9.33282
9.40405
9.48334
9.56611
9.66506
9.81565
10.0033
10.2112
10.4247
10.6345
10.8354
11.0237
11.1966
11.3534
11.4862
11.6014
31.6851
32.2205
32.7453
33.2429
33.7046
34.1262
34.5061
34.8454
35.1471
35.4172
35.654
35.8569
36.0265
36.1643
36.2722
36.3522
36.4065
36.4374
36.4476
36.4357
4.68917
4.615
4.54744
4.48662
4.43285
4.3866
4.34841
4.31916
4.30011
4.29359
4.30316
4.33422
4.39523
4.5003
4.67366
4.96261
5.45449
6.40372
8.21611
14.3658
33.3416
4.85261
4.77427
4.70325
4.63943
4.58294
4.53405
4.49315
4.46105
4.43889
4.42843
4.43272
4.45652
4.50723
4.59694
4.74642
4.99393
5.41549
6.18239
7.69824
11.6348
23.9979
5.06554
4.98026
4.90313
4.83378
4.7721
4.71815
4.67215
4.63466
4.60706
4.5903
4.58678
4.60038
4.63722
4.70701
4.82606
5.02127
5.34744
5.89376
6.91535
9.06866
15.6176
5.34407
5.24873
5.16245
5.0846
5.01482
4.95297
4.89906
4.85333
4.81691
4.79107
4.77708
4.77777
4.79775
4.84433
4.92928
5.07057
5.30042
5.66786
6.2803
7.41396
10.249
5.71128
5.60226
5.50321
5.41332
5.33197
5.25881
5.19362
5.13643
5.08761
5.04868
5.02084
5.0059
5.00655
5.02805
5.07832
5.16924
5.31858
5.55454
5.91596
6.5062
7.65225
6.20806
6.08045
5.96391
5.85739
5.76006
5.67135
5.5908
5.51819
5.45355
5.39738
5.35132
5.3167
5.29548
5.29072
5.30711
5.35259
5.43742
5.57632
5.78496
6.09131
6.5712
6.92384
6.76968
6.62855
6.49905
6.38006
6.27065
6.17009
6.07782
5.99348
5.91707
5.84903
5.79063
5.74421
5.71131
5.6948
5.69914
5.72981
5.79497
5.90186
6.05509
6.2637
8.10177
7.91414
7.74288
7.58616
7.44236
7.31004
7.18797
7.07507
6.97045
6.87344
6.78374
6.70152
6.62763
6.56458
6.51582
6.48248
6.46637
6.47318
6.50685
6.56576
6.64716
10.706
10.5375
10.3837
10.243
10.1139
9.99485
9.88428
9.78074
9.68282
9.58926
9.49898
9.4113
9.32619
9.24464
9.16883
9.10411
9.05762
9.03188
9.0275
9.03177
9.05069
28.4682
28.4477
28.4256
28.4045
28.3867
28.3745
28.37
28.3756
28.3938
28.4278
28.481
28.5578
28.663
28.8023
28.9825
29.2103
29.4914
29.8307
30.2296
30.6759
31.1634
10.5263
15.212
13.8853
11.8745
10.1611
8.84921
7.87164
7.1477
6.61287
6.21381
5.91014
5.67281
5.4815
5.32228
5.18575
5.06563
4.95784
4.85983
4.7701
7.98704
14.3067
14.1593
12.5193
10.8383
9.46448
8.40546
7.60746
7.01047
6.5608
6.21634
5.94603
5.72805
5.54739
5.39373
5.26003
5.14153
5.03508
4.93871
7.35605
12.0917
13.763
12.9303
11.477
10.1126
9.00173
8.13962
7.48263
6.98233
6.59623
6.29141
6.04464
5.83999
5.66635
5.51603
5.3837
5.26573
5.15969
6.70678
8.45926
12.1998
12.741
11.8927
10.7179
9.63287
8.73961
8.03629
7.49009
7.06328
6.7234
6.44643
6.21578
6.01985
5.85017
5.70101
5.56834
5.44941
6.51906
6.11404
9.70726
11.6376
11.8045
11.1405
10.2491
9.40379
8.68912
8.11024
7.64559
7.26953
6.96009
6.70062
6.47944
6.28726
6.11789
5.96696
5.83146
6.84455
5.52994
7.31864
9.82229
11.0783
11.2264
10.7833
10.1402
9.49108
8.90954
8.41305
7.99647
7.64704
7.35096
7.09695
6.87584
6.6803
6.50554
6.34814
7.35137
5.67974
5.74002
8.00658
9.94679
10.9664
11.1911
10.9498
10.4984
9.98598
9.48864
9.0379
8.64103
8.29467
7.99218
7.72755
7.49285
7.28249
7.0928
7.98924
6.61136
6.16375
7.02269
8.99933
10.5204
11.3895
11.6902
11.6155
11.3262
10.9407
10.5283
10.1237
9.74375
9.39562
9.08069
8.79642
8.53978
8.30795
8.29751
8.37348
8.22137
7.94832
9.16727
10.7488
11.9189
12.6532
13.0181
13.0518
12.8981
12.6578
12.38
12.0953
11.823
11.5653
11.3216
11.0965
10.8904
9.28854
12.0351
14.2737
16.5192
19.1524
21.6019
23.5727
25.3468
26.4058
27.1572
27.6448
27.945
28.1376
28.2712
28.3731
28.444
28.4796
28.4903
28.484
)
;

boundaryField
{
    inlet
    {
        type            fixedValue;
        value           uniform 156.809;
    }
    outlet
    {
        type            zeroGradient;
    }
    walls
    {
        blending        binomial2;
        n               2;
        beta1           0.075;
        type            omegaWallFunction;
        value           nonuniform List<scalar> 
423
(
84.5079
87.4554
90.6714
94.1963
98.0796
102.383
107.183
112.579
118.697
125.705
133.824
143.363
154.75
168.608
185.864
207.959
237.229
277.664
336.503
427.845
50.5737
51.8181
53.0439
54.2588
55.4704
56.6865
57.915
59.1641
60.4424
61.7588
63.1226
64.5436
66.032
67.5985
69.2545
71.012
72.8838
74.884
77.0279
79.3328
81.8184
14.3034
13.7218
12.7116
13.432
15.593
21.0859
25.5091
29.1273
32.0693
34.5275
36.6716
38.6133
40.4028
42.0731
43.6474
45.1425
46.5722
47.9475
49.2784
14.3034
14.8082
17.7709
21.1844
24.5625
27.5628
29.9103
31.5782
32.9365
34.0547
35.0019
35.7639
36.393
36.9243
37.3757
37.7307
38.0019
38.198
38.3265
38.3947
38.4098
38.3786
38.3072
38.2015
38.067
37.9084
37.73
37.5355
37.328
37.1102
36.8846
36.653
36.4169
36.1778
35.9366
35.6942
35.451
35.2075
34.9646
34.7226
34.4815
34.2412
34.0064
33.7767
33.5511
33.3289
33.1093
32.8919
32.6759
32.461
32.2467
32.0326
31.8182
31.6033
31.3875
31.1705
30.9523
30.7324
30.511
30.2878
30.0628
29.8362
29.608
29.3785
29.1479
28.9166
28.6851
28.4538
28.2234
27.9947
27.8155
27.6381
27.4626
27.2439
27.0294
26.8198
26.6158
26.4179
26.2264
26.0418
25.8641
25.6935
25.53
25.3736
25.2241
25.0813
24.9451
24.815
24.6907
24.5719
24.4581
24.3488
24.2437
24.1421
24.0437
23.9478
23.8541
23.7618
23.6706
23.5799
23.4891
23.3977
23.3051
23.2108
23.1141
23.0144
22.911
22.8034
22.6906
22.5721
22.447
22.3144
22.1734
22.0231
21.8623
21.6898
21.5043
21.3044
21.0883
20.8541
20.5996
20.3221
20.0183
19.6844
19.3153
18.9031
18.4342
17.8929
17.2562
16.4847
15.5176
14.2606
12.6297
10.5263
7.98704
7.35605
6.70678
6.51906
6.84455
7.35137
7.98924
8.29751
9.28854
9.28854
12.0351
14.2737
16.5192
19.1524
21.6019
23.5727
25.3468
26.4058
27.1572
27.6448
27.945
28.1376
28.2712
28.3731
28.444
28.4796
28.4903
28.484
28.4682
28.4477
28.4256
28.4045
28.3867
28.3745
28.37
28.3756
28.3938
28.4278
28.481
28.5578
28.663
28.8023
28.9825
29.2103
29.4914
29.8307
30.2296
30.6759
31.1634
31.6851
32.2205
32.7453
33.2429
33.7046
34.1262
34.5061
34.8454
35.1471
35.4172
35.654
35.8569
36.0265
36.1643
36.2722
36.3522
36.4065
36.4374
36.4476
36.4357
56.0333
47.4026
29.0089
28.7887
31.7566
35.2562
39.7868
43.2232
45.9048
48.0466
49.6754
51.0022
51.3895
51.1799
50.7917
50.236
49.6812
49.1752
48.7864
48.5566
6.01487
8.56191
10.6433
12.1282
13.2587
14.1654
14.9288
15.5929
16.1815
16.7107
17.192
17.634
18.0432
18.4249
18.7836
19.1226
19.4452
19.7541
20.0516
20.3398
20.6209
20.8966
21.1688
21.4393
21.7098
21.982
22.2579
22.5394
22.8287
23.1283
23.441
23.7703
24.112
24.4611
24.8184
25.1852
25.5625
25.9515
26.3531
26.7686
27.1992
27.6464
28.1115
28.5961
29.1021
29.6329
30.194
30.7923
31.4311
32.1118
32.8312
33.5709
34.2699
34.9931
35.799
36.8763
38.6391
40.2975
42.3729
44.6143
28.2485
12.5273
11.1363
11.887
12.7563
13.6003
14.3941
15.1358
15.8298
16.4823
17.099
17.6852
18.2456
18.7846
19.306
19.8132
20.3098
20.7988
21.2834
21.7667
22.2519
22.7425
23.2423
23.7559
24.2883
24.846
25.4371
26.0482
26.6703
27.3058
27.9523
28.609
29.2752
29.9476
30.6206
31.2853
31.9289
32.5349
33.0824
33.5421
33.876
34.1017
34.1751
34.1095
33.9233
33.6234
33.143
32.4356
31.4786
30.3418
29.0579
27.6497
26.1036
24.6311
23.1807
21.6845
20.0745
18.2358
15.9327
13.4112
84.459
87.4267
90.6522
94.1833
98.0706
102.377
107.179
112.576
118.695
125.703
133.823
143.362
154.75
168.608
185.864
207.959
237.229
277.664
336.503
427.845
)
;
    }
    baffle
    {
        blending        binomial2;
        n               2;
        beta1           0.075;
        type            omegaWallFunction;
        value           nonuniform List<scalar> 
45
(
18.6732
17.6569
17.3058
17.2753
17.3698
17.519
17.6808
17.8341
17.9672
18.0725
18.1442
18.176
18.1597
18.0822
17.9202
17.6283
17.1187
16.2524
14.9283
12.6229
6.01487
21.8849
17.8033
18.3745
33.67
19.7349
19.138
18.2027
16.4495
14.1178
12.1855
11.8889
12.5304
13.4263
14.3312
15.1875
15.9942
16.7728
17.5613
18.4185
19.191
19.6976
19.6689
18.5798
13.4112
)
;
    }
    frontAndBack
    {
        type            empty;
    }
}


// ************************************************************************* //
