/*--------------------------------*- C++ -*----------------------------------*\
| =========                 |                                                 |
| \\      /  F ield         | OpenFOAM: The Open Source CFD Toolbox           |
|  \\    /   O peration     | Version:  v2012                                 |
|   \\  /    A nd           | Website:  www.openfoam.com                      |
|    \\/     M anipulation  |                                                 |
\*---------------------------------------------------------------------------*/
FoamFile
{
    version     2.0;
    format      ascii;
    class       volScalarField;
    location    "503";
    object      age;
}
// * * * * * * * * * * * * * * * * * * * * * * * * * * * * * * * * * * * * * //

dimensions      [0 0 1 0 0 0 0];


internalField   nonuniform List<scalar> 
6556
(
0.0125016
0.0124997
0.0124998
0.0124998
0.0124999
0.0124999
0.0124998
0.0124998
0.0124997
0.0125016
0.0375087
0.0374976
0.0374977
0.037498
0.0374982
0.0374982
0.037498
0.0374977
0.0374976
0.0375087
0.0625255
0.0624947
0.062493
0.0624933
0.0624936
0.0624936
0.0624933
0.062493
0.0624947
0.0625255
0.0875527
0.0874917
0.0874855
0.087485
0.0874852
0.0874852
0.087485
0.0874855
0.0874917
0.0875527
0.11259
0.112489
0.112475
0.112473
0.112473
0.112473
0.112473
0.112475
0.112489
0.11259
0.137637
0.137487
0.137463
0.137457
0.137456
0.137456
0.137457
0.137463
0.137487
0.137637
0.162694
0.162486
0.162448
0.162438
0.162435
0.162435
0.162438
0.162448
0.162486
0.162694
0.187759
0.187485
0.187432
0.187415
0.18741
0.18741
0.187415
0.187431
0.187485
0.187759
0.212832
0.212485
0.212413
0.21239
0.212382
0.212382
0.212389
0.212413
0.212485
0.212832
0.237914
0.237486
0.237393
0.237361
0.23735
0.23735
0.237361
0.237392
0.237485
0.237913
0.263003
0.262487
0.26237
0.26233
0.262315
0.262315
0.262329
0.262369
0.262486
0.263001
0.288099
0.287488
0.287347
0.287296
0.287277
0.287276
0.287295
0.287345
0.287487
0.288097
0.313203
0.312491
0.312321
0.312259
0.312236
0.312235
0.312257
0.312319
0.312488
0.3132
0.338314
0.337493
0.337295
0.33722
0.337191
0.337191
0.337218
0.337291
0.337489
0.338308
0.363432
0.362497
0.362267
0.362179
0.362145
0.362143
0.362175
0.362261
0.36249
0.363427
0.388558
0.387502
0.387238
0.387135
0.387095
0.387093
0.38713
0.387229
0.387491
0.38853
0.413691
0.412508
0.412208
0.41209
0.412043
0.41204
0.412081
0.412194
0.412491
0.413733
0.438833
0.437516
0.437178
0.437043
0.436988
0.436983
0.437029
0.437156
0.43749
0.438545
0.463985
0.462527
0.462148
0.461995
0.46193
0.461922
0.461971
0.462114
0.462489
0.46505
0.489148
0.487542
0.48712
0.486946
0.48687
0.486857
0.486907
0.487062
0.487473
0.484412
0.514325
0.512564
0.512095
0.511899
0.511809
0.511787
0.511834
0.511997
0.512448
0.534169
0.53952
0.537596
0.537077
0.536856
0.536749
0.536716
0.536757
0.536927
0.537429
0.568031
0.564736
0.562643
0.56207
0.561821
0.561695
0.561648
0.561684
0.561869
0.562419
0.601263
0.589982
0.587711
0.587079
0.5868
0.586653
0.586591
0.586623
0.586837
0.587433
0.63387
0.615263
0.612806
0.612112
0.611801
0.611631
0.611553
0.611585
0.611848
0.612498
0.665861
0.64059
0.637938
0.637177
0.636831
0.636636
0.636543
0.636581
0.636918
0.637625
0.697079
0.665973
0.663117
0.662283
0.6619
0.661679
0.661572
0.661624
0.662065
0.662834
0.727456
0.691424
0.688356
0.687443
0.68702
0.686772
0.686653
0.686727
0.687303
0.688134
0.756832
0.71696
0.713669
0.712669
0.712205
0.711928
0.711798
0.711906
0.71265
0.713528
0.785016
0.742598
0.739073
0.737979
0.73747
0.737164
0.737026
0.737178
0.738126
0.739027
0.811938
0.768359
0.764589
0.763392
0.762834
0.762498
0.762355
0.762562
0.763751
0.764653
0.83761
0.794267
0.790241
0.788928
0.78832
0.787952
0.787807
0.78808
0.789544
0.790428
0.862066
0.820353
0.816057
0.814616
0.813952
0.813551
0.813407
0.813754
0.815522
0.816377
0.885408
0.846649
0.84207
0.840485
0.839761
0.839326
0.839182
0.839607
0.841704
0.842524
0.907771
0.873197
0.868321
0.866574
0.865782
0.865309
0.865165
0.865667
0.868103
0.868894
0.929317
0.900046
0.894856
0.892924
0.892057
0.891542
0.891394
0.891963
0.894736
0.895512
0.95024
0.927254
0.921731
0.919589
0.918635
0.918072
0.917913
0.918534
0.921621
0.922413
0.9708
0.95489
0.949014
0.946631
0.945576
0.944958
0.944778
0.945424
0.948782
0.949639
0.991317
0.983037
0.976786
0.974126
0.972952
0.972269
0.972055
0.972691
0.976255
0.977243
1.01215
1.0118
1.00514
1.00217
1.00085
1.00009
0.999827
1.00041
1.00409
1.00529
1.03367
1.04129
1.0342
1.03086
1.02937
1.02852
1.02819
1.02868
1.03236
1.03386
1.05621
1.07167
1.06411
1.06034
1.05864
1.05769
1.05727
1.05762
1.06117
1.06307
1.07873
1.10311
1.09503
1.09077
1.08882
1.08773
1.08721
1.08739
1.09065
1.09313
1.10153
1.13585
1.12717
1.12234
1.12008
1.11883
1.11819
1.11816
1.12098
1.12424
1.12475
1.17016
1.1608
1.15531
1.15266
1.1512
1.15042
1.15018
1.15238
1.15672
1.14807
1.20641
1.19625
1.18997
1.18682
1.18511
1.18416
1.18371
1.18511
1.19089
1.17407
1.24509
1.23393
1.22671
1.22294
1.22087
1.2197
1.21907
1.21957
1.22611
1.21208
1.28684
1.27441
1.26602
1.26144
1.25889
1.25743
1.25663
1.25628
1.26227
1.25549
1.33256
1.31847
1.30856
1.30291
1.2997
1.29782
1.29683
1.29587
1.30011
1.29984
1.38363
1.36719
1.35525
1.34815
1.34399
1.34149
1.34018
1.3389
1.341
1.34389
1.44216
1.42225
1.40739
1.39823
1.39269
1.38928
1.3874
1.38595
1.38629
1.38922
1.51195
1.48642
1.467
1.45473
1.44713
1.44234
1.43953
1.43777
1.43704
1.43859
1.59988
1.56428
1.5373
1.5201
1.50925
1.5023
1.49798
1.49544
1.49406
1.49428
1.72603
1.66717
1.62431
1.59819
1.58217
1.57193
1.56531
1.56124
1.55894
1.55815
1.92867
1.81792
1.74221
1.69659
1.6697
1.65343
1.64332
1.63711
1.63356
1.63195
2.57136
2.10503
1.91713
1.83834
1.79105
1.76199
1.74334
1.73131
1.72389
1.71984
12.1631
6.38866
3.0667
2.08814
1.93276
1.8861
1.86308
1.84923
1.84001
1.834
12.3342
11.5274
7.48179
4.15122
2.61522
2.1406
2.02911
1.99014
1.97128
1.96262
11.3904
11.6914
10.8509
7.87862
5.27363
3.67614
2.86578
2.46987
2.31611
2.24843
10.9187
9.97322
9.53158
8.55682
7.17037
6.06996
5.29634
4.70481
4.27174
3.97014
134.449
157.855
157.785
158.156
158.789
159.793
161.325
163.5
166.922
170.501
174.44
178.608
182.287
185.15
187.125
188.247
188.49
188.646
188.8
188.957
189.122
189.307
189.535
189.858
191.797
132.635
156.059
154.399
154.423
154.496
154.971
156.502
160.146
168.791
180.091
192.988
206.599
219.847
231.688
241.188
247.597
250.524
248.8
242.296
231.776
218.905
206.212
196.536
191.553
191.444
126.713
155.218
154.101
153.935
153.84
153.942
154.63
157.249
168.378
187.042
210.04
235.842
262.731
288.334
309.973
325.225
332.285
330.361
319.318
299.639
272.927
242.841
215.656
197.607
191.782
119.903
155.042
154.318
154.064
153.699
153.611
153.844
155.056
165.582
189.621
222.294
261.313
304.718
348.284
386.374
413.795
426.893
424.103
405.929
374.475
332.859
285.462
239.972
206.627
192.687
112.529
155.317
155.294
155.044
154.061
153.51
153.447
153.826
161.353
187.41
227.694
279.084
339.869
403.57
460.394
501.781
522.055
518.646
492.442
447.513
389.844
325.787
263.713
215.972
193.769
104.182
155.807
157.234
157.45
155.625
153.858
153.31
153.424
157.172
180.817
225.124
285.759
361.588
444.237
519.178
574.474
602.557
599.548
566.699
509.764
437.517
358.94
283.297
223.846
194.706
95.4009
155.416
159.882
161.421
158.944
155.378
153.392
153.085
154.15
171.482
215.247
280.231
365.736
462.658
552.534
620.127
656.369
655.57
618.666
553.554
471.011
382.084
297.009
229.469
195.387
86.4016
153.794
162.65
166.524
164.133
158.719
154.333
153.005
152.936
162.413
200.034
263.381
351.683
455.641
555.426
632.21
675.405
677.304
642.759
574.448
487.568
393.933
304.291
232.615
195.793
77.2331
150.805
164.884
171.929
170.724
164.014
156.857
153.245
152.714
155.854
182.684
238.368
321.627
425.342
528.8
610.347
657.958
666.65
636.157
571.366
486.921
394.549
305.315
233.346
195.991
68.0108
146.221
166.386
176.867
178.026
171.106
161.574
154.627
152.65
152.551
166.909
210.033
281.22
376.695
477.786
560.865
612.008
626.361
602.354
546.916
470.761
384.977
300.697
231.864
196.181
58.9121
140.004
167.361
180.819
185.305
179.483
168.581
158.236
153.034
152.37
156.741
183.55
237.562
317.682
410.145
491.307
543.547
562.822
549.12
506.038
442.126
367.022
291.394
228.575
196.371
50.0891
131.616
167.213
183.496
192
188.55
177.681
164.961
155.51
152.375
152.251
163.686
197.957
257.335
334.775
410.985
464.787
488.581
484.345
454.403
404.661
342.869
278.563
224.03
196.564
41.6893
121.63
165.398
185.049
197.63
197.815
188.455
174.647
161.604
153.856
152.071
154.017
168.786
204.946
261.251
326.567
381.116
410.593
414.739
397.381
362.152
314.984
263.77
219.176
196.768
33.8331
110.386
161.586
185.556
202.357
206.805
200.52
187.53
172.439
159.706
153.123
151.98
154.602
168.638
200.651
247.465
296.844
332.285
345.659
339.473
318.071
285.578
248.165
214.414
196.977
26.6222
98.2098
155.569
184.797
205.168
215.092
213.061
202.738
187.854
172.216
159.51
153.111
151.898
153.488
162.978
186.313
220.821
255.145
278.427
283.964
275.16
256.935
233.737
211.801
198.257
20.0872
85.0617
147.14
182.494
206.484
222.018
225.316
219.216
206.839
191.168
175.096
161.62
153.89
151.433
151.462
155.176
167.575
188.689
212.338
229.997
236.672
233.151
225.113
214.694
203.291
14.5768
71.0456
136.032
178.11
205.929
227.017
236.33
235.526
227.465
214.539
198.898
182.566
167.746
157.14
151.311
149.461
149.404
152.123
159.77
170.207
179.892
184.966
181.716
171.055
156.911
10.3075
56.7195
122.029
170.869
203.174
229.145
244.926
250.218
247.533
239.143
226.85
212.15
196.376
180.866
167.134
156.995
150.255
146.392
144.893
144.792
144.73
144.662
144.528
143.149
141.406
7.15128
42.8173
105.181
159.852
197.58
227.642
249.99
261.839
265.256
262.269
254.618
243.672
230.578
216.322
201.815
187.942
175.558
165.295
157.592
152.738
149.939
148.622
148.545
150.041
155.064
4.90815
30.137
85.9678
144.174
188.05
222.044
249.958
268.86
278.995
282.1
279.792
273.449
264.148
252.862
240.448
227.673
215.227
203.741
193.805
185.963
180.667
178.206
178.864
183.22
191.568
3.38477
19.4099
65.6558
123.577
173.156
211.657
243.755
269.183
286.462
296.365
300.157
299.095
294.409
286.993
277.724
267.487
257.002
247.005
238.064
230.658
225.279
222.409
222.437
225.738
232.221
2.40757
11.2146
45.1901
98.4986
151.622
195.222
230.986
261.086
284.909
301.944
312.488
317.479
317.961
314.935
309.23
301.879
293.365
284.594
276.492
269.843
264.964
261.983
261.105
262.533
266.303
1.8131
6.26049
27.324
70.9755
123.161
171.003
210.876
244.383
272.641
295.537
312.746
325.252
332.476
332.989
331.68
327.989
322.762
316.096
308.244
300.676
294.912
291.19
289.463
289.516
291.142
1.47999
3.63546
14.2515
44.8608
90.0241
138.291
181.814
218.765
250.059
276.555
298.358
316.028
328.615
336.078
340.34
338.191
336.147
334.301
331.587
326.244
319.475
313.314
308.428
305.488
304.946
1.31648
2.31992
6.49987
23.4389
56.6774
99.347
143.123
182.856
217.074
246.154
270.67
291.215
307.784
320.276
329.308
334.002
335.229
335.829
335.645
334.008
331.613
329.392
327.863
326.916
326.008
1.25091
1.67113
3.21779
9.97541
29.3154
60.4891
98.2982
136.973
172.73
204.065
230.819
253.375
272.156
287.419
299.243
308.142
313.895
316.868
317.83
317.351
315.955
314.125
312.255
310.653
309.583
1.24094
1.38686
1.97552
3.77701
11.542
29.2289
55.5856
87.0468
119.713
150.727
178.57
202.717
223.208
240.289
254.096
264.875
272.871
278.362
281.751
283.499
284.042
283.771
283.006
282.016
281.024
1.25765
1.30447
1.47651
1.9492
3.6892
10.242
23.8698
43.7706
67.7435
93.282
118.326
141.524
162.18
180.044
195.053
207.255
216.859
224.141
229.414
233.007
235.247
236.442
236.871
236.774
236.333
1.29543
1.30539
1.33582
1.45303
1.5969
2.53279
6.3819
14.7785
27.8349
44.0851
61.9591
80.0864
97.4445
113.371
127.466
139.525
149.534
157.603
163.912
168.679
172.132
174.498
175.991
176.805
177.108
1.34221
1.34139
1.34393
1.36278
1.40944
1.53055
1.64546
2.72782
6.04227
12.0524
20.9077
31.42
42.6083
53.7432
64.2795
73.8404
82.2216
89.3531
95.256
100.008
103.722
106.531
108.567
109.965
110.838
1.39104
1.39118
1.38759
1.38395
1.39195
1.42156
1.46493
1.55085
1.63945
1.71439
2.84263
5.16998
8.61449
12.9715
17.9656
23.2968
28.407
33.0567
37.1392
40.6157
43.4939
45.8117
47.6224
48.9885
49.9682
1.44144
1.44419
1.44477
1.44198
1.43902
1.44056
1.45045
1.47471
1.51126
1.54964
1.61138
1.66166
1.71158
1.76197
1.88881
2.35161
3.05469
3.90193
4.80942
5.70899
6.55129
7.30442
7.95029
8.48236
8.9036
1.49632
1.49969
1.50342
1.50594
1.50672
1.50536
1.50587
1.5085
1.52123
1.53537
1.55813
1.586
1.6161
1.6459
1.68169
1.72075
1.75368
1.78488
1.8157
1.84625
1.87652
1.90651
1.93622
1.96563
1.99479
1.55897
1.56144
1.56543
1.57032
1.57536
1.57938
1.58277
1.58573
1.58863
1.59476
1.60354
1.61491
1.6326
1.64963
1.66835
1.69031
1.71417
1.73863
1.76336
1.78822
1.81316
1.83814
1.86314
1.88814
1.91314
1.63194
1.63344
1.63649
1.64107
1.64698
1.65373
1.66084
1.66813
1.67503
1.68229
1.69023
1.69916
1.70905
1.72082
1.73418
1.74889
1.765
1.78236
1.8008
1.82002
1.84033
1.86174
1.88337
1.9047
1.92599
1.7183
1.71871
1.72076
1.72438
1.72949
1.73604
1.74381
1.75262
1.76219
1.77235
1.78301
1.79426
1.80599
1.8184
1.8316
1.8456
1.86039
1.87598
1.89233
1.9094
1.9271
1.94538
1.96418
1.98347
2.0032
1.83061
1.82938
1.82998
1.83223
1.83601
1.84126
1.84788
1.8558
1.86493
1.87513
1.88629
1.89831
1.91109
1.92457
1.9387
1.95346
1.96881
1.98473
2.00118
2.01813
2.03555
2.0534
2.07164
2.09024
2.10916
1.95947
1.95943
1.96137
1.96481
1.96952
1.97538
1.98232
1.99031
1.99932
2.0093
2.02022
2.03201
2.04462
2.05799
2.07206
2.08678
2.10209
2.11794
2.13428
2.15108
2.16829
2.18586
2.20377
2.22198
2.24046
2.21408
2.19508
2.18453
2.17947
2.17824
2.17983
2.18364
2.18926
2.19641
2.20489
2.21455
2.22526
2.23693
2.24948
2.26281
2.27687
2.29158
2.30688
2.32272
2.33904
2.35579
2.37294
2.39043
2.40821
2.42634
3.77114
3.63849
3.54486
3.47584
3.42365
3.38378
3.35338
3.33049
3.31369
3.30193
3.29441
3.2905
3.28967
3.2915
3.29561
3.30174
3.30965
3.31911
3.32995
3.342
3.3551
3.36914
3.38399
3.39955
3.41583
197.491
197.776
136.254
178.725
152.164
134.28
143.424
136.553
140.889
141.362
148.598
163.235
164.215
179.225
196.149
202.75
216.179
230.853
240.806
250.614
261.675
271.748
278.335
286.143
294.183
298.297
303.494
306.25
308.58
311.913
323.905
321.432
319.774
309.175
309.443
310.18
280.23
279.726
279.513
235.761
235.193
234.664
177.081
176.848
176.486
111.296
111.466
111.454
50.608
50.9902
51.2056
9.19915
9.40819
9.55595
2.02022
2.04535
2.07033
1.93659
1.9585
1.9804
1.9464
1.96591
1.98523
2.02203
2.03988
2.05794
2.12717
2.1442
2.16141
2.258
2.27457
2.29127
2.44311
2.45927
2.47553
3.43053
3.44549
3.46066
157.046
136.592
128.265
127.474
127.113
126.925
126.778
126.649
126.533
126.429
126.333
126.243
126.16
126.081
126.006
125.933
125.864
125.797
125.732
125.669
125.607
125.547
125.488
125.43
125.373
125.317
125.262
125.207
125.153
125.1
125.047
124.994
124.942
124.89
124.839
124.787
124.736
124.685
124.634
124.583
124.531
124.469
124.397
124.314
124.22
124.113
123.993
123.861
123.715
123.556
123.384
123.201
123.008
122.808
122.606
122.407
122.222
122.061
121.941
121.852
121.752
121.637
121.498
121.358
121.329
121.426
121.721
122.432
123.242
124.263
125.425
126.842
128.061
128.772
128.97
129.124
129.277
129.445
129.639
130.563
139.593
130.818
127.98
127.643
127.608
127.836
128.283
128.965
129.865
130.948
132.144
133.401
134.689
135.983
137.267
138.529
139.758
140.948
142.097
143.199
144.256
145.264
146.224
147.137
148.002
148.818
149.588
150.309
150.983
151.608
152.183
152.708
153.18
153.599
153.961
154.265
154.506
154.681
154.784
154.813
154.766
154.64
154.421
154.103
153.677
153.136
152.471
151.674
150.735
149.644
148.392
146.972
145.375
143.596
141.634
139.491
137.178
134.726
132.212
129.733
127.343
125.149
123.267
121.754
120.836
120.562
120.378
120.98
122.771
125.824
130.172
135.386
140.497
144.393
145.876
144.066
139.658
134.694
131.311
130.675
133.638
128.738
128.106
128.367
129.418
131.264
133.885
137.137
140.812
144.715
148.697
152.693
156.637
160.482
164.197
167.763
171.172
174.419
177.504
180.429
183.2
185.821
188.299
190.638
192.844
194.921
196.874
198.706
200.419
202.015
203.494
204.857
206.1
207.223
208.22
209.088
209.821
210.41
210.848
211.124
211.229
211.154
210.889
210.415
209.715
208.77
207.561
206.066
204.263
202.126
199.632
196.755
193.47
189.755
185.59
180.962
175.865
170.309
164.322
157.964
151.333
144.581
137.931
131.7
126.346
122.643
120.507
120.003
121.194
125.028
131.908
141.465
152.077
161.32
167.144
165.559
156.993
144.908
135.022
131.14
131.492
128.611
128.723
130.359
133.483
138.079
143.872
150.467
157.502
164.708
171.9
178.954
185.781
192.328
198.567
204.487
210.087
215.376
220.364
225.066
229.496
233.67
237.603
241.307
244.796
248.08
251.168
254.069
256.787
259.328
261.694
263.887
265.905
267.745
269.405
270.877
272.154
273.226
274.081
274.705
275.083
275.196
275.028
274.556
273.753
272.593
271.043
269.071
266.641
263.712
260.245
256.194
251.516
246.165
240.097
233.274
225.665
217.254
208.046
198.079
187.442
176.285
164.848
153.482
142.671
133.066
125.546
121.201
119.802
121.943
128.686
140.244
155.192
170.524
182.521
181.054
170.715
154.034
138.719
131.673
130.768
128.757
130.041
133.649
139.561
147.478
156.799
166.927
177.399
187.89
198.176
208.112
217.613
226.636
235.169
243.214
250.788
257.913
264.614
270.916
276.846
282.429
287.688
292.643
297.313
301.715
305.863
309.768
313.439
316.883
320.105
323.107
325.888
328.447
330.778
332.874
334.725
336.32
337.644
338.679
339.405
339.801
339.84
339.498
338.746
337.547
335.864
333.654
330.872
327.467
323.385
318.569
312.956
306.482
299.081
290.686
281.236
270.677
258.972
246.115
232.142
217.156
201.357
185.07
168.791
153.221
139.331
128.358
121.805
119.663
122.898
132.706
148.534
167.109
182.789
189.552
177.693
159.088
141.076
132.07
130.457
129.125
131.962
138
147.089
158.519
171.384
184.939
198.649
212.153
225.217
237.71
249.565
260.76
271.301
281.21
290.519
299.262
307.479
315.205
322.475
329.324
335.781
341.874
347.625
353.058
358.189
363.033
367.602
371.906
375.949
379.736
383.266
386.536
389.542
392.274
394.722
396.87
398.7
400.193
401.323
402.065
402.386
402.255
401.639
400.498
398.79
396.467
393.479
389.771
385.284
379.954
373.715
366.493
358.212
348.789
338.142
326.188
312.85
298.068
281.81
264.094
245.022
224.817
203.883
182.868
162.738
144.801
130.674
122.197
119.509
123.691
135.907
153.985
171.905
181.3
176.613
159.769
141.865
132.297
130.354
129.79
134.349
143.116
155.539
170.455
186.706
203.433
220.063
236.228
251.718
266.428
280.32
293.397
305.683
317.22
328.053
338.232
347.805
356.821
365.322
373.35
380.942
388.13
394.943
401.407
407.541
413.364
418.888
424.123
429.076
433.748
438.139
442.244
446.053
449.555
452.734
455.57
458.038
460.112
461.759
462.946
463.632
463.778
463.338
462.273
460.534
458.069
454.829
450.758
445.802
439.903
433.002
425.036
415.937
405.63
394.034
381.063
366.621
350.615
332.958
313.588
292.495
269.757
245.604
220.495
195.216
170.961
149.356
132.417
122.334
119.284
124.094
137.481
155.12
168.371
169.115
156.938
141.42
132.492
130.39
130.584
137.097
148.766
164.531
182.789
202.172
221.753
240.948
259.42
276.997
293.611
309.255
323.957
337.766
350.74
362.943
374.438
385.286
395.545
405.267
414.5
423.288
431.667
439.67
447.323
454.649
461.664
468.382
474.81
480.952
486.807
492.367
497.623
502.559
507.154
511.382
515.212
518.609
521.532
523.934
525.767
526.977
527.508
527.303
526.303
524.456
521.705
518
513.29
507.533
500.688
492.719
483.592
473.272
461.722
448.893
434.729
419.154
402.076
383.389
362.981
340.754
316.657
290.734
263.195
234.523
205.593
177.759
152.945
133.573
122.179
118.924
123.94
137.325
152.248
158.428
152.183
140.256
132.687
130.523
131.458
140.156
154.818
173.851
195.237
217.452
239.54
260.946
281.383
300.731
318.962
336.105
352.217
367.374
381.655
395.143
407.917
420.052
431.614
442.666
453.261
463.445
473.26
482.738
491.907
500.786
509.39
517.728
525.804
533.614
541.149
548.394
555.327
561.92
568.139
573.94
579.275
584.086
588.309
591.875
594.707
596.725
597.85
597.998
597.087
595.049
591.817
587.337
581.565
574.476
566.057
556.31
545.251
532.904
519.296
504.451
488.379
471.066
452.467
432.498
411.042
387.954
363.089
336.342
307.706
277.36
245.784
213.858
183.063
155.578
134.158
121.74
118.34
123.391
136.266
147.559
146.882
138.952
132.89
130.667
132.398
143.543
161.254
183.433
207.689
232.404
256.639
279.903
301.975
322.792
342.376
360.794
378.139
394.515
410.029
424.782
438.871
452.383
465.395
477.977
490.186
502.072
513.675
525.028
536.155
547.074
557.793
568.316
578.636
588.742
598.614
608.222
617.528
626.487
635.042
643.126
650.662
657.561
663.724
669.04
673.394
676.662
678.722
679.453
678.739
676.476
672.58
666.99
659.669
650.613
639.847
627.428
613.442
597.995
581.212
563.218
544.128
524.03
502.969
480.936
457.853
433.576
407.911
380.648
351.609
320.728
288.133
254.261
220.012
186.923
157.324
134.259
121.026
117.514
122.71
135.216
142.779
137.621
133.106
130.795
133.567
147.379
168.189
193.353
220.178
247.026
273.031
297.79
321.165
343.157
363.841
383.331
401.758
419.257
435.961
451.994
467.467
482.482
497.123
511.465
525.57
539.488
553.259
566.914
580.475
593.952
607.351
620.664
633.877
646.967
659.898
672.624
685.088
697.221
708.937
720.137
730.707
740.513
749.407
757.221
763.779
768.894
772.378
774.052
773.748
771.317
766.636
759.634
750.282
738.602
724.674
708.626
690.639
670.929
649.742
627.334
603.953
579.819
555.102
529.9
504.222
477.977
450.972
422.94
393.582
362.637
329.97
295.66
260.111
224.194
189.465
158.303
133.966
120.079
116.477
122.152
134.549
137.169
133.343
130.906
135.056
151.878
175.876
203.823
232.854
261.418
288.778
314.647
338.979
361.847
383.382
403.746
423.108
441.635
459.486
476.802
493.71
510.321
526.728
543.009
559.23
575.443
591.687
607.991
624.375
640.846
657.401
674.029
690.704
707.39
724.039
740.587
756.954
773.043
788.738
803.901
818.371
831.961
844.457
855.617
865.176
872.86
878.391
881.5
881.944
879.513
874.024
865.386
853.579
838.668
820.807
800.227
777.229
752.171
725.446
697.463
668.624
639.293
609.776
580.295
550.969
521.794
492.631
463.215
433.178
402.122
369.697
335.711
300.219
263.601
226.69
190.948
158.766
133.455
118.924
115.189
122.368
135.089
133.554
131.003
137.33
157.612
184.813
215.226
245.981
275.752
303.989
330.542
355.46
378.888
401.013
422.039
442.171
461.601
480.508
499.049
517.363
535.567
553.76
572.027
590.434
609.036
627.874
646.978
666.365
686.041
706.001
726.228
746.691
767.345
788.129
808.965
829.753
850.371
870.67
890.475
909.575
927.725
944.634
959.966
973.345
984.373
992.648
997.779
999.411
997.247
991.025
980.638
966.091
947.496
925.112
899.307
870.542
839.344
806.278
771.922
736.834
701.526
666.433
631.894
598.131
565.23
533.131
501.621
470.34
438.818
406.553
373.124
338.309
302.173
265.106
227.889
191.869
159.217
133.17
117.652
113.361
121.516
133.954
131.199
140.52
165.181
195.631
228.026
259.864
290.213
318.77
345.529
370.63
394.279
416.706
438.151
458.841
478.987
498.779
518.384
537.946
557.589
577.415
597.512
617.949
638.785
660.062
681.813
704.057
726.8
750.04
773.756
797.918
822.477
847.368
872.505
897.775
923.04
948.126
972.826
996.889
1020.02
1041.84
1061.92
1079.76
1094.78
1106.43
1114.14
1117.39
1115.77
1108.93
1096.72
1079.33
1056.98
1029.93
998.722
964.007
926.501
886.958
846.119
804.689
763.308
722.524
682.772
644.353
607.427
572.003
537.935
504.919
472.502
440.129
407.223
373.322
338.215
302.022
265.193
228.486
193.065
160.758
134.27
117.1
111.039
111.513
132.666
148.124
176.86
209.529
242.788
274.753
304.904
333.149
359.595
384.446
407.949
430.361
451.937
472.913
493.507
513.91
534.291
554.794
575.542
596.642
618.179
640.228
662.845
686.079
709.962
734.517
759.753
785.669
812.247
839.459
867.258
895.58
924.339
953.421
982.68
1011.93
1040.96
1069.49
1097.2
1123.68
1148.41
1170.74
1189.89
1204.99
1215.29
1220.26
1219.47
1212.61
1199.17
1178.89
1153.38
1122.42
1086.61
1046.81
1003.9
958.822
912.465
865.645
819.093
773.435
729.175
686.676
646.15
607.655
571.103
536.252
502.719
469.986
437.45
404.512
370.726
335.942
300.384
264.612
229.43
195.872
165.315
139.599
120.839
110.451
139.672
163.438
194.334
227.165
259.648
290.566
319.671
346.966
372.585
396.753
419.732
441.784
463.16
484.09
504.782
525.42
546.164
567.153
588.505
610.323
632.69
655.678
679.344
703.734
728.882
754.81
781.528
809.034
837.313
866.336
896.059
926.419
957.334
988.692
1020.35
1052.14
1083.86
1115.28
1146.12
1176
1204.33
1229.94
1250.16
1264.19
1272.96
1277.26
1277.61
1274.03
1264.98
1245.46
1218.7
1185.77
1147.55
1104.96
1059.01
1010.75
961.194
911.211
861.581
812.965
765.904
720.804
677.918
637.35
599.059
562.864
528.454
495.394
463.149
431.125
398.773
365.729
331.961
297.829
264.031
231.507
201.351
174.796
153.125
137.466
157.879
186.005
216.445
247.522
277.817
306.673
333.991
359.784
384.142
407.246
429.341
450.68
471.498
492.002
512.382
532.801
553.406
574.322
595.656
617.499
639.928
663.009
686.793
711.32
736.62
762.71
789.595
817.265
845.698
874.862
904.713
935.187
966.202
997.649
1029.39
1061.25
1093.04
1124.54
1155.47
1185.5
1214.07
1240.5
1260.22
1272.47
1280.27
1284.15
1286.79
1286
1278.64
1261.37
1236.06
1204.19
1166.86
1125.03
1079.69
1031.89
982.651
932.852
883.271
834.57
787.3
741.886
698.622
657.651
618.989
582.519
548.003
515.098
483.365
452.299
421.384
390.185
358.491
326.425
294.46
263.345
233.982
207.333
184.382
166.042
185.615
212.976
240.818
268.794
296.007
322.139
347.136
370.988
393.732
415.464
436.366
456.665
476.57
496.263
515.9
535.618
555.538
575.764
596.392
617.499
639.15
661.398
684.284
707.839
732.082
757.022
782.653
808.956
835.9
863.442
891.532
920.106
949.077
978.333
1007.73
1037.11
1066.25
1094.94
1122.88
1149.76
1175.09
1198.48
1218.47
1233.68
1244.51
1250.7
1252.17
1248.09
1237.93
1221.53
1199.06
1170.94
1137.77
1100.3
1059.41
1015.99
970.921
924.999
878.949
833.4
788.887
745.839
704.573
665.27
628
592.715
559.256
527.372
496.727
466.924
437.54
408.18
378.585
348.731
318.905
289.663
261.761
236.017
213.19
193.886
217.382
241.049
265.109
289.276
312.977
336.034
358.375
379.962
400.788
420.88
440.336
459.316
477.987
496.491
514.958
533.496
552.199
571.149
590.422
610.077
630.165
650.725
671.785
693.364
715.47
738.1
761.239
784.86
808.922
833.376
858.166
883.224
908.462
933.768
959.005
984.014
1008.61
1032.57
1055.65
1077.54
1097.88
1116.26
1132.23
1145.21
1154.63
1160.02
1160.97
1157.21
1148.56
1134.97
1116.54
1093.52
1066.33
1035.47
1001.55
965.21
927.109
887.883
848.134
808.41
769.195
730.891
693.807
658.152
624.03
591.446
560.316
530.476
501.688
473.659
446.07
418.613
391.061
363.343
335.624
308.281
281.889
257.128
234.635
214.847
248.133
267.381
287.318
307.516
327.616
347.477
367
386.12
404.8
423.02
440.793
458.201
475.353
492.346
509.276
526.225
543.26
560.441
577.821
595.445
613.347
631.552
650.079
668.934
688.117
707.617
727.412
747.472
767.753
788.205
808.772
829.385
849.962
870.401
890.586
910.382
929.635
948.173
965.795
982.275
997.349
1010.72
1022.09
1031.14
1037.52
1040.9
1040.99
1037.62
1030.68
1020.11
1005.97
988.37
967.551
943.811
917.519
889.092
858.978
827.631
795.502
763.019
730.568
698.482
667.026
636.391
606.691
577.969
550.193
523.266
497.034
471.294
445.816
420.384
394.846
369.152
343.425
317.933
293.091
269.412
247.412
227.476
274.804
289.899
305.861
322.279
338.917
355.637
372.325
388.9
405.295
421.448
437.326
452.938
468.326
483.544
498.648
513.694
528.729
543.791
558.915
574.13
589.457
604.911
620.503
636.233
652.096
668.079
684.159
700.307
716.484
732.642
748.733
764.698
780.466
795.96
811.087
825.747
839.826
853.202
865.737
877.277
887.654
896.679
904.156
909.884
913.664
915.31
914.651
911.575
905.997
897.882
887.239
874.137
858.696
841.083
821.514
800.24
777.539
753.699
729.019
703.786
678.267
652.696
627.266
602.125
577.369
553.044
529.142
505.602
482.323
459.165
435.984
412.651
389.087
365.296
341.386
317.579
294.205
271.656
250.318
230.547
295.772
307.22
319.597
332.588
346.023
359.768
373.703
387.722
401.754
415.715
429.527
443.149
456.576
469.82
482.906
495.861
508.711
521.48
534.188
546.852
559.483
572.091
584.679
597.248
609.792
622.299
634.75
647.122
659.384
671.498
683.425
695.121
706.538
717.618
728.298
738.51
748.179
757.225
765.562
773.095
779.721
785.333
789.813
793.046
794.916
795.31
794.143
791.341
786.849
780.637
772.705
763.085
751.84
739.057
724.857
709.381
692.783
675.226
656.881
637.915
618.488
598.743
578.8
558.75
538.655
518.543
498.401
478.183
457.813
437.204
416.273
394.96
373.252
351.2
328.937
306.676
284.696
263.316
242.841
223.552
310.222
318.505
327.722
337.647
348.144
359.073
370.341
381.844
393.49
405.178
416.809
428.312
439.652
450.814
461.798
472.608
483.251
493.738
504.077
514.276
524.342
534.279
544.09
553.775
563.33
572.746
582.01
591.105
600.009
608.698
617.144
625.318
633.189
640.72
647.875
654.609
660.879
666.637
671.832
676.41
680.315
683.485
685.857
687.367
687.95
687.551
686.119
683.608
679.983
675.222
669.316
662.276
654.124
644.899
634.659
623.473
611.415
598.566
585.011
570.838
556.125
540.947
525.362
509.41
493.112
476.466
459.445
442.002
424.084
405.64
386.636
367.074
346.999
326.514
305.777
284.999
264.431
244.336
224.961
206.534
316.487
322.322
328.991
336.329
344.243
352.629
361.407
370.492
379.785
389.183
398.588
407.924
417.141
426.208
435.106
443.826
452.362
460.712
468.878
476.86
484.661
492.283
499.728
506.996
514.086
520.991
527.7
534.202
540.485
546.531
552.326
557.852
563.09
568.021
572.623
576.872
580.744
584.213
587.252
589.83
591.919
593.486
594.497
594.918
594.721
593.871
592.335
590.084
587.095
583.347
578.827
573.53
567.457
560.617
553.028
544.715
535.706
526.033
515.728
504.824
493.351
481.328
468.767
455.668
442.016
427.788
412.951
397.467
381.309
364.467
346.958
328.838
310.205
291.196
271.987
252.783
233.804
215.27
197.375
180.3
319.543
320.962
323.842
327.889
332.85
338.529
344.773
351.457
358.454
365.642
372.918
380.197
387.419
394.541
401.533
408.374
415.049
421.549
427.868
434.005
439.958
445.727
451.313
456.715
461.932
466.956
471.779
476.394
480.792
484.964
488.9
492.592
496.029
499.201
502.096
504.702
507.007
508.997
510.656
511.971
512.924
513.497
513.675
513.438
512.762
511.624
510.004
507.882
505.24
502.063
498.336
494.048
489.189
483.752
477.735
471.134
463.947
456.173
447.806
438.843
429.276
419.091
408.273
396.801
384.653
371.809
358.252
343.978
328.999
313.352
297.102
280.347
263.215
245.857
228.446
211.163
194.189
177.697
161.832
146.731
311.353
312.778
314.413
316.403
318.885
321.822
325.203
329.002
333.167
337.626
342.299
347.113
352.005
356.924
361.827
366.682
371.46
376.143
380.716
385.167
389.49
393.676
397.72
401.616
405.358
408.935
412.339
415.563
418.599
421.44
424.08
426.512
428.729
430.725
432.494
434.026
435.315
436.353
437.13
437.637
437.866
437.811
437.459
436.794
435.802
434.467
432.771
430.697
428.227
425.343
422.024
418.251
414.004
409.262
404.007
398.216
391.869
384.947
377.427
369.292
360.524
351.108
341.034
330.293
318.886
306.822
294.121
280.818
266.964
252.63
237.909
222.911
207.764
192.607
177.583
162.834
148.495
134.69
121.517
109.072
279.748
280.541
281.836
283.522
285.578
287.952
290.591
293.45
296.485
299.653
302.911
306.22
309.549
312.874
316.176
319.437
322.645
325.788
328.857
331.844
334.743
337.547
340.248
342.839
345.313
347.662
349.876
351.95
353.876
355.648
357.26
358.707
359.981
361.079
361.993
362.718
363.247
363.574
363.691
363.591
363.262
362.688
361.858
360.758
359.373
357.686
355.681
353.338
350.638
347.56
344.083
340.185
335.846
331.044
325.759
319.973
313.669
306.833
299.455
291.528
283.053
274.034
264.483
254.418
243.866
232.861
221.448
209.68
197.622
185.351
172.953
160.525
148.169
135.99
124.092
112.573
101.524
91.023
81.1258
71.8916
234.233
233.976
233.976
234.261
234.849
235.736
236.909
238.349
240.025
241.898
243.923
246.055
248.253
250.487
252.729
254.959
257.16
259.317
261.42
263.459
265.428
267.317
269.12
270.828
272.436
273.936
275.321
276.585
277.721
278.724
279.589
280.31
280.881
281.298
281.548
281.623
281.515
281.217
280.72
280.016
279.097
277.951
276.569
274.939
273.049
270.887
268.439
265.691
262.629
259.24
255.511
251.428
246.981
242.159
236.955
231.362
225.38
219.008
212.252
205.122
197.63
189.795
181.642
173.198
164.498
155.581
146.492
137.281
128.005
118.726
109.512
100.433
91.56
82.9649
74.7143
66.8685
59.4749
52.571
46.1824
40.3397
176.036
175.55
175.109
174.753
174.517
174.418
174.463
174.656
174.994
175.467
176.055
176.74
177.502
178.322
179.185
180.074
180.977
181.881
182.775
183.65
184.496
185.305
186.069
186.779
187.427
188.006
188.509
188.927
189.253
189.479
189.598
189.605
189.493
189.257
188.895
188.404
187.779
187.013
186.1
185.035
183.81
182.418
180.853
179.107
177.172
175.04
172.703
170.154
167.385
164.39
161.163
157.699
153.995
150.048
145.86
141.432
136.77
131.881
126.774
121.462
115.961
110.292
104.478
98.5463
92.529
86.4609
80.3804
74.3287
68.3497
62.4886
56.7913
51.3024
46.0641
41.1142
36.4859
32.198
28.2514
24.665
21.4509
18.6175
111.288
110.993
110.622
110.214
109.807
109.42
109.068
108.767
108.522
108.334
108.199
108.113
108.068
108.058
108.073
108.107
108.152
108.202
108.25
108.29
108.318
108.328
108.314
108.273
108.199
108.086
107.931
107.729
107.476
107.17
106.805
106.378
105.885
105.322
104.685
103.972
103.177
102.298
101.33
100.271
99.1161
97.8622
96.5054
95.0423
93.469
91.7824
89.9793
88.0574
86.0149
83.8508
81.5651
79.1583
76.6323
73.9903
71.2371
68.3812
65.4229
62.3643
59.2167
55.996
52.7209
49.4129
46.0946
42.7905
39.5255
36.325
33.2139
30.2161
27.3541
24.6479
22.1146
19.7679
17.6174
15.6688
13.9232
12.3776
11.0333
9.8919
8.9326
8.13155
51.2915
51.2583
51.1158
50.8916
50.6125
50.2994
49.9685
49.6351
49.3073
48.9899
48.6852
48.3943
48.1169
47.8513
47.5954
47.3465
47.1017
46.8586
46.6145
46.3671
46.1142
45.8535
45.5829
45.3002
45.0034
44.6903
44.359
44.0074
43.6338
43.2361
42.8127
42.3621
41.8831
41.374
40.8334
40.2602
39.6532
39.0117
38.3349
37.622
36.8724
36.0857
35.2616
34.3999
33.5006
32.564
31.5908
30.5822
29.5397
28.4655
27.3622
26.2325
25.08
23.9086
22.7231
21.5288
20.3312
19.1443
17.982
16.8522
15.761
14.7135
13.7144
12.7675
11.8761
11.0425
10.2682
9.55417
8.90032
8.30595
7.76962
7.28927
6.86232
6.48577
6.15626
5.8702
5.6238
5.41314
5.23455
5.08466
9.65704
9.71171
9.73368
9.73201
9.713
9.6816
9.64167
9.59649
9.5483
9.49872
9.44869
9.39893
9.34976
9.30126
9.25339
9.20594
9.15863
9.11123
9.06347
9.01511
8.9659
8.9156
8.86397
8.81079
8.75582
8.69885
8.63967
8.57807
8.51387
8.44686
8.37686
8.30381
8.22771
8.14845
8.06588
7.97997
7.89072
7.79813
7.70223
7.60307
7.50073
7.39529
7.28689
7.17567
7.06174
6.9453
6.8266
6.70594
6.58364
6.46007
6.33566
6.21081
6.08596
5.96162
5.83832
5.71662
5.59709
5.48029
5.36675
5.257
5.15158
5.05098
4.95565
4.86598
4.78229
4.70483
4.63381
4.56932
4.51141
4.46006
4.41515
4.37652
4.34397
4.31722
4.29597
4.27989
4.2686
4.26175
4.25893
4.25984
2.0991
2.12784
2.15638
2.18467
2.21278
2.24074
2.26858
2.29634
2.32402
2.35164
2.37922
2.40675
2.43424
2.4617
2.48911
2.51649
2.54383
2.57112
2.59836
2.62554
2.65267
2.67974
2.70674
2.73367
2.76052
2.78729
2.81398
2.84057
2.86706
2.89345
2.91973
2.9459
2.97195
2.99788
3.02368
3.04935
3.07489
3.10027
3.12551
3.1506
3.17552
3.20028
3.22486
3.24928
3.27352
3.29757
3.32144
3.34513
3.36862
3.39193
3.41504
3.43797
3.46071
3.48327
3.50565
3.52787
3.54993
3.57185
3.59364
3.61532
3.6369
3.65841
3.67988
3.70132
3.72276
3.74423
3.76576
3.78738
3.80911
3.83099
3.85304
3.8753
3.8978
3.92055
3.94359
3.96693
3.9906
4.01462
4.03898
4.06374
2.00408
2.0295
2.05501
2.08079
2.10663
2.13246
2.15825
2.184
2.2097
2.23537
2.26101
2.28663
2.31224
2.33788
2.36309
2.38824
2.41338
2.43854
2.46371
2.48888
2.51406
2.53924
2.56443
2.58961
2.6148
2.63999
2.66517
2.69035
2.71552
2.74068
2.76583
2.79097
2.8161
2.84121
2.8663
2.89138
2.91644
2.94146
2.96656
2.99166
3.01674
3.0418
3.06683
3.09184
3.11682
3.14177
3.16669
3.19159
3.21645
3.24129
3.2661
3.29089
3.31565
3.3404
3.36512
3.38983
3.41453
3.43923
3.46394
3.48865
3.51338
3.53815
3.56295
3.5878
3.61272
3.63771
3.66278
3.68796
3.71325
3.73868
3.76425
3.78997
3.81588
3.84196
3.86825
3.89475
3.92147
3.94842
3.97561
4.00305
2.00653
2.02964
2.05288
2.07623
2.09965
2.12312
2.14665
2.17023
2.19384
2.21748
2.24115
2.26485
2.28857
2.31231
2.33608
2.35986
2.38366
2.40748
2.43132
2.45519
2.47907
2.50297
2.5269
2.55084
2.57481
2.5988
2.62282
2.64685
2.67091
2.69499
2.71909
2.74322
2.76737
2.79155
2.81575
2.83997
2.86422
2.8885
2.9128
2.93712
2.96148
2.98586
3.01027
3.03471
3.05917
3.08368
3.10821
3.13278
3.15738
3.18203
3.20671
3.23144
3.25621
3.28103
3.3059
3.33083
3.35582
3.38087
3.40599
3.43119
3.45646
3.48182
3.50728
3.53283
3.55849
3.58426
3.61015
3.63617
3.66233
3.68863
3.71509
3.7417
3.76848
3.79545
3.82259
3.84993
3.87747
3.90522
3.93318
3.96136
2.07768
2.0991
2.12069
2.14243
2.16429
2.18626
2.20832
2.23044
2.25262
2.27485
2.29712
2.31943
2.34178
2.36415
2.38656
2.40899
2.43145
2.45394
2.47645
2.49899
2.52156
2.54416
2.56678
2.58944
2.61212
2.63484
2.65758
2.68036
2.70318
2.72602
2.74891
2.77183
2.79479
2.81779
2.84083
2.86391
2.88703
2.9102
2.93341
2.95667
2.97997
3.00333
3.02673
3.05019
3.07371
3.09728
3.12091
3.1446
3.16836
3.19218
3.21607
3.24004
3.26408
3.2882
3.3124
3.33669
3.36106
3.38553
3.4101
3.43477
3.45954
3.48442
3.50941
3.53452
3.55976
3.58512
3.61061
3.63624
3.66201
3.68792
3.71399
3.74022
3.76662
3.79319
3.81994
3.84687
3.874
3.90134
3.92888
3.95664
2.1802
2.20057
2.22109
2.24175
2.26252
2.28339
2.30434
2.32536
2.34644
2.36758
2.38875
2.40996
2.43121
2.45249
2.4738
2.49513
2.51649
2.53788
2.5593
2.58074
2.60221
2.62371
2.64523
2.66679
2.68838
2.70999
2.73164
2.75333
2.77505
2.7968
2.81859
2.84042
2.86229
2.88421
2.90616
2.92816
2.9502
2.97229
2.99443
3.01662
3.03886
3.06116
3.08351
3.10592
3.12838
3.15091
3.1735
3.19616
3.21888
3.24168
3.26455
3.2875
3.31052
3.33362
3.35681
3.38009
3.40346
3.42692
3.45047
3.47413
3.49788
3.52175
3.54572
3.56981
3.59402
3.61835
3.64282
3.66744
3.69223
3.71719
3.74233
3.76765
3.79316
3.81887
3.8448
3.87094
3.89732
3.92393
3.95081
3.97797
2.30948
2.3292
2.34905
2.36901
2.38907
2.40921
2.42942
2.44969
2.47
2.49036
2.51076
2.53119
2.55166
2.57214
2.59266
2.61319
2.63374
2.65431
2.6749
2.69551
2.71614
2.73679
2.75746
2.77816
2.79887
2.81962
2.84039
2.86118
2.88201
2.90286
2.92374
2.94466
2.96561
2.98659
3.00761
3.02867
3.04977
3.07092
3.09211
3.11334
3.13463
3.15596
3.17736
3.1988
3.22031
3.24189
3.26352
3.28523
3.30702
3.32888
3.35082
3.37285
3.39497
3.41719
3.43951
3.46193
3.48447
3.50713
3.52991
3.55283
3.57588
3.59908
3.62244
3.64595
3.66964
3.6935
3.71769
3.74209
3.76668
3.79147
3.81646
3.84165
3.86707
3.89269
3.91862
3.94489
3.97153
3.99857
4.02603
4.05404
2.4938
2.51316
2.53259
2.55212
2.57174
2.59144
2.6112
2.63102
2.65088
2.67079
2.69072
2.71068
2.73067
2.75067
2.7707
2.79075
2.81082
2.83091
2.85103
2.87116
2.89132
2.91152
2.93177
2.95207
2.97243
2.99284
3.01331
3.03385
3.05445
3.07512
3.09587
3.1167
3.13762
3.15862
3.17971
3.2009
3.2222
3.2436
3.26512
3.28676
3.30853
3.33044
3.35248
3.37468
3.39703
3.41954
3.44223
3.4651
3.48817
3.51143
3.5349
3.5586
3.58252
3.60669
3.63111
3.65579
3.68076
3.706
3.73155
3.75741
3.78358
3.8101
3.83696
3.86417
3.89176
3.91972
3.94809
3.97686
4.00605
4.03566
4.06573
4.09624
4.12725
4.1587
4.19088
4.22367
4.25697
4.29078
4.32509
4.35996
3.47866
3.4971
3.51578
3.53467
3.55375
3.57299
3.59235
3.61181
3.63136
3.65097
3.67064
3.69036
3.71011
3.72989
3.7497
3.76953
3.78938
3.80926
3.82916
3.84908
3.86903
3.88897
3.90892
3.92887
3.94882
3.96877
3.98873
4.00869
4.02866
4.04864
4.06862
4.08862
4.10862
4.12863
4.14866
4.1687
4.18876
4.20883
4.22892
4.24903
4.26916
4.28931
4.30949
4.32969
4.34993
4.37019
4.39049
4.41082
4.43119
4.4516
4.47206
4.49256
4.51311
4.53372
4.55437
4.57509
4.59588
4.61672
4.63764
4.65864
4.67971
4.70087
4.72212
4.74346
4.76489
4.78644
4.80808
4.82985
4.85173
4.87374
4.89588
4.91816
4.94058
4.96315
4.98588
5.00878
5.03185
5.05511
5.07854
5.10242
106.031
104.3
103.348
128.753
124.713
123.122
153.563
145.754
140.697
179.382
168.979
160.932
199.045
186.812
176.532
210.871
197.332
185.387
213.631
199.375
186.38
206.741
192.288
178.857
190.305
176.188
162.918
165.2
152
139.535
133.394
121.748
110.762
98.1505
88.6742
79.791
63.8826
57.0176
50.6608
35.3714
31.2031
27.4268
16.296
14.4225
12.7885
7.50761
7.01782
6.60119
4.96834
4.87734
4.80094
4.26346
4.26912
4.27674
4.08694
4.10919
4.13205
4.02879
4.05279
4.07696
3.98778
4.01238
4.03717
3.98266
4.00693
4.0314
4.00342
4.02743
4.05159
4.08011
4.10495
4.13021
4.39288
4.42386
4.45536
5.12313
5.14378
5.16444
93.0183
89.9574
89.2738
89.012
88.78
88.5729
88.3779
88.1863
87.9862
87.6939
87.1555
86.3546
85.2887
84.0705
82.7599
81.267
79.6244
77.7792
75.5608
72.8574
69.6844
65.835
61.2602
55.3939
49.0768
92.3972
90.2967
90.75
92.1552
94.1411
96.1657
97.7193
98.4819
98.3364
97.398
95.8917
93.8023
91.151
87.9668
84.3129
80.2547
75.8292
70.9566
65.5697
59.4586
52.6242
44.9439
36.5995
27.4575
18.27
92.2016
91.2805
93.7062
97.4664
101.502
104.665
106.48
106.979
106.344
104.713
102.159
98.7586
94.5672
89.6484
84.0775
77.9504
71.3277
64.2168
56.6076
48.5119
40.0475
31.5096
23.3635
16.2743
10.9429
92.2945
92.6824
97.0598
102.662
107.782
111.274
113.063
113.334
112.169
109.684
106.073
101.475
95.9655
89.628
82.5784
74.9402
66.7917
58.1772
49.1965
40.0717
31.1793
23.036
16.2165
11.186
8.04295
92.6056
94.2134
100.11
106.906
112.541
116.233
118.13
118.153
116.216
112.784
108.178
102.562
95.9799
88.5285
80.3432
71.5611
62.2793
52.6288
42.8683
33.4178
24.8169
17.6203
12.2479
8.79631
6.97986
92.9516
95.452
102.593
110.12
116.14
120.327
122.696
122.34
118.631
114.267
108.845
102.423
94.9997
86.6735
77.6
67.933
57.8259
47.5315
37.4653
28.1772
20.2439
14.1173
9.97443
7.60066
6.55419
93.2878
96.5315
104.492
112.476
118.854
123.611
126.48
126.354
119.661
114.456
108.46
101.436
93.3539
84.3341
74.5619
64.224
53.5569
42.9398
32.9073
24.0629
16.9314
11.8017
8.61902
6.96733
6.36378
93.6015
97.4126
105.908
114.189
120.922
126.374
129.592
126.485
119.443
113.751
107.397
99.9215
91.3137
81.7368
71.4092
60.5729
49.562
38.8652
29.0885
20.827
14.5034
10.2337
7.77725
6.61624
6.26025
93.8957
98.14
106.998
115.494
122.57
128.7
132
124.934
118.218
112.545
105.969
98.12
89.0717
79.034
68.2622
57.0674
45.8818
35.2784
25.8905
18.2624
12.6934
9.14136
7.23048
6.40609
6.18063
94.1786
98.7885
107.959
116.664
124.082
130.926
134.871
122.189
116.679
111.175
104.378
96.187
86.7462
76.3072
65.1735
53.7328
42.5043
32.1157
23.1922
16.2014
11.315
8.35617
6.85785
6.26584
6.11139
94.4753
99.5531
109.114
118.042
125.979
133.887
136.43
119.871
115.331
109.787
102.733
94.1995
84.3821
73.5763
62.1437
50.5498
39.3831
29.2972
20.8822
14.5133
10.2391
7.7726
6.59077
6.16185
6.04905
94.8105
100.611
110.74
120.179
129.361
134.454
126.172
118.3
114.187
108.438
101.065
92.1558
81.9534
70.8023
59.1277
47.4649
36.4511
26.74
18.8648
13.099
9.37672
7.32395
6.38998
6.07679
5.98957
95.3797
102.499
114.021
125.331
131.859
129.344
119.682
117.626
113.196
107.114
99.3224
89.9779
79.3723
67.8988
56.0444
44.4015
33.6324
24.3665
17.0618
11.8852
8.66685
6.96771
6.23387
6.0013
5.932
96.202
107.546
122.197
129.024
128.795
122.656
120.114
117.157
112.349
105.718
97.3702
87.5198
76.4974
64.7409
52.7892
41.2721
30.8521
22.1101
15.4132
10.8197
8.06841
6.67675
6.10563
5.93018
5.87585
107.872
121.493
127.022
126.836
124.272
122.542
120.919
117.076
111.456
104.052
95.0125
84.5913
73.1566
61.1852
49.2505
37.9932
28.0473
19.9209
13.8772
9.86733
7.55458
6.43364
5.99612
5.86366
5.82042
124.754
128.028
127.74
127.459
126.805
125.299
121.939
116.95
110.219
101.848
92.0099
80.9894
69.1865
57.1076
45.3401
34.5064
25.18
17.772
12.4312
9.00815
7.10899
6.22741
5.89907
5.79902
5.7648
137.94
136.674
135.537
134.109
131.544
127.833
122.778
116.229
108.189
98.7443
88.0856
76.5197
64.4667
52.4447
41.0323
30.8069
22.2539
15.6662
11.0729
8.23498
6.72292
6.0511
5.80951
5.73613
5.70913
154.553
149.413
144.977
140.434
135.341
129.393
122.384
114.193
104.81
94.3277
82.9539
71.0092
58.9203
47.1948
36.3734
26.9589
19.3267
13.6425
9.82075
7.55117
6.3926
5.89999
5.72875
5.6752
5.65315
167.386
159.078
151.614
144.321
136.77
128.668
119.81
110.097
99.5295
88.217
76.3801
64.3458
52.5306
41.4072
31.4491
23.057
16.4799
11.7563
8.70262
6.96443
6.1161
5.77056
5.65282
5.61386
5.5968
174.192
163.533
153.678
144.12
134.509
124.601
114.235
103.339
91.9417
80.1749
68.2694
56.5456
45.3903
35.2154
26.4002
19.2236
13.8023
10.0592
7.73979
6.47772
5.88946
5.65885
5.58032
5.55236
5.54039
173.798
161.505
149.947
138.763
127.683
116.522
105.177
93.6217
81.9194
70.2194
58.7528
47.8168
37.7451
28.8643
21.4392
15.6181
11.3941
8.60042
6.94666
6.08863
5.70638
5.56065
5.50978
5.49063
5.48417
165.584
152.401
139.903
127.825
115.983
104.268
92.6285
81.0847
69.7249
58.7062
48.2435
38.5894
30.0016
22.7021
16.8323
12.4176
9.35261
7.4184
6.32826
5.78959
5.55906
5.47201
5.44036
5.42901
5.42851
149.655
136.371
123.739
111.582
99.7966
88.3292
77.1772
66.3899
56.0683
46.3584
37.4379
29.4928
22.6876
17.1323
12.8534
9.77955
7.74672
6.52747
5.8747
5.56678
5.43861
5.38966
5.37183
5.36803
5.37377
127.023
114.464
102.549
91.1787
80.3034
69.9129
60.0326
50.7233
42.0771
34.2073
27.2336
21.2604
16.355
12.5267
9.71609
7.79671
6.59282
5.90847
5.56002
5.40165
5.33635
5.31148
5.30462
5.30835
5.32026
99.7531
88.741
78.3775
68.6172
59.445
50.8708
42.9263
35.6612
29.1372
23.4168
18.5503
14.5621
11.4382
9.12002
7.50599
6.4629
5.84406
5.51027
5.34729
5.27484
5.24559
5.23679
5.23953
5.25054
5.26824
70.9531
62.1995
54.081
46.5811
39.6965
33.4361
27.8166
22.8587
18.5799
14.9877
12.0717
9.79889
8.11058
6.92532
6.14586
5.66994
5.40218
5.26392
5.19848
5.17083
5.16269
5.16604
5.17742
5.19503
5.21789
44.4268
38.3627
32.8681
27.9308
23.5408
19.69
16.369
13.5641
11.255
9.41134
7.99212
6.94546
6.21101
5.72412
5.42127
5.24553
5.1509
5.10427
5.08471
5.08076
5.08681
5.10006
5.11879
5.14198
5.16938
23.8178
20.4111
17.4313
14.857
12.6647
10.8281
9.31905
8.1073
7.1604
6.4438
5.92128
5.55622
5.31317
5.15988
5.06898
5.01913
4.99522
4.98763
4.99082
5.00166
5.01826
5.03924
5.06372
5.09151
5.12299
11.291
9.93887
8.81161
7.88503
7.13439
6.5328
6.05912
5.69448
5.42124
5.22285
5.08405
4.99115
4.93245
4.89849
4.88206
4.87806
4.8831
4.89489
4.91187
4.93281
4.95677
4.98322
5.0121
5.04386
5.07912
6.2251
5.89308
5.62006
5.39731
5.21618
5.07168
4.96066
4.87821
4.81946
4.78003
4.75611
4.74452
4.74265
4.74845
4.76028
4.77687
4.79716
4.82031
4.84561
4.87264
4.90122
4.93156
4.96413
4.99954
5.03835
4.73372
4.67652
4.63202
4.59823
4.57437
4.55976
4.55329
4.55378
4.56017
4.57148
4.5869
4.60568
4.62719
4.65087
4.67623
4.70289
4.73057
4.75912
4.78853
4.81898
4.85081
4.88449
4.92052
4.95935
5.00148
4.28707
4.3001
4.31502
4.33219
4.35168
4.37313
4.39626
4.42078
4.44646
4.47308
4.50046
4.52844
4.55691
4.5858
4.61509
4.64482
4.6751
4.70611
4.73808
4.77134
4.80624
4.84315
4.88239
4.92439
4.97006
4.15701
4.18406
4.21154
4.2394
4.26758
4.29605
4.32475
4.35367
4.38279
4.41212
4.44167
4.47148
4.50161
4.53214
4.56317
4.59485
4.62731
4.66076
4.69541
4.73152
4.76937
4.80919
4.85137
4.8969
4.9478
4.10303
4.13103
4.15926
4.18772
4.21642
4.24538
4.27461
4.30414
4.334
4.36421
4.39482
4.42589
4.45748
4.48966
4.52253
4.55619
4.59079
4.62652
4.66358
4.70221
4.74264
4.78532
4.83137
4.88295
4.94345
4.06391
4.09263
4.12161
4.15086
4.18039
4.21021
4.24035
4.27083
4.30167
4.33292
4.36461
4.39683
4.42965
4.46317
4.4975
4.53282
4.56932
4.60718
4.64665
4.68793
4.73175
4.77959
4.83376
4.89743
4.97439
4.05777
4.0861
4.1147
4.14359
4.17279
4.20233
4.23222
4.26252
4.29332
4.32471
4.35678
4.38963
4.42336
4.45816
4.49424
4.53196
4.57131
4.61257
4.65617
4.70269
4.75489
4.81504
4.88543
4.96854
5.06678
4.07741
4.10545
4.13392
4.16282
4.19219
4.22208
4.25252
4.28372
4.31583
4.3488
4.38269
4.41754
4.45383
4.49194
4.53227
4.57531
4.62107
4.67091
4.72594
4.78764
4.85896
4.93943
5.02978
5.13111
5.24423
4.15817
4.18835
4.21926
4.25102
4.28374
4.31755
4.35257
4.389
4.42701
4.46682
4.50868
4.55285
4.6003
4.65072
4.7043
4.76136
4.8223
4.88756
4.95759
5.03285
5.11375
5.20065
5.29389
5.39373
5.50013
4.48972
4.52701
4.56506
4.60395
4.64374
4.68453
4.72638
4.76938
4.81361
4.85917
4.90616
4.95467
5.00479
5.05664
5.1103
5.16591
5.22356
5.28336
5.34545
5.40986
5.47686
5.54618
5.61857
5.69306
5.77106
5.18822
5.21254
5.23708
5.26192
5.28707
5.31257
5.33844
5.36471
5.39142
5.41862
5.44634
5.47466
5.50362
5.5333
5.56379
5.59518
5.6276
5.66117
5.6961
5.73242
5.77087
5.81039
5.85433
5.89753
5.94936
41.0101
31.2116
19.4288
9.77714
6.88155
6.70056
6.70157
6.80105
7.29389
8.49692
41.4497
32.5135
20.582
10.1912
6.87094
6.67629
6.6681
6.76783
7.23897
8.47585
41.8181
33.2495
21.2912
10.4858
6.86348
6.65694
6.64803
6.74625
7.20941
8.45552
42.213
34.1807
22.1702
10.8544
6.85746
6.63749
6.62616
6.72293
7.17304
8.4353
42.643
35.1656
23.1168
11.2684
6.85344
6.61828
6.60495
6.70026
7.13792
8.41522
43.1158
36.2497
24.1663
11.7434
6.8517
6.59931
6.58386
6.67782
7.10243
8.39529
43.645
37.4374
25.32
12.283
6.8525
6.58056
6.56296
6.65565
7.06744
8.37551
44.2592
38.7391
26.5735
12.8852
6.85568
6.56188
6.54225
6.63369
7.03297
8.35587
44.9913
40.1339
27.895
13.5328
6.86072
6.5433
6.52175
6.61203
6.99969
8.33639
45.853
41.5447
29.2211
14.1883
6.8663
6.52486
6.50147
6.59077
6.96831
8.31704
46.2889
42.8031
30.4322
14.7812
6.87002
6.50636
6.48144
6.57004
6.93977
8.29782
46.5326
43.8551
31.4219
15.2313
6.86862
6.48754
6.46164
6.54998
6.91523
8.2787
46.7113
44.6493
32.0541
15.4368
6.85784
6.46811
6.44208
6.53076
6.8957
8.25967
46.8641
45.1032
32.1887
15.2941
6.8302
6.44798
6.42279
6.51284
6.87996
8.24244
47.0095
45.1153
31.7106
14.7027
6.74056
6.42674
6.40395
6.4966
6.8679
8.22883
47.1553
44.7924
30.3852
13.5497
6.60437
6.40247
6.38653
6.48241
6.86043
8.21966
47.3558
43.8463
27.9246
11.8615
6.47316
6.37534
6.36952
6.47075
6.85818
8.21518
47.5655
41.4548
24.0976
9.93578
6.43715
6.35197
6.35286
6.46232
6.86175
8.21568
47.3615
36.9282
18.9923
8.07354
6.39926
6.32774
6.33667
6.4581
6.87134
8.22121
44.1762
28.7726
12.8543
6.74417
6.354
6.30297
6.32049
6.459
6.88641
8.2313
34.1293
16.6021
7.92996
6.40601
6.30843
6.27798
6.30344
6.4649
6.90507
8.24454
10.9073
7.37812
6.50079
6.33485
6.27676
6.25272
6.28738
6.47369
6.9252
8.25893
7.61389
6.42555
6.31035
6.27531
6.24135
6.22563
6.27246
6.48379
6.94451
8.27278
6.62602
6.35539
6.28174
6.23747
6.20331
6.19897
6.25889
6.49327
6.96112
8.28468
6.38753
6.27798
6.23096
6.19179
6.1669
6.17389
6.24587
6.50065
6.9739
8.29353
6.30092
6.22648
6.1839
6.14851
6.13221
6.14924
6.23247
6.50506
6.98227
8.2987
6.22654
6.17416
6.13552
6.10634
6.09853
6.12466
6.21831
6.506
6.9861
8.29996
6.16762
6.12371
6.08831
6.06577
6.06535
6.09774
6.20329
6.50335
6.9856
8.29734
6.11156
6.07315
6.04216
6.02621
6.03218
6.07051
6.18677
6.4974
6.98118
8.29113
6.05802
6.02343
5.99711
5.98729
5.99883
6.04317
6.16856
6.48856
6.97334
8.28173
6.00523
5.9742
5.95287
5.9487
5.96517
6.0151
6.14896
6.47723
6.96261
8.26956
5.95273
5.92554
5.90924
5.91024
5.93118
5.9864
6.12817
6.46387
6.94955
8.25511
5.90066
5.87733
5.86602
5.8718
5.89687
5.95717
6.10648
6.44896
6.93467
8.23884
5.84881
5.82947
5.82307
5.8333
5.86229
5.92757
6.08419
6.43295
6.91844
8.22115
5.79696
5.78189
5.78032
5.79475
5.8275
5.89777
6.06159
6.41629
6.9013
8.20244
5.7451
5.73456
5.73772
5.75614
5.79259
5.86793
6.03899
6.39937
6.88361
8.18305
5.69324
5.68746
5.69525
5.71751
5.75766
5.83826
6.01669
6.38259
6.86572
8.1633
5.64144
5.64063
5.65292
5.6789
5.72281
5.80895
5.99502
6.36629
6.84794
8.14347
5.58985
5.59409
5.61075
5.64037
5.68818
5.78023
5.97429
6.35083
6.83054
8.12382
5.5386
5.54789
5.56878
5.602
5.65391
5.75239
5.95488
6.33658
6.8138
8.10461
5.48784
5.5021
5.52709
5.5639
5.62021
5.72575
5.93721
6.32389
6.79797
8.0861
5.43773
5.4568
5.48576
5.52622
5.58736
5.70073
5.92174
6.31314
6.78331
8.06854
5.38842
5.4121
5.44492
5.48916
5.55569
5.67784
5.90901
6.30472
6.77006
8.05222
5.34008
5.36813
5.40474
5.45296
5.52567
5.65771
5.89961
6.29901
6.75848
8.03743
5.29284
5.32506
5.36541
5.41801
5.49793
5.64113
5.89424
6.29641
6.7488
8.0245
5.2469
5.28309
5.32723
5.38482
5.47331
5.6291
5.89366
6.29734
6.74131
8.01384
5.2025
5.24252
5.29065
5.35422
5.45301
5.62284
5.89874
6.30219
6.7363
8.00593
5.15997
5.20374
5.25636
5.32742
5.43865
5.62386
5.91042
6.31138
6.73413
8.00141
5.11976
5.1674
5.22556
5.30632
5.43241
5.63396
5.92971
6.32532
6.73512
8.00115
5.08253
5.13467
5.20031
5.2937
5.43713
5.65519
5.95759
6.34441
6.73923
8.00724
5.04955
5.10781
5.18403
5.2936
5.45633
5.68977
5.99502
6.3691
6.74703
8.0225
5.0235
5.09112
5.18219
5.31147
5.49414
5.73989
6.04278
6.39985
6.75917
8.0524
5.01015
5.09213
5.20283
5.35401
5.55473
5.80726
6.10129
6.43725
6.7767
8.11076
5.02057
5.12264
5.25613
5.42804
5.64111
5.89228
6.17028
6.48209
6.8013
8.23116
5.07235
5.19759
5.35214
5.53799
5.75336
5.99302
6.24859
6.5357
6.83686
8.46647
5.1862
5.32983
5.49554
5.6822
5.8866
6.10481
6.33469
6.60109
6.89892
8.86973
5.37346
5.51954
5.67861
5.84927
6.02999
6.22094
6.42896
6.68774
7.09474
9.70182
5.6163
5.74259
5.87615
6.01755
6.16872
6.33623
6.53885
6.82248
8.13972
11.3779
5.85582
5.94871
6.04933
6.16099
6.28984
6.45256
6.68523
7.14107
11.2778
14.1628
6.00923
6.07857
6.15901
6.25652
6.38272
6.56968
6.88864
7.97293
18.8682
17.8184
)
;

boundaryField
{
    inlet
    {
        type            fixedValue;
        value           uniform 0;
    }
    outlet
    {
        type            inletOutlet;
        inletValue      uniform 0;
        value           nonuniform List<scalar> 10(41.0101 31.2116 19.4288 9.77714 6.88155 6.70056 6.70157 6.80105 7.29389 8.49692);
    }
    walls
    {
        type            zeroGradient;
    }
    baffle
    {
        type            zeroGradient;
    }
    front
    {
        type            empty;
    }
    back
    {
        type            empty;
    }
}


// ************************************************************************* //
