/*--------------------------------*- C++ -*----------------------------------*\
| =========                 |                                                 |
| \\      /  F ield         | OpenFOAM: The Open Source CFD Toolbox           |
|  \\    /   O peration     | Version:  v2012                                 |
|   \\  /    A nd           | Website:  www.openfoam.com                      |
|    \\/     M anipulation  |                                                 |
\*---------------------------------------------------------------------------*/
FoamFile
{
    version     2.0;
    format      ascii;
    class       volScalarField;
    location    "503";
    object      p;
}
// * * * * * * * * * * * * * * * * * * * * * * * * * * * * * * * * * * * * * //

dimensions      [0 2 -2 0 0 0 0];


internalField   nonuniform List<scalar> 
6556
(
0.392697
0.392083
0.39175
0.39161
0.39155
0.39155
0.39161
0.39175
0.392082
0.392696
0.392013
0.391839
0.391668
0.391561
0.391512
0.391512
0.391561
0.391667
0.391839
0.392012
0.391541
0.391556
0.391488
0.391414
0.391378
0.391378
0.391413
0.391487
0.391555
0.39154
0.391254
0.39131
0.391274
0.39122
0.391195
0.391195
0.391219
0.391273
0.391308
0.391253
0.391023
0.391083
0.39106
0.391016
0.390995
0.390995
0.391015
0.391058
0.391082
0.391021
0.390803
0.390859
0.39084
0.390804
0.390786
0.390786
0.390802
0.390838
0.390856
0.3908
0.390587
0.390636
0.390616
0.390585
0.39057
0.390569
0.390582
0.390613
0.390631
0.390582
0.390374
0.390416
0.390395
0.390365
0.390351
0.39035
0.390362
0.390389
0.390409
0.390368
0.390164
0.390198
0.390176
0.390147
0.390133
0.390131
0.390141
0.390167
0.390188
0.390154
0.389954
0.389983
0.389959
0.38993
0.389915
0.389912
0.389921
0.389945
0.389967
0.389939
0.389745
0.389769
0.389744
0.389715
0.389698
0.389693
0.389701
0.389723
0.389745
0.389722
0.389538
0.389557
0.389531
0.389501
0.389482
0.389475
0.38948
0.3895
0.389522
0.389502
0.389334
0.38935
0.389321
0.389289
0.389267
0.389256
0.389258
0.389275
0.389296
0.38928
0.389135
0.389148
0.389116
0.38908
0.389052
0.389036
0.389033
0.389046
0.389067
0.389053
0.388944
0.388954
0.388918
0.388875
0.388838
0.388813
0.388803
0.388812
0.388832
0.388822
0.388766
0.388772
0.38873
0.388675
0.388625
0.388585
0.388563
0.388567
0.388589
0.388585
0.388608
0.38861
0.388557
0.388485
0.388411
0.388347
0.388307
0.388304
0.388336
0.388345
0.38848
0.388476
0.388407
0.388308
0.388199
0.388095
0.38802
0.388007
0.388066
0.388112
0.3884
0.388388
0.388296
0.388155
0.387988
0.387815
0.387669
0.387614
0.387725
0.38796
0.38839
0.388369
0.388246
0.388046
0.387793
0.38751
0.387231
0.387104
0.387328
0.388038
0.388482
0.388453
0.388292
0.388013
0.387637
0.387175
0.386619
0.386052
0.385427
0.38148
0.388719
0.388685
0.388485
0.388122
0.387618
0.38698
0.38614
0.38496
0.384355
0.386577
0.389151
0.389119
0.388883
0.388441
0.387815
0.387031
0.386056
0.384571
0.38267
0.384462
0.389829
0.389806
0.389537
0.389017
0.388268
0.38732
0.386181
0.384509
0.381565
0.381961
0.390805
0.390795
0.390495
0.389895
0.389017
0.387891
0.386547
0.384797
0.381576
0.381108
0.392135
0.392141
0.391806
0.39112
0.390108
0.3888
0.38723
0.385339
0.381925
0.380389
0.393878
0.393902
0.393528
0.392742
0.391576
0.390059
0.38822
0.386096
0.382533
0.379671
0.396099
0.39614
0.395722
0.394819
0.393469
0.391703
0.38953
0.387033
0.383273
0.379276
0.398875
0.398935
0.398463
0.397424
0.39586
0.393805
0.39125
0.388245
0.384146
0.379653
0.402294
0.402379
0.401837
0.400643
0.398841
0.39647
0.39353
0.390039
0.385529
0.380743
0.406444
0.406553
0.405932
0.404568
0.402504
0.399787
0.396441
0.392486
0.387654
0.382492
0.411421
0.411551
0.410843
0.409289
0.406931
0.403822
0.400012
0.395552
0.39039
0.384788
0.417338
0.417487
0.416679
0.414906
0.412212
0.408657
0.404306
0.399262
0.393616
0.387546
0.424319
0.424485
0.423558
0.421534
0.418454
0.414387
0.409414
0.403672
0.397376
0.390727
0.432494
0.432675
0.43161
0.429299
0.425781
0.421131
0.415444
0.408886
0.401759
0.394354
0.442004
0.442196
0.440975
0.438344
0.434336
0.429029
0.422531
0.415033
0.406898
0.398538
0.452992
0.453195
0.451801
0.448821
0.444276
0.438247
0.430848
0.422291
0.412984
0.403466
0.465602
0.465816
0.464236
0.460885
0.455772
0.448971
0.440601
0.430888
0.420272
0.409398
0.479967
0.480193
0.478419
0.474686
0.468989
0.461392
0.452013
0.441086
0.429069
0.416689
0.496203
0.496437
0.494465
0.490351
0.484074
0.475687
0.465302
0.453152
0.439702
0.425729
0.514385
0.514623
0.512451
0.507967
0.501136
0.491994
0.480648
0.467323
0.452475
0.436894
0.534536
0.53477
0.532398
0.527565
0.520222
0.510389
0.498168
0.483769
0.467627
0.450508
0.556615
0.556834
0.554262
0.5491
0.5413
0.530864
0.517887
0.502566
0.485299
0.4668
0.580512
0.580696
0.577914
0.572444
0.564245
0.553305
0.539718
0.523661
0.505492
0.485852
0.606034
0.606155
0.603144
0.597375
0.58883
0.57749
0.563444
0.54686
0.528049
0.507566
0.632905
0.632924
0.62965
0.623574
0.614727
0.603079
0.588726
0.571824
0.552642
0.531645
0.660763
0.660632
0.657043
0.650635
0.64151
0.629635
0.615111
0.598086
0.578792
0.557611
0.689163
0.688822
0.684851
0.678068
0.668675
0.656638
0.642059
0.625084
0.60591
0.584842
0.717571
0.716953
0.71252
0.70531
0.695653
0.683513
0.668986
0.652209
0.633348
0.612643
0.745356
0.744388
0.739413
0.731735
0.721835
0.709664
0.695295
0.678853
0.660467
0.640321
0.771762
0.770369
0.764799
0.75666
0.746589
0.734499
0.720423
0.704456
0.68669
0.667253
0.795846
0.79397
0.787863
0.779386
0.769301
0.757475
0.743873
0.728548
0.711544
0.692938
0.816404
0.814048
0.807672
0.799181
0.789392
0.778121
0.765248
0.750769
0.734682
0.717015
0.831527
0.829694
0.823632
0.815498
0.806416
0.796099
0.78428
0.770889
0.755884
0.739256
0.839355
0.839135
0.834759
0.827877
0.820128
0.811257
0.800858
0.788808
0.775048
0.759542
0.841644
0.842306
0.840453
0.836048
0.830472
0.823596
0.814988
0.80451
0.79211
0.777759
0.841932
0.842289
0.842068
0.840488
0.837681
0.833265
0.826796
0.8181
0.807145
0.793942
0.841913
0.841536
0.841739
0.842324
0.842231
0.840432
0.836298
0.829528
0.820073
0.807986
0.842534
0.841686
0.841773
0.843349
0.84533
0.845866
0.843763
0.838615
0.830477
0.819328
0.843644
0.843169
0.843577
0.84561
0.848559
0.85079
0.85054
0.846995
0.84053
0.830888
0.360065
0.363039
0.364916
0.366741
0.368332
0.369575
0.370347
0.370516
0.370175
0.369364
0.368123
0.366644
0.365042
0.363403
0.361913
0.360751
0.36001
0.359748
0.360007
0.360766
0.361901
0.363175
0.36425
0.364838
0.365032
0.368287
0.364575
0.364069
0.365007
0.366186
0.367259
0.368035
0.36831
0.367968
0.367098
0.365877
0.364462
0.36299
0.361586
0.36038
0.359463
0.358914
0.358784
0.359109
0.359875
0.361006
0.36235
0.363678
0.36462
0.36505
0.368598
0.365038
0.363848
0.364072
0.364779
0.365507
0.366036
0.366162
0.365796
0.365025
0.36398
0.362744
0.361439
0.36022
0.359208
0.35847
0.358056
0.357987
0.358276
0.358912
0.35985
0.361004
0.362248
0.363378
0.364161
0.366998
0.363925
0.362792
0.362901
0.363576
0.364262
0.364729
0.364803
0.364397
0.363609
0.362586
0.3614
0.360153
0.358997
0.358057
0.357391
0.357029
0.356979
0.357238
0.357786
0.358581
0.359547
0.360586
0.361604
0.362495
0.367249
0.362877
0.361224
0.361293
0.36213
0.362925
0.36347
0.363584
0.363214
0.362448
0.361422
0.360239
0.35902
0.357908
0.357011
0.356383
0.356045
0.35599
0.356207
0.356673
0.35735
0.358172
0.359049
0.359908
0.360784
0.368369
0.362608
0.359994
0.359895
0.360712
0.361593
0.362245
0.362452
0.362163
0.361453
0.360445
0.35927
0.358069
0.356984
0.35612
0.355526
0.355209
0.355152
0.355333
0.355728
0.356299
0.356993
0.357731
0.358424
0.35916
0.36889
0.362805
0.359652
0.359178
0.359729
0.360565
0.361234
0.361522
0.361321
0.360674
0.359692
0.358526
0.357343
0.356287
0.355457
0.354897
0.354604
0.35455
0.354706
0.355041
0.35552
0.356097
0.356702
0.357233
0.357807
0.369172
0.363521
0.360278
0.35926
0.3594
0.360051
0.360665
0.36095
0.360792
0.360197
0.359237
0.35808
0.356909
0.355877
0.355081
0.354555
0.354287
0.35424
0.354378
0.354667
0.355072
0.35555
0.356041
0.356439
0.356871
0.370299
0.364883
0.361587
0.360134
0.359904
0.360285
0.360745
0.360933
0.360724
0.360152
0.359188
0.35801
0.356831
0.355803
0.355025
0.354522
0.354274
0.354236
0.354363
0.35462
0.35497
0.355373
0.355774
0.356073
0.35638
0.37228
0.366954
0.363577
0.361823
0.361273
0.361372
0.361613
0.361639
0.361303
0.360613
0.359616
0.358375
0.357151
0.356088
0.355298
0.3548
0.354562
0.354532
0.354656
0.354894
0.355208
0.355556
0.355886
0.356108
0.356317
0.374799
0.369579
0.366165
0.364214
0.363391
0.363211
0.363228
0.36309
0.362619
0.361759
0.360615
0.359241
0.357907
0.356749
0.355895
0.355365
0.35512
0.355096
0.355223
0.355456
0.355751
0.356066
0.356342
0.356508
0.356634
0.377648
0.372578
0.369164
0.367097
0.366073
0.365667
0.365463
0.36513
0.364522
0.36356
0.362228
0.360701
0.359153
0.357812
0.356816
0.356193
0.355906
0.355879
0.356014
0.356252
0.356547
0.35685
0.357097
0.357213
0.357254
0.380706
0.375734
0.37233
0.370209
0.369068
0.368508
0.368137
0.367653
0.366896
0.365815
0.364437
0.362826
0.360974
0.35934
0.358094
0.357293
0.356901
0.356834
0.356971
0.357221
0.35753
0.357845
0.35809
0.358151
0.358053
0.383901
0.378892
0.375464
0.3733
0.372084
0.371424
0.370954
0.370396
0.369587
0.368476
0.367083
0.365442
0.363513
0.361492
0.359861
0.358729
0.358127
0.357947
0.358046
0.358295
0.358625
0.358984
0.3593
0.359325
0.358785
0.387234
0.381971
0.378411
0.376166
0.374864
0.374135
0.373624
0.373061
0.372295
0.37128
0.369961
0.368356
0.366551
0.364475
0.362383
0.360746
0.359682
0.359235
0.35924
0.359463
0.359784
0.360157
0.360542
0.360613
0.359299
0.390829
0.385063
0.381129
0.378656
0.377221
0.376426
0.375891
0.375355
0.374691
0.373881
0.372827
0.371428
0.369747
0.3679
0.365771
0.363758
0.362104
0.360943
0.36043
0.360513
0.360825
0.361174
0.361566
0.362015
0.362617
0.394865
0.388327
0.383741
0.380825
0.379147
0.378215
0.377624
0.377104
0.376565
0.375974
0.375211
0.374183
0.37289
0.371343
0.369747
0.367963
0.366123
0.364326
0.362898
0.362027
0.361732
0.361984
0.362743
0.363992
0.365611
0.399592
0.391979
0.386505
0.382923
0.380792
0.379587
0.378872
0.378344
0.377885
0.377442
0.376931
0.376283
0.3755
0.374623
0.373691
0.372689
0.371552
0.370546
0.369614
0.368634
0.367941
0.36781
0.368442
0.370172
0.373302
0.405423
0.396428
0.389764
0.385236
0.382399
0.380731
0.379767
0.379164
0.378721
0.378362
0.378032
0.377707
0.377389
0.3771
0.37691
0.376853
0.37692
0.377221
0.377637
0.378205
0.379042
0.380266
0.381808
0.384201
0.387864
0.412816
0.402172
0.393982
0.38817
0.384328
0.381943
0.380526
0.379688
0.379177
0.37886
0.378643
0.378521
0.378529
0.378683
0.379011
0.379594
0.380498
0.381745
0.383286
0.385092
0.387155
0.389428
0.39183
0.394399
0.397154
0.422223
0.409725
0.399709
0.392268
0.387085
0.383674
0.381534
0.380243
0.379488
0.379078
0.37891
0.378935
0.379157
0.379589
0.380245
0.381189
0.382509
0.384247
0.386322
0.388626
0.391116
0.393754
0.396444
0.399054
0.401469
0.434066
0.4196
0.407528
0.398145
0.391274
0.386496
0.383322
0.381307
0.380093
0.379425
0.379145
0.379183
0.379521
0.380146
0.381046
0.382217
0.383704
0.385589
0.387844
0.390317
0.392896
0.395541
0.398188
0.400732
0.403058
0.448687
0.432254
0.418001
0.406431
0.397553
0.391058
0.386506
0.383449
0.381497
0.380348
0.379786
0.379683
0.37998
0.380651
0.381685
0.383066
0.384755
0.386723
0.388953
0.391364
0.393853
0.396361
0.398838
0.40122
0.403425
0.466279
0.448018
0.431598
0.41771
0.406572
0.398036
0.391752
0.387303
0.384285
0.382361
0.381266
0.380818
0.380908
0.381482
0.382526
0.384016
0.38584
0.387855
0.390004
0.39228
0.394632
0.396985
0.399286
0.401489
0.403539
0.48684
0.467022
0.448609
0.432428
0.418904
0.408079
0.399738
0.393538
0.389096
0.386056
0.384118
0.38305
0.382696
0.382973
0.383867
0.385286
0.38703
0.388951
0.391007
0.393191
0.39543
0.39765
0.399808
0.40186
0.403765
0.510138
0.489142
0.469067
0.450802
0.434936
0.421709
0.411076
0.402808
0.396585
0.392063
0.388926
0.386904
0.385795
0.385485
0.385945
0.387007
0.388444
0.390162
0.392105
0.39419
0.396321
0.398433
0.400473
0.402395
0.404179
0.535716
0.513982
0.492697
0.472728
0.454762
0.439207
0.426197
0.41565
0.407347
0.400995
0.39629
0.392944
0.390711
0.389449
0.389106
0.389536
0.390519
0.391903
0.393582
0.39545
0.39741
0.399379
0.401288
0.403096
0.404787
0.56293
0.540905
0.518914
0.497743
0.478097
0.460493
0.44522
0.432352
0.421798
0.413355
0.406763
0.401743
0.398023
0.395406
0.393904
0.39347
0.393795
0.394617
0.395816
0.397292
0.398941
0.400663
0.402378
0.404028
0.405596
0.591029
0.569107
0.546895
0.52506
0.504262
0.485055
0.467834
0.452808
0.44002
0.42938
0.420706
0.413767
0.408303
0.404058
0.400989
0.399272
0.398682
0.398739
0.399248
0.400129
0.401284
0.402602
0.40399
0.405378
0.406717
0.619247
0.597737
0.575703
0.553689
0.532272
0.511988
0.493276
0.476437
0.461628
0.448874
0.438094
0.429132
0.421786
0.415823
0.41104
0.407556
0.405516
0.40455
0.40421
0.404314
0.404772
0.405489
0.406376
0.407353
0.408354
0.646888
0.626001
0.604428
0.582606
0.561019
0.540152
0.520441
0.502231
0.485757
0.471141
0.4584
0.447467
0.438214
0.430477
0.424068
0.41887
0.414954
0.412325
0.410747
0.409917
0.409557
0.409529
0.409761
0.41017
0.410679
0.673393
0.653254
0.632308
0.610909
0.589462
0.568392
0.548105
0.528956
0.511222
0.495089
0.480654
0.467932
0.456873
0.447381
0.439335
0.432608
0.427074
0.422689
0.419428
0.417119
0.415553
0.414577
0.414055
0.413818
0.413741
0.698364
0.67903
0.658781
0.637912
0.616769
0.595725
0.575156
0.555406
0.536767
0.519463
0.503646
0.489392
0.476717
0.465587
0.455931
0.447663
0.44068
0.434883
0.430123
0.426286
0.423325
0.42111
0.419472
0.418275
0.417412
0.721542
0.703026
0.683473
0.663145
0.64235
0.621429
0.600733
0.580593
0.561303
0.543107
0.526189
0.510669
0.496612
0.484029
0.472896
0.463158
0.454738
0.447548
0.441477
0.43642
0.432264
0.428852
0.426049
0.423807
0.422062
0.742783
0.725056
0.706148
0.686304
0.665816
0.645013
0.624232
0.603798
0.584005
0.565105
0.547302
0.530744
0.515528
0.501702
0.489275
0.478219
0.468484
0.459998
0.452672
0.446407
0.441094
0.436619
0.432875
0.429772
0.427216
0.761927
0.744921
0.726567
0.707118
0.686862
0.666121
0.645238
0.624538
0.604316
0.58483
0.566294
0.548877
0.532695
0.517824
0.504295
0.492106
0.481226
0.4716
0.463157
0.455808
0.44946
0.444012
0.439361
0.435411
0.432067
0.778966
0.762564
0.744613
0.725385
0.705193
0.68439
0.663333
0.642347
0.621724
0.601722
0.582562
0.564423
0.547438
0.531697
0.51725
0.504114
0.492273
0.481688
0.472299
0.464032
0.456801
0.450515
0.445077
0.440395
0.436374
0.793753
0.777787
0.760068
0.740944
0.720747
0.69983
0.678567
0.657296
0.63631
0.615865
0.596183
0.577451
0.55981
0.543363
0.528171
0.514263
0.501638
0.490266
0.480099
0.471073
0.46311
0.456126
0.450031
0.444735
0.440149
0.805546
0.78978
0.772138
0.752984
0.732689
0.71163
0.69016
0.668609
0.647275
0.626422
0.606281
0.587042
0.568856
0.551834
0.536048
0.521536
0.508306
0.496336
0.485585
0.475994
0.467493
0.46
0.453428
0.447686
0.442679
0.817988
0.802498
0.784956
0.76578
0.745339
0.724014
0.702185
0.680197
0.658364
0.636963
0.616235
0.596379
0.577556
0.559885
0.54345
0.528296
0.514437
0.501858
0.490526
0.48039
0.471382
0.463422
0.456426
0.450307
0.444981
0.356543
0.356422
0.356409
0.362976
0.362944
0.367173
0.367802
0.37285
0.380745
0.377388
0.383534
0.390497
0.391697
0.395132
0.398408
0.399722
0.401872
0.403719
0.403495
0.405165
0.406581
0.404963
0.406494
0.40777
0.405261
0.406751
0.408003
0.405271
0.406704
0.407936
0.40539
0.406749
0.407935
0.405707
0.406983
0.408102
0.406222
0.407408
0.408452
0.406943
0.408046
0.409001
0.407883
0.408881
0.409771
0.409259
0.41004
0.410753
0.411195
0.411679
0.412142
0.413771
0.413859
0.413979
0.416829
0.416436
0.416147
0.420781
0.419816
0.419013
0.425237
0.423672
0.422317
0.429418
0.427295
0.425442
0.433146
0.430538
0.428247
0.436441
0.433416
0.430746
0.438579
0.43524
0.432285
0.440555
0.436885
0.433706
0.432331
0.432286
0.432187
0.431849
0.431003
0.429653
0.427927
0.42595
0.423832
0.421657
0.419484
0.417356
0.4153
0.413331
0.411461
0.409694
0.408031
0.406473
0.405016
0.403658
0.402397
0.401227
0.400146
0.399151
0.398237
0.397404
0.396648
0.395967
0.39536
0.394826
0.394365
0.393977
0.393662
0.393422
0.393259
0.393175
0.393172
0.393259
0.393437
0.39371
0.394081
0.394556
0.395146
0.39586
0.396704
0.397683
0.398805
0.400078
0.40151
0.403107
0.404874
0.406814
0.408926
0.411207
0.413646
0.416229
0.41893
0.421711
0.424521
0.427293
0.429942
0.432349
0.434344
0.435765
0.436561
0.43685
0.436551
0.435613
0.434139
0.432111
0.4296
0.42699
0.424618
0.422687
0.421492
0.421297
0.42216
0.423692
0.42506
0.425699
0.432445
0.432327
0.432179
0.431646
0.430613
0.429187
0.427448
0.425502
0.423439
0.42133
0.419227
0.417164
0.415167
0.41325
0.411425
0.409695
0.408063
0.406529
0.405092
0.403751
0.402501
0.40134
0.400264
0.399272
0.398359
0.397524
0.396764
0.396077
0.395462
0.394917
0.394444
0.39404
0.393708
0.393448
0.393263
0.393154
0.393124
0.393173
0.393307
0.393533
0.393856
0.394281
0.394812
0.395453
0.396214
0.397101
0.398123
0.399285
0.400592
0.40205
0.403662
0.40543
0.407352
0.409423
0.411633
0.413967
0.416402
0.418902
0.421424
0.423909
0.426286
0.428465
0.430324
0.431749
0.43272
0.433278
0.433316
0.43266
0.43126
0.429256
0.426841
0.424357
0.422169
0.420462
0.419472
0.419392
0.42033
0.422097
0.424042
0.425236
0.432575
0.432157
0.431603
0.430715
0.429483
0.427986
0.426276
0.424421
0.422481
0.420503
0.418528
0.416584
0.414692
0.412867
0.411121
0.409458
0.407884
0.406399
0.405003
0.403695
0.402473
0.401335
0.400279
0.399301
0.398399
0.397572
0.396816
0.396131
0.395514
0.394966
0.394485
0.394071
0.393726
0.393449
0.393243
0.393109
0.393051
0.39307
0.39317
0.393355
0.39363
0.394001
0.394472
0.395048
0.395736
0.396541
0.39747
0.398529
0.399722
0.401054
0.402526
0.404141
0.405895
0.407784
0.409799
0.411923
0.414137
0.416409
0.418703
0.420968
0.42315
0.425188
0.426996
0.428446
0.429462
0.430042
0.430122
0.429599
0.428472
0.426831
0.424795
0.422642
0.420714
0.41925
0.418392
0.418226
0.418806
0.420067
0.421736
0.423191
0.432036
0.431323
0.430458
0.429363
0.428037
0.426527
0.424874
0.42312
0.421303
0.419456
0.417609
0.415785
0.414004
0.412279
0.410621
0.409037
0.407531
0.406105
0.404761
0.403497
0.402314
0.401208
0.400178
0.399222
0.398338
0.397523
0.396777
0.396096
0.395481
0.394931
0.394444
0.39402
0.393661
0.393367
0.393139
0.392979
0.392889
0.392872
0.39293
0.393069
0.393292
0.393603
0.394007
0.39451
0.395116
0.395831
0.396662
0.397612
0.398688
0.399892
0.401227
0.402694
0.404293
0.406018
0.407863
0.409815
0.411855
0.413961
0.4161
0.418232
0.420311
0.42229
0.424117
0.42569
0.426854
0.427527
0.42768
0.427278
0.426355
0.425016
0.423345
0.421488
0.419734
0.418361
0.417516
0.417268
0.417602
0.418423
0.419566
0.420819
0.430724
0.429846
0.42888
0.427739
0.426407
0.424929
0.423342
0.42168
0.419969
0.418237
0.416506
0.414795
0.413121
0.411496
0.40993
0.40843
0.406999
0.405641
0.404356
0.403145
0.402007
0.400941
0.399945
0.399017
0.398156
0.39736
0.396628
0.395957
0.395348
0.394798
0.394308
0.393878
0.393507
0.393197
0.392949
0.392764
0.392644
0.392592
0.392611
0.392704
0.392875
0.393128
0.393468
0.393899
0.394426
0.395054
0.395789
0.396636
0.397599
0.398682
0.399887
0.401216
0.402668
0.404241
0.405928
0.407719
0.409601
0.411552
0.413547
0.415553
0.417527
0.419424
0.42119
0.42275
0.423989
0.424817
0.425192
0.42509
0.424524
0.42356
0.422259
0.420716
0.419175
0.417905
0.417077
0.416754
0.416898
0.417415
0.418127
0.419073
0.428942
0.427955
0.426972
0.425849
0.424559
0.423145
0.421641
0.420075
0.418471
0.416852
0.415235
0.413637
0.412072
0.41055
0.409081
0.407669
0.406319
0.405034
0.403815
0.402663
0.401577
0.400556
0.399599
0.398705
0.397872
0.397098
0.396383
0.395726
0.395124
0.394578
0.394088
0.393652
0.393272
0.392947
0.39268
0.392471
0.392322
0.392236
0.392215
0.392262
0.392382
0.392577
0.392853
0.393213
0.393662
0.394205
0.394847
0.395592
0.396445
0.397409
0.398487
0.399682
0.400992
0.402416
0.403949
0.405584
0.407309
0.409107
0.410959
0.412835
0.414702
0.416519
0.418235
0.419787
0.421095
0.422099
0.422756
0.423032
0.422898
0.422369
0.42147
0.420282
0.419016
0.417911
0.417137
0.416763
0.416761
0.417041
0.417417
0.417999
0.426725
0.425729
0.42479
0.423722
0.422509
0.421186
0.419785
0.418329
0.416841
0.41534
0.413841
0.412359
0.410906
0.409491
0.40812
0.406801
0.405536
0.404328
0.403179
0.402089
0.401058
0.400086
0.399171
0.398313
0.397511
0.396762
0.396067
0.395425
0.394833
0.394293
0.393803
0.393363
0.392974
0.392636
0.392351
0.392119
0.391942
0.391822
0.391763
0.391766
0.391835
0.391975
0.392188
0.39248
0.392854
0.393315
0.393866
0.394514
0.395261
0.396112
0.39707
0.398135
0.399309
0.400592
0.401978
0.403463
0.405038
0.40669
0.408401
0.41015
0.41191
0.413647
0.415322
0.416885
0.418283
0.419465
0.420385
0.421004
0.421283
0.421205
0.420774
0.420042
0.419155
0.418308
0.41766
0.417271
0.417134
0.417184
0.417299
0.417577
0.42416
0.423226
0.422372
0.421397
0.420295
0.419091
0.417813
0.416484
0.415124
0.413749
0.412375
0.411013
0.409675
0.408368
0.407099
0.405873
0.404694
0.403565
0.402487
0.401461
0.400487
0.399564
0.398693
0.397873
0.397102
0.39638
0.395706
0.395079
0.394498
0.393964
0.393476
0.393033
0.392636
0.392286
0.391984
0.39173
0.391526
0.391375
0.391278
0.391239
0.391261
0.391347
0.391501
0.391728
0.392032
0.392415
0.392883
0.39344
0.394089
0.394835
0.395681
0.396628
0.397678
0.39883
0.400082
0.401431
0.40287
0.404388
0.405973
0.407607
0.409269
0.410934
0.412569
0.41414
0.415607
0.416934
0.41807
0.418984
0.419652
0.420033
0.420113
0.4199
0.419478
0.418972
0.418512
0.418125
0.417853
0.417718
0.417645
0.417683
0.42134
0.420495
0.419748
0.418903
0.417948
0.416894
0.415766
0.414584
0.413367
0.41213
0.410888
0.409651
0.40843
0.407233
0.406065
0.404933
0.40384
0.402789
0.401781
0.400818
0.399899
0.399026
0.398198
0.397414
0.396675
0.395978
0.395325
0.394714
0.394144
0.393616
0.39313
0.392684
0.392281
0.39192
0.391601
0.391327
0.391098
0.390917
0.390785
0.390706
0.390683
0.390719
0.390819
0.390986
0.391224
0.391537
0.391929
0.392403
0.392965
0.393618
0.394364
0.395206
0.396146
0.397185
0.398321
0.399552
0.400873
0.402278
0.403756
0.405295
0.406879
0.408486
0.410095
0.411677
0.413211
0.41467
0.415974
0.417125
0.418135
0.418926
0.419483
0.419781
0.41985
0.419723
0.419463
0.419106
0.418737
0.418436
0.418206
0.418042
0.418254
0.41752
0.416919
0.416256
0.415497
0.414635
0.413689
0.412679
0.411623
0.410537
0.409433
0.408325
0.407223
0.406135
0.405067
0.404026
0.403016
0.402039
0.401098
0.400195
0.399329
0.398503
0.397715
0.396966
0.396255
0.395583
0.394949
0.394352
0.393793
0.393271
0.392786
0.392338
0.391928
0.391556
0.391223
0.390929
0.390677
0.390468
0.390303
0.390187
0.390123
0.390113
0.390163
0.390276
0.390456
0.390706
0.391031
0.391434
0.391919
0.39249
0.393151
0.393904
0.394752
0.395695
0.396735
0.397869
0.399096
0.400411
0.401806
0.403273
0.404799
0.406369
0.407965
0.409566
0.411148
0.412693
0.414195
0.415604
0.416863
0.417963
0.418919
0.41965
0.420134
0.420411
0.42039
0.420081
0.41963
0.419129
0.418697
0.418339
0.41474
0.414174
0.413827
0.413461
0.412978
0.412363
0.41164
0.41083
0.409953
0.409026
0.408067
0.407088
0.406103
0.40512
0.404148
0.403193
0.402259
0.401352
0.400472
0.399623
0.398806
0.398021
0.397269
0.396551
0.395867
0.395216
0.394598
0.394014
0.393463
0.392946
0.392462
0.392012
0.391595
0.391213
0.390866
0.390555
0.390281
0.390045
0.38985
0.3897
0.389598
0.389547
0.389553
0.389617
0.389746
0.389942
0.390209
0.39055
0.390971
0.391475
0.392065
0.392745
0.393518
0.394385
0.395348
0.396408
0.397564
0.398812
0.400149
0.401568
0.403061
0.404616
0.406221
0.407858
0.40951
0.411156
0.41278
0.414362
0.415891
0.417323
0.418599
0.419642
0.420481
0.421052
0.421263
0.421058
0.420491
0.419798
0.418988
0.418356
0.410445
0.410261
0.410384
0.410513
0.410441
0.410148
0.409689
0.409105
0.408421
0.407661
0.406845
0.405993
0.405118
0.404233
0.403347
0.402469
0.401604
0.400757
0.399931
0.399129
0.398353
0.397604
0.396883
0.396191
0.395528
0.394894
0.39429
0.393716
0.393171
0.392657
0.392173
0.39172
0.391297
0.390905
0.390545
0.390218
0.389923
0.389663
0.38944
0.389257
0.389121
0.389034
0.389
0.389024
0.389108
0.389258
0.389476
0.389767
0.390136
0.390585
0.391118
0.391741
0.392456
0.393265
0.394172
0.395178
0.396284
0.397488
0.39879
0.400185
0.401667
0.40323
0.404863
0.406554
0.408289
0.410051
0.411821
0.413578
0.415301
0.416965
0.418573
0.42001
0.421222
0.422102
0.422551
0.422421
0.421634
0.420631
0.419362
0.418136
0.404285
0.405183
0.406422
0.407362
0.407912
0.408069
0.407923
0.407586
0.407101
0.406504
0.405824
0.405086
0.40431
0.40351
0.402699
0.401885
0.401077
0.40028
0.399498
0.398734
0.397991
0.39727
0.396573
0.3959
0.395253
0.394632
0.394038
0.39347
0.39293
0.392417
0.391932
0.391474
0.391045
0.390644
0.390272
0.38993
0.389617
0.389333
0.389081
0.388868
0.3887
0.388582
0.388515
0.388504
0.388552
0.388663
0.388842
0.389093
0.389419
0.389826
0.390317
0.390896
0.391569
0.392337
0.393206
0.394177
0.395252
0.396433
0.39772
0.399112
0.400605
0.402196
0.403876
0.405638
0.407471
0.40936
0.41129
0.413241
0.41519
0.417111
0.418974
0.420732
0.422376
0.423712
0.424566
0.424754
0.424169
0.422619
0.41987
0.417413
0.394922
0.399294
0.402213
0.40418
0.405484
0.406223
0.406467
0.406372
0.406069
0.405617
0.405054
0.404411
0.403714
0.402981
0.402227
0.401463
0.400698
0.399938
0.399188
0.398451
0.397731
0.39703
0.396349
0.39569
0.395053
0.39444
0.393851
0.393287
0.392748
0.392234
0.391746
0.391284
0.390848
0.390438
0.390057
0.389702
0.389373
0.389064
0.388781
0.388534
0.388338
0.388194
0.388102
0.388062
0.388081
0.388163
0.388311
0.38853
0.388825
0.3892
0.38966
0.39021
0.390854
0.391596
0.392442
0.393394
0.394457
0.395632
0.396922
0.398328
0.399849
0.401484
0.403228
0.405077
0.407023
0.409055
0.41116
0.413323
0.415522
0.417733
0.419927
0.422067
0.424124
0.425988
0.427485
0.42851
0.429526
0.428792
0.422892
0.415037
0.376139
0.391356
0.397647
0.401283
0.403435
0.404747
0.405413
0.405562
0.405402
0.405055
0.404575
0.403998
0.403354
0.402665
0.401948
0.401215
0.400476
0.399739
0.399008
0.398288
0.397581
0.396891
0.396218
0.395565
0.394933
0.394322
0.393735
0.393171
0.39263
0.392114
0.391622
0.391155
0.390712
0.390294
0.389903
0.389535
0.389184
0.388852
0.388548
0.388277
0.38805
0.387878
0.387763
0.387703
0.3877
0.387759
0.387884
0.38808
0.388353
0.388706
0.389146
0.389677
0.390304
0.391034
0.391869
0.392816
0.39388
0.395063
0.39637
0.397804
0.399367
0.401059
0.402879
0.404826
0.406895
0.409081
0.411376
0.413766
0.41624
0.418778
0.421358
0.42396
0.426564
0.429138
0.431654
0.434177
0.43692
0.439379
0.440052
0.443898
0.380138
0.390399
0.396203
0.400198
0.402578
0.404052
0.404909
0.405231
0.405158
0.404857
0.404411
0.403862
0.403239
0.402566
0.401863
0.401142
0.400413
0.399684
0.398959
0.398244
0.397541
0.396852
0.396181
0.395528
0.394895
0.394283
0.393693
0.393126
0.392582
0.392062
0.391565
0.391091
0.390642
0.390216
0.38981
0.389418
0.389044
0.388698
0.388385
0.388105
0.387855
0.387651
0.387507
0.387428
0.387409
0.387452
0.387561
0.387742
0.388
0.38834
0.388769
0.389291
0.389912
0.390638
0.391475
0.392428
0.393503
0.394705
0.39604
0.397512
0.399124
0.40088
0.402783
0.404832
0.407029
0.409372
0.411857
0.41448
0.417233
0.420108
0.423094
0.42618
0.429361
0.432636
0.436036
0.439675
0.443673
0.448009
0.453501
0.462865
0.388898
0.394839
0.398732
0.40154
0.403311
0.404443
0.405131
0.405422
0.405351
0.405032
0.404563
0.403995
0.403358
0.402675
0.401963
0.401234
0.400499
0.399764
0.399035
0.398315
0.397606
0.396913
0.396236
0.395578
0.394939
0.394321
0.393726
0.393154
0.392606
0.392081
0.391579
0.3911
0.390643
0.390201
0.389769
0.389354
0.388967
0.388615
0.388295
0.388007
0.38775
0.387528
0.387352
0.387242
0.387206
0.387239
0.38734
0.387513
0.387764
0.388099
0.388524
0.389045
0.389668
0.390399
0.391246
0.392213
0.393308
0.394536
0.395905
0.39742
0.399087
0.40091
0.402895
0.405046
0.407365
0.409855
0.41252
0.415359
0.418374
0.421565
0.424932
0.428478
0.432208
0.436126
0.44027
0.44469
0.449362
0.454263
0.459754
0.466464
0.395985
0.399653
0.402189
0.403904
0.404991
0.405656
0.406007
0.406097
0.405935
0.40555
0.405009
0.404375
0.403688
0.402968
0.402228
0.401476
0.400722
0.399971
0.399227
0.398493
0.397774
0.397069
0.396382
0.395714
0.395066
0.39444
0.393838
0.393261
0.392708
0.39218
0.391675
0.391186
0.390705
0.390234
0.389781
0.389357
0.388966
0.388608
0.388283
0.387989
0.38773
0.387504
0.387317
0.387179
0.38711
0.387121
0.387215
0.387388
0.38764
0.387977
0.388405
0.388932
0.389564
0.390307
0.391169
0.392156
0.393277
0.394537
0.395944
0.397505
0.399226
0.401115
0.403177
0.405419
0.407847
0.410468
0.413287
0.416312
0.419551
0.423013
0.426704
0.430626
0.434771
0.439092
0.443574
0.448258
0.453115
0.458159
0.463717
0.469869
0.401334
0.4036
0.40521
0.406248
0.406867
0.407175
0.407239
0.40711
0.406806
0.406329
0.405695
0.404962
0.404196
0.40342
0.402636
0.401851
0.401069
0.400294
0.39953
0.398779
0.398043
0.397324
0.396623
0.395943
0.395284
0.394648
0.394038
0.393455
0.3929
0.392368
0.391844
0.391325
0.390814
0.390325
0.389868
0.389442
0.389049
0.388688
0.38836
0.388064
0.387804
0.387579
0.387395
0.387254
0.387165
0.387143
0.387207
0.387366
0.387622
0.387969
0.388408
0.388948
0.389594
0.390354
0.391237
0.392249
0.393398
0.394692
0.396138
0.397744
0.399517
0.401465
0.403595
0.405916
0.408435
0.411161
0.414103
0.417274
0.420687
0.424355
0.428255
0.432342
0.436606
0.441042
0.445609
0.450307
0.455195
0.460314
0.4657
0.471254
0.40537
0.406722
0.407669
0.408258
0.408557
0.40862
0.408492
0.408213
0.407802
0.40724
0.406511
0.405679
0.404829
0.403992
0.403163
0.402341
0.401528
0.400726
0.399939
0.399167
0.398413
0.397679
0.396965
0.396272
0.395603
0.394958
0.394339
0.393749
0.393182
0.392621
0.392061
0.391514
0.390995
0.390505
0.390046
0.389618
0.389223
0.388861
0.388532
0.388239
0.38798
0.38776
0.387581
0.387449
0.387368
0.387341
0.387382
0.387509
0.387736
0.388072
0.388524
0.389083
0.38975
0.390534
0.391443
0.392482
0.393662
0.394991
0.396475
0.398123
0.399942
0.401942
0.404129
0.406512
0.409101
0.411904
0.414936
0.418207
0.421718
0.425445
0.429365
0.433463
0.437724
0.442173
0.446811
0.451614
0.456571
0.461663
0.466848
0.472014
0.407798
0.408748
0.409374
0.409725
0.409845
0.409772
0.40954
0.409184
0.40872
0.408104
0.407299
0.406396
0.405498
0.404621
0.403756
0.402902
0.402062
0.401236
0.400427
0.399636
0.398866
0.398117
0.397391
0.396689
0.396012
0.39536
0.394734
0.394126
0.393522
0.392921
0.392338
0.391787
0.391266
0.390774
0.390313
0.389884
0.389488
0.389126
0.3888
0.38851
0.388257
0.388045
0.387875
0.387754
0.387687
0.387678
0.387733
0.387857
0.388063
0.388373
0.388798
0.389344
0.390024
0.390837
0.391775
0.392844
0.394057
0.395422
0.396944
0.398631
0.400491
0.402533
0.404766
0.407198
0.409837
0.41269
0.415771
0.419066
0.422557
0.426238
0.430118
0.434219
0.438541
0.443062
0.447751
0.452573
0.457497
0.462483
0.467474
0.472373
0.408863
0.409711
0.410262
0.410558
0.410638
0.410536
0.410286
0.409919
0.409439
0.408778
0.407936
0.407026
0.406124
0.405233
0.404351
0.403479
0.402621
0.40178
0.400955
0.400151
0.399368
0.398607
0.397871
0.397159
0.396474
0.395817
0.395176
0.394535
0.393894
0.393274
0.392686
0.392132
0.391608
0.391114
0.390652
0.390224
0.38983
0.389471
0.38915
0.388867
0.388623
0.388421
0.388265
0.388159
0.388109
0.388119
0.388197
0.388347
0.388578
0.388895
0.389307
0.389835
0.390498
0.391297
0.392237
0.393324
0.394571
0.395976
0.397537
0.399261
0.401157
0.403236
0.405504
0.407973
0.410644
0.413507
0.416561
0.41981
0.423252
0.426912
0.430817
0.434956
0.439303
0.443828
0.448497
0.453274
0.458121
0.462987
0.46781
0.472509
0.409096
0.409966
0.410555
0.410896
0.411022
0.410963
0.410747
0.410402
0.409911
0.40923
0.408408
0.407541
0.406663
0.405781
0.4049
0.404027
0.403166
0.402319
0.40149
0.400679
0.39989
0.399122
0.398378
0.397658
0.396965
0.396291
0.39562
0.394947
0.394293
0.393671
0.393081
0.392523
0.391997
0.391504
0.391044
0.390618
0.390229
0.389877
0.389564
0.389291
0.38906
0.388873
0.388734
0.388647
0.388617
0.388649
0.388751
0.388927
0.389187
0.389536
0.389982
0.390536
0.391201
0.39199
0.392925
0.394016
0.395264
0.396674
0.398252
0.400002
0.401927
0.404031
0.406317
0.408787
0.411446
0.41429
0.417313
0.420535
0.423985
0.42767
0.431587
0.435719
0.440043
0.44453
0.449145
0.453851
0.458603
0.463351
0.468033
0.472585
0.409039
0.409945
0.410587
0.410988
0.411174
0.411165
0.410983
0.41064
0.410137
0.409485
0.408732
0.407926
0.407088
0.406232
0.405371
0.404512
0.40366
0.402821
0.401996
0.401189
0.4004
0.399633
0.398886
0.398161
0.397455
0.396751
0.396048
0.395365
0.394711
0.394089
0.393498
0.39294
0.392415
0.391925
0.391469
0.391051
0.39067
0.390328
0.390027
0.389768
0.389553
0.389384
0.389266
0.389201
0.389194
0.389252
0.389379
0.389583
0.38987
0.390249
0.390727
0.391312
0.392013
0.392837
0.393798
0.3949
0.396146
0.397549
0.399125
0.400878
0.402807
0.404912
0.407195
0.409654
0.412294
0.415128
0.418163
0.421407
0.42487
0.428553
0.432452
0.436552
0.440832
0.445262
0.449807
0.454429
0.459083
0.463723
0.468292
0.472739
0.409015
0.409925
0.410589
0.41102
0.411234
0.411251
0.411084
0.41074
0.410232
0.409601
0.408901
0.408159
0.407375
0.40656
0.405732
0.4049
0.404071
0.40325
0.40244
0.401645
0.400867
0.400113
0.399374
0.398638
0.397901
0.397168
0.396456
0.395775
0.395125
0.394506
0.393919
0.393366
0.392848
0.392365
0.391919
0.391511
0.391143
0.390815
0.39053
0.390288
0.390093
0.389947
0.389851
0.389811
0.389831
0.389915
0.39007
0.390303
0.39062
0.391028
0.391536
0.392152
0.392884
0.393739
0.394727
0.395854
0.397126
0.398552
0.400141
0.401898
0.403827
0.405932
0.408215
0.41068
0.413333
0.416179
0.419223
0.42247
0.425924
0.429588
0.433455
0.437512
0.441736
0.446098
0.450566
0.455102
0.459666
0.464213
0.468696
0.47307
0.409132
0.410015
0.410666
0.411095
0.411316
0.411344
0.411196
0.410876
0.410385
0.409772
0.409091
0.408361
0.407595
0.406809
0.406013
0.405214
0.404415
0.403621
0.402835
0.402057
0.401289
0.400529
0.399775
0.399022
0.398274
0.397543
0.396841
0.39617
0.39553
0.39492
0.394343
0.393801
0.393295
0.392825
0.392393
0.392
0.391648
0.391338
0.391072
0.390851
0.390678
0.390555
0.390485
0.390472
0.390519
0.390633
0.390819
0.391083
0.391432
0.391873
0.392414
0.393063
0.393827
0.394714
0.395732
0.39689
0.398192
0.399646
0.40126
0.403039
0.404989
0.407112
0.409412
0.411894
0.41456
0.417415
0.420462
0.423704
0.427145
0.430784
0.434614
0.438622
0.442785
0.447079
0.451471
0.455929
0.460414
0.464887
0.469308
0.473639
0.409422
0.410263
0.41088
0.411289
0.411504
0.411537
0.411403
0.411112
0.410674
0.410108
0.409439
0.408703
0.407937
0.407158
0.406371
0.40558
0.404788
0.404
0.403217
0.402439
0.401664
0.400887
0.400117
0.399366
0.398635
0.397923
0.397237
0.396578
0.39595
0.395353
0.39479
0.394261
0.393769
0.393315
0.392899
0.392524
0.39219
0.391899
0.391652
0.391453
0.391303
0.391204
0.391161
0.391176
0.391254
0.3914
0.39162
0.391919
0.392305
0.392783
0.393361
0.394047
0.394849
0.395773
0.396828
0.39802
0.399356
0.400844
0.402489
0.404298
0.406275
0.408423
0.410746
0.413247
0.415929
0.418794
0.421846
0.425085
0.428512
0.432126
0.43592
0.43988
0.443987
0.448217
0.452543
0.456933
0.461354
0.465773
0.470155
0.474468
0.409879
0.410655
0.411243
0.41163
0.411821
0.411844
0.41171
0.411429
0.411015
0.410485
0.409857
0.409156
0.408408
0.407632
0.406838
0.406036
0.40523
0.404426
0.403627
0.402836
0.402053
0.401279
0.400518
0.399776
0.399054
0.398353
0.397678
0.397031
0.396414
0.395829
0.395278
0.394763
0.394284
0.393845
0.393444
0.393085
0.392768
0.392495
0.392269
0.392091
0.391964
0.391891
0.391876
0.391922
0.392033
0.392214
0.392471
0.392809
0.393235
0.393755
0.394375
0.395104
0.395948
0.396915
0.398011
0.399244
0.40062
0.402145
0.403827
0.405669
0.407676
0.409852
0.412199
0.414721
0.417419
0.420295
0.423351
0.426587
0.430002
0.433594
0.437355
0.441273
0.44533
0.449506
0.453776
0.458113
0.462489
0.466873
0.471237
0.475554
0.410566
0.411229
0.41174
0.412086
0.412253
0.412261
0.412119
0.411834
0.411423
0.410906
0.410297
0.409615
0.408881
0.408112
0.407321
0.406518
0.40571
0.404901
0.404097
0.403301
0.402516
0.401744
0.400988
0.40025
0.399533
0.39884
0.398173
0.397534
0.396926
0.396352
0.395811
0.395307
0.39484
0.394413
0.394026
0.393682
0.393382
0.393127
0.392921
0.392765
0.392663
0.392618
0.392633
0.392712
0.392859
0.393078
0.393375
0.393756
0.394225
0.39479
0.395457
0.396232
0.397124
0.398138
0.399281
0.400559
0.401978
0.403546
0.405267
0.407145
0.409184
0.411387
0.413758
0.416298
0.41901
0.421895
0.424954
0.428185
0.431588
0.43516
0.438893
0.442776
0.446793
0.450926
0.455153
0.459452
0.463797
0.468165
0.472531
0.476876
0.41144
0.412018
0.412425
0.412675
0.412783
0.41276
0.412602
0.412303
0.411889
0.411378
0.410777
0.410103
0.409374
0.40861
0.407823
0.407022
0.406215
0.405408
0.404605
0.40381
0.403027
0.402258
0.401505
0.400771
0.40006
0.399372
0.398712
0.39808
0.39748
0.396913
0.396382
0.395888
0.395433
0.395018
0.394646
0.394317
0.394034
0.393798
0.393614
0.393483
0.393408
0.393392
0.393439
0.393553
0.393738
0.393998
0.394338
0.394763
0.395279
0.395892
0.396609
0.397437
0.39838
0.399443
0.400633
0.401957
0.40342
0.40503
0.406792
0.408708
0.410776
0.413003
0.415391
0.417945
0.420666
0.423555
0.426612
0.429836
0.433227
0.43678
0.440493
0.444351
0.448339
0.45244
0.456637
0.460912
0.465243
0.469611
0.474001
0.478387
0.41259
0.412971
0.413237
0.41339
0.413427
0.413333
0.413113
0.412785
0.412363
0.411854
0.411263
0.410598
0.409879
0.409122
0.408343
0.407549
0.406747
0.405943
0.405143
0.404351
0.403571
0.402805
0.402057
0.401328
0.400622
0.399941
0.399288
0.398664
0.398072
0.397515
0.396993
0.396507
0.396062
0.395661
0.395306
0.394995
0.394731
0.394517
0.394356
0.394251
0.394205
0.394221
0.394303
0.394455
0.394681
0.394983
0.395366
0.395835
0.396397
0.397058
0.397824
0.398706
0.399704
0.400816
0.402049
0.40341
0.404907
0.406545
0.408329
0.410264
0.412355
0.414603
0.417011
0.419583
0.422317
0.425216
0.428279
0.431504
0.434889
0.438429
0.442119
0.445951
0.449913
0.453992
0.458172
0.462436
0.466765
0.471139
0.475539
0.479943
0.414111
0.414222
0.41427
0.41424
0.414129
0.413931
0.413647
0.413283
0.41283
0.412299
0.411699
0.411041
0.410333
0.409588
0.408821
0.408041
0.407252
0.406459
0.405668
0.404884
0.404111
0.403353
0.402612
0.401892
0.401194
0.400522
0.399879
0.399266
0.398685
0.39814
0.397631
0.397164
0.39674
0.396356
0.396014
0.395719
0.395474
0.395282
0.395145
0.395066
0.395048
0.395095
0.395211
0.395404
0.395676
0.396023
0.396447
0.396955
0.397555
0.398251
0.39905
0.399957
0.400977
0.402116
0.403381
0.404775
0.406304
0.407971
0.409779
0.411737
0.413853
0.416129
0.418564
0.421158
0.423913
0.426828
0.429903
0.433134
0.43652
0.440053
0.443728
0.447538
0.45148
0.455541
0.459705
0.463958
0.468284
0.472665
0.477079
0.481519
0.415917
0.415714
0.415505
0.415259
0.414969
0.414627
0.41423
0.413775
0.413262
0.412692
0.412071
0.41141
0.41071
0.409977
0.409221
0.408452
0.407676
0.406897
0.406121
0.405351
0.404593
0.403849
0.403121
0.402415
0.40173
0.401072
0.400442
0.399843
0.399279
0.398757
0.398277
0.397836
0.397432
0.397065
0.396738
0.39646
0.396235
0.396063
0.395947
0.39589
0.395895
0.395964
0.396102
0.396311
0.396596
0.396961
0.39741
0.397948
0.398578
0.399306
0.400135
0.401066
0.402109
0.403278
0.404577
0.406009
0.407576
0.409282
0.411131
0.413128
0.415277
0.417581
0.420039
0.422654
0.425425
0.428353
0.431435
0.43467
0.438055
0.441585
0.445255
0.449059
0.45299
0.457038
0.461191
0.465438
0.469768
0.47417
0.478635
0.48316
0.418281
0.417606
0.417011
0.416463
0.415933
0.415402
0.414857
0.414289
0.413693
0.413065
0.412405
0.411715
0.411002
0.41027
0.409522
0.408762
0.407997
0.407233
0.406472
0.405719
0.404977
0.40425
0.403539
0.402849
0.402181
0.401538
0.400924
0.400339
0.399787
0.39927
0.398791
0.398353
0.397958
0.397606
0.397298
0.39704
0.396833
0.396681
0.396585
0.396549
0.396575
0.396666
0.396824
0.397049
0.397347
0.39773
0.398205
0.398774
0.399438
0.400202
0.40107
0.402046
0.403137
0.40435
0.405689
0.407158
0.408761
0.410501
0.412383
0.41441
0.416586
0.418912
0.421391
0.424023
0.426808
0.429746
0.432835
0.436074
0.43946
0.442988
0.446654
0.450454
0.454379
0.458423
0.462578
0.466837
0.47119
0.475633
0.480162
0.484775
0.421033
0.419837
0.418808
0.41791
0.417097
0.416335
0.415603
0.414886
0.414173
0.413456
0.41273
0.411995
0.41125
0.410497
0.409738
0.408975
0.408212
0.407453
0.4067
0.405957
0.405226
0.404511
0.403813
0.403136
0.402481
0.401852
0.40125
0.400677
0.400135
0.399622
0.399145
0.398713
0.398328
0.39799
0.397699
0.397458
0.397269
0.397136
0.397061
0.397046
0.397095
0.397211
0.397395
0.397653
0.397989
0.398409
0.398918
0.39952
0.400217
0.401014
0.401916
0.402927
0.404053
0.405299
0.40667
0.40817
0.409802
0.411571
0.41348
0.415532
0.41773
0.420075
0.422571
0.425216
0.428012
0.430958
0.434053
0.437295
0.440681
0.444208
0.447873
0.451671
0.455597
0.459645
0.46381
0.468088
0.472473
0.476963
0.481557
0.486258
0.423688
0.42206
0.420665
0.419445
0.418349
0.417345
0.416412
0.415529
0.414682
0.413859
0.413051
0.412253
0.411461
0.410675
0.409894
0.409118
0.408349
0.407588
0.406838
0.406099
0.405376
0.404669
0.40398
0.403313
0.40267
0.402052
0.401462
0.400901
0.400373
0.399879
0.399424
0.39901
0.398642
0.398319
0.398044
0.397819
0.397647
0.397531
0.397473
0.397477
0.397546
0.397682
0.397889
0.398172
0.398533
0.398978
0.399512
0.400139
0.400862
0.401686
0.402615
0.403654
0.404808
0.406081
0.407478
0.409003
0.410659
0.41245
0.41438
0.416451
0.418665
0.421025
0.423532
0.426187
0.42899
0.43194
0.435038
0.43828
0.441666
0.445193
0.448856
0.452654
0.456583
0.460638
0.464817
0.469116
0.473534
0.478071
0.482729
0.487511
0.42607
0.424041
0.422297
0.420771
0.419413
0.418189
0.417075
0.416044
0.415077
0.414159
0.413279
0.412424
0.41159
0.410776
0.409978
0.409193
0.40842
0.407659
0.406912
0.40618
0.405463
0.404765
0.404087
0.403431
0.402798
0.402192
0.401614
0.401066
0.40055
0.40007
0.399628
0.399227
0.398869
0.398558
0.398295
0.398083
0.397925
0.397823
0.39778
0.397798
0.397882
0.398035
0.398259
0.39856
0.39894
0.399405
0.399958
0.400605
0.401348
0.402192
0.403142
0.404202
0.405376
0.406669
0.408084
0.409626
0.411299
0.413105
0.415048
0.41713
0.419355
0.421723
0.424236
0.426895
0.4297
0.432651
0.435748
0.438988
0.442371
0.445895
0.449556
0.453354
0.457284
0.461346
0.465537
0.469856
0.474304
0.478882
0.483594
0.488446
0.428212
0.425863
0.423824
0.422023
0.420422
0.418996
0.417713
0.416544
0.415464
0.414454
0.413498
0.412585
0.411707
0.410859
0.410036
0.409234
0.40845
0.407683
0.406933
0.406201
0.405488
0.404794
0.404121
0.40347
0.402844
0.402245
0.401674
0.401135
0.400628
0.400157
0.399724
0.399332
0.398984
0.398682
0.398428
0.398227
0.398079
0.397988
0.397955
0.397984
0.398079
0.398243
0.398479
0.398791
0.399184
0.399662
0.400227
0.400886
0.401641
0.402498
0.403459
0.40453
0.405715
0.407018
0.408443
0.409994
0.411673
0.413486
0.415433
0.417519
0.419746
0.422114
0.424626
0.427282
0.430084
0.43303
0.43612
0.439354
0.44273
0.446247
0.449903
0.453697
0.457626
0.461691
0.465889
0.470222
0.474691
0.479299
0.484053
0.488957
0.429524
0.427005
0.424791
0.422802
0.421029
0.419456
0.418051
0.416782
0.415623
0.414553
0.413554
0.412612
0.411719
0.41086
0.410029
0.409222
0.408437
0.407671
0.406924
0.406195
0.405486
0.404798
0.404131
0.403487
0.402868
0.402275
0.40171
0.401176
0.400675
0.400209
0.399782
0.399395
0.399052
0.398754
0.398505
0.398308
0.398165
0.398077
0.398046
0.398078
0.398176
0.398345
0.398586
0.398903
0.399302
0.399784
0.400355
0.401019
0.401779
0.402641
0.403607
0.404683
0.405872
0.407178
0.408605
0.410158
0.411839
0.413651
0.415599
0.417683
0.419907
0.422272
0.424779
0.42743
0.430225
0.433165
0.436248
0.439475
0.442844
0.446354
0.450005
0.453795
0.457722
0.461787
0.46599
0.470331
0.474813
0.479441
0.484223
0.489172
0.430755
0.428024
0.425589
0.423437
0.421551
0.419892
0.418419
0.417096
0.415891
0.414784
0.413755
0.41279
0.411873
0.410993
0.410144
0.409321
0.408523
0.407747
0.406991
0.406255
0.405539
0.404844
0.404172
0.403523
0.402899
0.402304
0.401737
0.401202
0.400699
0.400232
0.399803
0.399414
0.399068
0.398768
0.398516
0.398313
0.398164
0.39807
0.398036
0.398066
0.398163
0.39833
0.398569
0.398885
0.399282
0.399762
0.400331
0.400992
0.40175
0.402608
0.403571
0.404642
0.405827
0.407128
0.40855
0.410097
0.411771
0.413577
0.415516
0.417592
0.419807
0.422162
0.42466
0.427301
0.430085
0.433013
0.436086
0.439301
0.44266
0.44616
0.449801
0.453582
0.457502
0.461562
0.46576
0.470099
0.47458
0.479205
0.483975
0.488889
0.4578
0.45921
0.462667
0.473141
0.479891
0.486961
0.472973
0.478982
0.486056
0.475467
0.480212
0.485059
0.476306
0.480749
0.485026
0.476651
0.480734
0.484634
0.476746
0.480586
0.484221
0.476696
0.480375
0.483858
0.476645
0.480223
0.483626
0.476716
0.480239
0.483612
0.477002
0.480506
0.48389
0.477554
0.481068
0.484491
0.478392
0.481943
0.485426
0.479512
0.483123
0.486662
0.480889
0.484552
0.48811
0.482428
0.486108
0.48972
0.484016
0.487758
0.491506
0.485677
0.489551
0.493462
0.487428
0.49143
0.495491
0.48915
0.493273
0.497475
0.490736
0.494973
0.499305
0.492082
0.49642
0.500867
0.493099
0.497526
0.502069
0.493669
0.498165
0.502785
0.493961
0.498523
0.503177
0.493762
0.498474
0.5032
0.528727
0.528597
0.528233
0.527576
0.526821
0.526216
0.525939
0.52608
0.526646
0.527595
0.528867
0.530361
0.531941
0.533572
0.535105
0.53627
0.536932
0.536855
0.535566
0.532029
0.525497
0.512313
0.488825
0.437985
0.343475
0.528807
0.528544
0.528009
0.527221
0.526419
0.525784
0.525431
0.525418
0.52575
0.526395
0.527293
0.52836
0.529537
0.530781
0.531936
0.532711
0.532696
0.531658
0.529475
0.525324
0.51849
0.506827
0.488036
0.456869
0.412032
0.528478
0.527981
0.527353
0.526663
0.526013
0.525497
0.525177
0.525083
0.525213
0.525549
0.526053
0.526665
0.527327
0.527985
0.528513
0.528662
0.528182
0.526942
0.524775
0.521117
0.515102
0.505431
0.490512
0.46829
0.43696
0.527749
0.527181
0.526613
0.526061
0.525533
0.525086
0.524771
0.524613
0.524612
0.524757
0.525022
0.525367
0.525753
0.526139
0.526395
0.526276
0.525675
0.524518
0.52256
0.519248
0.513898
0.505745
0.493897
0.477546
0.45631
0.526907
0.526374
0.525888
0.525426
0.524975
0.524577
0.524273
0.524084
0.524012
0.52405
0.524181
0.524381
0.524626
0.524886
0.52497
0.524698
0.524017
0.522805
0.520844
0.517742
0.513046
0.506269
0.496911
0.484582
0.469182
0.525985
0.525544
0.525147
0.524763
0.524379
0.524029
0.523745
0.523546
0.523439
0.523419
0.523476
0.523592
0.523747
0.523897
0.523877
0.523538
0.522796
0.521587
0.519725
0.516933
0.5129
0.507307
0.499865
0.490394
0.478945
0.525036
0.524696
0.524391
0.524083
0.523762
0.523457
0.523198
0.523005
0.522885
0.522841
0.522863
0.522941
0.523049
0.523102
0.523041
0.522725
0.521997
0.520842
0.519131
0.516666
0.513235
0.508632
0.502691
0.495334
0.48663
0.524107
0.523859
0.523634
0.52339
0.523121
0.522856
0.522622
0.522443
0.522327
0.52228
0.522296
0.522362
0.522448
0.52249
0.522441
0.522131
0.521449
0.520389
0.518867
0.516743
0.513871
0.510119
0.50539
0.499654
0.492977
0.523197
0.523026
0.522854
0.52266
0.522435
0.522201
0.521993
0.521833
0.521734
0.521701
0.521733
0.521814
0.521899
0.521984
0.521973
0.521668
0.52105
0.52012
0.518817
0.51704
0.51469
0.511681
0.507958
0.503512
0.498399
0.522263
0.522153
0.522009
0.521841
0.521647
0.521447
0.521269
0.521137
0.521066
0.521065
0.521134
0.521261
0.521402
0.521536
0.521536
0.521264
0.52074
0.51997
0.518907
0.517481
0.515624
0.513279
0.510416
0.507037
0.503184
0.521199
0.521125
0.520993
0.520852
0.520701
0.520545
0.520407
0.520314
0.520285
0.520332
0.520463
0.520667
0.520903
0.521083
0.521088
0.520881
0.520485
0.519902
0.5191
0.518031
0.516647
0.514913
0.51281
0.510344
0.507545
0.519786
0.519838
0.519705
0.519616
0.519542
0.519448
0.519363
0.519323
0.519352
0.519466
0.519683
0.519998
0.520339
0.520566
0.520614
0.520509
0.520273
0.519908
0.519391
0.51869
0.517771
0.516612
0.515201
0.513543
0.511657
0.516873
0.517455
0.517705
0.517974
0.51811
0.518116
0.518097
0.518129
0.518236
0.518435
0.518747
0.519187
0.519658
0.519981
0.52012
0.520157
0.520119
0.520005
0.519801
0.519485
0.519033
0.51843
0.517667
0.516745
0.515674
0.511132
0.513597
0.514789
0.515726
0.516294
0.516517
0.516587
0.516712
0.516925
0.517229
0.51764
0.518185
0.518813
0.519326
0.519641
0.519872
0.520071
0.520242
0.520382
0.520474
0.520498
0.520442
0.5203
0.520066
0.519741
0.489877
0.504488
0.509159
0.511631
0.513256
0.514181
0.514648
0.515005
0.515407
0.51587
0.516412
0.517056
0.517808
0.518556
0.519187
0.519719
0.520213
0.520717
0.521246
0.521774
0.52228
0.522762
0.523218
0.523634
0.524003
0.496078
0.501549
0.505349
0.508099
0.510132
0.511535
0.51245
0.513129
0.513781
0.514455
0.515177
0.515971
0.516845
0.517781
0.51873
0.519661
0.520594
0.521548
0.522528
0.523526
0.524526
0.525542
0.526578
0.527609
0.528618
0.493365
0.498187
0.501938
0.50499
0.507339
0.509049
0.510274
0.511265
0.512187
0.513103
0.514051
0.515061
0.516146
0.517306
0.518531
0.519828
0.521211
0.522656
0.524142
0.525676
0.527257
0.528865
0.530483
0.532099
0.533701
0.490407
0.495241
0.499195
0.502454
0.504995
0.506863
0.508302
0.509564
0.510752
0.511926
0.513133
0.514407
0.515771
0.517233
0.518797
0.520469
0.52225
0.524133
0.526114
0.528194
0.530363
0.532573
0.534789
0.537005
0.539213
0.489408
0.493638
0.497384
0.500585
0.503093
0.505012
0.506641
0.508142
0.509586
0.511029
0.512519
0.514092
0.515773
0.517578
0.519516
0.521592
0.523807
0.526155
0.52863
0.531221
0.533909
0.536668
0.53947
0.542294
0.545119
0.488591
0.492478
0.496039
0.499094
0.501517
0.503513
0.505337
0.507073
0.508778
0.510506
0.512301
0.514201
0.51623
0.518407
0.520743
0.523243
0.525907
0.528729
0.5317
0.534804
0.538022
0.541326
0.54469
0.548086
0.551485
0.4879
0.49158
0.495
0.497916
0.500296
0.502426
0.504454
0.506432
0.508411
0.510442
0.512566
0.514816
0.517218
0.51979
0.522543
0.525483
0.528607
0.531909
0.535378
0.538995
0.542738
0.54658
0.550491
0.554439
0.55839
0.487393
0.490964
0.494251
0.497068
0.499499
0.501799
0.504047
0.506284
0.508557
0.51091
0.513383
0.516004
0.5188
0.521785
0.524971
0.528362
0.531955
0.535742
0.539709
0.543837
0.5481
0.552471
0.556916
0.561399
0.565885
0.487104
0.490637
0.493826
0.496599
0.499163
0.50167
0.504163
0.506681
0.509268
0.511964
0.514803
0.517814
0.521018
0.524431
0.528062
0.531913
0.53598
0.540254
0.544719
0.549353
0.554131
0.559021
0.563989
0.568996
0.574001
0.48708
0.490601
0.493763
0.496591
0.499336
0.502076
0.504838
0.507658
0.510578
0.513633
0.516855
0.520269
0.523895
0.527746
0.531829
0.536146
0.54069
0.545451
0.550412
0.555549
0.560835
0.566236
0.571717
0.577235
0.582749
0.487394
0.490901
0.494078
0.49706
0.50003
0.503029
0.506082
0.509225
0.512496
0.515926
0.519544
0.523372
0.527428
0.531724
0.536264
0.541049
0.546071
0.551318
0.556771
0.562406
0.568193
0.574098
0.580082
0.586103
0.592117
0.488051
0.49157
0.494819
0.498015
0.501242
0.504524
0.507889
0.511372
0.515008
0.518824
0.522847
0.527097
0.531589
0.536333
0.541333
0.546586
0.552085
0.557815
0.563756
0.569883
0.576165
0.582566
0.589046
0.595562
0.602067
0.489019
0.492592
0.496011
0.499452
0.502954
0.506536
0.510229
0.514065
0.518075
0.522286
0.52672
0.531396
0.536327
0.541521
0.54698
0.552701
0.558673
0.564882
0.571307
0.57792
0.584689
0.591579
0.598547
0.60555
0.612541
0.490281
0.493961
0.497614
0.501325
0.505118
0.509015
0.513048
0.517246
0.521638
0.526248
0.531097
0.5362
0.54157
0.547213
0.553129
0.559314
0.565756
0.572439
0.57934
0.586432
0.593682
0.601053
0.608503
0.615987
0.623458
0.491795
0.49567
0.499586
0.503579
0.507674
0.511896
0.516276
0.520842
0.525619
0.530629
0.535892
0.541422
0.547228
0.553316
0.559685
0.566328
0.573233
0.580383
0.587754
0.595317
0.60304
0.610883
0.618806
0.626765
0.634713
0.493557
0.497676
0.501862
0.506143
0.510546
0.515099
0.519828
0.524762
0.529922
0.53533
0.541003
0.546953
0.55319
0.559717
0.56653
0.573624
0.580985
0.588593
0.596425
0.604451
0.612636
0.620944
0.629333
0.637759
0.646173
0.495549
0.499915
0.504367
0.508935
0.513646
0.518526
0.523602
0.528898
0.534435
0.540233
0.546308
0.552671
0.559328
0.566283
0.573532
0.581067
0.588872
0.596929
0.605211
0.61369
0.62233
0.631093
0.639938
0.648813
0.657674
0.497702
0.5023
0.507011
0.511859
0.51687
0.522069
0.527481
0.533128
0.53903
0.545206
0.55167
0.558431
0.565496
0.572867
0.580538
0.5885
0.596739
0.605232
0.613955
0.622876
0.63196
0.641166
0.650451
0.659772
0.669075
0.499912
0.504731
0.509686
0.514801
0.520099
0.525602
0.531334
0.537315
0.543565
0.550101
0.556935
0.564078
0.571533
0.579301
0.587379
0.595754
0.604411
0.613329
0.622478
0.631829
0.641343
0.650985
0.660718
0.67048
0.680189
0.502068
0.507092
0.512275
0.517639
0.523203
0.528989
0.535019
0.541312
0.547886
0.554758
0.56194
0.56944
0.577263
0.585409
0.593872
0.602643
0.611703
0.621029
0.630591
0.640358
0.650308
0.6604
0.670573
0.680754
0.69086
0.504054
0.509263
0.514652
0.52024
0.526045
0.532087
0.538386
0.544962
0.551832
0.55901
0.56651
0.574339
0.582502
0.591
0.599827
0.608973
0.618421
0.628145
0.638115
0.648308
0.658702
0.669244
0.679859
0.690458
0.700952
0.505752
0.511122
0.516689
0.522473
0.528487
0.534752
0.541287
0.548111
0.55524
0.562689
0.570471
0.578595
0.587065
0.595884
0.605048
0.614546
0.624364
0.63448
0.644863
0.655485
0.666323
0.677319
0.688379
0.699401
0.710286
0.507064
0.512562
0.518272
0.524216
0.530404
0.536854
0.543584
0.550614
0.55796
0.565638
0.573659
0.582035
0.590772
0.599872
0.609335
0.619153
0.629313
0.639797
0.650579
0.661626
0.6729
0.684335
0.695837
0.707301
0.718614
0.507866
0.51346
0.51928
0.525346
0.531668
0.538259
0.545141
0.552332
0.559849
0.567709
0.575924
0.584507
0.593466
0.602806
0.612527
0.622627
0.633095
0.643917
0.655067
0.666513
0.67821
0.69009
0.702062
0.714015
0.725818
0.508275
0.51391
0.519816
0.525985
0.532405
0.539097
0.546085
0.553392
0.561035
0.569028
0.577388
0.586128
0.595258
0.604786
0.614714
0.625043
0.635765
0.646867
0.658327
0.670114
0.682181
0.694462
0.706868
0.719282
0.731553
0.508246
0.513792
0.519728
0.525958
0.532433
0.539173
0.546212
0.553572
0.561272
0.569328
0.577755
0.586569
0.595781
0.605399
0.615429
0.625871
0.63672
0.647963
0.659581
0.671542
0.6838
0.696291
0.708927
0.721594
0.734146
-0.000725953
-0.00258352
-0.00296812
-0.00382542
-0.00451326
-0.00484752
-0.00511467
-0.00541435
-0.00572652
-0.006515
-0.00774633
-0.0104522
-0.0100564
-0.0102792
-0.0110171
-0.0115578
-0.0120382
-0.0126052
-0.0133983
-0.0147329
-0.013914
-0.0171876
-0.0177862
-0.0186978
-0.0198921
-0.0207768
-0.0215248
-0.0223136
-0.0232068
-0.0240835
-0.0224652
-0.0258077
-0.0267402
-0.0279198
-0.02933
-0.0303467
-0.0311807
-0.0320104
-0.0329318
-0.0338481
-0.0327237
-0.0359296
-0.0371806
-0.0385762
-0.0400263
-0.0409471
-0.0416738
-0.0423773
-0.0432258
-0.0440951
-0.0451903
-0.0481746
-0.0495175
-0.0509118
-0.0520951
-0.0525749
-0.0529041
-0.0532492
-0.053881
-0.0546604
-0.0610288
-0.0639224
-0.0647185
-0.0654389
-0.0658187
-0.0653581
-0.0648797
-0.0645447
-0.0647467
-0.0653155
-0.0816642
-0.0844079
-0.0835872
-0.0825336
-0.0812725
-0.0791831
-0.0773663
-0.0759587
-0.0754728
-0.0756739
-0.106531
-0.108986
-0.105919
-0.102087
-0.0980656
-0.0935385
-0.0898328
-0.0869938
-0.0855794
-0.085185
-0.133469
-0.136172
-0.130463
-0.122163
-0.114883
-0.107426
-0.101382
-0.0968188
-0.0942671
-0.0929908
-0.161105
-0.163998
-0.155523
-0.141845
-0.13053
-0.119668
-0.110842
-0.104133
-0.100035
-0.0978254
-0.187903
-0.190729
-0.179777
-0.159584
-0.143593
-0.128985
-0.116998
-0.107654
-0.10151
-0.0985064
-0.211717
-0.214115
-0.201413
-0.174037
-0.152576
-0.133969
-0.118614
-0.10663
-0.0988538
-0.0943457
-0.231306
-0.232511
-0.218595
-0.183531
-0.155702
-0.132816
-0.113989
-0.0994749
-0.0900602
-0.0837699
-0.246675
-0.245788
-0.228766
-0.185025
-0.150371
-0.123318
-0.101296
-0.0843639
-0.0730069
-0.0654512
-0.258584
-0.253931
-0.228249
-0.175022
-0.134485
-0.103938
-0.0793482
-0.0605412
-0.0478016
-0.0390254
-0.2672
-0.258183
-0.215324
-0.154437
-0.108448
-0.0742972
-0.0475748
-0.0275665
-0.0139443
-0.00429812
-0.272464
-0.26215
-0.188742
-0.117472
-0.0692957
-0.0325733
-0.00468782
0.0151576
0.0284995
0.0382732
-0.289196
-0.255109
-0.139308
-0.0529901
-0.00795054
0.0258396
0.0505723
0.0672098
0.0784448
0.0872395
-0.30878
-0.160336
-0.00848277
0.0553314
0.0794645
0.0993196
0.114778
0.125304
0.132826
0.139684
0.134101
0.12117
0.165313
0.172352
0.170669
0.174367
0.179526
0.183744
0.187468
0.192181
0.337087
0.279308
0.260659
0.252161
0.244611
0.240294
0.2387
0.238275
0.23903
0.241911
0.394497
0.354803
0.331708
0.316771
0.304674
0.295862
0.290224
0.286759
0.285524
0.28707
0.430272
0.402989
0.380655
0.363843
0.350724
0.340616
0.333346
0.328411
0.326146
0.32686
0.450824
0.431263
0.41354
0.398652
0.386341
0.376447
0.368914
0.36355
0.36095
0.361223
0.46559
0.45116
0.437263
0.424783
0.414032
0.405125
0.398071
0.392942
0.390449
0.390522
0.476589
0.465684
0.454905
0.44485
0.435893
0.428276
0.422062
0.41754
0.415383
0.415396
0.485344
0.477036
0.468696
0.460736
0.453494
0.447209
0.441966
0.438239
0.436539
0.436565
0.492593
0.486273
0.479877
0.473692
0.467987
0.462945
0.458687
0.455826
0.454618
0.454695
0.498831
0.494094
0.489278
0.484587
0.48022
0.47629
0.473022
0.470993
0.470211
0.470375
0.504391
0.500958
0.497458
0.494037
0.49082
0.487893
0.485597
0.484312
0.483869
0.484153
0.509527
0.507201
0.504823
0.502491
0.500264
0.498269
0.496872
0.496233
0.496078
0.496492
0.514444
0.513085
0.511687
0.510295
0.508943
0.507844
0.50724
0.507112
0.507226
0.507779
0.519323
0.518828
0.518294
0.517725
0.517191
0.516933
0.516994
0.517279
0.517643
0.51834
0.524329
0.524615
0.524844
0.525023
0.525296
0.525778
0.526361
0.527005
0.527603
0.528443
0.529622
0.530606
0.531528
0.532443
0.533461
0.534534
0.535537
0.53651
0.537327
0.538312
0.53532
0.536943
0.538542
0.540158
0.541775
0.54331
0.544693
0.545974
0.547001
0.548133
0.541456
0.543722
0.545963
0.548163
0.550268
0.552221
0.553968
0.555546
0.556776
0.558061
0.547992
0.550887
0.553709
0.556429
0.559002
0.561374
0.563482
0.565352
0.566785
0.568231
0.554943
0.558425
0.561806
0.565044
0.568087
0.570877
0.573341
0.575501
0.577139
0.578753
0.562409
0.566452
0.57037
0.574112
0.577617
0.58082
0.583639
0.586087
0.58793
0.589721
0.570445
0.57503
0.57947
0.583703
0.587664
0.591276
0.594447
0.597182
0.599231
0.601207
0.579089
0.584201
0.58915
0.593867
0.598277
0.602294
0.605816
0.608838
0.611095
0.613264
0.588353
0.593983
0.599432
0.604626
0.609482
0.613903
0.617774
0.621083
0.623551
0.625922
0.598227
0.604366
0.610311
0.615979
0.621277
0.626101
0.630325
0.633923
0.636606
0.639189
0.608677
0.615321
0.621756
0.627895
0.633636
0.638864
0.643444
0.647337
0.650242
0.653047
0.619646
0.626791
0.633716
0.640325
0.646505
0.652138
0.65708
0.661277
0.664415
0.667456
0.631056
0.638702
0.646117
0.653191
0.659803
0.665838
0.671148
0.67566
0.67905
0.682343
0.642801
0.650943
0.658838
0.666363
0.673397
0.679831
0.685522
0.69037
0.694035
0.697603
0.654732
0.663351
0.671702
0.679654
0.687099
0.693941
0.700039
0.705255
0.709229
0.713091
0.66669
0.675753
0.684512
0.692862
0.700717
0.707983
0.714513
0.720127
0.724451
0.728619
0.67851
0.687962
0.697097
0.705829
0.714081
0.721757
0.728718
0.734736
0.739447
0.743908
0.69001
0.699834
0.709322
0.718399
0.726996
0.73502
0.742351
0.74873
0.753808
0.758466
0.701055
0.711228
0.721035
0.730404
0.739264
0.747524
0.755069
0.761653
0.766932
0.771493
0.711509
0.722012
0.732098
0.74168
0.750675
0.758986
0.766514
0.773027
0.778162
0.782184
0.721206
0.73202
0.742333
0.752026
0.760974
0.769066
0.776235
0.782288
0.786897
0.790206
0.729932
0.741077
0.751596
0.761308
0.770012
0.777577
0.783926
0.788878
0.792334
0.794723
0.737612
0.749156
0.759909
0.769579
0.777883
0.784685
0.789679
0.792658
0.794222
0.795359
0.743784
0.755712
0.766709
0.776315
0.784147
0.78995
0.793116
0.793973
0.794096
0.794505
0.746591
0.758681
0.769845
0.779534
0.787104
0.79178
0.793527
0.793837
0.793981
0.794168
)
;

boundaryField
{
    inlet
    {
        type            zeroGradient;
    }
    outlet
    {
        type            fixedValue;
        value           uniform 0;
    }
    walls
    {
        type            zeroGradient;
    }
    baffle
    {
        type            zeroGradient;
    }
    front
    {
        type            empty;
    }
    back
    {
        type            empty;
    }
}


// ************************************************************************* //
