/*--------------------------------*- C++ -*----------------------------------*\
| =========                 |                                                 |
| \\      /  F ield         | OpenFOAM: The Open Source CFD Toolbox           |
|  \\    /   O peration     | Version:  v2012                                 |
|   \\  /    A nd           | Website:  www.openfoam.com                      |
|    \\/     M anipulation  |                                                 |
\*---------------------------------------------------------------------------*/
FoamFile
{
    version     2.0;
    format      ascii;
    class       volScalarField;
    location    "2000";
    object      nut;
}
// * * * * * * * * * * * * * * * * * * * * * * * * * * * * * * * * * * * * * //

dimensions      [0 2 -1 0 0 0 0];


internalField   nonuniform List<scalar> 
6502
(
3.35289e-05
0.000336785
0.00149984
0.00234961
0.00255236
0.00255249
0.00235009
0.00150053
0.000336926
3.35307e-05
1.95351e-05
0.000134821
0.000767189
0.0018235
0.00235686
0.00235764
0.0018255
0.000768455
0.00013496
1.95419e-05
1.25532e-05
7.28463e-05
0.000466458
0.00137662
0.00209601
0.00209801
0.00138018
0.000467899
7.29857e-05
1.25694e-05
8.23686e-06
4.46141e-05
0.000316741
0.00106069
0.00182486
0.00182836
0.00106543
0.000318317
4.47637e-05
8.26424e-06
5.67187e-06
2.98396e-05
0.000233157
0.000845847
0.00157842
0.00158358
0.000851786
0.000234895
3.00045e-05
5.7105e-06
4.24679e-06
2.1423e-05
0.000182352
0.000697028
0.00136842
0.00137538
0.000704303
0.000184325
2.16077e-05
4.29732e-06
3.42976e-06
1.62655e-05
0.000148913
0.000589628
0.00119355
0.00120238
0.000598327
0.000151227
1.64794e-05
3.49376e-06
2.9384e-06
1.28924e-05
0.000125251
0.000509008
0.00104872
0.00105939
0.000519379
0.000128001
1.31447e-05
3.02036e-06
2.62743e-06
1.05642e-05
0.000107464
0.000445813
0.000927915
0.000940806
0.000458208
0.000110743
1.08625e-05
2.73406e-06
2.41528e-06
8.89087e-06
9.34625e-05
0.000394363
0.00082572
0.00084131
0.00040916
9.73721e-05
9.24343e-06
2.55374e-06
2.25803e-06
7.641e-06
8.19879e-05
0.000351102
0.000738181
0.000756787
0.000368912
8.66944e-05
8.06212e-06
2.43773e-06
2.13099e-06
6.66821e-06
7.22427e-05
0.000313677
0.000662278
0.000684435
0.000335164
7.79284e-05
7.17628e-06
2.36514e-06
2.01927e-06
5.88326e-06
6.37768e-05
0.000280629
0.000595533
0.000621592
0.00030667
7.06194e-05
6.49779e-06
2.32482e-06
1.91303e-06
5.22779e-06
5.62876e-05
0.000250935
0.000535979
0.000565717
0.00028288
6.45072e-05
5.9672e-06
2.31122e-06
1.8063e-06
4.66476e-06
4.96051e-05
0.000223928
0.000482226
0.000515603
0.000261602
5.94747e-05
5.59231e-06
2.32433e-06
1.69536e-06
4.16828e-06
4.35925e-05
0.000199094
0.00043315
0.000470265
0.000242515
5.53223e-05
5.36049e-06
2.36995e-06
1.5774e-06
3.71969e-06
3.81445e-05
0.000176066
0.000387822
0.000428913
0.000225529
5.20181e-05
5.25543e-06
2.45979e-06
1.45016e-06
3.30578e-06
3.31838e-05
0.000154605
0.000345535
0.00039087
0.000210555
4.95576e-05
5.28525e-06
2.61201e-06
1.31263e-06
2.91788e-06
2.86653e-05
0.00013461
0.000305882
0.000355561
0.000197533
4.79806e-05
5.48637e-06
2.87691e-06
1.16572e-06
2.55133e-06
2.45693e-05
0.0001161
0.000268643
0.000322502
0.000186439
4.75303e-05
5.88757e-06
3.07362e-06
1.01177e-06
2.20253e-06
2.08654e-05
9.9045e-05
0.000233596
0.000291183
0.00017803
5.05674e-05
7.82176e-06
2.69628e-06
8.56257e-07
1.87569e-06
1.75861e-05
8.37245e-05
0.000201281
0.000261662
0.000171744
5.6027e-05
1.1258e-05
3.29244e-06
7.06368e-07
1.57471e-06
1.47291e-05
7.02449e-05
0.000171976
0.000233818
0.000166466
6.29206e-05
1.61913e-05
5.11339e-06
5.68028e-07
1.30247e-06
1.22699e-05
5.85946e-05
0.000145867
0.000207594
0.000161263
7.05512e-05
2.25734e-05
8.35632e-06
4.44819e-07
1.06083e-06
1.01691e-05
4.86523e-05
0.00012295
0.000182987
0.000155449
7.83571e-05
3.03194e-05
1.30979e-05
3.38294e-07
8.50461e-07
8.38437e-06
4.0243e-05
0.00010308
0.000160043
0.000148544
8.58099e-05
3.90783e-05
1.92159e-05
2.48834e-07
6.70838e-07
6.87553e-06
3.31756e-05
8.60266e-05
0.000138839
0.000140277
9.19622e-05
4.829e-05
2.64405e-05
1.7606e-07
5.206e-07
5.60666e-06
2.72668e-05
7.15343e-05
0.000119601
0.000130661
9.62575e-05
5.72624e-05
3.43965e-05
1.18945e-07
3.97687e-07
4.54627e-06
2.23497e-05
5.93162e-05
0.000102338
0.00011994
9.83307e-05
6.5343e-05
4.25902e-05
7.59485e-08
2.99445e-07
3.66595e-06
1.82736e-05
4.9081e-05
8.70507e-05
0.000108515
9.80037e-05
7.19535e-05
5.05036e-05
4.51285e-08
2.2278e-07
2.9399e-06
1.49042e-05
4.05486e-05
7.36904e-05
9.68694e-05
9.53115e-05
7.66518e-05
5.76426e-05
2.43537e-08
1.64401e-07
2.34531e-06
1.21272e-05
3.34659e-05
6.21605e-05
8.54702e-05
9.05708e-05
7.9125e-05
6.35248e-05
1.14535e-08
1.21008e-07
1.86189e-06
9.84492e-06
2.76067e-05
5.23201e-05
7.47076e-05
8.4299e-05
7.93408e-05
6.77807e-05
4.33283e-09
8.93628e-08
1.47094e-06
7.97298e-06
2.277e-05
4.39949e-05
6.48504e-05
7.7101e-05
7.74605e-05
7.01799e-05
1.18441e-09
6.66181e-08
1.15614e-06
6.43955e-06
1.87807e-05
3.69969e-05
5.60441e-05
6.95555e-05
7.38875e-05
7.06825e-05
6.8559e-10
5.0726e-08
9.05617e-07
5.18789e-06
1.54922e-05
3.11404e-05
4.83272e-05
6.21356e-05
6.91587e-05
6.94608e-05
1.59573e-09
3.96751e-08
7.07945e-07
4.16994e-06
1.27814e-05
2.62495e-05
4.16581e-05
5.51654e-05
6.38155e-05
6.68686e-05
2.8446e-09
3.16445e-08
5.51347e-07
3.3402e-06
1.05401e-05
2.21618e-05
3.59438e-05
4.88263e-05
5.83195e-05
6.33559e-05
4.09597e-09
2.54939e-08
4.24807e-07
2.6557e-06
8.67106e-06
1.87289e-05
3.1063e-05
4.31812e-05
5.29949e-05
5.93621e-05
5.20089e-09
2.101e-08
3.26287e-07
2.0994e-06
7.11116e-06
1.58322e-05
2.68916e-05
3.82142e-05
4.80273e-05
5.52362e-05
5.87878e-09
1.75118e-08
2.50008e-07
1.65201e-06
5.80959e-06
1.33754e-05
2.33141e-05
3.3866e-05
4.3494e-05
5.12056e-05
6.01991e-09
1.45144e-08
1.90129e-07
1.28579e-06
4.71003e-06
1.12675e-05
2.02214e-05
3.00552e-05
3.94018e-05
4.73844e-05
6.04553e-09
1.21329e-08
1.43503e-07
9.84469e-07
3.77623e-06
9.43562e-06
1.75162e-05
2.66973e-05
3.57261e-05
4.38137e-05
5.89174e-09
1.02389e-08
1.09033e-07
7.5456e-07
2.9967e-06
7.84524e-06
1.51461e-05
2.37672e-05
3.25034e-05
4.05756e-05
5.42184e-09
8.59952e-09
8.28023e-08
5.73785e-07
2.33257e-06
6.43294e-06
1.30127e-05
2.12046e-05
2.98674e-05
3.78282e-05
4.96491e-09
7.60199e-09
6.36252e-08
4.34705e-07
1.79826e-06
5.15111e-06
1.10163e-05
1.87733e-05
2.74112e-05
3.56085e-05
4.64582e-09
6.60149e-09
4.82302e-08
3.25714e-07
1.36634e-06
4.04089e-06
9.10783e-06
1.63478e-05
2.4903e-05
3.33553e-05
4.37157e-09
5.77404e-09
3.65879e-08
2.43306e-07
1.03041e-06
3.12346e-06
7.32029e-06
1.39219e-05
2.22314e-05
3.08795e-05
4.15246e-09
5.14623e-09
2.81773e-08
1.83016e-07
7.78941e-07
2.40084e-06
5.78998e-06
1.14508e-05
1.92665e-05
2.79839e-05
3.95979e-09
4.66463e-09
2.23175e-08
1.40716e-07
5.95814e-07
1.84843e-06
4.52054e-06
9.1581e-06
1.59332e-05
2.44084e-05
3.68825e-09
4.20257e-09
1.81738e-08
1.11712e-07
4.66586e-07
1.42548e-06
3.46868e-06
7.06505e-06
1.2509e-05
1.98576e-05
3.28417e-09
3.67309e-09
1.49646e-08
9.03199e-08
3.7172e-07
1.10886e-06
2.60973e-06
5.1725e-06
9.12618e-06
1.47376e-05
2.72345e-09
3.03043e-09
1.21527e-08
7.24907e-08
2.92322e-07
8.42041e-07
1.8943e-06
3.59431e-06
6.12505e-06
9.7696e-06
2.02634e-09
2.27863e-09
9.39077e-09
5.55437e-08
2.16972e-07
5.93561e-07
1.25915e-06
2.27067e-06
3.73048e-06
5.82552e-06
1.2926e-09
1.49925e-09
6.61602e-09
3.86e-08
1.42877e-07
3.63087e-07
7.18925e-07
1.23287e-06
1.96107e-06
3.00275e-06
6.6186e-10
8.18245e-10
4.02629e-09
2.2644e-08
7.63877e-08
1.76028e-07
3.24702e-07
5.34005e-07
8.29717e-07
1.25239e-06
2.41442e-10
3.39897e-10
1.93769e-09
9.8621e-09
2.86582e-08
5.91856e-08
1.0299e-07
1.64915e-07
2.5302e-07
3.78838e-07
4.67226e-11
8.81984e-11
6.05268e-10
2.47877e-09
6.06442e-09
1.16112e-08
1.97035e-08
3.13708e-08
4.80683e-08
7.17505e-08
2.05186e-12
1.38427e-11
9.95246e-11
3.51012e-10
8.86796e-10
1.83224e-09
3.30717e-09
5.4883e-09
8.57988e-09
1.28069e-08
5.5104e-13
2.2445e-12
3.40352e-11
1.74396e-10
5.16779e-10
1.16636e-09
2.23145e-09
3.83184e-09
6.09754e-09
9.15751e-09
5.14587e-07
1.74207e-07
1.44592e-07
9.75886e-08
6.38883e-08
4.20841e-08
2.90069e-08
2.09307e-08
1.55784e-08
1.18025e-08
8.96331e-09
6.71099e-09
4.86871e-09
3.35996e-09
2.15967e-09
1.25928e-09
6.40951e-10
2.65987e-10
7.81027e-11
1.19493e-11
6.05054e-12
1.26919e-11
1.21832e-11
5.84041e-12
1.061e-12
9.59936e-07
3.57123e-07
1.80496e-07
1.06634e-07
6.71158e-08
4.37022e-08
2.97549e-08
2.11991e-08
1.56429e-08
1.18062e-08
8.98378e-09
6.78868e-09
5.01814e-09
3.57542e-09
2.41974e-09
1.53222e-09
8.91749e-10
4.62128e-10
2.19718e-10
1.02864e-10
5.289e-11
3.02058e-11
1.52596e-11
5.16747e-12
3.78959e-12
2.17983e-06
1.09134e-06
5.71519e-07
2.97935e-07
1.69316e-07
1.02696e-07
6.58389e-08
4.45877e-08
3.19149e-08
2.40801e-08
1.89892e-08
1.54463e-08
1.27639e-08
1.05516e-08
8.59933e-09
6.81063e-09
5.16078e-09
3.67291e-09
2.4332e-09
1.46793e-09
7.59768e-10
2.95789e-10
6.64114e-11
1.02747e-11
7.34598e-12
4.40829e-06
2.76299e-06
1.78301e-06
1.11604e-06
6.7684e-07
4.22978e-07
2.73015e-07
1.84218e-07
1.31718e-07
1.00656e-07
8.18961e-08
6.98259e-08
6.10356e-08
5.34862e-08
4.60423e-08
3.8221e-08
3.0041e-08
2.19022e-08
1.44417e-08
8.23351e-09
3.72163e-09
1.14329e-09
1.87869e-10
1.54092e-11
6.98157e-12
7.72764e-06
5.43384e-06
4.00152e-06
2.94445e-06
2.0309e-06
1.35378e-06
9.04818e-07
6.19406e-07
4.45297e-07
3.41756e-07
2.79951e-07
2.4079e-07
2.12216e-07
1.86934e-07
1.60949e-07
1.32732e-07
1.02691e-07
7.27008e-08
4.54988e-08
2.38597e-08
9.63899e-09
2.63768e-09
3.9613e-10
2.28974e-11
2.82499e-12
1.21569e-05
9.06369e-06
7.27485e-06
5.87624e-06
4.53571e-06
3.23201e-06
2.22462e-06
1.5338e-06
1.09529e-06
8.30932e-07
6.73206e-07
5.73696e-07
5.0118e-07
4.37089e-07
3.71738e-07
3.01848e-07
2.28922e-07
1.57891e-07
9.55103e-08
4.80968e-08
1.8679e-08
4.97687e-09
7.41593e-10
4.16394e-11
1.95564e-12
1.76274e-05
1.36073e-05
1.14532e-05
9.77297e-06
8.08737e-06
6.19985e-06
4.37048e-06
2.99745e-06
2.0962e-06
1.54881e-06
1.22532e-06
1.0253e-06
8.83628e-07
7.62607e-07
6.43194e-07
5.18831e-07
3.91561e-07
2.69253e-07
1.62771e-07
8.2213e-08
3.2201e-08
8.71632e-09
1.34247e-09
9.87888e-11
2.56527e-11
2.39721e-05
1.89663e-05
1.63462e-05
1.45305e-05
1.25317e-05
1.00662e-05
7.37889e-06
5.03397e-06
3.41769e-06
2.43999e-06
1.87568e-06
1.54046e-06
1.31493e-06
1.13132e-06
9.55656e-07
7.75059e-07
5.9039e-07
4.11578e-07
2.53546e-07
1.31243e-07
5.29906e-08
1.49071e-08
2.4698e-09
2.83243e-10
1.50319e-10
3.09164e-05
2.49755e-05
2.18422e-05
1.98631e-05
1.7715e-05
1.47431e-05
1.11566e-05
7.73701e-06
5.15397e-06
3.54807e-06
2.64731e-06
2.13774e-06
1.8158e-06
1.56743e-06
1.33543e-06
1.09645e-06
8.48425e-07
6.0328e-07
3.80953e-07
2.03196e-07
8.48103e-08
2.46168e-08
4.21336e-09
5.4247e-10
3.24395e-10
3.81253e-05
3.14026e-05
2.77711e-05
2.55815e-05
2.3489e-05
2.02112e-05
1.5831e-05
1.12306e-05
7.49466e-06
5.06441e-06
3.65856e-06
2.90012e-06
2.45314e-06
2.12961e-06
1.83494e-06
1.52867e-06
1.2031e-06
8.72837e-07
5.64948e-07
3.10907e-07
1.34973e-07
4.11216e-08
7.5809e-09
1.23296e-09
8.21418e-10
4.52117e-05
3.79455e-05
3.39081e-05
3.15271e-05
2.94931e-05
2.64555e-05
2.15752e-05
1.58715e-05
1.08006e-05
7.24246e-06
5.13842e-06
3.96802e-06
3.32789e-06
2.90127e-06
2.52737e-06
2.13601e-06
1.70824e-06
1.26158e-06
8.33947e-07
4.71392e-07
2.11953e-07
6.76221e-08
1.34204e-08
2.64287e-09
1.90808e-09
5.17719e-05
4.42915e-05
3.9988e-05
3.74858e-05
3.55493e-05
3.29264e-05
2.83711e-05
2.1917e-05
1.54603e-05
1.04683e-05
7.35755e-06
5.58772e-06
4.59702e-06
4.00388e-06
3.5208e-06
3.01506e-06
2.44658e-06
1.83452e-06
1.2335e-06
7.12408e-07
3.30048e-07
1.0999e-07
2.35158e-08
5.39982e-09
4.08493e-09
5.74084e-05
5.0126e-05
4.57049e-05
4.3194e-05
4.14251e-05
3.92654e-05
3.55377e-05
2.94279e-05
2.1917e-05
1.5334e-05
1.07835e-05
8.08598e-06
6.5387e-06
5.63115e-06
4.97718e-06
4.31391e-06
3.54958e-06
2.69685e-06
1.83736e-06
1.07817e-06
5.11269e-07
1.77027e-07
4.06451e-08
1.05725e-08
8.22462e-09
6.17974e-05
5.51461e-05
5.08368e-05
4.83868e-05
4.68609e-05
4.5212e-05
4.23896e-05
3.74669e-05
3.03031e-05
2.237e-05
1.60699e-05
1.20144e-05
9.60557e-06
8.11957e-06
7.16916e-06
6.27122e-06
5.22504e-06
4.0192e-06
2.76695e-06
1.64089e-06
7.90467e-07
2.82008e-07
6.89441e-08
1.98355e-08
1.5706e-08
6.46998e-05
5.90918e-05
5.51345e-05
5.28413e-05
5.15976e-05
5.04938e-05
4.85876e-05
4.50053e-05
3.92259e-05
3.17037e-05
2.39979e-05
1.81435e-05
1.44408e-05
1.21583e-05
1.05537e-05
9.2712e-06
7.81563e-06
6.08167e-06
4.22373e-06
2.5205e-06
1.22413e-06
4.4525e-07
1.14301e-07
3.55667e-08
2.85083e-08
6.60383e-05
6.17961e-05
5.84162e-05
5.63877e-05
5.54218e-05
5.48529e-05
5.38341e-05
5.15733e-05
4.74642e-05
4.13991e-05
3.41428e-05
2.71897e-05
2.17579e-05
1.82952e-05
1.58117e-05
1.38815e-05
1.18363e-05
9.33297e-06
6.5417e-06
3.91884e-06
1.90613e-06
6.9871e-07
1.84918e-07
6.0785e-08
4.9155e-08
6.58863e-05
6.32104e-05
6.06038e-05
5.89253e-05
5.82365e-05
5.81082e-05
5.78884e-05
5.6843e-05
5.4377e-05
5.01731e-05
4.44229e-05
3.79633e-05
3.1902e-05
2.73358e-05
2.38763e-05
2.08683e-05
1.79999e-05
1.44423e-05
1.02605e-05
6.17627e-06
2.99606e-06
1.09457e-06
2.92338e-07
9.89301e-08
8.05682e-08
6.44833e-05
6.34101e-05
6.17131e-05
6.04536e-05
6.00096e-05
6.02227e-05
6.06191e-05
6.06068e-05
5.96054e-05
5.72294e-05
5.34015e-05
4.84671e-05
4.31502e-05
3.82702e-05
3.44179e-05
3.09341e-05
2.70015e-05
2.2232e-05
1.61839e-05
9.86186e-06
4.76977e-06
1.7224e-06
4.53866e-07
1.53377e-07
1.25681e-07
6.21777e-05
6.25999e-05
6.1876e-05
6.1084e-05
6.0837e-05
6.12489e-05
6.20603e-05
6.28055e-05
6.29831e-05
6.21955e-05
6.02283e-05
5.71538e-05
5.33348e-05
4.92933e-05
4.56055e-05
4.23852e-05
3.83588e-05
3.31092e-05
2.52047e-05
1.58583e-05
7.70255e-06
2.74419e-06
6.99498e-07
2.2667e-07
1.85812e-07
5.93354e-05
6.10577e-05
6.12971e-05
6.10126e-05
6.09338e-05
6.13976e-05
6.23781e-05
6.35806e-05
6.45691e-05
6.4937e-05
6.45477e-05
6.32176e-05
6.10703e-05
5.83701e-05
5.54615e-05
5.28905e-05
4.99491e-05
4.49791e-05
3.69433e-05
2.52382e-05
1.26259e-05
4.47568e-06
1.08599e-06
3.21417e-07
2.60121e-07
5.62626e-05
5.90772e-05
6.0229e-05
6.04699e-05
6.05661e-05
6.09857e-05
6.1909e-05
6.32394e-05
6.46731e-05
6.58366e-05
6.6429e-05
6.63466e-05
6.56649e-05
6.43371e-05
6.25911e-05
6.09291e-05
5.9103e-05
5.56651e-05
4.87236e-05
3.64538e-05
2.0482e-05
7.54727e-06
1.73513e-06
4.45777e-07
3.49434e-07
5.31596e-05
5.68971e-05
5.88955e-05
5.97272e-05
6.00145e-05
6.03648e-05
6.10774e-05
6.2246e-05
6.37361e-05
6.52747e-05
6.65432e-05
6.72899e-05
6.74922e-05
6.72633e-05
6.67146e-05
6.60591e-05
6.52961e-05
6.37308e-05
5.89865e-05
4.82907e-05
3.04745e-05
1.25404e-05
2.97243e-06
6.2116e-07
4.63559e-07
5.0129e-05
5.46601e-05
5.74692e-05
5.89252e-05
5.95438e-05
5.98657e-05
6.03205e-05
6.11377e-05
6.23573e-05
6.38467e-05
6.53642e-05
6.66359e-05
6.75225e-05
6.80979e-05
6.84286e-05
6.86101e-05
6.86974e-05
6.84316e-05
6.65386e-05
5.92615e-05
4.28979e-05
2.06565e-05
5.46928e-06
9.09108e-07
5.31817e-07
4.72708e-05
5.24753e-05
5.60601e-05
5.81924e-05
5.92552e-05
5.97073e-05
5.99882e-05
6.04246e-05
6.11837e-05
6.23013e-05
6.36545e-05
6.50306e-05
6.62507e-05
6.73061e-05
6.82189e-05
6.83442e-05
6.80889e-05
6.73653e-05
6.52841e-05
6.09301e-05
5.33317e-05
3.68114e-05
1.47312e-05
3.18467e-06
5.31126e-07
4.46679e-05
5.03828e-05
5.46829e-05
5.75381e-05
5.91709e-05
5.99371e-05
6.02206e-05
6.03959e-05
6.07064e-05
6.12788e-05
6.21617e-05
6.32584e-05
6.44214e-05
6.55893e-05
6.67516e-05
6.78815e-05
6.79016e-05
6.60583e-05
6.38416e-05
6.06469e-05
5.58991e-05
4.88185e-05
3.61086e-05
1.5756e-05
4.77877e-06
4.2555e-05
4.85176e-05
5.3394e-05
5.69591e-05
5.9257e-05
6.05127e-05
6.10285e-05
6.11372e-05
6.11347e-05
6.1226e-05
6.15734e-05
6.2112e-05
6.28646e-05
6.37765e-05
6.48233e-05
6.5966e-05
6.71647e-05
6.83698e-05
6.50346e-05
6.17173e-05
5.80811e-05
5.37739e-05
4.84317e-05
4.15374e-05
2.56979e-05
4.07276e-05
4.70117e-05
5.22581e-05
5.64478e-05
5.94467e-05
6.13302e-05
6.22964e-05
6.25997e-05
6.25272e-05
6.23106e-05
6.21569e-05
6.21396e-05
6.23543e-05
6.27219e-05
6.33224e-05
6.41335e-05
6.5116e-05
6.62273e-05
6.7393e-05
6.64013e-05
6.2173e-05
5.8319e-05
5.45823e-05
5.07733e-05
4.71678e-05
3.87079e-05
4.55321e-05
5.12926e-05
5.5973e-05
5.96445e-05
6.22317e-05
6.38079e-05
6.45495e-05
6.46889e-05
6.44487e-05
6.40392e-05
6.36011e-05
6.32622e-05
6.30639e-05
6.31009e-05
6.33157e-05
6.37757e-05
6.44536e-05
6.53114e-05
6.62856e-05
6.72642e-05
6.67378e-05
6.23432e-05
5.88756e-05
5.61877e-05
3.62501e-05
4.36589e-05
5.00875e-05
5.54387e-05
5.96962e-05
6.29481e-05
6.52119e-05
6.65754e-05
6.71884e-05
6.72287e-05
6.68839e-05
6.63174e-05
6.56688e-05
6.5021e-05
6.44839e-05
6.41036e-05
6.39746e-05
6.40401e-05
6.42993e-05
6.47671e-05
6.53902e-05
6.60918e-05
6.67303e-05
6.7108e-05
6.69849e-05
3.29916e-05
4.0996e-05
4.81651e-05
5.43109e-05
5.93267e-05
6.3086e-05
6.6005e-05
6.8067e-05
6.93361e-05
6.99218e-05
6.99609e-05
6.95985e-05
6.89727e-05
6.82008e-05
6.73883e-05
6.65964e-05
6.58741e-05
6.53578e-05
6.50633e-05
6.4943e-05
6.49762e-05
6.51509e-05
6.54453e-05
6.5775e-05
6.60462e-05
2.83707e-05
3.6845e-05
4.48077e-05
5.18803e-05
5.78522e-05
6.25537e-05
6.59177e-05
6.84885e-05
7.03907e-05
7.16322e-05
7.22742e-05
7.2411e-05
7.2151e-05
7.1605e-05
7.08741e-05
7.00505e-05
6.91933e-05
6.83728e-05
6.7625e-05
6.69807e-05
6.6503e-05
6.61871e-05
6.59839e-05
6.58692e-05
6.58086e-05
2.19585e-05
3.03137e-05
3.88356e-05
4.68748e-05
5.39916e-05
5.9868e-05
6.19102e-05
6.31641e-05
6.41594e-05
6.49528e-05
6.56202e-05
6.62641e-05
6.7044e-05
6.81129e-05
6.97032e-05
7.19646e-05
7.27211e-05
7.20377e-05
7.12931e-05
7.05392e-05
6.98163e-05
6.91394e-05
6.85143e-05
6.79815e-05
6.75673e-05
1.48391e-05
2.14683e-05
2.94163e-05
3.77549e-05
4.58285e-05
5.306e-05
5.8991e-05
6.35422e-05
6.39685e-05
6.39985e-05
6.38506e-05
6.36897e-05
6.3648e-05
6.38288e-05
6.43243e-05
6.52431e-05
6.65863e-05
6.84368e-05
7.09228e-05
7.40606e-05
7.35496e-05
7.29601e-05
7.23345e-05
7.1702e-05
7.10915e-05
8.77533e-06
1.27988e-05
1.83491e-05
2.56436e-05
3.34503e-05
4.12732e-05
4.8527e-05
5.48497e-05
6.01436e-05
6.44401e-05
6.47996e-05
6.45801e-05
6.42698e-05
6.39977e-05
6.38652e-05
6.39671e-05
6.43517e-05
6.5037e-05
6.60724e-05
6.74943e-05
6.93524e-05
7.17003e-05
7.45218e-05
7.47103e-05
7.42378e-05
4.47851e-06
6.51992e-06
9.40445e-06
1.3445e-05
1.89289e-05
2.54278e-05
3.23413e-05
3.91201e-05
4.54979e-05
5.12106e-05
5.6126e-05
6.02454e-05
6.31525e-05
6.30961e-05
6.29423e-05
6.28206e-05
6.28208e-05
6.29927e-05
6.33683e-05
6.39631e-05
6.47835e-05
6.58547e-05
6.71856e-05
6.87508e-05
7.05806e-05
1.85047e-06
2.67564e-06
3.8405e-06
5.48778e-06
7.81468e-06
1.1075e-05
1.50708e-05
1.96073e-05
2.46497e-05
2.9647e-05
3.44545e-05
3.89743e-05
4.30578e-05
4.66252e-05
4.96712e-05
5.2215e-05
5.429e-05
5.59364e-05
5.7195e-05
5.81041e-05
5.86484e-05
5.90009e-05
5.90431e-05
5.88422e-05
5.84208e-05
5.55569e-07
7.96559e-07
1.13241e-06
1.60131e-06
2.25785e-06
3.17244e-06
4.4422e-06
6.07124e-06
7.97206e-06
1.00786e-05
1.23608e-05
1.48489e-05
1.72549e-05
1.95591e-05
2.1709e-05
2.36432e-05
2.53261e-05
2.67371e-05
2.78673e-05
2.87152e-05
2.92863e-05
2.9594e-05
2.96556e-05
2.94924e-05
2.91308e-05
1.04478e-07
1.48163e-07
2.07517e-07
2.87657e-07
3.95305e-07
5.39077e-07
7.31052e-07
9.95069e-07
1.3354e-06
1.72462e-06
2.16689e-06
2.66345e-06
3.18901e-06
3.73485e-06
4.28748e-06
4.79394e-06
5.25137e-06
5.65126e-06
5.98537e-06
6.24624e-06
6.4304e-06
6.53932e-06
6.57696e-06
6.54904e-06
6.46361e-06
1.83029e-08
2.51473e-08
3.37106e-08
4.42169e-08
5.67713e-08
7.10384e-08
8.567e-08
1.02527e-07
1.22563e-07
1.4482e-07
1.6899e-07
1.95661e-07
2.23716e-07
2.52567e-07
2.81502e-07
3.08564e-07
3.34972e-07
3.60683e-07
3.86429e-07
4.119e-07
4.36596e-07
4.60984e-07
4.85179e-07
5.09083e-07
5.32531e-07
1.30264e-08
1.7701e-08
2.33203e-08
2.9927e-08
3.75341e-08
4.59186e-08
5.42246e-08
6.05062e-08
6.37435e-08
6.41595e-08
6.24671e-08
5.87972e-08
5.22691e-08
4.28103e-08
3.15623e-08
2.01193e-08
1.07595e-08
4.99087e-09
5.22763e-09
1.28689e-08
2.74597e-08
4.93362e-08
7.83222e-08
1.1379e-07
1.54577e-07
1.90371e-07
7.16901e-08
2.85932e-08
1.35359e-06
6.85046e-07
4.57308e-07
1.41513e-05
9.04074e-06
6.66325e-06
4.29626e-05
3.44154e-05
2.81483e-05
5.43012e-05
5.28152e-05
5.12845e-05
6.53927e-05
6.33431e-05
6.1659e-05
6.6156e-05
6.60642e-05
6.57388e-05
6.57831e-05
6.57655e-05
6.57122e-05
6.72595e-05
6.69935e-05
6.6753e-05
7.05505e-05
7.00246e-05
6.95238e-05
7.37501e-05
7.32213e-05
7.26562e-05
7.21347e-05
7.16482e-05
7.10348e-05
5.78599e-05
5.71438e-05
5.62674e-05
2.86487e-05
2.80486e-05
2.73335e-05
6.34151e-06
6.18819e-06
6.00578e-06
5.53702e-07
5.73297e-07
5.91821e-07
1.96305e-07
2.37624e-07
2.79634e-07
8.53148e-15
4.3445e-14
9.11196e-14
1.0307e-13
6.0923e-14
3.35279e-14
1.83281e-13
6.86542e-13
1.69746e-12
3.32835e-12
5.64911e-12
8.67517e-12
1.23787e-11
1.66988e-11
2.15569e-11
2.68645e-11
3.25213e-11
3.84114e-11
4.43963e-11
5.02278e-11
5.54499e-11
6.00839e-11
6.73362e-11
1.03814e-10
2.07106e-10
1.26204e-10
1.35518e-10
1.28556e-10
1.46518e-10
1.68944e-10
1.95299e-10
2.25688e-10
2.61333e-10
3.03819e-10
3.5501e-10
4.17165e-10
4.93066e-10
5.86116e-10
7.00476e-10
8.41212e-10
1.01446e-09
1.22757e-09
1.48927e-09
1.80971e-09
2.20061e-09
2.67574e-09
3.25043e-09
3.94098e-09
4.76416e-09
5.7356e-09
6.8688e-09
8.17377e-09
9.65396e-09
1.13032e-08
1.31024e-08
1.50159e-08
1.69879e-08
1.89411e-08
2.07774e-08
2.23846e-08
2.36397e-08
2.44028e-08
2.45993e-08
2.41349e-08
2.29161e-08
2.09868e-08
1.84614e-08
1.55141e-08
1.23632e-08
9.2582e-09
6.43607e-09
4.08235e-09
2.30355e-09
1.11446e-09
4.46001e-10
1.74209e-10
2.25423e-11
4.42263e-12
5.16576e-12
1.90796e-12
3.02989e-14
4.40783e-14
1.52877e-13
3.56511e-13
6.47028e-13
1.09257e-12
1.81969e-12
2.96326e-12
4.63801e-12
6.92688e-12
9.89446e-12
1.3681e-11
1.86968e-11
2.3926e-11
2.95007e-11
3.54123e-11
4.15825e-11
4.79023e-11
5.42374e-11
6.04051e-11
6.63103e-11
7.31252e-11
8.75921e-11
1.31976e-10
1.99798e-10
1.50395e-10
1.44261e-10
1.43304e-10
1.58614e-10
1.80316e-10
2.06541e-10
2.37266e-10
2.73557e-10
3.16967e-10
3.69395e-10
4.33155e-10
5.11085e-10
6.06659e-10
7.24118e-10
8.68622e-10
1.04641e-09
1.26495e-09
1.53308e-09
1.86111e-09
2.26099e-09
2.7465e-09
3.33289e-09
4.03632e-09
4.87311e-09
5.85839e-09
7.00484e-09
8.32101e-09
9.80844e-09
1.14587e-08
1.32501e-08
1.51445e-08
1.70852e-08
1.89954e-08
2.07814e-08
2.23376e-08
2.35519e-08
2.43134e-08
2.45514e-08
2.41683e-08
2.30956e-08
2.13616e-08
1.90594e-08
1.63346e-08
1.3374e-08
1.03917e-08
7.59926e-09
5.17369e-09
3.23196e-09
1.81325e-09
8.87724e-10
4.16186e-10
1.4776e-10
4.0529e-11
6.78017e-12
3.34787e-12
5.09115e-14
9.58745e-14
9.30653e-13
4.25451e-12
1.06466e-11
1.98219e-11
3.16162e-11
4.5909e-11
6.25111e-11
8.11894e-11
1.01789e-10
1.24474e-10
1.49565e-10
1.74171e-10
1.98039e-10
2.2114e-10
2.43358e-10
2.64554e-10
2.84643e-10
3.03716e-10
3.22428e-10
3.43257e-10
3.72983e-10
4.21022e-10
4.63567e-10
4.55228e-10
4.58883e-10
4.74325e-10
5.03936e-10
5.4443e-10
5.9509e-10
6.56967e-10
7.32312e-10
8.24186e-10
9.36343e-10
1.0733e-09
1.24047e-09
1.44437e-09
1.69277e-09
1.99502e-09
2.36217e-09
2.80731e-09
3.34572e-09
3.99506e-09
4.77549e-09
5.70966e-09
6.82228e-09
8.13954e-09
9.68797e-09
1.14929e-08
1.35769e-08
1.59572e-08
1.86434e-08
2.16339e-08
2.49134e-08
2.84503e-08
3.21955e-08
3.60827e-08
4.00314e-08
4.39541e-08
4.7767e-08
5.14044e-08
5.46945e-08
5.71239e-08
5.84183e-08
5.83364e-08
5.66955e-08
5.34097e-08
4.85315e-08
4.22845e-08
3.50683e-08
2.74259e-08
1.99684e-08
1.32749e-08
7.82217e-09
3.93897e-09
1.47032e-09
3.00167e-10
1.97704e-11
1.03228e-12
2.79095e-14
1.8189e-13
2.97492e-12
1.81368e-11
5.77838e-11
1.24391e-10
2.13351e-10
3.20005e-10
4.40945e-10
5.73431e-10
7.15272e-10
8.64912e-10
1.02011e-09
1.17309e-09
1.32036e-09
1.46033e-09
1.592e-09
1.7147e-09
1.82818e-09
1.93283e-09
2.03002e-09
2.1227e-09
2.21581e-09
2.31288e-09
2.40226e-09
2.47622e-09
2.56051e-09
2.66665e-09
2.80243e-09
2.97342e-09
3.18655e-09
3.45075e-09
3.77706e-09
4.17854e-09
4.67047e-09
5.27066e-09
5.99994e-09
6.88267e-09
7.94742e-09
9.22769e-09
1.07626e-08
1.25977e-08
1.47857e-08
1.73872e-08
2.04712e-08
2.41155e-08
2.84066e-08
3.34401e-08
3.93193e-08
4.61545e-08
5.40608e-08
6.31565e-08
7.35599e-08
8.53855e-08
9.87388e-08
1.1371e-07
1.30366e-07
1.4873e-07
1.68769e-07
1.90369e-07
2.13332e-07
2.3735e-07
2.59949e-07
2.79227e-07
2.9339e-07
3.00564e-07
2.99053e-07
2.87666e-07
2.66054e-07
2.35005e-07
1.96566e-07
1.53922e-07
1.10997e-07
7.18447e-08
3.99882e-08
1.77339e-08
5.40593e-09
8.8827e-10
6.00799e-11
1.11984e-11
2.20542e-14
3.81522e-13
6.71624e-12
4.51166e-11
1.66652e-10
4.14326e-10
7.90035e-10
1.26684e-09
1.81528e-09
2.4132e-09
3.04497e-09
3.69837e-09
4.36033e-09
5.0123e-09
5.64053e-09
6.23631e-09
6.79401e-09
7.31013e-09
7.78308e-09
8.21336e-09
8.60378e-09
8.95969e-09
9.28902e-09
9.60106e-09
9.90449e-09
1.02159e-08
1.05632e-08
1.09735e-08
1.14743e-08
1.2094e-08
1.28644e-08
1.38215e-08
1.50064e-08
1.6466e-08
1.82534e-08
2.04298e-08
2.30653e-08
2.62413e-08
3.00524e-08
3.46087e-08
4.00388e-08
4.6493e-08
5.4146e-08
6.32012e-08
7.38943e-08
8.64975e-08
1.01324e-07
1.18734e-07
1.39134e-07
1.62988e-07
1.90813e-07
2.2318e-07
2.60711e-07
3.04065e-07
3.53907e-07
4.10867e-07
4.75453e-07
5.47917e-07
6.28005e-07
7.14714e-07
8.06048e-07
8.98732e-07
9.82377e-07
1.05071e-06
1.09685e-06
1.11367e-06
1.09526e-06
1.0382e-06
9.42877e-07
8.14306e-07
6.62245e-07
5.00349e-07
3.44339e-07
2.09434e-07
1.07322e-07
4.29037e-08
1.18224e-08
1.8521e-09
1.63407e-10
7.11593e-11
3.04991e-13
9.63429e-13
1.29722e-11
8.8762e-11
3.50837e-10
9.57806e-10
2.00616e-09
3.4718e-09
5.25144e-09
7.23281e-09
9.32816e-09
1.14743e-08
1.36209e-08
1.57213e-08
1.7738e-08
1.96436e-08
2.14195e-08
2.30535e-08
2.45397e-08
2.58782e-08
2.70754e-08
2.81453e-08
2.91094e-08
2.99982e-08
3.0853e-08
3.17283e-08
3.26887e-08
3.38047e-08
3.51527e-08
3.68161e-08
3.88867e-08
4.14664e-08
4.46683e-08
4.86183e-08
5.34579e-08
5.93472e-08
6.64691e-08
7.50343e-08
8.5288e-08
9.75173e-08
1.1206e-07
1.29314e-07
1.4975e-07
1.73927e-07
2.02503e-07
2.36259e-07
2.76111e-07
3.23138e-07
3.78599e-07
4.43948e-07
5.20849e-07
6.11166e-07
7.16932e-07
8.40268e-07
9.83229e-07
1.14753e-06
1.33414e-06
1.54269e-06
1.77044e-06
2.01102e-06
2.25388e-06
2.4841e-06
2.67692e-06
2.81505e-06
2.88141e-06
2.86099e-06
2.74458e-06
2.53172e-06
2.23259e-06
1.8683e-06
1.46905e-06
1.07053e-06
7.08678e-07
4.13596e-07
2.03266e-07
7.83287e-08
2.11347e-08
3.36619e-09
3.8306e-10
2.2885e-10
1.363e-12
2.41018e-12
2.30499e-11
1.55411e-10
6.31142e-10
1.81191e-09
4.04592e-09
7.46943e-09
1.19398e-08
1.71485e-08
2.27739e-08
2.85603e-08
3.43227e-08
3.99268e-08
4.52758e-08
5.03015e-08
5.49571e-08
5.92126e-08
6.30525e-08
6.64756e-08
6.94967e-08
7.2148e-08
7.44822e-08
7.65741e-08
7.85238e-08
8.04565e-08
8.25176e-08
8.48692e-08
8.7689e-08
9.11711e-08
9.5527e-08
1.00987e-07
1.07804e-07
1.16253e-07
1.26643e-07
1.39317e-07
1.54668e-07
1.73148e-07
1.95287e-07
2.21707e-07
2.5315e-07
2.90503e-07
3.3483e-07
3.87405e-07
4.49764e-07
5.23741e-07
6.1153e-07
7.15733e-07
8.39411e-07
9.86117e-07
1.1599e-06
1.36522e-06
1.60681e-06
1.8893e-06
2.21658e-06
2.59088e-06
3.01129e-06
3.47192e-06
3.95941e-06
4.45122e-06
4.91616e-06
5.31691e-06
5.61232e-06
5.77165e-06
5.76863e-06
5.58717e-06
5.22571e-06
4.70003e-06
4.04354e-06
3.30464e-06
2.54155e-06
1.81518e-06
1.18088e-06
6.79888e-07
3.31503e-07
1.27803e-07
3.49491e-08
5.83591e-09
8.41129e-10
5.55069e-10
3.91881e-12
5.72027e-12
3.94596e-11
2.5524e-10
1.04148e-09
3.06287e-09
7.10786e-09
1.37473e-08
2.30246e-08
3.44425e-08
4.72284e-08
6.06276e-08
7.40519e-08
8.70937e-08
9.94879e-08
1.11066e-07
1.21723e-07
1.31396e-07
1.40054e-07
1.47694e-07
1.54346e-07
1.60077e-07
1.64992e-07
1.69244e-07
1.73033e-07
1.76607e-07
1.80254e-07
1.84298e-07
1.89098e-07
1.95042e-07
2.0255e-07
2.12074e-07
2.24101e-07
2.39162e-07
2.57836e-07
2.80774e-07
3.08711e-07
3.42497e-07
3.83129e-07
4.31792e-07
4.89906e-07
5.59186e-07
6.41706e-07
7.39978e-07
8.57045e-07
9.96572e-07
1.16295e-06
1.36141e-06
1.59806e-06
1.87992e-06
2.21485e-06
2.61121e-06
3.07728e-06
3.62018e-06
4.24415e-06
4.94814e-06
5.72258e-06
6.54598e-06
7.38224e-06
8.18209e-06
8.88755e-06
9.43799e-06
9.7794e-06
9.87276e-06
9.69099e-06
9.2254e-06
8.49007e-06
7.52348e-06
6.3869e-06
5.1594e-06
3.92973e-06
2.78605e-06
1.80454e-06
1.0384e-06
5.08501e-07
1.9801e-07
5.50595e-08
9.54153e-09
1.61146e-09
1.15565e-09
8.88663e-12
1.14753e-11
6.305e-11
3.95094e-10
1.61652e-09
4.82099e-09
1.14571e-08
2.28745e-08
3.97066e-08
6.15111e-08
8.69576e-08
1.14381e-07
1.42279e-07
1.69544e-07
1.95452e-07
2.19573e-07
2.41664e-07
2.61595e-07
2.79309e-07
2.94807e-07
3.08142e-07
3.19433e-07
3.28871e-07
3.36727e-07
3.43355e-07
3.49196e-07
3.54763e-07
3.60641e-07
3.67476e-07
3.75968e-07
3.86869e-07
4.00983e-07
4.19165e-07
4.42338e-07
4.71503e-07
5.07771e-07
5.52393e-07
6.06813e-07
6.72727e-07
7.52153e-07
8.47518e-07
9.61765e-07
1.09847e-06
1.26198e-06
1.45755e-06
1.69154e-06
1.97155e-06
2.30652e-06
2.70683e-06
3.18417e-06
3.75119e-06
4.42065e-06
5.20403e-06
6.10915e-06
7.13692e-06
8.27712e-06
9.50394e-06
1.07726e-05
1.20189e-05
1.31645e-05
1.41247e-05
1.48195e-05
1.51902e-05
1.51896e-05
1.47881e-05
1.39804e-05
1.27918e-05
1.12807e-05
9.5377e-06
7.6787e-06
5.83336e-06
4.12935e-06
2.67507e-06
1.5436e-06
7.60759e-07
2.99485e-07
8.46537e-08
1.51731e-08
2.88937e-09
2.18459e-09
1.70927e-11
2.0805e-11
9.68798e-11
5.87721e-10
2.4045e-09
7.23202e-09
1.74502e-08
3.56007e-08
6.34455e-08
1.01085e-07
1.46767e-07
1.97554e-07
2.50326e-07
3.02517e-07
3.52361e-07
3.98789e-07
4.41224e-07
4.79382e-07
5.13156e-07
5.42544e-07
5.67642e-07
5.88642e-07
6.05849e-07
6.19699e-07
6.30765e-07
6.39759e-07
6.47524e-07
6.55025e-07
6.63333e-07
6.73612e-07
6.8711e-07
7.05153e-07
7.29145e-07
7.60581e-07
8.01072e-07
8.52384e-07
9.16491e-07
9.95658e-07
1.09252e-06
1.21022e-06
1.35253e-06
1.52398e-06
1.73013e-06
1.97767e-06
2.27472e-06
2.63101e-06
3.05808e-06
3.56942e-06
4.18035e-06
4.90776e-06
5.76922e-06
6.78143e-06
7.95774e-06
9.3045e-06
1.08163e-05
1.2471e-05
1.42249e-05
1.60108e-05
1.77402e-05
1.93097e-05
2.06112e-05
2.15435e-05
2.20366e-05
2.20249e-05
2.14606e-05
2.03251e-05
1.86408e-05
1.6479e-05
1.39627e-05
1.1259e-05
8.56169e-06
6.06478e-06
3.9328e-06
2.27468e-06
1.12668e-06
4.47516e-07
1.28325e-07
2.36859e-08
4.92949e-09
3.85288e-09
2.93678e-11
3.6693e-11
1.47366e-10
8.51873e-10
3.46955e-09
1.04846e-08
2.55505e-08
5.29059e-08
9.61091e-08
1.56504e-07
2.32337e-07
3.19216e-07
4.11625e-07
5.04483e-07
5.94e-07
6.77774e-07
7.54483e-07
8.23496e-07
8.84576e-07
9.37711e-07
9.8304e-07
1.02085e-06
1.05158e-06
1.07587e-06
1.09456e-06
1.10872e-06
1.11963e-06
1.12875e-06
1.13774e-06
1.14841e-06
1.1627e-06
1.18267e-06
1.2105e-06
1.24848e-06
1.29906e-06
1.36491e-06
1.44895e-06
1.55451e-06
1.68541e-06
1.84617e-06
2.04215e-06
2.27982e-06
2.56695e-06
2.91294e-06
3.32908e-06
3.82878e-06
4.42781e-06
5.14429e-06
5.99839e-06
7.01192e-06
8.20678e-06
9.60271e-06
1.1214e-05
1.30452e-05
1.50854e-05
1.73039e-05
1.96456e-05
2.20301e-05
2.43538e-05
2.64954e-05
2.83227e-05
2.97017e-05
3.05358e-05
3.0723e-05
3.01719e-05
2.88221e-05
2.66657e-05
2.37686e-05
2.02837e-05
1.64471e-05
1.25536e-05
8.91067e-06
5.78394e-06
3.34878e-06
1.66301e-06
6.64464e-07
1.92651e-07
3.63942e-08
8.05741e-09
6.42848e-09
6.19267e-11
8.85088e-11
2.41384e-10
1.22057e-09
4.89659e-09
1.48188e-08
3.63448e-08
7.60357e-08
1.40064e-07
2.31923e-07
3.5055e-07
4.90177e-07
6.42166e-07
7.97637e-07
9.49404e-07
1.09263e-06
1.22455e-06
1.3438e-06
1.44984e-06
1.54261e-06
1.62225e-06
1.68915e-06
1.74389e-06
1.78731e-06
1.82053e-06
1.84501e-06
1.86253e-06
1.87517e-06
1.88531e-06
1.89558e-06
1.90883e-06
1.92808e-06
1.95656e-06
1.99763e-06
2.05486e-06
2.13208e-06
2.23346e-06
2.36362e-06
2.52783e-06
2.73216e-06
2.98378e-06
3.29117e-06
3.66445e-06
4.11572e-06
4.65933e-06
5.31218e-06
6.09388e-06
7.02693e-06
8.135e-06
9.44416e-06
1.09796e-05
1.27636e-05
1.48115e-05
1.71279e-05
1.97013e-05
2.25001e-05
2.54688e-05
2.85269e-05
3.15684e-05
3.44627e-05
3.70554e-05
3.91706e-05
4.06694e-05
4.13956e-05
4.11863e-05
3.98993e-05
3.74487e-05
3.38485e-05
2.92508e-05
2.39637e-05
1.84263e-05
1.31352e-05
8.53985e-06
4.94483e-06
2.45623e-06
9.83914e-07
2.87267e-07
5.51175e-08
1.26645e-08
1.02228e-08
6.66951e-10
5.06049e-10
5.37159e-10
1.78477e-09
6.81411e-09
2.05495e-08
5.05795e-08
1.06555e-07
1.98258e-07
3.32455e-07
5.09733e-07
7.23309e-07
9.60857e-07
1.20832e-06
1.4534e-06
1.68734e-06
1.90483e-06
2.10317e-06
2.28122e-06
2.43869e-06
2.57571e-06
2.69269e-06
2.79029e-06
2.86947e-06
2.93158e-06
2.97841e-06
3.01221e-06
3.03569e-06
3.05203e-06
3.06479e-06
3.07789e-06
3.09557e-06
3.12233e-06
3.16292e-06
3.22238e-06
3.30601e-06
3.41954e-06
3.56919e-06
3.76191e-06
4.00557e-06
4.30921e-06
4.68337e-06
5.14042e-06
5.69488e-06
6.36374e-06
7.16669e-06
8.12634e-06
9.2684e-06
1.06191e-05
1.22071e-05
1.40603e-05
1.62027e-05
1.86519e-05
2.1415e-05
2.4485e-05
2.78375e-05
3.1427e-05
3.5185e-05
3.90165e-05
4.27952e-05
4.63555e-05
4.94844e-05
5.19961e-05
5.36752e-05
5.42723e-05
5.35285e-05
5.12192e-05
4.72203e-05
4.15923e-05
3.46545e-05
2.70011e-05
1.94138e-05
1.26723e-05
7.34068e-06
3.64133e-06
1.4577e-06
4.26649e-07
8.23999e-08
1.91862e-08
1.55634e-08
1.4296e-10
1.8149e-10
4.76819e-10
2.32772e-09
9.25665e-09
2.80388e-08
6.91987e-08
1.46436e-07
2.74349e-07
4.64317e-07
7.19804e-07
1.03366e-06
1.38955e-06
1.7669e-06
2.14646e-06
2.51364e-06
2.8592e-06
3.17817e-06
3.46832e-06
3.72889e-06
3.95982e-06
4.16144e-06
4.33432e-06
4.47939e-06
4.59799e-06
4.69206e-06
4.76411e-06
4.81735e-06
4.85561e-06
4.88337e-06
4.90566e-06
4.92804e-06
4.95653e-06
4.99752e-06
5.05782e-06
5.14461e-06
5.26554e-06
5.42882e-06
5.64338e-06
5.91914e-06
6.26721e-06
6.7002e-06
7.23258e-06
7.88099e-06
8.66453e-06
9.60503e-06
1.07269e-05
1.20566e-05
1.36232e-05
1.54567e-05
1.75861e-05
2.00371e-05
2.28291e-05
2.59732e-05
2.94696e-05
3.33049e-05
3.74492e-05
4.18531e-05
4.64427e-05
5.11107e-05
5.57019e-05
5.99738e-05
6.3717e-05
6.66725e-05
6.85225e-05
6.88978e-05
6.74065e-05
6.36992e-05
5.75884e-05
4.92157e-05
3.9202e-05
2.86486e-05
1.88763e-05
1.09674e-05
5.43309e-06
2.16831e-06
6.33366e-07
1.21921e-07
2.80504e-08
2.27348e-08
1.98967e-10
2.14077e-10
5.99013e-10
3.1155e-09
1.24974e-08
3.78731e-08
9.35123e-08
1.98282e-07
3.72972e-07
6.35101e-07
9.92421e-07
1.43834e-06
1.95249e-06
2.50673e-06
3.07298e-06
3.62883e-06
4.15942e-06
4.65632e-06
5.11549e-06
5.53531e-06
5.91527e-06
6.25539e-06
6.55594e-06
6.81748e-06
7.04104e-06
7.22826e-06
7.38155e-06
7.50417e-06
7.60026e-06
7.67487e-06
7.73392e-06
7.78416e-06
7.8331e-06
7.88894e-06
7.96049e-06
8.05711e-06
8.18878e-06
8.36609e-06
8.60041e-06
8.90409e-06
9.29064e-06
9.77499e-06
1.03737e-05
1.11054e-05
1.1991e-05
1.30538e-05
1.43191e-05
1.58138e-05
1.75673e-05
1.96103e-05
2.19734e-05
2.46843e-05
2.77602e-05
3.12143e-05
3.50536e-05
3.92747e-05
4.38616e-05
4.87835e-05
5.39887e-05
5.93958e-05
6.48768e-05
7.01821e-05
7.50944e-05
7.93459e-05
8.26036e-05
8.44552e-05
8.44037e-05
8.18869e-05
7.63637e-05
6.75219e-05
5.56193e-05
4.18076e-05
2.80904e-05
1.64796e-05
8.17399e-06
3.2504e-06
9.44226e-07
1.79283e-07
3.95551e-08
3.1802e-08
3.02272e-10
3.14995e-10
8.25415e-10
4.2233e-09
1.68647e-08
5.09346e-08
1.2546e-07
2.65765e-07
5.00322e-07
8.54342e-07
1.34131e-06
1.95621e-06
2.67501e-06
3.46134e-06
4.27687e-06
5.08957e-06
5.87721e-06
6.62658e-06
7.3309e-06
7.98708e-06
8.59381e-06
9.15048e-06
9.65675e-06
1.01125e-05
1.0518e-05
1.08741e-05
1.11824e-05
1.14456e-05
1.16675e-05
1.1853e-05
1.20082e-05
1.21405e-05
1.22585e-05
1.23721e-05
1.24918e-05
1.26294e-05
1.27974e-05
1.3009e-05
1.32784e-05
1.36209e-05
1.40531e-05
1.45927e-05
1.52586e-05
1.60717e-05
1.70548e-05
1.82332e-05
1.96338e-05
2.12803e-05
2.32018e-05
2.54298e-05
2.79978e-05
3.09467e-05
3.42695e-05
3.7978e-05
4.20855e-05
4.65937e-05
5.14938e-05
5.67649e-05
6.23699e-05
6.82476e-05
7.4299e-05
8.02764e-05
8.59688e-05
9.11316e-05
9.54709e-05
9.86203e-05
0.000100106
9.93127e-05
9.54669e-05
8.7735e-05
7.55539e-05
5.92667e-05
4.12668e-05
2.47777e-05
1.23943e-05
4.92062e-06
1.4203e-06
2.63347e-07
5.37844e-08
4.24481e-08
4.41517e-10
4.56695e-10
1.15462e-09
5.79454e-09
2.29257e-08
6.87231e-08
1.68203e-07
3.54554e-07
6.65343e-07
1.13475e-06
1.78304e-06
2.60764e-06
3.58134e-06
4.65965e-06
5.79342e-06
6.93992e-06
8.06822e-06
9.15914e-06
1.02021e-05
1.11917e-05
1.21252e-05
1.30011e-05
1.38181e-05
1.45751e-05
1.52713e-05
1.59063e-05
1.64803e-05
1.69948e-05
1.74521e-05
1.7856e-05
1.82119e-05
1.85265e-05
1.88087e-05
1.90689e-05
1.93191e-05
1.95728e-05
1.98448e-05
2.01507e-05
2.05074e-05
2.09334e-05
2.1449e-05
2.20758e-05
2.28359e-05
2.37512e-05
2.48478e-05
2.61553e-05
2.77118e-05
2.95188e-05
3.16086e-05
3.40116e-05
3.67572e-05
3.98731e-05
4.33743e-05
4.72722e-05
5.15696e-05
5.62612e-05
6.13359e-05
6.67739e-05
7.25438e-05
7.85952e-05
8.48428e-05
9.10225e-05
9.69475e-05
0.000102413
0.000107193
0.00011101
0.000113497
0.000114127
0.000112123
0.000106397
9.56996e-05
7.93209e-05
5.84472e-05
3.67546e-05
1.88538e-05
7.52386e-06
2.16431e-06
3.89185e-07
7.06234e-08
5.39024e-08
6.30336e-10
6.52753e-10
1.64547e-09
8.15307e-09
3.18042e-08
9.40558e-08
2.2739e-07
4.74216e-07
8.82148e-07
1.49471e-06
2.33894e-06
3.41469e-06
4.69204e-06
6.11926e-06
7.63725e-06
9.19299e-06
1.07466e-05
1.22726e-05
1.37558e-05
1.51866e-05
1.656e-05
1.78731e-05
1.91237e-05
2.03097e-05
2.1429e-05
2.248e-05
2.34612e-05
2.43724e-05
2.52137e-05
2.59869e-05
2.66952e-05
2.73434e-05
2.79386e-05
2.84906e-05
2.90116e-05
2.95157e-05
3.0019e-05
3.05387e-05
3.10914e-05
3.16986e-05
3.2385e-05
3.31791e-05
3.41066e-05
3.51845e-05
3.64428e-05
3.79104e-05
3.96153e-05
4.15775e-05
4.38216e-05
4.63728e-05
4.92566e-05
5.24995e-05
5.61331e-05
6.01684e-05
6.45806e-05
6.93418e-05
7.44303e-05
7.98232e-05
8.54905e-05
9.1397e-05
9.73664e-05
0.000103187
0.000108706
0.000113766
0.000118226
0.000121926
0.000124628
0.000125979
0.000125375
0.000121791
0.000113654
9.91304e-05
7.75385e-05
5.16569e-05
2.78434e-05
1.15341e-05
3.36653e-06
5.86193e-07
8.96408e-08
6.41089e-08
9.00399e-10
9.40411e-10
2.44947e-09
1.20449e-08
4.59207e-08
1.32665e-07
3.1389e-07
6.42141e-07
1.17479e-06
1.9632e-06
3.03904e-06
4.40302e-06
6.0225e-06
7.84029e-06
9.79015e-06
1.18117e-05
1.38568e-05
1.58956e-05
1.79103e-05
1.98803e-05
2.17974e-05
2.36579e-05
2.54585e-05
2.71962e-05
2.88681e-05
3.04718e-05
3.20047e-05
3.3465e-05
3.48509e-05
3.61617e-05
3.73977e-05
3.85595e-05
3.96508e-05
4.06798e-05
4.16573e-05
4.25961e-05
4.35126e-05
4.44261e-05
4.53426e-05
4.62865e-05
4.72846e-05
4.83649e-05
4.95547e-05
5.08796e-05
5.23664e-05
5.40419e-05
5.59314e-05
5.80571e-05
6.04407e-05
6.31029e-05
6.60628e-05
6.93372e-05
7.29377e-05
7.68621e-05
8.10902e-05
8.55939e-05
9.03471e-05
9.53344e-05
0.000100531
0.000105853
0.000111069
0.000116079
0.000120767
0.000124999
0.000128631
0.000131549
0.000133721
0.00013502
0.000135068
0.000133107
0.000127699
0.000116505
9.69544e-05
6.91876e-05
3.95226e-05
1.70164e-05
5.10853e-06
9.08338e-07
1.11093e-07
6.97027e-08
1.30786e-09
1.39878e-09
3.96594e-09
1.93453e-08
7.0924e-08
1.97026e-07
4.49858e-07
8.91559e-07
1.58635e-06
2.58867e-06
3.92976e-06
5.60784e-06
7.58687e-06
9.80731e-06
1.22e-05
1.47058e-05
1.72623e-05
1.98292e-05
2.23852e-05
2.4915e-05
2.74093e-05
2.98604e-05
3.22603e-05
3.4604e-05
3.68876e-05
3.91087e-05
4.12647e-05
4.33533e-05
4.53713e-05
4.73163e-05
4.91883e-05
5.0979e-05
5.26875e-05
5.43229e-05
5.58935e-05
5.7409e-05
5.88807e-05
6.0321e-05
6.17415e-05
6.27156e-05
6.3706e-05
6.48095e-05
6.605e-05
6.74507e-05
6.90355e-05
7.08288e-05
7.28556e-05
7.51409e-05
7.77106e-05
8.05908e-05
8.38082e-05
8.73883e-05
9.13534e-05
9.55724e-05
9.94144e-05
0.000102614
0.000105503
0.000109575
0.000114525
0.000119941
0.000124415
0.000128234
0.000131737
0.000134822
0.000137365
0.000139254
0.000140501
0.000141228
0.000141279
0.000140193
0.000136942
0.00012943
0.000114192
8.81234e-05
5.43862e-05
2.47055e-05
7.65958e-06
1.38402e-06
1.33779e-07
6.57619e-08
1.98887e-09
2.25457e-09
7.43602e-09
3.5318e-08
1.21105e-07
3.15919e-07
6.82256e-07
1.28748e-06
2.19508e-06
3.45374e-06
5.08704e-06
7.08775e-06
9.41447e-06
1.20126e-05
1.4804e-05
1.77207e-05
2.07116e-05
2.37398e-05
2.6781e-05
2.98193e-05
3.28459e-05
3.58485e-05
3.88052e-05
4.17112e-05
4.45601e-05
4.73517e-05
5.00855e-05
5.27601e-05
5.5372e-05
5.79147e-05
5.96754e-05
6.12281e-05
6.27632e-05
6.42876e-05
6.58083e-05
6.73333e-05
6.88716e-05
7.04333e-05
7.2029e-05
7.36715e-05
7.53767e-05
7.71624e-05
7.90471e-05
8.10496e-05
8.31899e-05
8.54883e-05
8.79661e-05
9.06449e-05
9.35481e-05
9.67015e-05
0.000100136
0.000103881
0.000107955
0.000112371
0.000116788
0.000119582
0.000119367
0.0001203
0.000122259
0.000125045
0.000128364
0.000131923
0.000135475
0.000138836
0.000141862
0.000143815
0.0001441
0.000144132
0.000143864
0.000143056
0.000140511
0.000133565
0.000123301
0.000105707
7.20656e-05
3.55642e-05
1.16066e-05
2.18205e-06
1.76828e-07
4.40709e-08
3.47569e-09
4.39113e-09
1.74901e-08
7.67027e-08
2.35862e-07
5.5936e-07
1.11278e-06
1.95647e-06
3.14008e-06
4.69626e-06
6.63552e-06
8.95274e-06
1.15825e-05
1.44596e-05
1.7527e-05
2.0732e-05
2.40312e-05
2.7391e-05
3.07867e-05
3.41985e-05
3.76083e-05
4.10038e-05
4.43693e-05
4.76138e-05
4.97954e-05
5.18907e-05
5.39827e-05
5.60754e-05
5.81721e-05
6.02743e-05
6.23818e-05
6.44948e-05
6.66141e-05
6.8741e-05
7.08775e-05
7.30263e-05
7.51913e-05
7.7378e-05
7.95938e-05
8.18491e-05
8.41542e-05
8.65185e-05
8.89522e-05
9.14675e-05
9.40774e-05
9.67966e-05
9.96398e-05
0.000102623
0.000105764
0.000109088
0.00011265
0.000116503
0.000120617
0.000124969
0.000129486
0.000132486
0.000134836
0.000133052
0.000130473
0.000129399
0.000129587
0.000130639
0.000132098
0.000133571
0.000134782
0.00013554
0.000135671
0.000134975
0.000133214
0.000130107
0.000125342
0.000118592
0.000109522
9.77337e-05
8.25367e-05
5.03978e-05
1.79089e-05
3.59221e-06
2.84567e-07
1.4341e-08
6.64041e-09
1.168e-08
5.59741e-08
2.06664e-07
5.35571e-07
1.10584e-06
1.96109e-06
3.13456e-06
4.65431e-06
6.53584e-06
8.76848e-06
1.13122e-05
1.41237e-05
1.71565e-05
2.03669e-05
2.37152e-05
2.71662e-05
3.06908e-05
3.4266e-05
3.77145e-05
4.00898e-05
4.27348e-05
4.57091e-05
4.80724e-05
5.04506e-05
5.28485e-05
5.52693e-05
5.77157e-05
6.01912e-05
6.2701e-05
6.52464e-05
6.78234e-05
7.04278e-05
7.3056e-05
7.57051e-05
7.83734e-05
8.10604e-05
8.37676e-05
8.65001e-05
8.92735e-05
9.20954e-05
9.49609e-05
9.78713e-05
0.000100832
0.00010385
0.000106935
0.000110096
0.000113344
0.000116685
0.000120124
0.000123625
0.00012714
0.00013068
0.000134219
0.000136026
0.000137689
0.000139195
0.000140512
0.000141443
0.000135089
0.000130904
0.000128588
0.000127614
0.000127342
0.0001272
0.000126787
0.000125852
0.00012421
0.000121673
0.000118032
0.000113065
0.00010656
9.83143e-05
8.80849e-05
7.54642e-05
5.96555e-05
2.90703e-05
6.73256e-06
7.82133e-07
2.06494e-07
3.27832e-08
1.07089e-07
3.20191e-07
7.41141e-07
1.41321e-06
2.36352e-06
3.60694e-06
5.15925e-06
7.04091e-06
9.214e-06
1.16558e-05
1.43386e-05
1.72329e-05
2.03091e-05
2.3539e-05
2.68946e-05
3.03459e-05
3.33458e-05
3.57502e-05
3.85305e-05
4.19361e-05
4.51919e-05
4.76665e-05
5.01894e-05
5.2765e-05
5.53892e-05
5.80585e-05
6.07704e-05
6.35267e-05
6.63458e-05
6.92284e-05
7.21539e-05
7.511e-05
7.80882e-05
8.10821e-05
8.4087e-05
8.71003e-05
9.01208e-05
9.31476e-05
9.61708e-05
9.91835e-05
0.000102187
0.000105181
0.000108163
0.000111134
0.000114098
0.000117055
0.000120005
0.00012295
0.000125892
0.000128816
0.000130549
0.000131883
0.000133098
0.000134192
0.000135156
0.000135977
0.000136632
0.000137076
0.000137204
0.000134285
0.000127554
0.00012322
0.00012074
0.000119305
0.000118128
0.000116672
0.000114659
0.000111922
0.000108309
0.000103672
9.78856e-05
9.08552e-05
8.25016e-05
7.26729e-05
6.10256e-05
4.69171e-05
2.00858e-05
4.50714e-06
1.38981e-06
6.25791e-07
1.03198e-06
1.67487e-06
2.56362e-06
3.69885e-06
5.07516e-06
6.7003e-06
8.61175e-06
1.07575e-05
1.31127e-05
1.56583e-05
1.83764e-05
2.1251e-05
2.42669e-05
2.74086e-05
3.06571e-05
3.31087e-05
3.59957e-05
3.96971e-05
4.44867e-05
4.71946e-05
4.96008e-05
5.20931e-05
5.46846e-05
5.7373e-05
6.01265e-05
6.2927e-05
6.57621e-05
6.86197e-05
7.14755e-05
7.43203e-05
7.71636e-05
8.00064e-05
8.28448e-05
8.5674e-05
8.84912e-05
9.12963e-05
9.40929e-05
9.68861e-05
9.96761e-05
0.000102447
0.000105173
0.000107841
0.000110447
0.000112993
0.000115485
0.000117928
0.00011947
0.000120714
0.00012176
0.000122633
0.000123459
0.000124243
0.000124962
0.000125601
0.00012615
0.000126598
0.000126936
0.000127151
0.000127221
0.000127112
0.000126745
0.000119648
0.000114524
0.000111535
0.000109664
0.000108002
0.000106015
0.00010348
0.000100284
9.63493e-05
9.16294e-05
8.61221e-05
7.98693e-05
7.29227e-05
6.52384e-05
5.6532e-05
4.61895e-05
1.96535e-05
6.58118e-06
6.01037e-06
6.18773e-06
6.86406e-06
7.88346e-06
9.16653e-06
1.06683e-05
1.23985e-05
1.4398e-05
1.65776e-05
1.89107e-05
2.13795e-05
2.39737e-05
2.66867e-05
2.95126e-05
3.24453e-05
3.54779e-05
3.85977e-05
4.17933e-05
4.50574e-05
4.8377e-05
5.1713e-05
5.5035e-05
5.83162e-05
6.12696e-05
6.36657e-05
6.60649e-05
6.84702e-05
7.08797e-05
7.329e-05
7.56982e-05
7.8106e-05
8.05145e-05
8.29107e-05
8.52775e-05
8.76084e-05
8.99064e-05
9.21828e-05
9.44579e-05
9.67576e-05
9.90899e-05
0.000101196
0.00010263
0.000104032
0.000105389
0.00010669
0.000107924
0.000109083
0.000110154
0.000111125
0.000111987
0.000112738
0.000113387
0.000113942
0.000114403
0.000114769
0.00011504
0.000115213
0.000115288
0.000115263
0.000115133
0.000114894
0.00011453
0.000113997
0.000109012
0.000104416
0.000101771
9.99818e-05
9.82242e-05
9.6112e-05
9.35197e-05
9.04163e-05
8.68107e-05
8.27453e-05
7.83156e-05
7.36706e-05
6.89891e-05
6.44182e-05
5.99705e-05
5.49254e-05
3.30591e-05
2.3887e-05
2.15184e-05
2.04123e-05
2.01425e-05
2.04559e-05
2.11861e-05
2.22522e-05
2.36333e-05
2.53918e-05
2.73329e-05
2.94038e-05
3.16048e-05
3.39341e-05
3.63817e-05
3.89386e-05
4.16021e-05
4.43485e-05
4.71475e-05
4.99715e-05
5.27943e-05
5.55967e-05
5.83564e-05
6.10503e-05
6.36624e-05
6.61946e-05
6.86469e-05
7.1015e-05
7.32884e-05
7.53431e-05
7.71288e-05
7.89482e-05
8.08073e-05
8.25442e-05
8.41147e-05
8.56548e-05
8.71521e-05
8.85967e-05
8.99789e-05
9.12893e-05
9.25212e-05
9.36772e-05
9.4766e-05
9.57908e-05
9.67527e-05
9.76512e-05
9.84848e-05
9.92511e-05
9.99465e-05
0.000100567
0.000101109
0.000101567
0.000101942
0.000102229
0.000102426
0.000102533
0.000102547
0.00010247
0.000102299
0.000102038
0.000101685
0.000101242
0.000100709
0.000100084
9.93611e-05
9.8538e-05
9.52325e-05
9.3308e-05
9.18388e-05
9.02519e-05
8.83357e-05
8.60952e-05
8.3566e-05
8.07925e-05
7.78806e-05
7.50007e-05
7.23735e-05
7.023e-05
6.88341e-05
6.83885e-05
6.60977e-05
4.65624e-05
4.28154e-05
4.0094e-05
3.82464e-05
3.71103e-05
3.65444e-05
3.64422e-05
3.67285e-05
3.73563e-05
3.82627e-05
3.94218e-05
4.09239e-05
4.2682e-05
4.45918e-05
4.66164e-05
4.86943e-05
5.07999e-05
5.29162e-05
5.50245e-05
5.71037e-05
5.91278e-05
6.10656e-05
6.28874e-05
6.45983e-05
6.63024e-05
6.79851e-05
6.96317e-05
7.12312e-05
7.27739e-05
7.42497e-05
7.56115e-05
7.65269e-05
7.74109e-05
7.82606e-05
7.90764e-05
7.98603e-05
8.06146e-05
8.13426e-05
8.20473e-05
8.27316e-05
8.33968e-05
8.40445e-05
8.46758e-05
8.52909e-05
8.58901e-05
8.64739e-05
8.70427e-05
8.75961e-05
8.81339e-05
8.8659e-05
8.91705e-05
8.96711e-05
8.99301e-05
8.98315e-05
8.96477e-05
8.93791e-05
8.90265e-05
8.85909e-05
8.80736e-05
8.74766e-05
8.68024e-05
8.60539e-05
8.52345e-05
8.43476e-05
8.33969e-05
8.23853e-05
8.13219e-05
8.02172e-05
7.90824e-05
7.79287e-05
7.67679e-05
7.56091e-05
7.44599e-05
7.33245e-05
7.21991e-05
7.10614e-05
6.98507e-05
6.84293e-05
6.65379e-05
6.38622e-05
5.99425e-05
5.82156e-05
5.60249e-05
5.41687e-05
5.26884e-05
5.15808e-05
5.08222e-05
5.03814e-05
5.0228e-05
5.03375e-05
5.0705e-05
5.13394e-05
5.22071e-05
5.31965e-05
5.42801e-05
5.54367e-05
5.66478e-05
5.78972e-05
5.91704e-05
6.04539e-05
6.17346e-05
6.29981e-05
6.42302e-05
6.54218e-05
6.65739e-05
6.75452e-05
6.79896e-05
6.84446e-05
6.89103e-05
6.93868e-05
6.98736e-05
7.03686e-05
7.0872e-05
7.13845e-05
7.19069e-05
7.24383e-05
7.29773e-05
7.3524e-05
7.40801e-05
7.46452e-05
7.52182e-05
7.58019e-05
7.63966e-05
7.69992e-05
7.76085e-05
7.82242e-05
7.87508e-05
7.86856e-05
7.8554e-05
7.83573e-05
7.80959e-05
7.77699e-05
7.73788e-05
7.69217e-05
7.63983e-05
7.58086e-05
7.51532e-05
7.44333e-05
7.36503e-05
7.28062e-05
7.19037e-05
7.0946e-05
6.99371e-05
6.88817e-05
6.77845e-05
6.66502e-05
6.54842e-05
6.42923e-05
6.30812e-05
6.18592e-05
6.0628e-05
5.93943e-05
5.81632e-05
5.69349e-05
5.57077e-05
5.44747e-05
5.32172e-05
5.19035e-05
5.0484e-05
4.89272e-05
6.51105e-05
6.42904e-05
6.33796e-05
6.24649e-05
6.16141e-05
6.08727e-05
6.02674e-05
5.98109e-05
5.95076e-05
5.93626e-05
5.9372e-05
5.95111e-05
5.97705e-05
6.01224e-05
6.05512e-05
6.10449e-05
6.15917e-05
6.21802e-05
6.27995e-05
6.3439e-05
6.40884e-05
6.4621e-05
6.48138e-05
6.50632e-05
6.53641e-05
6.57102e-05
6.60948e-05
6.65128e-05
6.69592e-05
6.74328e-05
6.79356e-05
6.84677e-05
6.90278e-05
6.9615e-05
7.02109e-05
7.03225e-05
7.03766e-05
7.03744e-05
7.03168e-05
7.0205e-05
7.00401e-05
6.98234e-05
6.95559e-05
6.92387e-05
6.88732e-05
6.84602e-05
6.80005e-05
6.7494e-05
6.69408e-05
6.63416e-05
6.56972e-05
6.50075e-05
6.42728e-05
6.34942e-05
6.26725e-05
6.18084e-05
6.09032e-05
5.99582e-05
5.89743e-05
5.79534e-05
5.68979e-05
5.58111e-05
5.46978e-05
5.35636e-05
5.24139e-05
5.12519e-05
5.00811e-05
4.89043e-05
4.7724e-05
4.65439e-05
4.53664e-05
4.4191e-05
4.30186e-05
4.18522e-05
4.06932e-05
3.95395e-05
3.83796e-05
3.71967e-05
3.59774e-05
3.47181e-05
6.55856e-05
6.53894e-05
6.51371e-05
6.4849e-05
6.45496e-05
6.42608e-05
6.40009e-05
6.37836e-05
6.36177e-05
6.35088e-05
6.34591e-05
6.34665e-05
6.35263e-05
6.36279e-05
6.37559e-05
6.39069e-05
6.40759e-05
6.42573e-05
6.44448e-05
6.46324e-05
6.48134e-05
6.49811e-05
6.51284e-05
6.52492e-05
6.5338e-05
6.53904e-05
6.54023e-05
6.53708e-05
6.52932e-05
6.51681e-05
6.49947e-05
6.47727e-05
6.45015e-05
6.41812e-05
6.38123e-05
6.33954e-05
6.29314e-05
6.24218e-05
6.18683e-05
6.1273e-05
6.06381e-05
5.99651e-05
5.92557e-05
5.85122e-05
5.77365e-05
5.69309e-05
5.60978e-05
5.52393e-05
5.43579e-05
5.34564e-05
5.25366e-05
5.15996e-05
5.06459e-05
4.96763e-05
4.86907e-05
4.76896e-05
4.66741e-05
4.56456e-05
4.46038e-05
4.35496e-05
4.24866e-05
4.14184e-05
4.03493e-05
3.92834e-05
3.8225e-05
3.71756e-05
3.61366e-05
3.51083e-05
3.40901e-05
3.30833e-05
3.20891e-05
3.1109e-05
3.01431e-05
2.91893e-05
2.82442e-05
2.73041e-05
2.63649e-05
2.54249e-05
2.44829e-05
2.35327e-05
6.6493e-05
6.62324e-05
6.59686e-05
6.57175e-05
6.54925e-05
6.52885e-05
6.50995e-05
6.49282e-05
6.47757e-05
6.46419e-05
6.45256e-05
6.4425e-05
6.43367e-05
6.42564e-05
6.41757e-05
6.40866e-05
6.3983e-05
6.38594e-05
6.37098e-05
6.3529e-05
6.33116e-05
6.30531e-05
6.27492e-05
6.23963e-05
6.19918e-05
6.1534e-05
6.10219e-05
6.04556e-05
5.98362e-05
5.9166e-05
5.84481e-05
5.76856e-05
5.68818e-05
5.60404e-05
5.51651e-05
5.426e-05
5.3329e-05
5.23754e-05
5.14022e-05
5.04125e-05
4.94099e-05
4.8397e-05
4.73733e-05
4.63418e-05
4.53064e-05
4.42706e-05
4.32379e-05
4.22103e-05
4.11898e-05
4.01783e-05
3.91771e-05
3.81859e-05
3.72041e-05
3.6231e-05
3.52662e-05
3.43093e-05
3.33606e-05
3.2421e-05
3.14915e-05
3.05733e-05
2.96673e-05
2.87742e-05
2.7894e-05
2.7027e-05
2.61745e-05
2.53377e-05
2.45176e-05
2.37154e-05
2.29332e-05
2.21716e-05
2.14307e-05
2.07098e-05
2.00042e-05
1.9312e-05
1.86309e-05
1.7958e-05
1.72903e-05
1.66245e-05
1.59581e-05
1.52915e-05
6.89963e-05
6.85213e-05
6.80831e-05
6.76703e-05
6.72759e-05
6.68941e-05
6.6519e-05
6.61467e-05
6.57736e-05
6.53968e-05
6.50129e-05
6.46178e-05
6.42087e-05
6.37835e-05
6.33381e-05
6.28553e-05
6.23281e-05
6.17498e-05
6.11147e-05
6.04184e-05
5.96582e-05
5.88328e-05
5.79428e-05
5.69903e-05
5.59788e-05
5.49133e-05
5.37994e-05
5.26439e-05
5.14536e-05
5.02363e-05
4.90002e-05
4.7752e-05
4.64981e-05
4.5244e-05
4.39942e-05
4.27533e-05
4.15257e-05
4.03151e-05
3.91246e-05
3.79559e-05
3.68108e-05
3.56908e-05
3.45973e-05
3.3531e-05
3.24924e-05
3.14804e-05
3.04944e-05
2.95341e-05
2.8599e-05
2.7689e-05
2.68033e-05
2.59416e-05
2.51027e-05
2.42871e-05
2.34948e-05
2.27256e-05
2.19788e-05
2.12542e-05
2.05511e-05
1.98664e-05
1.91992e-05
1.85492e-05
1.79163e-05
1.73003e-05
1.6701e-05
1.61183e-05
1.55521e-05
1.50023e-05
1.44686e-05
1.39509e-05
1.34486e-05
1.29608e-05
1.24863e-05
1.20232e-05
1.15697e-05
1.11237e-05
1.06827e-05
1.02444e-05
9.80663e-06
9.37027e-06
7.19877e-05
7.12953e-05
7.05905e-05
6.98647e-05
6.91133e-05
6.83428e-05
6.75541e-05
6.67455e-05
6.59151e-05
6.50603e-05
6.41796e-05
6.32697e-05
6.23254e-05
6.13421e-05
6.03124e-05
5.91979e-05
5.79954e-05
5.67079e-05
5.5341e-05
5.39024e-05
5.24019e-05
5.08506e-05
4.92606e-05
4.76442e-05
4.60136e-05
4.43808e-05
4.27564e-05
4.11502e-05
3.9571e-05
3.80259e-05
3.65211e-05
3.50613e-05
3.36501e-05
3.22896e-05
3.09817e-05
2.97276e-05
2.85275e-05
2.73812e-05
2.62877e-05
2.52455e-05
2.42528e-05
2.33078e-05
2.24077e-05
2.1548e-05
2.07267e-05
1.99415e-05
1.91903e-05
1.84711e-05
1.77819e-05
1.71208e-05
1.64863e-05
1.58767e-05
1.52905e-05
1.47264e-05
1.41834e-05
1.36603e-05
1.31565e-05
1.26711e-05
1.22033e-05
1.17523e-05
1.13173e-05
1.08975e-05
1.04923e-05
1.01013e-05
9.72379e-06
9.35937e-06
9.00751e-06
8.66769e-06
8.33934e-06
8.02188e-06
7.71464e-06
7.41687e-06
7.12766e-06
6.84592e-06
6.5704e-06
6.29972e-06
6.03242e-06
5.76709e-06
5.50266e-06
5.2398e-06
7.02118e-05
6.92605e-05
6.82047e-05
6.70561e-05
6.58237e-05
6.45154e-05
6.31377e-05
6.16965e-05
6.01967e-05
5.86434e-05
5.70418e-05
5.53974e-05
5.37156e-05
5.19996e-05
5.02428e-05
4.83922e-05
4.64742e-05
4.45131e-05
4.2532e-05
4.05529e-05
3.85952e-05
3.66758e-05
3.48086e-05
3.30048e-05
3.12724e-05
2.96172e-05
2.80427e-05
2.65502e-05
2.51398e-05
2.38102e-05
2.25592e-05
2.13841e-05
2.02813e-05
1.92471e-05
1.82775e-05
1.73687e-05
1.65169e-05
1.57184e-05
1.49697e-05
1.42673e-05
1.3608e-05
1.29888e-05
1.24065e-05
1.18583e-05
1.13414e-05
1.08534e-05
1.03919e-05
9.95474e-06
9.53997e-06
9.14583e-06
8.77073e-06
8.41323e-06
8.07203e-06
7.74593e-06
7.43388e-06
7.13502e-06
6.84859e-06
6.57393e-06
6.31046e-06
6.05766e-06
5.81505e-06
5.58214e-06
5.35851e-06
5.14373e-06
4.93741e-06
4.73914e-06
4.54854e-06
4.36517e-06
4.18861e-06
4.01841e-06
3.85406e-06
3.69505e-06
3.5408e-06
3.39066e-06
3.24394e-06
3.09991e-06
2.95783e-06
2.81707e-06
2.67719e-06
2.5387e-06
5.51089e-05
5.37792e-05
5.23161e-05
5.07406e-05
4.90718e-05
4.73273e-05
4.55241e-05
4.36786e-05
4.18063e-05
3.99221e-05
3.80396e-05
3.61704e-05
3.43234e-05
3.24993e-05
3.06648e-05
2.88427e-05
2.70599e-05
2.53371e-05
2.36895e-05
2.21273e-05
2.06565e-05
1.92796e-05
1.79963e-05
1.68046e-05
1.57007e-05
1.46802e-05
1.3738e-05
1.28688e-05
1.20672e-05
1.1328e-05
1.0646e-05
1.00166e-05
9.43529e-06
8.89778e-06
8.4002e-06
7.93902e-06
7.51103e-06
7.11334e-06
6.74332e-06
6.39857e-06
6.07694e-06
5.77644e-06
5.49528e-06
5.23186e-06
4.98467e-06
4.75233e-06
4.53358e-06
4.32726e-06
4.13232e-06
3.94784e-06
3.77296e-06
3.60694e-06
3.4491e-06
3.29883e-06
3.15559e-06
3.01891e-06
2.8884e-06
2.7637e-06
2.64451e-06
2.53053e-06
2.42153e-06
2.31727e-06
2.21751e-06
2.12203e-06
2.03063e-06
1.9431e-06
1.85921e-06
1.77875e-06
1.70149e-06
1.62719e-06
1.55561e-06
1.48647e-06
1.41952e-06
1.35446e-06
1.29099e-06
1.22881e-06
1.16765e-06
1.10729e-06
1.04762e-06
9.88907e-07
2.64219e-05
2.54159e-05
2.43555e-05
2.32501e-05
2.21105e-05
2.09503e-05
1.97839e-05
1.86251e-05
1.7486e-05
1.63766e-05
1.5304e-05
1.42729e-05
1.32828e-05
1.23228e-05
1.13913e-05
1.0523e-05
9.71927e-06
8.97913e-06
8.30002e-06
7.67849e-06
7.11057e-06
6.5921e-06
6.11892e-06
5.68702e-06
5.29261e-06
4.93216e-06
4.60242e-06
4.30044e-06
4.02356e-06
3.76934e-06
3.53563e-06
3.32045e-06
3.12205e-06
2.93885e-06
2.76941e-06
2.61245e-06
2.46684e-06
2.33156e-06
2.2057e-06
2.08844e-06
1.97904e-06
1.87683e-06
1.78121e-06
1.69163e-06
1.60761e-06
1.52868e-06
1.45442e-06
1.38445e-06
1.31843e-06
1.25603e-06
1.19698e-06
1.14103e-06
1.08794e-06
1.0375e-06
9.89531e-07
9.43868e-07
9.00368e-07
8.58902e-07
8.19358e-07
7.81631e-07
7.45628e-07
7.11262e-07
6.78447e-07
6.47106e-07
6.1716e-07
5.88533e-07
5.6115e-07
5.34933e-07
5.09804e-07
4.85684e-07
4.62489e-07
4.40135e-07
4.18534e-07
3.97597e-07
3.77236e-07
3.57367e-07
3.37914e-07
3.1882e-07
3.00067e-07
2.81743e-07
5.77893e-06
5.54428e-06
5.30978e-06
5.05989e-06
4.7964e-06
4.52563e-06
4.25376e-06
3.98573e-06
3.72515e-06
3.47437e-06
3.2343e-06
3.00535e-06
2.784e-06
2.57456e-06
2.3862e-06
2.21621e-06
2.06181e-06
1.92096e-06
1.79199e-06
1.67355e-06
1.56453e-06
1.46398e-06
1.37108e-06
1.28514e-06
1.20555e-06
1.13177e-06
1.06333e-06
9.99798e-07
9.40784e-07
8.85935e-07
8.34928e-07
7.87465e-07
7.43272e-07
7.02096e-07
6.637e-07
6.27869e-07
5.94402e-07
5.63116e-07
5.33843e-07
5.06426e-07
4.80721e-07
4.56594e-07
4.33923e-07
4.12599e-07
3.92519e-07
3.73584e-07
3.55703e-07
3.38792e-07
3.22774e-07
3.07578e-07
2.9314e-07
2.79403e-07
2.66313e-07
2.53824e-07
2.41893e-07
2.30484e-07
2.19564e-07
2.09106e-07
1.99083e-07
1.89476e-07
1.80264e-07
1.71431e-07
1.62961e-07
1.54838e-07
1.47048e-07
1.39577e-07
1.3241e-07
1.25531e-07
1.18925e-07
1.12574e-07
1.0646e-07
1.00565e-07
9.48669e-08
8.9346e-08
8.39814e-08
7.87533e-08
7.36445e-08
6.8643e-08
6.37463e-08
5.89727e-08
6.11529e-07
6.39052e-07
6.70581e-07
6.91964e-07
7.05768e-07
7.13827e-07
7.1709e-07
7.16116e-07
7.11288e-07
7.02816e-07
6.90762e-07
6.75896e-07
6.59393e-07
6.41745e-07
6.22851e-07
6.02986e-07
5.82344e-07
5.61151e-07
5.39643e-07
5.18049e-07
4.96574e-07
4.75396e-07
4.54661e-07
4.34484e-07
4.14954e-07
3.96136e-07
3.78073e-07
3.6079e-07
3.44296e-07
3.2859e-07
3.1366e-07
2.99486e-07
2.86041e-07
2.73296e-07
2.61216e-07
2.49765e-07
2.38906e-07
2.28603e-07
2.18822e-07
2.09527e-07
2.00686e-07
1.92265e-07
1.84234e-07
1.7657e-07
1.69247e-07
1.62241e-07
1.55524e-07
1.49071e-07
1.42857e-07
1.36863e-07
1.31071e-07
1.25466e-07
1.20036e-07
1.14768e-07
1.09653e-07
1.04683e-07
9.98533e-08
9.51588e-08
9.05976e-08
8.61682e-08
8.18698e-08
7.7702e-08
7.36643e-08
6.97558e-08
6.59754e-08
6.23212e-08
5.87901e-08
5.53784e-08
5.20809e-08
4.88915e-08
4.58028e-08
4.28064e-08
3.98929e-08
3.70525e-08
3.42755e-08
3.15529e-08
2.88778e-08
2.62469e-08
2.36615e-08
2.11297e-08
3.24875e-07
3.71045e-07
4.14165e-07
4.53033e-07
4.86859e-07
5.15091e-07
5.37499e-07
5.5415e-07
5.65268e-07
5.71001e-07
5.71639e-07
5.6826e-07
5.61653e-07
5.52379e-07
5.40518e-07
5.26848e-07
5.11767e-07
4.95607e-07
4.78719e-07
4.61415e-07
4.43954e-07
4.26543e-07
4.09349e-07
3.92502e-07
3.76101e-07
3.60218e-07
3.44903e-07
3.30187e-07
3.16087e-07
3.02608e-07
2.89746e-07
2.77487e-07
2.65815e-07
2.54705e-07
2.44132e-07
2.34067e-07
2.24481e-07
2.15347e-07
2.06636e-07
1.98323e-07
1.90378e-07
1.82777e-07
1.75494e-07
1.68513e-07
1.61817e-07
1.55383e-07
1.49186e-07
1.43203e-07
1.37414e-07
1.31804e-07
1.26359e-07
1.21068e-07
1.15922e-07
1.1091e-07
1.06027e-07
1.01266e-07
9.66261e-08
9.21044e-08
8.77009e-08
8.34159e-08
7.92501e-08
7.52045e-08
7.12794e-08
6.74751e-08
6.37909e-08
6.02254e-08
5.67762e-08
5.34394e-08
5.02104e-08
4.7083e-08
4.40497e-08
4.11023e-08
3.82315e-08
3.54274e-08
3.26805e-08
2.99824e-08
2.73269e-08
2.47114e-08
2.21389e-08
1.96168e-08
3.26642e-06
3.99806e-06
3.82342e-06
4.50421e-06
4.37e-06
4.27982e-06
2.13552e-05
1.64693e-05
1.39194e-05
5.58596e-05
4.72896e-05
4.07406e-05
6.07665e-05
5.72133e-05
5.34396e-05
4.73829e-05
4.56772e-05
4.37875e-05
3.35438e-05
3.23368e-05
3.10607e-05
2.26754e-05
2.18057e-05
2.09047e-05
1.46961e-05
1.40989e-05
1.34864e-05
8.9812e-06
8.59318e-06
8.19762e-06
5.00548e-06
4.77314e-06
4.5376e-06
2.41536e-06
2.29404e-06
2.17193e-06
9.36714e-07
8.85929e-07
8.35256e-07
2.6547e-07
2.4983e-07
2.34353e-07
5.47128e-08
5.06843e-08
4.67436e-08
1.88447e-08
1.67468e-08
1.47311e-08
1.73238e-08
1.52552e-08
1.32689e-08
2.02106e-12
4.12487e-12
5.58742e-11
3.17214e-10
1.01561e-09
2.44854e-09
5.00911e-09
9.22739e-09
1.57839e-08
2.54943e-08
3.92781e-08
5.80361e-08
8.18115e-08
1.08037e-07
1.30748e-07
1.42907e-07
1.38757e-07
1.13779e-07
7.05755e-08
2.72408e-08
4.72039e-08
2.7495e-07
9.84261e-07
2.63685e-06
5.82641e-06
3.78316e-12
1.86166e-11
1.17659e-10
4.86184e-10
1.34416e-09
3.01034e-09
5.92127e-09
1.06546e-08
1.79253e-08
2.85304e-08
4.3203e-08
6.22745e-08
8.49264e-08
1.08287e-07
1.27662e-07
1.38613e-07
1.38582e-07
1.27404e-07
1.11618e-07
1.09111e-07
1.861e-07
4.53351e-07
1.07777e-06
2.30953e-06
4.28821e-06
1.07203e-10
1.36785e-10
3.32109e-10
1.11627e-09
2.83347e-09
5.79842e-09
1.05382e-08
1.7789e-08
2.84697e-08
4.35949e-08
6.38771e-08
8.97164e-08
1.21388e-07
1.59455e-07
2.0641e-07
2.72312e-07
3.57284e-07
4.72517e-07
6.36325e-07
8.78336e-07
1.24471e-06
1.77993e-06
2.57101e-06
3.65998e-06
4.02298e-06
5.19219e-10
5.37626e-10
8.32208e-10
2.40468e-09
6.39021e-09
1.31356e-08
2.30534e-08
3.72384e-08
5.74165e-08
8.59702e-08
1.26217e-07
1.83482e-07
2.67248e-07
3.9443e-07
5.93876e-07
8.73944e-07
1.25258e-06
1.75334e-06
2.39703e-06
3.16934e-06
3.97936e-06
3.97117e-06
3.95077e-06
3.99261e-06
4.12984e-06
1.41198e-09
1.36206e-09
1.72297e-09
4.11588e-09
1.13188e-08
2.46811e-08
4.4368e-08
7.18976e-08
1.10991e-07
1.67925e-07
2.52874e-07
3.82833e-07
5.86341e-07
9.06894e-07
1.38914e-06
2.02058e-06
2.80339e-06
3.70869e-06
4.6721e-06
4.9678e-06
4.8626e-06
4.78018e-06
4.77528e-06
4.90495e-06
5.24714e-06
2.68594e-09
2.51893e-09
2.84188e-09
5.80237e-09
1.59697e-08
3.7084e-08
7.01253e-08
1.17019e-07
1.84071e-07
2.83337e-07
4.34932e-07
6.71284e-07
1.04115e-06
1.60296e-06
2.34104e-06
3.22681e-06
4.18926e-06
5.13233e-06
5.55421e-06
5.46411e-06
5.39726e-06
5.41294e-06
5.56985e-06
5.94409e-06
6.65303e-06
4.02138e-09
3.73412e-09
3.96424e-09
7.14109e-09
1.9145e-08
4.66138e-08
9.32064e-08
1.62026e-07
2.61657e-07
4.09709e-07
6.35506e-07
9.82485e-07
1.50324e-06
2.229e-06
3.10302e-06
4.0544e-06
4.9549e-06
5.71788e-06
5.76115e-06
5.75455e-06
5.81919e-06
6.02055e-06
6.44047e-06
7.20316e-06
8.51163e-06
5.08603e-09
4.71711e-09
4.86351e-09
7.98076e-09
2.0549e-08
5.1492e-08
1.08276e-07
1.96838e-07
3.27943e-07
5.23132e-07
8.1763e-07
1.25865e-06
1.88852e-06
2.69834e-06
3.60301e-06
4.48772e-06
5.26697e-06
5.77388e-06
5.85967e-06
5.98961e-06
6.23856e-06
6.69499e-06
7.48922e-06
8.8204e-06
9.42297e-06
5.67808e-09
5.28537e-09
5.39939e-09
8.3293e-09
2.05776e-08
5.23178e-08
1.14606e-07
2.177e-07
3.75635e-07
6.12893e-07
9.68003e-07
1.49051e-06
2.1904e-06
3.0178e-06
3.88897e-06
4.71141e-06
5.40519e-06
5.75539e-06
5.96106e-06
6.25659e-06
6.73697e-06
7.53469e-06
8.34064e-06
8.92515e-06
9.58915e-06
5.79681e-09
5.42677e-09
5.56164e-09
8.30992e-09
1.99107e-08
5.1017e-08
1.15478e-07
2.2889e-07
4.10708e-07
6.88205e-07
1.09823e-06
1.67282e-06
2.40742e-06
3.24192e-06
4.08597e-06
4.84687e-06
5.47814e-06
5.8048e-06
6.16311e-06
6.67012e-06
7.37156e-06
7.87322e-06
8.43762e-06
9.08649e-06
9.82132e-06
5.58689e-09
5.25936e-09
5.44871e-09
8.1213e-09
1.92806e-08
4.98747e-08
1.15984e-07
2.37878e-07
4.40483e-07
7.54696e-07
1.21352e-06
1.83533e-06
2.597e-06
3.42631e-06
4.21937e-06
4.91871e-06
5.50308e-06
5.98395e-06
6.45347e-06
6.92552e-06
7.42145e-06
7.97034e-06
8.59943e-06
9.32089e-06
1.0122e-05
5.20902e-09
4.92769e-09
5.19046e-09
7.95005e-09
1.9216e-08
5.04599e-08
1.19904e-07
2.52429e-07
4.78802e-07
8.32992e-07
1.34287e-06
2.01257e-06
2.7947e-06
3.58854e-06
4.32097e-06
4.96149e-06
5.50889e-06
5.9944e-06
6.48338e-06
6.9864e-06
7.52716e-06
8.13756e-06
8.83959e-06
9.63235e-06
1.0488e-05
4.8139e-09
4.57362e-09
4.92838e-09
8.00344e-09
2.02838e-08
5.45285e-08
1.319e-07
2.82358e-07
5.42134e-07
9.45885e-07
1.51179e-06
2.22619e-06
2.99775e-06
3.73947e-06
4.40748e-06
4.99553e-06
5.51966e-06
6.03341e-06
6.55589e-06
7.10285e-06
7.703e-06
8.38746e-06
9.16566e-06
1.00225e-05
1.09154e-05
4.55064e-09
4.33588e-09
4.81474e-09
8.57107e-09
2.33296e-08
6.44723e-08
1.57661e-07
3.38658e-07
6.47288e-07
1.11326e-06
1.73784e-06
2.46927e-06
3.20205e-06
3.87977e-06
4.48735e-06
5.03628e-06
5.56401e-06
6.11014e-06
6.67815e-06
7.28833e-06
7.96679e-06
8.7334e-06
9.58486e-06
1.04918e-05
1.13983e-05
4.51837e-09
4.31693e-09
5.00121e-09
1.0074e-08
2.97182e-08
8.40022e-08
2.05065e-07
4.34118e-07
8.09126e-07
1.34492e-06
2.01866e-06
2.7242e-06
3.3954e-06
4.00895e-06
4.5703e-06
5.10316e-06
5.66068e-06
6.25054e-06
6.88234e-06
7.5736e-06
8.34055e-06
9.18947e-06
1.01031e-05
1.10379e-05
1.19266e-05
4.82938e-09
4.63269e-09
5.69766e-09
1.31953e-08
4.16851e-08
1.19056e-07
2.85104e-07
5.82572e-07
1.03749e-06
1.64196e-06
2.30915e-06
2.96085e-06
3.56871e-06
4.13448e-06
4.67519e-06
5.23685e-06
5.83778e-06
6.48953e-06
7.20244e-06
7.9867e-06
8.84488e-06
9.76737e-06
1.0722e-05
1.16524e-05
1.24836e-05
5.67413e-09
5.47307e-09
7.25841e-09
1.931e-08
6.34051e-08
1.79184e-07
4.1145e-07
7.93428e-07
1.32596e-06
1.9516e-06
2.57624e-06
3.16988e-06
3.73273e-06
4.27985e-06
4.84622e-06
5.45827e-06
6.12569e-06
6.86128e-06
7.67153e-06
8.55519e-06
9.4982e-06
1.04738e-05
1.14354e-05
1.23172e-05
1.30415e-05
7.36953e-09
7.17186e-09
1.03333e-08
3.11729e-08
1.03571e-07
2.79665e-07
5.98516e-07
1.06739e-06
1.64745e-06
2.24042e-06
2.81478e-06
3.36981e-06
3.91985e-06
4.49502e-06
5.12209e-06
5.80951e-06
6.56867e-06
7.40875e-06
8.32706e-06
9.30644e-06
1.03137e-05
1.13052e-05
1.22233e-05
1.29985e-05
1.35583e-05
1.06752e-08
1.04934e-08
1.67683e-08
5.57228e-08
1.80485e-07
4.43118e-07
8.58947e-07
1.39343e-06
1.95314e-06
2.5073e-06
3.05312e-06
3.60508e-06
4.19485e-06
4.84302e-06
5.55775e-06
6.34889e-06
7.22414e-06
8.18332e-06
9.20853e-06
1.02622e-05
1.12913e-05
1.22392e-05
1.30437e-05
1.36412e-05
1.39743e-05
1.65496e-08
1.6788e-08
3.23104e-08
1.1354e-07
3.26319e-07
6.98361e-07
1.19081e-06
1.71946e-06
2.25439e-06
2.79576e-06
3.35214e-06
3.96507e-06
4.64328e-06
5.39568e-06
6.23091e-06
7.15429e-06
8.16318e-06
9.24132e-06
1.03493e-05
1.14262e-05
1.2403e-05
1.32197e-05
1.38214e-05
1.41636e-05
1.40123e-05
2.8541e-08
3.07271e-08
7.88091e-08
2.52066e-07
5.96926e-07
1.05345e-06
1.5551e-06
2.07656e-06
2.61575e-06
3.19708e-06
3.84181e-06
4.56171e-06
5.36607e-06
6.26197e-06
7.25134e-06
8.32668e-06
9.46654e-06
1.06313e-05
1.17556e-05
1.27586e-05
1.3569e-05
1.41403e-05
1.44414e-05
1.44576e-05
1.3217e-05
3.67117e-08
6.66424e-08
2.33243e-07
5.76604e-07
1.01382e-06
1.49742e-06
2.01434e-06
2.57425e-06
3.1923e-06
3.88525e-06
4.66643e-06
5.54514e-06
6.5259e-06
7.60542e-06
8.76837e-06
9.9835e-06
1.12017e-05
1.23568e-05
1.33624e-05
1.4136e-05
1.46305e-05
1.48344e-05
1.47524e-05
1.35749e-05
1.24076e-05
1.17033e-07
3.0522e-07
6.97587e-07
1.17153e-06
1.67325e-06
2.20866e-06
2.79937e-06
3.46723e-06
4.23053e-06
5.10227e-06
6.08889e-06
7.1886e-06
8.3883e-06
9.65941e-06
1.09549e-05
1.22099e-05
1.33483e-05
1.42921e-05
1.49607e-05
1.53076e-05
1.53399e-05
1.50912e-05
1.39011e-05
1.26025e-05
1.15448e-05
2.89996e-06
2.59187e-06
2.56048e-06
2.74422e-06
3.11577e-06
3.65789e-06
4.35963e-06
5.21413e-06
6.21542e-06
7.35358e-06
8.60921e-06
9.94909e-06
1.13221e-05
1.26583e-05
1.38745e-05
1.48868e-05
1.56272e-05
1.60543e-05
1.61387e-05
1.59031e-05
1.54114e-05
1.42958e-05
1.27039e-05
1.15527e-05
1.06117e-05
4.21305e-06
4.29686e-06
4.59067e-06
5.0811e-06
5.76122e-06
6.62313e-06
7.65388e-06
8.83423e-06
1.01356e-05
1.15149e-05
1.29115e-05
1.42482e-05
1.54359e-05
1.63864e-05
1.70303e-05
1.73334e-05
1.7303e-05
1.69752e-05
1.63798e-05
1.55868e-05
1.46744e-05
1.28107e-05
1.14364e-05
1.04411e-05
9.6286e-06
1.26117e-05
1.21544e-05
1.22162e-05
1.26314e-05
1.33075e-05
1.41791e-05
1.51827e-05
1.625e-05
1.73041e-05
1.82599e-05
1.90304e-05
1.95387e-05
1.97315e-05
1.95903e-05
1.91359e-05
1.84241e-05
1.7529e-05
1.65155e-05
1.54149e-05
1.42854e-05
1.30132e-05
1.12658e-05
1.01018e-05
9.27107e-06
8.59479e-06
3.56413e-05
3.22375e-05
3.00093e-05
2.855e-05
2.75851e-05
2.69221e-05
2.64067e-05
2.5917e-05
2.53567e-05
2.46571e-05
2.37804e-05
2.2721e-05
2.15012e-05
2.01636e-05
1.87616e-05
1.7351e-05
1.59776e-05
1.46607e-05
1.34109e-05
1.22415e-05
1.11665e-05
9.69686e-06
8.73886e-06
8.07378e-06
7.53241e-06
4.93231e-05
4.55069e-05
4.20973e-05
3.90754e-05
3.63673e-05
3.3894e-05
3.15872e-05
2.93937e-05
2.72766e-05
2.52167e-05
2.32133e-05
2.12793e-05
1.93793e-05
1.76953e-05
1.60774e-05
1.45873e-05
1.3225e-05
1.19897e-05
1.0876e-05
9.87463e-06
8.97638e-06
8.15058e-06
7.39147e-06
6.82784e-06
6.22716e-06
4.14933e-05
3.90867e-05
3.66209e-05
3.41458e-05
3.16979e-05
2.93038e-05
2.69818e-05
2.47469e-05
2.24609e-05
1.99199e-05
1.77695e-05
1.60829e-05
1.50187e-05
1.38122e-05
1.2472e-05
1.12606e-05
1.01717e-05
9.19772e-06
8.33028e-06
7.56029e-06
6.87834e-06
6.27452e-06
5.73795e-06
5.25095e-06
4.78256e-06
2.95564e-05
2.79641e-05
2.63147e-05
2.4628e-05
2.29264e-05
2.12311e-05
1.90747e-05
1.71412e-05
1.54556e-05
1.40226e-05
1.28679e-05
1.17438e-05
1.0748e-05
9.86031e-06
9.04652e-06
8.17596e-06
7.39361e-06
6.69427e-06
6.07194e-06
5.52017e-06
5.0321e-06
4.60005e-06
4.2141e-06
3.85877e-06
3.50726e-06
1.98683e-05
1.879e-05
1.76861e-05
1.65654e-05
1.54035e-05
1.40055e-05
1.27756e-05
1.16908e-05
1.07056e-05
9.81728e-06
9.01438e-06
8.28751e-06
7.57983e-06
6.86374e-06
6.21264e-06
5.62428e-06
5.09553e-06
4.62264e-06
4.20142e-06
3.82741e-06
3.49584e-06
3.20116e-06
2.93566e-06
2.6868e-06
2.43319e-06
1.27906e-05
1.20746e-05
1.13491e-05
1.06188e-05
9.88999e-06
9.16921e-06
8.46369e-06
7.78047e-06
7.1259e-06
6.50534e-06
5.92295e-06
5.38156e-06
4.88254e-06
4.42601e-06
4.01116e-06
3.63638e-06
3.29949e-06
2.9979e-06
2.72877e-06
2.4891e-06
2.2757e-06
2.08478e-06
1.91085e-06
1.74484e-06
1.57166e-06
7.75252e-06
7.29782e-06
6.84085e-06
6.38469e-06
5.93306e-06
5.48996e-06
5.05938e-06
4.64502e-06
4.25013e-06
3.87741e-06
3.52888e-06
3.20584e-06
2.90884e-06
2.63768e-06
2.39159e-06
2.16937e-06
1.96948e-06
1.7902e-06
1.62968e-06
1.48601e-06
1.35723e-06
1.24105e-06
1.13414e-06
1.03094e-06
9.22503e-07
4.27516e-06
4.00893e-06
3.74379e-06
3.48164e-06
3.22455e-06
2.97465e-06
2.73385e-06
2.50383e-06
2.28606e-06
2.08177e-06
1.8918e-06
1.71658e-06
1.5561e-06
1.40997e-06
1.27751e-06
1.15786e-06
1.05005e-06
9.53074e-07
8.6581e-07
7.87169e-07
7.16136e-07
6.51614e-07
5.92012e-07
5.34625e-07
4.75168e-07
2.03753e-06
1.90224e-06
1.76891e-06
1.63847e-06
1.51184e-06
1.38988e-06
1.27321e-06
1.16238e-06
1.05803e-06
9.60737e-07
8.70815e-07
7.88308e-07
7.13029e-07
6.44625e-07
5.82639e-07
5.26584e-07
4.76005e-07
4.30428e-07
3.89227e-07
3.51858e-07
3.17918e-07
2.87036e-07
2.58666e-07
2.31785e-07
2.04743e-07
7.80226e-07
7.25234e-07
6.71577e-07
6.19582e-07
5.69537e-07
5.21633e-07
4.75933e-07
4.32502e-07
3.91809e-07
3.54187e-07
3.19707e-07
2.88276e-07
2.59725e-07
2.33853e-07
2.10439e-07
1.89285e-07
1.70258e-07
1.53221e-07
1.37779e-07
1.23702e-07
1.10885e-07
9.92503e-08
8.8679e-08
7.88485e-08
6.92307e-08
2.17768e-07
2.01264e-07
1.85294e-07
1.69941e-07
1.55265e-07
1.41275e-07
1.27899e-07
1.15073e-07
1.03273e-07
9.26146e-08
8.30231e-08
7.43946e-08
6.66424e-08
5.9686e-08
5.34453e-08
4.78538e-08
4.28994e-08
3.85899e-08
3.46463e-08
3.10141e-08
2.76906e-08
2.46627e-08
2.19518e-08
1.94802e-08
1.71022e-08
4.25994e-08
3.8499e-08
3.45929e-08
3.09121e-08
2.74789e-08
2.42948e-08
2.13185e-08
1.84713e-08
1.60777e-08
1.40774e-08
1.23845e-08
1.0945e-08
9.7241e-09
8.68821e-09
7.80416e-09
7.04568e-09
6.41536e-09
5.94677e-09
5.4833e-09
5.03389e-09
4.61212e-09
4.22626e-09
3.88034e-09
3.5491e-09
3.19369e-09
1.26678e-08
1.06373e-08
8.75926e-09
7.06149e-09
5.56314e-09
4.2724e-09
3.1782e-09
2.22711e-09
1.57217e-09
1.11361e-09
8.05436e-10
6.18978e-10
5.3242e-10
5.18073e-10
5.4957e-10
6.07011e-10
6.93781e-10
8.34407e-10
9.46496e-10
1.03041e-09
1.08955e-09
1.14222e-09
1.1998e-09
1.22884e-09
1.1926e-09
1.12524e-08
9.25381e-09
7.42136e-09
5.78077e-09
4.3506e-09
3.14076e-09
2.15236e-09
1.37808e-09
8.03632e-10
4.06548e-10
1.61821e-10
4.18234e-11
2.66422e-11
8.35887e-11
1.82554e-10
2.97747e-10
4.35069e-10
5.96383e-10
7.48397e-10
8.68404e-10
9.54676e-10
1.0332e-09
1.12822e-09
1.1923e-09
1.17183e-09
1.62184e-06
1.53637e-06
1.63704e-06
2.12257e-06
2.74312e-06
2.82031e-06
2.40723e-06
1.91191e-06
1.62204e-06
1.62972e-06
1.59311e-06
1.51147e-06
1.62734e-06
2.16921e-06
2.83948e-06
2.91508e-06
2.48057e-06
1.96959e-06
1.66319e-06
1.67247e-06
1.57055e-06
1.48581e-06
1.61773e-06
2.22774e-06
2.94849e-06
3.02024e-06
2.56314e-06
2.03644e-06
1.7068e-06
1.70653e-06
1.54166e-06
1.45466e-06
1.60824e-06
2.29611e-06
3.06598e-06
3.13087e-06
2.65029e-06
2.11167e-06
1.7596e-06
1.74954e-06
1.5073e-06
1.41765e-06
1.59967e-06
2.37451e-06
3.19187e-06
3.24708e-06
2.74174e-06
2.19574e-06
1.82259e-06
1.80015e-06
1.46509e-06
1.37336e-06
1.59326e-06
2.46437e-06
3.32647e-06
3.36917e-06
2.83683e-06
2.2891e-06
1.89857e-06
1.86186e-06
1.41345e-06
1.32094e-06
1.59102e-06
2.56736e-06
3.47012e-06
3.49755e-06
2.93462e-06
2.39164e-06
1.99002e-06
1.93751e-06
1.35082e-06
1.25997e-06
1.59594e-06
2.68537e-06
3.62309e-06
3.63268e-06
3.03375e-06
2.50241e-06
2.09921e-06
2.03045e-06
1.27614e-06
1.19086e-06
1.61233e-06
2.82054e-06
3.78557e-06
3.7751e-06
3.13239e-06
2.61929e-06
2.22768e-06
2.1439e-06
1.18883e-06
1.11527e-06
1.64683e-06
2.97531e-06
3.9576e-06
3.92532e-06
3.22819e-06
2.73856e-06
2.37565e-06
2.28077e-06
1.08946e-06
1.03692e-06
1.71275e-06
3.15237e-06
4.13889e-06
4.08363e-06
3.31876e-06
2.8545e-06
2.54123e-06
2.4433e-06
9.80621e-07
9.62673e-07
1.8396e-06
3.35326e-06
4.32866e-06
4.24976e-06
3.40068e-06
2.9593e-06
2.71912e-06
2.63163e-06
8.65951e-07
9.04027e-07
2.02603e-06
3.57348e-06
4.52543e-06
4.42249e-06
3.47009e-06
3.04313e-06
2.89927e-06
2.8413e-06
7.51776e-07
8.83275e-07
2.28387e-06
3.81096e-06
4.72788e-06
4.59893e-06
3.52298e-06
3.09269e-06
3.06607e-06
3.06154e-06
6.502e-07
9.43523e-07
2.62229e-06
4.06192e-06
4.93695e-06
4.77327e-06
3.55812e-06
3.09626e-06
3.19937e-06
3.27436e-06
5.66803e-07
1.16193e-06
3.02306e-06
4.35824e-06
5.16358e-06
4.9455e-06
3.56584e-06
3.04465e-06
3.27342e-06
3.44807e-06
5.21126e-07
1.63977e-06
3.53751e-06
4.72913e-06
5.42375e-06
5.11897e-06
3.53937e-06
2.93652e-06
3.26642e-06
3.55454e-06
7.95386e-07
2.6076e-06
4.24301e-06
5.16559e-06
5.72472e-06
5.28399e-06
3.47287e-06
2.77622e-06
3.161e-06
3.54864e-06
2.76091e-06
4.31789e-06
5.17474e-06
5.66948e-06
6.06632e-06
5.41474e-06
3.3522e-06
2.57139e-06
2.96437e-06
3.40479e-06
6.76791e-06
6.29405e-06
6.05585e-06
6.15315e-06
6.43758e-06
5.45765e-06
3.16288e-06
2.33561e-06
2.69852e-06
3.14429e-06
5.64504e-06
5.6437e-06
5.85444e-06
6.4042e-06
6.8482e-06
5.35588e-06
2.91806e-06
2.08872e-06
2.3965e-06
2.80844e-06
4.97742e-06
5.63893e-06
6.57177e-06
6.6979e-06
6.50144e-06
5.16913e-06
2.67222e-06
1.84953e-06
2.08954e-06
2.44752e-06
4.15219e-06
4.60635e-06
5.59302e-06
6.53326e-06
6.77097e-06
4.9655e-06
2.45984e-06
1.6325e-06
1.80273e-06
2.10139e-06
4.54045e-06
5.41164e-06
6.6657e-06
7.68043e-06
7.76737e-06
4.77554e-06
2.27795e-06
1.44186e-06
1.54815e-06
1.79108e-06
5.95185e-06
7.14444e-06
8.66511e-06
9.65464e-06
7.85522e-06
4.62211e-06
2.12685e-06
1.27811e-06
1.32977e-06
1.52517e-06
7.89678e-06
9.793e-06
1.05864e-05
1.00014e-05
7.82805e-06
4.51715e-06
2.00985e-06
1.13913e-06
1.1458e-06
1.30282e-06
9.91757e-06
1.05094e-05
1.07894e-05
1.01403e-05
7.85347e-06
4.45534e-06
1.91698e-06
1.02118e-06
9.91646e-07
1.1186e-06
1.01002e-05
1.07392e-05
1.10291e-05
1.03238e-05
7.92507e-06
4.42713e-06
1.84286e-06
9.2038e-07
8.61804e-07
9.65435e-07
1.03337e-05
1.10184e-05
1.13071e-05
1.05386e-05
8.02677e-06
4.42201e-06
1.78285e-06
8.33087e-07
7.50968e-07
8.3641e-07
1.06267e-05
1.13397e-05
1.16087e-05
1.07672e-05
8.14199e-06
4.4296e-06
1.7324e-06
7.56091e-07
6.54591e-07
7.25553e-07
1.09723e-05
1.16911e-05
1.19188e-05
1.09924e-05
8.25476e-06
4.43957e-06
1.68705e-06
6.86694e-07
5.69078e-07
6.28143e-07
1.13622e-05
1.20606e-05
1.22229e-05
1.1198e-05
8.34936e-06
4.4416e-06
1.64241e-06
6.2269e-07
4.91803e-07
5.40723e-07
1.17875e-05
1.24355e-05
1.25055e-05
1.1367e-05
8.41009e-06
4.42549e-06
1.59425e-06
5.6229e-07
4.21015e-07
4.60986e-07
1.22367e-05
1.28007e-05
1.27489e-05
1.14812e-05
8.42138e-06
4.38173e-06
1.53872e-06
5.04011e-07
3.55718e-07
3.8761e-07
1.26938e-05
1.3136e-05
1.29314e-05
1.15206e-05
8.3683e-06
4.30236e-06
1.47302e-06
4.46642e-07
2.95523e-07
3.20057e-07
1.31356e-05
1.34153e-05
1.29136e-05
1.13488e-05
8.23742e-06
4.18193e-06
1.39682e-06
3.902e-07
2.40529e-07
2.58366e-07
1.35289e-05
1.36046e-05
1.22647e-05
1.08334e-05
8.01829e-06
4.01697e-06
1.31355e-06
3.41511e-07
1.91186e-07
2.02929e-07
1.38292e-05
1.29193e-05
1.16799e-05
1.03429e-05
7.70365e-06
3.8012e-06
1.21784e-06
2.95575e-07
1.47712e-07
1.54256e-07
1.34859e-05
1.22781e-05
1.11289e-05
9.86078e-06
7.28805e-06
3.53325e-06
1.10898e-06
2.51836e-07
1.10397e-07
1.12783e-07
1.27786e-05
1.16653e-05
1.05846e-05
9.37082e-06
6.77076e-06
3.2164e-06
9.88685e-07
2.10634e-07
7.93918e-08
7.87237e-08
1.20834e-05
1.10471e-05
1.00258e-05
8.85926e-06
6.1576e-06
2.85838e-06
8.60177e-07
1.72462e-07
5.46057e-08
5.19573e-08
1.13621e-05
1.03994e-05
9.43608e-06
8.31423e-06
5.46219e-06
2.47117e-06
7.27788e-07
1.37814e-07
3.56673e-08
3.19987e-08
1.05905e-05
9.70582e-06
8.80313e-06
7.57454e-06
4.70683e-06
2.07047e-06
5.96515e-07
1.07086e-07
2.19402e-08
1.80318e-08
9.75776e-06
8.95816e-06
8.12006e-06
6.53251e-06
3.92651e-06
1.6763e-06
4.71991e-07
8.05546e-08
1.26193e-08
9.07392e-09
8.88502e-06
8.17588e-06
7.40479e-06
5.46602e-06
3.17128e-06
1.31277e-06
3.60433e-07
5.81834e-08
6.51634e-09
3.85609e-09
7.96695e-06
7.34926e-06
6.16951e-06
4.40888e-06
2.4676e-06
9.92696e-07
2.67171e-07
4.1487e-08
3.32101e-09
1.20671e-09
7.01251e-06
6.12097e-06
4.94064e-06
3.41543e-06
1.84457e-06
7.23092e-07
1.9149e-07
2.89542e-08
1.74758e-09
1.86119e-10
5.58709e-06
4.81312e-06
3.79178e-06
2.5325e-06
1.32189e-06
5.06504e-07
1.32374e-07
1.97287e-08
1.10392e-09
5.59722e-11
4.26553e-06
3.62065e-06
2.77815e-06
1.79283e-06
9.07415e-07
3.41146e-07
8.82651e-08
1.31521e-08
9.27974e-10
2.96306e-10
3.10473e-06
2.59101e-06
1.93446e-06
1.20922e-06
5.96639e-07
2.21154e-07
5.6832e-08
8.65308e-09
9.21891e-10
5.82286e-10
2.13396e-06
1.74896e-06
1.27275e-06
7.74978e-07
3.75424e-07
1.3791e-07
3.56815e-08
5.77663e-09
9.68925e-10
7.64771e-10
1.3644e-06
1.09997e-06
7.84696e-07
4.69466e-07
2.24807e-07
8.25198e-08
2.16322e-08
3.74786e-09
9.00423e-10
8.02194e-10
7.93641e-07
6.32854e-07
4.47252e-07
2.66223e-07
1.27787e-07
4.75141e-08
1.26429e-08
2.37508e-09
7.49844e-10
7.06167e-10
4.06453e-07
3.23375e-07
2.29718e-07
1.38449e-07
6.8301e-08
2.61292e-08
7.19688e-09
1.47151e-09
5.58712e-10
5.3834e-10
1.74746e-07
1.3971e-07
1.0123e-07
6.42366e-08
3.36376e-08
1.35697e-08
3.91857e-09
8.68079e-10
3.70425e-10
3.5876e-10
5.91054e-08
4.78999e-08
3.62321e-08
2.46092e-08
1.40786e-08
6.23622e-09
1.95832e-09
4.74491e-10
2.17064e-10
2.0703e-10
1.4646e-08
1.20813e-08
9.49808e-09
6.88419e-09
4.37083e-09
2.24264e-09
8.37612e-10
2.40951e-10
1.28305e-10
1.29851e-10
2.7941e-09
2.36456e-09
1.9113e-09
1.44326e-09
9.90313e-10
6.01447e-10
3.14125e-10
1.04648e-10
3.51623e-11
2.58536e-11
1.09711e-09
9.59305e-10
7.91309e-10
6.00387e-10
4.09194e-10
2.66947e-10
2.23305e-10
7.62512e-11
9.23032e-12
2.2721e-12
1.08226e-09
9.50207e-10
7.85956e-10
5.92442e-10
3.90088e-10
2.3628e-10
2.36195e-10
4.06654e-11
4.09864e-12
2.24574e-13
)
;

boundaryField
{
    inlet
    {
        type            calculated;
        value           nonuniform List<scalar> 10(0.00207104 0.00263421 0.00263421 0.00263421 0.00263421 0.00263421 0.00263421 0.00263421 0.00263421 0.00207209);
    }
    outlet
    {
        type            calculated;
        value           nonuniform List<scalar> 10(1.62184e-06 1.53637e-06 1.63704e-06 2.12257e-06 2.74312e-06 2.82031e-06 2.40723e-06 1.91191e-06 1.62204e-06 1.62972e-06);
    }
    walls
    {
        type            nutUBlendedWallFunction;
        blending        stepwise;
        Cmu             0.09;
        kappa           0.41;
        E               9.8;
        n               4;
        value           nonuniform List<scalar> 
446
(
1.4256e-06
0
0
0
0
7.30958e-07
1.12917e-06
1.1006e-06
1.04324e-06
9.9878e-07
9.62621e-07
9.29031e-07
8.94974e-07
8.57885e-07
8.16422e-07
7.67885e-07
7.08597e-07
6.35168e-07
5.46375e-07
4.44367e-07
3.33191e-07
2.70988e-07
2.74703e-07
2.52086e-07
1.84833e-07
1.00211e-07
2.69465e-09
0
0
0
0
0
0
0
0
5.38114e-05
0
0
0
6.84971e-09
0
0
0
0
0
0
0
1.91979e-08
7.22862e-08
7.86179e-08
6.42579e-08
2.54698e-08
0
0
0
0
0
0
0
0
0
0
0
1.09021e-05
0
0
0
0
0
0
0
0
0
0
0
0
0
0
0
0
0
0
0
0
0
0
0
0
0
0
0
0
0
0
0
0
0
6.32679e-08
1.95847e-07
2.91815e-07
3.53733e-07
3.92393e-07
4.15355e-07
4.27877e-07
4.33432e-07
4.3441e-07
4.32336e-07
4.27141e-07
4.19353e-07
4.14979e-07
4.09124e-07
4.03367e-07
3.9805e-07
3.90912e-07
3.83696e-07
3.77052e-07
3.70735e-07
3.64506e-07
3.58319e-07
3.52178e-07
3.46082e-07
3.40028e-07
3.3402e-07
3.28068e-07
3.2218e-07
3.16364e-07
3.10628e-07
3.04978e-07
2.99419e-07
2.93951e-07
2.88572e-07
2.83282e-07
2.7808e-07
2.72972e-07
2.67961e-07
2.63046e-07
2.58221e-07
2.53477e-07
2.48807e-07
2.44208e-07
2.39789e-07
2.36442e-07
2.33784e-07
2.30322e-07
2.26166e-07
2.21896e-07
2.1763e-07
2.13387e-07
2.09172e-07
2.04981e-07
2.00809e-07
1.96652e-07
1.92511e-07
1.88387e-07
1.84283e-07
1.80201e-07
1.76141e-07
1.72107e-07
1.68099e-07
1.64115e-07
1.60151e-07
1.56203e-07
1.52262e-07
1.48316e-07
1.44344e-07
1.40319e-07
1.36207e-07
1.31958e-07
1.27509e-07
1.22775e-07
1.17645e-07
1.11973e-07
1.05576e-07
9.82284e-08
8.96539e-08
7.95096e-08
6.76639e-08
5.52847e-08
4.45476e-08
3.12186e-08
1.06133e-08
0
0
0
0
0
0
0
0
0
0
2.25032e-05
0
0
0
2.89799e-06
0
0
0
0
0
0
0
3.82035e-08
0
0
0
0
0
0
0
1.17189e-06
0.000299968
0
0
0
0
0
0
1.49437e-05
0
0
2.60813e-07
0
0
0
0
0
0
8.03793e-06
0
0
0
1.10222e-06
9.21442e-07
7.48998e-07
6.1699e-07
5.3062e-07
4.8026e-07
4.51178e-07
4.30873e-07
4.11062e-07
3.87183e-07
3.56909e-07
3.18744e-07
2.71063e-07
2.11571e-07
1.37029e-07
4.3106e-08
0
0
0
0
0
0
0
8.07158e-07
8.2606e-07
8.34918e-07
8.46994e-07
8.60486e-07
8.76346e-07
8.94575e-07
9.14898e-07
9.36357e-07
9.57058e-07
9.74107e-07
9.87043e-07
1.00321e-06
1.0133e-06
1.01889e-06
1.05812e-06
1.11929e-06
1.22086e-06
1.26797e-06
1.23183e-06
8.1231e-07
8.05787e-07
7.9939e-07
7.91017e-07
7.80727e-07
7.67372e-07
7.49454e-07
7.24668e-07
6.89441e-07
6.36936e-07
5.58109e-07
4.55118e-07
3.92084e-07
2.72244e-07
0
0
0
0
0
0
0
0
0
0
0
0
0
0
0
0
0
0
0
0
0
0
0
0
0
0
0
0
0
0
0
0
0
0
0
0
0
0
0
0
0
0
0
0
0
0
0
4.84346e-08
1.81894e-07
4.4915e-07
1.00943e-06
2.05307e-06
3.90674e-06
1.16401e-05
0.000669084
0.00566439
0.00188608
0.000690752
6.16891e-05
2.83737e-05
9.22496e-06
4.03539e-06
2.13606e-06
1.26914e-06
8.13121e-07
5.48345e-07
3.8323e-07
2.74127e-07
1.98683e-07
1.44327e-07
1.03943e-07
7.30749e-08
4.90456e-08
2.99261e-08
1.44134e-08
7.52381e-10
0
0
0
0
0
0
0
0
0
0
0
0
0
0
0
8.03296e-09
4.92618e-08
8.89308e-08
1.1264e-07
1.13515e-07
7.47274e-08
0
0
0
0
0
0
0
0
0
2.02156e-05
0
0
0
0
0
0
0
0
0
0
0
0
0
0
0
0
0
0
0
0
0
0
0
0
0
0
0
0
0
1.43232e-06
0
0
0
0
7.87135e-07
1.16438e-06
1.12469e-06
1.06774e-06
1.03036e-06
1.00658e-06
9.91996e-07
9.83507e-07
9.77775e-07
9.70474e-07
9.55352e-07
9.13953e-07
7.98797e-07
4.15019e-07
0
)
;
    }
    baffle
    {
        type            nutUBlendedWallFunction;
        blending        stepwise;
        Cmu             0.09;
        kappa           0.41;
        E               9.8;
        n               4;
        value           nonuniform List<scalar> 
98
(
0
0
0
0
0
0
0
7.11092e-05
7.358e-07
0
0
0
0
0
0
0
0
0
0
0
0
0
0
0
0
0
0
0
0
0
0
0
0
0
0
0
0
0
0
2.28049e-05
2.56264e-06
2.58876e-07
0
0
0
0
0
0
0
0
0
0
0
6.17868e-06
8.20324e-07
0
0
0
0
0
0
0
0
0
0
0
0
0
1.1391e-07
0
0
0
0
0
1.27455e-06
0
0
0.00394993
0
0
0
0
4.65211e-08
9.37334e-08
7.09025e-08
4.34859e-08
4.12982e-08
6.45726e-08
9.17193e-08
6.75882e-08
0
0
0
0
0
0
0
0
)
;
    }
    front
    {
        type            empty;
    }
    back
    {
        type            empty;
    }
}


// ************************************************************************* //
