/*--------------------------------*- C++ -*----------------------------------*\
| =========                 |                                                 |
| \\      /  F ield         | OpenFOAM: The Open Source CFD Toolbox           |
|  \\    /   O peration     | Version:  v2012                                 |
|   \\  /    A nd           | Website:  www.openfoam.com                      |
|    \\/     M anipulation  |                                                 |
\*---------------------------------------------------------------------------*/
FoamFile
{
    version     2.0;
    format      ascii;
    class       volScalarField;
    location    "660";
    object      nut;
}
// * * * * * * * * * * * * * * * * * * * * * * * * * * * * * * * * * * * * * //

dimensions      [0 2 -1 0 0 0 0];


internalField   nonuniform List<scalar> 
6532
(
0.00326067
0.0115133
0.0138513
0.0142568
0.0141576
0.0141576
0.0142568
0.0138513
0.0115133
0.00326067
0.00241167
0.009379
0.012645
0.0135753
0.0136824
0.0136824
0.0135753
0.012645
0.009379
0.00241167
0.00191106
0.00803204
0.0115616
0.0128728
0.0131947
0.0131947
0.0128728
0.0115616
0.00803204
0.00191106
0.00158902
0.00709067
0.0106362
0.0121878
0.0126835
0.0126835
0.0121878
0.0106362
0.00709068
0.00158902
0.00136685
0.00638749
0.00985283
0.0115405
0.0121602
0.0121602
0.0115405
0.00985284
0.0063875
0.00136685
0.00120479
0.00583648
0.00918548
0.0109387
0.0116389
0.0116389
0.0109387
0.00918549
0.0058365
0.00120479
0.00108124
0.00538887
0.0086104
0.0103833
0.0111309
0.0111309
0.0103834
0.00861043
0.0053889
0.00108124
0.00098366
0.00501501
0.00810859
0.00987227
0.0106435
0.0106435
0.0098723
0.00810863
0.00501505
0.000983662
0.000904385
0.00469591
0.00766554
0.00940213
0.0101807
0.0101807
0.00940218
0.0076656
0.00469597
0.000904388
0.000838486
0.00441884
0.0072703
0.00896923
0.00974434
0.00974436
0.0089693
0.0072704
0.00441893
0.00083849
0.00078267
0.00417494
0.00691462
0.00856997
0.00933471
0.00933475
0.00857008
0.00691476
0.00417507
0.000782676
0.000734656
0.00395786
0.00659216
0.00820107
0.00895114
0.00895121
0.00820123
0.00659238
0.00395806
0.000734665
0.000692816
0.00376291
0.00629801
0.00785951
0.00859244
0.00859254
0.00785975
0.00629834
0.0037632
0.00069283
0.000655958
0.0035865
0.0060283
0.00754263
0.00825712
0.00825726
0.00754299
0.00602879
0.00358693
0.000655978
0.000623186
0.00342586
0.0057799
0.00724805
0.00794357
0.00794379
0.00724858
0.00578061
0.00342649
0.000623215
0.000593816
0.00327878
0.00555023
0.00697364
0.00765018
0.0076505
0.00697443
0.00555127
0.00327968
0.000593856
0.000567312
0.00314347
0.00533714
0.0067175
0.00737539
0.00737585
0.00671868
0.00533862
0.0031447
0.000567367
0.000543249
0.00301843
0.00513879
0.00647793
0.00711769
0.00711835
0.00647967
0.00514085
0.00301995
0.000543323
0.000521286
0.00290239
0.00495358
0.00625334
0.00687565
0.0068766
0.00625587
0.00495652
0.00290414
0.000521379
0.000501139
0.00279419
0.00477995
0.00604217
0.00664777
0.00664916
0.00604588
0.00478401
0.00279457
0.000501245
0.000482216
0.00269115
0.00461408
0.00584011
0.00642966
0.00643182
0.00584649
0.00462577
0.00272338
0.00055821
0.000464737
0.00259431
0.00445757
0.0056491
0.00622347
0.00622693
0.00566028
0.00448299
0.00266823
0.000635017
0.000448531
0.00250306
0.00430971
0.00546854
0.00602875
0.00603415
0.00548694
0.00435461
0.00263227
0.000731258
0.00043345
0.00241672
0.00416957
0.00529744
0.00584451
0.00585241
0.00532496
0.0042371
0.00262997
0.00085414
0.000419366
0.0023347
0.00403632
0.00513486
0.00566977
0.00568043
0.00517148
0.00413604
0.002656
0.00101021
0.000406168
0.00225649
0.00390918
0.00497996
0.0055037
0.00551772
0.00502657
0.00405332
0.00269661
0.00119854
0.00039376
0.00218158
0.00378745
0.00483197
0.00534565
0.00536429
0.00489552
0.00398116
0.00274051
0.00141325
0.000382058
0.00210952
0.00367045
0.00469017
0.00519501
0.00521986
0.00477682
0.00392085
0.00278703
0.00164489
0.000370984
0.00203981
0.00355752
0.00455387
0.00505123
0.00508401
0.00466928
0.0038713
0.00283984
0.00187378
0.000360469
0.00197206
0.00344801
0.0044224
0.00491371
0.00495622
0.00457191
0.00383189
0.00290012
0.00209197
0.00035045
0.00190584
0.00334126
0.00429509
0.00478186
0.00483592
0.00448386
0.00380205
0.00296709
0.00229695
0.000340869
0.00184073
0.00323667
0.00417127
0.00465508
0.0047225
0.00440431
0.00378088
0.00303783
0.00248674
0.000331671
0.0017763
0.00313358
0.00405024
0.00453269
0.00461527
0.00433244
0.00376729
0.00311073
0.00266026
0.000322804
0.00171217
0.00303133
0.0039313
0.004414
0.0045135
0.00426735
0.00376016
0.00318394
0.00281694
0.000314218
0.00164796
0.00292926
0.00381366
0.00429822
0.00441639
0.00420807
0.00375819
0.00325563
0.00295655
0.000305865
0.00158335
0.00282671
0.00369653
0.00418453
0.00432303
0.00415355
0.00375999
0.00332415
0.00307912
0.0002977
0.00151808
0.00272306
0.0035791
0.00407201
0.00423243
0.00410262
0.0037641
0.00338816
0.00318502
0.00028968
0.00145205
0.00261783
0.00346066
0.00395985
0.00414364
0.00405409
0.00376908
0.00344664
0.003275
0.000282052
0.00138732
0.00251406
0.00334423
0.00385049
0.00405807
0.00400788
0.00377317
0.00349721
0.003348
0.000274477
0.00132153
0.00240793
0.00322542
0.00373962
0.00397198
0.00396135
0.00377544
0.0035417
0.00340894
0.000266912
0.00125472
0.00229892
0.00310314
0.00362575
0.00388368
0.00391277
0.00377449
0.00358003
0.00345994
0.00025932
0.00118708
0.00218685
0.00297664
0.00350771
0.00379165
0.0038605
0.00376891
0.00361212
0.00350311
0.000251662
0.00111881
0.00207166
0.00284525
0.00338421
0.00369421
0.00380267
0.00375711
0.0036376
0.00354035
0.000243897
0.00105018
0.00195341
0.00270832
0.00325391
0.00358945
0.0037371
0.00373713
0.00365558
0.00357286
0.000235983
0.000981478
0.00183224
0.00256531
0.00311538
0.00347523
0.00366125
0.00370647
0.00366432
0.00360057
0.000227875
0.00091296
0.00170842
0.00241571
0.00296714
0.00334917
0.00357214
0.00366198
0.00366096
0.00362167
0.000219518
0.000844869
0.00158223
0.00225918
0.00280775
0.00320872
0.00346636
0.00359975
0.00364139
0.00363228
0.00021085
0.000777394
0.00145402
0.00209547
0.00263585
0.00305128
0.00334019
0.0035152
0.00360027
0.00362643
0.00020179
0.000710672
0.00132416
0.00192456
0.00245036
0.00287439
0.00318985
0.00340334
0.00353135
0.00359641
0.000192233
0.00064479
0.00119308
0.00174676
0.00225072
0.00267618
0.00301197
0.00325927
0.00342803
0.00353355
0.000182028
0.000579804
0.00106139
0.00156288
0.00203727
0.00245589
0.00280432
0.00307905
0.00328434
0.00342933
0.000170945
0.000515714
0.000930133
0.00137477
0.00181193
0.00221476
0.00256686
0.00286086
0.0030962
0.00327678
0.000158611
0.000452505
0.000800986
0.00118595
0.00157927
0.00195736
0.00230319
0.00260656
0.00286291
0.00307096
0.00010698
0.000395596
0.000679284
0.00100302
0.00134744
0.00169256
0.00202173
0.0023228
0.00258702
0.0028109
0.000109667
0.000352093
0.000578012
0.000840438
0.00113123
0.00143515
0.00173629
0.00201986
0.00227801
0.00250613
0.000105894
0.000321612
0.000508766
0.000716935
0.000952614
0.00120717
0.00146561
0.00171834
0.00195727
0.00217645
7.70907e-05
0.000309682
0.000471996
0.00064124
0.000828007
0.00102866
0.00123839
0.00145019
0.00165692
0.0018524
6.70969e-05
0.000294421
0.000457204
0.000602336
0.000730105
0.00085451
0.000990109
0.00113457
0.00128047
0.00142369
6.56083e-05
0.000220963
0.000428316
0.000555711
0.000672527
0.000702709
0.000764541
0.000858692
0.000964961
0.00107397
6.94244e-05
0.000113497
0.000141219
0.000172572
0.000202154
0.000222021
0.000236942
0.000249227
0.000259254
0.000267414
0.00014497
0.000165965
0.000167764
0.000172654
0.000176612
0.00017917
0.00018017
0.000179651
0.000177623
0.000174379
0.000170267
0.000165224
0.000159248
0.00015258
0.000145371
0.000137674
0.000129453
0.000121334
0.00011353
0.000105699
9.75909e-05
8.89145e-05
7.91928e-05
6.74256e-05
4.23044e-05
0.000258978
0.000516904
0.000805769
0.000968935
0.00105702
0.00111094
0.00114209
0.00115457
0.00115039
0.00113009
0.00109663
0.00105328
0.00100219
0.000945206
0.000883616
0.000817852
0.000745843
0.000651161
0.00054302
0.00043685
0.000342125
0.000263622
0.000203386
0.000155287
5.0086e-05
0.000418377
0.000664988
0.00102893
0.00136942
0.00158635
0.00172029
0.00180121
0.00184283
0.00185226
0.00183409
0.00179226
0.00173326
0.00166212
0.00158177
0.00149327
0.00139582
0.0012852
0.00114763
0.000979706
0.000796388
0.0006161
0.000456278
0.000328086
0.000222972
5.51902e-05
0.000693567
0.000707552
0.00105571
0.00142741
0.00173065
0.00192421
0.00204269
0.00210672
0.00212798
0.00211465
0.00207433
0.00201538
0.00194597
0.00187037
0.00178885
0.00169821
0.00159147
0.00145561
0.0012806
0.00107297
0.000848687
0.00063119
0.000441721
0.000274807
5.746e-05
0.00105687
0.00090609
0.0011979
0.00142892
0.00172978
0.00196508
0.00210831
0.00218479
0.00220981
0.00219473
0.00215071
0.00208923
0.00202153
0.00195428
0.00188778
0.00181654
0.00173048
0.00161496
0.00145621
0.00125373
0.00101763
0.000769799
0.00053525
0.000312451
5.82204e-05
0.00131117
0.00124452
0.00139565
0.00153246
0.00173819
0.00195711
0.00211859
0.00220348
0.00222795
0.00220588
0.00215238
0.00208296
0.00201116
0.00194683
0.00189199
0.0018396
0.00177644
0.00168501
0.00154839
0.00136147
0.00112929
0.000869411
0.000605092
0.000337472
5.81807e-05
0.00153434
0.0016315
0.00162734
0.00168601
0.00182763
0.00197976
0.00212081
0.00221139
0.00223541
0.00220418
0.00213731
0.00205551
0.00197537
0.00190776
0.00185773
0.00181912
0.00177615
0.00170705
0.00159118
0.00142079
0.0011977
0.0009352
0.000652425
0.000352222
5.76815e-05
0.00175135
0.00187628
0.00187222
0.00188824
0.00196594
0.00207333
0.00216628
0.00223214
0.00225124
0.00221098
0.00212838
0.0020308
0.00193845
0.00186314
0.00181067
0.00177857
0.00175149
0.00170178
0.00160451
0.00144884
0.00123517
0.000974054
0.000680538
0.000358965
5.68634e-05
0.0019626
0.00210507
0.00211769
0.00211134
0.00213965
0.00220554
0.00226616
0.00229682
0.00229023
0.00223525
0.002135
0.00201885
0.00191091
0.00182333
0.00176191
0.00172835
0.00170865
0.00167486
0.00159618
0.00145489
0.00124984
0.00099182
0.00069302
0.000359567
5.57787e-05
0.00216683
0.00232217
0.00235782
0.00234349
0.00233883
0.00236846
0.00239975
0.00240383
0.0023656
0.00228547
0.00216268
0.00202423
0.00189655
0.00179191
0.00171585
0.00167182
0.0016515
0.00162764
0.00156511
0.00143775
0.001244
0.000992137
0.000693087
0.000355788
5.45448e-05
0.0023626
0.00252842
0.00258832
0.00257875
0.00255839
0.0025548
0.00255908
0.00253999
0.00247629
0.00236578
0.00221569
0.00205003
0.00189709
0.00177119
0.00167609
0.00161329
0.00158128
0.00155973
0.00151287
0.00140003
0.00121778
0.000973609
0.000678098
0.000343725
5.34792e-05
0.00254846
0.00272227
0.00280511
0.0028085
0.00278285
0.00275509
0.00273752
0.00269948
0.00261527
0.00247792
0.00229799
0.00210104
0.00191806
0.00176668
0.00164878
0.00156132
0.00150452
0.00146998
0.00143281
0.00134103
0.00117299
0.000938629
0.000650608
0.000326048
5.24299e-05
0.00272216
0.00290106
0.00300493
0.0030256
0.00299989
0.0029608
0.00292803
0.00287641
0.00277772
0.00262116
0.00241471
0.00218419
0.00196813
0.00178621
0.00164121
0.00152633
0.00140283
0.00131321
0.00128032
0.001217
0.00109022
0.000890056
0.000614328
0.000305606
5.13098e-05
0.00288113
0.00306296
0.0031856
0.0032246
0.00320714
0.00317062
0.00312468
0.00306496
0.0029592
0.00279169
0.00256573
0.00230753
0.00205761
0.00184053
0.00166253
0.00151744
0.00131675
0.00115175
0.00111827
0.00109208
0.000996199
0.000834285
0.000574336
0.000284701
5.0081e-05
0.00302303
0.0032055
0.00334368
0.00340079
0.00339596
0.00336441
0.00331856
0.00325866
0.00315448
0.00298694
0.00275254
0.00247577
0.00219716
0.00194378
0.00172629
0.00154434
0.0013612
0.00104663
0.000946348
0.000952394
0.000911052
0.000774643
0.000536823
0.000266056
4.87663e-05
0.00314613
0.00332638
0.0034761
0.0035518
0.0035634
0.00354219
0.00350827
0.00345173
0.00335732
0.00320231
0.00297371
0.00269208
0.00239555
0.00211088
0.00185208
0.0016243
0.00142716
0.00108778
0.000830853
0.000768516
0.000780281
0.000715483
0.000508871
0.000254165
4.75154e-05
0.00324949
0.00342412
0.00358139
0.00367449
0.00370412
0.00369638
0.00367581
0.00363625
0.00355988
0.00343048
0.00322373
0.00295397
0.0026556
0.00235339
0.00206059
0.00178521
0.00153391
0.00131038
0.000885825
0.00065419
0.000591983
0.000593949
0.00049532
0.000258494
4.67959e-05
0.00333311
0.00349823
0.00365915
0.00376669
0.0038153
0.00382377
0.00381891
0.00380243
0.00375322
0.00366007
0.00349157
0.00325203
0.0029711
0.0026714
0.00236387
0.00205417
0.00174966
0.00146037
0.00119753
0.000752201
0.000502369
0.00040553
0.000348095
0.000283703
4.82076e-05
0.00339601
0.00354772
0.00370758
0.00382515
0.00389218
0.00391945
0.00393004
0.003936
0.0039234
0.00387346
0.00375677
0.00356528
0.00332189
0.00304742
0.00275158
0.00243666
0.00210424
0.00176022
0.00142051
0.0011014
0.00069937
0.0003917
0.000258021
0.000191233
5.89779e-05
0.00344355
0.00357769
0.00373149
0.0038555
0.00393686
0.00398262
0.00400854
0.00403249
0.00405192
0.00405243
0.00399432
0.0038639
0.00367428
0.00344358
0.00318187
0.00289069
0.00256797
0.00221271
0.00182899
0.00143197
0.00104694
0.000711822
0.00042163
0.000224509
0.000190852
0.00347872
0.00359133
0.00373366
0.00385923
0.00395068
0.00401181
0.0040547
0.00409197
0.00413446
0.00417714
0.00418383
0.00412499
0.00400488
0.00383579
0.00362794
0.00338425
0.00310231
0.00277762
0.00240665
0.00199103
0.00154394
0.0011037
0.000726325
0.00046494
0.00033413
0.00350511
0.00359295
0.00371829
0.00383963
0.00393688
0.00400864
0.0040641
0.00411473
0.00417166
0.00423665
0.00429481
0.00431273
0.00427396
0.0041825
0.00404636
0.00387054
0.00365525
0.00339719
0.00309124
0.00273265
0.0022449
0.00182019
0.00142301
0.00102375
0.000686233
0.00352658
0.00358784
0.00369114
0.00380191
0.00389937
0.0039779
0.00404245
0.00410216
0.00416672
0.00424184
0.00432269
0.00439394
0.00443767
0.0044329
0.00438047
0.00428522
0.00415066
0.00397763
0.0037302
0.00327981
0.0028075
0.00235433
0.00196881
0.0016162
0.00126193
0.00354669
0.00358176
0.00365931
0.00375331
0.00384445
0.00392444
0.0039942
0.00405975
0.00412852
0.00420697
0.00429619
0.00438992
0.00447729
0.00454427
0.00457633
0.00456371
0.00451012
0.00434418
0.00411455
0.00385706
0.00357332
0.00325315
0.00292361
0.00262454
0.00236764
0.00356775
0.00357988
0.0036304
0.0037026
0.00378079
0.00385588
0.0039258
0.00399348
0.00406381
0.00414207
0.00423181
0.00433144
0.00443501
0.00453329
0.00461538
0.00451097
0.00438744
0.00426845
0.00415823
0.00405322
0.00393582
0.00380027
0.0036501
0.00349546
0.00335038
0.00358999
0.00358552
0.0036111
0.00365899
0.00371871
0.00378233
0.00384635
0.00391119
0.00397964
0.00405527
0.00414125
0.00423839
0.00434354
0.00444992
0.00443259
0.00427509
0.00413578
0.00402947
0.00395357
0.00390377
0.0038721
0.00384972
0.00383063
0.00381215
0.00379335
0.00361071
0.00359872
0.00360526
0.00363011
0.00366852
0.00371535
0.00376723
0.00382324
0.00388462
0.00395375
0.00403292
0.00412316
0.00422274
0.00432671
0.00427913
0.0040738
0.00390849
0.00378395
0.00369612
0.00364348
0.00362179
0.00362489
0.00364755
0.00368564
0.00373466
0.00362403
0.00361523
0.00361203
0.00361943
0.00363779
0.00366539
0.00370045
0.00374236
0.0037915
0.00384904
0.00391644
0.0039947
0.00408336
0.00417947
0.00422454
0.00397279
0.00376473
0.00361214
0.00350054
0.00342518
0.00338216
0.00336768
0.00337848
0.00341196
0.00346486
0.00362109
0.00362632
0.00362469
0.00362389
0.00362782
0.00363811
0.00365555
0.00368051
0.00371348
0.00375519
0.0038065
0.00386807
0.00393992
0.00402066
0.00410615
0.00394838
0.00371684
0.00354059
0.00340887
0.00330981
0.00323651
0.00319313
0.00317575
0.00318204
0.00320964
0.00359108
0.00361963
0.00363071
0.00363253
0.00363118
0.00363096
0.00363457
0.00364379
0.00365992
0.00368397
0.00371675
0.00375881
0.00381029
0.00387069
0.00393824
0.00400861
0.0038148
0.00358968
0.00342025
0.00329251
0.00319645
0.00312656
0.00308179
0.00305957
0.00305733
0.00352252
0.00358066
0.00361287
0.00362765
0.00363188
0.00363081
0.0036284
0.00362761
0.00363065
0.00363918
0.00365439
0.00367707
0.00370762
0.00374602
0.00379172
0.00384327
0.00389762
0.00384556
0.00361988
0.00344235
0.00330802
0.00320616
0.00313015
0.0030778
0.00304579
0.00340468
0.00349361
0.00355248
0.00358843
0.00360776
0.00361582
0.003617
0.00361488
0.00361229
0.00361147
0.0036141
0.00362141
0.00363419
0.00365288
0.00367754
0.00370789
0.00374313
0.00378182
0.00382206
0.00380905
0.00362386
0.00347404
0.00336024
0.00327479
0.00321266
0.0032274
0.00334613
0.00343346
0.00349493
0.00353578
0.00356081
0.00357423
0.00357967
0.0035802
0.00357834
0.00357614
0.0035752
0.00357669
0.00358146
0.00359003
0.00360269
0.00361946
0.0036401
0.00366412
0.00369068
0.00371859
0.00374735
0.00377627
0.00365746
0.00355998
0.00298873
0.00313236
0.00324588
0.00333307
0.00339785
0.00344408
0.00347536
0.00349502
0.00350598
0.00351079
0.00351162
0.00351025
0.00350814
0.00350641
0.00350593
0.00350732
0.003511
0.00351724
0.00352612
0.00353756
0.00355134
0.0035672
0.00358473
0.00360308
0.00362189
0.0026954
0.0028558
0.00298942
0.00309832
0.00318502
0.00325228
0.00330291
0.00333963
0.00336502
0.0033814
0.00339085
0.00339518
0.00339592
0.00339435
0.00339152
0.00338825
0.00338522
0.00338291
0.0033817
0.00338183
0.00338347
0.00338666
0.00339137
0.00339747
0.00340479
0.00236495
0.00253081
0.00267451
0.00279669
0.00289862
0.00298197
0.00304867
0.00310076
0.00314026
0.00316912
0.00318916
0.003202
0.00320912
0.0032118
0.00321112
0.00320801
0.00320323
0.00319741
0.00319106
0.0031846
0.00317835
0.00317255
0.00316737
0.00316294
0.00315937
0.00202527
0.00218182
0.00232137
0.0024435
0.00254871
0.00263783
0.00271193
0.00277228
0.00282028
0.00285738
0.00288497
0.0029044
0.00291692
0.00292368
0.00292568
0.00292382
0.00291888
0.00291153
0.00290233
0.00289178
0.00288027
0.00286815
0.00285569
0.00284316
0.00283082
0.00156122
0.00170218
0.00185143
0.0020122
0.00212862
0.00220715
0.00227308
0.00232725
0.0023706
0.00240413
0.00242883
0.00244572
0.00245577
0.00245991
0.002459
0.0024538
0.00244505
0.00243335
0.00241929
0.00240334
0.00238595
0.00236749
0.00234828
0.00232862
0.00230887
0.00118323
0.00130141
0.00139404
0.00144867
0.00149496
0.00153297
0.00156314
0.00158599
0.00160212
0.00161214
0.00161669
0.0016164
0.0016119
0.00160379
0.00159263
0.00157894
0.0015632
0.00154583
0.00152723
0.00150772
0.0014876
0.00146714
0.00144655
0.00142602
0.00140579
0.00027393
0.000279544
0.000284299
0.000288187
0.000291303
0.000293712
0.000295471
0.000296633
0.000297248
0.000297367
0.000297037
0.000296306
0.000295219
0.000293822
0.000292155
0.000290258
0.000288167
0.000285918
0.00028354
0.000281063
0.000278511
0.000275908
0.000273274
0.000270626
0.000267981
6.88897e-05
6.93956e-05
3.77695e-05
0.000165709
0.00011499
0.000199421
0.000303288
0.000308369
0.000205204
0.000421006
0.000325039
0.000326945
0.000961244
0.000820648
0.000813515
0.00214078
0.00197842
0.00191083
0.00322953
0.00314121
0.00307845
0.00377478
0.003764
0.00376388
0.00378505
0.00383541
0.00389179
0.0035267
0.0035939
0.003669
0.00325021
0.00330188
0.00336493
0.00306875
0.0030939
0.00313084
0.00302852
0.00302618
0.0030357
0.00316925
0.00314212
0.00312644
0.00348924
0.00343904
0.00340256
0.00363904
0.00365639
0.00367422
0.00341212
0.00342028
0.00342921
0.00315669
0.0031548
0.00315353
0.00281983
0.00280929
0.00279898
0.00229115
0.00227371
0.00225636
0.00138808
0.00137082
0.00135388
0.000265666
0.000263376
0.000261111
2.68763e-05
5.29129e-05
6.12387e-05
6.2986e-05
7.95418e-05
8.51849e-05
8.98757e-05
9.40055e-05
9.77023e-05
0.00010105
0.000104107
0.000106918
0.000109515
0.000111926
0.000114173
0.000116276
0.000118249
0.000120108
0.000121864
0.000123527
0.000125109
0.000126616
0.000128058
0.000129442
0.000130775
0.000132063
0.000133313
0.000134531
0.000135722
0.000136893
0.000138048
0.000139193
0.000140334
0.000141476
0.000142625
0.000143785
0.000144963
0.000146164
0.000147396
0.000148663
0.000149975
0.00015134
0.000152767
0.000154267
0.000155853
0.000157541
0.000159351
0.000161211
0.000163112
0.00016505
0.00016702
0.000169021
0.000171051
0.000173107
0.000175187
0.000177286
0.000179396
0.000181509
0.000183614
0.000185696
0.000187733
0.000189703
0.000191571
0.000193298
0.000194831
0.0001961
0.000197017
0.000197463
0.000197275
0.00019621
0.000193909
0.000189892
0.000184039
0.000176242
0.000164632
0.000148299
0.000129234
0.000107904
8.95007e-05
5.97353e-05
5.01e-05
0.000137204
0.00015604
0.000178056
0.000202988
0.000231832
0.000263004
0.000295622
0.000328899
0.000362182
0.000394962
0.000426878
0.000457696
0.000487283
0.000515575
0.000542561
0.000568259
0.000592707
0.000615956
0.000638064
0.000659093
0.000679105
0.000698164
0.000716334
0.000733678
0.000750259
0.000766138
0.000781375
0.00079603
0.000810163
0.000823833
0.0008371
0.000850023
0.000862663
0.000875072
0.000887304
0.000899398
0.000911386
0.000923287
0.000935105
0.000946829
0.000958428
0.00096985
0.000981025
0.000991764
0.00100191
0.00101132
0.00102185
0.0010329
0.00104419
0.00105567
0.00106728
0.00107897
0.00109069
0.00110235
0.00111387
0.00112511
0.00113592
0.00114608
0.00115532
0.00116332
0.00116967
0.00117388
0.00117537
0.00117342
0.00116723
0.00115584
0.00113816
0.00111297
0.00107895
0.00103487
0.000949836
0.000855181
0.000798311
0.000741972
0.000639573
0.00052288
0.000361539
0.000190298
5.2753e-05
5.90012e-05
0.000189672
0.000240184
0.000283477
0.000337876
0.000401632
0.000471698
0.000545395
0.00062048
0.000695239
0.00076847
0.000839406
0.00090761
0.000972876
0.00103514
0.00109444
0.00115085
0.00120448
0.00125545
0.00130389
0.00134992
0.00139368
0.00143529
0.00147488
0.00151256
0.00154845
0.00158267
0.00161532
0.00164652
0.00167635
0.00170493
0.00173234
0.00175868
0.00178403
0.00180847
0.00183205
0.00185484
0.00187684
0.00189808
0.00191852
0.00193814
0.00195686
0.00197463
0.00199136
0.00200694
0.00202125
0.00203419
0.00204563
0.00205753
0.00206886
0.00207929
0.0020886
0.0020966
0.00210307
0.00210776
0.00211038
0.00211058
0.00210793
0.00210193
0.00209197
0.00207733
0.0020572
0.00203063
0.0019966
0.00195401
0.00190171
0.00183857
0.00176354
0.00167581
0.00157494
0.00145521
0.00128426
0.00113488
0.00101041
0.000905635
0.000761886
0.000613463
0.0004589
0.00026105
5.07733e-05
6.23971e-05
0.000241918
0.000319775
0.000392268
0.000481242
0.000583034
0.000693719
0.000808771
0.000924723
0.00103915
0.0011505
0.00125787
0.0013608
0.00145911
0.00155283
0.00164205
0.00172691
0.00180759
0.00188426
0.0019571
0.00202628
0.00209197
0.00215434
0.00221354
0.00226974
0.00232307
0.00237369
0.00242174
0.00246735
0.00251067
0.00255181
0.00259089
0.00262803
0.00266332
0.00269687
0.00272876
0.00275905
0.00278779
0.00281497
0.00284055
0.00286446
0.00288661
0.00290687
0.00292509
0.00294113
0.0029548
0.00296593
0.00297435
0.00298024
0.00298472
0.00298688
0.00298634
0.00298281
0.00297603
0.00296567
0.00295138
0.00293275
0.00290928
0.00288036
0.00284527
0.00280314
0.00275297
0.00269366
0.00262399
0.00254269
0.00244849
0.00234023
0.00221699
0.00207828
0.00192428
0.0017561
0.00157598
0.00138719
0.0011946
0.0010036
0.000819162
0.000643267
0.000472288
0.000281103
5.41226e-05
6.73899e-05
0.000289106
0.000395419
0.000500419
0.000624582
0.00076396
0.000912444
0.00106465
0.00121653
0.00136538
0.00150959
0.0016483
0.00178112
0.00190796
0.0020289
0.00214409
0.00225374
0.00235804
0.00245722
0.00255146
0.00264098
0.00272594
0.00280654
0.00288294
0.00295532
0.00302383
0.00308863
0.0031499
0.00320777
0.00326241
0.00331397
0.0033626
0.00340842
0.00345157
0.0034922
0.00353042
0.00356633
0.00360007
0.00363167
0.0036611
0.00368828
0.00371307
0.00373533
0.00375485
0.00377138
0.00378465
0.00379437
0.0038002
0.00380181
0.00380031
0.00379502
0.00378562
0.00377184
0.00375343
0.00373015
0.00370167
0.00366766
0.00362766
0.00358108
0.00352719
0.00346505
0.00339357
0.00331146
0.00321728
0.00310949
0.00298651
0.00284682
0.00268915
0.00251268
0.00231736
0.00210423
0.0018758
0.00163636
0.00139206
0.00115042
0.000918753
0.000703208
0.000503304
0.000303783
6.2443e-05
6.92573e-05
0.00032277
0.000466268
0.000604467
0.000762366
0.000935688
0.00111733
0.00130131
0.00148342
0.00166107
0.00183272
0.00199763
0.00215553
0.00230639
0.00245036
0.00258763
0.00271844
0.00284301
0.00296158
0.00307435
0.00318151
0.00328327
0.00337979
0.00347124
0.00355778
0.00363958
0.00371679
0.00378957
0.00385806
0.00392245
0.00398288
0.00403953
0.00409256
0.00414218
0.00418861
0.00423198
0.00427228
0.00431004
0.00434542
0.00437841
0.00440895
0.00443694
0.00446222
0.00448458
0.00450377
0.00451946
0.00453123
0.00453859
0.00454087
0.00453778
0.00452929
0.0045153
0.00449554
0.00446985
0.00443815
0.0044003
0.00435611
0.00430526
0.00424726
0.00418143
0.00410683
0.00402228
0.00392635
0.00381736
0.00369342
0.00355247
0.00339246
0.00321144
0.00300784
0.00278083
0.0025307
0.00225934
0.00197079
0.00167147
0.00137026
0.00107809
0.000805522
0.000558262
0.000329733
7.6811e-05
7.03742e-05
0.000350664
0.000531429
0.000701712
0.000890257
0.00109304
0.00130262
0.00151294
0.00171996
0.00192123
0.00211542
0.00230192
0.00248054
0.00265137
0.00281458
0.00297041
0.00311912
0.00326095
0.00339611
0.00352481
0.00364726
0.00376361
0.00387404
0.00397869
0.00407772
0.00417126
0.00425945
0.00434241
0.00442027
0.00449317
0.00456125
0.00462463
0.00468345
0.00473799
0.00478922
0.00483741
0.00484022
0.00484371
0.00485112
0.00485995
0.00487038
0.00488343
0.00490013
0.0049216
0.00494914
0.00498415
0.0050284
0.00508438
0.00515238
0.0052012
0.00519485
0.0051818
0.00516103
0.00513233
0.00509619
0.0050529
0.00500256
0.00494511
0.00488022
0.00480735
0.00472563
0.00463388
0.00453057
0.00441382
0.00428141
0.00413082
0.00395932
0.00376416
0.00354278
0.00329318
0.00301443
0.00270725
0.0023746
0.00202237
0.00165971
0.00129914
0.000955376
0.000641918
0.000363763
9.17427e-05
7.10747e-05
0.000373831
0.000590371
0.00079049
0.00100586
0.00123339
0.00146588
0.00169757
0.00192468
0.00214499
0.00235738
0.00256138
0.00275692
0.00294414
0.00312328
0.00329459
0.00345833
0.00361475
0.00376405
0.00390643
0.00404206
0.00417109
0.00429368
0.00440995
0.00452002
0.00462402
0.00472203
0.00481414
0.00490045
0.00498102
0.00505588
0.00512505
0.00517276
0.005137
0.00511629
0.00510801
0.00510298
0.00510018
0.00509949
0.00510074
0.00510474
0.00511265
0.00512565
0.00514512
0.00517272
0.00521023
0.00525919
0.00532042
0.00539413
0.00548162
0.0055877
0.00570965
0.00576284
0.00573491
0.00569727
0.00565119
0.00559733
0.00553597
0.00546706
0.00539025
0.00530486
0.00520978
0.00510351
0.00498407
0.004849
0.00469536
0.00451979
0.00431864
0.00408819
0.00382502
0.00352662
0.003192
0.00282263
0.00242317
0.00200226
0.00157288
0.0011521
0.000759549
0.000413263
0.000105188
7.15306e-05
0.00039309
0.000642953
0.000870063
0.00110825
0.00135599
0.00160679
0.00185534
0.00209823
0.00233352
0.00256029
0.00277821
0.00298732
0.00318783
0.00337999
0.00356408
0.00374036
0.00390905
0.00407034
0.00422441
0.0043714
0.00451145
0.00464467
0.00477118
0.00489107
0.00500444
0.00511136
0.00521189
0.00530607
0.00539392
0.00547541
0.00549588
0.00543339
0.00538851
0.00536579
0.00535201
0.00534118
0.00533264
0.0053274
0.00532539
0.00532693
0.00533286
0.00534427
0.00536265
0.00538995
0.00542866
0.00548143
0.00555007
0.00563433
0.00573338
0.00584885
0.00598347
0.00613774
0.00626991
0.00623237
0.006185
0.00612911
0.0060654
0.00599414
0.00591526
0.00582828
0.00573233
0.00562603
0.00550746
0.00537406
0.00522261
0.00504921
0.00484933
0.004618
0.00435016
0.00404128
0.00368819
0.00329016
0.00285018
0.002376
0.00188089
0.00138353
0.000907281
0.00047954
0.0001129
7.18348e-05
0.000409079
0.000689336
0.000940395
0.00119757
0.00146133
0.00172623
0.00198759
0.00224241
0.00248905
0.00272681
0.0029555
0.00317525
0.0033863
0.00358895
0.00378347
0.0039701
0.00414903
0.00432043
0.00448445
0.00464119
0.00479077
0.00493328
0.0050688
0.00519743
0.00531924
0.00543429
0.00554264
0.00564434
0.00573941
0.00582787
0.00577218
0.00570044
0.00565467
0.00563003
0.00561587
0.00560555
0.00559781
0.00559314
0.0055918
0.00559421
0.0056011
0.0056135
0.00563287
0.00566136
0.00570179
0.0057573
0.0058304
0.00592209
0.00603221
0.00616069
0.00630674
0.00647068
0.00664016
0.00669585
0.00664744
0.00659016
0.00652491
0.00645221
0.00637224
0.00628484
0.0061894
0.00608484
0.00596942
0.0058407
0.00569536
0.00552914
0.00533676
0.00511204
0.00484812
0.00453811
0.00417595
0.00375796
0.00328449
0.0027619
0.00220382
0.00163137
0.00107195
0.000558919
0.000130046
7.20486e-05
0.00042239
0.000729974
0.00100201
0.00127465
0.00155066
0.00182587
0.00209638
0.00235966
0.00261441
0.00286013
0.00309678
0.00332455
0.00354375
0.00375465
0.00395751
0.00415253
0.0043399
0.00451972
0.0046921
0.00485713
0.00501488
0.00516542
0.00530883
0.00544517
0.00557451
0.00569693
0.00581248
0.00592124
0.00602326
0.00611864
0.00605072
0.00597636
0.00592993
0.00590816
0.00589925
0.00589489
0.00589268
0.00589282
0.00589586
0.00590232
0.00591288
0.0059285
0.00595061
0.00598148
0.00602436
0.00608317
0.00616144
0.00626097
0.00638156
0.00652199
0.00667994
0.00685336
0.00703198
0.00708581
0.007036
0.00697748
0.00691105
0.00683733
0.00675676
0.00666944
0.00657515
0.00647316
0.0063621
0.00623982
0.00610316
0.00594775
0.00576785
0.00555621
0.00530425
0.00500242
0.00464122
0.0042129
0.00371394
0.00314807
0.00252897
0.00188134
0.00123892
0.000641807
0.000141768
7.22282e-05
0.000433702
0.000765691
0.00105596
0.00134094
0.00162582
0.00190795
0.00218429
0.00245289
0.00271279
0.00296373
0.0032058
0.00343926
0.00366441
0.00388154
0.00409085
0.00429251
0.00448663
0.0046733
0.00485257
0.00502449
0.0051891
0.00534645
0.0054966
0.00563959
0.00577551
0.00590442
0.00602639
0.0061415
0.00624985
0.00635153
0.00631262
0.0062388
0.0061945
0.00617988
0.00618039
0.00618585
0.00619284
0.0062013
0.00621188
0.00622517
0.00624184
0.00626273
0.00628922
0.00632362
0.00636964
0.00643229
0.00651673
0.00662601
0.006759
0.00691061
0.00707662
0.00726153
0.00744438
0.00740253
0.00735151
0.00729195
0.00722458
0.00715011
0.00706915
0.0069821
0.00688911
0.00678988
0.00668353
0.00656839
0.00644169
0.00629929
0.00613532
0.00594189
0.00570892
0.00542424
0.00507446
0.0046467
0.00413186
0.00352911
0.00285098
0.0021266
0.00139967
0.000719738
0.000153715
7.24459e-05
0.000443943
0.000797848
0.00110396
0.00139854
0.00168928
0.00197523
0.00225437
0.00252539
0.00278773
0.00304138
0.00328654
0.00352352
0.00375263
0.00397409
0.00418808
0.00439468
0.00459396
0.00478594
0.00497063
0.00514802
0.00531814
0.005481
0.00563665
0.00578513
0.00592652
0.00606088
0.00618829
0.00630883
0.00642258
0.00652964
0.00653617
0.00646758
0.00642691
0.0064211
0.00643325
0.00645103
0.00646988
0.0064893
0.00650988
0.00653228
0.0065571
0.00658508
0.00661743
0.00665638
0.00670601
0.00677261
0.00686355
0.00698363
0.00713005
0.00729367
0.00747311
0.00765849
0.00769083
0.00764851
0.00759692
0.00753678
0.00746886
0.00739396
0.00731285
0.0072262
0.0071345
0.00703791
0.0069361
0.006828
0.00671146
0.00658288
0.00643674
0.006265
0.00605662
0.00579721
0.00546937
0.00505429
0.00453531
0.0039043
0.0031701
0.00236619
0.00155064
0.000789851
0.000166702
7.28128e-05
0.000454557
0.00082866
0.00114859
0.00145034
0.00174421
0.00203112
0.00231023
0.00258098
0.00284324
0.00309724
0.0033433
0.00358177
0.00381289
0.00403685
0.00425373
0.00446357
0.00466634
0.00486201
0.00505053
0.00523186
0.00540598
0.00557288
0.0057326
0.00588519
0.00603072
0.00616926
0.0063009
0.00642571
0.00654376
0.00665509
0.00670437
0.00664594
0.00661075
0.00661378
0.00663762
0.00666832
0.00670012
0.00673183
0.00676383
0.0067967
0.006831
0.00686731
0.00690655
0.00695073
0.00700405
0.00707409
0.00717091
0.00730156
0.00746239
0.0076429
0.00783004
0.00790156
0.00786954
0.00782745
0.00777602
0.00771598
0.00764816
0.00757341
0.00749263
0.00740671
0.00731644
0.0072224
0.0071248
0.00702323
0.00691632
0.00680128
0.00667334
0.00652496
0.00634495
0.00611749
0.00582167
0.00543234
0.00492353
0.00427629
0.00349147
0.00260495
0.00169307
0.000850922
0.000181764
7.35548e-05
0.00046807
0.00086168
0.00119368
0.00150032
0.00179471
0.00207983
0.00235624
0.00262416
0.00288395
0.00313607
0.00338094
0.00361887
0.00385004
0.00407454
0.00429238
0.00450353
0.0047079
0.00490538
0.00509588
0.00527933
0.00545565
0.0056248
0.00578683
0.0059418
0.00608981
0.00623097
0.00636536
0.00649305
0.00661406
0.00672842
0.00680494
0.00676193
0.00673548
0.00674669
0.00678053
0.0068229
0.00686699
0.00691076
0.00695418
0.00699769
0.00704173
0.00708668
0.00713314
0.00718265
0.00723924
0.00731142
0.00741211
0.0075523
0.00773079
0.00792748
0.00803377
0.00801397
0.00798325
0.00794236
0.00789206
0.00783312
0.00776639
0.00769277
0.00761322
0.00752877
0.00744045
0.00734917
0.00725564
0.00716009
0.00706195
0.00695942
0.00684879
0.00672368
0.00657374
0.00638285
0.00612785
0.0057778
0.00529623
0.00464948
0.00382393
0.00285292
0.00183408
0.000905454
0.000200296
7.50186e-05
0.000488466
0.000901444
0.00124358
0.00155308
0.00184571
0.00212635
0.00239749
0.0026602
0.00291532
0.00316346
0.00340511
0.00364046
0.00386944
0.00409214
0.00430856
0.0045186
0.00472214
0.00491901
0.0051091
0.00529229
0.00546855
0.00563763
0.00579966
0.0059548
0.00610321
0.00624504
0.00638039
0.0065093
0.00663181
0.00674784
0.00683013
0.00680737
0.00679358
0.00681199
0.00685302
0.00690428
0.00695841
0.00701252
0.00706601
0.00711908
0.00717201
0.007225
0.00727827
0.00733278
0.00739195
0.00746445
0.00756584
0.00771379
0.00790906
0.0080864
0.00808005
0.00806229
0.00803374
0.00799513
0.00794718
0.00789069
0.00782648
0.00775542
0.00767848
0.00759676
0.00751141
0.00742362
0.00733447
0.00724471
0.00715458
0.00706325
0.00696815
0.00686464
0.00674421
0.0065919
0.00638427
0.00608646
0.00565175
0.00502838
0.00417871
0.00312358
0.00198351
0.000960433
0.000224314
7.81172e-05
0.000487395
0.000784459
0.00110165
0.00147898
0.00190274
0.0021757
0.00243948
0.00269512
0.00294388
0.00318612
0.00342257
0.00365333
0.00387702
0.00409454
0.00430607
0.00451155
0.00471082
0.00490371
0.00509003
0.00526963
0.00544242
0.00560829
0.00576737
0.00591991
0.00606618
0.00620643
0.00634077
0.00646922
0.00659174
0.0067082
0.00677379
0.00677345
0.0067749
0.00679922
0.00684417
0.00690068
0.0069616
0.00702332
0.00708467
0.00714551
0.00720594
0.00726598
0.00732555
0.00738496
0.00744668
0.00751864
0.0076185
0.00777124
0.00797167
0.00806675
0.00806276
0.0080478
0.00802243
0.00798729
0.00794314
0.00789074
0.00783082
0.00776411
0.00769149
0.00761407
0.00753311
0.00744994
0.00736585
0.00728202
0.00719927
0.00711775
0.0070364
0.00695216
0.00685858
0.00674365
0.00658644
0.00635174
0.00598542
0.00541745
0.00457312
0.00344072
0.00215767
0.00102206
0.000256712
8.32844e-05
0.000269518
0.000578769
0.000874602
0.00121468
0.00162422
0.00211594
0.00248771
0.00273548
0.00297789
0.00321191
0.00343842
0.00365861
0.00387251
0.0040805
0.00428272
0.00447915
0.00466969
0.00485418
0.00503247
0.00520439
0.00536978
0.00552858
0.00568096
0.0058274
0.00596865
0.00610505
0.00623663
0.00636328
0.00648485
0.00658687
0.00662538
0.00664466
0.00666117
0.00669099
0.00673775
0.00679641
0.00686092
0.00692751
0.00699449
0.00706138
0.00712809
0.00719451
0.00726036
0.0073255
0.00739136
0.00746438
0.00756157
0.00771028
0.00790687
0.0079839
0.00798313
0.007972
0.00795099
0.00792076
0.00788215
0.00783591
0.0077823
0.00772186
0.00765546
0.00758423
0.00750943
0.00743242
0.00735465
0.00727749
0.00720221
0.00712963
0.00705977
0.00699115
0.00691967
0.00683672
0.00672617
0.00655924
0.00628593
0.00581996
0.00504419
0.00388376
0.00244551
0.00113648
0.000300942
0.000144151
0.000257524
0.000447398
0.000701479
0.000997423
0.0013464
0.00175664
0.00223951
0.00277383
0.00301687
0.00323748
0.00344932
0.00365392
0.00385206
0.00404428
0.00423089
0.00441205
0.00458785
0.00475831
0.00492337
0.00508288
0.00523666
0.00538448
0.00552666
0.00566404
0.0057978
0.00592912
0.00605748
0.00618226
0.00626069
0.00632257
0.00637364
0.0064092
0.00643794
0.00647381
0.00652249
0.00658206
0.0066483
0.00671785
0.00678884
0.00686052
0.00693266
0.00700512
0.0070776
0.00714973
0.00722219
0.0072998
0.00739643
0.00753495
0.00771824
0.00784235
0.00784599
0.00783993
0.00782461
0.00780075
0.0077696
0.00773101
0.00768505
0.00763237
0.00757383
0.00751048
0.00744351
0.00737424
0.0073041
0.00723457
0.00716713
0.00710303
0.00704303
0.00698691
0.00693262
0.00687483
0.00680275
0.00669621
0.00651887
0.00620478
0.00525746
0.00422775
0.00282762
0.00162647
0.000821124
0.00016782
0.000289038
0.000433159
0.00065536
0.000892687
0.00118402
0.00152216
0.00192055
0.00236929
0.00283476
0.00325478
0.00344246
0.00362242
0.00379591
0.00396373
0.00412647
0.00428471
0.00443896
0.0045896
0.0047368
0.00488057
0.00502062
0.00515591
0.0052875
0.00541689
0.00554579
0.00567401
0.00576954
0.0058305
0.00589582
0.00596161
0.00601954
0.00606561
0.00610575
0.00614902
0.00620079
0.00626143
0.0063287
0.00640009
0.00647391
0.00654936
0.00662612
0.00670406
0.00678299
0.00686259
0.00694316
0.00702804
0.00712708
0.00725552
0.00742129
0.00760467
0.00766409
0.00766474
0.00765664
0.00764036
0.00761634
0.00758532
0.00754758
0.0075037
0.00745431
0.00740024
0.00734252
0.00728232
0.007221
0.00716001
0.00710085
0.00704498
0.00699358
0.00694722
0.00690524
0.00686482
0.00681942
0.00675664
0.00665515
0.00574049
0.00483639
0.00413482
0.00348447
0.00271225
0.00189688
0.000228696
0.000365903
0.000517584
0.000710114
0.0009144
0.00116725
0.00145856
0.00179142
0.00216599
0.00258736
0.00302413
0.00337199
0.00351486
0.00365358
0.00378907
0.00392212
0.00405349
0.00418381
0.00431346
0.0044426
0.00457126
0.00469933
0.00482632
0.00495343
0.00508138
0.00521031
0.00529286
0.00535039
0.00541126
0.0054758
0.00554023
0.0056006
0.00565429
0.00570344
0.00575322
0.00580803
0.0058695
0.00593692
0.0060088
0.00608389
0.00616147
0.00624122
0.00632306
0.00640692
0.00649263
0.00658034
0.00667222
0.00677499
0.0068983
0.0070454
0.00721132
0.00738032
0.00744827
0.00744898
0.00744149
0.00742568
0.00740262
0.00737334
0.00733888
0.0072995
0.00725576
0.00720841
0.00715842
0.00710695
0.00705533
0.007005
0.0069574
0.00691387
0.00687536
0.00684203
0.00681254
0.00678305
0.00674592
0.00623307
0.00541067
0.00475672
0.00428356
0.00385064
0.00331792
0.00295169
0.000402431
0.00055531
0.0007166
0.000891356
0.00109994
0.00134558
0.00162016
0.0019206
0.00225308
0.00262862
0.00301798
0.00324927
0.00335937
0.00346872
0.00357866
0.00368986
0.00380259
0.00391688
0.00403268
0.00414984
0.00426823
0.00438783
0.00450913
0.00463168
0.00475455
0.00485164
0.00490724
0.00496242
0.00502051
0.00508041
0.00514135
0.00520087
0.00525667
0.00530927
0.00536157
0.00541685
0.00547715
0.00554264
0.00561258
0.00568624
0.00576312
0.00584294
0.00592564
0.00601125
0.00609973
0.0061912
0.00628699
0.00639125
0.0065097
0.00664553
0.00679299
0.00694707
0.00710452
0.00720444
0.00720741
0.00720262
0.00718993
0.00717055
0.00714545
0.00711603
0.00708272
0.00704607
0.00700672
0.00696557
0.00692374
0.00688248
0.00684313
0.00680699
0.0067751
0.00674796
0.00672503
0.00670391
0.00661689
0.00593701
0.00528852
0.00478432
0.00438553
0.0040384
0.00372769
0.00356871
0.000901851
0.00104927
0.00119142
0.00136205
0.00157734
0.00181846
0.0020782
0.00235221
0.00264154
0.00293901
0.00315545
0.00324084
0.0033251
0.00341057
0.00349846
0.0035893
0.00368329
0.00378046
0.00388071
0.00398388
0.00408971
0.0041979
0.004308
0.00441884
0.00452084
0.00457436
0.00462463
0.00467602
0.00472849
0.00478256
0.00483779
0.0048926
0.00494577
0.00499724
0.00504843
0.00510151
0.00515811
0.00521876
0.00528351
0.00535235
0.00542511
0.00550151
0.00558142
0.00566488
0.00575193
0.00584279
0.00593832
0.00604001
0.0061513
0.00627509
0.00640946
0.00654781
0.00668927
0.00683779
0.00694959
0.00695579
0.0069549
0.00694703
0.00693269
0.00691304
0.006889
0.00686221
0.00683285
0.00680162
0.00676931
0.0067369
0.00670554
0.00667633
0.00665027
0.00662795
0.00660914
0.00659222
0.00633093
0.00577787
0.00526396
0.00485158
0.00451512
0.00423183
0.00401254
0.00391269
0.00192635
0.00198746
0.00206881
0.00219928
0.0023729
0.00257253
0.00278844
0.00300913
0.00321627
0.00329467
0.00334441
0.00339503
0.00344831
0.00350549
0.0035672
0.00363366
0.00370488
0.00378074
0.00386107
0.00394562
0.00403409
0.00412602
0.00422073
0.00431732
0.00440408
0.00444741
0.00448839
0.00453034
0.00457381
0.00461911
0.00466599
0.00471364
0.00476122
0.00480839
0.0048557
0.00490428
0.00495516
0.00500926
0.00506719
0.00512921
0.00519536
0.00526554
0.00533959
0.00541752
0.00549948
0.00558578
0.00567602
0.00577096
0.00587254
0.00598261
0.00610097
0.0062246
0.00635014
0.00648018
0.00661689
0.00669918
0.00670792
0.00671045
0.00670704
0.00669767
0.00668337
0.00666507
0.00664372
0.00662092
0.00659693
0.00657247
0.00654836
0.00652547
0.00650462
0.00648633
0.00647053
0.00645607
0.00611735
0.00567816
0.00527225
0.00493612
0.00465906
0.00443143
0.00426724
0.00419825
0.00305066
0.0030493
0.00308263
0.00315519
0.00325925
0.00338335
0.00352105
0.00365099
0.00365942
0.00367043
0.00368503
0.00370398
0.00372802
0.0037577
0.00379325
0.00383468
0.00388188
0.00393459
0.00399258
0.00405553
0.00412308
0.00419483
0.00427026
0.00434862
0.00442896
0.00447041
0.00450064
0.00453141
0.00456389
0.00459801
0.00463367
0.00467066
0.00470862
0.00474735
0.00478713
0.00482866
0.00487276
0.00492006
0.00497096
0.00502579
0.00508447
0.00514691
0.00521309
0.00528315
0.0053573
0.00543469
0.00551529
0.00559962
0.0056887
0.00578362
0.00588444
0.0059899
0.00609841
0.00620965
0.00632659
0.00644325
0.00646135
0.00647071
0.00647491
0.00647425
0.00646904
0.00645917
0.00644584
0.00642977
0.00641195
0.0063937
0.00637553
0.00635796
0.00634158
0.00632672
0.00631332
0.00623996
0.00594504
0.00560194
0.00528152
0.00500893
0.00478312
0.00460232
0.00447746
0.00442756
0.00377105
0.00379406
0.00382859
0.00387147
0.00392087
0.00397518
0.00403858
0.00410775
0.00411608
0.00410438
0.00409755
0.00409544
0.00409867
0.00410773
0.00412277
0.00414368
0.00417035
0.00420248
0.00423977
0.00428197
0.0043288
0.00437993
0.00443499
0.00449341
0.00455446
0.00459337
0.00461299
0.00463193
0.00465231
0.00467451
0.00469869
0.00472485
0.00475286
0.00478267
0.00481441
0.00484847
0.00488558
0.00492591
0.00496959
0.00501667
0.005067
0.00512048
0.00517751
0.00523774
0.00530055
0.00536599
0.00543416
0.0055053
0.00557997
0.00565883
0.00574205
0.00582897
0.00591876
0.00601139
0.00610989
0.00620688
0.00622364
0.00623599
0.00624412
0.00624825
0.00624865
0.00624557
0.00623932
0.00622983
0.00621817
0.00620494
0.00619097
0.00617719
0.00616421
0.00615208
0.00614066
0.00602344
0.00579329
0.00552901
0.00527653
0.00505671
0.00487384
0.00473019
0.00463407
0.00459749
0.00395759
0.00402754
0.00409071
0.00414884
0.00420013
0.00424474
0.00428693
0.00433223
0.00438468
0.00444113
0.0044785
0.00446995
0.00446502
0.00446445
0.00446849
0.00447709
0.00449014
0.00450754
0.00452914
0.00455481
0.00458437
0.00461763
0.00465433
0.00469411
0.00471722
0.00472777
0.00473808
0.00474876
0.00476079
0.00477503
0.00479175
0.00481093
0.00483245
0.00485623
0.00488223
0.00491054
0.00494128
0.00497453
0.00501038
0.00504873
0.00508999
0.00513402
0.00518026
0.00522863
0.00527922
0.00533216
0.00538751
0.00544541
0.00550626
0.00557045
0.00563811
0.00570855
0.00578151
0.00585882
0.00594038
0.00598164
0.00599715
0.00600935
0.00601834
0.00602422
0.00602716
0.00602737
0.00602507
0.00602052
0.00601401
0.00600559
0.00599598
0.0059857
0.00597515
0.00596481
0.00595479
0.00583235
0.00565316
0.00545019
0.00525202
0.00507593
0.00492862
0.0048142
0.00473932
0.00471222
0.00375712
0.00385458
0.00394848
0.00403466
0.00411321
0.00418524
0.00425116
0.00431384
0.0043762
0.00443851
0.00449301
0.00453945
0.00458091
0.00461743
0.00464909
0.00467598
0.00469827
0.00471628
0.00473049
0.00474146
0.00474977
0.00475604
0.00476151
0.00476814
0.00477685
0.00478697
0.0047971
0.00480714
0.00481811
0.00483071
0.00484521
0.00486168
0.00488006
0.00490031
0.00492241
0.00494628
0.00497163
0.00499877
0.00502802
0.0050593
0.00509231
0.00512719
0.00516401
0.0052028
0.00524371
0.00528694
0.0053325
0.00538043
0.00543116
0.00548472
0.00554101
0.00559915
0.0056606
0.00572553
0.00575167
0.00576664
0.00577923
0.00578946
0.00579735
0.00580296
0.00580635
0.00580764
0.00580698
0.00580457
0.00580062
0.00579534
0.00578902
0.0057818
0.0057739
0.00576572
0.0057572
0.00565593
0.00551655
0.0053606
0.00520573
0.00506546
0.00494728
0.00485599
0.00479715
0.00477682
0.00344269
0.00353337
0.00362768
0.00372255
0.00381624
0.00390715
0.00398792
0.00406379
0.00413539
0.00420263
0.0042653
0.00432269
0.00437442
0.00442122
0.00446345
0.00450126
0.00453481
0.00456439
0.00459034
0.00461314
0.00463329
0.00465144
0.00466849
0.00468539
0.00470278
0.00472027
0.00473724
0.00475379
0.00477025
0.00478695
0.00480424
0.00482235
0.0048414
0.00486157
0.00488313
0.00490598
0.00492995
0.0049549
0.00498089
0.00500825
0.00503725
0.00506809
0.00510075
0.00513522
0.00517177
0.00521078
0.00525216
0.00529562
0.00534073
0.00538762
0.0054367
0.00548794
0.00551779
0.0055321
0.0055448
0.00555582
0.00556515
0.00557279
0.00557875
0.00558304
0.00558567
0.00558673
0.00558628
0.00558445
0.00558137
0.00557721
0.00557215
0.00556636
0.00556
0.00555321
0.0055459
0.00548776
0.00537865
0.00525747
0.00513663
0.0050254
0.00493066
0.00485751
0.00481077
0.00479519
0.00318394
0.00324897
0.00332116
0.00339803
0.00347737
0.00355749
0.00363711
0.00371517
0.00379083
0.0038635
0.0039324
0.00399687
0.00405669
0.00411218
0.00416343
0.00421067
0.00425426
0.00429458
0.00433202
0.00436693
0.00439968
0.00443063
0.00446022
0.00448894
0.00451703
0.00454436
0.00457077
0.00459629
0.00462113
0.0046456
0.00466991
0.00469426
0.00471876
0.00474367
0.00476914
0.00479523
0.00482184
0.00484907
0.00487721
0.00490658
0.00493753
0.00497025
0.00500474
0.0050407
0.00507792
0.00511661
0.00515661
0.00519736
0.00523956
0.0052811
0.00529427
0.0053065
0.00531769
0.00532773
0.00533657
0.00534417
0.00535051
0.00535558
0.00535939
0.00536192
0.00536319
0.00536324
0.0053621
0.00535984
0.00535655
0.00535233
0.00534728
0.00534153
0.00533519
0.00532838
0.00532112
0.0053132
0.00523496
0.00513893
0.00504349
0.00495552
0.00487956
0.00482041
0.00478254
0.00476983
0.00306016
0.00309539
0.00313949
0.00319069
0.00324734
0.00330806
0.00337166
0.00343677
0.00350239
0.003572
0.0036341
0.00369657
0.0037572
0.00381521
0.00387048
0.00392303
0.00397292
0.0040203
0.00406547
0.00410872
0.00415025
0.00419021
0.00422885
0.0042665
0.00430335
0.00433941
0.00437462
0.00440895
0.00444247
0.00447529
0.00450758
0.00453952
0.00457121
0.0046029
0.00463499
0.00466753
0.00470066
0.00473415
0.00476812
0.00480271
0.004838
0.00487407
0.00491078
0.00494771
0.00498474
0.00502238
0.00505393
0.00506504
0.00507556
0.00508544
0.00509457
0.0051029
0.00511037
0.00511692
0.00512252
0.00512713
0.00513073
0.0051333
0.00513484
0.00513535
0.00513484
0.00513332
0.00513081
0.00512735
0.00512299
0.00511779
0.00511181
0.00510514
0.00509784
0.00508999
0.00508166
0.00507286
0.00506326
0.00500056
0.00492407
0.00485337
0.00479229
0.00474406
0.00471238
0.00470049
0.00312351
0.00313033
0.00314696
0.0031719
0.00320377
0.0032415
0.00328408
0.00333051
0.00337983
0.00343141
0.00348411
0.00353773
0.00359511
0.00364713
0.00369747
0.00374716
0.00379607
0.00384414
0.00389134
0.00393762
0.00398305
0.00402765
0.00407142
0.00411457
0.0041572
0.00419917
0.00424049
0.00428113
0.004321
0.00435995
0.00439807
0.00443514
0.00447098
0.00450915
0.00454838
0.00458526
0.00462145
0.00465736
0.00469285
0.00472768
0.00476219
0.00479676
0.00481889
0.00482827
0.0048372
0.0048457
0.00485372
0.0048612
0.00486809
0.00487438
0.00488
0.00488493
0.00488911
0.00489251
0.00489508
0.00489681
0.00489767
0.00489764
0.00489673
0.00489492
0.00489221
0.00488863
0.00488416
0.00487885
0.00487271
0.00486579
0.00485811
0.00484972
0.00484067
0.00483102
0.00482082
0.00481011
0.00479886
0.00478681
0.00476886
0.00471189
0.00466064
0.00462024
0.00459288
0.00458085
0.00337825
0.00336444
0.00336127
0.00336735
0.00338106
0.00340111
0.00342647
0.00345624
0.00348966
0.00352613
0.00356491
0.00360513
0.00364663
0.00368908
0.00373188
0.0037755
0.00381746
0.00385952
0.00390238
0.00394521
0.00398706
0.00402839
0.00406926
0.00410964
0.00414951
0.00418882
0.00422749
0.00426547
0.00430271
0.00433922
0.00437505
0.00441017
0.0044444
0.00447757
0.0045104
0.00454311
0.00455464
0.00456328
0.00457148
0.0045793
0.00458675
0.00459383
0.00460049
0.00460669
0.00461242
0.00461768
0.00462243
0.00462666
0.00463034
0.00463343
0.00463591
0.00463774
0.00463889
0.00463932
0.00463901
0.00463793
0.00463606
0.00463339
0.00462991
0.0046256
0.00462048
0.00461453
0.00460776
0.00460019
0.00459183
0.00458269
0.00457281
0.0045622
0.0045509
0.00453894
0.00452635
0.00451319
0.00449946
0.00448514
0.00447012
0.00445415
0.00443722
0.0044193
0.0044004
0.00438061
0.00369497
0.00371617
0.00370726
0.00369852
0.0036985
0.00370579
0.00371885
0.00373648
0.00375775
0.00378186
0.00380807
0.00383581
0.00386488
0.00389483
0.00392504
0.00395534
0.00398572
0.00401596
0.00404607
0.00407628
0.00409976
0.00411628
0.00413205
0.00414707
0.00416138
0.00417499
0.00418794
0.00420025
0.00421194
0.00422305
0.00423359
0.0042436
0.0042531
0.00426211
0.00427066
0.00427873
0.00428624
0.0042932
0.00429964
0.00430557
0.00431101
0.00431597
0.00432043
0.00432439
0.00432785
0.00433078
0.00433317
0.00433501
0.00433627
0.00433693
0.00433696
0.00433634
0.00433505
0.00433306
0.00433035
0.00432689
0.00432267
0.00431767
0.00431187
0.00430528
0.00429788
0.00428968
0.00428066
0.00427084
0.00426022
0.00424882
0.00423664
0.0042237
0.00421002
0.00419563
0.00418055
0.0041648
0.00414842
0.0041314
0.00411373
0.00409533
0.00407613
0.00405603
0.00403495
0.00401295
0.00344033
0.0034523
0.00346493
0.00347794
0.00349126
0.00350489
0.00351884
0.00353311
0.00354769
0.00356259
0.00357777
0.00359321
0.00360887
0.0036247
0.00364066
0.00365667
0.00367269
0.00368866
0.0037045
0.00372015
0.00373551
0.00375048
0.00376503
0.00377912
0.00379271
0.00380579
0.00381834
0.00383034
0.00384178
0.00385267
0.003863
0.00387278
0.003882
0.00389068
0.00389881
0.00390639
0.00391342
0.00391988
0.00392578
0.00393111
0.00393587
0.00394007
0.00394369
0.00394673
0.00394919
0.00395106
0.00395231
0.00395295
0.00395295
0.00395229
0.00395096
0.00394893
0.00394619
0.00394272
0.00393849
0.00393349
0.0039277
0.00392111
0.0039137
0.00390546
0.00389639
0.00388648
0.00387572
0.00386413
0.0038517
0.00383843
0.00382435
0.00380945
0.00379375
0.00377728
0.00376005
0.00374208
0.00372339
0.003704
0.00368391
0.0036631
0.00364154
0.00361914
0.00359587
0.00357178
0.00315307
0.00315334
0.00315442
0.00315637
0.00315913
0.00316256
0.00316657
0.00317113
0.00317623
0.00318185
0.00318799
0.00319463
0.00320174
0.0032093
0.00321728
0.00322567
0.00323441
0.00324348
0.00325283
0.00326241
0.00327217
0.00328206
0.003292
0.00330195
0.00331186
0.00332166
0.00333132
0.00334079
0.00335004
0.00335902
0.0033677
0.00337606
0.00338406
0.00339168
0.00339891
0.00340571
0.00341207
0.00341796
0.00342337
0.00342828
0.00343267
0.00343652
0.00343981
0.00344254
0.00344468
0.00344621
0.00344712
0.00344738
0.00344699
0.00344591
0.00344412
0.00344161
0.00343836
0.00343434
0.00342952
0.00342391
0.00341747
0.00341018
0.00340205
0.00339305
0.00338317
0.00337241
0.00336077
0.00334824
0.00333483
0.00332054
0.00330538
0.00328936
0.00327249
0.0032548
0.0032363
0.00321701
0.00319697
0.00317618
0.00315467
0.00313244
0.00310948
0.00308577
0.00306129
0.00303614
0.0027879
0.00277722
0.0027672
0.00275788
0.00274929
0.00274148
0.00273449
0.00272827
0.00272278
0.00271801
0.00271392
0.00271051
0.00270774
0.00270562
0.00270412
0.00270323
0.00270293
0.0027032
0.00270404
0.0027054
0.00270727
0.00270958
0.00271227
0.00271533
0.0027187
0.00272235
0.00272624
0.00273031
0.00273454
0.00273887
0.00274326
0.00274767
0.00275206
0.00275639
0.00276062
0.00276471
0.00276862
0.00277232
0.00277578
0.00277895
0.0027818
0.0027843
0.00278642
0.00278812
0.00278937
0.00279014
0.0027904
0.00279012
0.00278927
0.00278781
0.00278571
0.00278296
0.00277951
0.00277534
0.00277043
0.00276474
0.00275827
0.00275098
0.00274286
0.00273389
0.00272407
0.00271339
0.00270183
0.0026894
0.0026761
0.00266194
0.00264693
0.00263107
0.0026144
0.00259693
0.00257868
0.00255969
0.00253999
0.00251959
0.00249854
0.00247686
0.00245455
0.00243163
0.0024081
0.00238408
0.00223701
0.00221797
0.00219952
0.00218175
0.00216471
0.00214844
0.00213297
0.00211833
0.00210451
0.00209152
0.00207933
0.00206793
0.00205731
0.00204744
0.00203831
0.00202987
0.00202212
0.00201502
0.00200855
0.00200268
0.00199739
0.00199269
0.00198857
0.001985
0.00198195
0.00197939
0.00197721
0.00197537
0.00197386
0.00197264
0.00197169
0.00197096
0.00197042
0.00197004
0.0019698
0.00196965
0.00196956
0.00196949
0.00196942
0.0019693
0.00196909
0.00196877
0.00196829
0.00196762
0.00196673
0.00196558
0.00196413
0.00196235
0.0019602
0.00195765
0.00195466
0.00195121
0.00194725
0.00194276
0.0019377
0.00193206
0.0019258
0.00191891
0.00191136
0.00190315
0.00189425
0.00188466
0.00187438
0.00186341
0.00185175
0.00183941
0.00182641
0.00181276
0.00179849
0.00178361
0.00176817
0.00175219
0.0017357
0.00171875
0.00170135
0.00168355
0.00166537
0.00164682
0.00162793
0.00160878
0.00133502
0.00131668
0.00129902
0.00128206
0.00126582
0.00125031
0.00123553
0.00122145
0.00120806
0.00119534
0.00118327
0.00117182
0.00116096
0.00115067
0.00114092
0.00113168
0.00112293
0.00111464
0.0011068
0.00109938
0.00109235
0.00108571
0.00107942
0.00107349
0.00106788
0.0010626
0.00105767
0.00105309
0.00104884
0.00104483
0.001041
0.00103734
0.00103384
0.00103047
0.00102724
0.00102411
0.0010211
0.00101816
0.0010153
0.00101249
0.0010097
0.00100691
0.00100411
0.00100128
0.000998399
0.000995458
0.000992434
0.000989308
0.000986063
0.000982678
0.000979135
0.000975416
0.000971504
0.00096738
0.00096303
0.000958439
0.000953595
0.000948485
0.000943102
0.000937438
0.00093149
0.000925254
0.000918731
0.000911925
0.000904841
0.000897486
0.000889871
0.000882009
0.000873913
0.0008656
0.000857086
0.00084839
0.000839529
0.000830523
0.000821388
0.000812141
0.000802796
0.00079337
0.000783878
0.000774391
0.000258532
0.000256001
0.000253525
0.000251111
0.00024876
0.000246474
0.000244256
0.000242105
0.000240021
0.000238003
0.00023605
0.00023416
0.000232332
0.000230565
0.000228855
0.000227201
0.000225601
0.000224053
0.000222555
0.000221105
0.0002197
0.00021834
0.000217022
0.000215744
0.000214506
0.000213305
0.000212141
0.000211012
0.000209917
0.000208857
0.000207835
0.000206847
0.000205893
0.000204971
0.00020408
0.000203218
0.000202385
0.000201578
0.000200797
0.00020004
0.000199305
0.000198593
0.0001979
0.000197225
0.000196568
0.000195926
0.000195299
0.000194684
0.000194081
0.000193488
0.000192904
0.000192326
0.000191754
0.000191186
0.000190621
0.000190056
0.000189491
0.000188923
0.000188352
0.000187775
0.000187192
0.0001866
0.000185999
0.000185386
0.000184761
0.000184123
0.000183469
0.000182798
0.000182111
0.000181405
0.00018068
0.000179934
0.000179168
0.000178381
0.000177571
0.000176738
0.000175883
0.000175004
0.000174101
0.000173175
0.000386535
0.000367287
0.000360498
0.00166691
0.00229807
0.0025232
0.00302066
0.00328707
0.00351699
0.00361232
0.00375584
0.0039429
0.00395474
0.00409046
0.0042744
0.00423399
0.0043449
0.00450527
0.00445618
0.00454413
0.00467748
0.00462104
0.0046914
0.00480177
0.00473226
0.00478917
0.00488071
0.00479405
0.00484019
0.00491655
0.00480992
0.00484749
0.00491195
0.00478162
0.00481149
0.00486708
0.00470815
0.00473155
0.00478358
0.00458623
0.00460878
0.00463908
0.0043617
0.00434216
0.00432107
0.00399211
0.00397051
0.00394735
0.00354935
0.00352627
0.0035018
0.0030131
0.00298954
0.00296485
0.00236239
0.00234031
0.0023174
0.00159174
0.00157445
0.00155665
0.000766034
0.000757492
0.000748698
0.000172357
0.000171519
0.000170662
4.61484e-05
7.43233e-05
8.86712e-05
0.000101107
0.000112622
0.000123662
0.000134499
0.000145458
0.000157038
0.00016795
0.000178503
0.000188725
0.000198552
0.000208117
0.000217613
0.000228915
0.000240517
0.000253591
0.000265934
0.000279999
0.000295642
0.000314483
0.000336043
0.000232588
0.000358654
5.2711e-05
0.000174267
0.000241983
0.000329122
0.000443998
0.000583459
0.000738631
0.000892071
0.00100691
0.00111193
0.0012131
0.00131166
0.00140721
0.00149861
0.00158162
0.00165422
0.00173389
0.00182645
0.00166428
0.00149821
0.0012971
0.00116262
0.000952551
0.000838598
0.000579857
5.7608e-05
0.000257025
0.000410527
0.000604053
0.000849283
0.00113052
0.0014222
0.00169519
0.00192744
0.00213935
0.00233852
0.00252665
0.00270246
0.00286219
0.002856
0.00257194
0.00231051
0.00209817
0.00190894
0.00174093
0.00157707
0.00142163
0.00126898
0.00114983
0.00104327
5.99754e-05
0.00032572
0.000578604
0.000876723
0.00122706
0.00160359
0.00197548
0.00231641
0.00261682
0.00288857
0.00313783
0.00336615
0.00357174
0.00370653
0.00329516
0.00291087
0.00260724
0.00236442
0.0021659
0.00198937
0.0018209
0.00165811
0.00150566
0.00136473
0.00123876
6.12087e-05
0.000380672
0.000728661
0.00111204
0.00153084
0.00195785
0.0023657
0.00273415
0.00306136
0.00335471
0.00361959
0.00385514
0.00406035
0.00404388
0.00358939
0.00320806
0.00291238
0.00266181
0.00243929
0.00223691
0.00205072
0.00187991
0.00172667
0.00159495
0.00148971
6.19669e-05
0.000422241
0.000848125
0.00129306
0.00175048
0.00219811
0.00261523
0.00298709
0.00331924
0.00361434
0.00387705
0.0041087
0.00430788
0.00419603
0.00378098
0.00342838
0.00314082
0.00288778
0.00265881
0.0024505
0.00226117
0.0020904
0.00193903
0.00180809
0.00169965
6.24788e-05
0.000451876
0.000933247
0.0014176
0.00189321
0.00234535
0.00275655
0.00312235
0.00344901
0.0037409
0.00400094
0.00422973
0.00442536
0.00426681
0.00390488
0.00359174
0.0033241
0.00308074
0.00285603
0.00264937
0.00246103
0.00229161
0.00214194
0.0020129
0.00190543
6.2781e-05
0.00047167
0.000988995
0.00149315
0.00197168
0.0024157
0.00281785
0.00317869
0.00350313
0.00379475
0.00405547
0.00428527
0.00448182
0.00432715
0.00401782
0.00373831
0.00348787
0.00325421
0.00303552
0.00283318
0.00264853
0.00248246
0.00233552
0.0022078
0.00209912
6.31217e-05
0.000482534
0.00100928
0.00151884
0.00199542
0.00243398
0.00283189
0.00319257
0.00351942
0.00381481
0.00407976
0.0043138
0.00451448
0.00441422
0.00414497
0.00388696
0.00364734
0.00342068
0.00320759
0.00301009
0.00282967
0.00266715
0.00252277
0.00239626
0.00228686
6.35771e-05
0.000477421
0.00100112
0.00150964
0.00198487
0.00242299
0.00282366
0.00318992
0.00352355
0.00382572
0.00409684
0.00433626
0.00454192
0.0045458
0.00429814
0.00405024
0.00381639
0.00359273
0.00338241
0.00318797
0.00301054
0.00285059
0.00270796
0.00258192
0.00247128
6.3842e-05
0.000463322
0.000976416
0.00148236
0.00196015
0.0024041
0.00281443
0.003191
0.00353406
0.00384397
0.00412082
0.00436424
0.00457304
0.00472229
0.00448393
0.0042358
0.00400357
0.00377905
0.00356805
0.00337408
0.0031976
0.00303849
0.0028961
0.00276922
0.00265635
6.38553e-05
0.000446365
0.000947952
0.00145489
0.00194202
0.00239949
0.00282399
0.00321295
0.00356551
0.00388155
0.00416125
0.00440475
0.00461182
0.00478141
0.00471277
0.00445796
0.00421577
0.00398737
0.00377319
0.00357655
0.003398
0.00323718
0.00309272
0.00296283
0.0028458
6.37672e-05
0.000432024
0.000929463
0.00144687
0.00195205
0.00242915
0.00286984
0.00327042
0.00362967
0.00394763
0.00422502
0.00446283
0.00466202
0.00482324
0.00494648
0.00472923
0.00446512
0.00422711
0.00400752
0.00380485
0.00362021
0.00345407
0.00330405
0.00316775
0.00304346
6.40583e-05
0.000428222
0.000938878
0.00148178
0.00201381
0.00251279
0.00296801
0.00337586
0.00373578
0.00404874
0.00431653
0.00454132
0.00472539
0.00487081
0.00497925
0.00505173
0.00477745
0.00451394
0.00428056
0.00406793
0.00387312
0.00369698
0.00353645
0.00338876
0.00325272
6.59739e-05
0.000449146
0.00100154
0.00158683
0.00215196
0.00266993
0.00313297
0.0035393
0.00389013
0.00418824
0.00443712
0.00464051
0.00480201
0.00492492
0.0050121
0.00506584
0.00508788
0.00487294
0.00461352
0.00437824
0.00416501
0.00397183
0.00379415
0.00362872
0.0034751
7.27913e-05
0.000522634
0.00115282
0.00179456
0.00238956
0.002918
0.00337643
0.00376707
0.00409475
0.00436523
0.00458432
0.00475741
0.0048893
0.00498416
0.00504557
0.00507649
0.00507933
0.00505598
0.00500758
0.0047529
0.00450465
0.00428516
0.0040794
0.00388699
0.00370779
9.25765e-05
0.0006881
0.00143337
0.00214172
0.00275654
0.00327554
0.00370622
0.00405918
0.004345
0.00457298
0.00475099
0.00488555
0.00498207
0.00504501
0.00507812
0.00508448
0.00506664
0.00502667
0.0049656
0.00488386
0.00478215
0.00464375
0.00439167
0.00415791
0.00394343
0.000155935
0.00104182
0.00196154
0.00270628
0.00329238
0.00375318
0.00411644
0.00440246
0.00462586
0.00479739
0.00492516
0.00501545
0.00507325
0.00510262
0.00510691
0.00508889
0.00505086
0.00499471
0.00492127
0.00483079
0.00472331
0.00459832
0.00445448
0.00428994
0.0041021
0.00110059
0.00218822
0.00298831
0.00355282
0.00397857
0.00430698
0.00456159
0.00475774
0.00490615
0.00501463
0.00508914
0.00513433
0.00515394
0.00515109
0.00512836
0.00508793
0.00503165
0.00496105
0.00487661
0.0047781
0.00466513
0.00453678
0.00439142
0.00422671
0.00403958
0.00287707
0.00362725
0.0040635
0.00438636
0.004633
0.00482308
0.00496833
0.0050765
0.00515314
0.00520249
0.0052279
0.00523219
0.0052177
0.00518648
0.00514032
0.00508074
0.00500905
0.00492643
0.00483287
0.00472763
0.00460994
0.00447854
0.0043315
0.00416617
0.00397922
0.00390346
0.00462527
0.00491487
0.00505392
0.00516132
0.00524156
0.00529822
0.00533395
0.00535081
0.00535055
0.00533466
0.00530453
0.00526142
0.00520652
0.00514089
0.0050655
0.00498122
0.00488887
0.00478782
0.00467693
0.00455515
0.00442092
0.00427209
0.00410581
0.0039186
0.00426633
0.0048737
0.00547681
0.00550898
0.00552883
0.00553622
0.00553161
0.00551554
0.00548853
0.00545111
0.00540384
0.0053473
0.00528211
0.00520886
0.00512815
0.00504053
0.00494654
0.00484667
0.00473964
0.00462411
0.00449878
0.00436191
0.0042112
0.00404371
0.00385585
0.00455488
0.00505687
0.00575527
0.00577049
0.00574421
0.00571022
0.0056688
0.00562019
0.00556464
0.00550238
0.00543368
0.00535881
0.0052781
0.00519185
0.0051004
0.00500405
0.00490315
0.00479776
0.00468612
0.0045668
0.0044384
0.00429907
0.00414645
0.00397756
0.00378878
0.0047523
0.00518539
0.0057934
0.00587876
0.00583322
0.00578005
0.00572018
0.00565427
0.00558284
0.00550625
0.00542483
0.00533886
0.00524859
0.00515425
0.00505606
0.00495425
0.00484901
0.00473979
0.00462464
0.00450227
0.00437123
0.00422966
0.00407519
0.00390483
0.00371501
0.00488795
0.00526168
0.00579093
0.00587545
0.00582508
0.00576608
0.0056998
0.00562728
0.00554931
0.00546649
0.0053793
0.00528813
0.0051933
0.00509508
0.00499371
0.00488931
0.00478195
0.00467004
0.00455224
0.00442747
0.00429428
0.00415079
0.00399463
0.0038229
0.00363206
0.00498123
0.0053044
0.00576474
0.00579438
0.00574558
0.00568761
0.00562182
0.00554931
0.00547097
0.00538754
0.00529963
0.00520774
0.00511227
0.00501358
0.00491192
0.0048072
0.00469872
0.00458504
0.00446548
0.00433908
0.00420434
0.00405938
0.00390186
0.00372898
0.00353735
0.00503552
0.00531601
0.00569537
0.00566014
0.00561484
0.00556063
0.00549854
0.0054295
0.00535434
0.00527378
0.00518848
0.00509899
0.00500568
0.00490868
0.00480798
0.00470354
0.00459466
0.00448068
0.00436074
0.00423365
0.00409811
0.00395225
0.00379384
0.00362023
0.00342821
0.00505324
0.00529533
0.00552169
0.00548864
0.00544679
0.0053968
0.00533938
0.00527516
0.0052048
0.00512889
0.00504781
0.00496194
0.00487168
0.00477715
0.00467826
0.00457498
0.00446698
0.00435374
0.00423436
0.00410776
0.00397222
0.00382611
0.00366739
0.00349363
0.00330185
0.00503298
0.00524073
0.00532117
0.0052892
0.00524991
0.00520354
0.0051503
0.0050906
0.00502487
0.00495353
0.00487686
0.00479508
0.00470843
0.00461704
0.00452092
0.00441992
0.00431374
0.00420188
0.00408356
0.00395774
0.00382302
0.00367748
0.00351919
0.00334604
0.00315537
0.00497525
0.0051223
0.00509634
0.00506435
0.00502632
0.00498228
0.00493223
0.00487631
0.00481469
0.00474758
0.00467514
0.00459753
0.00451483
0.00442707
0.0043342
0.00423601
0.00413218
0.00402219
0.00390533
0.00378063
0.0036469
0.00350254
0.0033457
0.0031742
0.00298583
0.00487528
0.00487254
0.0048448
0.00481224
0.00477472
0.00473209
0.00468428
0.00463126
0.00457301
0.00450958
0.00444099
0.00436724
0.00428833
0.00420419
0.00411465
0.00401948
0.00391831
0.00381061
0.0036957
0.00357268
0.00344049
0.00329782
0.00314313
0.00297476
0.00279031
0.00461679
0.00459082
0.00456124
0.00452779
0.00449025
0.0044484
0.00440209
0.00435117
0.00429554
0.0042351
0.00416976
0.00409943
0.00402399
0.00394328
0.00385707
0.00376506
0.00366686
0.00356194
0.00344964
0.00332916
0.00319953
0.00305968
0.00290839
0.00274433
0.0025558
0.00429592
0.00426762
0.00423642
0.00420205
0.00416426
0.00412283
0.00407753
0.0040282
0.00397464
0.00391668
0.00385417
0.00378692
0.00371475
0.00363742
0.00355467
0.00346615
0.00337145
0.00327007
0.0031614
0.00304473
0.00291923
0.00278403
0.00263829
0.00245397
0.00224528
0.00392006
0.00389011
0.00385774
0.00382271
0.0037848
0.00374378
0.00369943
0.00365155
0.00359993
0.00354436
0.00348464
0.00342053
0.00335182
0.00327824
0.00319948
0.00311522
0.00302504
0.0029285
0.00282505
0.00271411
0.002595
0.00246714
0.00230212
0.00212084
0.00194343
0.00347319
0.00344235
0.0034095
0.00337444
0.00333696
0.00329687
0.00325396
0.00320802
0.00315884
0.0031062
0.00304989
0.00298968
0.00292531
0.00285654
0.00278308
0.00270461
0.00262078
0.0025312
0.00243546
0.00233309
0.00222365
0.00210201
0.00194781
0.00179614
0.00164956
0.00293615
0.00290569
0.00287364
0.00283983
0.0028041
0.00276625
0.00272611
0.00268348
0.00263817
0.00258999
0.00253873
0.00248417
0.0024261
0.0023643
0.00229852
0.00222851
0.002154
0.00207471
0.00199036
0.00190067
0.00180538
0.00170426
0.00159665
0.00147274
0.0013515
0.00229089
0.00226313
0.00223425
0.00220411
0.00217256
0.00213945
0.00210463
0.00206795
0.00202925
0.00198836
0.00194512
0.00189937
0.00185094
0.00179967
0.0017454
0.00168795
0.00162718
0.00156293
0.00149507
0.0014235
0.00134815
0.00126902
0.0011862
0.00109987
0.00101047
0.0015361
0.00151485
0.00149297
0.00147034
0.00144686
0.00142243
0.00139694
0.00137028
0.00134235
0.00131304
0.00128224
0.00124987
0.00121583
0.00118004
0.00114243
0.00110292
0.00106148
0.00101807
0.000972673
0.000925302
0.000876007
0.000824886
0.000772094
0.000717861
0.000662458
0.000738555
0.000728254
0.000717741
0.000706945
0.000695811
0.000684292
0.000672342
0.000659916
0.000646972
0.000633471
0.000619378
0.000604663
0.000589303
0.000573278
0.000556575
0.000539189
0.00052112
0.000502377
0.000482977
0.000462947
0.000442326
0.000421164
0.000399527
0.000377491
0.000355112
0.000169662
0.000168634
0.000167577
0.000166491
0.000165372
0.000164218
0.000163028
0.000161798
0.000160524
0.000159204
0.000157832
0.000156404
0.000154914
0.000153357
0.000151725
0.000150012
0.000148208
0.000146304
0.000144289
0.000142149
0.000139869
0.00013743
0.00013481
0.00013198
0.000128904
0.000221324
0.000968059
0.00105483
0.00122362
0.00143696
0.00168741
0.00177537
0.001497
0.000805855
0.00018025
0.000247785
0.000903185
0.00097918
0.00115476
0.00142438
0.00169359
0.00180019
0.00153141
0.000826113
0.000181047
0.000272074
0.000885518
0.000939315
0.0011143
0.00141121
0.00169992
0.00182631
0.00156833
0.00084817
0.000181767
0.000297746
0.000852539
0.000887392
0.00106045
0.00139824
0.00170635
0.00185326
0.00160745
0.000873087
0.000182407
0.000302432
0.000824437
0.000839973
0.00101204
0.00138504
0.00171254
0.0018807
0.00164843
0.000900119
0.000182951
0.000307573
0.000797221
0.000794871
0.000967655
0.00137183
0.00171873
0.00190872
0.0016913
0.000929616
0.000183387
0.000311529
0.000770877
0.00075211
0.000928426
0.0013589
0.00172519
0.00193729
0.00173578
0.000961573
0.000183699
0.000312667
0.000739557
0.00070771
0.0008934
0.00134669
0.00173239
0.00196648
0.00178145
0.000995877
0.000183876
0.00031008
0.000712132
0.00067014
0.000900356
0.00133595
0.00174093
0.00199637
0.00182761
0.00103207
0.000183903
0.000304336
0.00068432
0.000629818
0.000928869
0.00132788
0.00175161
0.0020271
0.00187334
0.00106925
0.000183771
0.000293931
0.000654695
0.000589712
0.000967981
0.00132397
0.00176531
0.00205881
0.00191747
0.00110591
0.000183474
0.00027794
0.000620665
0.000547719
0.000950327
0.00132578
0.0017829
0.00209157
0.00195863
0.00113953
0.000183009
0.000256971
0.000574843
0.000503306
0.000940568
0.00133426
0.00180516
0.0021252
0.0019951
0.00116724
0.000182386
0.000235243
0.000512731
0.000460672
0.000935907
0.00135128
0.00183852
0.00216596
0.00203062
0.00119047
0.00018139
0.000216533
0.000434874
0.00043208
0.000947184
0.00138728
0.00188961
0.0022158
0.00206371
0.00120874
0.000179909
0.000199196
0.000362049
0.000421851
0.000979977
0.00144851
0.00196283
0.00227506
0.0020913
0.00121965
0.000177877
0.000182936
0.000302259
0.000522783
0.00104175
0.00154332
0.00206298
0.00234195
0.00194789
0.00122043
0.00017524
0.000168834
0.000254372
0.00073749
0.00114567
0.00168205
0.00198817
0.00182527
0.00151462
0.00116145
0.000171981
0.000137576
0.000281512
0.000841513
0.00130316
0.00152066
0.0015642
0.00145795
0.00124409
0.000959518
0.000168215
0.00014131
0.000620108
0.000782376
0.00104938
0.00128664
0.00131251
0.00124196
0.00108076
0.000839521
0.000164292
0.000491471
0.00050089
0.000698407
0.00099688
0.0011715
0.0011947
0.00113902
0.000998748
0.000777429
0.000160272
0.00062987
0.000803238
0.0010009
0.00113503
0.00119051
0.00118112
0.00111051
0.000971383
0.000755046
0.000156201
0.000967056
0.000978824
0.00109243
0.00119985
0.00122668
0.00119646
0.00111891
0.000980151
0.000762072
0.00015232
0.00117109
0.00118946
0.00124767
0.00128087
0.00127921
0.0012456
0.00116284
0.00101952
0.000793675
0.000148742
0.00141562
0.00137763
0.00137715
0.0013877
0.00137571
0.00132813
0.00123328
0.0010831
0.000845648
0.000145505
0.00161873
0.00157013
0.00154533
0.00152348
0.00148758
0.00142663
0.00132396
0.00116763
0.000908248
0.000142591
0.00181924
0.0017542
0.00170626
0.00166413
0.00161418
0.00154156
0.0014322
0.00127005
0.000880006
0.000139954
0.00200803
0.00193385
0.00187254
0.00181506
0.00175148
0.00166693
0.00155193
0.00138486
0.000855997
0.000137747
0.00219199
0.00211014
0.00203807
0.00196907
0.00189443
0.00179961
0.00168003
0.00150517
0.00083537
0.000135916
0.00237284
0.00228467
0.00220407
0.00212546
0.00203974
0.00193665
0.00181287
0.00155046
0.000817116
0.000134411
0.00255374
0.00245909
0.00237035
0.00228214
0.00218458
0.00207456
0.00194493
0.00151769
0.000801409
0.00013319
0.00273738
0.00263503
0.00253717
0.00243748
0.002328
0.00221006
0.00204554
0.00148749
0.000788679
0.000132211
0.00292642
0.00281391
0.00270409
0.00258969
0.00246974
0.00234007
0.00200668
0.00145906
0.000778375
0.000131426
0.00312288
0.00299599
0.00286957
0.00273852
0.00260553
0.00243018
0.00196901
0.00143332
0.000770043
0.000130797
0.00332659
0.00317907
0.00303119
0.0028838
0.00273001
0.00238706
0.0019319
0.00140957
0.000763156
0.000130287
0.00353288
0.00335834
0.00318733
0.00301645
0.00274919
0.00234353
0.00189609
0.00138716
0.000757252
0.000129867
0.00373439
0.00352824
0.00332852
0.00306571
0.00270106
0.00229988
0.00186101
0.00136535
0.000751916
0.000129508
0.00388222
0.00362742
0.0033383
0.00301305
0.00265173
0.0022562
0.00182593
0.00134345
0.000746768
0.000129188
0.00382098
0.00356808
0.00328131
0.00295904
0.00260178
0.00221193
0.00179011
0.00132084
0.000741466
0.000128883
0.00376138
0.00350997
0.00322527
0.00290578
0.0025523
0.00216782
0.00175413
0.00129782
0.000735944
0.000128591
0.00370099
0.00345055
0.00316749
0.00285045
0.00250055
0.0021214
0.00171598
0.00127304
0.000729707
0.000128285
0.00363803
0.00338814
0.00310636
0.00279155
0.00244523
0.00207163
0.0016749
0.00124597
0.000722466
0.000127949
0.00357043
0.0033208
0.00304014
0.00272759
0.00238509
0.00201754
0.00163017
0.00121613
0.000713937
0.000127566
0.00349597
0.00324653
0.00296704
0.00265702
0.00231888
0.00195815
0.0015811
0.00118303
0.000703842
0.000127121
0.00341238
0.00316326
0.00288524
0.00257828
0.00224532
0.00189249
0.00152701
0.00114625
0.000691902
0.000126598
0.00331728
0.00306885
0.00279287
0.00248981
0.00216317
0.00181965
0.00146727
0.00110536
0.000677846
0.000125981
0.00320823
0.00296112
0.00268803
0.00239002
0.00207117
0.0017387
0.0014013
0.00106
0.000661404
0.000125251
0.00308269
0.00283782
0.00256881
0.00227736
0.00196814
0.00164883
0.0013286
0.00100987
0.000642305
0.000124385
0.00293809
0.00269673
0.00243335
0.00215033
0.00185297
0.00154933
0.0012488
0.000954705
0.000620266
0.000123354
0.00277184
0.00253568
0.00227984
0.00200753
0.00172476
0.00143977
0.00116173
0.000894326
0.000594975
0.000122117
0.00258154
0.00232722
0.00206349
0.00181298
0.00157209
0.00132017
0.0010675
0.000828592
0.000566054
0.000120615
0.00231334
0.00207314
0.00184459
0.00162434
0.00140535
0.001185
0.000966528
0.00074355
0.00053301
0.000118759
0.00203513
0.00183176
0.00163577
0.00144125
0.00124215
0.00103979
0.000839823
0.00063981
0.00048339
0.000116413
0.00176787
0.0015965
0.00142726
0.001255
0.00107675
0.000896534
0.00071958
0.000543629
0.000408484
0.000113422
0.00150286
0.00135729
0.0012113
0.00106214
0.000907824
0.000755352
0.000604169
0.000453252
0.000341454
0.000109546
0.00122875
0.00110534
0.000974233
0.00084686
0.000726954
0.000615374
0.000491509
0.000368659
0.000282675
8.84646e-05
0.000914888
0.000818344
0.000723141
0.000631855
0.000546976
0.00047083
0.00037946
0.000293165
0.000240816
8.90977e-05
0.000603872
0.00054538
0.00048814
0.000433233
0.00038017
0.000325375
0.000268707
0.000227588
0.000217107
8.65245e-05
0.000331524
0.000307968
0.000284656
0.000249161
0.000217967
0.000186807
0.000165024
0.000165201
0.000176743
6.36622e-05
0.000125366
0.00012143
0.000113387
9.50228e-05
7.34181e-05
5.8757e-05
6.85481e-05
7.21758e-05
5.35287e-05
4.11363e-05
)
;

boundaryField
{
    inlet
    {
        type            calculated;
        value           uniform 0.0145197;
    }
    outlet
    {
        type            calculated;
        value           nonuniform List<scalar> 10(0.000221747 0.000973154 0.00106202 0.00122362 0.00143696 0.00168741 0.00177537 0.001497 0.000805855 0.00018025);
    }
    walls
    {
        type            nutUBlendedWallFunction;
        blending        stepwise;
        Cmu             0.09;
        kappa           0.41;
        E               9.8;
        n               4;
        value           nonuniform List<scalar> 
446
(
8.68514e-06
8.68316e-06
8.68025e-06
8.67699e-06
8.67386e-06
8.67095e-06
8.66823e-06
8.66566e-06
8.66322e-06
8.66089e-06
8.65863e-06
8.65643e-06
8.65427e-06
8.6521e-06
8.64991e-06
8.64764e-06
8.64524e-06
8.64259e-06
8.63957e-06
8.63599e-06
8.63151e-06
8.62583e-06
8.61859e-06
8.60941e-06
8.59792e-06
8.58371e-06
8.56631e-06
8.54518e-06
8.51963e-06
8.48885e-06
8.45196e-06
8.40792e-06
8.35546e-06
8.29311e-06
8.21925e-06
8.13205e-06
8.02953e-06
7.90914e-06
7.7738e-06
7.61822e-06
7.44034e-06
7.23755e-06
7.00753e-06
6.74825e-06
6.45769e-06
6.1337e-06
5.77389e-06
5.37541e-06
4.93469e-06
4.44695e-06
3.90583e-06
3.30164e-06
2.62553e-06
1.84023e-06
9.46588e-07
1.71356e-07
3.27138e-07
5.74546e-07
5.27117e-07
8.43355e-08
4.33455e-07
7.17177e-07
7.45898e-07
2.59439e-07
5.1334e-08
6.72954e-07
1.39361e-06
2.15141e-06
2.86828e-06
3.52845e-06
4.12356e-06
4.67274e-06
5.18079e-06
5.65282e-06
6.09212e-06
6.50027e-06
6.87826e-06
7.22703e-06
7.54752e-06
7.84069e-06
8.10756e-06
8.34918e-06
8.56672e-06
8.76141e-06
8.93461e-06
9.0876e-06
9.22191e-06
9.339e-06
9.44035e-06
9.52744e-06
9.60172e-06
9.66461e-06
9.71744e-06
9.76146e-06
9.79819e-06
9.82544e-06
9.84806e-06
9.86651e-06
9.88381e-06
9.89812e-06
9.91006e-06
9.91989e-06
9.92798e-06
9.93479e-06
9.94068e-06
9.94592e-06
9.95071e-06
9.95518e-06
9.95946e-06
9.96363e-06
9.96771e-06
9.97175e-06
9.97576e-06
9.97974e-06
9.98366e-06
9.98748e-06
9.99116e-06
9.99468e-06
9.99799e-06
1.00011e-05
1.00039e-05
1.00063e-05
1.00085e-05
1.00102e-05
1.00115e-05
1.00124e-05
1.00129e-05
1.00128e-05
1.00123e-05
1.00111e-05
1.00094e-05
1.00071e-05
1.00041e-05
1.00005e-05
9.99615e-06
9.99108e-06
9.98524e-06
9.97861e-06
9.97112e-06
9.96274e-06
9.95342e-06
9.94311e-06
9.93177e-06
9.91934e-06
9.90578e-06
9.89101e-06
9.87499e-06
9.85764e-06
9.8389e-06
9.8187e-06
9.79697e-06
9.77363e-06
9.74863e-06
9.72188e-06
9.69331e-06
9.66287e-06
9.63048e-06
9.59609e-06
9.55965e-06
9.52111e-06
9.48043e-06
9.43758e-06
9.39254e-06
9.34528e-06
9.29582e-06
9.24416e-06
9.1903e-06
9.13429e-06
9.07615e-06
9.01593e-06
8.95368e-06
8.88945e-06
8.82332e-06
8.75533e-06
8.68556e-06
8.61405e-06
8.5409e-06
8.46511e-06
8.39682e-06
8.32774e-06
8.25887e-06
8.17996e-06
8.09754e-06
8.01107e-06
7.92135e-06
7.82842e-06
7.73176e-06
7.63077e-06
7.5249e-06
7.41362e-06
7.2963e-06
7.17231e-06
7.04092e-06
6.90137e-06
6.75282e-06
6.59436e-06
6.42499e-06
6.24358e-06
6.04891e-06
5.83956e-06
5.61396e-06
5.37032e-06
5.10661e-06
4.82049e-06
4.50922e-06
4.17117e-06
3.78657e-06
3.35927e-06
2.88732e-06
2.36811e-06
1.79808e-06
1.16049e-06
5.10033e-07
4.57607e-08
1.56956e-07
3.45506e-09
6.02469e-06
5.91087e-06
5.78922e-06
5.65853e-06
5.51712e-06
5.36329e-06
5.19529e-06
5.0112e-06
4.80889e-06
4.58588e-06
4.33921e-06
4.06518e-06
3.75886e-06
3.4137e-06
3.02225e-06
2.57796e-06
2.06903e-06
1.4694e-06
8.66613e-07
3.35964e-07
1.26681e-08
2.98045e-07
9.43652e-06
9.06497e-06
8.70898e-06
8.37908e-06
8.08134e-06
7.81741e-06
7.58617e-06
7.38403e-06
7.20699e-06
7.05087e-06
6.91168e-06
6.78563e-06
6.66928e-06
6.55956e-06
6.45371e-06
6.34923e-06
6.24404e-06
6.13648e-06
1.03997e-05
1.04878e-05
1.05616e-05
1.06406e-05
1.07216e-05
1.0804e-05
1.08859e-05
1.09647e-05
1.10366e-05
1.10968e-05
1.11395e-05
1.11588e-05
1.11483e-05
1.11008e-05
1.101e-05
1.08709e-05
1.06796e-05
1.04344e-05
1.01373e-05
9.79851e-06
3.15385e-06
2.61115e-06
2.30532e-06
1.87055e-06
1.41339e-06
8.75863e-07
2.15666e-07
2.56354e-07
9.00666e-07
1.41773e-06
1.82168e-06
2.08496e-06
2.23537e-06
2.23987e-06
2.20993e-06
2.15925e-06
2.00897e-06
1.79006e-06
2.08083e-07
3.96504e-06
6.0026e-08
3.02268e-07
6.44541e-07
9.22662e-07
1.12649e-06
1.26132e-06
1.33493e-06
1.35488e-06
1.32523e-06
1.25141e-06
1.13287e-06
9.66392e-07
7.24704e-07
4.29758e-07
8.65615e-08
7.68077e-08
4.61262e-07
8.69358e-07
1.38677e-06
1.83897e-06
2.57675e-06
3.13313e-06
4.36833e-06
5.09005e-06
7.59856e-06
1.70053e-08
4.89696e-08
3.52609e-07
7.54981e-07
1.13293e-06
1.47718e-06
1.78691e-06
2.06152e-06
2.30449e-06
2.5196e-06
2.71063e-06
2.881e-06
3.03371e-06
3.17131e-06
3.29592e-06
3.40932e-06
3.51299e-06
3.60816e-06
3.69585e-06
3.77692e-06
3.8521e-06
3.922e-06
3.98715e-06
4.048e-06
4.10492e-06
4.15826e-06
4.2083e-06
4.25528e-06
4.29942e-06
4.34092e-06
4.37993e-06
4.4166e-06
4.45104e-06
4.48334e-06
4.51357e-06
4.54175e-06
4.56789e-06
4.59195e-06
4.61387e-06
4.63354e-06
4.65085e-06
4.66564e-06
4.67772e-06
4.68677e-06
4.69248e-06
4.69465e-06
4.69301e-06
4.68731e-06
4.67712e-06
4.66195e-06
4.6413e-06
4.61471e-06
4.58166e-06
4.5416e-06
4.49389e-06
4.4378e-06
4.37254e-06
4.29718e-06
4.21071e-06
4.11194e-06
3.99955e-06
3.87203e-06
3.72766e-06
3.56452e-06
3.3804e-06
3.17277e-06
2.93841e-06
2.67358e-06
2.37553e-06
2.04205e-06
1.67091e-06
1.25288e-06
7.95835e-07
3.36506e-07
0
2.61115e-07
5.85954e-07
7.20995e-07
5.98095e-07
2.93555e-07
1.71009e-07
1.72926e-06
1.53926e-06
1.3432e-06
1.112e-06
8.31857e-07
5.05498e-07
1.69777e-07
1.26241e-08
3.02185e-07
6.0987e-07
8.90506e-07
1.10671e-06
1.27635e-06
1.40431e-06
1.48945e-06
1.53157e-06
1.5281e-06
1.47534e-06
1.3671e-06
1.19724e-06
9.59608e-07
6.50407e-07
2.87177e-07
4.76117e-08
8.68514e-06
8.68316e-06
8.68026e-06
8.677e-06
8.67387e-06
8.67097e-06
8.66826e-06
8.66571e-06
8.6633e-06
8.66101e-06
8.65882e-06
8.65673e-06
8.65472e-06
8.65279e-06
8.65094e-06
8.64917e-06
8.64744e-06
8.64549e-06
8.64309e-06
8.66136e-06
)
;
    }
    baffle
    {
        type            nutUBlendedWallFunction;
        blending        stepwise;
        Cmu             0.09;
        kappa           0.41;
        E               9.8;
        n               4;
        value           nonuniform List<scalar> 
78
(
1.18405e-07
3.63388e-07
6.4109e-07
9.23254e-07
1.10395e-06
1.22714e-06
1.31149e-06
1.3643e-06
1.39166e-06
1.39763e-06
1.38434e-06
1.3531e-06
1.30525e-06
1.24315e-06
1.17006e-06
1.09176e-06
1.01821e-06
9.92611e-07
7.77777e-07
3.9217e-07
7.11406e-07
4.46179e-08
1.90555e-07
4.99628e-07
8.59353e-07
1.21682e-06
1.49349e-06
1.71723e-06
1.90318e-06
2.05849e-06
2.1898e-06
2.30284e-06
2.4022e-06
2.49241e-06
2.57917e-06
2.67091e-06
2.78821e-06
2.93366e-06
3.29302e-06
1.07963e-07
4.62331e-07
5.85371e-07
5.02605e-07
2.7786e-07
1.58286e-08
4.14806e-07
8.35027e-07
1.2564e-06
1.60179e-06
1.86711e-06
2.06944e-06
2.21322e-06
2.2878e-06
2.30918e-06
2.40585e-06
2.70888e-06
2.95829e-06
2.47308e-06
1.51546e-06
1.14192e-06
1.22689e-07
3.53048e-07
6.1306e-07
8.34831e-07
9.65042e-07
1.04605e-06
1.09453e-06
1.11756e-06
1.11963e-06
1.10441e-06
1.07434e-06
1.03099e-06
9.74903e-07
9.04959e-07
8.18487e-07
7.08071e-07
6.3015e-07
6.01348e-07
)
;
    }
    front
    {
        type            empty;
    }
    back
    {
        type            empty;
    }
}


// ************************************************************************* //
