/*--------------------------------*- C++ -*----------------------------------*\
| =========                 |                                                 |
| \\      /  F ield         | OpenFOAM: The Open Source CFD Toolbox           |
|  \\    /   O peration     | Version:  v2012                                 |
|   \\  /    A nd           | Website:  www.openfoam.com                      |
|    \\/     M anipulation  |                                                 |
\*---------------------------------------------------------------------------*/
FoamFile
{
    version     2.0;
    format      ascii;
    class       volScalarField;
    location    "595";
    object      age;
}
// * * * * * * * * * * * * * * * * * * * * * * * * * * * * * * * * * * * * * //

dimensions      [0 0 1 0 0 0 0];


internalField   nonuniform List<scalar> 
6598
(
0.012502
0.0124996
0.0124997
0.0124998
0.0124998
0.0124998
0.0124998
0.0124997
0.0124996
0.012502
0.0375108
0.0374969
0.0374971
0.0374976
0.0374979
0.0374979
0.0374976
0.0374971
0.0374968
0.0375108
0.0625317
0.062493
0.0624912
0.0624919
0.0624924
0.0624924
0.0624919
0.0624912
0.0624929
0.0625317
0.0875652
0.087489
0.0874819
0.0874818
0.0874823
0.0874823
0.0874818
0.0874819
0.0874889
0.0875651
0.112611
0.112485
0.112469
0.112467
0.112467
0.112467
0.112467
0.112469
0.112485
0.112611
0.137669
0.137483
0.137454
0.137448
0.137447
0.137447
0.137448
0.137454
0.137482
0.137669
0.162738
0.16248
0.162436
0.162425
0.162422
0.162422
0.162425
0.162436
0.16248
0.162738
0.187819
0.187479
0.187415
0.187397
0.187392
0.187392
0.187397
0.187415
0.187479
0.187818
0.212909
0.212479
0.212392
0.212366
0.212358
0.212357
0.212366
0.212392
0.212478
0.212908
0.238009
0.237479
0.237367
0.237331
0.237319
0.237319
0.23733
0.237366
0.237477
0.238007
0.263119
0.26248
0.26234
0.262293
0.262276
0.262276
0.262291
0.262338
0.262478
0.263116
0.288238
0.287482
0.287311
0.287251
0.28723
0.287229
0.287249
0.287308
0.287478
0.288233
0.313366
0.312485
0.31228
0.312207
0.312179
0.312178
0.312204
0.312275
0.312479
0.313359
0.338504
0.337489
0.337248
0.337159
0.337126
0.337124
0.337154
0.33724
0.337479
0.338492
0.36365
0.362494
0.362214
0.362109
0.362069
0.362066
0.362102
0.362203
0.362479
0.363636
0.388807
0.3875
0.387179
0.387057
0.387008
0.387005
0.387046
0.387162
0.387478
0.388766
0.413973
0.412509
0.412144
0.412002
0.411945
0.411939
0.411986
0.412118
0.412476
0.413993
0.439151
0.437522
0.437109
0.436947
0.436879
0.43687
0.436921
0.437069
0.43747
0.438835
0.464342
0.462539
0.462076
0.461891
0.461811
0.461797
0.461851
0.462015
0.462462
0.465336
0.489548
0.487563
0.487046
0.486835
0.486741
0.48672
0.486774
0.486951
0.487439
0.484826
0.514412
0.512239
0.511665
0.511427
0.511316
0.511284
0.511333
0.511517
0.512045
0.533385
0.538937
0.536571
0.535937
0.535669
0.535539
0.535493
0.535534
0.535724
0.536294
0.565915
0.563489
0.560921
0.560223
0.559923
0.55977
0.559709
0.559742
0.559943
0.560545
0.597769
0.588075
0.585297
0.584529
0.584194
0.584017
0.583938
0.583964
0.584187
0.584813
0.628986
0.612703
0.609705
0.608863
0.608491
0.608288
0.60819
0.608211
0.608473
0.609118
0.659585
0.637381
0.634154
0.633233
0.632822
0.63259
0.632473
0.632494
0.632815
0.633476
0.689406
0.66212
0.658656
0.657648
0.657195
0.656934
0.656799
0.656826
0.657231
0.657903
0.718367
0.687378
0.683661
0.682558
0.682061
0.681768
0.681616
0.681656
0.682175
0.682855
0.74733
0.713172
0.709186
0.707979
0.707433
0.707108
0.70694
0.707003
0.707669
0.708349
0.775202
0.739079
0.734813
0.733492
0.732895
0.732535
0.732354
0.73245
0.733298
0.733969
0.801954
0.76512
0.760562
0.759116
0.758464
0.758069
0.757875
0.758016
0.759081
0.759739
0.82766
0.791321
0.786457
0.784873
0.784161
0.783729
0.783526
0.783719
0.785034
0.785684
0.852402
0.817711
0.812526
0.810789
0.810012
0.80954
0.809328
0.809579
0.811173
0.81182
0.876234
0.844323
0.838804
0.836895
0.836046
0.83553
0.835307
0.835619
0.837511
0.838164
0.899234
0.8712
0.865331
0.863226
0.862297
0.861732
0.861496
0.861864
0.864064
0.864729
0.921498
0.898392
0.892154
0.889828
0.888807
0.888188
0.887931
0.888345
0.890848
0.891534
0.943156
0.925957
0.919331
0.916753
0.915626
0.914944
0.914658
0.915101
0.917882
0.918607
0.964424
0.953967
0.946932
0.944066
0.942816
0.942062
0.941735
0.942178
0.945195
0.945987
0.985591
0.98251
0.975041
0.971844
0.970449
0.969611
0.969229
0.969639
0.972825
0.973732
1.007
1.01169
1.00376
1.00018
0.998614
0.99768
0.997225
0.997562
1.00083
1.00191
1.02902
1.04163
1.03321
1.0292
1.02742
1.02637
1.02583
1.02605
1.02928
1.03061
1.05172
1.07249
1.06354
1.05902
1.05699
1.05581
1.05516
1.05522
1.0583
1.05997
1.0744
1.10447
1.09493
1.08983
1.08749
1.08615
1.08537
1.08523
1.08801
1.09021
1.09735
1.13778
1.1276
1.12183
1.11911
1.11757
1.11665
1.11629
1.1186
1.12154
1.12072
1.17275
1.16183
1.15528
1.15208
1.1503
1.14921
1.14862
1.15029
1.15431
1.14404
1.20975
1.19796
1.1905
1.1867
1.18459
1.18331
1.18249
1.18336
1.18875
1.17125
1.24929
1.23645
1.22789
1.22334
1.2208
1.21926
1.21824
1.21821
1.22426
1.20991
1.29207
1.27789
1.268
1.26247
1.25935
1.25745
1.25625
1.25537
1.26077
1.25369
1.33908
1.32311
1.31151
1.30472
1.30079
1.29839
1.29694
1.29546
1.29907
1.29838
1.39179
1.37332
1.35943
1.35093
1.34585
1.34271
1.34087
1.33906
1.34051
1.34285
1.45257
1.43032
1.41315
1.40226
1.39554
1.3913
1.38877
1.38675
1.38645
1.38874
1.52572
1.49733
1.47507
1.46055
1.45134
1.44541
1.44175
1.43929
1.43791
1.43878
1.61964
1.579
1.54796
1.52794
1.51513
1.50675
1.50135
1.49794
1.4958
1.49528
1.7591
1.6925
1.64226
1.61069
1.59089
1.57815
1.56991
1.56472
1.56156
1.56
1.99973
1.84419
1.76089
1.71203
1.68299
1.66409
1.65132
1.64291
1.63771
1.63489
4.63604
2.57721
2.01238
1.86438
1.80125
1.77076
1.75235
1.73965
1.73087
1.72528
13.2764
7.87771
3.86216
2.26823
1.97073
1.89976
1.87027
1.85554
1.84643
1.84029
12.1315
11.9976
8.76267
4.98579
3.00421
2.2284
2.05337
2.00218
1.97821
1.96679
11.6325
11.4155
11.4384
8.82679
6.10395
4.16071
3.11657
2.59281
2.3752
2.28197
11.1733
10.269
9.85686
9.09912
7.76512
6.56581
5.68136
5.00801
4.51185
4.15754
131.516
155.167
155.668
158.352
160.987
164.449
168.343
172.387
176.715
181.117
184.813
187.59
189.507
190.686
191.201
191.344
191.48
191.616
191.755
191.899
192.056
192.234
192.459
192.842
195.001
127.871
149.338
145.779
148.165
152.745
160.09
170.431
183.08
197.222
211.793
225.586
237.6
247.099
253.739
257.483
258.073
255.234
249.04
239.897
228.592
216.489
205.531
197.713
194.01
194.543
121.184
146.774
144.733
144.748
147.114
154.622
168.799
189.073
214.108
242.052
270.26
295.899
316.882
332.057
340.929
343.306
339.324
329.013
312.465
290.16
263.627
236.235
213.146
198.651
194.602
114.176
145.85
144.66
144.511
144.655
149.212
163.644
188.568
222.611
263.573
307.159
347.955
382.233
407.845
423.583
428.786
423.391
407.95
383.38
350.782
311.752
269.761
231.65
205.276
195.159
106.978
145.732
145.018
144.692
144.324
145.627
156.451
181.803
220.218
269.759
325.199
378.842
425.35
461.484
484.951
494.904
489.482
469.759
437.949
396.559
347.95
295.542
246.544
210.897
195.743
98.7748
145.945
146.062
145.626
144.319
144.183
149.687
170.675
207.952
259.523
320.084
381.245
435.998
480.056
510.335
526.614
521.055
499.991
464.333
418.297
364.91
307.633
253.754
213.845
196.109
90.0384
145.307
148.052
148.069
145.323
143.959
145.349
158.561
189.485
236.514
295.343
357.281
414.274
461.189
494.486
511.127
510.767
491.39
457.406
412.506
360.045
304.124
252.128
213.595
196.315
80.9225
143.387
150.389
151.792
148.001
144.272
143.726
149.148
169.598
206.421
256.82
313.14
366.577
411.175
443.651
461.519
462.758
447.231
418.443
378.852
332.35
283.958
240.903
211.051
198.907
71.6154
140.066
152.338
156.655
152.984
146.472
143.539
144.237
153.317
176.328
212.887
258.054
303.458
342.101
369.827
385.167
387.497
376.876
354.856
324.498
290.041
256.604
229.221
209.572
189.541
62.4457
135.244
153.814
161.517
159.589
151.574
144.97
143.211
144.902
153.886
173.857
203.5
237.06
268.489
292.243
305.884
309.214
303.016
288.807
268.892
245.948
222.047
197.658
172.128
147.541
53.6178
128.968
154.882
165.981
167.441
159.67
149.929
144.233
143.114
144.189
149.392
161.603
179.159
199.002
216.723
228.475
232.569
229.116
219.606
205.327
187.946
169.29
151.701
139.102
132.964
45.303
120.859
154.889
169.673
175.804
170.462
159.848
149.867
144.319
142.659
142.539
143.693
146.851
151.687
157.257
161.769
163.48
161.806
157.086
150.845
144.533
139.087
136.018
135.844
140.287
37.5738
111.532
153.46
172.421
183.905
182.827
174.063
162.935
153.143
146.607
142.874
141.016
140.293
140.214
140.139
140.061
139.98
139.892
139.804
139.711
139.625
139.817
143.604
152.689
168.121
30.4636
101.261
150.28
174.111
191.047
195.566
190.702
181.405
171.469
162.776
155.918
150.898
147.495
145.451
144.31
143.778
143.72
144.103
145.163
147.546
152.482
160.803
173.717
190.006
209.468
23.9988
90.281
145.131
174.461
196.748
207.796
208.246
202.443
194.286
186.122
178.905
172.941
168.359
165.191
163.428
163.07
164.14
166.892
171.695
179.026
189.182
202.018
217.701
235.542
255.247
18.1456
78.3692
137.736
173.117
200.41
218.733
225.9
225.18
220.806
215.351
210.154
205.749
202.401
200.315
199.657
200.576
203.324
208.111
215.096
224.369
235.875
249.455
264.939
282.078
300.683
13.2577
65.6271
127.76
169.56
201.437
226.931
241.206
246.552
246.94
245.282
243.209
241.507
240.541
240.545
241.731
244.342
248.566
254.523
262.272
271.808
283.068
295.968
310.41
326.311
343.57
9.45406
52.5352
114.948
163.057
199.355
231.278
252.96
264.973
270.792
273.408
274.788
275.994
277.555
279.768
282.847
286.981
292.311
298.932
306.891
316.205
326.875
338.896
352.259
366.945
382.91
6.61779
39.7535
99.3195
152.765
193.74
230.622
259.878
278.821
290.528
297.864
303.008
307.251
311.311
315.582
320.321
325.714
331.901
338.981
347.028
356.093
366.223
377.458
389.838
403.387
418.102
4.5857
28.0321
81.3261
137.892
183.822
224.443
260.296
286.563
304.55
317.062
326.289
333.759
340.378
346.68
353
359.562
366.53
374.031
382.167
391.023
400.675
411.189
422.626
435.045
448.478
3.19751
18.0739
62.2061
118.263
168.575
212.444
252.851
286.388
311.065
329.124
342.908
353.919
363.321
371.801
379.793
387.585
395.381
403.341
411.596
420.263
429.448
439.241
449.724
460.975
473.055
2.30338
10.4592
42.8105
94.3198
147.086
194.112
237.279
276.159
307.877
332.115
350.667
365.698
378.268
389.2
399.067
408.246
416.987
425.486
433.907
442.403
451.114
460.165
469.666
479.71
490.38
1.75738
5.90285
25.892
68.0282
119.238
168.548
213.709
255.417
292.414
323.076
347.323
366.713
382.731
396.43
408.5
419.309
429.168
438.324
446.991
455.364
463.63
471.96
480.493
489.343
498.603
1.4516
3.47709
13.5226
43.0736
87.1717
135.545
181.881
224.889
264.397
299.508
329.288
353.814
373.953
390.768
405.178
417.775
428.941
438.953
448.055
456.481
464.459
472.198
479.869
487.605
495.519
1.30217
2.25151
6.19869
22.5399
55.004
97.2509
141.996
185.097
225.256
262.055
294.981
323.628
348.026
368.608
386
400.806
413.515
424.53
434.207
442.861
450.769
458.161
465.213
472.066
478.843
1.24318
1.64166
3.12094
9.6302
28.5776
59.3976
97.366
137.445
176.462
213.014
246.55
276.784
303.583
326.999
347.233
364.56
379.298
391.825
402.548
411.842
420.032
427.382
434.103
440.36
446.286
1.2366
1.37512
1.94527
3.68407
11.3048
28.8884
55.3192
87.3513
121.522
155.331
187.369
216.969
243.864
268.002
289.414
308.14
324.303
338.15
349.995
360.158
368.933
376.583
383.329
389.355
394.809
1.25465
1.2995
1.46537
1.94558
3.66913
10.2648
24.0421
44.3196
69.082
96.0472
123.343
149.714
174.439
197.183
217.787
236.148
252.285
266.326
278.467
288.928
297.932
305.693
312.406
318.243
323.344
1.29318
1.30273
1.33134
1.44883
1.58793
2.58221
6.5884
15.3631
28.9684
46.0713
65.2065
85.1001
104.789
123.637
141.235
157.311
171.746
184.537
195.756
205.519
213.965
221.242
227.493
232.858
237.449
1.34049
1.33922
1.34094
1.35933
1.40442
1.52996
1.64272
2.91137
6.58139
13.2016
22.9408
34.5308
47.0832
59.911
72.4792
84.4063
95.4521
105.49
114.478
122.427
129.388
135.433
140.643
145.109
148.903
1.38989
1.38937
1.38557
1.38114
1.38869
1.41783
1.46088
1.55066
1.63886
1.84205
3.32835
6.20747
10.4366
15.8317
22.2117
28.9325
35.559
41.8598
47.7054
53.0235
57.7866
61.998
65.678
68.8613
71.5806
1.44096
1.44295
1.44304
1.43957
1.43599
1.43663
1.44623
1.47099
1.50571
1.55429
1.61261
1.66346
1.71596
1.76665
2.2406
3.15401
4.41025
5.90663
7.54696
9.24587
10.9349
12.5618
14.0879
15.4876
16.7472
1.49661
1.49923
1.50226
1.50405
1.5041
1.50175
1.5014
1.5034
1.51547
1.52923
1.55415
1.58277
1.61373
1.64313
1.68717
1.72282
1.7552
1.7873
1.81926
1.85106
1.88266
1.914
1.94506
1.9758
2.00624
1.56012
1.56188
1.56513
1.56927
1.57353
1.57667
1.57908
1.581
1.58289
1.58764
1.5956
1.60769
1.6247
1.64118
1.66066
1.6837
1.70782
1.73236
1.75709
1.78192
1.80678
1.83165
1.85649
1.88135
1.90596
1.63396
1.63468
1.63702
1.64089
1.64607
1.65207
1.65836
1.66473
1.67062
1.67674
1.68345
1.69099
1.69988
1.71087
1.72323
1.73717
1.75262
1.76941
1.78713
1.80671
1.82737
1.84741
1.86739
1.88743
1.90799
1.72235
1.72156
1.72259
1.7253
1.7296
1.73538
1.7424
1.75044
1.75921
1.76851
1.77826
1.78844
1.79904
1.81034
1.8224
1.83523
1.84887
1.86331
1.87853
1.89439
1.9109
1.92806
1.9458
1.96406
1.98275
1.83639
1.83441
1.83412
1.83545
1.83832
1.84269
1.84848
1.8556
1.86393
1.87336
1.88373
1.89494
1.90688
1.91948
1.9327
1.94651
1.96089
1.97581
1.99125
2.00717
2.02354
2.04034
2.05753
2.07509
2.09299
1.96245
1.96188
1.9635
1.96663
1.97098
1.97642
1.9829
1.99038
1.99883
2.00824
2.01856
2.02973
2.0417
2.0544
2.06778
2.08179
2.09636
2.11145
2.12702
2.14302
2.15941
2.17617
2.19324
2.21061
2.22825
2.23596
2.21057
2.19603
2.1883
2.18515
2.18528
2.18789
2.19249
2.19874
2.20638
2.21525
2.22521
2.23614
2.24795
2.26056
2.27388
2.28784
2.3024
2.31748
2.33303
2.34901
2.36537
2.38208
2.39908
2.41643
3.91992
3.76104
3.64943
3.56759
3.50568
3.45811
3.42142
3.39326
3.37199
3.35636
3.34544
3.3385
3.33495
3.33432
3.33619
3.34023
3.34617
3.35378
3.36286
3.37323
3.38473
3.39723
3.41061
3.42476
3.43968
197.321
164.796
127.394
156.536
135.339
127.601
132.316
129.216
133.93
132.926
140.14
154.438
150.977
168.169
187.363
186.605
206.663
227.891
229.826
250.171
271.522
275.099
294.696
315.165
319.344
337.792
357.071
360.937
378.169
396.246
399.02
415.059
431.949
432.962
447.788
463.438
462.029
475.557
489.855
485.199
497.313
510.12
501.038
511.64
522.834
507.759
516.794
526.273
503.183
510.641
518.402
485.212
491.248
497.409
451.651
456.559
461.422
399.534
403.674
407.618
327.6
331.174
334.436
241.181
244.213
246.878
151.953
154.386
156.476
73.7702
75.5126
76.9993
17.7908
18.6567
19.4153
2.03265
2.05874
2.08459
1.92983
1.9525
1.97475
1.92789
1.94679
1.96587
2.0006
2.01754
2.03469
2.11005
2.12621
2.14256
2.24501
2.26084
2.27682
2.43247
2.44795
2.46354
3.45323
3.46709
3.48121
165.62
131.967
126.01
125.331
124.967
124.741
124.595
124.468
124.351
124.243
124.143
124.048
123.959
123.873
123.79
123.711
123.634
123.558
123.485
123.413
123.342
123.272
123.204
123.136
123.069
123.002
122.936
122.871
122.806
122.741
122.676
122.612
122.547
122.483
122.418
122.353
122.288
122.223
122.157
122.091
122.024
121.956
121.887
121.817
121.746
121.673
121.598
121.521
121.441
121.356
121.265
121.162
121.053
120.972
120.921
120.858
120.811
120.785
120.793
120.81
120.903
121.067
121.261
121.397
121.649
121.973
122.415
122.907
123.357
123.714
123.96
124.087
124.192
124.295
124.401
124.513
124.639
124.786
125.093
126.487
138.638
127.764
125.716
125.354
125.215
125.218
125.322
125.497
125.734
126.017
126.331
126.662
127.002
127.34
127.671
127.991
128.295
128.583
128.852
129.101
129.331
129.541
129.73
129.899
130.048
130.177
130.284
130.371
130.437
130.481
130.504
130.503
130.478
130.429
130.352
130.234
130.071
129.862
129.605
129.294
128.929
128.512
128.042
127.52
126.948
126.327
125.663
124.963
124.237
123.5
122.769
122.07
121.427
120.878
120.491
120.328
120.182
119.995
119.825
119.752
119.692
119.78
120.063
120.565
121.543
122.935
124.833
127.107
129.487
131.637
133.254
134.136
134.091
133.157
131.494
129.423
127.422
126
125.375
126.262
131.234
126.455
125.765
125.676
126.012
126.766
128.001
129.696
131.76
134.094
136.601
139.193
141.802
144.376
146.877
149.28
151.57
153.736
155.775
157.683
159.462
161.112
162.636
164.034
165.309
166.461
167.492
168.399
169.184
169.844
170.376
170.778
171.045
171.174
171.162
171.017
170.731
170.296
169.701
168.934
167.988
166.855
165.522
163.98
162.216
160.219
157.977
155.482
152.726
149.706
146.425
142.898
139.153
135.253
131.332
127.738
124.589
122.08
120.397
119.706
119.491
119.369
119.454
119.916
121.202
123.442
127.028
131.815
137.238
142.521
146.767
149.316
149.709
147.959
144.211
139.033
133.483
128.946
126.272
126.264
128.9
126.215
125.997
126.729
128.603
131.742
136.066
141.264
147.045
153.111
159.228
165.225
170.991
176.458
181.594
186.386
190.836
194.956
198.761
202.268
205.494
208.457
211.171
213.649
215.904
217.943
219.776
221.406
222.837
224.071
225.107
225.943
226.574
226.997
227.203
227.185
226.937
226.445
225.693
224.666
223.348
221.721
219.766
217.461
214.785
211.713
208.222
204.287
199.884
194.992
189.591
183.67
177.226
170.272
162.85
155.044
147.013
139.028
131.561
125.535
121.419
119.357
119.171
119.149
119.839
121.801
125.7
131.8
139.507
147.758
154.892
158.927
160.063
158.357
153.97
146.743
138.575
131.572
127.22
126.419
128.045
126.249
126.841
129.576
134.601
141.806
150.63
160.389
170.512
180.567
190.275
199.477
208.098
216.115
223.54
230.399
236.731
242.572
247.962
252.936
257.525
261.756
265.655
269.239
272.526
275.529
278.256
280.715
282.909
284.839
286.504
287.901
289.023
289.862
290.408
290.649
290.571
290.158
289.389
288.245
286.702
284.736
282.32
279.425
276.022
272.076
267.557
262.428
256.656
250.208
243.051
235.159
226.512
217.102
206.94
196.061
184.531
172.492
160.194
148.053
136.77
127.46
121.625
119.063
118.896
119.38
121.423
126.176
133.388
142.293
150.782
156.534
159.163
159.386
155.004
147.903
139.629
132.282
127.573
126.629
127.625
126.508
129.106
135.379
145.126
157.478
171.298
185.597
199.701
213.219
225.959
237.851
248.895
259.13
268.607
277.385
285.521
293.067
300.071
306.576
312.617
318.227
323.432
328.253
332.709
336.814
340.576
344.004
347.101
349.866
352.298
354.39
356.135
357.522
358.537
359.165
359.386
359.181
358.527
357.397
355.763
353.594
350.859
347.522
343.547
338.895
333.528
327.405
320.487
312.733
304.107
294.574
284.107
272.686
260.308
246.994
232.758
217.655
201.818
185.465
168.991
153.027
138.602
127.43
121.021
118.761
118.622
119.839
123.336
129.728
137.406
144.469
148.979
149.873
147.445
142.711
136.688
131.074
127.55
126.785
127.262
127.552
133.839
145.491
160.986
178.653
197.044
215.177
232.515
248.841
264.098
278.311
291.538
303.849
315.317
326.006
335.978
345.288
353.986
362.113
369.709
376.806
383.431
389.608
395.354
400.685
405.61
410.136
414.265
417.997
421.328
424.249
426.749
428.816
430.431
431.575
432.225
432.355
431.939
430.946
429.343
427.094
424.163
420.509
416.091
410.868
404.797
397.835
389.939
381.071
371.192
360.268
348.274
335.191
321.017
305.776
289.462
272.096
253.753
234.542
214.691
194.523
174.53
155.548
138.951
126.957
120.308
118.128
118.01
119.373
122.821
127.961
133.731
136.427
136.713
134.893
132.009
129.17
127.597
127.369
127.344
131.489
144.277
162.275
183.362
205.524
227.478
248.529
268.399
287.045
304.507
320.857
336.173
350.53
363.994
376.631
388.499
399.649
410.13
419.984
429.25
437.96
446.142
453.818
461.007
467.723
473.975
479.767
485.101
489.972
494.375
498.297
501.724
504.637
507.015
508.833
510.061
510.669
510.624
509.89
508.431
506.207
503.175
499.294
494.518
488.806
482.112
474.395
465.615
455.734
444.718
432.539
419.177
404.62
388.874
371.961
353.896
334.714
314.488
293.313
271.344
248.77
225.835
202.908
180.556
159.66
141.613
128.484
120.544
116.973
116.755
116.658
119.203
122.834
126.385
128.71
129.276
128.635
128.115
123.272
131.577
144.195
163.769
187.211
212.356
237.509
261.822
284.935
306.772
327.374
346.809
365.147
382.457
398.802
414.24
428.831
442.625
455.675
468.024
479.713
490.78
501.254
511.163
520.526
529.361
537.677
545.481
552.774
559.553
565.809
571.529
576.697
581.29
585.284
588.648
591.349
593.351
594.615
595.098
594.757
593.55
591.433
588.361
584.288
579.171
572.969
565.641
557.154
547.474
536.575
524.434
511.036
496.371
480.441
463.257
444.844
425.238
404.491
382.688
359.938
336.39
312.218
287.629
262.868
238.24
214.128
191.04
169.623
150.715
135.311
125.025
118.019
113.641
111.321
110.401
110.253
110.077
109.34
107.763
106.106
146.868
167.439
192.18
219.053
246.353
273.056
298.735
323.248
346.597
368.823
389.971
410.092
429.233
447.446
464.781
481.288
497.016
512.009
526.311
539.958
552.982
565.411
577.268
588.567
599.322
609.536
619.209
628.336
636.905
644.899
652.295
659.066
665.178
670.593
675.269
679.16
682.215
684.38
685.602
685.824
684.991
683.053
679.96
675.664
670.125
663.306
655.181
645.729
634.939
622.806
609.334
594.535
578.427
561.036
542.394
522.54
501.523
479.408
456.278
432.244
407.447
382.062
356.294
330.383
304.602
279.256
254.678
231.232
209.319
189.376
171.83
157.077
145.206
136.138
129.69
125.727
123.814
123.919
126.385
132.101
174.4
199.78
227.345
255.646
283.694
311.026
337.455
362.924
387.426
410.969
433.571
455.257
476.063
496.027
515.194
533.607
551.31
568.342
584.741
600.54
615.765
630.437
644.572
658.18
671.262
683.816
695.831
707.288
718.164
728.427
738.039
746.954
755.121
762.481
768.97
774.521
779.06
782.512
784.801
785.851
785.588
783.942
780.855
776.275
770.162
762.491
753.249
742.441
730.088
716.225
700.899
684.172
666.111
646.791
626.289
604.683
582.052
558.477
534.047
508.867
483.06
456.775
430.194
403.531
377.028
350.958
325.609
301.288
278.31
256.999
237.666
220.612
206.102
194.35
185.544
179.839
177.395
178.438
183.416
192.631
210.983
238.318
266.618
294.988
322.996
350.451
377.254
403.347
428.694
453.273
477.083
500.137
522.46
544.086
565.052
585.397
605.161
624.379
643.083
661.298
679.045
696.338
713.184
729.582
745.524
760.993
775.963
790.401
804.264
817.498
830.044
841.829
852.776
862.795
871.791
879.662
886.302
891.6
895.447
897.735
898.362
897.235
894.268
889.4
882.588
873.815
863.088
850.443
835.941
819.669
801.74
782.28
761.432
739.346
716.173
692.058
667.14
641.543
615.384
588.773
561.822
534.654
507.412
480.268
453.427
427.123
401.615
377.175
354.085
332.623
313.066
295.684
280.743
268.508
259.257
253.232
250.642
251.659
256.474
264.993
252.506
279.877
307.708
335.529
363.149
390.456
417.367
443.809
469.729
495.096
519.901
544.153
567.873
591.093
613.846
636.17
658.099
679.665
700.895
721.808
742.419
762.732
782.745
802.445
821.811
840.808
859.396
877.518
895.109
912.09
928.37
943.847
958.404
971.915
984.24
995.233
1004.74
1012.6
1018.66
1022.75
1024.75
1024.51
1021.93
1016.91
1009.4
999.386
986.895
971.995
954.796
935.451
914.144
891.089
866.52
840.681
813.819
786.173
757.966
729.398
700.643
671.847
643.135
614.617
586.397
558.593
531.343
504.819
479.221
454.78
431.743
410.366
390.901
373.594
358.687
346.424
337.043
330.722
327.557
327.552
330.625
336.489
295.583
322.066
348.981
376.063
403.159
430.147
456.953
483.512
509.776
535.717
561.33
586.626
611.626
636.363
660.869
685.179
709.328
733.342
757.245
781.052
804.77
828.396
851.916
875.308
898.534
921.547
944.285
966.672
988.617
1010.01
1030.74
1050.66
1069.61
1087.42
1103.9
1118.84
1132.03
1143.25
1152.27
1158.87
1162.85
1164.03
1162.25
1157.38
1149.34
1138.12
1123.78
1106.42
1086.19
1063.31
1038.06
1010.75
981.71
951.297
919.864
887.751
855.28
822.74
790.383
758.423
727.029
696.332
666.435
637.421
609.369
582.37
556.536
532.007
508.956
487.575
468.067
450.642
435.506
422.877
412.955
405.84
401.513
399.848
400.627
403.54
338.081
363.391
389.285
415.561
442.044
468.582
495.108
521.588
547.993
574.311
600.545
626.709
652.829
678.939
705.071
731.26
757.539
783.932
810.461
837.136
863.958
890.918
917.994
945.153
972.35
999.523
1026.6
1053.48
1080.06
1106.22
1131.79
1156.61
1180.48
1203.18
1224.45
1244.03
1261.63
1276.94
1289.66
1299.49
1306.13
1309.32
1308.87
1304.58
1296.3
1284.05
1267.94
1248.15
1224.88
1198.41
1169.07
1137.28
1103.48
1068.15
1031.73
994.684
957.415
920.301
883.67
847.802
812.921
779.205
746.782
715.744
686.154
658.06
631.504
606.538
583.232
561.676
541.98
524.269
508.688
495.418
484.613
476.304
470.396
466.701
464.948
464.811
378.742
402.836
427.67
453.056
478.812
504.775
530.87
557.089
583.436
609.913
636.535
663.321
690.3
717.506
744.972
772.732
800.816
829.248
858.045
887.214
916.753
946.648
976.874
1007.39
1038.16
1069.1
1100.15
1131.2
1162.14
1192.82
1223.07
1252.69
1281.45
1309.07
1335.25
1359.62
1381.84
1401.5
1418.21
1431.59
1441.27
1446.92
1448.3
1445.22
1437.34
1424.64
1407.19
1385.26
1359.32
1329.71
1296.78
1260.99
1222.91
1183.07
1142.04
1100.36
1058.53
1017
976.165
936.346
897.819
860.795
825.434
791.844
760.1
730.243
702.294
676.258
652.137
629.932
609.654
591.327
575.021
560.86
548.924
539.178
531.475
525.578
521.179
517.922
416.686
439.539
463.237
487.606
512.485
537.718
563.214
588.973
615.022
641.38
668.069
695.112
722.539
750.381
778.669
807.435
836.703
866.495
896.823
927.691
959.093
991.015
1023.43
1056.3
1089.58
1123.21
1157.1
1191.16
1225.27
1259.26
1292.95
1326.1
1358.43
1389.6
1419.25
1446.97
1472.32
1494.89
1514.22
1529.9
1541.54
1548.84
1551.75
1550.49
1545.39
1535.71
1520.39
1498.6
1471.31
1439.61
1404.38
1366.02
1325.14
1282.31
1238.12
1193.18
1148.06
1103.26
1059.24
1016.36
974.922
935.167
897.273
861.365
827.523
795.793
766.188
738.7
713.304
689.96
668.618
649.236
631.823
616.431
603.056
591.602
581.882
573.63
566.509
560.15
451.129
472.66
495.096
518.283
542.088
566.375
591.045
616.083
641.522
667.388
693.704
720.494
747.783
775.599
803.965
832.907
862.442
892.584
923.34
954.709
986.684
1019.25
1052.36
1086
1120.11
1154.64
1189.49
1224.58
1259.78
1294.92
1329.81
1364.2
1397.79
1430.24
1461.18
1490.2
1516.86
1540.64
1560.78
1575.86
1583.66
1585.83
1584.2
1582.21
1579.89
1577.18
1572.37
1560.5
1537.79
1506.16
1470.89
1432.38
1391.28
1348.1
1303.41
1257.78
1211.8
1166.01
1120.9
1076.85
1034.19
993.186
954.029
916.864
881.785
848.844
818.054
789.398
762.836
738.315
715.768
695.139
676.413
659.586
644.594
631.297
619.476
608.839
599.033
589.677
481.259
501.326
522.322
544.12
566.609
589.666
613.195
637.158
661.572
686.459
711.836
737.722
764.137
791.098
818.621
846.716
875.392
904.652
934.496
964.913
995.881
1027.37
1059.36
1091.81
1124.67
1157.88
1191.35
1224.99
1258.69
1292.28
1325.6
1358.41
1390.47
1421.47
1451.08
1478.95
1504.68
1527.95
1548.03
1562.42
1571.4
1576.45
1578.86
1579.77
1579.08
1576.07
1569.21
1556.62
1536.89
1509.42
1477.37
1442.01
1404.01
1363.86
1322.03
1279.07
1235.49
1191.81
1148.52
1106.01
1064.62
1024.61
986.2
949.539
914.75
881.905
851.034
822.128
795.145
770.026
746.701
725.122
705.269
687.111
670.572
655.506
641.695
628.839
616.567
604.482
506.166
524.581
543.916
564.067
584.939
606.418
628.399
650.832
673.709
697.035
720.817
745.061
769.77
794.943
820.589
846.714
873.313
900.378
927.897
955.854
984.218
1012.95
1042.03
1071.4
1101.02
1130.82
1160.72
1190.63
1220.45
1250.04
1279.26
1307.95
1335.89
1362.87
1388.62
1412.86
1435.3
1455.65
1474.45
1490.32
1502.64
1511.38
1516.64
1518.31
1516.16
1510
1499.64
1485.01
1466.19
1443.53
1417.39
1388.15
1356.23
1322.06
1286.1
1248.83
1210.71
1172.19
1133.68
1095.53
1058.06
1021.53
986.153
952.088
919.473
888.406
858.935
831.072
804.8
780.074
756.838
735.054
714.699
695.734
678.085
661.63
646.184
631.48
617.16
602.82
524.748
541.289
558.706
576.911
595.821
615.318
635.293
655.673
676.424
697.539
719.015
740.847
763.023
785.529
808.36
831.511
854.969
878.718
902.737
927.004
951.489
976.156
1000.97
1025.87
1050.82
1075.75
1100.6
1125.29
1149.73
1173.82
1197.43
1220.45
1242.74
1264.13
1284.43
1303.45
1320.99
1336.8
1350.74
1362.61
1372.15
1379.08
1383.19
1384.24
1382.19
1377
1368.63
1357.1
1342.49
1324.95
1304.65
1281.83
1256.76
1229.75
1201.11
1171.17
1140.28
1108.76
1076.92
1045.06
1013.42
982.238
951.704
921.973
893.178
865.422
838.767
813.246
788.862
765.6
743.433
722.34
702.302
683.29
665.244
648.07
631.625
615.69
599.944
584.001
535.614
550.068
565.308
581.25
597.812
614.888
632.372
650.185
668.276
686.617
705.193
723.987
742.982
762.157
781.493
800.972
820.578
840.289
860.083
879.935
899.819
919.707
939.564
959.351
979.02
998.518
1017.79
1036.79
1055.43
1073.64
1091.33
1108.4
1124.77
1140.32
1154.92
1168.46
1180.79
1191.77
1201.25
1209.1
1215.18
1219.36
1221.52
1221.55
1219.39
1215.02
1208.41
1199.58
1188.57
1175.46
1160.35
1143.37
1124.68
1104.46
1082.91
1060.24
1036.65
1012.36
987.582
962.514
937.345
912.242
887.351
862.798
838.696
815.137
792.187
769.885
748.254
727.298
707.012
687.391
668.426
650.098
632.368
615.171
598.408
581.916
565.424
548.579
537.067
549.247
562.057
575.456
589.365
603.683
618.318
633.193
648.251
663.451
678.762
694.16
709.622
725.126
740.652
756.177
771.683
787.147
802.547
817.862
833.073
848.159
863.094
877.852
892.395
906.682
920.674
934.329
947.592
960.403
972.703
984.433
995.527
1005.92
1015.53
1024.29
1032.11
1038.91
1044.62
1049.15
1052.43
1054.38
1054.94
1054.06
1051.72
1047.89
1042.56
1035.74
1027.45
1017.72
1006.62
994.209
980.577
965.82
950.046
933.373
915.924
897.824
879.199
860.173
840.864
821.379
801.814
782.256
762.784
743.467
724.36
705.502
686.917
668.618
650.612
632.899
615.478
598.339
581.458
564.794
548.286
531.822
515.194
498.094
527.19
537.057
547.361
558.092
569.202
580.612
592.242
604.027
615.911
627.854
639.82
651.78
663.708
675.583
687.384
699.094
710.695
722.169
733.498
744.663
755.65
766.443
777.024
787.375
797.468
807.276
816.769
825.919
834.693
843.052
850.96
858.379
865.274
871.605
877.331
882.412
886.805
890.467
893.357
895.432
896.656
896.992
896.411
894.892
892.415
888.967
884.541
879.14
872.771
865.452
857.208
848.073
838.088
827.3
815.764
803.538
790.687
777.276
763.373
749.044
734.355
719.367
704.135
688.712
673.144
657.476
641.743
625.975
610.19
594.402
578.619
562.843
547.077
531.317
515.549
499.751
483.888
467.894
451.621
434.818
504.281
511.913
519.804
527.955
536.341
544.917
553.627
562.418
571.245
580.073
588.871
597.615
606.283
614.855
623.313
631.642
639.829
647.859
655.717
663.388
670.86
678.122
685.161
691.965
698.516
704.797
710.788
716.473
721.833
726.846
731.492
735.75
739.602
743.028
746.006
748.517
750.54
752.054
753.038
753.473
753.342
752.629
751.316
749.39
746.84
743.657
739.835
735.374
730.273
724.538
718.178
711.205
703.636
695.488
686.786
677.553
667.817
657.608
646.955
635.89
624.445
612.649
600.53
588.116
575.433
562.506
549.357
536.005
522.465
508.747
494.861
480.811
466.601
452.232
437.698
422.989
408.091
392.969
377.531
361.587
466.696
472.415
478.212
484.103
490.088
496.151
502.264
508.394
514.51
520.588
526.607
532.549
538.4
544.146
549.773
555.272
560.631
565.841
570.89
575.768
580.465
584.975
589.289
593.398
597.292
600.962
604.395
607.581
610.511
613.172
615.554
617.645
619.437
620.918
622.078
622.908
623.397
623.538
623.32
622.733
621.764
620.403
618.64
616.464
613.868
610.843
607.383
603.483
599.138
594.345
589.104
583.416
577.283
570.709
563.699
556.262
548.406
540.143
531.485
522.445
513.039
503.281
493.188
482.775
472.058
461.054
449.779
438.247
426.472
414.464
402.232
389.783
377.123
364.255
351.18
337.896
324.399
310.679
296.68
282.276
411.728
416.027
420.243
424.408
428.542
432.651
436.729
440.764
444.744
448.655
452.485
456.226
459.869
463.407
466.833
470.141
473.325
476.379
479.297
482.073
484.701
487.177
489.495
491.651
493.639
495.454
497.089
498.538
499.796
500.855
501.709
502.353
502.779
502.983
502.957
502.695
502.191
501.434
500.417
499.133
497.572
495.727
493.591
491.154
488.409
485.35
481.968
478.258
474.214
469.832
465.108
460.039
454.625
448.865
442.761
436.315
429.533
422.419
414.981
407.229
399.171
390.819
382.185
373.281
364.119
354.712
345.073
335.214
325.147
314.882
304.425
293.786
282.969
271.98
260.821
249.494
238.004
226.35
214.504
202.389
337.676
340.907
343.93
346.789
349.518
352.14
354.67
357.111
359.467
361.734
363.912
365.998
367.99
369.885
371.681
373.376
374.967
376.452
377.827
379.091
380.239
381.27
382.179
382.965
383.625
384.154
384.545
384.796
384.9
384.855
384.656
384.298
383.778
383.091
382.232
381.198
379.982
378.579
376.985
375.194
373.199
370.996
368.579
365.941
363.079
359.986
356.659
353.093
349.285
345.231
340.931
336.383
331.586
326.542
321.252
315.72
309.948
303.943
297.711
291.258
284.592
277.722
270.657
263.406
255.979
248.385
240.634
232.735
224.696
216.526
208.231
199.819
191.295
182.664
173.932
165.103
156.184
147.184
138.089
128.868
249.401
251.783
253.88
255.739
257.4
258.897
260.253
261.486
262.609
263.629
264.554
265.388
266.134
266.796
267.374
267.87
268.283
268.612
268.858
269.019
269.094
269.083
268.985
268.797
268.519
268.15
267.688
267.133
266.482
265.733
264.882
263.928
262.868
261.698
260.415
259.017
257.5
255.862
254.097
252.204
250.178
248.016
245.715
243.271
240.681
237.942
235.052
232.008
228.809
225.453
221.941
218.27
214.443
210.46
206.323
202.035
197.598
193.017
188.297
183.443
178.46
173.355
168.135
162.806
157.377
151.854
146.245
140.558
134.8
128.979
123.102
117.175
111.204
105.195
99.1552
93.0948
87.0258
80.9606
74.9017
68.8507
158.386
160.113
161.548
162.734
163.708
164.501
165.139
165.644
166.032
166.317
166.507
166.61
166.633
166.582
166.463
166.278
166.032
165.729
165.37
164.957
164.49
163.97
163.397
162.772
162.094
161.363
160.577
159.737
158.841
157.887
156.875
155.803
154.67
153.473
152.212
150.883
149.486
148.019
146.479
144.864
143.173
141.404
139.555
137.623
135.609
133.51
131.326
129.055
126.698
124.254
121.724
119.109
116.409
113.628
110.766
107.828
104.816
101.734
98.5871
95.3796
92.117
88.8051
85.4497
82.0572
78.634
75.1868
71.7228
68.249
64.7724
61.3016
57.8275
54.3564
50.8993
47.4683
44.077
40.7387
37.4674
34.2759
31.1728
28.1702
78.3403
79.5274
80.4841
81.2395
81.8209
82.2525
82.555
82.7461
82.839
82.8421
82.7673
82.6236
82.4182
82.1574
81.8462
81.4888
81.0889
80.6495
80.1729
79.6612
79.1159
78.5384
77.9298
77.291
76.6226
75.9253
75.1991
74.4443
73.6606
72.8481
72.0065
71.1356
70.235
69.3045
68.3437
67.3521
66.3294
65.2752
64.1889
63.0703
61.9192
60.7354
59.5189
58.2701
56.9891
55.6764
54.3328
52.9591
51.5565
50.1264
48.6703
47.1902
45.6883
44.167
42.6289
41.0771
39.5145
37.9448
36.3713
34.7977
33.228
31.666
30.1155
28.5804
27.0646
25.5718
24.106
22.6708
21.2697
19.9063
18.5852
17.3235
16.1254
14.9919
13.9231
12.9187
11.9777
11.0989
10.281
9.52099
20.1182
20.747
21.2579
21.662
21.9708
22.1954
22.3463
22.4322
22.463
22.4484
22.3948
22.3075
22.1909
22.0488
21.8845
21.7008
21.5002
21.2848
21.0565
20.8168
20.5671
20.3084
20.0418
19.7683
19.4885
19.2032
18.9129
18.618
18.319
18.016
17.7096
17.3998
17.0871
16.7715
16.4533
16.1327
15.8099
15.4851
15.1583
14.8299
14.5001
14.1691
13.8373
13.505
13.1725
12.8401
12.5083
12.1776
11.8482
11.5209
11.1959
10.8739
10.5555
10.2411
9.93131
9.62675
9.32794
9.03545
8.74979
8.47146
8.20095
7.9387
7.68508
7.4404
7.20496
6.97901
6.76275
6.55632
6.35983
6.17335
5.99691
5.83045
5.67387
5.52705
5.38992
5.2623
5.144
5.03482
4.93456
4.84282
2.11433
2.14385
2.1731
2.20209
2.23085
2.2594
2.28776
2.31595
2.34388
2.37156
2.399
2.42623
2.45326
2.4801
2.50677
2.53328
2.55965
2.58586
2.61195
2.6379
2.66373
2.68944
2.71504
2.74052
2.76589
2.79115
2.8163
2.84135
2.86629
2.89113
2.91586
2.94048
2.96499
2.9894
3.01369
3.03788
3.06195
3.08591
3.10976
3.13349
3.1571
3.18059
3.20397
3.22722
3.25035
3.27335
3.29623
3.31898
3.34162
3.36412
3.38651
3.40878
3.43094
3.45299
3.47492
3.49676
3.51849
3.54014
3.56169
3.58317
3.60457
3.62591
3.64718
3.66839
3.68956
3.71068
3.73176
3.75281
3.77382
3.79481
3.81577
3.83671
3.85763
3.87852
3.89938
3.92022
3.94102
3.96178
3.9825
4.00324
1.99852
2.02349
2.04862
2.07376
2.09884
2.12389
2.14854
2.17297
2.19737
2.22173
2.24606
2.27036
2.29464
2.31889
2.34312
2.36733
2.39152
2.4157
2.43986
2.464
2.48814
2.51226
2.53637
2.56047
2.58456
2.60864
2.63271
2.65678
2.68083
2.70488
2.72892
2.75295
2.77697
2.80098
2.82499
2.84898
2.87297
2.89695
2.92092
2.94487
2.96882
2.99276
3.01668
3.04062
3.06459
3.08857
3.11255
3.13653
3.16049
3.18446
3.20842
3.23238
3.25635
3.28031
3.30427
3.32824
3.35222
3.37621
3.4002
3.42422
3.44824
3.47229
3.49636
3.52045
3.54457
3.56871
3.59289
3.6171
3.64134
3.66562
3.68994
3.7143
3.7387
3.76313
3.78761
3.81214
3.8367
3.86131
3.88597
3.91067
1.98665
2.00908
2.0316
2.05419
2.07683
2.09953
2.12225
2.14499
2.16776
2.19055
2.21336
2.2362
2.25906
2.28194
2.30484
2.32776
2.3507
2.37366
2.39664
2.41963
2.44265
2.46568
2.48874
2.51181
2.5349
2.55801
2.58115
2.6043
2.62748
2.65068
2.6739
2.69715
2.72041
2.74371
2.76703
2.79038
2.81375
2.83715
2.86057
2.88402
2.9075
2.931
2.95454
2.9781
3.00169
3.02532
3.04898
3.07267
3.0964
3.12016
3.14396
3.1678
3.19167
3.21559
3.23956
3.26356
3.28762
3.31172
3.33588
3.36008
3.38435
3.40867
3.43305
3.45749
3.482
3.50657
3.53122
3.55594
3.58074
3.60561
3.63057
3.65562
3.68076
3.70599
3.73132
3.75676
3.7823
3.80796
3.83374
3.85965
2.05347
2.07386
2.09445
2.11521
2.13612
2.15715
2.17829
2.19953
2.22086
2.24226
2.26372
2.28524
2.3068
2.32842
2.35008
2.37178
2.39352
2.41529
2.4371
2.45894
2.48082
2.50273
2.52467
2.54664
2.56865
2.59069
2.61276
2.63486
2.657
2.67917
2.70138
2.72362
2.74589
2.7682
2.79067
2.81322
2.83568
2.85801
2.88036
2.90287
2.92545
2.94808
2.97075
2.99348
3.01624
3.03906
3.06193
3.08484
3.10781
3.13084
3.15391
3.17705
3.20024
3.22349
3.24681
3.27018
3.29363
3.31714
3.34072
3.36437
3.38809
3.41189
3.43577
3.45973
3.48378
3.50791
3.53213
3.55644
3.58085
3.60535
3.62997
3.65469
3.67952
3.70447
3.72954
3.75475
3.78009
3.80559
3.83124
3.85706
2.16043
2.17984
2.19942
2.21915
2.23903
2.25903
2.27914
2.29934
2.31963
2.34
2.36044
2.38094
2.40149
2.42209
2.44274
2.46342
2.48415
2.50492
2.52572
2.54656
2.56744
2.58835
2.60929
2.63027
2.65128
2.67232
2.6934
2.71451
2.73565
2.75683
2.77805
2.7993
2.82059
2.84191
2.86327
2.88467
2.90611
2.9276
2.94912
2.97068
2.99229
3.01394
3.03564
3.05739
3.07918
3.10102
3.12291
3.14486
3.16685
3.1889
3.21101
3.23317
3.25539
3.27767
3.30002
3.32242
3.34489
3.36743
3.39004
3.41272
3.43546
3.45829
3.48119
3.50417
3.52723
3.55037
3.57361
3.59693
3.62035
3.64387
3.66749
3.69123
3.7151
3.73912
3.76328
3.7876
3.81208
3.83676
3.86162
3.8867
2.29426
2.31315
2.33219
2.35135
2.37062
2.39
2.40947
2.42901
2.44863
2.46831
2.48805
2.50784
2.52768
2.54756
2.56748
2.58743
2.60741
2.62741
2.64745
2.6675
2.68759
2.7077
2.72783
2.74799
2.76818
2.7884
2.80865
2.82892
2.84922
2.86956
2.88992
2.91032
2.93075
2.95121
2.9717
2.99224
3.0128
3.03341
3.05406
3.07474
3.09547
3.11624
3.13706
3.15793
3.17884
3.1998
3.22082
3.24188
3.26301
3.28419
3.30544
3.32674
3.34811
3.36955
3.39106
3.41264
3.4343
3.45604
3.47786
3.49977
3.52177
3.54386
3.56605
3.58834
3.61074
3.63325
3.65589
3.67865
3.70154
3.72458
3.74777
3.77123
3.79488
3.81871
3.84272
3.86693
3.89135
3.916
3.9409
3.96622
2.48107
2.49967
2.51835
2.53715
2.55605
2.57505
2.59413
2.61329
2.63252
2.65181
2.67115
2.69054
2.70997
2.72945
2.74896
2.76852
2.78814
2.80784
2.82763
2.84749
2.86743
2.88744
2.90752
2.92767
2.94788
2.96816
2.98851
3.00891
3.02939
3.04992
3.07052
3.0912
3.11194
3.13275
3.15364
3.1746
3.19565
3.21677
3.23798
3.25928
3.28068
3.30216
3.32375
3.34544
3.36723
3.38914
3.41116
3.4333
3.45557
3.47796
3.50049
3.52315
3.54596
3.56892
3.59203
3.6153
3.63874
3.66236
3.68616
3.71014
3.73433
3.75872
3.78332
3.80816
3.83323
3.85856
3.88416
3.91004
3.93623
3.96274
3.9896
4.01685
4.04449
4.07258
4.10115
4.13025
4.15991
4.19018
4.22116
4.25311
3.49802
3.51534
3.53298
3.55091
3.56909
3.58746
3.60602
3.62473
3.64359
3.66258
3.68167
3.70086
3.72013
3.73948
3.75889
3.77837
3.79788
3.81739
3.83691
3.85643
3.87595
3.89548
3.91502
3.93456
3.95412
3.97368
3.99325
4.01283
4.03243
4.05203
4.07165
4.09128
4.11093
4.13059
4.15027
4.16997
4.18968
4.20941
4.22916
4.24893
4.26873
4.28854
4.30838
4.32825
4.34814
4.36806
4.38801
4.40799
4.428
4.44804
4.46812
4.48823
4.50839
4.52858
4.54881
4.56909
4.58941
4.60978
4.6302
4.65067
4.6712
4.69178
4.71242
4.73312
4.75389
4.77473
4.79564
4.81662
4.83768
4.85883
4.88006
4.90139
4.92282
4.94435
4.96599
4.98776
5.00964
5.03167
5.05383
5.07635
98.9911
98.6622
98.5853
105.328
110.995
124.227
141.924
156.698
177.294
205.492
221.246
239.604
275.998
288.358
301.862
344.074
352.527
361.794
407.817
412.807
418.329
465.812
467.387
469.163
515.585
513.709
511.755
554.586
549.448
544.02
581.06
572.892
564.277
593.094
582.209
570.765
589.157
576.04
562.283
568.724
554.019
538.615
532.363
516.724
500.353
481.576
465.626
448.947
418.569
402.889
386.534
346.201
331.408
316.051
268.449
255.241
241.628
190.85
179.92
168.757
120.173
112.031
103.813
63.239
58.0813
52.9767
25.4754
23.0839
20.8
8.87558
8.31653
7.80012
4.76711
4.70178
4.64261
4.02171
4.03951
4.05731
3.9337
3.95506
3.97647
3.88387
3.9064
3.92904
3.88123
3.90374
3.9264
3.91023
3.93218
3.95433
3.98986
4.01224
4.03499
4.28351
4.31231
4.3418
5.09584
5.11529
5.13477
92.0387
90.2045
89.885
89.741
89.6269
89.5294
89.4412
89.3582
89.2777
89.1977
89.1132
88.8325
88.2668
87.4053
86.2261
84.6794
82.7235
80.444
78.2015
75.5286
72.3598
68.3638
63.7283
57.0787
50.8057
91.5122
90.6378
92.0411
95.2832
99.8585
104.853
109.438
113.056
115.416
116.42
116.129
114.834
112.665
109.625
105.753
101.077
95.634
89.4704
82.591
74.8807
66.1676
56.3224
45.5349
33.6889
21.423
91.2838
92.5819
98.6831
108.022
118.382
127.691
134.944
139.936
142.806
143.767
142.988
140.576
136.612
131.177
124.362
116.278
107.057
96.7947
85.5002
73.2317
60.235
46.9034
34.0008
22.4436
13.041
91.6441
96.4415
108.484
123.798
138.45
150.422
159.412
165.616
169.201
170.261
168.882
165.178
159.281
151.342
141.54
130.083
117.168
102.877
87.3594
71.1208
54.9065
39.6283
26.4162
16.0068
8.83546
92.4039
101.845
120.479
140.764
158.427
172.492
183.188
190.624
194.791
195.724
193.526
188.356
180.396
169.872
157.048
142.207
125.555
107.289
87.9398
68.5244
50.1525
34.0553
21.3435
12.2635
7.12663
94.0824
110.013
134.79
158.879
178.856
194.81
206.969
215.235
219.561
220.009
216.713
209.863
199.693
186.494
170.603
152.338
131.966
110.001
87.4459
65.6623
45.9888
29.7557
17.8331
9.95676
6.36624
96.2039
120.393
152.178
179.1
200.879
218.233
231.197
239.648
243.595
243.126
238.39
229.608
217.06
201.093
182.089
160.399
136.502
111.307
86.2054
62.7306
42.3604
26.3798
15.3183
8.48455
6.0542
110.395
145.351
177.796
204.634
226.662
244.102
256.773
264.571
267.484
265.565
258.969
247.94
232.79
213.898
191.667
166.58
139.448
111.515
84.412
59.7717
39.1287
23.6283
13.4244
7.54484
5.94311
150.806
185.023
212.857
237.101
257.336
273.15
284.2
290.316
291.391
287.405
278.488
264.869
246.865
224.864
199.346
171.03
141.027
110.833
82.1891
56.8119
36.2086
21.3275
11.9502
6.92061
5.86215
203.737
231.236
254.213
274.88
291.927
304.817
313.117
316.566
314.988
308.307
296.602
280.051
258.954
233.743
205.044
173.809
141.364
109.372
79.6209
53.8778
33.5594
19.3836
10.7851
6.50067
5.78997
260.086
280.798
299.441
315.895
328.992
338.18
342.971
343.034
338.117
328.174
313.208
293.373
268.982
240.55
208.857
175.027
140.548
107.155
76.6913
50.9043
31.0771
17.678
9.8246
6.20618
5.72418
316.667
332.037
346.142
357.998
366.739
371.747
372.515
368.656
359.989
346.372
327.805
304.456
276.691
245.134
210.69
174.62
138.505
104.118
73.3266
47.8072
28.6717
16.1259
9.00246
5.99366
5.66247
372.058
382.653
391.935
398.98
403.042
403.51
399.885
391.872
379.191
361.695
339.401
312.525
281.508
247.077
210.242
172.366
135.054
100.128
69.4227
44.5002
26.2698
14.6675
8.27655
5.8381
5.60366
424.306
430.076
434.372
436.443
435.624
431.376
423.299
410.995
394.203
372.805
346.865
316.663
282.716
245.834
207.111
167.938
129.977
95.0366
64.8801
40.9154
23.8226
13.2663
7.62672
5.72542
5.54547
470.809
471.722
471.05
468.188
462.586
453.74
441.196
424.605
403.755
378.597
349.264
316.102
279.706
240.923
200.902
161.075
123.101
88.7397
59.6424
37.0245
21.3137
11.9089
7.06358
5.6457
5.49124
509.176
505.443
500.089
492.592
482.422
469.103
452.243
431.566
406.935
378.366
346.073
310.458
272.166
232.107
191.469
151.688
114.388
81.2398
53.7355
32.8585
18.7652
10.6042
6.5794
5.56771
5.43767
537.55
529.548
519.859
508.014
493.544
476.063
455.26
430.935
403.03
371.627
336.982
299.563
260.075
219.47
178.954
139.949
104.016
72.703
47.2997
28.5201
16.2377
9.37838
6.17518
5.49096
5.3848
554.249
542.326
528.681
512.904
494.609
473.499
449.351
422.034
391.54
358.01
321.768
283.339
243.473
203.152
163.578
126.133
92.281
63.4075
40.5628
24.1678
13.8205
8.2689
5.85268
5.41545
5.33283
557.626
542.285
525.24
506.156
484.738
460.744
434.012
404.477
372.199
337.387
300.422
261.88
222.545
183.408
145.648
110.572
79.5154
53.6559
33.7676
19.9667
11.6022
7.30969
5.6096
5.33878
5.28251
546.613
528.593
508.926
487.342
463.611
437.563
409.106
378.244
345.103
309.954
273.234
235.557
197.726
160.72
125.663
93.7595
66.1687
43.8209
27.1864
16.0836
9.66034
6.52693
5.4382
5.26837
5.2367
521.152
501.249
479.787
456.561
431.408
404.227
374.994
343.78
310.779
276.318
240.877
205.096
169.775
135.852
104.366
76.376
52.8234
34.354
21.1234
12.6852
8.06014
5.94804
5.32221
5.20543
5.19273
481.859
460.916
438.537
414.577
388.942
361.601
332.598
302.071
270.271
237.572
204.48
171.638
139.815
109.879
82.7437
59.278
40.1659
25.7455
15.875
9.90861
6.83913
5.55248
5.21644
5.14647
5.15012
430.164
409.017
386.599
362.832
337.689
311.204
283.484
254.724
225.216
195.362
165.671
136.761
109.339
84.1643
61.9847
43.4352
28.9125
18.4531
11.6733
7.82765
5.99139
5.29911
5.12666
5.0982
5.10825
368.197
347.691
326.142
303.532
279.895
255.318
229.957
204.043
177.892
151.905
126.57
102.446
80.1443
60.2731
43.3701
29.8066
19.6913
12.8071
8.62686
6.42697
5.46354
5.13413
5.05545
5.05201
5.06443
298.95
279.989
260.266
239.814
218.709
197.077
175.103
153.033
131.179
109.919
89.6843
70.9448
54.1716
39.7821
28.0742
19.1558
12.8936
8.91473
6.67836
5.59794
5.16608
5.03093
5.00257
5.00512
5.01968
226.601
210.11
193.161
175.818
158.186
140.412
122.687
105.25
88.3823
72.4055
57.6643
44.4988
33.2018
23.9761
16.8883
11.8332
8.53652
6.60495
5.60883
5.16708
5.00264
4.95331
4.94559
4.95531
4.97623
156.565
143.349
129.959
116.481
103.03
89.752
76.8196
64.4351
52.8233
42.2175
32.8423
24.8687
18.4015
13.4557
9.92755
7.60594
6.2142
5.46419
5.10512
4.95348
4.89792
4.88383
4.88991
4.90856
4.93586
94.9663
85.5371
76.1731
66.9598
57.9947
49.393
41.288
33.8232
27.1383
21.3501
16.5387
12.7011
9.81938
7.80051
6.47711
5.67102
5.2184
4.98497
4.87459
4.82821
4.81507
4.82109
4.83953
4.8662
4.89835
47.6114
42.0458
36.6942
31.5963
26.8044
22.4053
18.4816
15.0937
12.2716
10.012
8.27894
7.01333
6.14186
5.56212
5.18878
4.96305
4.83579
4.77004
4.74183
4.73712
4.74781
4.76872
4.79621
4.82805
4.86341
18.495
16.2095
14.1188
12.2409
10.6102
9.24243
8.11935
7.21336
6.49554
5.93795
5.51442
5.20095
4.9759
4.82431
4.72892
4.67452
4.64914
4.64407
4.65313
4.67187
4.69698
4.7262
4.75833
4.79316
4.83107
7.28916
6.80474
6.37629
6.0019
5.67923
5.40543
5.17748
4.99199
4.84505
4.73213
4.64866
4.58989
4.55216
4.53276
4.52825
4.5352
4.55064
4.57216
4.59787
4.62643
4.65706
4.68959
4.72428
4.76163
4.80215
4.58527
4.53325
4.48923
4.45284
4.42378
4.40169
4.38614
4.37666
4.37266
4.37362
4.37922
4.38942
4.40464
4.42408
4.44686
4.4722
4.49944
4.52818
4.5582
4.58956
4.62251
4.65745
4.69472
4.73472
4.77819
4.07692
4.0973
4.11769
4.13823
4.15895
4.17995
4.20128
4.22303
4.2454
4.26928
4.29428
4.32023
4.34704
4.37459
4.40287
4.43191
4.4618
4.49273
4.52492
4.55866
4.59423
4.63181
4.67168
4.71468
4.76287
3.99945
4.02404
4.04875
4.07362
4.09868
4.12397
4.14953
4.17542
4.20169
4.22839
4.25556
4.28327
4.31159
4.34063
4.37051
4.40136
4.43333
4.46658
4.50126
4.53755
4.57554
4.61559
4.65876
4.70745
4.76556
3.95342
3.97958
4.00594
4.03254
4.0594
4.08656
4.11404
4.1419
4.17017
4.19891
4.22818
4.25805
4.2886
4.31993
4.35213
4.38532
4.4196
4.45511
4.49207
4.53056
4.5713
4.61597
4.66732
4.72914
4.80594
3.95082
3.97708
4.00361
4.03044
4.0576
4.0851
4.11297
4.14126
4.17002
4.19932
4.22923
4.25984
4.29125
4.3236
4.35708
4.39181
4.42806
4.46614
4.50666
4.54972
4.59896
4.65719
4.72718
4.81185
4.91395
3.97825
4.0042
4.03053
4.05726
4.08431
4.11176
4.13973
4.1683
4.19754
4.22752
4.25835
4.29009
4.32294
4.35752
4.39431
4.43372
4.4767
4.52428
4.57781
4.63851
4.71074
4.79366
4.88805
4.99506
5.11551
4.06008
4.08725
4.1151
4.14376
4.17333
4.20397
4.23585
4.26915
4.30412
4.34099
4.3801
4.42177
4.46657
4.51537
4.56802
4.62484
4.6863
4.7529
4.82518
4.90367
4.98875
5.08077
5.18001
5.28663
5.4004
4.3742
4.40965
4.44613
4.48372
4.52251
4.56257
4.60402
4.64694
4.69143
4.7376
4.78554
4.83536
4.88717
4.94107
4.99716
5.05555
5.11633
5.17959
5.24541
5.31382
5.38492
5.45856
5.5351
5.61394
5.69585
5.15716
5.17999
5.20303
5.22633
5.24992
5.27383
5.2981
5.32275
5.34783
5.37338
5.39947
5.42614
5.45347
5.48154
5.51044
5.54029
5.57121
5.60337
5.63694
5.67212
5.70932
5.74841
5.79098
5.83492
5.88536
40.5585
27.9255
14.8307
7.67356
6.39472
6.38064
6.40721
6.57223
7.1038
8.42227
40.9342
28.9839
15.5276
7.75539
6.37196
6.34487
6.37647
6.53415
7.05268
8.40063
41.2812
29.6028
15.9666
7.82578
6.35072
6.32601
6.35598
6.51318
7.0253
8.3797
41.6426
30.3744
16.5123
7.90875
6.32936
6.30329
6.33357
6.48862
6.99169
8.35885
42.0351
31.1959
17.1036
8.0047
6.30826
6.28161
6.31167
6.46503
6.95923
8.33811
42.4639
32.1037
17.7646
8.11627
6.28739
6.25983
6.28977
6.44142
6.92622
8.31747
42.9344
33.1014
18.4983
8.24537
6.26677
6.23823
6.268
6.41806
6.89328
8.29695
43.4468
34.1924
19.306
8.3927
6.24638
6.21676
6.24635
6.39494
6.86073
8.27654
43.9999
35.3738
20.1799
8.55709
6.22622
6.19542
6.22485
6.3721
6.82898
8.25624
44.602
36.6418
21.1039
8.73437
6.20622
6.17422
6.2035
6.34961
6.79844
8.23605
45.2671
37.9745
22.0396
8.91398
6.1863
6.15316
6.18235
6.32763
6.7699
8.21596
46.0123
39.3023
22.907
9.07411
6.16628
6.13221
6.16143
6.30637
6.74436
8.19595
46.8408
40.4619
23.5718
9.18012
6.14587
6.11134
6.1408
6.28614
6.72289
8.17602
47.4419
41.2698
23.878
9.18564
6.12473
6.0905
6.1206
6.26754
6.7054
8.15681
47.8177
41.5035
23.6573
9.02391
6.10283
6.06964
6.10106
6.25123
6.69099
8.14056
48.2509
41.0392
22.7514
8.59338
6.08012
6.04871
6.08235
6.23761
6.68073
8.12797
48.7324
39.7377
20.9048
7.92072
6.05634
6.02771
6.06469
6.22718
6.6751
8.11943
48.5375
37.1586
17.9889
7.1092
6.03078
6.00689
6.0484
6.22037
6.6746
8.1153
47.2848
32.6117
14.0527
6.3726
5.99902
5.98747
6.03381
6.21753
6.67937
8.11571
42.776
24.6964
9.7814
6.01864
5.96132
5.97072
6.02067
6.21867
6.68891
8.12031
33.2561
14.2336
6.62177
5.97479
5.9394
5.9533
6.00806
6.22321
6.70161
8.12802
10.443
6.58496
6.00848
5.91969
5.91887
5.93511
5.99621
6.22965
6.71516
8.13682
7.43544
5.99469
5.90516
5.89486
5.89739
5.91501
5.98454
6.23639
6.72777
8.14534
6.15796
5.9312
5.87759
5.86668
5.87043
5.89405
5.97303
6.24196
6.73805
8.15227
5.99617
5.87164
5.83955
5.83617
5.84383
5.8719
5.96106
6.24516
6.74505
8.15666
5.91042
5.82572
5.80544
5.80553
5.81629
5.84926
5.94821
6.24534
6.74836
8.15799
5.84151
5.78199
5.77035
5.77408
5.78824
5.82637
5.93427
6.24232
6.74795
8.15604
5.78507
5.74013
5.73494
5.74172
5.75916
5.80214
5.9184
6.23632
6.74395
8.15086
5.73332
5.69953
5.69889
5.7084
5.72906
5.77669
5.90074
6.22745
6.73665
8.14242
5.68396
5.65933
5.66267
5.67475
5.6985
5.75049
5.88168
6.21619
6.72661
8.13132
5.63639
5.6196
5.62633
5.64083
5.66754
5.72366
5.8615
6.20305
6.71438
8.118
5.58994
5.58015
5.58985
5.60668
5.63628
5.69636
5.84052
6.18853
6.7005
8.10295
5.54429
5.54095
5.55323
5.57234
5.60478
5.66874
5.81904
6.17313
6.68549
8.08661
5.4994
5.50196
5.51649
5.5379
5.57314
5.64099
5.79738
6.15732
6.66979
8.06942
5.45599
5.46313
5.47964
5.50339
5.54146
5.61326
5.77586
6.14151
6.65383
8.05176
5.41323
5.42439
5.44273
5.46889
5.50982
5.58574
5.75477
6.12611
6.63796
8.03397
5.37115
5.3857
5.40578
5.43447
5.47833
5.55862
5.73443
6.1115
6.62252
8.01636
5.32983
5.34698
5.36884
5.4002
5.44709
5.53208
5.71514
6.09805
6.6078
7.99921
5.28925
5.30811
5.33198
5.36618
5.41623
5.50637
5.69728
6.08614
6.59411
7.98281
5.24906
5.26905
5.29536
5.33251
5.3859
5.48178
5.68125
6.07615
6.5817
7.96742
5.2086
5.22994
5.25914
5.29931
5.3563
5.45866
5.66748
6.06846
6.57084
7.95331
5.16776
5.19102
5.2235
5.2667
5.32767
5.43746
5.65652
6.0635
6.56177
7.94076
5.12635
5.15265
5.18863
5.23483
5.30035
5.41871
5.64895
6.06168
6.55475
7.93007
5.08496
5.11534
5.15464
5.20391
5.27482
5.40314
5.64548
6.06344
6.55003
7.92159
5.04475
5.07932
5.12162
5.17427
5.25175
5.39165
5.64692
6.06924
6.54786
7.9157
5.00656
5.04467
5.08975
5.14643
5.23209
5.38538
5.65419
6.07955
6.54851
7.91289
4.97035
5.01137
5.0594
5.12123
5.21715
5.38577
5.66834
6.09483
6.55226
7.91377
4.93599
4.97972
5.03129
5.09999
5.20879
5.39462
5.69052
6.11553
6.55933
7.91928
4.90368
4.95033
5.00663
5.08477
5.20954
5.41408
5.72196
6.14208
6.56965
7.93114
4.87402
4.92434
4.98757
5.07875
5.22284
5.44671
5.76398
6.17488
6.58337
7.95202
4.84826
4.90406
4.97792
5.08673
5.25306
5.49529
5.81779
6.21419
6.60076
7.98646
4.82907
4.89417
4.98409
5.11528
5.30519
5.56236
5.88434
6.26007
6.62223
8.04448
4.82269
4.90336
5.01557
5.17235
5.38397
5.64954
5.96387
6.31215
6.64867
8.15019
4.84167
4.94537
5.08428
5.26564
5.49237
5.75654
6.05567
6.36929
6.68249
8.34777
4.90633
5.03739
5.20131
5.39939
5.6293
5.88019
6.15775
6.42969
6.73358
8.69046
5.04002
5.19314
5.37051
5.56994
5.78741
6.0142
6.26723
6.49443
6.85834
9.29324
5.25382
5.4104
5.58047
5.76198
5.95259
6.15101
6.38277
6.58574
7.41306
10.4286
5.52448
5.65892
5.80037
5.94955
6.10783
6.28711
6.51132
6.88345
9.23299
12.3604
5.78457
5.88167
5.98696
6.10463
6.24202
6.42911
6.67705
8.72363
13.8413
15.5991
5.94581
6.01708
6.10136
6.20642
6.34997
6.5768
7.04258
13.9776
20.5428
18.2724
)
;

boundaryField
{
    inlet
    {
        type            fixedValue;
        value           uniform 0;
    }
    outlet
    {
        type            inletOutlet;
        inletValue      uniform 0;
        value           nonuniform List<scalar> 10(40.5585 27.9255 14.8307 7.67356 6.39472 6.38064 6.40721 6.57223 7.1038 8.42227);
    }
    walls
    {
        type            zeroGradient;
    }
    baffle
    {
        type            zeroGradient;
    }
    front
    {
        type            empty;
    }
    back
    {
        type            empty;
    }
}


// ************************************************************************* //
