/*--------------------------------*- C++ -*----------------------------------*\
| =========                 |                                                 |
| \\      /  F ield         | OpenFOAM: The Open Source CFD Toolbox           |
|  \\    /   O peration     | Version:  v2012                                 |
|   \\  /    A nd           | Website:  www.openfoam.com                      |
|    \\/     M anipulation  |                                                 |
\*---------------------------------------------------------------------------*/
FoamFile
{
    version     2.0;
    format      ascii;
    class       volScalarField;
    location    "595";
    object      nut;
}
// * * * * * * * * * * * * * * * * * * * * * * * * * * * * * * * * * * * * * //

dimensions      [0 2 -1 0 0 0 0];


internalField   nonuniform List<scalar> 
6598
(
0.00288511
0.0101582
0.0121334
0.0124649
0.0124091
0.0124091
0.0124649
0.0121334
0.0101582
0.00288511
0.00217415
0.00835056
0.0111437
0.011908
0.012005
0.012005
0.011908
0.0111437
0.00835056
0.00217415
0.00174361
0.00719475
0.0102452
0.0113354
0.0115988
0.0115988
0.0113354
0.0102452
0.00719475
0.00174362
0.00146115
0.00638035
0.00946979
0.0107753
0.0111807
0.0111807
0.0107753
0.00946981
0.00638036
0.00146115
0.00126353
0.00576885
0.00880813
0.0102434
0.0107558
0.0107558
0.0102434
0.00880815
0.00576887
0.00126353
0.00111798
0.00528815
0.00824127
0.00974651
0.0103328
0.0103328
0.00974653
0.00824131
0.00528818
0.00111798
0.00100629
0.00489689
0.0077509
0.00928585
0.00991943
0.00991944
0.00928588
0.00775096
0.00489694
0.00100629
0.000917696
0.0045697
0.00732187
0.00886013
0.00952085
0.00952087
0.00886018
0.00732195
0.00456977
0.0009177
0.000845519
0.00429018
0.00694234
0.00846692
0.00914032
0.00914035
0.008467
0.00694246
0.00429029
0.000845525
0.000785415
0.00404727
0.0066032
0.00810344
0.00877946
0.00877951
0.00810357
0.00660338
0.00404744
0.000785423
0.00073445
0.00383324
0.0062975
0.00776695
0.00843876
0.00843884
0.00776715
0.00629778
0.0038335
0.000734462
0.000690578
0.00364253
0.00601988
0.00745486
0.00811798
0.0081181
0.00745516
0.00602029
0.00364292
0.000690596
0.000652331
0.00347101
0.00576613
0.00716484
0.0078164
0.00781658
0.00716528
0.00576675
0.00347158
0.000652357
0.000618626
0.00331555
0.00553296
0.00689476
0.00753307
0.00753333
0.00689542
0.00553387
0.00331638
0.000618664
0.000588649
0.0031737
0.00531767
0.00664275
0.00726687
0.00726726
0.00664375
0.00531902
0.00317493
0.000588703
0.000561775
0.00304353
0.00511808
0.00640713
0.00701666
0.00701721
0.00640863
0.00512007
0.00304533
0.000561852
0.000537515
0.00292347
0.00493236
0.00618638
0.00678129
0.00678208
0.00618856
0.00493532
0.00292606
0.000537624
0.00051548
0.0028122
0.00475894
0.00597914
0.00655966
0.00656076
0.00598225
0.00476332
0.00281585
0.000515633
0.000495357
0.00270863
0.00459649
0.00578419
0.00635074
0.0063523
0.00578861
0.00460275
0.00271385
0.000495571
0.000476894
0.00261186
0.00444395
0.0056006
0.00615374
0.00615595
0.00560689
0.00445285
0.00261801
0.000477182
0.000460304
0.00252306
0.00430321
0.00543071
0.0059713
0.00597448
0.00544011
0.00431929
0.00255565
0.000525398
0.00044492
0.00243929
0.00417017
0.00527002
0.00579885
0.00580346
0.0052843
0.00419845
0.00250679
0.000590225
0.000430595
0.0023598
0.00404363
0.00511714
0.00563497
0.00564157
0.00513837
0.00408904
0.00247357
0.000671502
0.00041721
0.00228409
0.00392289
0.00497131
0.00547894
0.00548805
0.0050013
0.00398829
0.00246815
0.000774788
0.000404659
0.00221169
0.00380731
0.00483186
0.00533004
0.00534189
0.00487097
0.00390017
0.00248883
0.000906407
0.000392853
0.0021422
0.00369631
0.00469813
0.00518764
0.00520273
0.00474641
0.00382793
0.00252436
0.00106693
0.000381708
0.00207517
0.00358921
0.00456938
0.00505104
0.00507036
0.00463211
0.00376525
0.00256437
0.00125311
0.000370815
0.00200841
0.00348272
0.00444185
0.00491652
0.00494156
0.00452532
0.00371074
0.00260817
0.00146505
0.000360485
0.00194355
0.00337926
0.00431834
0.00478705
0.00481938
0.00442793
0.00366566
0.00265735
0.00168696
0.000350659
0.00188037
0.00327859
0.00419874
0.0046627
0.00470392
0.00433944
0.00362955
0.00271343
0.0019004
0.000341281
0.00181856
0.00318022
0.00408255
0.00454301
0.00459475
0.00425909
0.00360193
0.0027764
0.0021024
0.0003323
0.00175777
0.00308366
0.00396923
0.00442751
0.0044914
0.00418619
0.00358223
0.00284456
0.0022904
0.000323667
0.00169766
0.00298839
0.00385824
0.00431568
0.00439335
0.00412008
0.00356961
0.00291504
0.00246243
0.000315336
0.00163791
0.00289389
0.00374899
0.00420697
0.0043
0.00406002
0.003563
0.00298611
0.00261744
0.000307262
0.00157818
0.00279959
0.00364086
0.00410075
0.00421073
0.00400523
0.0035613
0.00305594
0.00275501
0.000299404
0.00151818
0.00270491
0.00353318
0.00399634
0.00412479
0.00395483
0.00356328
0.00312292
0.00287533
0.00029172
0.00145766
0.0026093
0.00342522
0.00389296
0.00404136
0.00390781
0.00356766
0.0031857
0.00297903
0.000284169
0.0013964
0.00251222
0.00331626
0.00378979
0.00395951
0.00386309
0.00357312
0.00324332
0.00306718
0.00027671
0.00133426
0.00241315
0.00320552
0.0036859
0.0038782
0.00381946
0.00357835
0.00329519
0.00314128
0.000269304
0.00127118
0.00231169
0.00309224
0.00358031
0.00379626
0.00377559
0.00358206
0.00334105
0.00320319
0.000261911
0.00120717
0.00220748
0.00297565
0.00347194
0.0037124
0.00373007
0.00358297
0.00338084
0.00325506
0.00025449
0.00114232
0.0021003
0.00285501
0.00335963
0.00362517
0.00368129
0.00357974
0.00341459
0.00329914
0.000247001
0.00107679
0.00199001
0.0027296
0.00324213
0.0035329
0.00362745
0.00357083
0.0034421
0.00333748
0.000239401
0.00101082
0.00187663
0.00259875
0.00311807
0.00343376
0.00356647
0.00355441
0.00346267
0.00337151
0.000231645
0.00094468
0.00176027
0.00246186
0.00298605
0.00332563
0.00349586
0.0035281
0.0034748
0.00340147
0.000223685
0.000878636
0.00164113
0.00231842
0.00284454
0.00320614
0.00341271
0.00348884
0.00347584
0.0034259
0.000215464
0.000812929
0.00151951
0.00216799
0.00269206
0.00307271
0.00331362
0.00343282
0.00346185
0.00344122
0.000206914
0.000747757
0.00139572
0.00201032
0.00252718
0.00292269
0.00319485
0.00335546
0.00342759
0.00344167
0.000197953
0.000683262
0.00127015
0.00184534
0.00234874
0.0027535
0.0030525
0.00325168
0.00336675
0.00341958
0.000188466
0.000619528
0.00114322
0.0016733
0.00215608
0.00256312
0.00288303
0.00311643
0.00327257
0.00336611
0.000178296
0.00055657
0.00101552
0.00149501
0.00194948
0.00235067
0.002684
0.00294549
0.00313876
0.00327238
0.000167193
0.000494333
0.000888076
0.00131234
0.00173088
0.00211733
0.00245522
0.00273679
0.00296092
0.00313105
0.000145807
0.000433066
0.000762634
0.00112893
0.001505
0.00186778
0.00220029
0.00249208
0.00273828
0.00293762
9.68873e-05
0.000379234
0.000645575
0.000952022
0.0012804
0.00161118
0.00192784
0.00221827
0.00247389
0.00269018
0.000109384
0.000334784
0.000551405
0.000797837
0.0010732
0.00136324
0.0016525
0.00192666
0.00217685
0.00239818
9.93205e-05
0.000309403
0.000490668
0.000685321
0.00090656
0.00114759
0.00139493
0.00163823
0.00186929
0.00208201
7.36898e-05
0.000303467
0.000457981
0.000620082
0.000795727
0.000984688
0.00118359
0.00138593
0.00158478
0.00177392
6.51679e-05
0.000286816
0.000450146
0.000589125
0.000703698
0.000817041
0.00094165
0.00107612
0.00121477
0.00135124
6.53035e-05
0.000213586
0.000424627
0.000547953
0.000662899
0.000690226
0.000739682
0.000819353
0.00091899
0.00102115
6.91681e-05
0.000115241
0.00014168
0.000172796
0.000201032
0.000223083
0.000238426
0.000250962
0.000261327
0.000269746
0.000130196
0.000156489
0.000155289
0.000155767
0.000154979
0.000151789
0.000144663
0.000137713
0.000131131
0.000124809
0.000118641
0.000112794
0.000107283
0.000102075
9.7073e-05
9.23399e-05
8.79724e-05
8.3781e-05
7.96171e-05
7.53432e-05
7.07985e-05
6.57596e-05
4.56032e-05
4.7504e-05
3.435e-05
0.000231724
0.000461376
0.000662587
0.000749749
0.00077834
0.000776595
0.000697928
0.000635967
0.000625451
0.000619307
0.000577712
0.000539772
0.000504938
0.000472933
0.000442521
0.000405943
0.0003608
0.000312229
0.000264269
0.000219636
0.000180392
0.000147863
0.000123462
9.44207e-05
4.16778e-05
0.000376036
0.000604726
0.0008045
0.000944805
0.000993329
0.000967238
0.000784577
0.000665925
0.000617321
0.000617848
0.000657037
0.000703811
0.000670954
0.000642228
0.000615226
0.000583301
0.000537638
0.000479687
0.000412831
0.000342322
0.000274544
0.000215537
0.000169447
0.00013324
3.54562e-05
0.000626247
0.000635015
0.000863378
0.000988994
0.00103097
0.00101339
0.000906322
0.000756216
0.000658191
0.000626024
0.000646359
0.000671037
0.00064613
0.000632643
0.000624795
0.000614042
0.000588793
0.000545977
0.000485834
0.000412553
0.000334128
0.000260223
0.000198892
0.000147921
4.49567e-05
0.000958673
0.000835484
0.00100796
0.00105052
0.00104772
0.00100346
0.000937895
0.000865811
0.000757008
0.000676179
0.000631824
0.000578837
0.000552331
0.000550367
0.000562672
0.00057511
0.000572852
0.000548729
0.000501951
0.000436037
0.000358749
0.000280926
0.00021263
0.000152134
4.36573e-05
0.0012185
0.0011554
0.00122646
0.00118023
0.00111479
0.0010247
0.000928878
0.000838989
0.000750322
0.000659953
0.000572582
0.000503267
0.000466288
0.000464803
0.00048927
0.000518224
0.000531133
0.000518901
0.000482648
0.000425766
0.000355137
0.000280879
0.000212831
0.000148617
4.16195e-05
0.00143091
0.00154315
0.00146785
0.00134835
0.00122437
0.00108813
0.000963167
0.000854862
0.000750773
0.000644569
0.000544333
0.000464431
0.000417369
0.000405506
0.000421738
0.000448762
0.000466086
0.000460337
0.000432738
0.000386499
0.000327578
0.000264043
0.000202769
0.000139697
3.95189e-05
0.00164139
0.00178728
0.00171211
0.00154297
0.00136304
0.00118175
0.00102675
0.000901206
0.000781602
0.000659461
0.000545603
0.000455023
0.000395621
0.000367107
0.000364802
0.000376981
0.00038737
0.000382839
0.000362552
0.000328285
0.000284414
0.000236655
0.000189413
0.00012358
4.40393e-05
0.00184572
0.00201127
0.00195315
0.00175849
0.00152784
0.00130284
0.00111721
0.000975687
0.000842247
0.000703767
0.000574716
0.000472075
0.00039949
0.000352515
0.000326957
0.000317218
0.00031457
0.000308841
0.000294762
0.000272486
0.000244674
0.000214731
0.000167398
0.000135689
0.000140664
0.00204223
0.00221971
0.00218498
0.00198456
0.0017053
0.00143981
0.00122966
0.00107507
0.000933424
0.000780932
0.000635693
0.00051964
0.000435684
0.000375985
0.000333843
0.00030544
0.000288702
0.00028101
0.000272779
0.000263248
0.000254157
0.00024813
0.000247813
0.000237904
0.00019853
0.00222941
0.00241238
0.00239751
0.00219172
0.00188447
0.00158699
0.00135705
0.00119792
0.00105698
0.000897524
0.000737715
0.000606307
0.000510733
0.000443882
0.000397535
0.000366083
0.000346696
0.000338311
0.000334554
0.000333859
0.000336321
0.000342164
0.000345042
0.000360977
0.000393429
0.00240488
0.00258823
0.00258932
0.00238576
0.0020648
0.0017411
0.00149594
0.0013397
0.0012115
0.00105787
0.000891373
0.00074514
0.000633584
0.000554312
0.000500719
0.000466311
0.000446323
0.00043726
0.000433719
0.000434967
0.000441251
0.000453956
0.000476665
0.000517337
0.000585311
0.00256687
0.00274599
0.00275998
0.00256831
0.00224584
0.00189936
0.00164148
0.00149284
0.00138964
0.00123277
0.00110112
0.000951159
0.000827309
0.000732407
0.0006648
0.000620556
0.000595846
0.000582812
0.000580302
0.000587217
0.000604545
0.000634961
0.000684241
0.000761155
0.000876889
0.00271328
0.00288498
0.00290974
0.00273563
0.0024136
0.00205975
0.00179024
0.00164907
0.0015789
0.00132619
0.00119735
0.00115719
0.00110142
0.00100324
0.000927676
0.000873695
0.000840523
0.000820511
0.000816373
0.000828757
0.000859844
0.0009114
0.000987271
0.00107541
0.00114207
0.00284259
0.00300522
0.00304023
0.00288789
0.00257606
0.00222614
0.00194232
0.00180197
0.00176478
0.00157915
0.00134881
0.00126886
0.00125149
0.00125607
0.00126489
0.00121749
0.00117505
0.00115097
0.00114697
0.00116418
0.00116614
0.00116927
0.00120723
0.00129179
0.0014293
0.00295403
0.00310667
0.00315159
0.00302449
0.00273456
0.0023903
0.00210271
0.00194947
0.00193263
0.00196044
0.00168403
0.00153991
0.00148699
0.00146329
0.00144975
0.00143473
0.00141511
0.00139279
0.0013734
0.00136674
0.00138565
0.00143178
0.00150695
0.00162058
0.00176849
0.00304757
0.00318939
0.00324364
0.00314418
0.00288982
0.00255555
0.00226403
0.00209711
0.00207612
0.00214181
0.00220744
0.00202872
0.0019306
0.00187876
0.00183754
0.00180429
0.00177839
0.00176034
0.00175189
0.00175857
0.0017863
0.00183874
0.00191855
0.00202518
0.00215203
0.00312384
0.00325379
0.00331639
0.00324613
0.00303439
0.00272452
0.00242929
0.00224226
0.0022019
0.00227545
0.00238502
0.00247544
0.00252637
0.00250765
0.00245078
0.00240694
0.0023737
0.00234942
0.00233553
0.00233283
0.00234287
0.00237052
0.00241894
0.00248988
0.00258191
0.00318414
0.00330069
0.00337016
0.00332868
0.00316173
0.00289557
0.00260287
0.00239392
0.00231841
0.00236992
0.00249067
0.002618
0.00272581
0.00280339
0.00285437
0.00289156
0.00292656
0.00296715
0.00301809
0.00299894
0.00297064
0.00295488
0.00295838
0.00298632
0.00304017
0.00323046
0.00333152
0.00340508
0.00338998
0.00326769
0.00305228
0.00279135
0.00256321
0.00244775
0.0024574
0.00255917
0.00269815
0.00283365
0.00295342
0.00305532
0.00314066
0.00321648
0.00328984
0.00336532
0.0034463
0.00353362
0.00349931
0.00346387
0.00345669
0.0034809
0.00326546
0.00334852
0.00342213
0.0034294
0.0033487
0.00318564
0.00297062
0.00275599
0.00260496
0.00256389
0.0026235
0.00274476
0.00288636
0.00302339
0.00314809
0.00326135
0.00336572
0.00346379
0.00355741
0.00364866
0.00373881
0.00382832
0.00386139
0.00383629
0.00383659
0.0032924
0.003355
0.00342362
0.00344753
0.00340277
0.00328934
0.0031252
0.0029446
0.00279194
0.00270747
0.00271386
0.0027948
0.00291715
0.00305366
0.00318724
0.00331173
0.00342686
0.00353431
0.00363567
0.00373182
0.00382326
0.00391028
0.00399288
0.00405995
0.00405931
0.0033149
0.00335525
0.00341343
0.0034467
0.00343059
0.0033601
0.00324532
0.00310751
0.00297641
0.0028824
0.0028481
0.00287896
0.00296293
0.0030803
0.00320776
0.00333432
0.0034555
0.00356985
0.00367704
0.00377696
0.00386961
0.00395505
0.00403346
0.00410525
0.0041396
0.00333637
0.00335429
0.00339709
0.00343161
0.00343498
0.00339868
0.00332672
0.00323239
0.00313419
0.003053
0.00300736
0.00300766
0.00305383
0.00313676
0.00324231
0.00335808
0.00347568
0.00359017
0.00369868
0.00379949
0.00389198
0.00397603
0.00404403
0.00406879
0.0040933
0.00335928
0.00335703
0.00338125
0.00340929
0.00342204
0.00340955
0.00337137
0.00331452
0.00325086
0.00319399
0.00315671
0.0031489
0.00317476
0.00323199
0.00331325
0.00340969
0.00351325
0.00361755
0.00371854
0.00374835
0.00375191
0.00377321
0.00380684
0.00384385
0.00388015
0.0033842
0.00336701
0.00337248
0.00338829
0.00340082
0.00340091
0.00338562
0.00335759
0.00332338
0.00329162
0.00327123
0.0032696
0.00329129
0.00333672
0.00340196
0.00348064
0.00356627
0.00352369
0.00347823
0.0034608
0.00346549
0.00348532
0.00351501
0.00355068
0.00358888
0.00340893
0.00338494
0.00337536
0.00337676
0.00338186
0.00338414
0.00338018
0.00337012
0.00335705
0.00334601
0.00334259
0.0033518
0.00337709
0.00341925
0.00347569
0.00349137
0.00338517
0.00330111
0.00324922
0.0032244
0.00321859
0.00322708
0.00324692
0.00327509
0.00330876
0.00342798
0.00340738
0.0033903
0.00337981
0.00337448
0.00337147
0.0033686
0.00336546
0.00336338
0.00336494
0.00337333
0.00339164
0.00342209
0.00346495
0.00351758
0.00336885
0.00323903
0.00314705
0.00308433
0.0030458
0.00302716
0.00302436
0.0030338
0.00305275
0.00307888
0.00343274
0.00342626
0.00341194
0.00339654
0.00338297
0.00337198
0.00336387
0.003359
0.00335827
0.00336312
0.00337531
0.00339659
0.0034282
0.00347009
0.00351994
0.00333981
0.00318031
0.00306795
0.00298713
0.00293122
0.00289659
0.00287957
0.00287655
0.00288451
0.00290114
0.00341231
0.00342948
0.00342881
0.00341824
0.00340307
0.00338722
0.00337313
0.00336253
0.0033569
0.00335759
0.00336589
0.00338289
0.0034093
0.00344508
0.0034888
0.00346446
0.00325741
0.00310181
0.00299127
0.00291297
0.00285732
0.00282037
0.00279924
0.0027909
0.00279308
0.0033549
0.00340249
0.00342437
0.00342834
0.00342115
0.00340791
0.00339251
0.00337794
0.00336655
0.00336021
0.00336039
0.00336816
0.00338418
0.00340859
0.00344086
0.00347939
0.00352139
0.0033198
0.00315583
0.00303694
0.00295026
0.00288722
0.00284284
0.00281318
0.00279573
0.0032495
0.00332955
0.00337945
0.00340624
0.00341615
0.00341449
0.00340571
0.00339347
0.00338076
0.00336999
0.00336304
0.00336131
0.00336575
0.00337684
0.00339461
0.00341861
0.00344785
0.00348048
0.00351488
0.00336639
0.00322985
0.00312733
0.00305114
0.0029946
0.00295392
0.00308605
0.00319727
0.0032772
0.00333125
0.0033646
0.00338206
0.00338789
0.00338581
0.00337903
0.00337023
0.0033616
0.00335486
0.00335131
0.00335182
0.00335689
0.00336668
0.00338105
0.00339954
0.00342143
0.00344552
0.00347103
0.00349724
0.00345389
0.00336141
0.00329002
0.00286137
0.00299885
0.0031065
0.00318798
0.00324714
0.00328782
0.00331368
0.00332807
0.00333402
0.00333418
0.00333082
0.00332582
0.0033207
0.00331663
0.00331445
0.00331473
0.00331782
0.00332381
0.00333266
0.0033441
0.00335782
0.00337341
0.00339026
0.00340781
0.00342567
0.00258178
0.00273717
0.00286629
0.00297107
0.00305395
0.00311763
0.00316489
0.00319848
0.00322099
0.00323481
0.00324206
0.00324461
0.00324403
0.00324162
0.00323842
0.00323525
0.00323272
0.00323125
0.00323112
0.0032325
0.00323542
0.00323985
0.00324566
0.00325268
0.0032607
0.00226549
0.00242728
0.00256761
0.00268702
0.00278669
0.0028682
0.00293339
0.00298426
0.00302282
0.00305102
0.0030707
0.0030835
0.0030909
0.00309419
0.00309445
0.00309258
0.00308933
0.00308528
0.0030809
0.00307653
0.00307246
0.00306884
0.00306581
0.00306343
0.00306176
0.00193034
0.00207527
0.00222469
0.00235261
0.00245683
0.00254548
0.00261957
0.0026803
0.00272904
0.00276717
0.00279609
0.00281712
0.00283151
0.00284036
0.00284468
0.00284535
0.00284311
0.00283861
0.00283239
0.00282488
0.00281645
0.00280741
0.00279799
0.0027884
0.00277886
0.00148073
0.00161176
0.00174784
0.00189254
0.00204927
0.00214053
0.0022082
0.00226444
0.00231016
0.00234633
0.00237394
0.00239394
0.00240731
0.00241492
0.0024176
0.00241611
0.00241114
0.00240326
0.00239303
0.00238088
0.00236723
0.00235241
0.00233671
0.00232039
0.00230377
0.00112229
0.00123145
0.00134708
0.00142159
0.00146977
0.00151006
0.00154272
0.00156823
0.00158715
0.00160006
0.00160757
0.0016103
0.00160883
0.00160374
0.00159558
0.00158484
0.00157197
0.00155739
0.00154145
0.00152448
0.00150676
0.00148851
0.00146995
0.00145125
0.00143263
0.000276427
0.00028216
0.000287135
0.000291303
0.000294706
0.000297417
0.000299494
0.000300987
0.000301948
0.000302424
0.000302463
0.000302111
0.000301414
0.000300413
0.000299148
0.000297658
0.000295975
0.000294134
0.000292162
0.000290086
0.000287928
0.000285708
0.000283445
0.000281153
0.000278845
3.89811e-05
5.44858e-05
6.51055e-05
0.00013891
0.000127011
0.000244854
0.000239535
0.000341512
0.000437628
0.000453742
0.000552512
0.000729837
0.00070242
0.000867222
0.00109587
0.0010292
0.001177
0.0014001
0.00129441
0.00149112
0.00171267
0.00160647
0.00179346
0.00199733
0.00193075
0.00209739
0.00228386
0.00228919
0.00243538
0.0026028
0.00269
0.00281215
0.00295614
0.00311698
0.00321226
0.00332946
0.00353152
0.00360231
0.00369273
0.0038665
0.00391717
0.00398324
0.00407376
0.00410827
0.00415526
0.00415656
0.00418223
0.00421701
0.0041171
0.00414293
0.00417374
0.00391222
0.00394346
0.00397815
0.00362513
0.00366052
0.00369862
0.00334273
0.00337682
0.00341378
0.00310709
0.0031369
0.00317012
0.00292145
0.00294501
0.0029726
0.00280118
0.00281476
0.00283324
0.00278677
0.00278568
0.00279057
0.0029251
0.00290627
0.00289415
0.00323781
0.00319978
0.00317047
0.00344179
0.00345788
0.00347411
0.00326845
0.00327679
0.00328567
0.00306064
0.00306011
0.00306003
0.00277026
0.00276192
0.00275367
0.00228866
0.00227361
0.00225845
0.00141616
0.00139995
0.00138389
0.000276814
0.000274793
0.000272785
2.544e-05
4.40472e-05
5.41299e-05
5.58439e-05
6.70427e-05
7.17812e-05
7.58691e-05
7.9481e-05
8.27262e-05
8.56771e-05
8.83848e-05
9.08878e-05
9.32163e-05
9.5395e-05
9.7445e-05
9.93841e-05
0.000101228
0.000102991
0.000104686
0.000106324
0.000107915
0.00010947
0.000110997
0.000112505
0.000114002
0.000115498
0.000117001
0.000118519
0.000120064
0.000121645
0.000123276
0.000124972
0.000126749
0.000128631
0.000130586
0.000132589
0.00013464
0.000136742
0.000138913
0.000141141
0.000143423
0.000145772
0.000148194
0.000150691
0.000153268
0.000155927
0.000158672
0.000161505
0.000164425
0.000167433
0.000170524
0.00017369
0.000176916
0.000180179
0.000183436
0.000186625
0.000189645
0.000192337
0.00019447
0.000195843
0.00019658
0.000196773
0.000196499
0.000195414
0.00019304
0.000189553
0.000184699
0.000178704
0.00017186
0.000164289
0.000156147
0.000147413
0.000139154
0.000131095
0.000122928
0.0001144
0.000105189
8.69944e-05
8.15915e-05
5.48765e-05
4.51472e-05
0.000128159
0.000148554
0.000168721
0.000193967
0.000222831
0.000253593
0.000285531
0.00031797
0.000350348
0.00038221
0.000413208
0.000443098
0.000471733
0.000499039
0.000525003
0.000549655
0.000573055
0.000595284
0.000616431
0.00063659
0.000655854
0.000674311
0.000692044
0.000709123
0.000725611
0.00074156
0.00075701
0.000771982
0.000786482
0.000800498
0.000813992
0.000826811
0.000838932
0.000851393
0.000864459
0.000877893
0.000891704
0.000905884
0.000920362
0.000935166
0.000950367
0.000965985
0.000982029
0.000998503
0.0010154
0.00103272
0.00105041
0.00106845
0.00108677
0.00110527
0.00112379
0.00114215
0.00116005
0.00117706
0.00119259
0.00120578
0.00121546
0.00122009
0.00121761
0.00120717
0.00119091
0.00116846
0.00113857
0.00109985
0.001056
0.00100557
0.000952214
0.000897012
0.000838971
0.000779163
0.0007157
0.000624574
0.000522458
0.00042218
0.000332313
0.000258228
0.000202911
0.000161584
6.32561e-05
5.58096e-05
0.000190368
0.000242483
0.0002961
0.000354705
0.000421397
0.000493068
0.000567348
0.000642241
0.000716191
0.000788057
0.000857075
0.000922789
0.00098498
0.0010436
0.00109872
0.0011505
0.00119912
0.00124479
0.00128775
0.00132822
0.00136639
0.00140248
0.00143665
0.00146907
0.0014999
0.00152925
0.00155723
0.00158395
0.00160947
0.00163388
0.00165721
0.00167949
0.00170078
0.00172111
0.00174188
0.00176304
0.00178425
0.0018054
0.00182644
0.00184733
0.00186803
0.00188848
0.0019086
0.00192828
0.00194738
0.00196573
0.00198313
0.0019993
0.00201396
0.00202672
0.00203713
0.00204465
0.00204864
0.00204831
0.00204274
0.00203079
0.00201117
0.00198243
0.00188233
0.00168643
0.00152354
0.0013948
0.00129688
0.00122835
0.00118707
0.00116544
0.0011792
0.00122175
0.00115817
0.00108201
0.0010031
0.000902184
0.000774595
0.000632121
0.000490796
0.000366891
0.000271516
0.000200219
6.51826e-05
5.93355e-05
0.000238369
0.000334955
0.000448432
0.000547732
0.000657443
0.00077299
0.000890585
0.00100717
0.00112054
0.00122922
0.00133237
0.00142961
0.00152084
0.00160619
0.00168591
0.00176031
0.00182973
0.00189452
0.00195504
0.00201162
0.00206455
0.00211412
0.0021606
0.00220422
0.00224519
0.0022837
0.00231992
0.00235399
0.00238605
0.0024162
0.00244455
0.00247115
0.00249609
0.00251938
0.00254106
0.00256273
0.00258377
0.00260386
0.00262285
0.00264058
0.00265691
0.00267166
0.00268465
0.00269563
0.00270433
0.00271043
0.00271355
0.00271327
0.00270911
0.00270051
0.00268687
0.00266751
0.0026417
0.0026087
0.00256769
0.0025178
0.0024582
0.00238811
0.00230679
0.00208069
0.00183759
0.00163582
0.00146799
0.00133548
0.00123642
0.00116856
0.00113396
0.00113278
0.00115751
0.00109546
0.0010223
0.000939835
0.000825913
0.000688299
0.000542249
0.000406502
0.000296443
0.000208722
6.24815e-05
7.09413e-05
0.000286531
0.000416009
0.000577988
0.000757259
0.000918683
0.00107498
0.00123102
0.00138333
0.00152957
0.0016684
0.00179915
0.00192168
0.00203612
0.00214279
0.00224209
0.00233449
0.00242045
0.00250041
0.0025748
0.00264402
0.00270845
0.00276841
0.00282423
0.00287616
0.00292447
0.00296938
0.00301108
0.00304974
0.00308552
0.00311853
0.00314889
0.00317666
0.00320192
0.00322469
0.00324499
0.00326288
0.00327976
0.00329491
0.00330796
0.00331867
0.0033268
0.00333212
0.00333434
0.00333315
0.0033282
0.00331907
0.0033053
0.00328639
0.00326174
0.00323074
0.00319269
0.00314687
0.00309254
0.00302898
0.00295559
0.0028717
0.00277676
0.00267035
0.00255225
0.0024226
0.00228145
0.00211662
0.0018495
0.00162909
0.00144614
0.00129232
0.00117365
0.00108303
0.00102722
0.00100384
0.000914562
0.000833364
0.000743837
0.000630586
0.000507994
0.000389933
0.000287873
0.000197671
5.77426e-05
5.20301e-05
0.000329867
0.000488251
0.000691327
0.000928455
0.00119551
0.00138671
0.0015743
0.00175519
0.00192731
0.00208965
0.00224187
0.0023841
0.0025167
0.00264013
0.00275496
0.00286171
0.00296093
0.00305311
0.00313874
0.00321824
0.00329201
0.00336043
0.00342381
0.00348245
0.00353663
0.00358657
0.00363248
0.00367454
0.00371291
0.00374772
0.00377907
0.00380705
0.00383171
0.00385307
0.00387116
0.00388593
0.003898
0.00390791
0.00391505
0.00391908
0.0039197
0.00391662
0.00390955
0.00389814
0.00388199
0.00386066
0.00383364
0.00380037
0.00376024
0.00371256
0.00365659
0.00359156
0.00351664
0.00343104
0.00333411
0.00322528
0.003104
0.00296999
0.0028231
0.00266357
0.00249242
0.00231153
0.00212369
0.00193255
0.00174342
0.00156107
0.00138886
0.00122802
0.00104225
0.000910631
0.000819268
0.000705614
0.000608517
0.000517281
0.000427403
0.000339668
0.000256121
0.000168823
5.35142e-05
8.87252e-05
0.000271122
0.000542664
0.000799797
0.00111657
0.001485
0.00170191
0.00191371
0.00211627
0.00230785
0.00248785
0.00265629
0.00281353
0.00296011
0.00309664
0.00322374
0.00334199
0.00345198
0.00355421
0.00364919
0.00373735
0.00381909
0.00389479
0.00396478
0.00402936
0.0040888
0.00414334
0.00419319
0.00423853
0.00427952
0.00431629
0.00434896
0.00437762
0.00440232
0.00442311
0.00444002
0.00445303
0.00446212
0.0044684
0.00447157
0.0044712
0.00446697
0.00445858
0.00444573
0.00442806
0.0044052
0.00437667
0.00434198
0.00430055
0.00425172
0.00419479
0.00412896
0.00405341
0.00396725
0.00386963
0.00375947
0.00363618
0.00349885
0.00334724
0.0031814
0.0030011
0.00280707
0.00260097
0.00238543
0.00216434
0.00194304
0.00172793
0.00152199
0.00132955
0.00115317
0.000991005
0.000840134
0.000698173
0.000565501
0.000451823
0.000370433
0.000297211
0.000227307
0.000149166
5.13529e-05
0.000185097
0.000389391
0.000679226
0.000988267
0.00140261
0.00178917
0.00202571
0.00225484
0.00247277
0.00267815
0.00287077
0.00305098
0.00321934
0.00337651
0.00352317
0.00365998
0.00378753
0.0039064
0.0040171
0.0041201
0.00421584
0.00430471
0.00438707
0.00446324
0.00453353
0.00459818
0.00465744
0.00471151
0.00476058
0.00480482
0.00484435
0.0048793
0.00490976
0.00493581
0.00495751
0.0049749
0.00498799
0.00499681
0.00500133
0.00500273
0.00500049
0.00499423
0.00498367
0.0049685
0.00494841
0.00492302
0.00489193
0.00485462
0.00481054
0.00475904
0.00469939
0.00463077
0.00455229
0.004463
0.00436189
0.00424792
0.00412011
0.00397746
0.00381918
0.0036447
0.00345376
0.00324668
0.00302451
0.00278921
0.0025438
0.0022934
0.00204334
0.00179962
0.00156591
0.00134979
0.00115462
0.000981521
0.000829391
0.000684915
0.000510253
0.00037394
0.000315723
0.000255309
0.000227974
0.000171065
0.000378923
0.000657444
0.000926201
0.00133347
0.00184371
0.00210133
0.00235181
0.00259192
0.00281935
0.00303338
0.00323417
0.00342229
0.00359842
0.00376329
0.00391759
0.00406195
0.00419697
0.00432318
0.00444107
0.00455107
0.0046536
0.00474902
0.00483767
0.00491986
0.00499586
0.00506593
0.0051303
0.00518916
0.00524269
0.00529107
0.00533442
0.00537286
0.00540652
0.00543546
0.00545976
0.00547946
0.00549461
0.0055052
0.0055112
0.00551313
0.00551153
0.00550598
0.00549619
0.00548189
0.00546282
0.00543866
0.00540903
0.00537349
0.00533152
0.00528253
0.0052258
0.00516054
0.00508586
0.00500078
0.00490421
0.00479504
0.00467209
0.00453419
0.0043802
0.00420917
0.00402038
0.00381358
0.00358908
0.00334796
0.00309239
0.00282566
0.00255192
0.00227557
0.00200131
0.00173605
0.00148843
0.00126657
0.0010754
0.000916173
0.000786678
0.000682991
0.000603326
0.000551656
0.000526023
0.000513197
0.000654022
0.00101432
0.0013469
0.0018578
0.00215531
0.00242339
0.00268046
0.00292509
0.00315628
0.00337391
0.00357846
0.0037706
0.0039511
0.00412066
0.00427995
0.00442955
0.00457
0.00470178
0.00482534
0.00494107
0.00504934
0.00515048
0.00524479
0.00533256
0.00541403
0.00548945
0.00555902
0.00562292
0.00568134
0.00573443
0.00578232
0.00582513
0.00586297
0.00589594
0.0059241
0.00594751
0.00596623
0.00598026
0.00598962
0.00599426
0.00599526
0.00599239
0.00598546
0.00597424
0.00595854
0.0059381
0.00591263
0.00588177
0.00584507
0.00580202
0.00575199
0.00569426
0.005628
0.00555228
0.00546604
0.00536817
0.00525744
0.00513259
0.00499236
0.00483553
0.00466106
0.00446823
0.00425668
0.0040267
0.00377939
0.00351686
0.00324214
0.00295868
0.00266987
0.00237992
0.00209801
0.00183318
0.00159355
0.00138608
0.00121601
0.00108595
0.000997324
0.000949715
0.000930484
0.000943534
0.00101273
0.00138631
0.00180725
0.00219843
0.00248512
0.00275554
0.00301238
0.00325571
0.00348552
0.00370223
0.0039065
0.0040991
0.00428076
0.00445214
0.00461383
0.00476637
0.0049102
0.00504576
0.00517342
0.00529351
0.00540636
0.00551225
0.00561144
0.00570418
0.00579069
0.00587117
0.00594581
0.00601478
0.00607823
0.0061363
0.00618913
0.00623682
0.00627948
0.00631719
0.00635003
0.00637807
0.00640137
0.00641995
0.00643386
0.0064431
0.00644774
0.00644877
0.00644594
0.0064391
0.0064281
0.00641279
0.00639295
0.00636834
0.00633861
0.00630336
0.00626209
0.0062142
0.00615899
0.00609564
0.00602322
0.0059407
0.00584697
0.00574081
0.00562099
0.00548626
0.00533548
0.00516767
0.00498213
0.00477857
0.00455734
0.00431957
0.00406733
0.00380344
0.0035303
0.00325385
0.00298009
0.00271593
0.00246843
0.00224437
0.00205271
0.00190037
0.001792
0.00172789
0.00171036
0.00175134
0.00137418
0.00173677
0.00218089
0.00254624
0.00282998
0.00309572
0.00334656
0.00358364
0.00380769
0.0040195
0.00421988
0.0044096
0.00458937
0.00475976
0.00492131
0.00507444
0.00521955
0.00535698
0.00548704
0.00561
0.00572611
0.00583562
0.00593872
0.00603562
0.0061265
0.00621152
0.00629084
0.00636461
0.00643294
0.00649597
0.00655379
0.00660652
0.00665423
0.00669701
0.00673493
0.00676805
0.00679643
0.00682011
0.00683912
0.00685345
0.00686309
0.00686877
0.0068707
0.00686884
0.00686312
0.00685349
0.00683984
0.00682203
0.00679985
0.00677302
0.0067412
0.00670395
0.00666071
0.00661085
0.00655361
0.00648816
0.00641355
0.00632874
0.00623266
0.00612421
0.00600232
0.00586605
0.00571462
0.00554757
0.00536488
0.00516712
0.00495561
0.00473215
0.00450041
0.00426411
0.00402751
0.00379594
0.00357528
0.00337162
0.00319159
0.00304087
0.00292648
0.00285109
0.00280859
0.00268922
0.00168715
0.00204295
0.00247923
0.00291025
0.00318415
0.0034397
0.00368003
0.00390688
0.00412151
0.00432496
0.00451817
0.00470192
0.00487685
0.0050435
0.00520232
0.00535366
0.00549785
0.00563515
0.0057658
0.00589
0.00600793
0.00611976
0.00622565
0.00632572
0.00642012
0.00650897
0.00659237
0.00667043
0.00674325
0.00681093
0.00687353
0.00693115
0.00698385
0.00703169
0.00707474
0.00711304
0.00714666
0.00717561
0.00719995
0.0072197
0.00723487
0.0072455
0.00725244
0.0072557
0.00725534
0.00725139
0.00724386
0.00723273
0.0072179
0.00719927
0.00717661
0.00714966
0.00711806
0.00708135
0.00703899
0.00699036
0.00693472
0.00687127
0.00679916
0.00671751
0.00662546
0.00652221
0.00640714
0.00627983
0.0061402
0.00598863
0.00582592
0.00565385
0.00547454
0.00529036
0.00510446
0.00492047
0.00474253
0.00457517
0.00440674
0.00415728
0.00396901
0.00383081
0.00374851
0.00373263
0.00197543
0.00231385
0.00273587
0.00323355
0.00354005
0.00378115
0.00400744
0.00422086
0.00442298
0.00461505
0.0047981
0.00497295
0.00514021
0.00530041
0.00545392
0.00560106
0.00574208
0.0058772
0.00600657
0.00613033
0.00624858
0.0063614
0.00646888
0.00657108
0.00666807
0.00675991
0.00684667
0.00692841
0.00700519
0.00707705
0.00714405
0.00720623
0.00726365
0.00731634
0.00736435
0.0074077
0.00744644
0.0074806
0.00751021
0.00753528
0.00755584
0.00757188
0.00758387
0.00759218
0.00759699
0.00759843
0.00759661
0.00759163
0.00758353
0.00757232
0.00755795
0.0075403
0.00751918
0.00749434
0.00746542
0.00743201
0.0073936
0.00734962
0.00729944
0.00724239
0.00717784
0.00710518
0.00702393
0.00693379
0.0068347
0.00672695
0.00661121
0.00648869
0.00636073
0.00622904
0.00609581
0.00596359
0.00583517
0.00552278
0.00524962
0.00505688
0.00492305
0.00483594
0.00479931
0.00483044
0.00224283
0.00255966
0.00295432
0.00343243
0.00388778
0.0041111
0.0043203
0.00451747
0.00470432
0.00488225
0.00505238
0.00521556
0.00537245
0.00552355
0.00566923
0.0058098
0.00594548
0.00607643
0.00620275
0.00632451
0.0064417
0.00655431
0.0066623
0.00676567
0.0068644
0.00695849
0.00704795
0.00713277
0.00721296
0.00728854
0.00735952
0.00742592
0.00748773
0.00754499
0.0075977
0.00764588
0.00768954
0.00772871
0.0077634
0.00779363
0.00781942
0.00784081
0.00785782
0.00787104
0.00788073
0.00788715
0.00789051
0.00789102
0.00788885
0.00788411
0.00787689
0.00786721
0.00785506
0.00784032
0.00782284
0.00780237
0.00777859
0.00775115
0.00771959
0.00768344
0.00764222
0.00759548
0.00754282
0.007484
0.00741897
0.00734792
0.00727154
0.00719057
0.00710604
0.00701925
0.00693181
0.00684559
0.00657057
0.00627512
0.00605993
0.0059173
0.00583195
0.00579544
0.00579652
0.00583197
0.00251242
0.00280379
0.00316195
0.00360135
0.00409539
0.00441716
0.00460575
0.0047837
0.00495254
0.00511367
0.00526825
0.00541719
0.00556119
0.00570076
0.00583631
0.00596815
0.00609652
0.00622158
0.00634343
0.00646202
0.0065772
0.00668879
0.00679662
0.00690057
0.00700053
0.00709642
0.00718817
0.00727571
0.00735901
0.00743802
0.00751271
0.00758307
0.00764907
0.0077107
0.00776793
0.00782075
0.00786917
0.00791316
0.00795275
0.00798793
0.00801872
0.00804516
0.00806724
0.00808525
0.00809958
0.00811062
0.00811867
0.00812405
0.00812701
0.00812781
0.00812662
0.0081236
0.00811885
0.0081124
0.00810423
0.00809426
0.00808231
0.00806818
0.00805157
0.00803215
0.00800953
0.00798334
0.00795321
0.00791886
0.00788009
0.00783717
0.00779057
0.00774092
0.00768896
0.00763563
0.00758209
0.00745975
0.00717071
0.00693255
0.00676601
0.00666531
0.00662296
0.00662674
0.0066603
0.00671446
0.00280986
0.00307219
0.00339044
0.00377606
0.00422243
0.0046682
0.00484412
0.00499964
0.00514764
0.00528941
0.00542606
0.0055585
0.00568746
0.0058135
0.00593707
0.0060585
0.0061781
0.00629612
0.00641274
0.00652785
0.00664098
0.00675163
0.00685939
0.00696401
0.00706533
0.00716316
0.00725734
0.00734772
0.00743422
0.00751673
0.00759521
0.0076696
0.00773983
0.00780585
0.00786763
0.00792511
0.00797825
0.00802704
0.00807144
0.00811146
0.0081471
0.0081784
0.00820539
0.00822812
0.00824695
0.00826234
0.00827473
0.00828449
0.008292
0.00829757
0.00830149
0.008304
0.00830531
0.00830555
0.00830481
0.00830312
0.00830042
0.00829662
0.00829154
0.00828493
0.00827649
0.00826586
0.00825263
0.00823632
0.00821659
0.00819362
0.00816787
0.00813977
0.00810978
0.00807851
0.00804667
0.00787037
0.00764179
0.00745482
0.00732686
0.00726084
0.00725464
0.00729719
0.00736782
0.00744932
0.00313715
0.00336756
0.00364566
0.0039778
0.00435966
0.00475309
0.00500689
0.00513675
0.00526128
0.00538147
0.0054983
0.00561265
0.00572524
0.00583663
0.00594727
0.00605753
0.00616776
0.00627842
0.0063902
0.00650307
0.00661573
0.00672695
0.00683589
0.00694232
0.00704606
0.00714686
0.00724441
0.00733844
0.00742883
0.00751548
0.0075983
0.00767719
0.00775208
0.00782289
0.00788955
0.00795196
0.00801006
0.00806379
0.00811311
0.008158
0.00819847
0.00823454
0.00826625
0.00829367
0.00831691
0.00833655
0.00835309
0.00836699
0.00837868
0.00838855
0.00839696
0.00840422
0.00841062
0.00841636
0.0084216
0.00842645
0.00843092
0.008435
0.00843862
0.00844159
0.00844365
0.00844445
0.00844356
0.00844
0.00843332
0.0084238
0.00841175
0.00839741
0.00838103
0.00836287
0.00831396
0.00813822
0.0079633
0.00781919
0.00772169
0.00767967
0.00769844
0.00777157
0.00787227
0.00797219
0.00348048
0.0036751
0.00391085
0.00419042
0.00450755
0.00483436
0.00505509
0.00515762
0.00525714
0.00535457
0.00545086
0.00554684
0.00564317
0.00574033
0.00583874
0.00593879
0.0060408
0.00614523
0.0062541
0.00636869
0.00648498
0.00660032
0.0067128
0.00682314
0.00693144
0.00703729
0.00714004
0.00723923
0.00733483
0.00742678
0.00751497
0.00759928
0.00767965
0.00775598
0.00782816
0.00789607
0.00795959
0.00801863
0.00807314
0.00812307
0.00816844
0.00820929
0.00824566
0.00827766
0.00830532
0.00832923
0.00834995
0.00836799
0.00838381
0.00839786
0.00841053
0.0084222
0.00843318
0.00844373
0.00845406
0.00846429
0.00847446
0.0084846
0.00849481
0.00850487
0.00851455
0.00852359
0.0085313
0.00853622
0.00853815
0.00853731
0.00853388
0.00852791
0.00851946
0.00849567
0.00838334
0.00825371
0.00812428
0.00801375
0.00793798
0.00790897
0.00793883
0.0080281
0.0081505
0.00826906
0.00381116
0.00396469
0.00415148
0.00437284
0.00462449
0.00487815
0.00497386
0.00505408
0.00513366
0.00521349
0.00529434
0.00537688
0.0054617
0.00554882
0.00563859
0.00573144
0.00582759
0.00592739
0.00603249
0.00614327
0.00625747
0.00637343
0.00648961
0.00660567
0.006721
0.00683458
0.00694478
0.00705054
0.00715267
0.00725121
0.0073459
0.0074366
0.00752333
0.007606
0.00768446
0.0077585
0.00782796
0.00789272
0.0079527
0.00800787
0.00805825
0.00810388
0.00814485
0.00818128
0.00821334
0.00824162
0.00826666
0.008289
0.00830911
0.00832745
0.00834444
0.00836045
0.00837582
0.00839082
0.00840569
0.00842058
0.00843559
0.00845074
0.00846601
0.00848125
0.00849621
0.00851064
0.00852318
0.00853306
0.00854017
0.0085446
0.00854641
0.00851391
0.00844694
0.00838003
0.00830259
0.00821206
0.0081178
0.00803669
0.00798017
0.00795998
0.00799351
0.00809212
0.00823594
0.00834494
0.00406904
0.00417832
0.00431176
0.00447516
0.00465998
0.00477924
0.00484637
0.0049139
0.00498243
0.00505243
0.00512448
0.00519899
0.00527625
0.00535642
0.00543978
0.00552688
0.00561757
0.00571187
0.00580937
0.00590898
0.00601171
0.00611777
0.0062274
0.00633934
0.00645258
0.00656626
0.00667914
0.00679002
0.00689849
0.00700397
0.00710528
0.00720228
0.00729538
0.00738454
0.00746945
0.00754968
0.00762505
0.00769543
0.0077607
0.00782086
0.00787594
0.00792604
0.00797127
0.00801174
0.00804797
0.00808052
0.0081099
0.00813662
0.00816112
0.00818384
0.00820517
0.00822546
0.00824502
0.00826413
0.008283
0.00830179
0.00832061
0.00833948
0.00835836
0.00837708
0.00839534
0.00841262
0.00842766
0.00840254
0.00834858
0.00829676
0.00824918
0.00820509
0.00816411
0.00812214
0.00807393
0.00801549
0.00795713
0.00790792
0.00787473
0.0078676
0.00790699
0.0080169
0.00818401
0.0082616
0.0042149
0.00428705
0.00437414
0.0044873
0.00462104
0.00469091
0.00474666
0.00480347
0.00486207
0.00492294
0.00498648
0.005053
0.00512263
0.00519547
0.00527166
0.00535149
0.00543473
0.00552102
0.00560947
0.00569982
0.00579235
0.00588712
0.00598411
0.00608307
0.00618376
0.0062861
0.00639021
0.00649585
0.00660149
0.00667257
0.00673429
0.00679656
0.00685911
0.00692166
0.00698443
0.00704774
0.00711153
0.00717579
0.00724049
0.00730549
0.00737057
0.00743549
0.00749995
0.00756349
0.00762521
0.0076846
0.00774119
0.00779441
0.00784364
0.00788822
0.0079275
0.00796088
0.00798785
0.00800799
0.00802106
0.008027
0.00802594
0.00801826
0.00800461
0.00798605
0.00796399
0.0079397
0.00791335
0.00788463
0.00785544
0.00782865
0.00780375
0.0077828
0.00776526
0.00774841
0.007729
0.00770636
0.0076847
0.00766921
0.00766405
0.00767637
0.00772639
0.00784736
0.00803615
0.00811346
0.00426096
0.00431163
0.00437057
0.00444858
0.00454737
0.00462284
0.00466997
0.00471837
0.00476868
0.00482136
0.00487678
0.00493522
0.00499676
0.00506144
0.00512921
0.00519979
0.00527319
0.00534925
0.00542768
0.00550824
0.00559082
0.00567534
0.00576171
0.0058497
0.00593901
0.00599464
0.00604366
0.0060932
0.00614277
0.00619094
0.00623757
0.00628377
0.00633052
0.00637821
0.00642706
0.00647707
0.00652812
0.00658028
0.00663361
0.00668778
0.00674248
0.00679747
0.00685244
0.00690662
0.00695936
0.00701024
0.0070589
0.00710492
0.00714787
0.0071873
0.00722282
0.00725406
0.00728072
0.00730258
0.00731955
0.00733164
0.00733905
0.00734213
0.0073415
0.00733809
0.00733327
0.0073282
0.00732269
0.00731667
0.00731104
0.00730782
0.00730832
0.00731228
0.00731916
0.0073278
0.0073358
0.00734341
0.00735336
0.00736868
0.00739136
0.00742558
0.00748865
0.00761683
0.00781797
0.00791608
0.00421178
0.00425482
0.00430244
0.00436086
0.00443307
0.00451466
0.00459447
0.00466005
0.0047037
0.00474936
0.00479732
0.00484778
0.0049009
0.00495677
0.0050154
0.00507672
0.00514062
0.00520691
0.00526205
0.00530624
0.00534859
0.0053897
0.00542949
0.00546867
0.00550753
0.00554532
0.00558223
0.00561946
0.00565733
0.00569565
0.00573391
0.00577272
0.00581269
0.00585393
0.00589633
0.0059397
0.00598402
0.00602932
0.00607554
0.00612221
0.00616905
0.00621594
0.00626226
0.0063074
0.00635116
0.00639334
0.00643376
0.00647226
0.00650867
0.00654286
0.00657469
0.00660404
0.00663087
0.00665513
0.00667685
0.00669614
0.00671313
0.00672809
0.00674137
0.00675354
0.0067653
0.00677723
0.0067892
0.00680093
0.00681307
0.00682705
0.006844
0.00686422
0.00688764
0.00691378
0.00694192
0.00697208
0.0070057
0.00704471
0.00709002
0.00714361
0.00721868
0.00734901
0.00755154
0.00768145
0.0040194
0.00406508
0.00411286
0.00416593
0.00422575
0.00429003
0.00435366
0.00441313
0.00446783
0.00451855
0.00456647
0.00461233
0.00465632
0.00469843
0.00473861
0.0047769
0.00481366
0.00484931
0.00488376
0.00491674
0.00494842
0.00497938
0.00501028
0.0050419
0.0050742
0.00510713
0.00514037
0.00517468
0.00521036
0.00524699
0.00528422
0.00532222
0.00536126
0.00540144
0.00544274
0.00548522
0.00552864
0.00557272
0.00561702
0.00566143
0.00570566
0.00574914
0.00579164
0.00583303
0.00587317
0.00591194
0.00594927
0.00598509
0.00601935
0.006052
0.00608301
0.00611238
0.0061401
0.00616622
0.00619079
0.00621392
0.00623574
0.00625645
0.00627629
0.00629563
0.00631491
0.00633451
0.00635451
0.00637488
0.00639603
0.00641879
0.00644406
0.00647239
0.00650409
0.00653913
0.0065774
0.0066192
0.00666566
0.00671817
0.00677722
0.00684356
0.00692648
0.00705442
0.00724884
0.00740225
0.00374285
0.00379118
0.00383995
0.00389054
0.00394369
0.00399834
0.00405217
0.0041033
0.00415106
0.00419541
0.00423712
0.00427672
0.00431448
0.00435055
0.00438508
0.00441831
0.00445069
0.00448251
0.00451396
0.00454497
0.0045757
0.00460658
0.00463805
0.00467048
0.00470392
0.0047381
0.00477286
0.00480849
0.0048452
0.00488294
0.00492174
0.00496147
0.00500209
0.00504355
0.00508578
0.00512865
0.00517202
0.00521564
0.00525895
0.00530163
0.00534358
0.00538477
0.0054251
0.00546448
0.00550281
0.00554001
0.00557602
0.00561081
0.00564433
0.00567656
0.00570748
0.00573709
0.0057654
0.00579244
0.00581826
0.00584295
0.00586663
0.00588946
0.00591165
0.00593347
0.00595527
0.00597739
0.00600002
0.00602331
0.00604758
0.00607341
0.00610152
0.00613251
0.00616684
0.0062048
0.00624663
0.00629285
0.00634445
0.00640259
0.00646775
0.00654019
0.00662651
0.00674972
0.00693055
0.0070839
0.00345695
0.00350435
0.00355212
0.00360068
0.00365019
0.00370017
0.0037496
0.00379738
0.00384281
0.00388576
0.00392659
0.00396569
0.00400338
0.00403988
0.00407543
0.00411025
0.00414462
0.00417879
0.00421282
0.00424671
0.00428056
0.00431459
0.00434906
0.00438418
0.00442004
0.00445658
0.00449371
0.00453144
0.00456985
0.00460892
0.00464851
0.0046885
0.00472899
0.00476988
0.00481097
0.00485192
0.00489249
0.00493263
0.00497236
0.0050116
0.0050503
0.00508839
0.00512582
0.00516251
0.00519841
0.00523344
0.00526756
0.00530073
0.00533291
0.00536407
0.00539419
0.00542325
0.00545125
0.00547822
0.0055042
0.00552924
0.00555346
0.00557697
0.00559995
0.00562262
0.00564527
0.00566819
0.00569163
0.00571582
0.00574104
0.00576777
0.00579658
0.00582806
0.00586272
0.00590103
0.00594343
0.00599056
0.00604332
0.00610277
0.00616944
0.00624363
0.00633032
0.0064481
0.00661394
0.00674349
0.00321001
0.00325451
0.00330014
0.00334689
0.00339458
0.00344279
0.00349091
0.0035383
0.00358442
0.00362904
0.00367217
0.00371398
0.00375462
0.00379427
0.00383309
0.00387123
0.00390887
0.00394616
0.00398317
0.00401995
0.00405655
0.00409305
0.00412959
0.00416631
0.00420327
0.00424054
0.00427811
0.00431589
0.00435382
0.00439184
0.00442966
0.00446722
0.00450442
0.00454134
0.00457804
0.00461453
0.00465077
0.00468673
0.00472236
0.00475763
0.0047925
0.00482694
0.0048609
0.00489435
0.00492723
0.0049595
0.00499112
0.00502205
0.00505226
0.00508173
0.00511043
0.00513835
0.00516549
0.00519187
0.00521751
0.00524248
0.00526683
0.00529069
0.0053142
0.00533753
0.00536091
0.0053846
0.00540884
0.00543388
0.00546
0.00548757
0.00551707
0.00554905
0.00558404
0.00562255
0.00566514
0.00571251
0.00576548
0.00582495
0.00589166
0.00596599
0.00605184
0.00616458
0.00631824
0.00639487
0.00300738
0.00304708
0.00308886
0.0031325
0.00317762
0.00322378
0.00327049
0.00331726
0.00336362
0.00340927
0.00345403
0.00349787
0.0035408
0.00358286
0.00362411
0.00366464
0.00370459
0.00374398
0.00378285
0.00382123
0.00385911
0.00389654
0.00393359
0.00397035
0.00400685
0.00404305
0.00407891
0.00411445
0.0041497
0.00418467
0.00421935
0.00425372
0.00428777
0.00432151
0.00435497
0.00438818
0.00442114
0.00445385
0.00448629
0.00451843
0.00455027
0.00458179
0.00461296
0.00464377
0.00467419
0.0047042
0.00473377
0.00476287
0.0047915
0.00481962
0.00484724
0.00487435
0.00490095
0.00492705
0.00495269
0.0049779
0.00500277
0.00502737
0.00505183
0.00507629
0.00510095
0.00512602
0.00515175
0.00517834
0.00520605
0.00523521
0.00526623
0.0052996
0.00533582
0.00537542
0.00541901
0.00546729
0.00552092
0.00558058
0.00564709
0.00572047
0.00580473
0.00591527
0.00605252
0.00604818
0.00285932
0.00289046
0.00292467
0.00296155
0.0030006
0.00304138
0.00308343
0.0031263
0.00316958
0.0032129
0.00325604
0.00329884
0.00334118
0.00338299
0.00342425
0.00346492
0.00350496
0.00354438
0.00358322
0.00362149
0.00365919
0.0036963
0.00373287
0.00376897
0.00380462
0.00383984
0.00387466
0.00390907
0.00394306
0.00397664
0.00400985
0.00404271
0.00407523
0.00410744
0.00413937
0.00417103
0.00420245
0.00423363
0.00426456
0.00429523
0.00432565
0.00435582
0.00438574
0.00441542
0.00444485
0.00447402
0.00450291
0.00453153
0.00455985
0.00458787
0.00461558
0.00464298
0.00467009
0.00469691
0.00472347
0.00474981
0.00477599
0.00480208
0.0048282
0.00485447
0.00488106
0.00490819
0.00493609
0.00496492
0.00499488
0.00502628
0.00505951
0.00509496
0.00513305
0.00517423
0.00521908
0.00526838
0.00532255
0.00538178
0.00544591
0.00551628
0.0056009
0.00570589
0.00571139
0.00570776
0.00280336
0.00282148
0.0028437
0.00286947
0.00289828
0.00292971
0.00296328
0.00299854
0.003035
0.00307227
0.00311006
0.00314817
0.00318642
0.00322468
0.00326285
0.00330086
0.00333863
0.00337611
0.00341328
0.0034501
0.00348656
0.00352261
0.00355826
0.00359351
0.00362837
0.00366284
0.00369696
0.00373073
0.00376414
0.00379723
0.00383
0.00386246
0.00389462
0.0039265
0.00395814
0.00398957
0.00402082
0.00405187
0.00408272
0.00411339
0.0041439
0.00417428
0.00420454
0.00423467
0.00426467
0.00429453
0.00432423
0.00435376
0.00438311
0.00441226
0.00444122
0.00446996
0.00449851
0.00452685
0.00455502
0.00458305
0.00461097
0.00463886
0.00466679
0.00469488
0.00472328
0.00475225
0.004782
0.00481276
0.00484459
0.00487772
0.00491247
0.00494915
0.00498799
0.00502916
0.00507288
0.00511971
0.00517004
0.0052238
0.00528319
0.00535033
0.00537382
0.00537649
0.00537572
0.00537125
0.00288952
0.00289036
0.00289679
0.00290795
0.00292321
0.00294213
0.00296424
0.00298901
0.00301588
0.00304443
0.00307431
0.00310523
0.00313698
0.00316935
0.00320219
0.00323537
0.00326879
0.00330235
0.003336
0.00336977
0.00340279
0.00343581
0.00346902
0.00350238
0.0035357
0.00356902
0.00360272
0.00363548
0.00366788
0.00370011
0.00373216
0.00376404
0.00379574
0.00382728
0.00385866
0.00388997
0.00392123
0.00395248
0.00398368
0.00401479
0.00404585
0.00407688
0.00410786
0.00413877
0.00416958
0.00420025
0.00423077
0.0042611
0.00429122
0.00432112
0.00435078
0.00438018
0.00440933
0.00443823
0.00446688
0.00449532
0.00452356
0.00455166
0.00457965
0.00460761
0.00463558
0.00466369
0.00469218
0.00472122
0.00475086
0.00478122
0.00481242
0.00484467
0.00487812
0.00491281
0.00494919
0.00498859
0.00502149
0.00502834
0.00503378
0.00503759
0.00503932
0.00503862
0.00503522
0.00502895
0.00314871
0.00313346
0.00312504
0.00312267
0.00312533
0.00313222
0.00314274
0.00315637
0.00317269
0.00319123
0.00321164
0.00323364
0.00325696
0.00328141
0.0033068
0.00333299
0.00335984
0.00338724
0.00341509
0.00344334
0.00347192
0.00350076
0.00352979
0.00355897
0.00358827
0.00361765
0.00364708
0.00367657
0.00370608
0.00373558
0.00376504
0.00379445
0.0038238
0.00385306
0.00388222
0.00391127
0.00394023
0.00396914
0.00399796
0.00402665
0.00405514
0.00408341
0.00411143
0.0041392
0.00416669
0.00419388
0.00422076
0.00424731
0.00427351
0.00429936
0.00432483
0.00434994
0.00437467
0.00439903
0.00442304
0.0044467
0.00447004
0.00449308
0.00451587
0.00453839
0.00456063
0.00458295
0.00460558
0.00461861
0.00462802
0.00463691
0.00464526
0.00465306
0.00466025
0.00466679
0.00467261
0.00467763
0.00468167
0.00468446
0.00468588
0.00468573
0.0046838
0.00467985
0.0046737
0.00466523
0.00349254
0.00351089
0.00349179
0.0034751
0.0034648
0.00345982
0.00345912
0.00346197
0.00346789
0.00347632
0.00348688
0.00349925
0.00351316
0.00352838
0.00354472
0.00356202
0.00358014
0.00359896
0.00361837
0.00363832
0.00365869
0.00367938
0.00370034
0.00372157
0.00374303
0.00376471
0.0037866
0.00380866
0.00383083
0.00385304
0.00387529
0.00389756
0.00391982
0.00394203
0.00396411
0.00398613
0.00400824
0.00402492
0.00403694
0.00404873
0.00406033
0.00407173
0.00408294
0.00409396
0.0041048
0.00411545
0.00412592
0.00413619
0.00414628
0.00415617
0.00416586
0.00417534
0.00418461
0.00419366
0.00420248
0.00421106
0.00421939
0.00422747
0.00423527
0.00424279
0.00425
0.0042569
0.00426344
0.00426954
0.00427518
0.0042803
0.00428489
0.0042889
0.00429228
0.00429498
0.00429693
0.00429804
0.00429821
0.00429729
0.00429515
0.00429162
0.00428653
0.00427969
0.00427097
0.00426031
0.00329638
0.00330748
0.0033187
0.00332994
0.00334118
0.00335239
0.00336354
0.00337464
0.00338573
0.00339684
0.00340787
0.00341882
0.00342971
0.00344054
0.00345131
0.00346203
0.00347271
0.00348335
0.00349394
0.0035045
0.00351501
0.00352548
0.0035359
0.00354628
0.0035566
0.00356687
0.00357707
0.00358721
0.00359728
0.00360728
0.00361719
0.00362701
0.00363675
0.00364638
0.00365592
0.00366534
0.00367465
0.0036838
0.00369276
0.00370152
0.0037101
0.00371848
0.00372666
0.00373465
0.00374244
0.00375002
0.00375741
0.00376458
0.00377154
0.00377829
0.00378482
0.00379113
0.0037972
0.00380303
0.00380862
0.00381395
0.00381901
0.0038238
0.00382831
0.00383251
0.00383639
0.00383993
0.00384311
0.0038459
0.00384825
0.00385013
0.00385151
0.00385233
0.00385254
0.00385209
0.0038509
0.00384891
0.00384602
0.00384212
0.00383711
0.00383085
0.0038232
0.00381401
0.00380315
0.00379061
0.00306068
0.00306175
0.00306329
0.00306523
0.00306752
0.00307012
0.00307299
0.0030761
0.00307944
0.00308306
0.00308697
0.00309103
0.00309522
0.00309953
0.00310398
0.00310854
0.00311322
0.00311801
0.00312292
0.00312793
0.00313304
0.00313826
0.00314356
0.00314895
0.00315442
0.00315996
0.00316557
0.00317123
0.00317694
0.00318268
0.00318846
0.00319425
0.00320005
0.00320584
0.00321163
0.00321738
0.0032231
0.00322877
0.00323437
0.00323988
0.0032453
0.0032506
0.00325578
0.00326083
0.00326573
0.00327048
0.00327506
0.00327948
0.00328371
0.00328774
0.00329158
0.00329521
0.00329863
0.00330181
0.00330476
0.00330746
0.0033099
0.00331207
0.00331396
0.00331554
0.00331681
0.00331774
0.00331831
0.0033185
0.00331828
0.00331761
0.00331646
0.00331479
0.00331255
0.00330968
0.00330613
0.00330182
0.00329667
0.00329061
0.00328352
0.00327531
0.00326585
0.00325501
0.00324269
0.00322888
0.00274469
0.00273587
0.0027274
0.00271929
0.00271156
0.00270422
0.00269727
0.00269071
0.00268454
0.00267876
0.0026734
0.00266858
0.00266415
0.00266004
0.00265625
0.00265279
0.00264965
0.00264681
0.00264429
0.00264206
0.00264012
0.00263847
0.0026371
0.00263599
0.00263514
0.00263454
0.00263418
0.00263404
0.00263412
0.0026344
0.00263486
0.00263551
0.00263631
0.00263727
0.00263835
0.00263956
0.00264087
0.00264227
0.00264374
0.00264527
0.00264684
0.00264843
0.00265002
0.00265161
0.00265317
0.00265468
0.00265614
0.00265752
0.00265882
0.00266001
0.00266108
0.00266202
0.00266282
0.00266345
0.00266391
0.00266418
0.00266425
0.00266409
0.0026637
0.00266306
0.00266215
0.00266094
0.00265942
0.00265757
0.00265535
0.00265275
0.00264971
0.00264622
0.00264222
0.00263767
0.00263251
0.00262669
0.00262014
0.00261278
0.00260453
0.00259531
0.002585
0.00257351
0.00256074
0.00254666
0.00224131
0.00222421
0.00220738
0.0021909
0.0021748
0.00215912
0.0021439
0.00212915
0.0021149
0.00210116
0.00208795
0.00207527
0.00206321
0.0020518
0.0020409
0.00203045
0.00202046
0.00201092
0.00200183
0.00199317
0.00198495
0.00197714
0.00196973
0.00196272
0.00195609
0.00194984
0.00194394
0.00193839
0.00193317
0.00192827
0.00192367
0.00191936
0.00191533
0.00191155
0.00190801
0.00190471
0.00190162
0.00189872
0.00189601
0.00189347
0.00189108
0.00188882
0.00188668
0.00188464
0.00188269
0.00188081
0.00187899
0.0018772
0.00187544
0.00187368
0.00187191
0.00187012
0.00186829
0.00186641
0.00186445
0.0018624
0.00186025
0.00185799
0.00185558
0.00185303
0.0018503
0.00184739
0.00184426
0.00184091
0.0018373
0.00183341
0.00182922
0.00182469
0.00181978
0.00181447
0.0018087
0.00180244
0.00179562
0.00178819
0.0017801
0.00177126
0.00176161
0.00175107
0.00173956
0.00172706
0.00136583
0.00134809
0.00133079
0.00131397
0.00129762
0.00128177
0.00126643
0.00125161
0.00123731
0.00122353
0.00121026
0.00119749
0.00118521
0.00117342
0.00116217
0.00115145
0.00114117
0.00113123
0.00112164
0.00111239
0.00110347
0.00109487
0.00108658
0.00107861
0.00107092
0.00106352
0.00105641
0.00104957
0.00104299
0.00103667
0.00103058
0.00102473
0.0010191
0.00101369
0.00100847
0.00100345
0.000998609
0.000993943
0.000989441
0.000985093
0.00098089
0.000976824
0.000972885
0.000969064
0.000965352
0.000961741
0.000958221
0.000954784
0.000951421
0.000948123
0.000944882
0.000941689
0.000938535
0.000935413
0.000932312
0.000929225
0.000926142
0.000923055
0.000919953
0.000916828
0.000913669
0.000910466
0.000907206
0.000903879
0.000900469
0.000896965
0.000893349
0.000889605
0.000885715
0.000881658
0.000877411
0.00087295
0.000868247
0.000863269
0.000857985
0.000852365
0.000846376
0.00083999
0.000833181
0.00082597
0.000270478
0.000268193
0.000265937
0.000263716
0.000261536
0.000259399
0.000257306
0.000255258
0.000253257
0.000251301
0.000249393
0.000247531
0.000245715
0.000243945
0.000242221
0.000240543
0.000238911
0.000237327
0.000235791
0.000234299
0.00023285
0.000231442
0.000230073
0.000228743
0.00022745
0.000226192
0.000224969
0.000223778
0.00022262
0.000221493
0.000220396
0.000219327
0.000218287
0.000217274
0.000216287
0.000215325
0.000214388
0.000213474
0.000212584
0.000211715
0.000210867
0.00021004
0.000209232
0.000208443
0.000207672
0.000206918
0.000206181
0.00020546
0.000204754
0.000204062
0.000203384
0.000202719
0.000202066
0.000201425
0.000200794
0.000200173
0.000199562
0.000198959
0.000198364
0.000197775
0.000197194
0.000196617
0.000196046
0.000195478
0.000194914
0.000194352
0.00019379
0.00019323
0.000192668
0.000192105
0.000191539
0.000190969
0.000190393
0.00018981
0.000189219
0.000188618
0.000188004
0.000187377
0.000186733
0.000186071
0.000182061
0.000161062
0.000262728
0.000511858
0.000537805
0.00064176
0.00100075
0.00111873
0.00118894
0.00187461
0.00187182
0.00200231
0.00266958
0.00279623
0.00309948
0.00380402
0.00397056
0.00422332
0.00492394
0.00506683
0.00525243
0.00590262
0.00601576
0.00618031
0.00679006
0.00690224
0.00706811
0.0075376
0.00765008
0.00781291
0.0080696
0.00817651
0.00817568
0.00831135
0.00827303
0.00822577
0.00830038
0.00825022
0.00819077
0.00821166
0.00815614
0.00809138
0.008063
0.00800693
0.00794186
0.00786873
0.00781564
0.00775384
0.00763982
0.00759217
0.00753605
0.00736808
0.00732761
0.00727897
0.00705748
0.00702482
0.00698445
0.00672407
0.00669877
0.00666645
0.006381
0.00636188
0.00633654
0.00603796
0.0060233
0.00600334
0.00569937
0.00568739
0.00567097
0.00536315
0.00535219
0.00533757
0.00502007
0.00500891
0.0049947
0.00465502
0.00464294
0.00462828
0.00424863
0.00423536
0.00421986
0.00377764
0.00376329
0.00374696
0.00321514
0.00320013
0.00318339
0.00253303
0.00251827
0.00250202
0.00171522
0.00170249
0.00168864
0.000819277
0.000812105
0.000804385
0.000185484
0.00018488
0.000184256
6.7486e-05
0.000110086
0.000131087
0.000147958
0.000162577
0.000175788
0.000188065
0.000199715
0.000211015
0.000222313
0.00023415
0.000245803
0.000257028
0.000267963
0.000278761
0.000289534
0.000300367
0.000311434
0.000324014
0.000339281
0.000355515
0.000372659
0.000391622
0.00034142
0.000439645
9.21324e-05
0.000282399
0.000360589
0.000455105
0.000575987
0.000719211
0.000879802
0.00105064
0.00122221
0.00138198
0.00151347
0.00162083
0.00172129
0.00181776
0.00191062
0.00199918
0.00208156
0.00215248
0.00223726
0.00224389
0.00191514
0.00160468
0.00130869
0.00108962
0.000733885
0.000107091
0.000443892
0.000635207
0.00085857
0.00113596
0.001455
0.00179656
0.00213939
0.00246337
0.00275125
0.00298869
0.00319006
0.00337104
0.0035357
0.00368359
0.00381177
0.0039148
0.00328173
0.00275512
0.00238793
0.0020813
0.00181191
0.00156665
0.00138367
0.00121562
0.000118988
0.00060991
0.000961468
0.00134082
0.0017794
0.00225307
0.00272958
0.0031806
0.00358619
0.00393449
0.00421536
0.00444911
0.00464806
0.00481629
0.00495315
0.00505444
0.00420276
0.00343591
0.00292976
0.00256887
0.00227756
0.00202143
0.00179081
0.00158815
0.00141699
0.000131772
0.000791162
0.00133625
0.00187914
0.00245799
0.00303955
0.0035901
0.00408452
0.00450994
0.00486219
0.00513739
0.0053563
0.00552999
0.00566288
0.00575481
0.00518326
0.00418405
0.00356935
0.00316786
0.00282508
0.00251349
0.00223979
0.00200705
0.00181712
0.00167528
0.000119094
0.000975559
0.0015246
0.00226776
0.0031353
0.00377786
0.00435163
0.0048407
0.00524343
0.00556348
0.00580378
0.0059829
0.00611143
0.00619409
0.00613048
0.00495388
0.00417667
0.00371695
0.00335483
0.00301441
0.00270584
0.0024413
0.00222114
0.00204252
0.00190598
0.000167626
0.000616061
0.00137261
0.00213807
0.00309003
0.00425149
0.00501424
0.00546478
0.00581972
0.00608934
0.00628093
0.0064108
0.00648889
0.0065196
0.00563012
0.00475629
0.00422399
0.00385028
0.00350587
0.00317991
0.00288989
0.002642
0.00243488
0.00226677
0.00213744
0.000407766
0.000791213
0.00135795
0.00212634
0.00301322
0.0040242
0.00508549
0.00598755
0.00627979
0.00649109
0.00662886
0.00670724
0.00673597
0.00607387
0.00525172
0.00468373
0.00429422
0.00395968
0.00363618
0.00333465
0.003068
0.00283921
0.00264683
0.00248908
0.00236465
0.000717382
0.00122592
0.00177353
0.00252135
0.00331185
0.00414704
0.00496343
0.00569913
0.00630755
0.00672883
0.00688025
0.00671126
0.00623768
0.00562484
0.00508917
0.00468663
0.00435949
0.00405278
0.00375775
0.00348549
0.00324431
0.00303564
0.00285811
0.00271021
0.00259053
0.00129747
0.00198533
0.0026795
0.00334348
0.00398803
0.00462063
0.00521414
0.00573772
0.00615703
0.00640539
0.00643597
0.00623313
0.00585358
0.00542713
0.0050453
0.00472447
0.00443675
0.00415962
0.00389377
0.00364879
0.00343059
0.00323961
0.00307462
0.00293453
0.00281798
0.00241473
0.00309885
0.00373679
0.00426333
0.00478496
0.00529843
0.00576378
0.00612999
0.0063534
0.00641259
0.00630823
0.00606816
0.00574706
0.00541123
0.00510374
0.00482796
0.00456724
0.00431255
0.00406814
0.00384302
0.00364131
0.00346234
0.003305
0.0031687
0.00305217
0.00357717
0.00410393
0.0045925
0.00507038
0.00556887
0.00605508
0.00646263
0.00671781
0.00679072
0.0067011
0.00649095
0.00620914
0.00589915
0.00559284
0.00530798
0.0050433
0.00478939
0.00454104
0.00430416
0.00408718
0.00389194
0.00371612
0.00355881
0.00342009
0.00329856
0.00455783
0.00494657
0.00537179
0.00584859
0.00635247
0.00680834
0.00712847
0.00727126
0.00724954
0.00710286
0.00687327
0.00659251
0.00628558
0.00597644
0.00568073
0.00540083
0.00513104
0.00486912
0.00462219
0.00439813
0.00419575
0.00401107
0.00384365
0.00369425
0.00356087
0.0054987
0.00582536
0.00623347
0.00669652
0.00714335
0.00748156
0.00755641
0.0075346
0.00747803
0.0073925
0.00728284
0.00709661
0.00680745
0.00650282
0.00620128
0.00590358
0.00560518
0.00531039
0.00503426
0.00478486
0.00455853
0.0043509
0.00416189
0.00399222
0.0038385
0.00642059
0.00675277
0.00715284
0.00755099
0.00767432
0.00767262
0.0076363
0.00756976
0.00747732
0.00736311
0.00723063
0.00708414
0.00692746
0.00676351
0.00659488
0.00642366
0.00616236
0.00582851
0.00551677
0.005234
0.00497237
0.00472834
0.0045064
0.00430648
0.00412324
0.00731304
0.00762745
0.00782116
0.00782117
0.00779365
0.00773928
0.00766002
0.00755868
0.00743801
0.0073017
0.00715367
0.0069967
0.00683344
0.00666622
0.00649704
0.00632734
0.00615651
0.00598373
0.00580913
0.00563243
0.00541158
0.00512043
0.00485661
0.00461936
0.00440011
0.00801066
0.00799601
0.00796377
0.00791203
0.00784003
0.00774823
0.00763768
0.00751128
0.00737172
0.00722161
0.00706356
0.00689996
0.00673297
0.00656456
0.00639645
0.00622933
0.0060617
0.00589296
0.00572307
0.00555129
0.00537601
0.00519467
0.00500396
0.00479949
0.00457588
0.00813777
0.00808376
0.00801455
0.00792917
0.00782773
0.00771134
0.00758141
0.00743988
0.00728888
0.00713055
0.00696701
0.00680029
0.00663232
0.00646487
0.00629937
0.00613519
0.00597066
0.00580561
0.00563982
0.0054724
0.00530167
0.00512503
0.00493892
0.00473871
0.00451889
0.00816478
0.00808668
0.007995
0.00788976
0.00777154
0.0076414
0.00750074
0.00735122
0.00719462
0.00703279
0.0068676
0.00670088
0.0065344
0.0063698
0.00620785
0.00604652
0.00588498
0.00572334
0.00556122
0.00539762
0.00523076
0.00505795
0.00487552
0.00467874
0.00446197
0.00811693
0.00802605
0.00792286
0.0078078
0.00768165
0.00754552
0.00740072
0.00724876
0.00709125
0.00692988
0.00676636
0.00660237
0.0064395
0.0062792
0.00612056
0.00596193
0.00580341
0.00564502
0.00548626
0.00532604
0.00516248
0.00499282
0.00481331
0.00461916
0.00440462
0.00801213
0.00791649
0.00780948
0.00769172
0.00756411
0.00742775
0.0072839
0.00713397
0.00697946
0.00682191
0.00666286
0.00650376
0.00634592
0.00619002
0.00603431
0.0058786
0.00572322
0.00556806
0.00541253
0.00525541
0.00509472
0.00492767
0.00475043
0.00455818
0.00434512
0.00786261
0.00776793
0.00766262
0.00754741
0.00742321
0.00729106
0.00715219
0.00700786
0.00685942
0.00670819
0.0065555
0.00640256
0.00625012
0.00609784
0.00594524
0.0057929
0.00564101
0.00548932
0.00533707
0.00518294
0.00502488
0.00486002
0.00468452
0.00449353
0.00428127
0.00767847
0.00758878
0.00748912
0.0073802
0.00726287
0.0071381
0.00700695
0.00687054
0.00672998
0.00658639
0.00644076
0.00629386
0.00614629
0.00599775
0.00584923
0.00570109
0.00555333
0.00540554
0.00525683
0.00510575
0.00495018
0.00478722
0.00461302
0.00442278
0.00421074
0.00746699
0.00738459
0.00729261
0.0071917
0.00708265
0.00696634
0.0068437
0.00671572
0.00658338
0.00644764
0.00630931
0.00616905
0.00602758
0.00588526
0.00574251
0.00559973
0.00545696
0.00531366
0.00516883
0.00502094
0.00486782
0.00470654
0.0045333
0.00434335
0.00413105
0.0072182
0.00714504
0.00706262
0.0069715
0.00687239
0.00676606
0.00665333
0.00653509
0.00641223
0.00628563
0.00615612
0.00602445
0.00589127
0.00575706
0.0056219
0.00548594
0.00534902
0.0052108
0.00507021
0.00492566
0.00477496
0.00461517
0.00444257
0.00425254
0.00403961
0.00693303
0.00687029
0.00679876
0.0067189
0.0066313
0.00653661
0.00643555
0.00632886
0.00621731
0.00610169
0.00598271
0.00586107
0.00573736
0.005612
0.00548525
0.00535697
0.0052269
0.00509423
0.00495812
0.00481698
0.00466861
0.00451014
0.00433789
0.00414745
0.0039336
0.00662432
0.00657206
0.00651161
0.00644334
0.00636769
0.00628518
0.00619637
0.00610189
0.00600236
0.00589841
0.00579067
0.00567969
0.00556595
0.00544982
0.00533149
0.0052109
0.00508766
0.00496099
0.00482954
0.00469178
0.00454562
0.00438822
0.00421605
0.00402494
0.00381003
0.00630276
0.00626006
0.00620992
0.00615257
0.00608831
0.00601751
0.00594059
0.005858
0.00577024
0.00567779
0.00558112
0.00548067
0.00537679
0.00526972
0.00515957
0.00504622
0.00492928
0.00480799
0.00468102
0.00454661
0.00440244
0.00424587
0.00407355
0.00388161
0.00366569
0.00597624
0.00594146
0.00590008
0.00585219
0.00579795
0.00573758
0.00567134
0.00559956
0.00552255
0.00544067
0.00535422
0.00526352
0.00516877
0.0050701
0.0049675
0.00486076
0.0047494
0.00463263
0.00450925
0.00437747
0.00423512
0.00407915
0.00390654
0.00371382
0.00349716
0.00564856
0.00561963
0.00558496
0.00554453
0.00549836
0.00544656
0.00538923
0.00532656
0.00525873
0.00518592
0.00510833
0.00502609
0.00493931
0.00484797
0.00475194
0.00465091
0.00454431
0.00443128
0.00431059
0.00418057
0.00403906
0.00388358
0.00371083
0.00348312
0.00314415
0.00531784
0.00529264
0.00526251
0.00522734
0.00518709
0.00514172
0.00509125
0.00503571
0.00497515
0.00490964
0.00483923
0.00476392
0.00468367
0.00459836
0.00450774
0.00441137
0.00430863
0.00419857
0.00407992
0.00395107
0.00381002
0.00365447
0.0033741
0.00306499
0.00277522
0.00497599
0.00495268
0.00492516
0.00489329
0.00485693
0.00481597
0.00477034
0.00471997
0.00466481
0.00460479
0.00453984
0.00446986
0.00439468
0.00431407
0.00422766
0.00413496
0.00403523
0.00392752
0.00381057
0.00368289
0.00348557
0.00321319
0.00294052
0.00268519
0.00245356
0.00460947
0.00458676
0.00456044
0.00453032
0.00449624
0.00445804
0.00441557
0.0043687
0.00431727
0.00426115
0.00420015
0.00413408
0.00406267
0.0039856
0.00390244
0.00381259
0.00371536
0.00360987
0.00347637
0.0032479
0.00300934
0.0027739
0.00255237
0.00234852
0.00215909
0.00420038
0.00417753
0.00415153
0.0041222
0.00408933
0.00405273
0.00401224
0.00396764
0.00391875
0.00386534
0.00380719
0.00374402
0.00367551
0.00360127
0.00352083
0.0034336
0.00333909
0.00317298
0.00297285
0.00276841
0.00256788
0.00237739
0.00219887
0.00203171
0.00187269
0.00372672
0.00370353
0.00367755
0.00364859
0.00361645
0.00358093
0.00354183
0.00349893
0.003452
0.00340081
0.00334509
0.00328454
0.00321883
0.00314755
0.00307025
0.00298644
0.00283981
0.00266735
0.00249295
0.00232295
0.00215994
0.00200512
0.00185857
0.00171944
0.00158548
0.00316278
0.0031396
0.00311395
0.00308563
0.00305447
0.00302026
0.00298282
0.00294192
0.00289737
0.00284893
0.00279634
0.00273936
0.00267767
0.00261098
0.0025389
0.00246105
0.00232843
0.00218361
0.00204126
0.00190309
0.00177005
0.00164279
0.00152133
0.00140518
0.00129295
0.0024821
0.00246003
0.00243585
0.00240941
0.00238054
0.00234908
0.00231487
0.00227775
0.00223755
0.00219411
0.00214726
0.00209683
0.00204265
0.00198455
0.00192234
0.00185584
0.00178453
0.00170833
0.00160016
0.0014892
0.00138168
0.00127819
0.00117877
0.00108335
0.00099123
0.00167171
0.00165323
0.00163325
0.00161166
0.00158834
0.00156316
0.00153605
0.00150696
0.0014758
0.00144251
0.00140703
0.00136933
0.00132937
0.00128712
0.00124259
0.00119579
0.00114676
0.00109553
0.00104202
0.000986448
0.000929133
0.000870437
0.000810755
0.000750526
0.00068555
0.000795022
0.00078504
0.000774389
0.000763084
0.000751132
0.000738479
0.000725086
0.00071094
0.000696036
0.00068038
0.000663975
0.000646835
0.000628976
0.000610421
0.000591199
0.000571347
0.000550909
0.000529934
0.000508477
0.000486597
0.000464363
0.000441848
0.000419129
0.000396282
0.000373311
0.000183519
0.000182751
0.000181949
0.000181107
0.000180225
0.000179297
0.000178318
0.000177286
0.000176194
0.000175036
0.000173808
0.000172503
0.000171114
0.000169633
0.000168052
0.000166361
0.000164551
0.000162608
0.00016052
0.00015827
0.00015584
0.000153207
0.000150343
0.000147215
0.000143776
0.000144473
0.000946902
0.00123007
0.001518
0.00182119
0.00204765
0.00202642
0.00160637
0.000819726
0.000179061
0.000146026
0.000888494
0.00118461
0.00150502
0.0018197
0.00206224
0.00205369
0.00163558
0.000834761
0.000179591
0.000153479
0.000868654
0.0011437
0.00149036
0.00181802
0.00207816
0.00208314
0.00166697
0.00085091
0.000180066
0.000163463
0.000836577
0.00109007
0.00147493
0.00181629
0.00209485
0.0021138
0.00169993
0.000868712
0.000180483
0.00017468
0.00080706
0.00103947
0.00145835
0.00181437
0.00211222
0.00214557
0.00173435
0.000887706
0.000180833
0.000187639
0.000775668
0.000988101
0.00144069
0.00181242
0.00213041
0.00217853
0.00177029
0.000908104
0.000181107
0.000202572
0.000742645
0.000936741
0.001422
0.00181064
0.00214959
0.00221267
0.00180764
0.000929936
0.000181295
0.000220193
0.000707858
0.000885944
0.00140245
0.00180934
0.00216996
0.00224798
0.00184619
0.000953207
0.000181386
0.000274638
0.000673247
0.000833097
0.00138233
0.00180897
0.00219185
0.00228441
0.00188556
0.000977765
0.000181372
0.000276871
0.000636497
0.000782636
0.00136207
0.00181019
0.00221567
0.00232189
0.00192512
0.00100327
0.000181242
0.000277199
0.000598175
0.00073938
0.00134258
0.00181399
0.00224201
0.00236028
0.00196394
0.00102909
0.000180988
0.000274103
0.000565491
0.000701811
0.00132546
0.00182176
0.00227161
0.00239938
0.00200084
0.00105394
0.000180608
0.000264948
0.000525931
0.00071092
0.00131289
0.00183519
0.00230525
0.00243874
0.00203426
0.00107556
0.000180101
0.000247874
0.000486868
0.000753366
0.0013093
0.00185615
0.0023433
0.00247886
0.00206321
0.00109242
0.000179435
0.000220917
0.000444149
0.000852423
0.00131559
0.00189148
0.00239534
0.00252292
0.00208775
0.00110531
0.000178466
0.00019075
0.000401188
0.000887773
0.00134716
0.00195387
0.00246631
0.00257011
0.00210495
0.00111257
0.000177135
0.000174447
0.00036464
0.000907198
0.0014147
0.00205378
0.00255978
0.00261726
0.00211064
0.00111222
0.000175411
0.000212021
0.000342981
0.000969855
0.001534
0.00220321
0.00267623
0.00251468
0.00203559
0.0011025
0.000173281
0.000183868
0.000584338
0.0010935
0.00173305
0.00227178
0.00210436
0.00190174
0.00161653
0.00108322
0.000170767
0.00019073
0.00076149
0.00104646
0.00156891
0.00174624
0.00166449
0.00157287
0.00138071
0.00105953
0.000167946
0.000645305
0.000636884
0.000935747
0.00133833
0.00146954
0.00147486
0.00142264
0.00126696
0.00101424
0.000164919
0.000761595
0.000979673
0.0012434
0.0013783
0.00142979
0.00144018
0.00138003
0.00123315
0.000987939
0.00016198
0.00112228
0.00114535
0.00129417
0.00142428
0.00146613
0.00145585
0.00139135
0.00125099
0.000970674
0.000159167
0.00132983
0.00135466
0.00143865
0.00150122
0.00152567
0.0015138
0.00144815
0.0013095
0.000942279
0.000156573
0.00158705
0.00155813
0.00158306
0.00162213
0.0016364
0.00161105
0.00153856
0.00139969
0.000916761
0.000154281
0.00181539
0.0017748
0.00177047
0.00177555
0.0017684
0.00173104
0.00165483
0.0015152
0.000894428
0.000152313
0.002045
0.00198836
0.00195967
0.0019433
0.00192083
0.00187269
0.0017934
0.00164858
0.000874993
0.000150663
0.00227039
0.00220449
0.0021606
0.0021272
0.00208887
0.00203236
0.00195094
0.00164882
0.000857794
0.000149313
0.00249512
0.00242168
0.00236603
0.00231916
0.0022668
0.00220349
0.00211763
0.00161792
0.000843531
0.000148198
0.00272083
0.00264098
0.00257566
0.00251595
0.00245191
0.00238152
0.00220694
0.00159025
0.000832698
0.000147326
0.00295115
0.00286388
0.00278792
0.00271421
0.00264064
0.00255889
0.00217228
0.00156551
0.000824729
0.000146654
0.00318973
0.00309181
0.00300173
0.00291398
0.00282908
0.00265537
0.00213942
0.00154423
0.000819076
0.000146141
0.00343825
0.00332378
0.00321535
0.00311414
0.00300933
0.00261872
0.00210799
0.00152555
0.000815151
0.000145747
0.00369399
0.00355612
0.00342857
0.00330674
0.00304059
0.00258205
0.00207851
0.00150866
0.000812433
0.000145441
0.00394901
0.00378423
0.00363191
0.00341586
0.003001
0.00254583
0.00205024
0.0014927
0.000810463
0.000145193
0.00419196
0.00399621
0.0037455
0.00337328
0.00296031
0.00251002
0.00202231
0.00147688
0.000808836
0.00014498
0.00432084
0.00402876
0.00369896
0.00332878
0.0029192
0.00247389
0.00199385
0.00146051
0.000807194
0.000144778
0.00426709
0.00397792
0.0036507
0.00328324
0.00287703
0.00243651
0.00196402
0.00144296
0.000805205
0.00014457
0.00421277
0.00392601
0.003601
0.0032359
0.00283276
0.0023969
0.00193201
0.00142363
0.000802553
0.000144336
0.00415721
0.00387211
0.00354865
0.00318546
0.00278519
0.00235403
0.00189705
0.00140197
0.000798932
0.000144062
0.00409868
0.00381451
0.00349205
0.00313044
0.00273304
0.0023069
0.00185837
0.00137743
0.000794042
0.00014373
0.00403512
0.00375126
0.00342941
0.00306929
0.00267501
0.00225446
0.00181521
0.0013495
0.000787586
0.000143326
0.00396429
0.00368031
0.00335885
0.00300037
0.00260974
0.00219566
0.00176683
0.0013177
0.000779277
0.000142836
0.00388387
0.00359949
0.00327845
0.002922
0.00253586
0.00212947
0.00171253
0.00128158
0.000768838
0.000142245
0.00379138
0.00350652
0.00318617
0.00283243
0.00245193
0.00205484
0.00165166
0.00124074
0.000756005
0.000141538
0.00368418
0.00339898
0.00307982
0.00272978
0.00235649
0.00197079
0.00158365
0.00119487
0.000740528
0.0001407
0.00355945
0.00327429
0.00295708
0.00261206
0.00224812
0.0018765
0.00150812
0.00114372
0.000722173
0.000139713
0.00341417
0.00312962
0.00276613
0.0024348
0.00212559
0.00177146
0.00142489
0.00108716
0.000700711
0.000138556
0.00316491
0.00280896
0.00249105
0.00220212
0.0019274
0.0016557
0.00133406
0.00102509
0.000675897
0.000137198
0.00281538
0.00251802
0.0022499
0.00199419
0.00173917
0.00148473
0.00123589
0.0009574
0.000647431
0.000135598
0.00250817
0.0022625
0.00202883
0.00179687
0.00156136
0.00132413
0.00109194
0.000853697
0.000614937
0.00013369
0.00223442
0.00202333
0.00181505
0.00160457
0.00138912
0.00117182
0.000958264
0.000743074
0.000573885
0.000131378
0.00197328
0.00178898
0.00160424
0.00141579
0.00122149
0.00102587
0.000834058
0.000641579
0.000492801
0.00012851
0.00171331
0.0015541
0.0013931
0.00122743
0.00105641
0.000885563
0.0007165
0.000547135
0.000420043
0.00012503
0.00144998
0.00131415
0.0011776
0.00103735
0.000892918
0.000750124
0.000604003
0.000458329
0.000354749
0.000114223
0.00117937
0.00106605
0.000953195
0.000840637
0.000730983
0.000616995
0.000494018
0.000376043
0.000297999
9.28656e-05
0.000898461
0.000807492
0.000719633
0.000636278
0.000559366
0.000480248
0.000384463
0.000304932
0.000262923
0.000104951
0.000616515
0.000550564
0.00048938
0.000435576
0.000385437
0.00032948
0.000276532
0.000244895
0.000247159
9.38842e-05
0.000349273
0.000320591
0.000284152
0.00025285
0.000220639
0.000190803
0.000178284
0.000187606
0.000197429
6.58174e-05
0.000139776
0.000135261
0.000114927
9.12189e-05
6.81446e-05
6.87263e-05
9.2334e-05
7.31692e-05
5.8274e-05
4.42855e-05
)
;

boundaryField
{
    inlet
    {
        type            calculated;
        value           uniform 0.0126982;
    }
    outlet
    {
        type            calculated;
        value           nonuniform List<scalar> 10(0.000144628 0.000950575 0.00123007 0.001518 0.00182119 0.00204765 0.00202642 0.00160637 0.000819726 0.000179061);
    }
    walls
    {
        type            nutUBlendedWallFunction;
        blending        stepwise;
        Cmu             0.09;
        kappa           0.41;
        E               9.8;
        n               4;
        value           nonuniform List<scalar> 
446
(
1.00745e-05
1.00718e-05
1.00678e-05
1.00632e-05
1.00589e-05
1.00548e-05
1.0051e-05
1.00474e-05
1.0044e-05
1.00407e-05
1.00375e-05
1.00343e-05
1.00312e-05
1.00281e-05
1.00249e-05
1.00216e-05
1.0018e-05
1.00139e-05
1.00093e-05
1.00037e-05
9.99703e-06
9.98877e-06
9.9785e-06
9.96578e-06
9.95015e-06
9.93118e-06
9.90843e-06
9.8805e-06
9.84719e-06
9.80771e-06
9.76131e-06
9.70711e-06
9.64387e-06
9.57015e-06
9.48432e-06
9.38451e-06
9.26866e-06
9.13451e-06
8.97963e-06
8.80152e-06
8.59759e-06
8.36516e-06
8.10145e-06
7.80388e-06
7.4698e-06
7.09643e-06
6.68071e-06
6.21898e-06
5.70659e-06
5.13737e-06
4.50258e-06
3.78968e-06
2.9841e-06
2.02641e-06
9.42172e-07
6.88109e-08
4.82715e-07
7.37886e-07
6.67368e-07
1.11705e-07
5.18446e-07
8.98144e-07
9.86669e-07
4.94815e-07
0
5.74016e-07
1.44824e-06
2.32088e-06
3.19209e-06
3.98525e-06
4.69788e-06
5.35796e-06
5.96959e-06
6.53648e-06
7.06497e-06
7.55708e-06
8.01424e-06
8.43778e-06
8.82896e-06
9.18901e-06
9.51919e-06
9.8208e-06
1.00952e-05
1.03439e-05
1.05683e-05
1.077e-05
1.09505e-05
1.11115e-05
1.12545e-05
1.1381e-05
1.14926e-05
1.15906e-05
1.16764e-05
1.17512e-05
1.18168e-05
1.1868e-05
1.19127e-05
1.1951e-05
1.1989e-05
1.2022e-05
1.20507e-05
1.20749e-05
1.20952e-05
1.21123e-05
1.21267e-05
1.21386e-05
1.21485e-05
1.21564e-05
1.21626e-05
1.21675e-05
1.21711e-05
1.21737e-05
1.21753e-05
1.21761e-05
1.21761e-05
1.21755e-05
1.21742e-05
1.21723e-05
1.217e-05
1.21671e-05
1.21637e-05
1.21599e-05
1.21557e-05
1.2151e-05
1.21459e-05
1.21404e-05
1.21346e-05
1.21283e-05
1.21217e-05
1.21147e-05
1.21072e-05
1.20994e-05
1.20911e-05
1.20824e-05
1.20732e-05
1.20636e-05
1.20535e-05
1.20429e-05
1.20318e-05
1.20201e-05
1.20079e-05
1.19952e-05
1.19818e-05
1.19678e-05
1.19532e-05
1.1938e-05
1.19221e-05
1.19055e-05
1.18881e-05
1.18701e-05
1.18512e-05
1.18316e-05
1.18111e-05
1.17898e-05
1.17676e-05
1.17445e-05
1.17205e-05
1.16955e-05
1.16695e-05
1.16424e-05
1.16142e-05
1.15848e-05
1.15543e-05
1.15224e-05
1.14891e-05
1.14545e-05
1.14182e-05
1.13803e-05
1.13406e-05
1.12989e-05
1.12552e-05
1.12091e-05
1.11606e-05
1.11093e-05
1.10551e-05
1.09977e-05
1.09367e-05
1.08711e-05
1.08098e-05
1.07454e-05
1.06791e-05
1.06005e-05
1.05152e-05
1.04223e-05
1.03224e-05
1.02155e-05
1.01011e-05
9.97852e-06
9.84697e-06
9.70572e-06
9.55403e-06
9.39112e-06
9.21613e-06
9.0281e-06
8.826e-06
8.60868e-06
8.37488e-06
8.12323e-06
7.85223e-06
7.56027e-06
7.24558e-06
6.90622e-06
6.53992e-06
6.14407e-06
5.7155e-06
5.25248e-06
4.72856e-06
4.14954e-06
3.51299e-06
2.81209e-06
2.03054e-06
1.17281e-06
4.37861e-07
2.53243e-08
2.34414e-07
0
9.15827e-06
9.00203e-06
8.86428e-06
8.74027e-06
8.62615e-06
8.51828e-06
8.41338e-06
8.30854e-06
8.20113e-06
8.08878e-06
7.9693e-06
7.84059e-06
7.70067e-06
7.54757e-06
7.37937e-06
7.19411e-06
6.98983e-06
6.76442e-06
6.51565e-06
6.24099e-06
5.93748e-06
5.60148e-06
5.22834e-06
4.81156e-06
4.34219e-06
3.81083e-06
3.21118e-06
2.52328e-06
1.71762e-06
9.7125e-07
2.87335e-07
1.37461e-07
4.48695e-07
1.0872e-05
1.05691e-05
1.02746e-05
9.99975e-06
9.75026e-06
9.52777e-06
9.3311e-06
1.16532e-05
1.17122e-05
1.17614e-05
1.1814e-05
1.18682e-05
1.19239e-05
1.19804e-05
1.20366e-05
1.20908e-05
1.21405e-05
1.21814e-05
1.2208e-05
1.22145e-05
1.21942e-05
1.21388e-05
1.20413e-05
1.18968e-05
1.17021e-05
1.1459e-05
1.1177e-05
5.01356e-06
4.60716e-06
4.38009e-06
4.07322e-06
3.75968e-06
3.41374e-06
3.03422e-06
2.61182e-06
2.16401e-06
1.64674e-06
1.08278e-06
4.56864e-07
1.8158e-08
5.00756e-07
8.93811e-07
1.01824e-06
8.99519e-07
6.57011e-07
2.736e-06
5.34239e-06
2.54658e-08
3.76604e-07
1.05606e-06
1.66965e-06
2.16396e-06
2.5476e-06
2.83202e-06
3.02893e-06
3.1488e-06
3.20068e-06
3.19157e-06
3.12657e-06
3.00678e-06
2.82912e-06
2.58792e-06
2.27896e-06
1.8915e-06
1.35607e-06
6.73978e-07
6.95371e-09
5.50069e-07
1.62316e-06
3.02874e-06
4.16473e-06
7.29236e-06
1.28238e-08
2.98606e-08
3.38412e-07
7.39057e-07
1.1018e-06
1.4225e-06
1.70569e-06
1.95313e-06
2.16889e-06
2.35699e-06
2.52115e-06
2.66474e-06
2.79066e-06
2.90141e-06
2.99913e-06
3.08558e-06
3.16228e-06
3.23048e-06
3.29123e-06
3.3454e-06
3.3937e-06
3.43675e-06
3.47503e-06
3.50895e-06
3.53883e-06
3.56495e-06
3.5875e-06
3.60665e-06
3.62252e-06
3.63518e-06
3.64465e-06
3.65085e-06
3.65375e-06
3.6534e-06
3.64967e-06
3.6424e-06
3.63158e-06
3.61724e-06
3.59885e-06
3.57581e-06
3.54786e-06
3.51485e-06
3.47633e-06
3.43181e-06
3.38069e-06
3.32237e-06
3.25608e-06
3.18094e-06
3.09592e-06
2.99983e-06
2.89121e-06
2.76835e-06
2.62916e-06
2.47105e-06
2.29075e-06
2.08432e-06
1.84805e-06
1.57884e-06
1.26883e-06
9.05344e-07
5.02668e-07
6.51164e-08
1.50987e-07
6.18931e-07
1.04361e-06
1.43785e-06
1.78292e-06
2.06631e-06
2.2953e-06
2.46549e-06
2.57196e-06
2.61533e-06
2.59044e-06
2.49245e-06
2.31062e-06
2.03158e-06
1.64172e-06
1.12911e-06
5.10365e-07
7.86342e-08
2.0733e-07
1.885e-06
1.47648e-06
1.07817e-06
5.54788e-07
6.35199e-08
1.96478e-07
7.09241e-07
1.15109e-06
1.50612e-06
1.76565e-06
1.96194e-06
2.102e-06
2.1903e-06
2.23422e-06
2.23719e-06
2.19892e-06
2.11609e-06
1.98345e-06
1.79365e-06
1.53688e-06
1.20725e-06
7.96508e-07
3.2273e-07
3.20869e-08
1.00745e-05
1.00718e-05
1.00678e-05
1.00633e-05
1.00589e-05
1.00549e-05
1.00511e-05
1.00475e-05
1.00442e-05
1.0041e-05
1.00379e-05
1.0035e-05
1.00323e-05
1.00297e-05
1.00273e-05
1.00252e-05
1.00233e-05
1.00217e-05
1.00202e-05
1.00424e-05
)
;
    }
    baffle
    {
        type            nutUBlendedWallFunction;
        blending        stepwise;
        Cmu             0.09;
        kappa           0.41;
        E               9.8;
        n               4;
        value           nonuniform List<scalar> 
34
(
1.37311e-07
4.43348e-07
7.9025e-07
1.16154e-06
1.35357e-06
1.43557e-06
1.42335e-06
5.92241e-07
4.98054e-08
9.23201e-07
6.6937e-08
1.56652e-07
4.99666e-07
8.55552e-07
1.4053e-06
1.70944e-06
2.53593e-06
2.05949e-07
6.02763e-07
1.06448e-06
1.40119e-06
1.47e-06
1.38082e-06
1.17937e-06
3.42288e-08
1.22352e-06
2.29004e-06
1.64054e-07
5.37838e-07
1.14668e-06
1.6158e-06
2.34015e-06
2.65545e-06
3.82776e-06
)
;
    }
    front
    {
        type            empty;
    }
    back
    {
        type            empty;
    }
}


// ************************************************************************* //
