/*--------------------------------*- C++ -*----------------------------------*\
| =========                 |                                                 |
| \\      /  F ield         | OpenFOAM: The Open Source CFD Toolbox           |
|  \\    /   O peration     | Version:  v2012                                 |
|   \\  /    A nd           | Website:  www.openfoam.com                      |
|    \\/     M anipulation  |                                                 |
\*---------------------------------------------------------------------------*/
FoamFile
{
    version     2.0;
    format      ascii;
    class       volScalarField;
    location    "595";
    object      omega;
}
// * * * * * * * * * * * * * * * * * * * * * * * * * * * * * * * * * * * * * //

dimensions      [0 0 -1 0 0 0 0];


internalField   nonuniform List<scalar> 
6598
(
572.102
204.371
177.489
174.374
175.852
175.852
174.374
177.489
204.371
572.102
431.122
178.158
146.953
141.516
141.621
141.621
141.516
146.953
178.157
431.122
345.75
153.853
124.904
118.593
117.764
117.764
118.593
124.904
153.853
345.75
289.739
133.855
108.202
101.776
100.435
100.435
101.776
108.202
133.855
289.739
250.552
117.833
95.1645
88.9585
87.3777
87.3776
88.9585
95.1644
117.833
250.552
221.69
104.987
84.7598
78.895
77.2285
77.2285
78.8949
84.7597
104.987
221.69
199.542
94.5811
76.3051
70.8043
69.1341
69.1341
70.8042
76.3049
94.5807
199.542
181.974
86.0397
69.3273
64.1724
62.5393
62.5393
64.1723
69.327
86.0392
181.975
167.662
78.9325
63.489
58.6475
57.0699
57.0698
58.6473
63.4887
78.9318
167.663
155.744
72.9413
58.5442
53.9809
52.4651
52.465
53.9806
58.5437
72.9402
155.745
145.637
67.8296
54.3101
49.9919
48.5382
48.5381
49.9915
54.3093
67.8279
145.64
136.938
63.4202
50.6485
46.5464
45.1523
45.1521
46.5459
50.6473
63.4177
136.942
129.354
59.5791
47.454
43.543
42.2044
42.2042
43.5422
47.4522
59.5754
129.359
122.67
56.2033
44.6444
40.9034
39.6161
39.6157
40.9021
44.6417
56.1976
122.678
116.726
53.2127
42.1555
38.5665
37.3264
37.3258
38.5646
42.1515
53.2044
116.737
111.397
50.5448
39.9361
36.484
35.2871
35.2862
36.4811
39.9302
50.5325
111.412
106.586
48.1498
37.9454
34.6172
33.4599
33.4587
34.613
37.9366
48.132
106.608
102.217
45.9878
36.1504
32.9349
31.8138
31.8121
32.929
36.1374
45.963
102.247
98.2267
44.0267
34.5241
31.4115
30.3238
30.3214
31.4033
34.5058
43.9916
98.269
94.5655
42.2412
33.0454
30.0272
28.9699
28.9666
30.0154
33.0191
42.2009
94.6227
91.2759
40.6499
31.7278
28.7935
27.7632
27.7582
28.7743
31.6652
40.2268
80.3357
88.2252
39.1886
30.5193
27.6622
26.6564
26.6486
27.6293
30.3909
38.2773
68.6863
85.3847
37.8421
29.4062
26.62
25.6362
25.624
26.5658
29.1838
36.3335
59.4456
82.7304
36.5983
28.3783
25.6571
24.6927
24.6745
25.5739
28.0408
34.2495
52.1099
80.2417
35.447
27.4268
24.7651
23.8178
23.7925
24.649
26.9244
32.1245
46.3067
77.9006
34.3794
26.5444
23.9368
23.004
22.97
23.7868
25.8234
30.1634
41.7619
75.6907
33.3875
25.7238
23.1652
22.2444
22.1992
22.9664
24.7915
28.4664
38.1953
73.5306
32.4357
24.9364
22.4237
21.5128
21.453
22.1618
23.8005
26.9975
35.3015
71.4822
31.5518
24.2038
21.7318
20.8278
20.7508
21.399
22.8811
25.7538
32.9407
69.5338
30.7316
23.5225
21.0862
20.1863
20.0899
20.6783
22.0316
24.6704
30.829
67.6743
29.9705
22.8892
20.4834
19.5847
19.4671
19.9982
21.2454
23.7007
28.9416
65.8934
29.2656
22.3007
19.9204
19.02
18.8798
19.3564
20.5141
22.8068
27.247
64.1814
28.6147
21.7551
19.3948
18.4898
18.3256
18.7504
19.8284
21.9566
25.7152
62.5294
28.0162
21.2509
18.905
17.9923
17.8027
18.1772
19.1788
21.1375
24.3194
60.9284
27.4691
20.7872
18.45
17.5261
17.3094
17.6341
18.5583
20.3418
23.0368
59.3703
26.973
20.3641
18.0292
17.0905
16.8447
17.1189
17.9617
19.5658
21.8482
57.8465
26.5275
19.9821
17.6429
16.6854
16.408
16.6298
17.3859
18.8083
20.7385
56.3491
26.1327
19.6423
17.292
16.3112
15.9994
16.1663
16.83
18.0707
19.697
54.8701
25.7883
19.3462
16.9779
15.9691
15.6196
15.7287
16.2948
17.3562
18.7166
53.4015
25.4937
19.096
16.7027
15.661
15.2702
15.3187
15.7834
16.67
17.7946
51.9355
25.2483
18.8939
16.4693
15.3894
14.9537
14.9388
15.3004
16.0191
16.9315
50.464
25.0503
18.7424
16.2809
15.1576
14.6732
14.5929
14.8516
15.4113
16.1317
48.9789
24.8974
18.6441
16.1413
14.9695
14.4327
14.2853
14.4438
14.8554
15.4019
47.4719
24.7858
18.6011
16.0544
14.8293
14.2365
14.0212
14.0835
14.3597
14.7498
45.934
24.7106
18.6149
16.0243
14.7418
14.0895
13.8056
13.777
13.9315
14.1829
44.3555
24.6657
18.6865
16.0549
14.7116
13.9965
13.6435
13.5294
13.5759
13.7068
42.7253
24.644
18.8156
16.1493
14.7432
13.9621
13.5395
13.3448
13.296
13.3237
41.03
24.6369
19.0007
16.31
14.8406
13.9906
13.4972
13.2259
13.0923
13.0323
39.253
24.6344
19.2382
16.5377
15.0064
14.0854
13.5198
13.1742
12.964
12.8286
37.3719
24.6239
19.5217
16.8306
15.2414
14.2483
13.6089
13.1901
12.9085
12.7068
35.3551
24.5882
19.8389
17.1813
15.542
14.4776
13.7637
13.2721
12.9225
12.6607
33.1536
24.4978
20.1664
17.5732
15.8965
14.7653
13.978
13.4153
13.001
12.6837
30.6735
24.2684
20.4423
17.9634
16.2743
15.0887
14.2358
13.6082
13.1354
12.7713
27.7234
23.8024
20.5803
18.2737
16.6117
15.4005
14.5036
13.8293
13.3191
12.9298
24.1942
22.8886
20.47
18.4163
16.834
15.6404
14.7395
14.0637
13.5501
13.1488
19.6947
20.8502
19.75
18.2138
16.8478
15.7587
14.9365
14.3069
13.8131
13.4162
14.6123
17.0336
17.8464
17.317
16.487
15.7358
15.0954
14.56
14.1145
13.7424
12.9224
11.6767
14.3845
15.4069
15.604
15.4548
15.1715
14.849
14.5312
14.2375
12.9493
9.60905
11.2268
13.2736
14.5183
15.2158
15.5608
15.6726
15.6522
15.5787
13.7157
14.4494
17.7644
21.6658
25.2062
27.9711
29.8949
31.4667
32.7663
33.8219
34.6356
21.0452
20.8838
20.9481
20.8422
20.4132
19.4548
18.5201
17.635
16.7848
15.9552
15.169
14.4279
13.7274
13.0547
12.4182
11.8309
11.2672
10.7072
10.1324
9.52124
8.8436
8.03351
6.96992
5.99403
44.626
16.082
9.82787
8.40062
7.84506
7.42475
6.92907
6.41464
5.99602
5.65635
5.37079
5.1458
4.98318
4.87228
4.80902
4.8439
4.99076
5.21873
5.50254
5.82107
6.14641
6.43037
6.61741
6.63957
9.15733
48.1206
21.5572
11.5057
8.43505
7.21865
6.43977
5.76226
5.07384
4.51793
4.09728
3.77222
3.5334
3.36518
3.25623
3.19977
3.20553
3.29194
3.463
3.72451
4.0793
4.51932
5.00943
5.5019
5.98676
9.82971
48.1091
25.743
14.6295
9.99194
7.8861
6.57881
5.55846
4.71307
4.00323
3.51264
3.15295
2.89545
2.70805
2.58139
2.51123
2.50094
2.56093
2.69357
2.9093
3.22188
3.64042
4.15413
4.72526
5.38725
9.87775
46.3579
28.6679
17.2758
11.8876
8.9993
7.09881
5.68948
4.62677
3.85032
3.30248
2.90223
2.61667
2.39154
2.22602
2.12623
2.0957
2.14965
2.2734
2.47063
2.75463
3.14136
3.63296
4.2046
4.92822
9.59225
43.9057
30.0657
19.6828
13.6564
10.0963
7.71995
5.98129
4.72136
3.85533
3.27631
2.87694
2.56927
2.30316
2.08299
1.9368
1.88294
1.9337
2.05887
2.24868
2.51387
2.87211
3.33087
3.87483
4.61168
9.14453
41.1015
30.7147
21.4938
15.2693
11.2063
8.36111
6.28934
4.83474
3.89579
3.32701
2.95937
2.66994
2.39718
2.15122
1.97217
1.88925
1.91413
2.02709
2.20533
2.45246
2.78129
3.20036
3.71361
4.48795
8.68299
38.2973
30.7374
22.6628
16.6209
12.2676
9.04751
6.6617
5.0153
3.99859
3.43835
3.12198
2.88775
2.64859
2.40443
2.19961
2.08073
2.07249
2.16737
2.331
2.56249
2.87308
3.28203
3.82477
4.62378
8.32459
35.7062
30.271
23.3175
17.6824
13.2458
9.76036
7.09314
5.25992
4.16373
3.60776
3.34826
3.19811
3.04519
2.86227
2.6747
2.53272
2.48969
2.57054
2.736
2.99034
3.35777
3.89166
4.71494
6.10638
8.97131
33.344
29.4065
23.6266
18.4517
14.0621
10.4139
7.54083
5.53994
4.36945
3.8087
3.59657
3.53751
3.51236
3.47258
3.41622
3.36989
3.3763
3.49701
3.73488
4.11483
4.68354
5.51732
6.70418
8.19332
9.5284
31.2042
28.3427
23.611
18.881
14.6631
10.9725
7.9636
5.83517
4.59346
4.01249
3.82033
3.8214
3.90282
4.0144
4.13823
4.27487
4.43744
4.65042
4.9702
5.4123
5.97717
6.63138
7.27813
7.75198
7.86926
29.2661
27.1956
23.3353
19.0611
15.0855
11.4419
8.36178
6.13186
4.81407
4.18967
3.9809
3.98764
4.09749
4.26212
4.46057
4.68063
4.91252
5.14752
5.41508
5.713
6.02008
6.29737
6.4924
6.55737
6.38437
27.5128
26.0267
22.8626
19.0732
15.3675
11.8362
8.73796
6.42439
5.01988
4.32416
4.06411
4.03439
4.11139
4.24054
4.40147
4.58137
4.7688
4.9617
5.15518
5.33591
5.48745
5.58424
5.59816
5.49632
5.22493
25.9195
24.8684
22.2632
18.9669
15.5287
12.166
9.10239
6.72185
5.21888
4.42574
4.08629
4.00223
4.03452
4.11726
4.22509
4.3469
4.47406
4.60352
4.72094
4.81783
4.88576
4.89583
4.81618
4.63162
4.32433
24.4619
23.7377
21.597
18.765
15.6089
12.4581
9.47494
7.0431
5.42243
4.51899
4.08406
3.9299
3.9147
3.95777
4.02516
4.10245
4.18585
4.26337
4.32469
4.35976
4.35482
4.29197
4.15625
3.94141
3.65673
23.1186
22.645
20.8979
18.4777
15.645
12.7158
9.87588
7.4185
5.66682
4.63247
4.08941
3.84297
3.76576
3.76741
3.79967
3.84425
3.88978
3.92541
3.94177
3.92892
3.87647
3.7764
3.6252
3.42761
3.19944
21.8716
21.5932
20.1835
18.1147
15.655
12.9588
10.2878
7.87915
6.01692
4.81876
4.15022
3.79629
3.63269
3.57646
3.57061
3.58342
3.59721
3.60117
3.58719
3.54821
3.47856
3.37549
3.24088
3.0821
2.91049
20.7059
20.5809
19.4647
17.7123
15.5974
13.194
10.7148
8.39684
6.49237
5.15452
4.3328
3.86372
3.6045
3.47421
3.41465
3.38735
3.37014
3.34994
3.31852
3.2705
3.20248
3.1137
3.00653
2.88613
2.75928
19.6102
19.604
18.741
17.2773
15.4595
13.4146
11.1504
8.96703
7.06936
5.62929
4.66795
4.07938
3.72254
3.51102
3.38989
3.31841
3.27007
3.22932
3.18695
3.13716
3.07676
3.00475
2.92224
2.83205
2.73815
18.5771
18.6592
18.0149
16.8175
15.2676
13.5113
11.5969
9.57706
7.74249
6.24911
5.16838
4.45531
4.00687
3.72092
3.5357
3.41537
3.33293
3.27053
3.21743
3.16643
3.11355
3.05654
2.9945
2.92831
2.86005
17.6039
17.7453
17.2864
16.3315
15.033
13.5284
11.9008
10.1935
8.48124
6.99561
5.83301
5.00633
4.45295
4.09151
3.85311
3.69064
3.57621
3.49208
3.42667
3.37134
3.32062
3.27179
3.22282
3.17266
3.12107
16.6927
16.8647
16.5568
15.8178
14.7577
13.4864
12.0971
10.6501
9.19492
7.82966
6.63189
5.72514
5.07434
4.62353
4.3177
4.10966
3.96535
3.86147
3.78258
3.71884
3.66373
3.61325
3.56538
3.51888
3.47257
15.85
16.0248
15.8312
15.2779
14.4351
13.3882
12.2175
10.9907
9.75672
8.56909
7.48707
6.57619
5.85829
5.31934
4.93845
4.67028
4.47977
4.34182
4.23873
4.15816
4.09197
4.03506
3.98414
3.9372
3.89351
15.0854
15.238
15.1209
14.7179
14.0666
13.2278
12.2659
11.2381
10.1967
9.18536
8.24162
7.40472
6.69996
6.13422
5.69922
5.37289
5.13051
4.94969
4.81278
4.70576
4.61982
4.54939
4.49042
4.43988
4.39565
14.4101
14.5206
14.4433
14.1514
13.6587
13.0036
12.2335
11.3957
10.5322
9.68164
8.87698
8.14318
7.49882
6.95415
6.50943
6.15511
5.87706
5.6588
5.48827
5.35462
5.24851
5.16332
5.09452
5.03858
4.99192
13.8334
13.8895
13.8208
13.6
13.2276
12.7241
12.1212
11.4544
10.7579
10.0623
9.393
8.77048
8.20901
7.71703
7.29779
6.94754
6.65976
6.42694
6.23961
6.09063
5.97228
5.87759
5.80221
5.74158
5.69196
13.361
13.3583
13.276
13.0912
12.7992
12.4097
11.9421
11.4208
10.8711
10.3156
9.77488
9.2653
8.79858
8.38114
8.01549
7.7005
7.4349
7.21608
7.03794
6.8938
6.77751
6.68334
6.60673
6.54421
6.4927
12.993
12.9342
12.8263
12.6517
12.4053
12.092
11.7236
11.3154
10.8844
10.4474
10.0194
9.61312
9.23774
8.89868
8.59971
8.341
8.12168
7.93947
7.7907
7.67082
7.57511
7.49886
7.43701
7.38644
7.34479
12.7249
12.6165
12.4797
12.3009
12.076
11.8078
11.5032
11.1727
10.828
10.481
10.1424
9.82113
9.52409
9.25541
9.01872
8.81659
8.64621
8.50564
8.39259
8.30392
8.23594
8.18485
8.14703
8.11936
8.09924
12.5484
12.3979
12.2348
12.0475
11.8317
11.5872
11.3193
11.0359
10.746
10.4584
10.1808
9.91979
9.68012
9.46475
9.27573
9.11549
8.98381
8.8779
8.79543
8.73384
8.69046
8.66232
8.64638
8.63983
8.64007
12.4546
12.2689
12.0854
11.8915
11.6794
11.4482
11.2012
10.9446
10.6856
10.4314
10.1884
9.96169
9.75512
9.57082
9.40998
9.27302
9.16027
9.07114
9.00345
8.9546
8.9222
8.90389
8.89725
8.89999
8.90983
12.4363
12.2246
12.0263
11.8269
11.618
11.3966
11.1639
10.924
10.6827
10.4458
10.219
10.0068
9.81279
9.63895
9.48629
9.35499
9.24465
9.15435
9.0824
9.02742
8.98762
8.96085
8.94507
8.93847
8.93923
12.4958
12.2632
12.0521
11.8482
11.6422
11.4294
11.2088
10.9824
10.754
10.528
10.3092
10.1016
9.90849
9.73218
9.57393
9.43416
9.3127
9.20877
9.12119
9.04851
8.98894
8.94062
8.90209
8.87209
8.84924
12.6316
12.3812
12.1584
11.9494
11.7446
11.5382
11.3278
11.1132
10.8965
10.6804
10.4684
10.2637
10.0692
9.88716
9.71901
9.5656
9.42719
9.30355
9.19407
9.09778
9.01353
8.94002
8.87584
8.81966
8.77038
12.8367
12.5726
12.339
12.1234
11.9169
11.7135
11.5097
11.3042
11.0975
10.891
10.6866
10.4866
10.2933
10.1084
9.93335
9.7692
9.61648
9.47538
9.34577
9.22727
9.1193
9.02108
8.93173
8.85037
8.77632
13.101
12.8304
12.5899
12.369
12.16
11.9571
11.7567
11.5569
11.3573
11.1583
10.9609
10.7665
10.5766
10.3924
10.2153
10.046
9.88521
9.73326
9.5903
9.45626
9.33092
9.21391
9.10479
9.00307
8.90851
13.4395
13.1744
12.9355
12.7144
12.505
12.3024
12.1036
11.907
11.7119
11.5183
11.3269
11.1383
10.9534
10.7733
10.5987
10.4303
10.2687
10.1141
9.96693
9.82705
9.69444
9.56891
9.45021
9.33803
9.23235
13.9827
13.7492
13.5318
13.3253
13.126
12.9318
12.7415
12.5545
12.3702
12.1887
12.0103
11.8355
11.6648
11.4988
11.338
11.1829
11.0337
10.8907
10.7541
10.6236
10.4993
10.381
10.2684
10.1612
10.0595
15.4907
15.3963
15.3027
15.205
15.1017
14.9958
14.8884
14.7799
14.6707
14.5612
14.4518
14.3431
14.2354
14.1292
14.0249
13.9227
13.8229
13.7256
13.6307
13.5382
13.4481
13.3601
13.2742
13.19
13.1077
34.6596
35.3784
36.0022
36.5248
36.9514
37.2914
37.5518
37.7391
37.8595
37.9192
37.9241
37.88
37.7925
37.667
37.5084
37.3215
37.1106
36.8797
36.6325
36.3721
36.1016
35.8233
35.5395
35.2521
34.9628
7.23019
11.2722
15.9943
11.7866
12.0182
11.0808
9.74506
9.02854
7.98224
7.55627
6.87987
5.92034
5.95146
5.32481
4.56364
4.7698
4.2442
3.69997
3.91763
3.52237
3.1518
3.33939
3.05774
2.80391
2.96654
2.76622
2.5875
2.74176
2.59708
2.4675
2.63631
2.52992
2.43367
2.64769
2.56844
2.49595
2.79458
2.73622
2.68182
3.07177
3.02689
2.98376
3.42882
3.38879
3.35023
3.85409
3.81821
3.78374
4.35817
4.32506
4.29367
4.95428
4.92197
4.89209
5.65305
5.62013
5.59023
6.45253
6.41834
6.38738
7.3126
7.28499
7.25985
8.08574
8.07544
8.06685
8.64453
8.65147
8.65984
8.92332
8.93972
8.95813
8.94505
8.9546
8.96712
8.83383
8.82237
8.81405
8.73128
8.69627
8.66435
8.71567
8.65968
8.6072
8.82975
8.7559
8.68581
9.14343
9.05915
8.97846
9.97336
9.89106
9.81166
13.0363
12.9661
12.8964
34.7081
34.4547
34.2029
4.34335
5.92365
7.27961
8.24468
9.01617
9.65341
10.2032
10.6889
11.1253
11.5222
11.8863
12.2229
12.5361
12.8291
13.1048
13.3655
13.6136
13.8507
14.0786
14.2989
14.5129
14.7219
14.9273
15.1301
15.3314
15.5326
15.7346
15.9389
16.1466
16.3593
16.5786
16.8066
17.0457
17.2987
17.5617
17.831
18.1068
18.3896
18.6814
18.9811
19.288
19.6039
19.9296
20.2654
20.6119
20.9696
21.3387
21.7197
22.1124
22.5169
22.9325
23.3583
23.7923
24.231
24.6691
25.098
25.504
25.866
26.153
26.3376
26.4367
26.4627
26.4258
26.28
25.9608
25.4917
24.8389
24.0328
23.1124
22.0942
20.9992
19.8247
18.7139
17.6301
16.5318
15.3849
14.1461
12.7293
10.9727
9.36901
9.53937
6.23022
6.77874
7.0364
7.10614
7.06424
6.96225
6.8386
6.71249
6.59387
6.48731
6.3944
6.31512
6.24868
6.19391
6.14954
6.11435
6.08722
6.06716
6.05334
6.04507
6.0418
6.0431
6.04868
6.05835
6.07202
6.08971
6.11155
6.13779
6.16881
6.20512
6.2474
6.29706
6.35483
6.41546
6.47682
6.53996
6.60504
6.67223
6.74154
6.81328
6.88757
6.96457
7.0445
7.12759
7.21405
7.30413
7.3981
7.49621
7.59875
7.70599
7.81817
7.93554
8.05823
8.18627
8.31949
8.45749
8.60002
8.74776
8.90069
9.04451
9.1623
9.24904
9.30005
9.28985
9.22216
9.09535
8.91942
8.71468
8.50889
8.31886
8.17872
8.3033
8.58768
8.95388
9.33623
9.65384
9.80393
9.6891
13.3656
11.7923
6.2784
6.20463
6.09979
5.90548
5.66243
5.41191
5.17953
4.97528
4.80144
4.65633
4.53672
4.43892
4.35944
4.29518
4.24355
4.20238
4.16993
4.1448
4.12587
4.11227
4.1033
4.09845
4.0973
4.09957
4.10506
4.11362
4.12521
4.1398
4.15744
4.1782
4.2022
4.2296
4.2605
4.29504
4.33112
4.36874
4.40843
4.45041
4.49495
4.5423
4.59272
4.64651
4.70399
4.76555
4.83159
4.90256
4.97895
5.06128
5.15013
5.24608
5.34976
5.46179
5.58274
5.71315
5.85335
6.00351
6.16358
6.33323
6.51125
6.69578
6.87849
7.04501
7.17995
7.26466
7.28398
7.21547
7.06273
6.84562
6.58685
6.3244
6.1134
6.05449
6.1714
6.45965
6.90158
7.44258
7.98317
8.48581
13.7727
13.4978
6.20213
5.70568
5.39683
5.08125
4.77152
4.4904
4.24966
4.05036
3.88867
3.75907
3.65597
3.57434
3.50997
3.45945
3.42005
3.38964
3.36655
3.34949
3.33746
3.32968
3.32557
3.32466
3.32663
3.33121
3.33824
3.34759
3.3592
3.37303
3.38908
3.4074
3.42805
3.45111
3.4767
3.50495
3.53604
3.56879
3.60375
3.64126
3.68162
3.72509
3.77199
3.82268
3.87753
3.93697
4.00146
4.07151
4.14767
4.23053
4.32074
4.41895
4.52588
4.64223
4.76871
4.90599
5.05456
5.21468
5.38632
5.56874
5.76003
5.95862
6.16189
6.36034
6.54165
6.68761
6.77906
6.79432
6.71126
6.51384
6.19817
5.80094
5.42883
5.18854
5.16103
5.33366
5.69886
6.22659
6.83192
7.53464
13.2019
14.9895
6.10864
5.29992
4.85785
4.48198
4.1545
3.879
3.65491
3.47709
3.33798
3.23006
3.14681
3.0829
3.03412
2.99721
2.96965
2.94953
2.93537
2.92605
2.92074
2.91878
2.91969
2.9231
2.92875
2.93643
2.94603
2.95745
2.97065
2.98562
3.00239
3.021
3.04153
3.06408
3.08878
3.11576
3.14522
3.17733
3.21149
3.24819
3.28777
3.33054
3.37683
3.42698
3.48139
3.54048
3.60471
3.67461
3.75071
3.83362
3.92398
4.02247
4.12981
4.24673
4.37402
4.51243
4.66267
4.82516
5.0001
5.18713
5.38499
5.59126
5.80366
6.01764
6.22642
6.41809
6.57727
6.68278
6.70453
6.60868
6.35918
5.95328
5.44714
4.96941
4.7382
4.7998
5.09095
5.56509
6.15483
6.98307
12.2006
16.6897
6.00234
4.95693
4.42315
4.01707
3.69362
3.43779
3.23737
3.08359
2.96708
2.87945
2.81399
2.7655
2.73003
2.70462
2.687
2.6755
2.66884
2.66608
2.6665
2.66956
2.67488
2.68216
2.69118
2.70182
2.71396
2.72757
2.74262
2.75913
2.77713
2.79671
2.81794
2.84093
2.86582
2.89276
2.92193
2.95353
2.98756
3.02397
3.06314
3.1054
3.15107
3.2005
3.25405
3.31215
3.37525
3.44383
3.51844
3.59966
3.68813
3.78454
3.88963
4.00419
4.12903
4.26502
4.41292
4.57367
4.74805
4.9364
5.13859
5.35325
5.57844
5.81097
6.04621
6.27858
6.5014
6.69893
6.85018
6.92488
6.87586
6.64665
6.21482
5.62797
5.05104
4.83844
4.97353
5.36288
5.94671
6.98157
11.3072
18.7472
6.13022
4.65111
4.04635
3.63135
3.32691
3.09738
2.92298
2.79304
2.69748
2.62788
2.57778
2.54239
2.5181
2.50228
2.49294
2.48862
2.48824
2.49098
2.49625
2.5036
2.51271
2.52335
2.53534
2.5486
2.56304
2.57866
2.59544
2.61343
2.63267
2.65324
2.67524
2.69878
2.72399
2.75102
2.78005
2.81127
2.84489
2.88082
2.91933
2.96074
3.00535
3.05351
3.10557
3.16193
3.22303
3.28933
3.36136
3.43969
3.52495
3.61785
3.71914
3.82966
3.95032
4.08213
4.22531
4.38189
4.5524
4.73888
4.94276
5.1623
5.39681
5.64558
5.90667
6.17748
6.45639
6.74154
7.01352
7.26843
7.48214
7.6031
7.56531
7.30706
6.79565
6.11011
5.76937
5.93808
6.44688
7.4541
10.8505
13.0104
5.65783
4.26807
3.6716
3.28434
3.01488
2.81658
2.66986
2.56342
2.48739
2.43398
2.39737
2.37328
2.35857
2.35091
2.34862
2.35042
2.3554
2.36287
2.37232
2.38338
2.3958
2.40937
2.42398
2.43955
2.45603
2.47343
2.49175
2.51104
2.53137
2.5528
2.57544
2.5994
2.62481
2.65183
2.68061
2.71134
2.74421
2.77946
2.81703
2.85726
2.90046
2.94696
2.99708
3.05122
3.10978
3.17321
3.24202
3.31675
3.39802
3.48651
3.58297
3.68824
3.80325
3.92901
4.06667
4.21761
4.38314
4.56466
4.76346
4.98047
5.21664
5.47251
5.74791
6.042
6.35707
6.69257
7.05316
7.43513
7.85095
8.28708
8.71334
9.07659
9.3073
9.31046
8.97666
8.58182
8.65295
9.02322
11.0764
8.82521
4.89772
3.82582
3.30609
2.97946
2.75233
2.58633
2.46641
2.38143
2.32253
2.28292
2.25759
2.24285
2.236
2.23505
2.23854
2.24539
2.25482
2.26622
2.27918
2.29337
2.30858
2.32466
2.3415
2.35904
2.37727
2.39618
2.4158
2.43618
2.45739
2.47949
2.50259
2.5268
2.55225
2.57909
2.60746
2.63756
2.66958
2.70373
2.74015
2.77897
2.8205
2.86506
2.91296
2.96455
3.02023
3.08042
3.14557
3.21621
3.2929
3.37627
3.46704
3.56598
3.67399
3.79206
3.92133
4.0631
4.21875
4.38979
4.57783
4.78456
5.01176
5.2611
5.53397
5.83144
6.1543
6.50453
6.88774
7.31421
7.80224
8.3679
9.01393
9.74217
10.5532
11.4406
12.3927
13.3914
14.485
15.9296
17.8112
6.28455
4.17268
3.39335
2.98306
2.72027
2.53373
2.39921
2.30355
2.23719
2.19271
2.16449
2.14835
2.14116
2.14065
2.14511
2.15328
2.16425
2.17731
2.19196
2.20783
2.22465
2.24222
2.26042
2.27916
2.29839
2.31811
2.33832
2.35905
2.38035
2.40228
2.42492
2.44837
2.47273
2.49814
2.52472
2.55263
2.58205
2.61316
2.64618
2.68132
2.71867
2.7585
2.80109
2.84673
2.89577
2.94854
3.00544
3.06688
3.13333
3.2053
3.28333
3.36806
3.46016
3.5604
3.66965
3.78889
3.91924
4.06192
4.2183
4.38993
4.5785
4.7859
5.01412
5.26513
5.5408
5.84286
6.17333
6.53588
6.93774
7.39142
7.90034
8.46865
9.10436
9.81528
10.599
11.4402
12.3087
13.159
13.9935
14.7541
4.738
3.57966
3.03044
2.71629
2.50685
2.35738
2.25027
2.17502
2.12393
2.09108
2.07192
2.06301
2.06175
2.0662
2.07492
2.08681
2.10106
2.11706
2.13436
2.15263
2.17164
2.1912
2.2112
2.23157
2.25227
2.27328
2.29463
2.31633
2.33844
2.36101
2.38412
2.40787
2.43236
2.4577
2.48404
2.51151
2.54029
2.57056
2.60251
2.63636
2.67235
2.71057
2.75132
2.79485
2.84148
2.89152
2.94532
3.00324
3.06569
3.1331
3.20594
3.28473
3.37001
3.46241
3.5626
3.67134
3.78946
3.9179
4.0577
4.21001
4.37616
4.5576
4.75595
4.97297
5.21046
5.47026
5.75424
6.06467
6.40678
6.7821
7.19064
7.63131
8.10205
8.5981
9.124
9.6676
10.2147
10.7299
11.1583
11.3766
3.79804
3.12562
2.74213
2.50332
2.33851
2.21994
2.13515
2.07619
2.03713
2.01331
2.00111
1.99771
2.00095
2.00919
2.02118
2.03594
2.05277
2.07111
2.09056
2.1108
2.13162
2.15286
2.17441
2.19619
2.21817
2.24034
2.2627
2.28529
2.30814
2.33132
2.3549
2.37896
2.4036
2.42893
2.45509
2.48222
2.51047
2.54003
2.57108
2.60383
2.63852
2.67532
2.71443
2.7561
2.80059
2.84819
2.89921
2.95395
3.01278
3.07604
3.14411
3.21741
3.29636
3.38142
3.47306
3.57182
3.67824
3.79293
3.91652
4.04973
4.19332
4.34812
4.51505
4.69505
4.88912
5.09823
5.32329
5.56565
5.82559
6.10301
6.39733
6.70662
7.02726
7.35306
7.67618
7.98572
8.26473
8.49195
8.59994
8.52025
3.20941
2.79134
2.52034
2.33925
2.21065
2.11697
2.04985
2.0036
1.97378
1.95681
1.94982
1.95051
1.95709
1.96814
1.98257
1.99952
2.01835
2.03853
2.05969
2.08154
2.10387
2.12652
2.14938
2.17239
2.1955
2.21871
2.242
2.26542
2.28899
2.31276
2.33682
2.36122
2.38608
2.41149
2.43758
2.46449
2.49236
2.52137
2.5517
2.58356
2.61715
2.65272
2.69044
2.73053
2.7732
2.81872
2.86734
2.91933
2.975
3.03462
3.09851
3.16697
3.24033
3.31888
3.40296
3.49287
3.58893
3.69145
3.80072
3.91705
4.04072
4.17201
4.31114
4.45832
4.61364
4.77707
4.94849
5.1274
5.31292
5.50391
5.69861
5.89451
6.08779
6.27288
6.44002
6.57969
6.68247
6.73821
6.70225
6.54474
2.82999
2.55281
2.35672
2.21866
2.11836
2.04458
1.99146
1.95512
1.93239
1.92058
1.91745
1.92115
1.93016
1.94327
1.95951
1.97811
1.99845
2.02006
2.04258
2.06572
2.08927
2.11308
2.13705
2.1611
2.1852
2.20931
2.23344
2.25761
2.28186
2.30621
2.33075
2.35554
2.38066
2.40623
2.43235
2.45916
2.4868
2.51543
2.54524
2.57641
2.60915
2.64369
2.68026
2.71903
2.7602
2.80398
2.8506
2.90028
2.95327
3.0098
3.07012
3.13445
3.20302
3.27603
3.35367
3.43609
3.52343
3.61577
3.71317
3.81561
3.92305
4.03537
4.15236
4.2737
4.39893
4.52741
4.65836
4.79059
4.92271
5.05306
5.17956
5.29951
5.40944
5.50339
5.57434
5.61583
5.62513
5.59934
5.5289
5.39453
2.58365
2.38976
2.24411
2.1372
2.05863
2.00071
1.95885
1.93044
1.91329
1.90548
1.90529
1.91123
1.92205
1.93668
1.95427
1.9741
1.99559
2.01828
2.04181
2.06591
2.09038
2.11508
2.13989
2.16476
2.18962
2.21447
2.23928
2.26409
2.2889
2.31377
2.33874
2.36389
2.38929
2.41504
2.44125
2.46804
2.49556
2.52396
2.5534
2.58407
2.61616
2.6499
2.68551
2.72321
2.76316
2.80553
2.85051
2.89828
2.94904
3.00298
3.06029
3.12115
3.18569
3.25406
3.32634
3.40257
3.48276
3.56685
3.65472
3.74618
3.84097
3.93875
4.03905
4.14132
4.24483
4.34872
4.45181
4.55273
4.64997
4.74177
4.82615
4.90076
4.96249
5.00618
5.02836
5.02687
5.00087
4.95014
4.87476
4.77322
2.43019
2.28867
2.17782
2.09388
2.03174
1.98632
1.95375
1.93194
1.91945
1.91494
1.91715
1.92489
1.93713
1.95294
1.97155
1.99228
2.01459
2.03801
2.06218
2.08683
2.1118
2.13695
2.16222
2.18752
2.21281
2.23807
2.26328
2.28846
2.31362
2.33881
2.36406
2.38944
2.41502
2.44089
2.46715
2.49393
2.52136
2.54957
2.57874
2.60904
2.64065
2.67377
2.70861
2.74544
2.7844
2.82563
2.86927
2.91546
2.96437
3.01615
3.07094
3.12887
3.19003
3.25451
3.32232
3.39345
3.46781
3.54526
3.62557
3.70845
3.79352
3.88035
3.96838
4.05697
4.1454
4.23266
4.31751
4.39857
4.47437
4.54337
4.60392
4.65419
4.69136
4.71254
4.71562
4.69984
4.66562
4.61424
4.54734
4.46646
2.35117
2.24466
2.1588
2.09233
2.04277
2.00721
1.98235
1.96621
1.95782
1.95627
1.96062
1.96995
1.98339
2.00014
2.0195
2.04083
2.06359
2.08729
2.11153
2.13605
2.16078
2.18567
2.21069
2.23577
2.26087
2.28595
2.31102
2.33608
2.36115
2.38625
2.41142
2.43672
2.46221
2.48798
2.51412
2.54074
2.56798
2.59597
2.62486
2.65482
2.68603
2.71865
2.75289
2.78897
2.82712
2.86741
2.90994
2.95483
3.00218
3.05212
3.10476
3.16017
3.21844
3.27958
3.3436
3.41043
3.47995
3.55196
3.62618
3.70225
3.77977
3.85826
3.93717
4.01595
4.09399
4.17027
4.24352
4.31247
4.37584
4.43236
4.48076
4.51967
4.54698
4.56059
4.55901
4.54192
4.51021
4.46572
4.41078
4.34762
2.34546
2.26368
2.19651
2.14377
2.10429
2.07633
2.05765
2.04638
2.04172
2.04296
2.04934
2.06013
2.07457
2.09197
2.11169
2.13314
2.15577
2.17902
2.20231
2.22536
2.2484
2.27163
2.29514
2.31884
2.34262
2.36647
2.39042
2.41447
2.43863
2.46291
2.48735
2.51197
2.53683
2.56202
2.58763
2.61375
2.64052
2.66808
2.69655
2.72609
2.75685
2.78899
2.8227
2.85814
2.89559
2.93508
2.97666
3.02041
3.06639
3.1147
3.16541
3.21857
3.27422
3.33237
3.393
3.45604
3.52136
3.58872
3.6578
3.72825
3.79964
3.8715
3.94331
4.01488
4.08568
4.15461
4.22051
4.28226
4.33878
4.38908
4.43225
4.46724
4.49239
4.50587
4.50639
4.49362
4.46833
4.43242
4.38838
4.33857
2.42831
2.36516
2.31267
2.27106
2.23983
2.2179
2.20375
2.19654
2.19526
2.1991
2.2073
2.21919
2.23411
2.25144
2.27058
2.29098
2.31211
2.33343
2.35375
2.37233
2.39072
2.40958
2.42943
2.44973
2.47026
2.49103
2.51216
2.5337
2.55561
2.57783
2.60039
2.62331
2.64664
2.67044
2.69478
2.71979
2.74557
2.77225
2.79995
2.8288
2.85894
2.8905
2.92363
2.95845
2.99523
3.03393
3.07459
3.11722
3.16187
3.20858
3.25739
3.30834
3.36143
3.41667
3.47402
3.53343
3.59482
3.65797
3.72242
3.78789
3.85399
3.92022
3.98629
4.05236
4.11779
4.18154
4.24259
4.29996
4.35279
4.40034
4.44201
4.47683
4.50335
4.51997
4.52544
4.51915
4.50151
4.47405
4.43924
4.39947
2.62964
2.5801
2.53799
2.50375
2.47733
2.45803
2.44565
2.43978
2.43921
2.44304
2.45053
2.46104
2.47406
2.48897
2.50523
2.52232
2.5398
2.55707
2.573
2.58743
2.60139
2.61525
2.6293
2.64339
2.65763
2.67232
2.688
2.70493
2.72262
2.74094
2.75995
2.77968
2.80012
2.8213
2.84329
2.86622
2.89018
2.9153
2.94166
2.96936
2.99852
3.02923
3.06158
3.0957
3.13168
3.16949
3.20908
3.25046
3.29363
3.33859
3.38537
3.43396
3.48438
3.53659
3.59058
3.64626
3.70353
3.76222
3.82207
3.8828
3.94406
4.00539
4.06698
4.12867
4.18982
4.24959
4.30706
4.36154
4.41237
4.4589
4.50051
4.53635
4.56524
4.58576
4.59666
4.59706
4.58686
4.56706
4.53991
4.50785
2.94036
2.89748
2.85928
2.82662
2.80009
2.77949
2.76528
2.75662
2.75269
2.75273
2.75607
2.76215
2.7705
2.78064
2.79204
2.80403
2.8164
2.82874
2.84109
2.85398
2.86653
2.8783
2.88887
2.89874
2.90826
2.91773
2.92757
2.9381
2.9493
2.96134
2.97474
2.98953
3.00544
3.02245
3.04069
3.06034
3.08146
3.10412
3.1284
3.15436
3.18203
3.21147
3.24273
3.27589
3.31081
3.3474
3.3856
3.42537
3.46668
3.50954
3.55392
3.59982
3.64724
3.69616
3.74654
3.79832
3.85143
3.90572
3.96102
4.01713
4.07382
4.13084
4.18836
4.24621
4.30392
4.36054
4.41508
4.46718
4.51625
4.56168
4.60287
4.63916
4.66961
4.69304
4.7083
4.71439
4.71068
4.69752
4.67673
4.65069
3.31083
3.27133
3.23516
3.20293
3.17588
3.15442
3.13829
3.12687
3.11949
3.11555
3.11443
3.11565
3.11885
3.12362
3.12956
3.1362
3.1434
3.15111
3.15968
3.16903
3.17868
3.18832
3.19769
3.20669
3.21527
3.22321
3.23037
3.23679
3.2432
3.25008
3.25787
3.26674
3.27674
3.28808
3.30108
3.31633
3.33362
3.35294
3.37438
3.39793
3.42353
3.45113
3.48075
3.51241
3.54561
3.58026
3.61632
3.65372
3.69246
3.7325
3.77384
3.81648
3.86041
3.90562
3.95209
3.99976
4.04857
4.09842
4.14917
4.20066
4.25272
4.30523
4.35825
4.4117
4.46487
4.51697
4.56782
4.61691
4.66345
4.70682
4.74636
4.78161
4.81191
4.83635
4.85391
4.86358
4.86439
4.85607
4.83986
4.81809
3.74815
3.71221
3.6786
3.64771
3.62052
3.59816
3.58028
3.56617
3.55519
3.54702
3.54123
3.53743
3.53532
3.53463
3.53517
3.53695
3.53963
3.54308
3.54718
3.55189
3.55712
3.56271
3.5685
3.57439
3.58034
3.5863
3.59215
3.59781
3.60336
3.60898
3.61446
3.62007
3.62632
3.63359
3.64229
3.65291
3.66559
3.68064
3.69871
3.71945
3.74256
3.7679
3.79544
3.82464
3.85508
3.88671
3.9195
3.95342
3.98846
4.02462
4.0619
4.1003
4.13984
4.18049
4.22223
4.26504
4.30885
4.35356
4.39906
4.44517
4.49174
4.53856
4.5855
4.63233
4.67873
4.72434
4.76911
4.81227
4.85317
4.89135
4.92664
4.95866
4.98665
5.00974
5.02703
5.03759
5.04035
5.03456
5.0209
5.00146
4.26131
4.22872
4.19777
4.1685
4.14144
4.11761
4.0973
4.08011
4.06564
4.0535
4.04339
4.03506
4.0282
4.02259
4.01805
4.01449
4.01178
4.00987
4.00874
4.00839
4.00874
4.00972
4.01124
4.01325
4.01571
4.01871
4.02206
4.02559
4.0293
4.0333
4.03774
4.04273
4.04842
4.05498
4.06255
4.07112
4.08133
4.09384
4.10967
4.12819
4.14904
4.1722
4.19692
4.22257
4.24913
4.27657
4.30489
4.33407
4.36414
4.39509
4.42693
4.45967
4.49332
4.52787
4.5633
4.59956
4.63662
4.67438
4.71273
4.75154
4.79062
4.82981
4.86891
4.90773
4.946
4.98342
5.01969
5.05442
5.08723
5.11782
5.14609
5.17162
5.19372
5.21172
5.22491
5.23251
5.23351
5.22698
5.21308
5.19357
4.86162
4.83132
4.80237
4.77447
4.7477
4.72255
4.69949
4.67886
4.66065
4.64445
4.62996
4.61694
4.60521
4.59458
4.58494
4.57618
4.56826
4.56117
4.555
4.54977
4.54537
4.5417
4.5387
4.5363
4.53448
4.53324
4.53254
4.53236
4.53273
4.53383
4.53589
4.53906
4.54338
4.54898
4.5561
4.56566
4.57762
4.59162
4.60709
4.62424
4.64283
4.66208
4.68182
4.70208
4.72289
4.74426
4.76623
4.78882
4.81204
4.83592
4.86046
4.88568
4.91158
4.93815
4.96538
4.99323
5.02166
5.0506
5.07996
5.10961
5.13943
5.16925
5.19892
5.22824
5.25701
5.28497
5.31184
5.3373
5.36107
5.38285
5.40239
5.41938
5.4334
5.44398
5.45059
5.45261
5.44915
5.43915
5.42241
5.40036
5.56001
5.53041
5.50207
5.4745
5.44752
5.42126
5.3961
5.37235
5.35016
5.32949
5.31025
5.2923
5.27553
5.25982
5.2451
5.23129
5.21832
5.20615
5.19477
5.18418
5.17434
5.16521
5.15674
5.14892
5.14177
5.13534
5.12972
5.12496
5.1212
5.11879
5.11882
5.12121
5.12564
5.13192
5.13993
5.1498
5.16151
5.17447
5.18727
5.19969
5.21185
5.22398
5.23621
5.24863
5.26133
5.27437
5.28779
5.30164
5.31595
5.33074
5.34603
5.36183
5.37815
5.39497
5.41228
5.43006
5.44827
5.46685
5.48573
5.50481
5.52399
5.54313
5.56209
5.58072
5.59884
5.61623
5.63267
5.64788
5.66161
5.67359
5.68357
5.69125
5.69631
5.69838
5.69708
5.6919
5.68211
5.6667
5.64523
5.61881
6.35596
6.32546
6.29616
6.26748
6.23907
6.2109
6.18314
6.15608
6.12992
6.1048
6.08074
6.05774
6.03576
6.01476
5.9947
5.97555
5.95729
5.9399
5.9234
5.9078
5.89311
5.87936
5.86656
5.85475
5.84399
5.8344
5.82611
5.81922
5.81379
5.80993
5.80799
5.80791
5.80979
5.81324
5.8177
5.82188
5.82532
5.82817
5.83065
5.83287
5.83495
5.83699
5.83907
5.84128
5.84368
5.84632
5.84926
5.85253
5.85616
5.86017
5.86458
5.86939
5.87461
5.88023
5.88624
5.89262
5.89932
5.90631
5.91353
5.92089
5.92831
5.93567
5.94287
5.94976
5.9562
5.96201
5.967
5.97094
5.9736
5.97475
5.97413
5.9715
5.96656
5.95901
5.94854
5.93477
5.91707
5.89459
5.86682
5.83461
7.23378
7.20806
7.1826
7.15685
7.13047
7.10336
7.07564
7.04757
7.01944
6.99151
6.96397
6.93692
6.91046
6.88464
6.85951
6.8351
6.81147
6.78866
6.7667
6.74563
6.72549
6.70632
6.68817
6.67105
6.65506
6.6404
6.62723
6.61541
6.60481
6.59516
6.58525
6.57503
6.56447
6.55383
6.54331
6.5329
6.52254
6.51221
6.50193
6.49171
6.48159
6.4716
6.46176
6.45211
6.44269
6.43352
6.42463
6.41603
6.40774
6.39978
6.39215
6.38486
6.37789
6.37125
6.36492
6.35888
6.3531
6.34753
6.34213
6.33684
6.33158
6.32626
6.32078
6.31503
6.30889
6.30221
6.29483
6.28656
6.27721
6.26656
6.25441
6.24052
6.22465
6.20653
6.18592
6.1625
6.13581
6.1051
6.06999
6.03125
8.05806
8.04885
8.03861
8.02674
8.01284
7.99673
7.97839
7.95798
7.93576
7.91201
7.88703
7.86108
7.83434
7.807
7.77919
7.75111
7.72308
7.69505
7.66706
7.63915
7.61136
7.58375
7.55638
7.52928
7.5025
7.47589
7.44939
7.42316
7.3973
7.37185
7.34672
7.32185
7.29719
7.27276
7.24854
7.22456
7.20081
7.17728
7.15398
7.13089
7.10803
7.0854
7.06301
7.04086
7.01895
6.9973
6.97592
6.9548
6.93396
6.91339
6.89309
6.87307
6.85331
6.83381
6.81455
6.79552
6.77669
6.75803
6.73949
6.72104
6.7026
6.68412
6.6655
6.64666
6.6275
6.6079
6.58774
6.56685
6.5451
6.5223
6.49827
6.47282
6.44575
6.41687
6.38597
6.35283
6.31706
6.27807
6.23567
6.19084
8.66956
8.67851
8.68572
8.69049
8.69233
8.69093
8.68614
8.67797
8.66654
8.65207
8.63505
8.61562
8.59398
8.57031
8.54481
8.51763
8.48872
8.45837
8.4268
8.39419
8.36073
8.32658
8.29186
8.25668
8.22116
8.18536
8.14935
8.11319
8.07696
8.04072
8.00452
7.96839
7.93235
7.89643
7.86064
7.82499
7.7895
7.75418
7.71903
7.68407
7.64929
7.61472
7.58034
7.54616
7.51219
7.47843
7.44488
7.41154
7.37842
7.34553
7.31285
7.2804
7.24816
7.21614
7.18433
7.15272
7.12128
7.09001
7.05888
7.02784
6.99687
6.9659
6.93487
6.90372
6.87238
6.84075
6.80874
6.77624
6.74314
6.7093
6.67459
6.63887
6.60199
6.56382
6.52422
6.483
6.43982
6.39439
6.34685
6.29771
8.97987
9.00155
9.02199
9.0404
9.05612
9.06867
9.0777
9.08299
9.08446
9.08209
9.07575
9.06565
9.05204
9.03517
9.01527
8.99259
8.96733
8.93973
8.90998
8.87831
8.84489
8.80994
8.77362
8.73608
8.69748
8.65793
8.61756
8.57648
8.53478
8.49257
8.44994
8.40695
8.36368
8.32018
8.27651
8.23271
8.18882
8.14487
8.10089
8.05692
8.01297
7.96908
7.92525
7.88151
7.83787
7.79435
7.75096
7.70773
7.66467
7.62179
7.57911
7.53663
7.49437
7.45233
7.41052
7.36895
7.3276
7.28647
7.24556
7.20483
7.16428
7.12385
7.08351
7.04322
7.00292
6.96255
6.92206
6.88137
6.8404
6.79907
6.7573
6.71499
6.67204
6.62836
6.5838
6.53823
6.49154
6.44351
6.39405
6.3435
8.98365
9.00169
9.02011
9.03809
9.05491
9.06997
9.08275
9.09287
9.09985
9.10346
9.10365
9.10042
9.09383
9.08398
9.07098
9.05496
9.03609
9.01452
8.9904
8.96391
8.93527
8.90462
8.87208
8.83778
8.80186
8.76446
8.72568
8.68571
8.64468
8.60271
8.55988
8.5163
8.47206
8.42723
8.38189
8.33611
8.28995
8.24346
8.1967
8.14973
8.10259
8.05532
8.00797
7.96057
7.91317
7.8658
7.81849
7.77127
7.72418
7.67724
7.63048
7.58392
7.53758
7.49147
7.44562
7.40003
7.3547
7.30965
7.26488
7.22037
7.17612
7.13211
7.08833
7.04474
7.00133
6.95805
6.91487
6.87174
6.82859
6.78539
6.74206
6.6985
6.65468
6.61054
6.56595
6.52074
6.47471
6.42771
6.37969
6.331
8.80753
8.80334
8.80088
8.79949
8.79861
8.79776
8.79652
8.79456
8.79158
8.78728
8.78146
8.77399
8.76477
8.75372
8.74081
8.72602
8.70937
8.69086
8.67055
8.64848
8.62471
8.59931
8.57234
8.5439
8.51404
8.48286
8.45043
8.41682
8.38212
8.3464
8.30975
8.27224
8.23395
8.19494
8.15529
8.11505
8.0743
8.0331
7.99151
7.94958
7.90737
7.86491
7.82226
7.77944
7.7365
7.69348
7.6504
7.6073
7.56422
7.52117
7.47819
7.4353
7.39252
7.34987
7.30736
7.26503
7.22286
7.18089
7.13911
7.09752
7.05614
7.01495
6.97395
6.93314
6.89252
6.85206
6.81174
6.77151
6.73135
6.6912
6.65102
6.61073
6.57025
6.52949
6.48833
6.44667
6.4044
6.36144
6.31778
6.27373
8.63117
8.60057
8.57235
8.54609
8.52134
8.49778
8.4751
8.45307
8.43162
8.41051
8.38959
8.36871
8.34774
8.32657
8.30513
8.28333
8.26111
8.23842
8.21523
8.19149
8.16718
8.1423
8.11682
8.09075
8.06408
8.03681
8.00895
7.98051
7.9515
7.92194
7.89184
7.86123
7.83013
7.79857
7.76656
7.73414
7.70133
7.66817
7.63469
7.60092
7.56689
7.53263
7.49815
7.46349
7.42866
7.3937
7.35861
7.32343
7.28817
7.25285
7.21749
7.18211
7.14673
7.11135
7.076
7.0407
7.00544
6.97025
6.93512
6.90008
6.86512
6.83024
6.79544
6.7607
6.72602
6.69138
6.65678
6.6222
6.58762
6.55301
6.51833
6.48353
6.44855
6.41334
6.37784
6.34198
6.30571
6.269
6.23186
6.19458
8.55116
8.49844
8.44887
8.40196
8.35733
8.31467
8.27371
8.23423
8.19607
8.1592
8.12343
8.08864
8.05471
8.02156
7.98909
7.95723
7.92592
7.89509
7.8647
7.8347
7.80504
7.77568
7.74658
7.7177
7.68903
7.66051
7.63213
7.60387
7.57568
7.54756
7.51948
7.49143
7.4634
7.43536
7.40731
7.37924
7.35113
7.32297
7.29475
7.26646
7.23811
7.2097
7.18123
7.15272
7.12417
7.09559
7.06697
7.03834
7.00969
6.98103
6.95238
6.92373
6.89511
6.8665
6.83793
6.8094
6.78092
6.75248
6.7241
6.69578
6.66752
6.63931
6.61116
6.58306
6.55499
6.52696
6.49896
6.47096
6.44296
6.41494
6.38687
6.35873
6.33051
6.30217
6.2737
6.24507
6.21628
6.18735
6.15831
6.12941
8.61001
8.53819
8.47033
8.40599
8.3448
8.28642
8.23055
8.17694
8.12536
8.07565
8.02769
7.98139
7.93659
7.89319
7.85108
7.81015
7.77034
7.73157
7.69378
7.6569
7.62089
7.5857
7.55127
7.51758
7.48458
7.45222
7.42049
7.38933
7.35873
7.32864
7.29904
7.2699
7.24119
7.2129
7.18498
7.15743
7.13021
7.1033
7.07668
7.05034
7.02424
6.99839
6.97276
6.94734
6.92211
6.89708
6.87223
6.84756
6.82306
6.79872
6.77455
6.75054
6.72669
6.703
6.67948
6.6561
6.63289
6.60984
6.58694
6.5642
6.54162
6.51919
6.49691
6.47478
6.4528
6.43097
6.40927
6.38771
6.36628
6.34497
6.32377
6.30269
6.28173
6.26088
6.24017
6.21962
6.19925
6.17913
6.15932
6.14003
8.89032
8.80623
8.72628
8.65011
8.57741
8.50791
8.44134
8.37745
8.31601
8.25683
8.19971
8.14445
8.09107
8.03948
7.98956
7.94119
7.89427
7.84872
7.80444
7.76138
7.71947
7.67864
7.63886
7.60007
7.56224
7.52531
7.48925
7.45404
7.41963
7.38599
7.3531
7.32094
7.28947
7.25867
7.22853
7.19902
7.17011
7.14179
7.11405
7.08685
7.06019
7.03405
7.00841
6.98326
6.95857
6.93435
6.91056
6.88722
6.86429
6.84178
6.81968
6.79797
6.77666
6.75573
6.73518
6.715
6.6952
6.67577
6.6567
6.63799
6.61965
6.60167
6.58405
6.5668
6.54991
6.53338
6.51724
6.50148
6.4861
6.47114
6.45659
6.44248
6.42885
6.41572
6.40316
6.39121
6.37997
6.36953
6.36
6.35157
9.72397
9.63959
9.55862
9.48077
9.40575
9.33331
9.26324
9.19534
9.12943
9.06536
9.00298
8.94217
8.88269
8.82445
8.76769
8.71243
8.65856
8.60603
8.55476
8.5047
8.4558
8.40803
8.36133
8.31568
8.27105
8.22741
8.18474
8.143
8.1022
8.06231
8.02332
7.98522
7.94798
7.91161
7.87609
7.84141
7.80756
7.77453
7.74231
7.7109
7.68029
7.65047
7.62144
7.59318
7.56569
7.53897
7.513
7.48778
7.4633
7.43956
7.41656
7.39428
7.37273
7.35189
7.33177
7.31236
7.29365
7.27566
7.25837
7.24178
7.22591
7.21074
7.1963
7.18258
7.1696
7.15738
7.14593
7.13529
7.12547
7.11653
7.1085
7.10144
7.09543
7.09054
7.08687
7.08454
7.08369
7.08447
7.08707
7.09166
12.8164
12.7371
12.6585
12.5804
12.5027
12.4256
12.3488
12.2725
12.1965
12.1209
12.0456
11.9707
11.8962
11.8222
11.7484
11.6748
11.602
11.5307
11.4607
11.3921
11.3247
11.2586
11.1937
11.13
11.0675
11.0062
10.9461
10.8871
10.8293
10.7727
10.7174
10.6633
10.6104
10.5588
10.5084
10.4593
10.4115
10.365
10.3198
10.2759
10.2332
10.192
10.152
10.1133
10.076
10.0399
10.0052
9.97183
9.93975
9.90898
9.87952
9.85137
9.82451
9.79895
9.77468
9.7517
9.72999
9.70957
9.69042
9.67256
9.65597
9.64068
9.62668
9.61401
9.60267
9.59271
9.58415
9.57705
9.57146
9.56746
9.56512
9.56456
9.56585
9.56912
9.57455
9.58232
9.59263
9.60568
9.62166
9.64043
33.9137
33.6272
33.3443
33.0658
32.7924
32.5245
32.2621
32.0054
31.7544
31.5092
31.2699
31.0364
30.8088
30.5869
30.3707
30.1602
29.9556
29.7571
29.5644
29.3773
29.1956
29.0191
28.8475
28.6808
28.5186
28.3609
28.2075
28.0583
27.913
27.7717
27.6341
27.5002
27.3698
27.2427
27.119
26.9984
26.8809
26.7663
26.6546
26.5457
26.4394
26.3356
26.2344
26.1354
26.0388
25.9443
25.8519
25.7615
25.6729
25.5862
25.5012
25.4178
25.3359
25.2555
25.1764
25.0985
25.0219
24.9463
24.8716
24.7979
24.725
24.6527
24.5811
24.5099
24.4391
24.3686
24.2983
24.228
24.1576
24.0869
24.016
23.9445
23.8723
23.7992
23.7251
23.6497
23.5728
23.4941
23.4134
23.3304
22.8278
28.7761
32.942
19.8519
20.924
20.593
15.2435
15.1617
13.9834
11.2441
10.6574
9.48034
8.18164
7.62685
6.87607
6.25995
5.90894
5.50225
5.20483
4.99622
4.76914
4.64868
4.51891
4.38162
4.37769
4.29025
4.20084
4.28187
4.21859
4.15474
4.28786
4.23937
4.19035
4.35914
4.3201
4.27998
4.47496
4.44247
4.40856
4.62323
4.5952
4.56529
4.79423
4.76906
4.74154
4.97949
4.95566
4.92912
5.1716
5.14758
5.12067
5.37643
5.3505
5.32164
5.59132
5.56197
5.52975
5.80237
5.76848
5.73187
5.9937
5.95481
5.91342
6.14846
6.10508
6.05955
6.25213
6.20593
6.15795
6.29731
6.25077
6.20283
6.28697
6.24277
6.19751
6.23422
6.19468
6.15439
6.16142
6.12839
6.09497
6.10403
6.07898
6.05395
6.12357
6.10772
6.09241
6.3452
6.33992
6.33584
7.09749
7.10522
7.11519
9.66002
9.68312
9.71015
23.2568
23.181
23.1028
11.7762
14.8047
17.629
19.898
21.8639
23.6406
25.2916
26.8584
28.378
29.8974
31.4893
33.0565
34.566
36.0366
37.4888
38.9376
40.3945
41.8828
43.5745
45.6278
47.8109
50.1165
52.6667
55.8386
59.1251
20.243
12.9791
13.3522
13.316
12.9262
12.3645
11.7696
11.2298
10.8034
10.5383
10.4909
10.5867
10.7199
10.8775
11.0605
11.2771
11.5481
11.9145
12.3043
12.6543
12.7959
13.0295
13.5035
14.1233
16.2932
23.5297
11.6859
10.7645
9.96454
9.08329
8.26222
7.58535
7.07649
6.7297
6.53017
6.46556
6.48012
6.53634
6.62383
6.74116
6.89267
7.09012
7.301
7.55523
7.8512
8.09837
8.37112
8.68212
8.9505
9.173
26.2126
10.8119
9.10189
8.03565
7.11133
6.3685
5.81773
5.43675
5.19465
5.06393
5.0277
5.04736
5.10367
5.18906
5.30162
5.44394
5.61097
5.79373
6.00367
6.23969
6.45669
6.66891
6.87245
7.04832
7.16487
28.9526
10.3712
8.06295
6.88771
6.02083
5.3893
4.94985
4.66061
4.4857
4.39831
4.38198
4.41041
4.47078
4.55705
4.66699
4.80197
4.95291
5.1153
5.28565
5.45948
5.62684
5.78712
5.93174
6.04761
6.11665
32.475
10.25
7.44809
6.2031
5.40326
4.86093
4.4994
4.2697
4.1361
4.07451
4.06899
4.10148
4.16242
4.24685
4.35277
4.47705
4.61277
4.7475
4.88413
5.01711
5.14618
5.268
5.37713
5.46777
5.53345
36.8302
10.807
7.16168
5.81909
5.04691
4.56713
4.26372
4.07399
3.9658
3.91833
3.91704
3.94898
4.00666
4.08598
4.18449
4.29549
4.40777
4.5163
4.62499
4.73024
4.83292
4.93085
5.02154
5.10269
5.17242
24.7574
10.3575
6.97852
5.58881
4.84236
4.40182
4.13485
3.97474
3.88424
3.84428
3.84325
3.87185
3.92394
3.99593
4.08292
4.17498
4.2646
4.35312
4.44094
4.52788
4.61409
4.69863
4.78075
4.86006
4.93679
16.4907
9.02077
6.5106
5.32254
4.67553
4.29256
4.06006
3.92006
3.84087
3.80615
3.80458
3.82909
3.87485
3.93677
4.0078
4.08074
4.15298
4.22651
4.30001
4.37491
4.45118
4.52871
4.60773
4.68882
4.77314
11.1525
7.46111
5.82497
4.97536
4.48228
4.17868
3.98858
3.87159
3.805
3.77613
3.77554
3.79705
3.83575
3.88627
3.94301
4.00207
4.063
4.12584
4.191
4.25921
4.33063
4.40565
4.48501
4.56975
4.66149
7.83346
6.15703
5.19767
4.63187
4.27727
4.0488
3.90179
3.81031
3.76022
3.74006
3.74254
3.76246
3.79546
3.83737
3.8846
3.93536
3.98933
4.04626
4.1072
4.17244
4.24225
4.31737
4.3988
4.48784
4.58635
6.04486
5.25502
4.70608
4.33769
4.08961
3.92334
3.81443
3.74866
3.71394
3.7022
3.708
3.72731
3.75679
3.79365
3.83582
3.88238
3.93237
3.98675
4.04604
4.11042
4.18035
4.25676
4.34082
4.434
4.53837
5.07822
4.66862
4.34743
4.11065
3.94196
3.82545
3.74995
3.7045
3.68149
3.67579
3.68369
3.70238
3.72968
3.76374
3.8032
3.84683
3.89493
3.94812
4.00677
4.07107
4.14162
4.21946
4.30592
4.40259
4.51176
4.53452
4.3031
4.10952
3.95834
3.84689
3.76924
3.71756
3.68623
3.67124
3.6695
3.67861
3.69673
3.72252
3.75432
3.79112
3.83256
3.87899
3.93099
3.98889
4.05292
4.12374
4.2025
4.29063
4.38988
4.50274
4.23983
4.09925
3.97875
3.88237
3.80857
3.7545
3.71751
3.69514
3.68519
3.68584
3.69561
3.71314
3.73711
3.76661
3.80105
3.84019
3.88448
3.93475
3.99128
4.05429
4.12456
4.20339
4.29229
4.39315
4.50863
4.10924
4.01853
3.93879
3.87188
3.81831
3.77778
3.74932
3.7319
3.72439
3.72576
3.73485
3.75063
3.77227
3.79916
3.83091
3.86736
3.90921
3.9572
4.01159
4.0728
4.14173
4.2198
4.30862
4.4102
4.52737
4.08915
4.02346
3.96406
3.91266
3.87019
3.83691
3.81255
3.79709
3.78978
3.78986
3.79662
3.80945
3.82777
3.85113
3.87914
3.91184
3.95034
3.99522
4.04681
4.1057
4.17285
4.24957
4.33759
4.43916
4.55728
4.13896
4.08676
4.03856
3.99542
3.95869
3.92894
3.90616
3.89028
3.88105
3.87814
3.88116
3.88972
3.90344
3.92192
3.94485
3.97284
4.00706
4.04793
4.09588
4.1516
4.2161
4.29079
4.3775
4.47863
4.59737
4.23712
4.19298
4.1513
4.11307
4.07919
4.0503
4.02672
4.00863
3.99606
3.98891
3.98702
3.99017
3.99807
4.01042
4.02718
4.04971
4.0788
4.11481
4.1583
4.21007
4.27122
4.34323
4.42805
4.52822
4.64712
4.37145
4.33235
4.29432
4.2583
4.2251
4.19539
4.16965
4.14822
4.13128
4.11893
4.11114
4.10784
4.10891
4.11419
4.1245
4.14111
4.16443
4.19495
4.23336
4.28056
4.33776
4.40655
4.48897
4.58772
4.70637
4.53173
4.49561
4.45943
4.42402
4.39017
4.35856
4.32972
4.3041
4.28199
4.26362
4.24914
4.23867
4.23243
4.23057
4.23456
4.24494
4.26216
4.28682
4.31973
4.36194
4.4148
4.47998
4.55967
4.65668
4.77482
4.70991
4.67518
4.63944
4.60344
4.56791
4.53349
4.50078
4.47028
4.44242
4.41758
4.39612
4.37837
4.36506
4.35695
4.35477
4.3589
4.3699
4.38852
4.41575
4.45278
4.50108
4.56248
4.63927
4.73442
4.85199
4.89799
4.86327
4.82678
4.78917
4.75111
4.71325
4.67623
4.64063
4.60701
4.57596
4.54809
4.52404
4.50457
4.49084
4.48267
4.48061
4.48542
4.49803
4.51959
4.55146
4.59524
4.6529
4.72684
4.82024
4.93739
5.08884
5.05317
5.0153
4.9758
4.93528
4.89436
4.85367
4.81384
4.77547
4.7392
4.70575
4.67591
4.65037
4.63017
4.61582
4.60765
4.60641
4.6132
4.62933
4.65629
4.69585
4.75005
4.82147
4.91346
5.03066
5.28754
5.24956
5.20919
5.16693
5.12335
5.07902
5.03456
4.99056
4.94767
4.9065
4.86773
4.83206
4.80023
4.77312
4.75189
4.73738
4.7304
4.73179
4.74298
4.76559
4.80147
4.8528
4.9223
5.01357
5.1316
5.49191
5.45025
5.40615
5.36005
5.31245
5.26389
5.21495
5.16622
5.11833
5.07192
5.0277
4.98638
4.94876
4.91569
4.88819
4.8675
4.85486
4.85155
4.85862
4.87773
4.91081
4.96016
5.02868
5.12025
5.24033
5.68924
5.64298
5.5944
5.54388
5.49185
5.43883
5.38534
5.33197
5.27933
5.22811
5.17902
5.13283
5.09037
5.05257
5.02044
4.99512
4.97796
4.97055
4.97453
4.99134
5.02283
5.07143
5.14029
5.23366
5.35751
5.86571
5.81471
5.76166
5.70688
5.65077
5.59378
5.53641
5.47923
5.42285
5.36796
5.31528
5.26563
5.2199
5.17904
5.14412
5.11633
5.09697
5.08751
5.08975
5.10556
5.13701
5.1865
5.25749
5.35473
5.48473
6.0075
5.95264
5.8961
5.83817
5.7792
5.7196
5.65984
5.60047
5.54209
5.48538
5.43109
5.38005
5.33317
5.29147
5.25606
5.22816
5.20911
5.20037
5.20357
5.22061
5.25375
5.30623
5.38181
5.48579
5.62492
6.10346
6.04668
5.98865
5.92961
5.86988
5.80984
5.74993
5.6907
5.63271
5.57666
5.52329
5.47344
5.42807
5.3882
5.35498
5.3297
5.31371
5.30849
5.31565
5.33706
5.37517
5.43335
5.51676
5.63116
5.78334
6.14861
6.09262
6.03577
5.9783
5.92049
5.86273
5.80543
5.74911
5.69435
5.64181
5.59227
5.54656
5.50565
5.4706
5.44259
5.42293
5.413
5.41429
5.42844
5.45752
5.50445
5.57321
5.66918
5.79839
5.96652
6.14645
6.09412
6.04131
5.98824
5.93521
5.88258
5.83076
5.78028
5.73169
5.68568
5.643
5.60451
5.57119
5.54411
5.52451
5.5137
5.51306
5.52408
5.54861
5.58921
5.64965
5.7346
5.84895
5.99683
6.18228
6.1091
6.06302
6.01685
5.97081
5.92521
5.88041
5.83684
5.79499
5.75545
5.71891
5.68611
5.65795
5.6354
5.61959
5.61176
5.61324
5.6254
5.64987
5.68905
5.74639
5.826
5.93205
6.0684
6.23871
6.44699
6.05758
6.01997
5.9827
5.94601
5.91022
5.8757
5.8429
5.81234
5.7846
5.76039
5.74049
5.7258
5.71733
5.71625
5.72383
5.74141
5.77046
5.81325
5.87282
5.95273
6.05652
6.18785
6.35044
6.54813
6.78517
6.0263
5.99904
5.97264
5.94738
5.92358
5.90166
5.88209
5.86541
5.85225
5.84333
5.8395
5.84168
5.85095
5.86854
5.89576
5.93412
5.9855
6.05271
6.13877
6.24676
6.38006
6.54222
6.737
6.96828
7.2403
6.07615
6.06103
6.04744
6.0357
6.02618
6.01934
6.01568
6.01581
6.02042
6.0303
6.04632
6.06952
6.10105
6.14223
6.19457
6.25979
6.34025
6.43865
6.55757
6.70004
6.86938
7.06905
7.30265
7.57373
7.88595
6.33296
6.33221
6.33394
6.33849
6.34632
6.35794
6.37394
6.395
6.42188
6.45542
6.49661
6.54654
6.60647
6.67783
6.76228
6.86177
6.97871
7.11531
7.27397
7.45762
7.66919
7.91166
8.18794
8.50068
8.85219
7.12935
7.14697
7.16831
7.19387
7.22426
7.26003
7.30182
7.35032
7.40632
7.47068
7.54436
7.62844
7.72413
7.83276
7.95585
8.09511
8.25236
8.42949
8.62876
8.85198
9.10088
9.37713
9.68222
10.0171
10.3817
9.74437
9.78285
9.82604
9.87533
9.93097
9.99272
10.0611
10.1368
10.2201
10.3115
10.4116
10.5208
10.6397
10.769
10.9091
11.0608
11.2245
11.4008
11.59
11.792
12.0068
12.2339
12.4727
12.7217
12.9781
23.0104
22.9141
22.8135
22.708
22.5973
22.4809
22.3583
22.2288
22.0919
21.9468
21.7928
21.6292
21.455
21.2693
21.071
20.8591
20.6321
20.3885
20.1267
19.8446
19.5399
19.2097
18.8507
18.4584
18.0272
50.4357
36.4783
25.3841
16.2057
11.2999
8.87078
7.88506
8.33192
12.1267
35.5069
50.8047
38.0667
26.1694
16.417
11.3889
8.90891
7.88391
8.29423
12.0639
35.6119
51.2782
39.6452
26.9679
16.6285
11.4835
8.9485
7.8799
8.24947
11.9882
35.7061
51.8568
41.3697
27.7898
16.8412
11.5841
8.99011
7.87474
8.20003
11.8931
35.7889
52.4437
43.1878
28.6173
17.0561
11.6916
9.03351
7.86775
8.14517
11.7832
35.8583
53.0252
45.1387
29.447
17.2768
11.8084
9.07941
7.85936
8.08532
11.6568
35.9126
53.5711
47.2301
30.2643
17.5065
11.9365
9.12825
7.84987
8.0211
11.5143
35.9498
54.0799
49.4615
31.046
17.748
12.0776
9.18038
7.83978
7.95371
11.3567
35.968
54.6006
51.8099
31.7576
18.0038
12.2329
9.23584
7.82967
7.88492
11.1865
35.9651
54.9021
54.2693
32.3399
18.2769
12.4029
9.29434
7.82024
7.8172
11.008
35.9393
54.9672
56.7421
32.7294
18.5705
12.5868
9.35497
7.81221
7.75372
10.8278
35.889
54.3533
59.0428
32.8699
18.887
12.7808
9.41566
7.80608
7.69809
10.6576
35.8135
52.5379
61.0713
32.6821
19.2246
12.9767
9.47222
7.80168
7.65369
10.5149
35.7131
49.1521
62.0818
32.3864
19.5938
13.1589
9.52116
7.79434
7.61735
10.4018
35.581
43.8068
61.2861
32.1271
19.9968
13.2755
9.51458
7.76377
7.57824
10.2942
35.3889
37.8247
58.3271
31.9247
20.1429
13.221
9.41931
7.6981
7.53212
10.1933
35.1249
34.5919
54.0766
31.3061
19.8875
12.9161
9.2053
7.58655
7.47445
10.0993
34.7832
42.0425
49.2639
30.1651
19.0607
12.2888
8.85041
7.421
7.4007
10.0122
34.3607
60.4587
43.8049
28.2076
17.4678
11.2802
8.33689
7.1985
7.30909
9.92962
33.8622
72.5179
40.4376
24.7125
14.8234
9.84743
7.69422
6.94786
7.21078
9.84068
33.3028
41.6147
27.7913
17.1905
11.0719
8.23655
7.05203
6.69915
7.10865
9.75018
32.7025
15.5519
12.6043
9.85216
8.06421
7.05811
6.5725
6.49415
7.01667
9.67224
32.1198
9.06471
8.46334
7.59236
6.88175
6.44955
6.26068
6.33616
6.93985
9.6053
31.5621
7.12246
6.86914
6.52661
6.24031
6.07036
6.04069
6.2168
6.88192
9.55086
31.0475
6.11878
6.04741
5.9357
5.84223
5.81356
5.88506
6.13272
6.84452
9.51389
30.5931
5.5693
5.57524
5.57034
5.58305
5.64145
5.78013
6.07894
6.82551
9.49418
30.2029
5.23218
5.28433
5.33945
5.41373
5.5277
5.71315
6.04924
6.8211
9.49051
29.8758
5.01459
5.09613
5.18842
5.30275
5.45537
5.67494
6.03805
6.82725
9.50189
29.6079
4.86536
4.96828
5.08693
5.23024
5.41191
5.65818
6.04298
6.84556
9.52167
29.3868
4.76542
4.88448
5.02265
5.1877
5.39158
5.65875
6.06148
6.87545
9.54618
29.214
4.69993
4.83171
4.9851
5.16722
5.38887
5.67326
6.09146
6.9149
9.5737
29.0808
4.65989
4.80193
4.9676
5.16353
5.39998
5.70002
6.13222
6.96142
9.60323
28.9789
4.63973
4.79011
4.96582
5.17331
5.42279
5.73753
6.18258
7.01441
9.63447
28.9009
4.63582
4.79295
4.97697
5.19442
5.45644
5.78514
6.2411
7.07367
9.66754
28.8402
4.64564
4.80819
4.99926
5.22606
5.50013
5.84165
6.30737
7.13932
9.70284
28.7911
4.66733
4.83428
5.03173
5.26774
5.55311
5.90633
6.3813
7.2117
9.74094
28.7487
4.69947
4.87041
5.07417
5.31871
5.61441
5.97898
6.46302
7.29132
9.7825
28.7088
4.74156
4.91616
5.12563
5.37811
5.68387
6.05972
6.55289
7.37878
9.82829
28.6674
4.79294
4.97085
5.18574
5.44598
5.76175
6.14893
6.65141
7.47477
9.87909
28.6211
4.85348
5.03447
5.25466
5.52263
5.84845
6.24709
6.7591
7.58001
9.93578
28.5666
4.92305
5.10703
5.33256
5.6084
5.94446
6.35474
6.87655
7.69526
9.99926
28.5009
5.00136
5.1885
5.41966
5.70373
6.05033
6.47248
7.0044
7.82133
10.0705
28.4208
5.08821
5.27897
5.51633
5.80922
6.16676
6.60098
7.14332
7.95906
10.1506
28.3236
5.18356
5.37874
5.62318
5.92563
6.29455
6.74101
7.29407
8.10939
10.2405
28.2064
5.2876
5.48838
5.74107
6.05397
6.43466
6.89344
7.45754
8.2734
10.3417
28.0662
5.40091
5.60888
5.87123
6.19547
6.5882
7.05933
7.63485
8.45238
10.4555
27.9
5.52469
5.7418
6.01526
6.35156
6.7565
7.24009
7.82751
8.64789
10.5835
27.7044
5.66108
5.88942
6.17522
6.52409
6.94152
7.43792
8.03768
8.86194
10.7275
27.4749
5.81339
6.05522
6.35413
6.71527
7.14598
7.65622
8.26848
9.09704
10.8893
27.2057
5.98695
6.24307
6.55518
6.92959
7.37442
7.89916
8.52391
9.35601
11.0707
26.8884
6.18625
6.45771
6.78531
7.17558
7.63573
8.17357
8.80809
9.64183
11.2727
26.5101
6.42021
6.71029
7.05691
7.4656
7.9416
8.48996
9.12859
9.95726
11.4924
26.0515
6.70698
7.01967
7.38849
7.81696
8.30754
8.86147
9.49549
10.3073
11.7248
25.4829
7.07716
7.41696
7.80889
8.25574
8.75578
9.30566
9.92233
10.6997
11.9744
24.7928
7.57037
7.94775
8.36663
8.82448
9.32044
9.84726
10.4256
11.1361
12.2114
23.8946
8.25789
8.67489
9.12634
9.5947
10.0591
10.5265
11.025
11.603
12.3629
22.6688
9.26114
9.70818
10.1779
10.641
11.059
11.4097
11.74
12.0424
12.2521
21.0316
10.7921
11.2242
11.6579
12.0515
12.3581
12.5523
12.5659
12.3021
11.6435
18.6168
13.2469
13.5044
13.7279
13.8678
13.8865
13.7424
13.2184
11.9602
10.1158
13.0512
17.5257
16.9597
16.3024
15.5206
14.5509
13.2928
11.6303
9.17428
7.30664
8.78158
)
;

boundaryField
{
    inlet
    {
        type            fixedValue;
        value           uniform 215.955;
    }
    outlet
    {
        type            zeroGradient;
    }
    walls
    {
        blending        binomial2;
        n               2;
        beta1           0.075;
        type            omegaWallFunction;
        value           nonuniform List<scalar> 
446
(
572.102
431.122
345.75
289.739
250.552
221.69
199.542
181.974
167.662
155.744
145.637
136.938
129.354
122.67
116.726
111.397
106.586
102.217
98.2267
94.5655
91.2759
88.2252
85.3847
82.7304
80.2417
77.9006
75.6907
73.5306
71.4822
69.5338
67.6743
65.8934
64.1814
62.5294
60.9284
59.3703
57.8465
56.3491
54.8701
53.4015
51.9355
50.464
48.9789
47.4719
45.934
44.3555
42.7253
41.03
39.253
37.3719
35.3551
33.1536
30.6735
27.7234
24.1942
19.6947
14.6123
12.9224
12.9493
13.7157
13.7157
14.4494
17.7644
21.6658
25.2062
27.9711
29.8949
31.4667
32.7663
33.8219
34.6596
35.3784
36.0022
36.5248
36.9514
37.2914
37.5518
37.7391
37.8595
37.9192
37.9241
37.88
37.7925
37.667
37.5084
37.3215
37.1106
36.8797
36.6325
36.3721
36.1016
35.8233
35.5395
35.2521
34.9628
34.7081
34.4547
34.2029
33.9137
33.6272
33.3443
33.0658
32.7924
32.5245
32.2621
32.0054
31.7544
31.5092
31.2699
31.0364
30.8088
30.5869
30.3707
30.1602
29.9556
29.7571
29.5644
29.3773
29.1956
29.0191
28.8475
28.6808
28.5186
28.3609
28.2075
28.0583
27.913
27.7717
27.6341
27.5002
27.3698
27.2427
27.119
26.9984
26.8809
26.7663
26.6546
26.5457
26.4394
26.3356
26.2344
26.1354
26.0388
25.9443
25.8519
25.7615
25.6729
25.5862
25.5012
25.4178
25.3359
25.2555
25.1764
25.0985
25.0219
24.9463
24.8716
24.7979
24.725
24.6527
24.5811
24.5099
24.4391
24.3686
24.2983
24.228
24.1576
24.0869
24.016
23.9445
23.8723
23.7992
23.7251
23.6497
23.5728
23.4941
23.4134
23.3304
23.2568
23.181
23.1028
23.0104
22.9141
22.8135
22.708
22.5973
22.4809
22.3583
22.2288
22.0919
21.9468
21.7928
21.6292
21.455
21.2693
21.071
20.8591
20.6321
20.3885
20.1267
19.8446
19.5399
19.2097
18.8507
18.4584
18.0272
17.5257
16.9597
16.3024
15.5206
14.5509
13.2928
11.6303
9.17428
7.30664
8.78158
29.6079
29.3868
29.214
29.0808
28.9789
28.9009
28.8402
28.7911
28.7487
28.7088
28.6674
28.6211
28.5666
28.5009
28.4208
28.3236
28.2064
28.0662
27.9
27.7044
27.4749
27.2057
26.8884
26.5101
26.0515
25.4829
24.7928
23.8946
22.6688
21.0316
18.6168
13.0512
8.78158
32.7025
32.1198
31.5621
31.0475
30.5931
30.2029
29.8758
35.5069
35.6119
35.7061
35.7889
35.8583
35.9126
35.9498
35.968
35.9651
35.9393
35.889
35.8135
35.7131
35.581
35.3889
35.1249
34.7832
34.3607
33.8622
33.3028
50.4357
50.8047
51.2782
51.8568
52.4437
53.0252
53.5711
54.0799
54.6006
54.9021
54.9672
54.3533
52.5379
49.1521
43.8068
37.8247
34.5919
42.0425
60.4587
72.5179
11.7762
14.8047
17.629
19.898
21.8639
23.6406
25.2916
26.8584
28.378
29.8974
31.4893
33.0565
34.566
36.0366
37.4888
38.9376
40.3945
41.8828
43.5745
45.6278
47.8109
50.1165
52.6667
55.8386
59.1251
4.34335
5.92365
7.27961
8.24468
9.01617
9.65341
10.2032
10.6889
11.1253
11.5222
11.8863
12.2229
12.5361
12.8291
13.1048
13.3655
13.6136
13.8507
14.0786
14.2989
14.5129
14.7219
14.9273
15.1301
15.3314
15.5326
15.7346
15.9389
16.1466
16.3593
16.5786
16.8066
17.0457
17.2987
17.5617
17.831
18.1068
18.3896
18.6814
18.9811
19.288
19.6039
19.9296
20.2654
20.6119
20.9696
21.3387
21.7197
22.1124
22.5169
22.9325
23.3583
23.7923
24.231
24.6691
25.098
25.504
25.866
26.153
26.3376
26.4367
26.4627
26.4258
26.28
25.9608
25.4917
24.8389
24.0328
23.1124
22.0942
20.9992
19.8247
18.7139
17.6301
16.5318
15.3849
14.1461
12.7293
10.9727
9.36901
34.6356
21.0452
20.8838
20.9481
20.8422
20.4132
19.4548
18.5201
17.635
16.7848
15.9552
15.169
14.4279
13.7274
13.0547
12.4182
11.8309
11.2672
10.7072
10.1324
9.52124
8.8436
8.03351
6.96992
5.99403
572.102
431.122
345.75
289.739
250.552
221.69
199.542
181.975
167.663
155.745
145.64
136.942
129.359
122.678
116.737
111.412
106.608
102.247
98.269
94.6227
)
;
    }
    baffle
    {
        blending        binomial2;
        n               2;
        beta1           0.075;
        type            omegaWallFunction;
        value           nonuniform List<scalar> 
34
(
5.99403
9.15733
9.82971
9.87775
9.59225
9.14453
8.68299
7.23019
11.2722
15.9943
4.34335
9.53937
11.7923
13.4978
14.9895
16.6897
18.7472
9.36901
13.3656
13.7727
13.2019
12.2006
11.3072
10.8505
22.8278
28.7761
32.942
11.7762
20.243
23.5297
26.2126
28.9526
32.475
36.8302
)
;
    }
    front
    {
        type            empty;
    }
    back
    {
        type            empty;
    }
}


// ************************************************************************* //
