/*--------------------------------*- C++ -*----------------------------------*\
| =========                 |                                                 |
| \\      /  F ield         | OpenFOAM: The Open Source CFD Toolbox           |
|  \\    /   O peration     | Version:  v2012                                 |
|   \\  /    A nd           | Website:  www.openfoam.com                      |
|    \\/     M anipulation  |                                                 |
\*---------------------------------------------------------------------------*/
FoamFile
{
    version     2.0;
    format      ascii;
    class       volScalarField;
    location    "574";
    object      nut;
}
// * * * * * * * * * * * * * * * * * * * * * * * * * * * * * * * * * * * * * //

dimensions      [0 2 -1 0 0 0 0];


internalField   nonuniform List<scalar> 
6018
(
3.71038e-05
4.37112e-05
5.02426e-05
5.67265e-05
6.3216e-05
6.97761e-05
7.6567e-05
8.38074e-05
9.17554e-05
0.000100716
0.000111073
0.000123323
0.000138128
0.0001564
0.000179429
0.000209067
0.000248011
0.000300261
0.000371959
0.00047303
0.00018436
0.000211567
0.000241575
0.000274382
0.000310408
0.000349882
0.000392863
0.000439801
0.000491784
0.00055015
0.000616572
0.000693203
0.000782834
0.000889154
0.0010172
0.00117442
0.00137222
0.00162948
0.0019856
0.00253324
0.000723073
0.000816853
0.000910541
0.00100343
0.00109577
0.00118792
0.00128075
0.00137562
0.00147415
0.00157807
0.00168914
0.00180928
0.00194058
0.00208497
0.00224416
0.00241951
0.00261126
0.00281689
0.00302908
0.00323073
0.00147731
0.00159625
0.00170667
0.00180993
0.00190768
0.00200153
0.00209306
0.00218368
0.00227457
0.00236665
0.00246055
0.0025566
0.0026548
0.00275488
0.00285607
0.00295691
0.00305531
0.0031486
0.00323404
0.00330937
0.00201225
0.00210758
0.00219473
0.00227582
0.00235265
0.00242657
0.00249857
0.00256934
0.00263929
0.00270861
0.00277729
0.00284514
0.00291183
0.00297699
0.00304015
0.00310089
0.0031589
0.00321415
0.00326704
0.00331847
0.00216274
0.00222623
0.00228724
0.00234729
0.00240731
0.0024679
0.00252938
0.00259189
0.00265544
0.00271967
0.00278461
0.00284986
0.00291478
0.00297876
0.00304116
0.00310141
0.00315914
0.00321424
0.00326706
0.00331847
0.00190339
0.00193838
0.00197773
0.00202187
0.00207094
0.002125
0.0021841
0.00224819
0.00231966
0.00239792
0.00248189
0.00257087
0.00266412
0.0027608
0.00285965
0.00295892
0.00305631
0.00314903
0.00323417
0.00330939
0.00122959
0.00123746
0.00125402
0.0012785
0.00131023
0.00134894
0.00139862
0.001462
0.00153683
0.00162312
0.00172126
0.00183205
0.0019565
0.0020958
0.00225128
0.00242396
0.00261381
0.00281817
0.00302958
0.00323082
0.000383983
0.000379553
0.000381564
0.000388568
0.000399583
0.00041827
0.000445382
0.000479906
0.000522198
0.000573075
0.000633797
0.000706138
0.000792488
0.000896247
0.00102232
0.00117802
0.00137461
0.00163094
0.00198643
0.00253355
7.11018e-05
6.99682e-05
7.00038e-05
7.14096e-05
7.39815e-05
7.76085e-05
8.22234e-05
8.78671e-05
9.46521e-05
0.000102772
0.000112523
0.000124333
0.000138818
0.000156859
0.00017972
0.00020924
0.000248104
0.000300304
0.000371973
0.000473032
2.96135e-07
3.80722e-07
3.92153e-07
3.28648e-07
2.18858e-07
1.18692e-07
5.7253e-08
2.9743e-08
2.33632e-08
3.81694e-08
9.72834e-08
2.0296e-07
3.19546e-07
4.02833e-07
4.25546e-07
4.22841e-07
4.16356e-07
4.30465e-07
4.77571e-07
5.20125e-07
5.41622e-07
5.5817e-07
5.84378e-07
5.80643e-07
5.64023e-07
6.15017e-07
1.20454e-06
2.33621e-06
4.36632e-06
7.55241e-06
1.19811e-05
1.75264e-05
2.38041e-05
3.04069e-05
8.65333e-06
7.20367e-06
4.85469e-06
3.01753e-06
1.89253e-06
1.21193e-06
8.02663e-07
5.77193e-07
5.39838e-07
1.09646e-06
3.49758e-06
7.35941e-06
1.07499e-05
1.19369e-05
1.14988e-05
1.16285e-05
1.27383e-05
1.51557e-05
1.82894e-05
2.12888e-05
2.30053e-05
2.47877e-05
2.85889e-05
3.34551e-05
3.90038e-05
4.56312e-05
5.36459e-05
6.30034e-05
7.38657e-05
8.65876e-05
0.000101386
0.000118485
0.000138022
0.000159818
5.75858e-05
5.57166e-05
4.69729e-05
3.27863e-05
2.10701e-05
1.36226e-05
9.32535e-06
7.13825e-06
7.20924e-06
1.3907e-05
4.19553e-05
8.66716e-05
0.000127275
0.000150173
0.000164987
0.000163633
0.000164099
0.000168869
0.00016806
0.000162626
0.000156775
0.000153323
0.000154543
0.000160912
0.000172328
0.000189255
0.00021246
0.000242762
0.000281319
0.000329426
0.000388271
0.000459097
0.000540475
0.000629718
0.000103132
0.000109109
0.000104738
8.92652e-05
6.72515e-05
4.76682e-05
3.43943e-05
2.77368e-05
3.15711e-05
6.75291e-05
0.000179199
0.000321916
0.000430767
0.000497831
0.000494798
0.000444741
0.000401593
0.000371857
0.000346839
0.000325361
0.000310719
0.000306721
0.000315339
0.00033734
0.000373312
0.000424384
0.000491856
0.000576641
0.000679047
0.000798125
0.000930137
0.0010697
0.00121089
0.00134804
0.000144375
0.000155504
0.000154437
0.00014299
0.000120845
9.46792e-05
7.36221e-05
6.66356e-05
0.000102048
0.000243465
0.000456797
0.000633686
0.000726529
0.000727952
0.00068214
0.00061708
0.00057115
0.000523088
0.000484892
0.000461702
0.000457212
0.000473701
0.000512445
0.000574224
0.000659323
0.000767142
0.000895425
0.00103984
0.00119441
0.00135237
0.00150692
0.0016525
0.00178559
0.00190525
0.000207372
0.000222341
0.0002205
0.000204879
0.000178448
0.000147621
0.000126172
0.000148587
0.00029751
0.000565307
0.000797886
0.000920081
0.00092739
0.000835664
0.000766469
0.000725318
0.00067614
0.000624714
0.000595372
0.000592612
0.000618478
0.000673475
0.000756778
0.000865934
0.000996414
0.00114162
0.00129357
0.0014442
0.00158669
0.00171631
0.00183097
0.00193091
0.00201772
0.00209397
0.00030692
0.000326006
0.000317707
0.000286991
0.000247053
0.000212843
0.000218545
0.000344969
0.000625021
0.000916248
0.00108048
0.00105486
0.000982165
0.000921361
0.000883283
0.000806428
0.000743826
0.000708322
0.000705541
0.000736745
0.000800311
0.000892139
0.0010057
0.00113234
0.00126232
0.00138629
0.00149704
0.0015905
0.00166591
0.00172513
0.00177149
0.00180897
0.00184136
0.00187148
0.00045797
0.000473681
0.000446699
0.000389396
0.000334312
0.000320377
0.000417449
0.000669592
0.000998126
0.00119872
0.0011958
0.001139
0.00108558
0.00101522
0.000918798
0.000843302
0.000799344
0.000791743
0.000820326
0.000880374
0.000963718
0.00105969
0.00115651
0.0012432
0.00131146
0.00135683
0.00137893
0.00138038
0.00136561
0.00133951
0.00130739
0.0012751
0.00124881
0.00123337
0.000658538
0.000658041
0.000596381
0.000511214
0.000465227
0.000526998
0.000747859
0.00104032
0.00128155
0.00136361
0.00131471
0.00125406
0.00113207
0.00101711
0.000926012
0.000869196
0.000850546
0.00086739
0.000911594
0.000971042
0.00103179
0.00108052
0.0011069
0.00110533
0.00107519
0.00101994
0.000945485
0.000858863
0.000766773
0.000675205
0.000589315
0.000512929
0.000450125
0.000408387
0.000888463
0.000856414
0.00075429
0.000666645
0.000684581
0.000838228
0.0010863
0.00132467
0.00146197
0.00146689
0.00137481
0.00124075
0.00110592
0.000995792
0.000921729
0.000886273
0.000884343
0.000904708
0.000932492
0.000952283
0.000951444
0.000922607
0.000864725
0.000782405
0.000683983
0.000578986
0.000475959
0.000380929
0.000297504
0.000227008
0.000169571
0.000126045
9.57002e-05
7.74371e-05
1.87806e-09
1.05353e-08
2.50879e-08
4.21227e-08
7.98685e-08
1.79778e-07
1.25495e-08
1.38339e-07
1.00094e-06
3.53546e-06
6.48183e-06
8.42703e-06
3.00178e-08
7.53047e-07
8.76004e-06
2.38296e-05
3.9494e-05
5.15086e-05
4.4164e-08
1.87058e-06
1.59677e-05
3.94283e-05
6.47888e-05
8.6933e-05
5.38733e-08
3.26621e-06
2.17868e-05
5.21824e-05
8.71753e-05
0.000119298
7.31461e-08
5.46572e-06
3.00522e-05
7.14316e-05
0.000122019
0.000170033
3.0902e-07
8.91011e-06
4.31293e-05
0.000103361
0.000179304
0.000252196
1.10985e-06
1.41216e-05
6.43834e-05
0.000156954
0.000274907
0.000384555
2.92352e-06
2.20475e-05
9.97816e-05
0.000247377
0.000427615
0.000577788
5.74226e-06
3.43754e-05
0.000159683
0.000392207
0.000648222
0.000825312
0.00111589
0.00103404
0.000920114
0.000884394
0.000971297
0.00115606
0.00136612
0.00151471
0.00154989
0.00147588
0.001338
0.00118684
0.00105633
0.000962563
0.000907635
0.000884536
0.000880297
0.000879572
0.000868669
0.000838878
0.000788111
0.000720214
0.000642379
0.000561859
0.000483155
0.00040946
0.000341555
0.000279215
0.000221976
0.000169447
0.00012165
7.9238e-05
4.29415e-05
1.8584e-05
0.00130813
0.00119325
0.00111245
0.00113135
0.00124852
0.00141253
0.00155116
0.00160433
0.00155309
0.0014231
0.00126249
0.00111347
0.000998968
0.000924063
0.000881773
0.00085912
0.000842063
0.00081963
0.000786591
0.000743484
0.000694417
0.000644085
0.000595523
0.000549365
0.000504704
0.000460275
0.000414842
0.000368328
0.000321758
0.000277052
0.000221531
0.000144727
4.20182e-05
3.4538e-06
0.00146005
0.00135347
0.00131345
0.00136332
0.00147345
0.00158604
0.00164286
0.00161064
0.00149542
0.00133432
0.00117169
0.00103817
0.000944601
0.00088677
0.000853056
0.0008311
0.000812041
0.000792158
0.000772006
0.000753703
0.000738498
0.000725571
0.000712356
0.00069573
0.000673551
0.000645438
0.000614336
0.000588863
0.00056523
0.000507778
0.000433556
0.000280906
6.07884e-05
2.35115e-06
0.00158993
0.00151196
0.00150133
0.00155462
0.00163075
0.00167773
0.00165609
0.00155658
0.00140218
0.00123285
0.0010842
0.000974358
0.000904267
0.000865126
0.000846136
0.000839473
0.000841457
0.000851042
0.000867455
0.000888219
0.000908863
0.000923824
0.000928101
0.000918918
0.000897344
0.000870016
0.000841783
0.000792596
0.000741516
0.000695513
0.00061885
0.000394584
7.82036e-05
2.04228e-06
0.00171106
0.00165773
0.00165796
0.00169235
0.00171889
0.00169808
0.00161069
0.00146641
0.00129685
0.00113819
0.00101508
0.000935153
0.000893805
0.000882109
0.000892426
0.000920001
0.000961431
0.00101241
0.00106656
0.00111569
0.00115137
0.00116686
0.00115894
0.00112953
0.00109065
0.00103434
0.000971424
0.000912958
0.000865299
0.000819022
0.000725216
0.000459199
9.03145e-05
1.85436e-06
0.00181772
0.00177806
0.00177257
0.00177362
0.00174464
0.00166325
0.00152879
0.00136323
0.00119959
0.00106646
0.000978377
0.00093603
0.000932954
0.000961594
0.00101539
0.00108804
0.00117137
0.00125492
0.00132687
0.00137596
0.00139373
0.00137646
0.0013274
0.00125715
0.00116931
0.00108845
0.00101522
0.000952862
0.000907241
0.000861091
0.000764826
0.000486266
9.60414e-05
1.60477e-06
0.00181749
0.00173209
0.00173544
0.00180151
0.00172016
0.00159243
0.00143217
0.00126718
0.00112704
0.0010319
0.000988283
0.000993043
0.00103886
0.00111722
0.00121849
0.00133065
0.00143903
0.00152816
0.0015839
0.00159555
0.00155714
0.0014744
0.00135822
0.00124693
0.00114132
0.00104936
0.000975313
0.000919301
0.000880667
0.000843071
0.00075554
0.000480963
9.42673e-05
1.35345e-06
0.00171209
0.00163167
0.00165289
0.00178467
0.00166101
0.00150497
0.00134011
0.00119513
0.00109359
0.00104719
0.00105726
0.00111714
0.00121652
0.00134233
0.00147856
0.00160664
0.00170738
0.00176356
0.00176132
0.00169157
0.00155548
0.00140404
0.00126074
0.00113293
0.00102352
0.000936779
0.00087414
0.000832412
0.000807394
0.000784322
0.000709205
0.000444903
8.33262e-05
1.32419e-06
0.00159886
0.00153685
0.00158647
0.00173563
0.00158384
0.00141896
0.00126955
0.00116127
0.0011102
0.0011214
0.00119063
0.00130581
0.00145073
0.00160536
0.00174734
0.00185411
0.00190539
0.00188378
0.00177335
0.0015725
0.00138293
0.00121074
0.00106298
0.000941471
0.000849055
0.000781626
0.000736905
0.000712803
0.000704854
0.000697721
0.000631736
0.000382379
6.78562e-05
1.30196e-06
0.00149457
0.00145982
0.00154584
0.00166872
0.00150525
0.00135061
0.00123367
0.00117452
0.00118256
0.00125506
0.0013797
0.00153737
0.00170417
0.00185395
0.00196109
0.00200283
0.00195953
0.0018103
0.00154089
0.0013041
0.00109987
0.000934091
0.000804315
0.000709282
0.000644574
0.000603045
0.000580563
0.000575558
0.00058612
0.000592966
0.00053599
0.000309745
5.1163e-05
1.21503e-06
0.00140712
0.00140478
0.0015333
0.00159806
0.00143909
0.00131097
0.00123957
0.00123898
0.00130828
0.00143536
0.00159908
0.00177205
0.0019241
0.00202653
0.00205466
0.00198847
0.00180781
0.00149703
0.0011927
0.00095205
0.000763117
0.000629306
0.000535794
0.000475079
0.000439676
0.000422883
0.000421716
0.0004363
0.000465266
0.000484628
0.000435557
0.00023539
3.54004e-05
1.04914e-06
0.00133979
0.00137404
0.0015581
0.00153501
0.00139535
0.00130747
0.00129129
0.00135023
0.0014728
0.00163611
0.00180996
0.00196043
0.00205514
0.00206743
0.00197766
0.00177243
0.00144235
0.00109294
0.00079982
0.000595563
0.000458293
0.000370846
0.000316942
0.000285835
0.000271147
0.000269841
0.000282615
0.000312304
0.000355451
0.000382901
0.000332712
0.000162606
2.08612e-05
8.85317e-07
0.00129504
0.00137249
0.00163164
0.00148888
0.0013815
0.00134332
0.00138322
0.00149414
0.00165133
0.001822
0.00196899
0.00205615
0.00205407
0.00194306
0.00171366
0.00136661
0.00100358
0.000692044
0.000472875
0.000344626
0.000272386
0.000229691
0.000201822
0.000183521
0.00017227
0.000169552
0.000180556
0.0002125
0.000257775
0.000280259
0.000222654
9.12057e-05
1.09869e-05
7.12325e-07
0.00127414
0.00140192
0.0015873
0.00146425
0.00139829
0.00141222
0.0015032
0.0016487
0.00181343
0.001957
0.00203965
0.00202881
0.00190395
0.00165961
0.00131139
0.000917706
0.000603527
0.000399952
0.000291864
0.000236917
0.000205187
0.000183468
0.000165813
0.0001494
0.000133699
0.000121694
0.000120467
0.000138323
0.00016774
0.000172566
0.000123198
4.70557e-05
5.8818e-06
4.99346e-07
0.00127976
0.00147495
0.00155644
0.00146368
0.00144403
0.00150571
0.00163295
0.00178896
0.00193039
0.00201355
0.00200226
0.00187391
0.0016236
0.0012693
0.000868754
0.000543896
0.000356212
0.000267878
0.000225519
0.000200864
0.000183587
0.000169641
0.000156419
0.000141699
0.00012425
0.000105501
9.11067e-05
8.92181e-05
9.76609e-05
9.45445e-05
6.43738e-05
2.44866e-05
3.20677e-06
2.99764e-07
0.00131576
0.00160504
0.00154178
0.00148469
0.00150942
0.00160991
0.00175299
0.00189288
0.00198213
0.00197996
0.00186077
0.00161884
0.00127221
0.000873308
0.000526281
0.000335191
0.000256908
0.000222066
0.000201272
0.000186039
0.0001739
0.000163515
0.000153319
0.000141293
0.000125423
0.000104923
8.21035e-05
6.38131e-05
5.6076e-05
5.10961e-05
3.44018e-05
1.32646e-05
1.76232e-06
1.5373e-07
0.00138371
0.00162986
0.00154273
0.0015238
0.00158687
0.00171009
0.00184668
0.0019458
0.00196159
0.00186354
0.00164359
0.00131847
0.000933924
0.000576574
0.000346558
0.000255376
0.000223427
0.000205229
0.000190969
0.000178783
0.000168297
0.000159196
0.000150655
0.000141164
0.000128642
0.000111051
8.74963e-05
6.06051e-05
3.93416e-05
2.98215e-05
1.94933e-05
7.55326e-06
9.67879e-07
6.90859e-08
0.001497
0.00161833
0.00155708
0.00157373
0.00166596
0.00179385
0.00190314
0.00194292
0.0018758
0.00168832
0.00139322
0.00103164
0.000670817
0.000403545
0.000273529
0.000231073
0.000215008
0.000202458
0.000190208
0.000178313
0.00016714
0.000157128
0.000148169
0.000139515
0.000129601
0.000116357
9.76339e-05
7.20221e-05
4.25265e-05
2.23025e-05
1.24659e-05
4.61832e-06
5.40187e-07
2.97388e-08
0.00167645
0.00161574
0.00158299
0.00162956
0.00173766
0.00185293
0.00191857
0.00188952
0.0017434
0.00148759
0.00115253
0.000796547
0.000497391
0.000320385
0.000252681
0.000232601
0.000222835
0.000212731
0.000200458
0.000187027
0.000173189
0.000160176
0.000148434
0.000138026
0.000128157
0.000117253
0.000103344
8.41711e-05
5.77777e-05
2.74496e-05
1.09515e-05
3.35896e-06
3.34705e-07
1.56152e-08
0.00169292
0.00162027
0.00161405
0.00168505
0.00179545
0.00188364
0.00189541
0.00179737
0.00158617
0.00128632
0.000944729
0.000624664
0.000398598
0.00029154
0.00025973
0.000251711
0.000245879
0.000237241
0.00022426
0.000207855
0.000189602
0.000171766
0.000155083
0.000140298
0.000127487
0.000115626
0.000103215
8.83154e-05
6.89036e-05
4.31206e-05
1.57885e-05
3.63536e-06
2.81308e-07
1.42525e-08
0.00168641
0.00163123
0.00164927
0.00173553
0.00183596
0.00188669
0.00184124
0.00168233
0.00142495
0.00110657
0.000779997
0.000511587
0.00035345
0.000295548
0.000285625
0.000286031
0.000283647
0.00027606
0.000261832
0.00024222
0.000219219
0.000194987
0.000171391
0.000149966
0.000131604
0.000115818
0.000101501
8.69928e-05
7.03835e-05
5.02281e-05
2.46728e-05
5.33061e-06
3.76454e-07
2.15748e-08
0.00168295
0.00164599
0.00168562
0.00177807
0.00185862
0.00186609
0.00176608
0.00155891
0.0012739
0.000955088
0.000658813
0.000446722
0.000345169
0.00032166
0.000327297
0.000335246
0.000336517
0.000329945
0.000314304
0.000291033
0.000262399
0.000231023
0.000199571
0.000169737
0.000143613
0.000121473
0.000102665
8.57584e-05
6.88515e-05
5.01042e-05
2.95057e-05
7.82046e-06
5.39414e-07
3.33823e-08
0.00168246
0.00166412
0.00172107
0.00181141
0.001865
0.00182762
0.00167981
0.00143801
0.00114044
0.000834117
0.000576882
0.000418941
0.000362579
0.000364533
0.000383175
0.000398725
0.000404084
0.000398685
0.000381817
0.000355016
0.000320667
0.000281602
0.000240855
0.000201399
0.000165598
0.000134848
0.000109275
8.78225e-05
6.86266e-05
4.96172e-05
2.96932e-05
1.01955e-05
7.00622e-07
4.8056e-08
0.00168504
0.00168505
0.00175424
0.00183558
0.00185794
0.00177748
0.00159058
0.00132643
0.00102741
0.000742537
0.000528002
0.000418818
0.00039843
0.000420697
0.000451256
0.000474613
0.00048454
0.000480432
0.000462786
0.000432999
0.000393405
0.00034688
0.000296691
0.000246333
0.000199111
0.000157542
0.000122828
9.46154e-05
7.12357e-05
5.03988e-05
3.02418e-05
1.15958e-05
9.70229e-07
6.10435e-08
0.00169069
0.00170801
0.00178442
0.00185145
0.0018408
0.00172131
0.00150429
0.00122757
0.000935178
0.000677458
0.000505728
0.000438965
0.000447668
0.000487142
0.00052897
0.000560303
0.000575447
0.000572123
0.000554288
0.000522434
0.000478659
0.000425631
0.000366533
0.00030509
0.000245329
0.000190984
0.000144669
0.000107208
7.75005e-05
5.31794e-05
3.17984e-05
1.30277e-05
1.32996e-06
6.79236e-08
0.00169868
0.0017321
0.00181144
0.00186048
0.001817
0.00166368
0.00142457
0.00114266
0.000862644
0.000635174
0.000504128
0.000473618
0.000506239
0.000560543
0.000612519
0.000650968
0.000670658
0.000669584
0.000652215
0.000619323
0.00057281
0.000514959
0.000448523
0.000376979
0.000304657
0.00023631
0.000176176
0.000126789
8.82254e-05
5.83958e-05
3.43484e-05
1.45509e-05
1.77381e-06
7.0735e-08
0.00170964
0.00175697
0.00183543
0.00186428
0.00178954
0.00160779
0.0013533
0.00107166
0.000807945
0.000611776
0.000518057
0.000518232
0.000570735
0.000637798
0.000698644
0.000743316
0.000767155
0.000768521
0.000751994
0.000718915
0.000671083
0.000610378
0.000538912
0.000459466
0.000376027
0.000293808
0.000218485
0.000154692
0.00010447
6.67169e-05
3.82718e-05
1.64602e-05
2.36247e-06
6.74141e-08
0.00172291
0.00178203
0.00181989
0.00186436
0.00176088
0.00155583
0.00129126
0.00101384
0.000768851
0.000603506
0.000543187
0.000569167
0.000638242
0.000716126
0.000784454
0.000834299
0.000861612
0.000865173
0.000849537
0.00081674
0.000768631
0.000706793
0.0006327
0.000548214
0.000456408
0.000362157
0.00027185
0.000192083
0.000127488
7.90272e-05
4.40781e-05
1.90523e-05
3.2348e-06
5.78071e-08
0.00173816
0.00180664
0.00175675
0.00186193
0.00173288
0.0015091
0.00123852
0.000968087
0.000743018
0.000606947
0.000575939
0.000623482
0.000706306
0.000793174
0.000867586
0.000921518
0.000951519
0.000956811
0.000941852
0.000909415
0.000861551
0.00079972
0.000724892
0.000638052
0.000541118
0.000438021
0.000334878
0.000239327
0.000158498
9.64184e-05
5.23659e-05
2.25688e-05
4.44729e-06
5.57536e-08
0.00175476
0.00182606
0.00170875
0.00185811
0.0017069
0.00146831
0.00119474
0.000933128
0.000728158
0.000619102
0.000613393
0.00067881
0.000772922
0.000867082
0.000946289
0.00100332
0.00103527
0.00104175
0.0010271
0.000994826
0.000947306
0.000886039
0.000811643
0.000724371
0.000625055
0.000516557
0.000404123
0.000295172
0.000198157
0.000120117
6.3917e-05
2.73018e-05
6.06688e-06
1.71599e-07
0.00177193
0.00173937
0.0016722
0.00184051
0.00168381
0.00143375
0.0011594
0.00090763
0.000722145
0.00063741
0.000653196
0.000733273
0.000836518
0.000936465
0.00101936
0.00107866
0.00111193
0.0011191
0.00110432
0.00107185
0.00102453
0.000964019
0.00089067
0.000804083
0.000704138
0.000592825
0.000474695
0.00035634
0.000245702
0.000151169
7.97951e-05
3.3619e-05
8.12889e-06
5.06454e-07
0.00178935
0.00167563
0.00164415
0.00181932
0.00166416
0.00140541
0.00113184
0.000890296
0.000723074
0.000659737
0.000693482
0.000785404
0.000895894
0.00100032
0.00108598
0.0011469
0.00118099
0.00118837
0.00117302
0.00113993
0.00109256
0.00103285
0.000960931
0.000875683
0.000776033
0.000663232
0.000541731
0.000417931
0.000298359
0.000189691
0.000101382
4.20724e-05
1.07281e-05
1.24677e-06
0.00180675
0.00163142
0.0016225
0.00180021
0.00164828
0.00138315
0.00111141
0.000879921
0.000729299
0.000684342
0.000732787
0.000834073
0.00095015
0.00105794
0.00114558
0.0012076
0.0012421
0.00124926
0.00123287
0.00119871
0.00115102
0.00109216
0.00102203
0.000938688
0.00083992
0.000726103
0.000601954
0.000474943
0.00035139
0.000234121
0.000129532
5.34401e-05
1.39935e-05
2.55549e-06
0.00182387
0.00160033
0.00160551
0.00178331
0.00163637
0.00136675
0.00109747
0.000875434
0.000739436
0.000709837
0.00076998
0.00087842
0.000998605
0.00110876
0.00119772
0.00126037
0.00129492
0.00130147
0.00128358
0.00124791
0.00119963
0.00114169
0.00107378
0.000992977
0.000895723
0.000781193
0.000654222
0.000524183
0.000399479
0.000280402
0.000164409
6.8761e-05
1.80337e-05
4.4527e-06
0.00184054
0.00157764
0.00159195
0.00176791
0.00162853
0.00135596
0.00108942
0.000875921
0.000752358
0.000735141
0.000804208
0.000917795
0.00104074
0.00115233
0.00124198
0.0013048
0.00133903
0.00134459
0.00132478
0.00128721
0.00123818
0.00118131
0.00111607
0.00103846
0.000943454
0.000828727
0.000698776
0.000564851
0.000439103
0.000322984
0.00020427
8.93025e-05
2.29979e-05
6.71284e-06
0.00185286
0.00156079
0.00158078
0.00175305
0.00162478
0.00135055
0.00108678
0.000880642
0.000767191
0.000759445
0.000834843
0.000951714
0.00107614
0.00118827
0.00127793
0.0013404
0.00137389
0.00137807
0.00135598
0.0013163
0.00126657
0.00121106
0.00114896
0.0010751
0.000982982
0.000868744
0.000736114
0.000597619
0.000469402
0.000357388
0.000244996
0.000115791
2.90428e-05
8.97974e-06
0.0018161
0.00154809
0.00157131
0.00173789
0.00162512
0.00135029
0.00108916
0.00088904
0.0007833
0.000782185
0.000861458
0.000979834
0.00110448
0.00121621
0.0013051
0.00136656
0.00139875
0.00140112
0.00137655
0.00133491
0.00128491
0.0012313
0.0011728
0.00110303
0.00101413
0.000900947
0.000766322
0.000623355
0.000491428
0.000381826
0.000280958
0.000147822
3.64125e-05
1.09585e-05
0.0017854
0.0015383
0.00156252
0.00172198
0.00162949
0.00135502
0.00109629
0.000900747
0.000800291
0.000803042
0.000883822
0.00100196
0.00112556
0.00123577
0.00132287
0.00138241
0.00141249
0.00141255
0.00138568
0.00134288
0.0012936
0.0012427
0.00118827
0.00112263
0.00103683
0.000924876
0.000788995
0.000642397
0.000506664
0.000397309
0.000307702
0.000182773
4.54936e-05
1.24452e-05
0.00176022
0.00153042
0.00155391
0.00170521
0.00163783
0.00136462
0.00110801
0.000915609
0.000818053
0.000822059
0.000902044
0.00101811
0.00113941
0.00124666
0.00133037
0.00138649
0.0014133
0.00141064
0.0013826
0.00134039
0.00129347
0.00124638
0.00119634
0.00113455
0.00105119
0.000940109
0.000803483
0.000654517
0.000516054
0.000406005
0.000324016
0.000215305
5.65982e-05
1.33178e-05
0.00173925
0.00152364
0.00154528
0.00168754
0.00165005
0.00137899
0.00112433
0.000933807
0.000837095
0.000840613
0.000917445
0.00102877
0.00114465
0.0012467
0.00132568
0.00137751
0.00140082
0.00139609
0.00136861
0.00132899
0.00128622
0.00124407
0.00119867
0.00114001
0.00105773
0.000946125
0.000808506
0.00065924
0.000519899
0.000409737
0.000331883
0.000239212
6.95098e-05
1.35248e-05
0.00172074
0.00151708
0.00153627
0.00166871
0.00166581
0.00139786
0.00114551
0.000956935
0.000860368
0.000860062
0.000930072
0.00103353
0.00114168
0.001226
0.00131016
0.00135725
0.00137737
0.00137166
0.00134619
0.00131094
0.00127406
0.00123812
0.00119781
0.00114188
0.00105961
0.000946289
0.000806823
0.000656683
0.00051763
0.000408827
0.000333841
0.00025019
8.17753e-05
1.31451e-05
0.00170237
0.00150939
0.00152585
0.00164789
0.00168513
0.00142237
0.0011735
0.000986606
0.000888309
0.000881208
0.000941092
0.00103376
0.00111861
0.00121143
0.00128561
0.00132782
0.00134524
0.00133959
0.00131762
0.00128842
0.00125904
0.00123036
0.00119522
0.00114115
0.00105739
0.000940844
0.000798682
0.00064777
0.000510063
0.00040402
0.000332754
0.000256549
8.91505e-05
1.23343e-05
0.00168205
0.00149968
0.00151381
0.00162547
0.00170775
0.00145227
0.00120822
0.00102302
0.00092156
0.000905276
0.000952254
0.00103152
0.0010986
0.0011953
0.0012545
0.0012918
0.00130707
0.00130257
0.00128554
0.00126409
0.00124361
0.00122273
0.00119213
0.00113827
0.00105094
0.000929416
0.000783686
0.000632309
0.000497193
0.000395399
0.000328827
0.00025989
9.54536e-05
1.12241e-05
0.00165806
0.00148713
0.00150005
0.00160195
0.0016994
0.00148701
0.00124955
0.00106644
0.000960973
0.000933847
0.000965773
0.00101621
0.00108606
0.00116878
0.00121999
0.00125239
0.00126612
0.00126397
0.0012534
0.00124126
0.00123061
0.00121725
0.00118951
0.00113322
0.00103963
0.0009112
0.000761226
0.000610032
0.000479026
0.000383113
0.000322099
0.000259958
0.000100567
9.9121e-06
0.00162894
0.00147099
0.00148425
0.00157765
0.00166585
0.00152613
0.00129733
0.00111717
0.0010075
0.000968672
0.000980755
0.0010047
0.00108136
0.00114334
0.00118609
0.00121369
0.00122655
0.00122813
0.00122555
0.00122389
0.00122317
0.00121576
0.0011878
0.0011253
0.00102218
0.000884979
0.000730572
0.000580743
0.000455693
0.000367132
0.000312629
0.000254156
0.000104159
8.48228e-06
0.00159337
0.00145057
0.00146594
0.00155278
0.00163278
0.0015693
0.0013513
0.00117537
0.00106185
0.00100496
0.000972091
0.00100234
0.0010815
0.00112363
0.00115775
0.00118085
0.00119362
0.00120041
0.00120713
0.00121628
0.00122415
0.00121936
0.00118634
0.0011127
0.000996499
0.000849164
0.000691
0.000544457
0.000427576
0.000348044
0.000300577
0.000226298
0.000105846
7.0353e-06
0.00155004
0.0014253
0.00144462
0.00152671
0.00160108
0.00160938
0.00141052
0.00124042
0.00109304
0.000998714
0.000974898
0.00101169
0.00108496
0.0011149
0.00114072
0.00115994
0.00117362
0.00118702
0.0012036
0.00122239
0.00123535
0.00122755
0.00118281
0.00109224
0.000959729
0.000801992
0.000642037
0.000501563
0.000395308
0.000326339
0.000285938
0.000203517
0.000105345
5.62521e-06
0.00149804
0.00139445
0.00141942
0.00149897
0.00157124
0.00154303
0.00139907
0.00122881
0.00108909
0.00100954
0.000993909
0.00103599
0.00110364
0.00112253
0.0011411
0.00115755
0.00117357
0.00119431
0.00121976
0.00124462
0.00125627
0.00123711
0.00117244
0.00105916
0.000908447
0.000741974
0.000583825
0.000453019
0.000359867
0.000302648
0.000251737
0.000185642
0.00010225
4.29659e-06
0.00143638
0.0013575
0.00138958
0.00146899
0.00152027
0.00147276
0.00135824
0.00122033
0.00110601
0.00104125
0.00103303
0.00108022
0.00114162
0.00115155
0.00116461
0.00117981
0.00119991
0.00122725
0.00125801
0.00128205
0.00128254
0.00124106
0.00114761
0.00100747
0.000839411
0.000668591
0.000517501
0.000400516
0.000322529
0.000277775
0.000220923
0.000172611
9.61742e-05
3.13273e-06
0.00136505
0.0013134
0.00135475
0.00142785
0.00145634
0.00142605
0.00133963
0.00123301
0.00114391
0.00109512
0.00109623
0.00115026
0.00120201
0.00120583
0.00121566
0.00123119
0.00125565
0.00128662
0.00131574
0.00132808
0.00130408
0.00122793
0.00109846
0.000931113
0.000750873
0.000583097
0.00044546
0.000346455
0.000284865
0.000252534
0.000197927
0.000163939
8.68407e-05
2.17318e-06
0.00128496
0.00126153
0.00131292
0.00136854
0.00140734
0.0013968
0.00133839
0.00126263
0.00120007
0.00117052
0.00118513
0.00124995
0.00128648
0.00128736
0.00129624
0.00131301
0.00133941
0.00136695
0.00138269
0.00136805
0.00130388
0.00118226
0.00101479
0.000826353
0.000644127
0.000489146
0.000371478
0.000293035
0.000248385
0.000227475
0.000180648
0.000159273
7.40298e-05
1.88274e-06
0.00119688
0.00120133
0.0012517
0.00131612
0.00136676
0.00137716
0.00134785
0.00130365
0.00126975
0.00126326
0.00129626
0.00137705
0.00139431
0.00139479
0.00140371
0.00142063
0.00144115
0.00145234
0.00143757
0.00137743
0.00125878
0.00108788
0.000890044
0.000694602
0.000524736
0.000392672
0.000300072
0.000243127
0.000214314
0.000202488
0.000167689
0.000157559
5.66443e-05
1.71422e-06
0.00110178
0.0011264
0.00119114
0.00126411
0.00132771
0.00136088
0.00136211
0.00135043
0.001347
0.00136636
0.00142076
0.00152127
0.00152
0.00152012
0.00152637
0.00153595
0.00153618
0.00151206
0.00144564
0.00132264
0.00114419
0.000934379
0.000726337
0.000544856
0.000402505
0.000300903
0.000235251
0.000198377
0.000182506
0.000176534
0.00015633
0.000130677
3.49725e-05
1.4786e-06
0.000999936
0.00104588
0.00112606
0.00120755
0.0012862
0.00134436
0.00137743
0.00139877
0.00142587
0.00147088
0.00154682
0.00165655
0.00164813
0.00164307
0.00163807
0.00162317
0.00158193
0.00149848
0.00136042
0.00116899
0.000946362
0.000727788
0.000539927
0.000393706
0.000289108
0.000220137
0.000179057
0.000158599
0.000151655
0.000147767
0.000131633
8.72851e-05
1.49792e-05
1.17145e-06
0.000891539
0.000958405
0.00105398
0.00114507
0.00124195
0.00132728
0.00139201
0.0014435
0.0014966
0.00156814
0.0016766
0.00176225
0.00174392
0.00172214
0.00168786
0.00162273
0.00151294
0.00134983
0.0011393
0.000905962
0.000684113
0.000499114
0.000358678
0.000259439
0.00019387
0.000153655
0.000131698
0.000122244
0.000119408
0.000113627
8.67262e-05
2.91788e-05
5.63833e-06
8.51292e-07
0.000784992
0.000869164
0.000977519
0.00107946
0.00119569
0.00130563
0.00139626
0.00147703
0.0015644
0.00167473
0.00181629
0.00177887
0.00173465
0.00167716
0.00158272
0.00144021
0.00124821
0.0010213
0.000788418
0.000580082
0.000414466
0.000292993
0.000209268
0.000154455
0.000120429
0.000100819
9.08807e-05
8.67019e-05
8.35829e-05
7.18892e-05
3.36389e-05
1.00409e-05
2.30258e-06
4.97179e-07
0.000658135
0.000774332
0.000895396
0.00100715
0.00114676
0.00128889
0.00141478
0.00152947
0.00164968
0.00171344
0.0016477
0.00157465
0.00148947
0.00136944
0.00119967
0.000994227
0.000777199
0.000576901
0.000412205
0.000288391
0.000201346
0.000142753
0.000104868
8.10884e-05
6.68003e-05
5.86957e-05
5.41072e-05
5.06595e-05
4.29519e-05
2.45987e-05
9.36735e-06
3.77669e-06
9.5789e-07
2.11858e-07
0.000570437
0.000699577
0.000823555
0.000946081
0.0010981
0.00125295
0.00138399
0.00136317
0.00127024
0.0011788
0.00108798
0.00099164
0.000875735
0.000723085
0.000565966
0.0004225
0.000303738
0.000213184
0.000148252
0.000103576
7.38908e-05
5.45681e-05
4.19973e-05
3.38999e-05
2.87566e-05
2.52319e-05
2.15287e-05
1.5491e-05
9.16907e-06
4.55933e-06
2.33596e-06
1.261e-06
3.49735e-07
6.29382e-08
0.000339555
0.000592547
0.000688941
0.000760132
0.000660107
0.000577558
0.000506732
0.000444457
0.000389598
0.000341333
0.000297943
0.000246569
0.000194956
0.000151588
0.00011543
8.64631e-05
6.40672e-05
4.69572e-05
3.40149e-05
2.46283e-05
1.78381e-05
1.28168e-05
9.1363e-06
6.48594e-06
4.4911e-06
2.92912e-06
1.82094e-06
1.0073e-06
5.39111e-07
2.97315e-07
2.21185e-07
1.674e-07
6.63817e-08
1.21535e-08
0.000111494
7.27672e-05
4.65169e-05
3.32343e-05
3.12539e-05
3.1434e-05
3.14492e-05
3.17095e-05
3.20729e-05
3.23191e-05
3.23e-05
3.19402e-05
3.10376e-05
2.94301e-05
2.6965e-05
2.349e-05
1.89794e-05
1.37563e-05
8.50023e-06
4.19615e-06
1.57886e-06
4.39736e-07
1.19329e-07
1.31574e-07
1.30936e-07
1.12871e-07
9.31029e-08
7.05015e-08
5.87704e-08
5.50694e-08
4.60182e-08
2.60567e-08
7.43677e-09
1.01397e-09
8.97166e-06
5.35084e-05
0.000256544
0.000605998
0.000929179
0.00109869
1.20593e-05
8.42294e-05
0.00041037
0.000893959
0.00123767
0.0013545
1.46398e-05
0.000129281
0.000617661
0.00119827
0.00150048
0.00154302
1.67223e-05
0.000190804
0.000855562
0.00145986
0.0016806
0.00167657
1.83928e-05
0.000267416
0.00107714
0.00162929
0.00180565
0.00178649
1.98576e-05
0.000350263
0.00122106
0.00175181
0.00190239
0.00187983
2.14032e-05
0.000407451
0.00133253
0.00184728
0.00197809
0.00194113
2.26332e-05
0.000460807
0.00142754
0.00191997
0.00196635
0.00183908
2.35711e-05
0.000511804
0.00150773
0.00195666
0.00185203
0.00171763
2.42722e-05
0.000560403
0.00157242
0.00185803
0.00173043
0.00159929
2.47776e-05
0.000606282
0.00162383
0.00174467
0.00161138
0.00149096
2.49459e-05
0.000648465
0.00166396
0.00163466
0.00150256
0.00139858
2.44933e-05
0.000682365
0.0015888
0.00153407
0.0014111
0.00132531
2.40901e-05
0.000713471
0.00150798
0.00144884
0.00133822
0.00127234
2.37555e-05
0.000736827
0.00144388
0.001381
0.00128418
0.00124039
2.54268e-05
0.000755261
0.00139402
0.00133056
0.00124878
0.00123036
2.89145e-05
0.000769033
0.00135624
0.0012968
0.00123201
0.00124354
3.26851e-05
0.00077778
0.00133063
0.0012789
0.00123363
0.00128182
3.656e-05
0.000781847
0.00131789
0.00127656
0.00125458
0.00135075
4.0507e-05
0.000781563
0.0013172
0.0012898
0.00129743
0.00145394
4.43549e-05
0.000777332
0.00132692
0.00131867
0.00136423
0.00160293
4.80778e-05
0.000769583
0.00134696
0.00136401
0.00145605
0.00175962
5.1679e-05
0.000758771
0.00137822
0.00142802
0.00157577
0.00175342
5.51641e-05
0.000745393
0.00142072
0.00151155
0.00173444
0.00174745
5.85264e-05
0.00072993
0.00147514
0.00161658
0.00181594
0.00174257
6.17597e-05
0.000712822
0.00154235
0.00174417
0.00181119
0.00173895
6.48519e-05
0.000694117
0.00157675
0.0018239
0.00180537
0.00173699
6.77802e-05
0.000673758
0.00155349
0.00181409
0.0017989
0.00173684
7.05201e-05
0.000652152
0.00152679
0.00180133
0.00179226
0.00173821
7.30484e-05
0.000629728
0.00149737
0.00178643
0.00178567
0.00174095
7.53429e-05
0.000606881
0.00146587
0.00176997
0.00177934
0.0017451
7.73827e-05
0.000583946
0.00143281
0.00175233
0.00177338
0.00175086
7.91489e-05
0.00056119
0.00139862
0.00173344
0.00176774
0.00175762
8.06219e-05
0.000538825
0.00136361
0.00171322
0.00176232
0.00176495
8.17873e-05
0.000517021
0.00132809
0.00169227
0.001757
0.00177261
8.26318e-05
0.000495509
0.00129228
0.00167108
0.00175167
0.0017804
8.31588e-05
0.000471624
0.0012561
0.0016496
0.00174626
0.00178798
8.33483e-05
0.000445367
0.00121943
0.00162777
0.00174064
0.00179522
8.31841e-05
0.000418291
0.00118212
0.00160555
0.00173472
0.00180204
8.26698e-05
0.000392374
0.00114065
0.00158269
0.00172845
0.00180842
8.18262e-05
0.000368101
0.00109696
0.00155853
0.00172186
0.0018144
8.06892e-05
0.000345788
0.00105282
0.00153275
0.00171487
0.00182012
7.93094e-05
0.000325642
0.00100967
0.00150609
0.00170758
0.00182563
7.77524e-05
0.000307803
0.00096884
0.00147933
0.0017003
0.00183108
7.60989e-05
0.000292395
0.000931572
0.00145341
0.0016935
0.00183676
7.44447e-05
0.000279547
0.000899023
0.00142945
0.0016878
0.00184307
7.28973e-05
0.000269388
0.000872469
0.00140822
0.00168351
0.00185046
7.15784e-05
0.000262675
0.00085089
0.0013892
0.00168064
0.00183685
7.05611e-05
0.000257854
0.00083277
0.00137308
0.00167982
0.00171961
6.9952e-05
0.000254547
0.000818664
0.0013608
0.00168193
0.00159206
6.98755e-05
0.000252968
0.000809298
0.00135359
0.00168805
0.00145724
7.04562e-05
0.000253364
0.000805548
0.00135301
0.00166919
0.00131782
7.18187e-05
0.000256033
0.000808771
0.00136024
0.00142884
0.00117653
7.40854e-05
0.000261454
0.000820641
0.00137779
0.00121007
0.0010372
7.7369e-05
0.000270255
0.00084297
0.00132373
0.00101998
0.000899801
8.17907e-05
0.000283103
0.000876947
0.00105607
0.000848543
0.000770904
8.74796e-05
0.000301352
0.000924171
0.000870808
0.000715602
0.000636979
9.45724e-05
0.000325698
0.000783671
0.000746332
0.000593129
0.000528547
0.000103179
0.000355449
0.000689174
0.000673051
0.000532037
0.000389481
0.000113353
0.000367248
0.000631116
0.000531979
0.000378648
0.000226752
0.000122278
0.000405584
0.000656812
0.000615325
0.000346392
0.000153051
0.000131978
0.000419403
0.000735779
0.000584953
0.000288727
0.000157705
0.000142322
0.000426812
0.000791407
0.000510121
0.000257157
0.000145408
3.78111e-06
1.19402e-06
1.47643e-06
1.76238e-06
1.86376e-06
2.09495e-06
2.37936e-06
2.5585e-06
2.54008e-06
2.41796e-06
2.19533e-06
1.93831e-06
1.56747e-06
1.13e-06
7.01888e-07
3.64876e-07
1.59578e-07
5.94241e-08
1.85088e-08
5.65151e-09
5.14936e-09
5.00912e-09
4.42801e-09
3.63678e-09
2.93239e-09
2.44791e-09
2.02671e-09
1.64597e-09
1.2284e-09
7.72358e-10
3.66206e-10
1.06055e-10
1.20546e-11
1.13578e-12
2.74351e-05
4.30532e-05
8.3207e-05
0.000119356
0.000141425
0.000144068
0.000134069
0.000117252
9.71613e-05
7.6782e-05
5.7472e-05
3.60963e-05
2.2293e-05
1.36714e-05
8.39311e-06
5.1964e-06
3.22129e-06
1.96495e-06
1.16646e-06
6.78332e-07
3.93279e-07
2.20419e-07
1.20681e-07
6.31904e-08
3.34354e-08
1.85956e-08
1.11163e-08
7.19915e-09
4.80567e-09
3.01033e-09
1.57012e-09
5.69009e-10
9.73758e-11
1.29062e-11
0.000103219
0.000297051
0.000535771
0.000688127
0.000761383
0.000762892
0.000722528
0.000657893
0.000579462
0.000495203
0.000409155
0.000310785
0.000203576
0.000125705
7.5919e-05
4.64038e-05
2.91448e-05
1.87525e-05
1.22545e-05
8.06615e-06
5.29827e-06
3.38604e-06
2.04969e-06
1.13239e-06
6.06082e-07
3.2631e-07
1.8432e-07
1.13468e-07
7.28401e-08
4.43378e-08
2.20713e-08
6.81389e-09
7.16554e-10
9.40451e-11
0.000238502
0.000642228
0.00103977
0.00123989
0.00131416
0.00130272
0.00124833
0.00117026
0.00107758
0.000975336
0.000864935
0.000738237
0.000566323
0.000389921
0.000250035
0.000155701
9.74321e-05
6.24447e-05
4.13102e-05
2.82567e-05
1.98956e-05
1.41772e-05
9.92964e-06
6.53828e-06
3.84899e-06
2.20573e-06
1.271e-06
7.64041e-07
4.72505e-07
2.66906e-07
1.1428e-07
2.68277e-08
2.12447e-09
3.37176e-10
0.000421286
0.000922405
0.00132697
0.00150346
0.00154433
0.00150875
0.00144334
0.00136626
0.00128469
0.00120081
0.00111277
0.0010121
0.000872392
0.000684377
0.000488006
0.000324064
0.000208078
0.000133691
8.79889e-05
6.01314e-05
4.28711e-05
3.16953e-05
2.38722e-05
1.77453e-05
1.24754e-05
7.90991e-06
4.85415e-06
2.87485e-06
1.6702e-06
8.44745e-07
3.09563e-07
6.17853e-08
4.55307e-09
8.31041e-10
0.000625448
0.00112004
0.00147844
0.00161475
0.00161319
0.00154699
0.00146449
0.00138194
0.00130569
0.00123747
0.0011745
0.00110821
0.00101885
0.000877987
0.00069387
0.000502033
0.000340178
0.000223766
0.000147844
0.000100558
7.13863e-05
5.30415e-05
4.09104e-05
3.216e-05
2.51482e-05
1.84423e-05
1.22591e-05
7.44829e-06
4.04286e-06
1.86161e-06
6.21013e-07
1.16422e-07
8.49811e-09
1.6668e-09
0.000823761
0.00127632
0.00158168
0.00167058
0.0016244
0.00152624
0.00142453
0.00133124
0.00125212
0.00118996
0.00114268
0.00110198
0.00105132
0.000961237
0.000819888
0.000641841
0.000463549
0.000317243
0.00021339
0.000145625
0.000102957
7.6266e-05
5.90862e-05
4.74786e-05
3.9145e-05
3.14421e-05
2.3344e-05
1.48631e-05
7.8909e-06
3.45941e-06
1.10601e-06
2.02999e-07
1.47799e-08
2.94825e-09
0.0010212
0.00141955
0.001669
0.0017074
0.00161692
0.00148932
0.00137039
0.00126459
0.00117762
0.00111446
0.00107491
0.0010509
0.00102625
0.000974621
0.000875222
0.000727581
0.000556782
0.00039858
0.00027564
0.000190455
0.000134932
9.97235e-05
7.72925e-05
6.25063e-05
5.26879e-05
4.4323e-05
3.56256e-05
2.495e-05
1.37861e-05
5.98117e-06
1.88618e-06
3.43609e-07
2.47334e-08
4.76456e-09
0.00121874
0.00156121
0.00175309
0.00173739
0.00160536
0.00145319
0.00132074
0.00120224
0.00110384
0.001035
0.000998418
0.000985532
0.000978827
0.000952911
0.000884411
0.000766052
0.000613269
0.00045778
0.000326728
0.000229758
0.000164102
0.000121581
9.4396e-05
7.66982e-05
6.51624e-05
5.61662e-05
4.73388e-05
3.63022e-05
2.24702e-05
1.00058e-05
3.17369e-06
5.77116e-07
4.05728e-08
7.11126e-09
0.00141737
0.00171129
0.00183897
0.00176577
0.00159686
0.00142654
0.00128254
0.00115167
0.00104029
0.000962235
0.000925152
0.000919575
0.000924968
0.000914291
0.000865002
0.000768744
0.000635756
0.00049154
0.000361754
0.000260085
0.000188322
0.000140296
0.000109453
8.94013e-05
7.62693e-05
6.66748e-05
5.78896e-05
4.72457e-05
3.27558e-05
1.63764e-05
5.33218e-06
9.72084e-07
6.61628e-08
9.82379e-09
0.00161492
0.00186536
0.00192799
0.00179676
0.0015963
0.00141279
0.00125794
0.00111416
0.000990869
0.000903962
0.000862696
0.000858233
0.000868162
0.000863357
0.000824448
0.000744503
0.000630594
0.000501784
0.000379825
0.000279412
0.00020595
0.000155302
0.000122118
0.000100403
8.60276e-05
7.58564e-05
6.71524e-05
5.72293e-05
4.34683e-05
2.5068e-05
9.03212e-06
1.66346e-06
1.09138e-07
1.24693e-08
0.00179447
0.00201918
0.00201756
0.00182928
0.00160214
0.00141009
0.00124358
0.00108766
0.000955556
0.000863067
0.000815726
0.000803834
0.000806345
0.000798541
0.000764888
0.000698978
0.000604863
0.000495301
0.000386185
0.000289189
0.000217691
0.000166997
0.000132865
0.000110143
9.48474e-05
8.40696e-05
7.54409e-05
6.65203e-05
5.42874e-05
3.53274e-05
1.42616e-05
2.8778e-06
1.85168e-07
1.4673e-08
0.00191146
0.00216685
0.00210465
0.00186156
0.00161341
0.00141318
0.00123685
0.0010727
0.000935382
0.000837963
0.000781928
0.000757407
0.000746965
0.000731773
0.00069904
0.000642912
0.000565594
0.000475333
0.000383042
0.000298236
0.00022994
0.000178277
0.00014375
0.000120338
0.000104187
9.2726e-05
8.41154e-05
7.63233e-05
6.58978e-05
4.73434e-05
2.16294e-05
4.70947e-06
3.171e-07
1.5981e-08
0.002016
0.00230493
0.00218674
0.00189408
0.00163015
0.0014215
0.0012359
0.00106643
0.000927592
0.000827261
0.000762636
0.000724229
0.000699313
0.000676039
0.000642483
0.000594035
0.000531485
0.000459496
0.000384654
0.000313404
0.000251595
0.000200475
0.000162176
0.000136718
0.000118873
0.000106119
9.70134e-05
8.972e-05
8.0632e-05
6.25656e-05
3.21141e-05
7.51995e-06
5.32448e-07
1.62015e-08
0.00210313
0.00243082
0.0022617
0.00192648
0.00165126
0.00143366
0.00124003
0.00106961
0.000934393
0.000835656
0.000766745
0.00071897
0.000684424
0.000654352
0.000620341
0.000579143
0.000530452
0.000475928
0.000418283
0.000360496
0.000305523
0.000255058
0.000210176
0.000176401
0.000152645
0.000135312
0.000122817
0.000113409
0.00010325
8.37765e-05
4.67476e-05
1.20063e-05
8.85376e-07
1.57364e-08
0.00216982
0.00254188
0.00232868
0.00196028
0.00167565
0.00144864
0.00124976
0.00108458
0.000959999
0.000870335
0.00080608
0.000759495
0.000725464
0.000694799
0.000663679
0.000630321
0.000594025
0.000554707
0.000512478
0.00046745
0.000419814
0.000369875
0.000318224
0.000266952
0.000227834
0.000197313
0.000173862
0.000156051
0.00013961
0.000114323
6.71534e-05
1.84689e-05
1.43269e-06
1.52737e-08
0.00222315
0.00263962
0.00238886
0.0019965
0.00170239
0.00146556
0.00126569
0.00111307
0.00100685
0.000934929
0.000885987
0.00085264
0.000825913
0.000801599
0.000777834
0.000753231
0.000726769
0.000697601
0.000664655
0.000626786
0.000582901
0.000532045
0.000473701
0.000407255
0.000344618
0.00029306
0.000250863
0.000217562
0.000189457
0.000154178
9.32337e-05
2.68367e-05
2.17791e-06
1.94879e-08
0.00226675
0.00272409
0.0024425
0.0020391
0.00173007
0.00148291
0.00128696
0.00115303
0.00107024
0.00102079
0.000991671
0.000971515
0.000954431
0.000938735
0.000922668
0.000904765
0.000884014
0.000860067
0.0008308
0.000794174
0.000748914
0.000693785
0.000627735
0.000550682
0.00046936
0.000395043
0.000333785
0.000283958
0.000242393
0.000196891
0.000121589
3.61913e-05
3.0117e-06
3.87301e-08
0.00230213
0.00279588
0.00248786
0.00208015
0.00175467
0.001497
0.0013088
0.00119494
0.00113348
0.00110171
0.00108247
0.00106793
0.00105493
0.00104112
0.0010245
0.00100345
0.000976659
0.000944205
0.000907439
0.000866659
0.000821273
0.000770218
0.000712136
0.000645457
0.000567735
0.000480728
0.000399832
0.00033716
0.000285688
0.000233177
0.000146608
4.46755e-05
3.75903e-06
6.67807e-08
0.00233089
0.00285527
0.00252325
0.0021079
0.00176973
0.00150178
0.00132077
0.00122018
0.00116711
0.00113588
0.00111305
0.0010923
0.00107028
0.00104495
0.00101508
0.000979941
0.000939097
0.000897361
0.000857182
0.000818325
0.00077961
0.000739389
0.000695748
0.000646566
0.000589605
0.000523181
0.000446783
0.000368256
0.000310234
0.000254797
0.000163117
5.03287e-05
4.22617e-06
9.91226e-08
0.0023545
0.00290189
0.00254861
0.00212463
0.0017701
0.00148951
0.00130758
0.00120402
0.00114311
0.00109869
0.00105886
0.00101848
0.00097574
0.000930675
0.000884442
0.000838703
0.000794998
0.000756161
0.000723448
0.000695387
0.000670087
0.000645508
0.000619568
0.00059002
0.000554364
0.000510003
0.00045454
0.000387568
0.000318915
0.000259187
0.000169539
5.24916e-05
4.3461e-06
1.30656e-07
0.00237486
0.00293524
0.00256288
0.00212798
0.00175149
0.00145235
0.00125826
0.00114283
0.00106306
0.00099596
0.000932178
0.000869033
0.00080716
0.000748816
0.000696943
0.000654158
0.000621705
0.000596989
0.000578113
0.000562977
0.000550182
0.000538383
0.0005261
0.000511698
0.000493039
0.00046738
0.000431609
0.000382841
0.000321399
0.000255346
0.000168529
5.17454e-05
4.18771e-06
1.58388e-07
0.00239343
0.00294963
0.0025635
0.00211498
0.00171103
0.00139356
0.00118687
0.00105259
0.000951203
0.000863403
0.000782799
0.000708772
0.000642943
0.000587403
0.000544337
0.000514851
0.000497533
0.000487354
0.000479457
0.000471531
0.000463477
0.000455668
0.00044775
0.000439113
0.000428652
0.000414232
0.000392759
0.000360338
0.000313065
0.000250513
0.000167752
5.04083e-05
3.93956e-06
1.82262e-07
0.00241094
0.00294013
0.0025471
0.00208529
0.00159343
0.00132723
0.00110625
0.000955054
0.000839046
0.000742679
0.000661454
0.000594966
0.00054358
0.000506957
0.000483397
0.000469825
0.000462769
0.000458077
0.000451029
0.000441833
0.000430486
0.000417651
0.000404687
0.000391855
0.00037933
0.000366236
0.000350329
0.000328014
0.000294203
0.000243196
0.00016819
5.25169e-05
3.91848e-06
2.05363e-07
0.0024285
0.00293352
0.00253291
0.00205062
0.0014902
0.0012609
0.00102848
0.000867717
0.000748641
0.000657892
0.000590635
0.000544362
0.000516204
0.000502144
0.000497267
0.000496655
0.000496394
0.000494048
0.000485927
0.000472153
0.000453525
0.000430212
0.000405804
0.000381348
0.000358151
0.000336989
0.000317054
0.000295853
0.000268976
0.000229656
0.000168536
6.28292e-05
4.5336e-06
2.37029e-07
0.00244582
0.00294627
0.00251159
0.00196628
0.0014232
0.00120017
0.000961458
0.000800144
0.000689237
0.000615264
0.000571053
0.000550725
0.000547935
0.000555871
0.00056797
0.000578732
0.000584213
0.000582903
0.000572423
0.000552878
0.000525152
0.000490804
0.000452097
0.00041166
0.000372067
0.000335627
0.000303432
0.000274551
0.000245893
0.000211714
0.000162681
7.71357e-05
5.97972e-06
2.91627e-07
0.00246182
0.00293912
0.00248677
0.00192924
0.00139151
0.00114866
0.00090888
0.000755068
0.000660681
0.000610086
0.000592709
0.000599293
0.000620905
0.000649237
0.000677176
0.000699141
0.000711159
0.000711116
0.000699536
0.000675664
0.000640177
0.00059454
0.000541051
0.000482772
0.000423394
0.000366735
0.000315846
0.000271942
0.000233622
0.000196434
0.000152065
8.57987e-05
9.12812e-06
3.87268e-07
0.0024755
0.00292203
0.00246125
0.0019484
0.00139558
0.00110812
0.00087134
0.000730782
0.000657778
0.000633237
0.000643109
0.000675499
0.000719926
0.000767466
0.000810886
0.000844586
0.000864448
0.000867734
0.000857098
0.000831218
0.000790366
0.000735582
0.000668813
0.000593086
0.000512588
0.000432422
0.000357773
0.000292527
0.000237772
0.000190817
0.000145097
8.84615e-05
1.38432e-05
5.25479e-07
0.00248547
0.00290352
0.00243744
0.00192366
0.00143613
0.0010787
0.000847491
0.000723413
0.00067374
0.000675417
0.000711386
0.00076789
0.000833584
0.000899309
0.000957851
0.00100362
0.00103242
0.00104126
0.00103386
0.00100898
0.00096641
0.000906446
0.000830128
0.0007397
0.000639086
0.000534075
0.000431814
0.000339344
0.000261384
0.000197926
0.000144252
9.03496e-05
2.33376e-05
7.39184e-07
0.00249031
0.00288523
0.00241725
0.00190379
0.00142617
0.00105869
0.000834982
0.000728515
0.000702102
0.000728777
0.000788988
0.000867627
0.000952796
0.00103524
0.00110781
0.00116507
0.00120296
0.00121855
0.00121613
0.00119509
0.00115495
0.00109517
0.00101544
0.000916301
0.000800135
0.000672145
0.000540665
0.000415986
0.000307514
0.000220071
0.000151575
9.33707e-05
3.35256e-05
9.51802e-07
0.00248791
0.00286778
0.00240345
0.00189009
0.0014153
0.00104723
0.000831331
0.000741915
0.000737371
0.000787032
0.000869205
0.000967684
0.00107014
0.00116723
0.00125191
0.00131899
0.00136488
0.00138714
0.00139018
0.00137462
0.00134012
0.00128569
0.00120976
0.00111065
0.000987783
0.000843593
0.000685465
0.000526039
0.000380421
0.000260499
0.000169485
0.000100555
4.03855e-05
1.08706e-06
0.00247715
0.00284895
0.00240405
0.00188444
0.00141192
0.00104364
0.000834267
0.000760019
0.000775069
0.000845205
0.000946778
0.00106261
0.00117995
0.00128934
0.00138381
0.00145853
0.0015105
0.00153808
0.00154566
0.00153535
0.00150754
0.00146155
0.00139529
0.00130525
0.0011873
0.00103902
0.000863349
0.00067195
0.000484808
0.000323462
0.000200688
0.000114299
4.95083e-05
1.31391e-06
0.00245832
0.0028272
0.00242029
0.0018891
0.00141688
0.00104732
0.000841878
0.000779885
0.000811635
0.00089942
0.00101772
0.00114844
0.00127839
0.00139792
0.00150011
0.00158042
0.00163647
0.00166743
0.00167756
0.00167062
0.00164815
0.00161054
0.00155638
0.0014816
0.00137941
0.00124182
0.00106408
0.000851432
0.000624152
0.000413797
0.000248305
0.000135646
6.18832e-05
5.38395e-06
0.00243361
0.00280077
0.0024439
0.00191064
0.00143158
0.00105811
0.000852744
0.000799236
0.000844338
0.000946777
0.00107917
0.00122252
0.00136317
0.00149124
0.00159977
0.00168445
0.00174327
0.00177603
0.00178621
0.00177989
0.00175963
0.00172749
0.00168381
0.00162571
0.0015457
0.00143168
0.00127021
0.00105485
0.00079801
0.000536245
0.000316679
0.00016656
7.79263e-05
1.69265e-05
0.00240364
0.00276772
0.00247085
0.00195952
0.00146022
0.00107716
0.00086622
0.000816503
0.000871219
0.000985227
0.0011292
0.00128319
0.00143308
0.00156871
0.00168305
0.00177183
0.00183317
0.00186716
0.00187544
0.00186714
0.00184544
0.00181423
0.00177635
0.00173151
0.0016739
0.00159032
0.00146077
0.00126511
0.000998981
0.000692348
0.000409819
0.000208959
9.70911e-05
3.5435e-05
0.00236842
0.00272482
0.00249576
0.00201962
0.00151984
0.00111389
0.000883845
0.000831161
0.000891081
0.00101343
0.00116653
0.00132942
0.00148743
0.00163016
0.0017504
0.00184375
0.00190806
0.001943
0.00195007
0.00193827
0.00191205
0.00187721
0.00183929
0.00180131
0.00176084
0.00170679
0.00161713
0.00146086
0.00121206
0.00087931
0.000531586
0.000265449
0.00011977
5.67048e-05
0.0023334
0.00266871
0.00251455
0.00208653
0.00159852
0.00117697
0.00091857
0.000846226
0.000903756
0.00103047
0.00119022
0.00136045
0.00152565
0.00167529
0.00180192
0.00190089
0.00196967
0.00200715
0.00201399
0.00199831
0.00196582
0.00192401
0.00188097
0.00184305
0.00181183
0.00178026
0.00172879
0.00162231
0.0014161
0.00108604
0.000682499
0.000338391
0.00014571
7.66002e-05
0.00222888
0.00259571
0.00252249
0.00215376
0.00169106
0.00126352
0.000974902
0.000870971
0.000911475
0.00103381
0.00119789
0.00137498
0.00154645
0.00170309
0.00183668
0.00194242
0.0020175
0.00205977
0.00206834
0.00204959
0.00201058
0.00196031
0.00190904
0.00186606
0.0018367
0.00181839
0.00179648
0.00173828
0.0015897
0.0012936
0.000857798
0.000429071
0.000174279
9.34175e-05
0.00207767
0.00250201
0.00251434
0.00221706
0.00179126
0.0013694
0.00105485
0.000911193
0.000922066
0.00103013
0.00118943
0.00136767
0.00154439
0.00171026
0.00185194
0.00196537
0.00204848
0.00209789
0.00211099
0.00209101
0.00204668
0.00198841
0.00192817
0.00187757
0.00184517
0.00183221
0.00182942
0.00181009
0.00172037
0.00148122
0.00104556
0.000537017
0.000205511
0.000106836
0.00190706
0.00238479
0.0024846
0.00226837
0.00189185
0.00148803
0.00115716
0.000972167
0.000942414
0.00102463
0.00117081
0.00134461
0.00152263
0.00169209
0.00184068
0.00196295
0.00205662
0.0021155
0.00213645
0.00211831
0.00207131
0.00200737
0.00193968
0.0018815
0.00184408
0.00183144
0.00183902
0.00184719
0.00180819
0.00163517
0.00123156
0.000659413
0.000239435
0.000117208
0.00172126
0.00224292
0.00242888
0.00230086
0.00198527
0.00161157
0.00127701
0.00105639
0.000979896
0.00102478
0.00114775
0.00130978
0.00148387
0.00165367
0.0018065
0.00193529
0.0020361
0.00210396
0.00213539
0.00212491
0.00207957
0.00201409
0.00194242
0.00187888
0.00183703
0.00182262
0.00183475
0.00186039
0.00186054
0.00175105
0.00140237
0.000791997
0.000276287
0.000125077
0.00152729
0.00207722
0.00234392
0.00230822
0.00206403
0.00173185
0.001407
0.00116209
0.00103991
0.00103912
0.00112819
0.0012694
0.00143279
0.00159836
0.00175185
0.00188433
0.00199025
0.00206462
0.00210374
0.00209466
0.00206619
0.0020048
0.00193413
0.00186908
0.00182534
0.00180942
0.00182304
0.00185868
0.00188655
0.00183137
0.00154842
0.000929672
0.000316387
0.000130888
0.0013357
0.00189103
0.00222791
0.00228489
0.00212077
0.00184088
0.00153851
0.00128344
0.00112368
0.00107489
0.00112132
0.0012319
0.00137627
0.0015315
0.00168102
0.00181375
0.00192241
0.00200138
0.00204033
0.00200083
0.00196152
0.00193203
0.00191087
0.00185112
0.00180915
0.0017935
0.00180779
0.00184846
0.00189444
0.00188207
0.00166567
0.00106604
0.000359958
0.000134991
0.00115652
0.0016925
0.00208227
0.00222724
0.00214882
0.00193108
0.00166284
0.00141205
0.00122752
0.00113548
0.00113538
0.00120691
0.00132334
0.00146071
0.00160038
0.00172902
0.00183749
0.00191919
0.00196989
0.00192274
0.00187255
0.00183192
0.00180611
0.00179967
0.001787
0.0017752
0.00179116
0.00183396
0.00189057
0.00190962
0.00175394
0.00119465
0.000407142
0.000137654
0.00100164
0.001492
0.00191143
0.00213393
0.00214271
0.00199548
0.00177189
0.00153863
0.00134395
0.00121909
0.00117498
0.00120317
0.00128403
0.00139559
0.00151848
0.00163764
0.00174209
0.00182403
0.00187858
0.00186566
0.00180833
0.00175823
0.0017223
0.00170462
0.00171282
0.00175248
0.0017735
0.00181813
0.00187968
0.0019198
0.00181562
0.00130993
0.000457786
0.000139088
0.00088255
0.00130415
0.00172404
0.00200678
0.00209905
0.002028
0.00185841
0.00165429
0.00146358
0.00131933
0.00123949
0.00122574
0.00126708
0.00134631
0.00144549
0.00154902
0.00164466
0.00172342
0.00177938
0.00181004
0.00176692
0.0017085
0.00166318
0.00163447
0.00162795
0.00164946
0.00169758
0.00175074
0.00178361
0.00179505
0.00181674
0.00140815
0.000511251
0.000139465
0.000808154
0.00114242
0.00153352
0.00185218
0.0020175
0.00202404
0.00191614
0.00175119
0.00157693
0.00142714
0.00132335
0.00127442
0.00127736
0.00132117
0.00139138
0.00147353
0.00155514
0.0016265
0.00168087
0.00171512
0.00173139
0.00168204
0.00162506
0.00158423
0.00156354
0.00156832
0.00159988
0.00164386
0.00168012
0.00169087
0.00172798
0.00148524
0.000566702
0.000138925
0.000789886
0.00102458
0.00135767
0.00168152
0.0019017
0.00198152
0.00194007
0.00182284
0.00167557
0.00153282
0.0014179
0.00134399
0.00131438
0.00132416
0.00136341
0.00142031
0.00148342
0.0015431
0.00159227
0.00162723
0.00165008
0.00165935
0.00160785
0.00155203
0.00151613
0.001506
0.00152314
0.00155932
0.00159831
0.00160877
0.00165404
0.00153707
0.000621358
0.000137599
0.000831296
0.000960596
0.00121398
0.00151136
0.0017607
0.00190208
0.00192718
0.00186412
0.00175269
0.00162759
0.00151351
0.00142609
0.00137283
0.00135393
0.00136406
0.00139485
0.00143696
0.00148171
0.00152228
0.00155463
0.00157991
0.00159756
0.00160842
0.00153678
0.00148519
0.00146039
0.00146537
0.00149478
0.00153446
0.00154565
0.0015981
0.00158269
0.000668577
0.000135605
0.000928421
0.000966098
0.0011232
0.00136313
0.00160987
0.0017926
0.0018778
0.00187177
0.00180322
0.0017045
0.0016014
0.00151134
0.00144448
0.00140472
0.00139075
0.00139767
0.0014188
0.00144719
0.00147682
0.00150368
0.00152708
0.00154941
0.00157132
0.00154084
0.00147248
0.00143319
0.00142746
0.00145035
0.00148851
0.00150132
0.00155495
0.00154399
0.000711016
0.000133098
0.00107693
0.00104189
0.00109771
0.00125824
0.00146992
0.00166616
0.00179678
0.00184512
0.00182383
0.00175858
0.00167472
0.00159126
0.00152032
0.00146833
0.00143707
0.00142473
0.00142729
0.00143984
0.00145768
0.00147725
0.00149714
0.00151972
0.00154552
0.00157128
0.0014825
0.00142882
0.00141288
0.00142891
0.00146306
0.00147484
0.00152161
0.00149775
0.000756504
0.000130225
0.00126504
0.00118415
0.00115488
0.00121817
0.00136524
0.00154289
0.00169568
0.00178805
0.00181366
0.00178674
0.00172881
0.00165939
0.00159241
0.00153626
0.00149495
0.00146912
0.00145711
0.00145598
0.00146254
0.00147406
0.0014891
0.00150872
0.00153429
0.00156618
0.00152579
0.00145581
0.00142743
0.00143483
0.00146199
0.00146847
0.00150013
0.0014692
0.000805803
0.000127075
0.00146594
0.001379
0.00128835
0.00125982
0.00132166
0.00144817
0.0015927
0.00171002
0.0017756
0.00178811
0.00176094
0.0017116
0.00165501
0.00160139
0.00155658
0.00152308
0.00150113
0.00148951
0.00148641
0.00149005
0.00149928
0.00151412
0.00153652
0.00156687
0.00160511
0.00152361
0.00147893
0.00147412
0.00148954
0.00148478
0.00149394
0.00143467
0.000858672
0.000123752
0.00162253
0.00159058
0.00148072
0.00138468
0.00135378
0.00140683
0.00151178
0.00162709
0.0017172
0.00176448
0.00176997
0.00174534
0.0017045
0.00165884
0.0016159
0.00157984
0.00155241
0.00153377
0.00152327
0.00152005
0.00152341
0.00153317
0.00155048
0.00157682
0.00161262
0.00163774
0.00157492
0.00155238
0.00154855
0.00152402
0.00150081
0.0014062
0.000917144
0.000120424
0.00165054
0.00175289
0.00168882
0.00156965
0.00147162
0.0014388
0.00147924
0.00156282
0.00165354
0.00172255
0.00175716
0.0017593
0.00173846
0.00170544
0.00166891
0.00163456
0.00160552
0.00158316
0.00156778
0.00155929
0.00155752
0.00156244
0.00157451
0.00159614
0.00162824
0.00167159
0.00170883
0.00166474
0.00163248
0.00157747
0.00150934
0.00138086
0.000982086
0.000117315
0.00148913
0.00178969
0.00184652
0.0017682
0.00164691
0.00155033
0.00151478
0.0015421
0.00160617
0.00167595
0.00172849
0.0017544
0.00175541
0.0017388
0.0017128
0.00168403
0.0016569
0.00163389
0.00161626
0.00160459
0.00159921
0.00160042
0.00160844
0.00162605
0.00165474
0.00169567
0.00174897
0.00177966
0.00171122
0.00161787
0.00149815
0.00134585
0.00105451
0.000114731
0.00119202
0.00167078
0.00189401
0.00192092
0.00183579
0.00171703
0.00162317
0.00158402
0.00159838
0.00164434
0.00169626
0.00173593
0.00175588
0.0017571
0.00174491
0.00172546
0.00170381
0.00168342
0.00166644
0.00165418
0.00164749
0.00164712
0.00165378
0.00166892
0.00169541
0.00173431
0.00178524
0.00183903
0.00173285
0.00160525
0.00144221
0.00127566
0.0011349
0.000112887
0.000896012
0.00144473
0.00181681
0.0019825
0.00198763
0.00189964
0.00178478
0.0016937
0.00164958
0.00165062
0.00167956
0.00171587
0.00174505
0.00176067
0.00176291
0.00175547
0.00174274
0.00172848
0.00171552
0.0017058
0.00170077
0.00170158
0.00170927
0.00172468
0.00175087
0.0017884
0.00183553
0.00180207
0.00167373
0.00152502
0.00133706
0.00116013
0.00100725
0.000111672
0.000721647
0.00121418
0.00165987
0.00194769
0.00206789
0.00205578
0.00196572
0.0018549
0.0017651
0.00171412
0.00170152
0.00171406
0.00173611
0.00175588
0.00176786
0.00177166
0.00176942
0.00176404
0.00175825
0.00175434
0.00175409
0.00175898
0.00177022
0.00178845
0.00181583
0.00185198
0.00183588
0.00170277
0.00157151
0.00141483
0.00121516
0.00102651
0.000794395
0.00011304
0.000716912
0.00107587
0.00150279
0.00185572
0.00207581
0.00215833
0.00212915
0.00203679
0.00192989
0.00184008
0.00178059
0.00175535
0.00175152
0.00175944
0.00176981
0.00177814
0.00178333
0.00178622
0.0017885
0.00179203
0.00179846
0.00180923
0.00182552
0.00184818
0.00187667
0.00188445
0.00173461
0.0016068
0.00148341
0.00133211
0.00113776
0.000932811
0.000665849
0.000128772
0.000155952
0.000426072
0.000729835
0.00045387
0.00024108
0.000138692
0.000169762
0.000418025
0.000684466
0.00042287
0.000243265
0.000148111
0.000183391
0.000405884
0.000651329
0.000405922
0.000256818
0.000176949
0.000196514
0.000391851
0.000626739
0.000396334
0.000276543
0.000226183
0.000208829
0.00037725
0.000607986
0.00039125
0.000301608
0.00030574
0.000219913
0.000361922
0.000593225
0.000389111
0.000331491
0.00042484
0.000229319
0.000346058
0.000580833
0.000388867
0.000366222
0.000572572
0.00023702
0.000331452
0.000567866
0.000390172
0.000406464
0.000736575
0.000243016
0.000318592
0.000553733
0.000393228
0.000452456
0.000905655
0.000247341
0.000307482
0.000538707
0.000397943
0.000504323
0.00107222
0.000250043
0.000297954
0.000522982
0.00040428
0.000561985
0.00123196
0.000251181
0.00028978
0.000506777
0.000412245
0.000625086
0.00138311
0.00025081
0.000282727
0.000490336
0.000421869
0.000692895
0.00152388
0.000248979
0.000276547
0.000473873
0.000433073
0.000763274
0.00157419
0.000245733
0.000271022
0.000457558
0.000445738
0.000834667
0.00160307
0.00024111
0.000265951
0.000441536
0.000459675
0.000905792
0.00162836
0.000235136
0.00026115
0.00042593
0.000474616
0.000975485
0.00165077
0.000227828
0.000256443
0.000410827
0.000490207
0.00104268
0.00167066
0.000219192
0.000251655
0.00039628
0.000506017
0.00110626
0.00168854
0.000209235
0.000246615
0.000382284
0.000521165
0.00113594
0.00170501
0.000197989
0.000241207
0.00036878
0.000534905
0.00114784
0.00172048
0.000185577
0.000235323
0.000355703
0.000546817
0.00116231
0.00173548
0.000172141
0.000228914
0.000342954
0.00055656
0.00118004
0.00175045
0.000157823
0.00022212
0.000330407
0.000563771
0.00120065
0.00176551
0.000142788
0.000215163
0.000317972
0.000568094
0.00122488
0.00178087
0.000127225
0.000208308
0.000305586
0.000569171
0.0012524
0.00179624
0.000111349
0.000201898
0.000293237
0.000566677
0.00128753
0.00181149
9.5416e-05
0.000196257
0.000281005
0.000560232
0.00132553
0.00182572
7.96911e-05
0.000189977
0.000268925
0.000549318
0.00134606
0.00183805
6.45199e-05
0.000183235
0.000257025
0.000533561
0.00132405
0.00184816
5.03438e-05
0.000176185
0.000245304
0.000513223
0.00128947
0.00185621
3.75885e-05
0.00016894
0.000233803
0.000488645
0.00124252
0.00186591
2.6617e-05
0.000161593
0.000222807
0.000460341
0.00118363
0.00188068
1.77372e-05
0.000154314
0.000213165
0.000429555
0.00111355
0.00190445
1.11338e-05
0.000147287
0.000205923
0.000397833
0.00103243
0.00188483
6.73728e-06
0.000140623
0.000202587
0.000366597
0.000941518
0.00177267
4.15772e-06
0.000134258
0.000203232
0.000338038
0.000845545
0.00164228
2.7591e-06
0.000128385
0.00020621
0.000313747
0.000749613
0.00149695
2.96653e-06
0.000123289
0.000212276
0.000295069
0.000658345
0.00134232
3.05451e-06
0.000118605
0.000222457
0.000285477
0.000577165
0.00118448
2.93948e-06
0.000112
0.000238076
0.000289209
0.000510692
0.00102991
2.63987e-06
9.81932e-05
0.000260186
0.000305432
0.000461651
0.000888229
2.38206e-06
8.49347e-05
0.000290057
0.000334085
0.000434497
0.000767775
2.3666e-06
9.08259e-05
0.000330234
0.000378422
0.000435592
0.000676686
2.37643e-06
0.000101042
0.000374801
0.00044021
0.000466684
0.000619983
2.29707e-06
9.71618e-05
0.000410453
0.000518348
0.00052525
0.000603941
2.24052e-06
8.87442e-05
0.000440642
0.000609869
0.000612037
0.000635104
2.26446e-06
8.74505e-05
0.000505519
0.000694981
0.000724872
0.000708636
2.34559e-06
8.89824e-05
0.000553955
0.000776665
0.000857854
0.000822348
2.38216e-06
8.97916e-05
0.000539068
0.000880609
0.000963149
0.000969704
2.09077e-06
8.16412e-05
0.000465366
0.000892202
0.00106575
0.00114005
1.46077e-06
6.093e-05
0.000359993
0.000800928
0.00119085
0.00127132
7.40118e-07
3.28319e-05
0.00021309
0.000621855
0.00117445
0.00137804
2.36059e-07
1.10706e-05
8.53815e-05
0.000380101
0.000959215
0.00144242
9.81752e-08
5.15585e-06
4.05265e-05
0.000177455
0.000636171
0.00126169
1.2684e-07
5.26127e-06
3.50597e-05
0.000105474
0.000341526
0.000884451
2.94168e-07
7.07882e-06
4.20206e-05
0.000106985
0.000228776
0.000564696
7.15679e-07
1.0408e-05
5.69708e-05
0.000136074
0.000239504
0.000429423
1.46122e-06
1.59019e-05
8.14827e-05
0.000180884
0.000295189
0.000438252
2.35573e-06
2.49295e-05
0.000116505
0.00023074
0.000361196
0.000513702
0.000103016
9.49734e-05
8.78539e-05
8.14873e-05
7.59358e-05
7.09771e-05
6.63526e-05
6.19312e-05
5.76864e-05
5.36338e-05
4.982e-05
4.6293e-05
4.3078e-05
4.01842e-05
3.76078e-05
3.53313e-05
3.33343e-05
3.15646e-05
3.00664e-05
2.85619e-05
0.000993893
0.000756809
0.000615525
0.000517237
0.00044456
0.000388474
0.000343609
0.000306761
0.000276175
0.000250732
0.000229681
0.000212195
0.000197619
0.000185448
0.00017526
0.000166716
0.000159435
0.000153064
0.000147407
0.000142452
0.00169211
0.00181992
0.00168534
0.00154497
0.00140981
0.00128566
0.00117421
0.00107525
0.000988001
0.000911494
0.000844914
0.000787087
0.000736867
0.000693185
0.00065501
0.00062149
0.000591882
0.000565627
0.000541828
0.000521323
0.00204978
0.00202771
0.00199544
0.00195389
0.00190181
0.00184139
0.00177537
0.00170615
0.00163582
0.00156614
0.00149855
0.00143404
0.00137319
0.00131628
0.0012633
0.00121411
0.00116844
0.00112603
0.00108638
0.0010508
0.00193026
0.00191104
0.00189135
0.00187126
0.00185029
0.00182673
0.00180045
0.00177151
0.00174017
0.0017068
0.00167186
0.00163587
0.00159933
0.00156266
0.00152623
0.00149031
0.00145506
0.00142065
0.00138712
0.00135591
0.0016846
0.0016476
0.00161604
0.00158905
0.00156581
0.00154488
0.00152506
0.00150595
0.00148722
0.00146861
0.0014499
0.001431
0.00141182
0.00139237
0.00137267
0.00135276
0.00133272
0.00131257
0.00129248
0.00127332
0.00124535
0.00120011
0.00116448
0.00113627
0.00111385
0.00109513
0.0010786
0.00106373
0.00105011
0.0010374
0.0010253
0.00101359
0.00100208
0.000990646
0.000979213
0.000967732
0.000956175
0.000944589
0.00093295
0.000921806
0.000663307
0.000634807
0.000614774
0.000600929
0.000591532
0.000584117
0.00057785
0.000572309
0.000567173
0.000562207
0.000557242
0.000552158
0.000546883
0.000541379
0.000535638
0.000529674
0.000523515
0.000517204
0.000510812
0.000504553
0.0002045
0.000196422
0.000191297
0.000188339
0.000186202
0.000184488
0.00018313
0.000181923
0.000180726
0.000179447
0.000178032
0.000176454
0.000174712
0.000172816
0.000170789
0.000168659
0.000166459
0.000164223
0.000161984
0.000159841
3.11359e-05
2.81286e-05
2.60454e-05
2.47017e-05
2.39708e-05
2.37116e-05
2.37564e-05
2.39939e-05
2.4346e-05
2.47592e-05
2.51958e-05
2.563e-05
2.60433e-05
2.64234e-05
2.67629e-05
2.70595e-05
2.73116e-05
2.75293e-05
2.76966e-05
2.78841e-05
0.000819598
0.00107363
0.00142174
0.0017716
0.0020442
0.00217424
0.00202068
0.00196217
0.0020461
0.00199848
0.00191107
0.00184828
0.00181323
0.0017945
0.00178893
0.00178996
0.00179385
0.00179909
0.00180567
0.00181431
0.00182592
0.00184136
0.00186135
0.00188622
0.00184485
0.00176824
0.00169612
0.00157149
0.0014552
0.00131684
0.00114704
0.000960455
0.000719961
0.000644878
0.000948006
0.00118643
0.00144959
0.00174677
0.00201998
0.00211981
0.0019334
0.0017981
0.00175665
0.00181378
0.00200593
0.00198503
0.00192341
0.0018783
0.00184952
0.00183129
0.00182242
0.00182015
0.00182299
0.00183026
0.00184174
0.00185725
0.00187672
0.00189996
0.00188006
0.00180591
0.00173652
0.00165773
0.00153739
0.00140573
0.00125499
0.00109774
0.000970537
0.000959197
0.00104386
0.00136153
0.00158054
0.00181057
0.00204517
0.00216543
0.00197084
0.00178256
0.00166047
0.00161641
0.00164978
0.00179498
0.00206374
0.00200609
0.00195834
0.00192117
0.00189497
0.00187696
0.00186745
0.0018649
0.0018684
0.00187705
0.00189
0.00190655
0.00192597
0.00194817
0.00197239
0.00193232
0.00181741
0.00167389
0.00152476
0.00139186
0.00129465
0.00135571
0.00106368
0.00145786
0.00174649
0.00194759
0.00213381
0.00229471
0.00210819
0.00188716
0.00170534
0.00158774
0.00153284
0.00154843
0.00165068
0.0018351
0.00209515
0.00205242
0.0020157
0.00198562
0.00196462
0.00194864
0.00193944
0.00193639
0.00193844
0.00194442
0.00195339
0.0019657
0.00198041
0.00199636
0.0020125
0.00202777
0.00204076
0.00196824
0.00187716
0.0019553
0.000991662
0.00145491
0.00184735
0.00208581
0.00225199
0.00239034
0.00228612
0.00205962
0.0018426
0.00167174
0.00155634
0.00149703
0.0015009
0.00156786
0.00170209
0.00191666
0.00215398
0.0021263
0.002102
0.0020809
0.00206397
0.00205214
0.00204511
0.00204044
0.00203767
0.00203624
0.00203525
0.00203288
0.00202748
0.00201804
0.00200403
0.00198661
0.00196763
0.00194882
0.000798254
0.00127979
0.0017633
0.00210926
0.00230812
0.00244519
0.00245645
0.00225488
0.00202573
0.00182021
0.00166226
0.00155521
0.00150149
0.00150004
0.00154865
0.00165191
0.00181555
0.00204935
0.00223223
0.00221713
0.00219823
0.00217914
0.00216121
0.00214446
0.00212867
0.00211047
0.0020857
0.00205222
0.00200904
0.00195685
0.00189836
0.0018379
0.00178005
0.00172845
0.000512967
0.000903319
0.00139828
0.00184889
0.00213584
0.00231189
0.002431
0.00241591
0.00222342
0.00201195
0.00182804
0.00168961
0.00160042
0.00155866
0.00156091
0.00160649
0.00169497
0.0018286
0.00201309
0.00224716
0.00224194
0.00221333
0.00217928
0.0021411
0.00209873
0.00204451
0.00197306
0.00188501
0.00178369
0.00167478
0.0015659
0.00146454
0.00137607
0.00130295
0.000235903
0.000437512
0.000756081
0.00114975
0.00151867
0.00173607
0.00189425
0.00201591
0.00210346
0.00210224
0.00194615
0.00180787
0.00171164
0.00165275
0.00163038
0.00164446
0.00169003
0.00176215
0.00186401
0.00199322
0.00194485
0.00188693
0.00182194
0.00175151
0.00167295
0.00156501
0.0014361
0.00129736
0.00115993
0.00103294
0.000922437
0.000830968
0.000758372
0.000703223
6.42619e-05
0.000113082
0.000193207
0.00031016
0.000458943
0.000613682
0.000716205
0.000810705
0.000897608
0.000972343
0.00102888
0.00107405
0.00109966
0.00111102
0.00110894
0.00109505
0.00107077
0.00103826
0.000999266
0.00095558
0.00090651
0.000853931
0.000799578
0.000744242
0.000668873
0.000587238
0.000508574
0.000438137
0.000377534
0.000327639
0.00028782
0.000256914
0.000233623
0.00021646
1.3232e-05
2.16109e-05
2.84742e-05
3.38084e-05
3.80064e-05
4.17221e-05
4.52146e-05
4.78168e-05
4.96832e-05
5.04112e-05
4.95021e-05
4.84381e-05
4.77074e-05
5.26531e-05
5.8679e-05
6.43965e-05
6.9737e-05
7.40954e-05
7.75778e-05
8.03572e-05
8.24127e-05
8.3649e-05
8.40487e-05
8.35103e-05
8.23452e-05
8.02923e-05
7.70738e-05
7.25927e-05
6.6925e-05
6.03588e-05
5.34094e-05
4.66094e-05
4.0432e-05
3.52121e-05
3.06591e-06
3.92112e-05
0.00015486
0.000269144
0.000416485
0.000606096
3.40316e-06
5.7365e-05
0.000179132
0.000286734
0.00044891
0.00068176
3.56602e-06
6.89742e-05
0.000185608
0.000287962
0.000454057
0.000714684
3.33181e-06
7.37127e-05
0.000178347
0.00027115
0.000431259
0.000700309
2.72382e-06
7.01327e-05
0.000156006
0.000233033
0.000369881
0.000617764
1.81725e-06
5.7761e-05
0.000121365
0.000176904
0.000277504
0.000470176
8.3012e-07
3.82775e-05
7.92686e-05
0.000112392
0.000172915
0.000291297
3.56224e-07
1.63079e-05
3.7109e-05
5.28435e-05
8.07531e-05
0.000133756
1.19678e-07
1.5028e-06
6.31245e-06
1.20353e-05
2.14023e-05
3.73101e-05
1.83838e-08
6.9983e-08
1.26177e-07
2.08231e-07
1.28832e-06
5.50424e-06
)
;

boundaryField
{
    inlet
    {
        type            calculated;
        value           uniform 0.00335919;
    }
    outlet
    {
        type            calculated;
        value           nonuniform List<scalar> 10(2.85619e-05 0.000142452 0.000521323 0.0010508 0.00135591 0.00127332 0.000921806 0.000504553 0.000159841 2.78841e-05);
    }
    walls
    {
        type            nutUBlendedWallFunction;
        blending        stepwise;
        Cmu             0.09;
        kappa           0.41;
        E               9.8;
        n               4;
        value           nonuniform List<scalar> 
423
(
2.13398e-06
2.64141e-06
3.09908e-06
3.51783e-06
3.91062e-06
4.28282e-06
4.62568e-06
4.93787e-06
5.23181e-06
5.51495e-06
5.79317e-06
6.07121e-06
6.35254e-06
6.63882e-06
6.93092e-06
7.23222e-06
7.54812e-06
7.87268e-06
8.1664e-06
8.36898e-06
0
1.19224e-07
0
0
0
0
0
0
0
0
0
0
0
1.23735e-07
1.20341e-07
1.16634e-07
1.16191e-07
0
0
0
0
0
8.83185e-08
9.77219e-09
0
0
0
0
0
0
1.24171e-07
4.44358e-07
9.71897e-07
1.57332e-06
0
0
0
0
0
0
0
0
0
0
0
0
0
0
0
0
0
0
7.38094e-08
1.02764e-06
1.46167e-06
1.62503e-06
1.60124e-06
1.43892e-06
1.0961e-06
5.07276e-07
0
0
0
0
0
0
0
0
0
0
1.96809e-07
1.27422e-06
2.14624e-06
2.87553e-06
3.49936e-06
4.03945e-06
4.50869e-06
4.91522e-06
5.26367e-06
5.55666e-06
5.79654e-06
5.98591e-06
6.12808e-06
6.22648e-06
6.28485e-06
6.30704e-06
6.29499e-06
6.25075e-06
6.17934e-06
6.08707e-06
5.97919e-06
5.86194e-06
5.7421e-06
5.62693e-06
5.52428e-06
5.44198e-06
5.38643e-06
5.36666e-06
5.38587e-06
5.44978e-06
5.56774e-06
5.75104e-06
6.0175e-06
6.39228e-06
6.90565e-06
7.59618e-06
8.49295e-06
9.62118e-06
1.098e-05
1.25383e-05
1.3931e-05
1.51748e-05
1.62542e-05
1.73017e-05
1.8142e-05
1.87322e-05
1.9094e-05
1.92609e-05
1.92681e-05
1.91451e-05
1.89121e-05
1.85885e-05
1.81916e-05
1.77319e-05
1.72152e-05
1.66444e-05
1.60213e-05
1.53468e-05
1.46208e-05
1.3842e-05
1.30094e-05
1.21191e-05
1.11814e-05
1.0221e-05
9.2637e-06
8.31543e-06
7.37574e-06
6.44793e-06
5.53793e-06
4.6542e-06
3.80553e-06
3.013e-06
2.3135e-06
1.71002e-06
1.18725e-06
7.41875e-07
4.22247e-07
2.64763e-07
1.95462e-07
0
0
2.28803e-08
0
1.32228e-07
1.47941e-07
0
0
0
0
1.13434e-08
2.14174e-07
7.00503e-08
0
0
0
0
0
0
0
0
0
0
0
0
0
4.92573e-07
0
0
0
0
4.22225e-08
0
0
0
0
0
0
0
0
0
0
1.01993e-06
2.16292e-06
2.62467e-06
2.70259e-06
2.4783e-06
1.91605e-06
8.93625e-07
0
0
0
0
0
0
0
5.61352e-07
2.22424e-06
3.39879e-06
4.25735e-06
4.87596e-06
5.29797e-06
5.54135e-06
5.63246e-06
5.56726e-06
5.34978e-06
4.99201e-06
4.54326e-06
4.04605e-06
3.57086e-06
3.16995e-06
2.86131e-06
2.63808e-06
2.47946e-06
2.36129e-06
2.26848e-06
2.20736e-06
2.17706e-06
2.17207e-06
2.18811e-06
2.22308e-06
2.26783e-06
2.31725e-06
2.36788e-06
2.41731e-06
2.46345e-06
2.50502e-06
2.54146e-06
2.57271e-06
2.59914e-06
2.62087e-06
2.64002e-06
2.65277e-06
2.67393e-06
5.22013e-06
5.48722e-06
5.27469e-06
5.02691e-06
4.82819e-06
4.63383e-06
4.41894e-06
4.19288e-06
3.9741e-06
3.77434e-06
3.59349e-06
3.43011e-06
3.2822e-06
3.1494e-06
3.02935e-06
2.92006e-06
2.82188e-06
2.72886e-06
2.6582e-06
2.54738e-06
0
0
0
0
0
0
0
0
0
0
0
0
0
0
0
0
0
0
0
0
0
1.78685e-08
6.81164e-08
3.19954e-08
0
0
0
0
0
0
0
0
0
0
0
0
0
1.48356e-06
4.08642e-06
5.8328e-06
7.05755e-06
7.97097e-06
8.6708e-06
9.20883e-06
9.61373e-06
9.90803e-06
1.01044e-05
1.02016e-05
1.02106e-05
1.01276e-05
9.93989e-06
9.62524e-06
9.1365e-06
8.39006e-06
7.21034e-06
5.23908e-06
1.58059e-06
0
0
0
0
0
0
0
0
0
0
0
0
0
1.93624e-07
0
0
0
0
0
0
0
0
0
0
0
0
0
0
0
3.42415e-08
0
0
0
0
0
0
0
0
0
0
2.05369e-07
8.1881e-07
1.39743e-06
1.62969e-06
1.6441e-06
1.48274e-06
1.08686e-06
4.37175e-07
0
0
0
0
0
0
0
0
0
0
0
0
0
0
0
5.5206e-06
5.31366e-06
5.15669e-06
5.09031e-06
5.08621e-06
5.13814e-06
5.2341e-06
5.3673e-06
5.53173e-06
5.72252e-06
5.93574e-06
6.16829e-06
6.41763e-06
6.68129e-06
6.95754e-06
7.24792e-06
7.55662e-06
7.87677e-06
8.16785e-06
8.36917e-06
)
;
    }
    baffle
    {
        type            nutUBlendedWallFunction;
        blending        stepwise;
        Cmu             0.09;
        kappa           0.41;
        E               9.8;
        n               4;
        value           nonuniform List<scalar> 
71
(
0
0
0
0
0
0
0
0
1.8679e-07
3.35012e-07
0
0
0
0
0
0
0
0
0
0
0
1.43864e-08
0
0
0
0
0
0
0
0
0
0
0
0
0
0
0
0
0
0
0
0
0
1.31056e-06
2.24463e-06
2.69564e-06
2.869e-06
2.90953e-06
2.83412e-06
2.63367e-06
2.2985e-06
1.71795e-06
8.61618e-07
0
0
0
0
0
0
0
4.55155e-08
0
0
0
0
0
3.81931e-08
4.71504e-08
0
0
0
)
;
    }
    frontAndBack
    {
        type            empty;
    }
}


// ************************************************************************* //
