/*--------------------------------*- C++ -*----------------------------------*\
| =========                 |                                                 |
| \\      /  F ield         | OpenFOAM: The Open Source CFD Toolbox           |
|  \\    /   O peration     | Version:  v2012                                 |
|   \\  /    A nd           | Website:  www.openfoam.com                      |
|    \\/     M anipulation  |                                                 |
\*---------------------------------------------------------------------------*/
FoamFile
{
    version     2.0;
    format      ascii;
    class       volScalarField;
    location    "662";
    object      p;
}
// * * * * * * * * * * * * * * * * * * * * * * * * * * * * * * * * * * * * * //

dimensions      [0 2 -2 0 0 0 0];


internalField   nonuniform List<scalar> 
6532
(
0.403525
0.40291
0.402576
0.402435
0.402375
0.402375
0.402435
0.402575
0.402909
0.403525
0.402839
0.402665
0.402493
0.402386
0.402337
0.402337
0.402386
0.402493
0.402664
0.402839
0.402366
0.402381
0.402313
0.402238
0.402202
0.402202
0.402237
0.402312
0.40238
0.402365
0.402077
0.402133
0.402098
0.402043
0.402019
0.402018
0.402043
0.402097
0.402132
0.402076
0.401846
0.401906
0.401883
0.401839
0.401818
0.401818
0.401838
0.401881
0.401905
0.401844
0.401625
0.401681
0.401662
0.401626
0.401609
0.401608
0.401625
0.40166
0.401678
0.401622
0.401408
0.401457
0.401438
0.401407
0.401391
0.40139
0.401404
0.401434
0.401453
0.401404
0.401195
0.401237
0.401216
0.401186
0.401172
0.40117
0.401182
0.40121
0.40123
0.401188
0.400984
0.401018
0.400996
0.400967
0.400953
0.400951
0.400961
0.400987
0.401008
0.400974
0.400773
0.400802
0.400778
0.40075
0.400734
0.400731
0.400741
0.400765
0.400787
0.400758
0.400564
0.400587
0.400562
0.400533
0.400517
0.400512
0.40052
0.400542
0.400564
0.40054
0.400355
0.400375
0.400348
0.400319
0.4003
0.400293
0.400298
0.400318
0.40034
0.40032
0.40015
0.400167
0.400138
0.400106
0.400084
0.400073
0.400075
0.400092
0.400113
0.400097
0.39995
0.399963
0.399932
0.399896
0.399869
0.399853
0.39985
0.399863
0.399883
0.39987
0.399758
0.399768
0.399733
0.39969
0.399654
0.399629
0.399619
0.399628
0.399648
0.399638
0.399579
0.399586
0.399544
0.39949
0.399441
0.399401
0.39938
0.399383
0.399405
0.3994
0.399419
0.399421
0.399369
0.399299
0.399227
0.399164
0.399124
0.39912
0.39915
0.399158
0.399288
0.399285
0.399218
0.399121
0.399015
0.398913
0.39884
0.398824
0.398878
0.398921
0.399202
0.399192
0.399103
0.398967
0.398806
0.398638
0.398493
0.398435
0.398536
0.398761
0.399185
0.399165
0.399048
0.398856
0.398614
0.39834
0.39807
0.397939
0.39814
0.398819
0.399263
0.399236
0.399084
0.398819
0.39846
0.398013
0.397467
0.396902
0.396225
0.392106
0.399483
0.399454
0.399266
0.398926
0.39845
0.39784
0.397021
0.39586
0.395273
0.397328
0.399896
0.399871
0.399654
0.399244
0.398662
0.397933
0.397014
0.39558
0.393768
0.39549
0.400548
0.400534
0.400291
0.399816
0.399129
0.398261
0.397215
0.395636
0.392848
0.393269
0.401489
0.401488
0.401218
0.400675
0.399878
0.398858
0.397645
0.396028
0.393005
0.392572
0.402766
0.40278
0.402481
0.401861
0.400947
0.39977
0.398368
0.396654
0.393489
0.39204
0.404437
0.404467
0.40413
0.403419
0.402364
0.401
0.399364
0.39747
0.394253
0.391594
0.406566
0.406609
0.406225
0.405399
0.404167
0.402568
0.400623
0.398393
0.395028
0.391408
0.409226
0.409278
0.408839
0.407872
0.406423
0.404535
0.402218
0.39951
0.395784
0.391769
0.412517
0.412584
0.412066
0.410929
0.409226
0.407002
0.404281
0.401083
0.396958
0.392627
0.416542
0.416626
0.416007
0.414673
0.412677
0.410069
0.406893
0.40319
0.398725
0.393967
0.421405
0.421497
0.420769
0.419212
0.416876
0.41382
0.410105
0.405812
0.40092
0.39564
0.427241
0.427339
0.426486
0.42467
0.42194
0.418363
0.414011
0.409007
0.403477
0.39758
0.434202
0.434307
0.433309
0.431194
0.428011
0.423832
0.418744
0.412897
0.406533
0.399868
0.442452
0.442563
0.4414
0.43895
0.435255
0.430393
0.424463
0.417641
0.410252
0.402618
0.452161
0.45228
0.450937
0.448118
0.443858
0.438237
0.431363
0.423435
0.414835
0.40602
0.4635
0.463637
0.462102
0.458889
0.454024
0.447583
0.43968
0.430532
0.420563
0.410363
0.47663
0.476806
0.475072
0.471449
0.465955
0.458657
0.449671
0.439226
0.427775
0.416019
0.491508
0.491686
0.489728
0.485698
0.479584
0.47144
0.461377
0.449629
0.436667
0.423262
0.508076
0.508224
0.506049
0.501628
0.494923
0.485972
0.474882
0.461883
0.447444
0.432379
0.526528
0.526688
0.524321
0.519535
0.512278
0.502577
0.490533
0.476365
0.460529
0.443838
0.546939
0.54711
0.544558
0.539434
0.531683
0.521315
0.508427
0.493221
0.476129
0.457926
0.569295
0.569459
0.566714
0.561278
0.553094
0.542159
0.528562
0.512491
0.494341
0.474824
0.59346
0.593593
0.590643
0.584913
0.576357
0.56496
0.550808
0.534075
0.51511
0.494546
0.61921
0.619279
0.616102
0.610085
0.601211
0.589455
0.574906
0.557725
0.538217
0.516923
0.646244
0.646208
0.642767
0.636453
0.627301
0.615279
0.600482
0.583062
0.563282
0.541595
0.674186
0.673995
0.670235
0.663596
0.654186
0.641973
0.627058
0.609588
0.58979
0.568034
0.70258
0.702172
0.698025
0.691013
0.681352
0.669009
0.654087
0.636731
0.617134
0.595593
0.730884
0.730193
0.725576
0.718139
0.708231
0.695815
0.680986
0.663883
0.644667
0.623573
0.758464
0.757417
0.752254
0.744353
0.734222
0.721805
0.707174
0.690453
0.671768
0.651299
0.784566
0.783086
0.777331
0.768986
0.758711
0.746409
0.73211
0.715908
0.697888
0.678177
0.808251
0.806274
0.800003
0.791355
0.781105
0.769108
0.755325
0.739804
0.722585
0.703743
0.828329
0.825867
0.819365
0.810756
0.800854
0.789462
0.776452
0.761814
0.745544
0.727667
0.842853
0.841017
0.834892
0.82669
0.817548
0.807162
0.795247
0.78173
0.766566
0.749745
0.850088
0.849935
0.845599
0.838725
0.830976
0.822082
0.811622
0.79947
0.785566
0.769875
0.852094
0.852764
0.850974
0.846637
0.841108
0.83424
0.825592
0.815024
0.802484
0.787947
0.852322
0.85265
0.85245
0.85094
0.848194
0.843798
0.837294
0.828506
0.817405
0.804005
0.852303
0.851895
0.852103
0.852741
0.852702
0.850918
0.84674
0.839861
0.830242
0.817938
0.852933
0.852067
0.852166
0.853791
0.855824
0.856362
0.854186
0.848903
0.840583
0.829193
0.854031
0.853546
0.853971
0.856057
0.859054
0.861285
0.860943
0.857251
0.850605
0.84069
0.370957
0.373896
0.375723
0.37747
0.378989
0.380148
0.380933
0.381249
0.381114
0.3806
0.379696
0.378536
0.377275
0.375945
0.374666
0.373592
0.372835
0.372454
0.372502
0.372986
0.373819
0.374808
0.375671
0.37616
0.376329
0.379277
0.375602
0.375078
0.37595
0.377053
0.378043
0.378809
0.379218
0.379147
0.378605
0.377701
0.376596
0.375435
0.374294
0.373258
0.372417
0.371842
0.371603
0.37174
0.372257
0.373101
0.374149
0.375209
0.375979
0.376345
0.379783
0.376188
0.375016
0.375209
0.375861
0.376523
0.377027
0.377254
0.377135
0.376671
0.375924
0.374999
0.374015
0.37306
0.372212
0.371544
0.371112
0.370955
0.371091
0.371522
0.372215
0.3731
0.374069
0.374966
0.375616
0.378503
0.375278
0.374156
0.37426
0.374894
0.375525
0.375969
0.376133
0.37598
0.375519
0.374806
0.373927
0.372985
0.372077
0.371284
0.370672
0.370284
0.370146
0.370265
0.370632
0.371214
0.371947
0.372744
0.373541
0.374272
0.379085
0.37459
0.372927
0.372984
0.373766
0.37451
0.375044
0.375256
0.375126
0.374678
0.373972
0.373098
0.37216
0.371257
0.370474
0.369873
0.369489
0.369338
0.369418
0.369717
0.370203
0.370819
0.371488
0.372158
0.372867
0.380512
0.374808
0.372219
0.372069
0.372771
0.373567
0.374177
0.374462
0.37438
0.373962
0.373272
0.372403
0.371463
0.370558
0.369774
0.369171
0.368782
0.368613
0.368653
0.368887
0.369283
0.369792
0.370348
0.370887
0.371479
0.381319
0.375463
0.372421
0.371871
0.372249
0.372922
0.373508
0.373824
0.373782
0.373393
0.372719
0.371854
0.370911
0.369999
0.36921
0.368603
0.368205
0.368019
0.368025
0.368201
0.368515
0.368923
0.369366
0.369775
0.370234
0.38189
0.376525
0.373433
0.372357
0.372313
0.372733
0.373203
0.373466
0.373423
0.373045
0.372376
0.371505
0.370548
0.369621
0.368819
0.368202
0.367794
0.367589
0.367564
0.367693
0.367937
0.368255
0.368596
0.368894
0.369238
0.383116
0.378036
0.37491
0.373428
0.37302
0.373152
0.373418
0.373549
0.373421
0.373005
0.372313
0.371415
0.370425
0.369466
0.368636
0.367997
0.367568
0.367342
0.367289
0.367376
0.367563
0.367808
0.368063
0.368271
0.368519
0.384894
0.379968
0.37679
0.375033
0.374314
0.374151
0.374155
0.374089
0.373829
0.373323
0.372584
0.371641
0.37059
0.369571
0.36869
0.368009
0.367544
0.367284
0.367201
0.367252
0.367393
0.367579
0.367764
0.367899
0.368063
0.386926
0.382117
0.378923
0.376989
0.376008
0.375569
0.375338
0.375073
0.374656
0.374021
0.37318
0.372202
0.371077
0.369968
0.369007
0.368259
0.367733
0.367419
0.367297
0.367316
0.367422
0.367562
0.367689
0.367764
0.367861
0.389019
0.38431
0.381113
0.379073
0.377902
0.377249
0.376808
0.37637
0.375822
0.375086
0.374131
0.373033
0.371877
0.370682
0.369619
0.368783
0.368169
0.367763
0.367578
0.367561
0.367638
0.367745
0.367828
0.367856
0.367897
0.391101
0.386402
0.383168
0.381054
0.379756
0.378947
0.378347
0.377777
0.377136
0.376362
0.37538
0.374173
0.372924
0.371703
0.370553
0.369599
0.368865
0.368334
0.368055
0.367993
0.368041
0.368117
0.36816
0.368149
0.368148
0.393206
0.388329
0.38496
0.382746
0.381345
0.380425
0.379724
0.379078
0.378393
0.377615
0.376691
0.375555
0.374234
0.37295
0.371772
0.370694
0.369799
0.369139
0.368736
0.368592
0.368597
0.368642
0.36865
0.368604
0.368564
0.395439
0.390134
0.386466
0.384059
0.382525
0.381509
0.380742
0.380065
0.379391
0.378666
0.377845
0.376872
0.375697
0.374373
0.373152
0.372062
0.371006
0.370166
0.369622
0.369348
0.369259
0.369254
0.369236
0.369165
0.369085
0.397995
0.391981
0.387786
0.385026
0.383267
0.382115
0.38128
0.380591
0.379959
0.379332
0.378664
0.377902
0.376988
0.375879
0.374676
0.373593
0.372518
0.371457
0.370698
0.370281
0.370053
0.369934
0.36987
0.369779
0.369633
0.40118
0.394152
0.389151
0.385811
0.383669
0.382286
0.381336
0.380615
0.38002
0.3795
0.379012
0.378499
0.377898
0.377164
0.376266
0.375279
0.374275
0.373125
0.372045
0.371337
0.371006
0.370762
0.370555
0.370374
0.370106
0.405396
0.397044
0.390922
0.386724
0.383977
0.382205
0.381033
0.380218
0.379622
0.379183
0.378867
0.378619
0.378366
0.378052
0.377641
0.37714
0.376407
0.375384
0.374222
0.372919
0.372011
0.371661
0.371489
0.371086
0.370344
0.410997
0.401058
0.393512
0.38816
0.384547
0.382178
0.380632
0.379616
0.378948
0.378538
0.37835
0.378337
0.378428
0.37856
0.378684
0.378743
0.378661
0.378345
0.377518
0.37607
0.374068
0.372393
0.37159
0.371174
0.369746
0.418359
0.406632
0.397391
0.390585
0.385821
0.382607
0.380491
0.379123
0.378269
0.377804
0.377675
0.37784
0.378237
0.378808
0.379503
0.380269
0.381022
0.381581
0.38166
0.381394
0.379952
0.377132
0.374287
0.373779
0.37559
0.428004
0.414331
0.403142
0.394572
0.388337
0.383976
0.381024
0.379095
0.377897
0.377252
0.37708
0.377333
0.37796
0.378916
0.380165
0.381681
0.383432
0.385346
0.387278
0.389063
0.390538
0.390839
0.390801
0.391375
0.393187
0.440319
0.424639
0.411321
0.400712
0.392682
0.386846
0.382755
0.379993
0.378231
0.37724
0.376883
0.377089
0.377815
0.379027
0.380701
0.382825
0.385385
0.38838
0.391825
0.395681
0.399752
0.40374
0.408084
0.412943
0.417614
0.455592
0.437963
0.422445
0.409597
0.399484
0.391844
0.386279
0.382374
0.37977
0.378193
0.377459
0.377454
0.378112
0.379407
0.381338
0.383888
0.386985
0.390559
0.39457
0.398991
0.403751
0.408756
0.414184
0.420109
0.426153
0.473943
0.454554
0.436907
0.421744
0.409342
0.399606
0.392235
0.38685
0.383086
0.380634
0.379264
0.378818
0.379204
0.380395
0.382415
0.385183
0.388543
0.392386
0.396617
0.401229
0.406227
0.411506
0.416936
0.422357
0.427682
0.495285
0.474451
0.454905
0.437511
0.422747
0.410713
0.401248
0.394053
0.388787
0.38513
0.382815
0.381641
0.381478
0.382285
0.384096
0.386798
0.39016
0.394044
0.398385
0.4031
0.408072
0.413188
0.418328
0.42333
0.428024
0.519309
0.497437
0.476366
0.457005
0.439983
0.425594
0.41385
0.40457
0.397477
0.392271
0.388668
0.386429
0.385375
0.385458
0.386705
0.389008
0.392122
0.395877
0.400154
0.404804
0.409668
0.4146
0.419461
0.424105
0.42839
0.545494
0.523035
0.500915
0.480007
0.461022
0.444412
0.430361
0.418838
0.40967
0.402611
0.397391
0.393755
0.391476
0.390448
0.390779
0.392421
0.395031
0.398364
0.402285
0.406643
0.411261
0.415959
0.420571
0.424945
0.42895
0.573158
0.550549
0.527886
0.50595
0.485456
0.46695
0.450762
0.437014
0.425659
0.416542
0.409446
0.404132
0.400357
0.397932
0.396954
0.397527
0.399325
0.401951
0.405235
0.409041
0.413189
0.417488
0.421762
0.425849
0.429613
0.601537
0.579151
0.556412
0.533977
0.512508
0.492577
0.474604
0.458838
0.445365
0.434138
0.425022
0.417829
0.412343
0.40834
0.405743
0.404791
0.405408
0.407078
0.409481
0.412465
0.415883
0.419554
0.4233
0.426958
0.430387
0.629879
0.607998
0.58555
0.563075
0.541145
0.520306
0.501013
0.483597
0.468248
0.455031
0.443907
0.434762
0.427436
0.421738
0.417474
0.414713
0.413607
0.413954
0.415287
0.417269
0.419746
0.422567
0.42557
0.428602
0.431523
0.657522
0.636328
0.614423
0.592239
0.570261
0.548979
0.528838
0.510206
0.493342
0.4784
0.465431
0.454406
0.445233
0.437784
0.431904
0.427455
0.424445
0.422906
0.422652
0.423412
0.424856
0.426703
0.428817
0.431068
0.433313
0.683946
0.663541
0.642313
0.620617
0.59886
0.577474
0.556873
0.537427
0.519433
0.503099
0.488551
0.47583
0.464918
0.455743
0.448208
0.442195
0.437591
0.434277
0.432194
0.431236
0.431174
0.43178
0.432896
0.434314
0.43581
0.708787
0.689213
0.66871
0.64758
0.626174
0.604875
0.584067
0.564108
0.545305
0.527899
0.512062
0.497893
0.485428
0.474652
0.46551
0.457922
0.451789
0.446998
0.443409
0.440839
0.439188
0.438365
0.438171
0.438412
0.438936
0.731816
0.71307
0.693275
0.672701
0.651666
0.630523
0.609632
0.589336
0.569945
0.551715
0.534845
0.519473
0.505677
0.493483
0.482874
0.473801
0.466187
0.459934
0.454924
0.451021
0.448099
0.446002
0.444521
0.443548
0.443034
0.752904
0.734948
0.715798
0.695711
0.674991
0.653979
0.633025
0.612466
0.592608
0.573716
0.556006
0.539637
0.524717
0.511304
0.499411
0.489012
0.480056
0.47246
0.466127
0.460938
0.456768
0.45348
0.450933
0.449011
0.447604
0.771895
0.754652
0.736049
0.716354
0.695864
0.674919
0.653873
0.633063
0.612797
0.593344
0.574928
0.557725
0.541862
0.527417
0.514427
0.502888
0.492765
0.483996
0.476497
0.470166
0.46489
0.460548
0.457016
0.454174
0.451906
0.788796
0.772142
0.753928
0.734441
0.714009
0.693002
0.671788
0.650702
0.630047
0.610093
0.591068
0.573159
0.556505
0.541199
0.527293
0.514799
0.503699
0.493944
0.485464
0.47817
0.47196
0.466725
0.462349
0.458718
0.45572
0.80345
0.787209
0.769209
0.749816
0.729377
0.708254
0.686835
0.665471
0.644461
0.624071
0.604534
0.586039
0.568735
0.552724
0.53807
0.524797
0.512897
0.502334
0.493049
0.484963
0.477985
0.472013
0.466938
0.462655
0.459056
0.815131
0.799071
0.781135
0.761709
0.741176
0.719914
0.69829
0.676645
0.655287
0.634491
0.614494
0.595492
0.577642
0.561054
0.5458
0.531916
0.519399
0.508222
0.498334
0.489664
0.482124
0.475618
0.470043
0.465292
0.461253
0.827471
0.811653
0.793795
0.774343
0.753657
0.732122
0.71013
0.68804
0.666177
0.644826
0.624235
0.604609
0.586113
0.568868
0.552955
0.538413
0.525251
0.513454
0.502979
0.493756
0.485703
0.478723
0.472717
0.467582
0.463217
0.366935
0.366993
0.3674
0.375062
0.37344
0.383091
0.396446
0.402633
0.414044
0.422197
0.427033
0.432203
0.431305
0.435307
0.438359
0.432345
0.436117
0.439012
0.432008
0.435286
0.438003
0.43197
0.434874
0.437304
0.432271
0.434944
0.437179
0.43274
0.435259
0.437376
0.43328
0.43564
0.437647
0.434048
0.436153
0.437978
0.435309
0.43702
0.438541
0.437189
0.438406
0.439517
0.439567
0.440207
0.440839
0.442855
0.442844
0.442908
0.446652
0.445983
0.445449
0.450218
0.448939
0.447864
0.45341
0.451609
0.450068
0.456237
0.454001
0.452075
0.45803
0.455456
0.453261
0.459679
0.456808
0.454371
0.463784
0.463736
0.463551
0.462929
0.461582
0.459574
0.457097
0.454332
0.451429
0.448495
0.445604
0.4428
0.44011
0.437549
0.435122
0.432831
0.430672
0.428641
0.426734
0.424945
0.423269
0.421699
0.420231
0.418859
0.417579
0.416386
0.415276
0.414245
0.413291
0.412409
0.411598
0.410854
0.410175
0.409561
0.409011
0.408525
0.408105
0.407752
0.40747
0.407265
0.40714
0.407101
0.407159
0.407324
0.407606
0.408013
0.408553
0.409235
0.410077
0.411097
0.412306
0.413712
0.415326
0.417159
0.41922
0.421521
0.424068
0.426868
0.429924
0.433235
0.436794
0.440588
0.444592
0.44877
0.453067
0.457409
0.461704
0.465825
0.469566
0.472649
0.474873
0.476283
0.47694
0.476674
0.475623
0.474212
0.472894
0.472239
0.472316
0.472671
0.463916
0.463746
0.463429
0.462503
0.460897
0.458777
0.456285
0.453573
0.450759
0.44793
0.445146
0.442443
0.439844
0.437362
0.435002
0.432767
0.430654
0.428662
0.426786
0.425022
0.423366
0.421812
0.420356
0.418994
0.41772
0.416532
0.415425
0.414396
0.413442
0.412559
0.411745
0.410997
0.410314
0.409693
0.409133
0.408635
0.408199
0.407828
0.407524
0.407293
0.407139
0.407069
0.40709
0.407206
0.40743
0.407773
0.408246
0.408863
0.409633
0.410563
0.411669
0.412963
0.414455
0.416155
0.418072
0.420213
0.422584
0.425189
0.428031
0.431109
0.434415
0.437936
0.441651
0.445525
0.449512
0.453549
0.457554
0.461425
0.465023
0.468179
0.470742
0.472646
0.473844
0.474228
0.473776
0.472744
0.471673
0.471117
0.471282
0.471917
0.463962
0.463301
0.462377
0.460968
0.459117
0.456939
0.454526
0.451975
0.449359
0.446734
0.444142
0.441612
0.439164
0.436812
0.434562
0.432419
0.430384
0.428457
0.426636
0.424919
0.423301
0.421779
0.420351
0.419011
0.417756
0.416584
0.415489
0.414471
0.413525
0.412649
0.41184
0.411096
0.410413
0.40979
0.409226
0.40872
0.408272
0.407885
0.407561
0.407303
0.407118
0.407011
0.40699
0.40706
0.407232
0.407515
0.40792
0.40846
0.409147
0.409992
0.411005
0.412199
0.413581
0.415162
0.416949
0.418947
0.421162
0.423598
0.426257
0.429136
0.432232
0.435531
0.439015
0.442655
0.446411
0.450227
0.454036
0.457751
0.461271
0.464482
0.467256
0.469483
0.471091
0.472041
0.472314
0.472008
0.47142
0.470948
0.470912
0.471276
0.462842
0.461807
0.460504
0.458866
0.456941
0.454806
0.452524
0.450151
0.447733
0.445307
0.442903
0.440544
0.438249
0.436031
0.433899
0.431858
0.429912
0.428062
0.426307
0.424646
0.423078
0.421599
0.420206
0.418898
0.41767
0.416519
0.415444
0.414442
0.413509
0.412644
0.411844
0.411106
0.410427
0.409804
0.409234
0.408718
0.408256
0.407848
0.407497
0.407207
0.406982
0.406829
0.406753
0.406763
0.406867
0.407074
0.407397
0.407846
0.408434
0.409174
0.410075
0.41115
0.412407
0.413852
0.415493
0.417333
0.419378
0.42163
0.424092
0.426765
0.429643
0.432719
0.435977
0.439395
0.44294
0.446569
0.450226
0.453842
0.457337
0.460624
0.463608
0.466187
0.468293
0.46988
0.470906
0.471391
0.471482
0.471358
0.471205
0.471196
0.460673
0.459473
0.458108
0.456476
0.454607
0.452573
0.45043
0.448219
0.445972
0.443717
0.441478
0.439275
0.437123
0.435036
0.433022
0.431087
0.429235
0.427469
0.425788
0.424193
0.422682
0.421253
0.419904
0.418634
0.417439
0.416317
0.415266
0.414284
0.41337
0.41252
0.411733
0.411007
0.410335
0.409715
0.409142
0.408618
0.408141
0.407712
0.407333
0.407008
0.406741
0.406539
0.406408
0.406353
0.406385
0.406512
0.406745
0.407098
0.407586
0.40822
0.40901
0.409967
0.411099
0.412412
0.413909
0.415593
0.417468
0.419536
0.4218
0.424261
0.426918
0.429763
0.432787
0.435972
0.439293
0.442716
0.446198
0.449686
0.453119
0.456431
0.459551
0.462411
0.464965
0.467161
0.468933
0.470253
0.47118
0.471677
0.471558
0.471226
0.458004
0.456725
0.45541
0.453865
0.45211
0.450211
0.448217
0.446162
0.444075
0.441979
0.439895
0.43784
0.435828
0.43387
0.431974
0.430148
0.428395
0.426717
0.425116
0.423592
0.422144
0.420771
0.419472
0.418245
0.417087
0.415998
0.414975
0.414018
0.413124
0.412294
0.411525
0.410815
0.410159
0.409546
0.408973
0.408444
0.407955
0.4075
0.407088
0.406723
0.406409
0.406153
0.405959
0.405835
0.405787
0.405826
0.405964
0.406215
0.406599
0.407131
0.407814
0.408655
0.409668
0.410855
0.412214
0.413747
0.415454
0.41734
0.419408
0.42166
0.424096
0.426713
0.429505
0.432459
0.435557
0.438774
0.442079
0.445431
0.448786
0.452096
0.455308
0.458375
0.461259
0.463918
0.466293
0.468337
0.470057
0.471261
0.471382
0.470902
0.454964
0.453743
0.452547
0.451123
0.449509
0.44776
0.445921
0.444023
0.442092
0.44015
0.438214
0.436302
0.434425
0.432594
0.430817
0.429099
0.427446
0.425859
0.42434
0.42289
0.421508
0.420194
0.418947
0.417765
0.416647
0.415593
0.4146
0.413669
0.412799
0.411991
0.411247
0.410566
0.409936
0.409331
0.408743
0.408182
0.407658
0.407171
0.406725
0.406323
0.405969
0.405667
0.405422
0.405241
0.405128
0.405094
0.405149
0.405304
0.405575
0.405977
0.40653
0.407259
0.408172
0.409254
0.410492
0.411885
0.413436
0.415149
0.417031
0.419084
0.421311
0.423713
0.426285
0.42902
0.431907
0.434927
0.438059
0.441273
0.444536
0.447811
0.451062
0.45425
0.457344
0.460311
0.4631
0.465659
0.467973
0.469847
0.470515
0.470032
0.451762
0.450676
0.449628
0.448344
0.446883
0.44529
0.443607
0.441863
0.440084
0.438291
0.4365
0.434725
0.43298
0.431272
0.42961
0.427999
0.426444
0.424947
0.42351
0.422134
0.420819
0.419564
0.418369
0.417233
0.416155
0.415134
0.414171
0.413265
0.412416
0.411631
0.410916
0.410258
0.409622
0.408994
0.408379
0.407787
0.40723
0.406717
0.406247
0.40582
0.405439
0.405108
0.404831
0.404613
0.404459
0.404375
0.404371
0.404455
0.404633
0.404921
0.405347
0.405937
0.406712
0.407684
0.40882
0.410088
0.411494
0.413048
0.414758
0.416628
0.418664
0.420868
0.423239
0.425775
0.428467
0.431305
0.434273
0.437348
0.440508
0.443723
0.446963
0.450196
0.453391
0.456517
0.459527
0.462364
0.464999
0.467315
0.468592
0.468316
0.448605
0.44766
0.446748
0.445605
0.444297
0.44286
0.441331
0.43974
0.438111
0.436463
0.434811
0.433171
0.431551
0.429963
0.428412
0.426905
0.425444
0.424034
0.422677
0.421372
0.42012
0.418922
0.417777
0.416684
0.415644
0.414655
0.413717
0.412831
0.411998
0.411224
0.410521
0.409856
0.409189
0.408534
0.40791
0.407315
0.406755
0.406232
0.405748
0.405304
0.404904
0.404551
0.404249
0.404
0.403811
0.403686
0.403633
0.403663
0.403785
0.404012
0.404358
0.40483
0.405457
0.40628
0.407288
0.408432
0.409701
0.411107
0.412659
0.414365
0.416229
0.418258
0.420451
0.422808
0.425327
0.427999
0.430813
0.433755
0.436803
0.439935
0.443123
0.446336
0.449541
0.452701
0.455769
0.458678
0.461376
0.463784
0.465359
0.4654
0.445589
0.444769
0.443976
0.442967
0.441808
0.440525
0.439151
0.437712
0.43623
0.434724
0.433208
0.431696
0.430198
0.428722
0.427277
0.425867
0.424496
0.423168
0.421884
0.420646
0.419454
0.418309
0.417209
0.416156
0.415149
0.414187
0.41327
0.412398
0.411572
0.410795
0.410077
0.409393
0.408724
0.408077
0.407455
0.406861
0.406297
0.405768
0.405275
0.40482
0.404406
0.404035
0.403712
0.40344
0.403222
0.403063
0.402971
0.402953
0.403022
0.403193
0.403477
0.403884
0.404425
0.405119
0.405976
0.406978
0.408108
0.409374
0.410784
0.412344
0.41406
0.415936
0.417976
0.420179
0.422547
0.425072
0.427749
0.430563
0.433499
0.436533
0.43964
0.442785
0.445932
0.449036
0.452041
0.454876
0.457468
0.459738
0.461283
0.461443
0.44273
0.442025
0.441344
0.44047
0.439463
0.438337
0.437119
0.435832
0.434497
0.433129
0.431745
0.430355
0.428971
0.427602
0.426254
0.424934
0.423645
0.422391
0.421174
0.419996
0.418857
0.417758
0.4167
0.415681
0.414702
0.413762
0.412862
0.412
0.411176
0.410391
0.40965
0.408958
0.408301
0.407663
0.407044
0.406449
0.405883
0.405349
0.40485
0.404386
0.403962
0.403579
0.40324
0.402948
0.402708
0.402521
0.402396
0.402339
0.402364
0.402485
0.402715
0.403064
0.403544
0.404155
0.404884
0.405738
0.406736
0.407877
0.409163
0.410599
0.41219
0.413939
0.415852
0.417928
0.420169
0.422572
0.425129
0.427831
0.43066
0.433595
0.436607
0.439657
0.442702
0.445688
0.448551
0.451212
0.453593
0.455613
0.456962
0.457049
0.440015
0.439424
0.438864
0.43814
0.437296
0.436337
0.435283
0.434152
0.432963
0.431731
0.430472
0.429198
0.42792
0.426647
0.425387
0.424146
0.422929
0.42174
0.420581
0.419454
0.418361
0.417301
0.416276
0.415286
0.41433
0.413408
0.41252
0.411666
0.410844
0.410053
0.409296
0.408596
0.407945
0.407311
0.406693
0.406098
0.40553
0.404993
0.404488
0.404018
0.403585
0.403192
0.40284
0.402534
0.402275
0.402068
0.401916
0.401827
0.401816
0.401897
0.402084
0.40239
0.402819
0.40334
0.403949
0.404691
0.405583
0.406623
0.40781
0.409147
0.410639
0.41229
0.414103
0.416082
0.418225
0.420532
0.422996
0.425606
0.428347
0.431194
0.434114
0.437064
0.439992
0.442831
0.445506
0.447931
0.450013
0.451661
0.452702
0.452629
0.437402
0.436938
0.436527
0.435985
0.435335
0.434566
0.433689
0.43272
0.431678
0.430579
0.429437
0.428269
0.427085
0.425897
0.424713
0.423539
0.422382
0.421246
0.420134
0.419048
0.41799
0.416961
0.415962
0.414993
0.414054
0.413145
0.412265
0.411416
0.410596
0.409802
0.409037
0.408327
0.407671
0.407037
0.406419
0.405822
0.405251
0.40471
0.4042
0.403724
0.403284
0.402881
0.40252
0.402201
0.401929
0.401704
0.401532
0.401419
0.401378
0.401427
0.401584
0.401859
0.402225
0.402646
0.403164
0.403833
0.404652
0.405618
0.406731
0.407997
0.409418
0.410999
0.412744
0.414656
0.416734
0.418977
0.421379
0.423929
0.426609
0.429394
0.432247
0.435119
0.437945
0.440649
0.443144
0.445331
0.447086
0.448319
0.449102
0.448676
0.434793
0.434497
0.434297
0.434006
0.433603
0.43306
0.432382
0.431585
0.43069
0.429717
0.428683
0.427608
0.426504
0.425385
0.424261
0.42314
0.422028
0.420932
0.419854
0.418797
0.417763
0.416755
0.415773
0.414817
0.413887
0.412986
0.412111
0.411263
0.410443
0.409648
0.40888
0.408159
0.40749
0.406849
0.406229
0.405629
0.405055
0.404508
0.403993
0.40351
0.403063
0.402652
0.402282
0.401953
0.401669
0.401432
0.401243
0.401111
0.401047
0.401074
0.401211
0.401442
0.401725
0.402075
0.402551
0.403175
0.403946
0.404864
0.405931
0.407151
0.40853
0.410072
0.41178
0.413657
0.415705
0.417921
0.420299
0.422828
0.425489
0.428255
0.431084
0.433921
0.436693
0.439312
0.441684
0.443694
0.445185
0.446166
0.447046
0.446067
0.431993
0.431954
0.432105
0.432192
0.432128
0.431867
0.431414
0.430798
0.430047
0.429188
0.428248
0.427247
0.426205
0.425136
0.424053
0.422967
0.421884
0.420811
0.419752
0.418711
0.41769
0.416692
0.415716
0.414765
0.413839
0.412938
0.412063
0.411214
0.410391
0.409594
0.408824
0.408091
0.407402
0.406751
0.406126
0.405522
0.404943
0.404391
0.403869
0.40338
0.402925
0.402507
0.402128
0.40179
0.401497
0.401249
0.401049
0.400901
0.40082
0.400831
0.400943
0.401113
0.401334
0.401657
0.402118
0.402721
0.403467
0.404361
0.405406
0.406609
0.407973
0.409504
0.411208
0.413085
0.415139
0.417367
0.419765
0.42232
0.425013
0.427815
0.430681
0.433547
0.436328
0.438919
0.441202
0.443015
0.444188
0.445106
0.446495
0.444436
0.428582
0.429082
0.429862
0.430563
0.430983
0.431063
0.430852
0.430415
0.429795
0.429032
0.428161
0.427211
0.426206
0.425164
0.424101
0.423028
0.421955
0.420889
0.419834
0.418795
0.417774
0.416774
0.415795
0.41484
0.41391
0.413003
0.412123
0.411268
0.410439
0.409638
0.408864
0.408116
0.407406
0.406741
0.406109
0.4055
0.404915
0.404357
0.403828
0.403332
0.402869
0.402444
0.402057
0.401712
0.40141
0.401155
0.400946
0.400788
0.400695
0.40069
0.40076
0.400881
0.401085
0.401412
0.401873
0.402472
0.403215
0.404106
0.405153
0.406362
0.407738
0.409288
0.411016
0.412928
0.415025
0.417308
0.419771
0.422406
0.425194
0.428103
0.431088
0.434076
0.436963
0.439608
0.441806
0.443235
0.443654
0.443962
0.444399
0.438107
0.423432
0.425346
0.427532
0.429187
0.430235
0.430744
0.430799
0.430509
0.429983
0.429278
0.428443
0.427513
0.426514
0.425471
0.424402
0.423321
0.422238
0.42116
0.420093
0.419041
0.418008
0.416995
0.416004
0.415037
0.414095
0.413178
0.412287
0.411422
0.410585
0.409776
0.408992
0.408226
0.407495
0.406816
0.406174
0.405559
0.404967
0.404403
0.403868
0.403365
0.402896
0.402464
0.40207
0.401719
0.401411
0.401149
0.400935
0.400771
0.400667
0.400638
0.400674
0.400784
0.401003
0.401345
0.401817
0.402429
0.403185
0.404094
0.405164
0.4064
0.407812
0.409405
0.411187
0.413164
0.415339
0.417716
0.420292
0.423062
0.426012
0.429117
0.432335
0.4356
0.438804
0.44178
0.444238
0.445674
0.445708
0.44473
0.439268
0.419999
0.414818
0.421174
0.425656
0.428455
0.430137
0.431032
0.431329
0.431158
0.430656
0.429944
0.429098
0.428146
0.427119
0.426044
0.424943
0.42383
0.422716
0.42161
0.420516
0.419438
0.418381
0.417345
0.416334
0.415348
0.414388
0.413456
0.412552
0.411676
0.410828
0.410004
0.409195
0.408407
0.407663
0.40697
0.406318
0.405695
0.405098
0.404529
0.403989
0.40348
0.403007
0.40257
0.402172
0.401816
0.401504
0.40124
0.401024
0.400858
0.400744
0.400688
0.400713
0.400842
0.401086
0.401453
0.40195
0.402588
0.403375
0.404319
0.405429
0.406712
0.408179
0.409838
0.411698
0.413765
0.416049
0.418553
0.421281
0.424235
0.427408
0.430792
0.434363
0.438088
0.441906
0.445726
0.449363
0.452455
0.455014
0.456233
0.44404
0.408188
0.394777
0.416103
0.42437
0.428793
0.431082
0.43217
0.432513
0.432357
0.431828
0.431041
0.430105
0.42908
0.427983
0.426842
0.425682
0.424517
0.423356
0.422206
0.421072
0.419959
0.418868
0.417802
0.416764
0.415753
0.414773
0.413825
0.41291
0.412021
0.41115
0.410294
0.409459
0.408657
0.407904
0.407201
0.406538
0.405908
0.405306
0.404733
0.40419
0.403679
0.403203
0.402764
0.402365
0.402008
0.401697
0.401434
0.401222
0.401062
0.400949
0.400879
0.400895
0.401045
0.401325
0.401728
0.402263
0.402941
0.403771
0.404763
0.405926
0.407271
0.408808
0.410547
0.4125
0.414676
0.417084
0.419735
0.422636
0.425795
0.429219
0.432911
0.436878
0.441124
0.445665
0.450572
0.455891
0.461572
0.468112
0.475328
0.477317
0.479438
0.40492
0.419934
0.427005
0.431334
0.433425
0.434295
0.434429
0.434085
0.433411
0.432506
0.431444
0.430282
0.42906
0.427818
0.426576
0.425342
0.424121
0.422918
0.421737
0.420581
0.419452
0.418351
0.41728
0.416243
0.415242
0.41428
0.413347
0.412428
0.411522
0.41064
0.409792
0.408985
0.408223
0.407508
0.406835
0.406198
0.405592
0.405017
0.404473
0.403962
0.403487
0.403051
0.402655
0.402303
0.401997
0.401742
0.401541
0.401394
0.401296
0.40124
0.401249
0.401394
0.401704
0.402156
0.402742
0.403471
0.404354
0.405403
0.40663
0.408045
0.409662
0.411491
0.413546
0.415838
0.418379
0.421182
0.424259
0.427623
0.431286
0.435266
0.43958
0.444249
0.449344
0.455061
0.46147
0.468416
0.475844
0.483797
0.492392
0.505815
0.424862
0.430286
0.433749
0.43594
0.436882
0.437091
0.4368
0.436159
0.435269
0.434196
0.432992
0.431681
0.430309
0.428938
0.427598
0.426285
0.424997
0.423736
0.422504
0.421302
0.420131
0.418993
0.417889
0.416825
0.415803
0.414817
0.413847
0.41289
0.411961
0.411068
0.410213
0.409397
0.408624
0.407898
0.407215
0.406572
0.405963
0.405387
0.404845
0.404338
0.403868
0.403438
0.403051
0.40271
0.402417
0.402177
0.401994
0.401869
0.401801
0.401784
0.401819
0.401956
0.402258
0.402742
0.403387
0.404179
0.405126
0.406241
0.407539
0.409033
0.410736
0.412662
0.414824
0.417235
0.419911
0.422864
0.42611
0.429664
0.433544
0.43777
0.442361
0.447353
0.452906
0.459166
0.466149
0.473759
0.481856
0.490473
0.499829
0.510981
0.436167
0.438245
0.439642
0.440197
0.440154
0.439741
0.439042
0.438124
0.437046
0.435843
0.43452
0.433067
0.431559
0.430084
0.428661
0.427277
0.425927
0.424612
0.423332
0.422087
0.420877
0.419704
0.41857
0.417479
0.416433
0.415409
0.414398
0.413417
0.412474
0.411571
0.410705
0.40988
0.409098
0.408362
0.407671
0.407022
0.406412
0.405839
0.405301
0.404802
0.404342
0.403924
0.403551
0.403227
0.402955
0.402738
0.402582
0.402489
0.402458
0.40249
0.402585
0.40276
0.403056
0.403532
0.40421
0.405068
0.406086
0.407273
0.408647
0.410224
0.412017
0.414041
0.41631
0.418839
0.421643
0.424737
0.428136
0.431857
0.435918
0.440338
0.445138
0.450375
0.45619
0.46272
0.470014
0.477902
0.486221
0.494918
0.504061
0.513676
0.440549
0.441909
0.442598
0.442621
0.442222
0.441543
0.440651
0.439608
0.438453
0.43718
0.435756
0.434213
0.432649
0.43113
0.429659
0.428227
0.426833
0.425478
0.424161
0.422883
0.421642
0.420439
0.419277
0.418157
0.417077
0.41602
0.414986
0.41399
0.413035
0.41212
0.411245
0.410412
0.409622
0.408879
0.408183
0.407532
0.406923
0.406355
0.405826
0.405338
0.404893
0.404494
0.404142
0.403842
0.403597
0.403412
0.403291
0.403237
0.403252
0.403337
0.403498
0.403745
0.404095
0.404579
0.405256
0.406153
0.407238
0.408497
0.409946
0.411605
0.413487
0.415608
0.417981
0.420622
0.423544
0.426764
0.430295
0.434154
0.438356
0.442917
0.447856
0.453254
0.459195
0.465821
0.473158
0.480996
0.489174
0.497608
0.506214
0.514741
0.441171
0.442558
0.443223
0.443308
0.442975
0.442335
0.441481
0.440489
0.439349
0.438034
0.436576
0.435046
0.433508
0.431993
0.43051
0.429061
0.427648
0.426274
0.424938
0.423639
0.422378
0.421155
0.419968
0.418818
0.417703
0.416623
0.415579
0.414573
0.413609
0.412687
0.411806
0.410968
0.410174
0.409428
0.40873
0.40808
0.407475
0.406915
0.406399
0.405928
0.405504
0.405128
0.404804
0.404535
0.404325
0.404179
0.4041
0.404092
0.40416
0.404305
0.404533
0.404855
0.405286
0.405838
0.406542
0.407458
0.40859
0.40991
0.411428
0.413164
0.415132
0.417345
0.419816
0.422559
0.425587
0.428915
0.432556
0.436523
0.440829
0.445486
0.450512
0.455966
0.461938
0.468556
0.475769
0.483392
0.491273
0.499298
0.507327
0.51511
0.440226
0.441785
0.442661
0.442987
0.442877
0.442426
0.441718
0.440805
0.43969
0.438409
0.43703
0.435583
0.434105
0.432624
0.431161
0.429724
0.428318
0.426946
0.42561
0.424309
0.423043
0.421811
0.420612
0.419445
0.418307
0.417206
0.416149
0.415136
0.414166
0.413241
0.412359
0.411521
0.41073
0.409987
0.409292
0.408647
0.408052
0.407505
0.407007
0.406558
0.406159
0.405813
0.405522
0.40529
0.405121
0.405018
0.404987
0.405031
0.405156
0.405365
0.405665
0.406065
0.406578
0.407218
0.408
0.408961
0.410125
0.411494
0.413077
0.414886
0.416933
0.41923
0.42179
0.424625
0.427746
0.431165
0.434893
0.43894
0.443315
0.448027
0.453097
0.45855
0.464485
0.471003
0.478015
0.485359
0.492893
0.500494
0.508014
0.515251
0.439386
0.440967
0.44196
0.442454
0.442521
0.442227
0.441625
0.440747
0.439661
0.438453
0.437174
0.435826
0.434426
0.433006
0.431591
0.430191
0.428815
0.427466
0.426147
0.424859
0.423602
0.422376
0.42118
0.420015
0.418873
0.417755
0.416681
0.41566
0.414689
0.413764
0.412886
0.412055
0.411272
0.410538
0.409855
0.409224
0.408645
0.408117
0.407641
0.407218
0.40685
0.406537
0.406284
0.406093
0.405967
0.405912
0.405932
0.406032
0.406218
0.406495
0.40687
0.407351
0.40795
0.408682
0.409561
0.410586
0.411789
0.41321
0.41486
0.416741
0.418865
0.421241
0.423881
0.426796
0.429996
0.43349
0.437285
0.441388
0.445804
0.450535
0.455602
0.461028
0.466896
0.473263
0.48004
0.487088
0.494277
0.501488
0.508587
0.515414
0.439115
0.440628
0.441608
0.442128
0.442249
0.442022
0.441485
0.440664
0.439623
0.438461
0.437217
0.435908
0.434559
0.433197
0.431837
0.430488
0.429155
0.427845
0.426559
0.425299
0.424066
0.422858
0.421674
0.420511
0.419362
0.418239
0.417163
0.416144
0.415179
0.414263
0.413396
0.412577
0.411809
0.411091
0.410425
0.409813
0.409255
0.408751
0.408301
0.407908
0.407571
0.407295
0.407081
0.406932
0.406853
0.406848
0.406922
0.407082
0.407333
0.407681
0.408132
0.408697
0.409384
0.41021
0.411172
0.412262
0.413526
0.415017
0.41674
0.418697
0.420897
0.42335
0.426065
0.429051
0.432317
0.43587
0.439715
0.443855
0.44829
0.453018
0.458052
0.46343
0.469214
0.475412
0.481949
0.48871
0.495582
0.502456
0.509214
0.515731
0.439217
0.440666
0.4416
0.442094
0.442208
0.441998
0.441505
0.44076
0.439804
0.438685
0.437445
0.436139
0.434811
0.433475
0.432138
0.430809
0.429494
0.4282
0.426928
0.425681
0.424459
0.423262
0.422085
0.420925
0.419785
0.41868
0.417624
0.416621
0.415669
0.414768
0.413916
0.413114
0.412363
0.411664
0.411019
0.410428
0.409892
0.409413
0.408991
0.408627
0.408324
0.408084
0.407911
0.407806
0.407776
0.407824
0.407956
0.408179
0.408497
0.408919
0.40945
0.410099
0.410874
0.41177
0.412787
0.41395
0.415305
0.416881
0.418685
0.420721
0.422998
0.425524
0.42831
0.431361
0.434684
0.438285
0.442167
0.446329
0.450769
0.455481
0.460467
0.465779
0.471465
0.477498
0.483809
0.490311
0.496904
0.503493
0.509979
0.516262
0.439415
0.440829
0.44175
0.442241
0.442363
0.442167
0.441695
0.440989
0.440087
0.439026
0.437845
0.436585
0.435282
0.433957
0.432622
0.431289
0.429967
0.428662
0.42738
0.426122
0.424892
0.423689
0.422515
0.421368
0.420252
0.419172
0.418134
0.417145
0.416205
0.415316
0.414479
0.413692
0.412958
0.412277
0.411651
0.411081
0.410569
0.410115
0.40972
0.409387
0.409117
0.408915
0.408783
0.408726
0.408747
0.408851
0.409045
0.409331
0.409718
0.410216
0.410823
0.411537
0.412365
0.413312
0.414398
0.415658
0.417114
0.418781
0.420669
0.422784
0.425137
0.427735
0.430586
0.433696
0.43707
0.440711
0.444621
0.448797
0.453235
0.457926
0.462861
0.468093
0.47367
0.479548
0.48566
0.491933
0.498288
0.504642
0.510913
0.51702
0.439616
0.44096
0.441863
0.442364
0.442512
0.442344
0.441905
0.441239
0.440382
0.43937
0.438244
0.437031
0.43576
0.434459
0.433143
0.431822
0.430506
0.429205
0.427922
0.426664
0.425432
0.424229
0.423057
0.421918
0.420812
0.419743
0.418717
0.417737
0.416807
0.415928
0.415101
0.414327
0.413608
0.412943
0.412336
0.411787
0.411297
0.410868
0.410501
0.410199
0.409966
0.409804
0.409717
0.409708
0.409779
0.409939
0.410197
0.410548
0.410991
0.411533
0.412182
0.412941
0.413822
0.414845
0.416029
0.41739
0.418941
0.420696
0.422665
0.424859
0.427284
0.42995
0.432861
0.436024
0.439442
0.443117
0.447049
0.451235
0.45567
0.460344
0.465243
0.470389
0.475833
0.481563
0.487505
0.493588
0.499744
0.505907
0.51201
0.517987
0.439939
0.441111
0.44192
0.442384
0.442533
0.442396
0.442004
0.441394
0.440596
0.439642
0.438571
0.437409
0.43618
0.434917
0.433632
0.432335
0.431038
0.42975
0.428478
0.427229
0.426006
0.424812
0.423649
0.422518
0.421423
0.420367
0.419352
0.418384
0.417466
0.416598
0.415783
0.415023
0.414317
0.413667
0.413078
0.412552
0.412087
0.411684
0.411344
0.411074
0.410875
0.410757
0.410719
0.410757
0.410871
0.411068
0.411355
0.411736
0.412216
0.412795
0.413488
0.414313
0.415278
0.416392
0.417669
0.41912
0.420759
0.422597
0.424645
0.426912
0.429406
0.432134
0.4351
0.43831
0.441766
0.445469
0.449418
0.45361
0.458039
0.462698
0.467576
0.472663
0.477979
0.483545
0.489328
0.495256
0.501254
0.507265
0.513239
0.519123
0.440558
0.44145
0.44207
0.442416
0.442502
0.442346
0.44197
0.441397
0.440655
0.439768
0.43876
0.437662
0.436493
0.435275
0.434032
0.432774
0.431512
0.430254
0.429008
0.427781
0.426578
0.425402
0.424254
0.423139
0.42206
0.421019
0.42002
0.419067
0.418161
0.417306
0.416504
0.415756
0.415065
0.414436
0.41387
0.413372
0.412938
0.412562
0.412247
0.411999
0.411823
0.41172
0.411695
0.41175
0.411889
0.412114
0.412426
0.412839
0.413367
0.414011
0.41478
0.415682
0.416726
0.417922
0.419281
0.420815
0.422534
0.424449
0.426571
0.428906
0.431463
0.434246
0.437261
0.440512
0.444
0.447725
0.451686
0.455879
0.460299
0.464939
0.46979
0.474842
0.480086
0.485521
0.491142
0.496908
0.502766
0.508661
0.514543
0.520367
0.441464
0.442015
0.442395
0.442569
0.442535
0.442307
0.441897
0.441324
0.440604
0.439757
0.438804
0.437766
0.436659
0.435497
0.434303
0.433092
0.431873
0.430657
0.429451
0.428263
0.427097
0.425953
0.424833
0.423741
0.422684
0.421663
0.420683
0.419746
0.418856
0.418015
0.417225
0.416491
0.415814
0.415198
0.41464
0.414139
0.413703
0.413333
0.413033
0.412803
0.412645
0.412557
0.412544
0.41262
0.412791
0.41306
0.413428
0.413902
0.414491
0.415199
0.416035
0.417006
0.418121
0.419391
0.420825
0.422433
0.424225
0.426211
0.428398
0.430795
0.433406
0.436239
0.439296
0.442581
0.446094
0.449835
0.453802
0.457992
0.462399
0.467016
0.471834
0.476844
0.482035
0.487395
0.4929
0.498532
0.504261
0.510044
0.515834
0.521592
0.443002
0.443075
0.443071
0.442962
0.442731
0.44237
0.441878
0.441261
0.440529
0.439692
0.438764
0.437761
0.436696
0.435583
0.434439
0.433274
0.432097
0.430919
0.429748
0.428587
0.42744
0.426315
0.425217
0.424148
0.423112
0.422113
0.421153
0.420237
0.419365
0.418543
0.417771
0.417053
0.41639
0.415785
0.415236
0.41474
0.414305
0.413947
0.413666
0.41346
0.41333
0.413278
0.41331
0.413431
0.413647
0.413961
0.414378
0.414904
0.415546
0.416311
0.417206
0.418239
0.41942
0.420756
0.422256
0.42393
0.425787
0.427833
0.430078
0.432527
0.435186
0.43806
0.441151
0.444463
0.447995
0.451746
0.455715
0.459897
0.464287
0.468877
0.473659
0.478623
0.483756
0.489044
0.49447
0.500012
0.505642
0.511327
0.517033
0.522732
0.444968
0.44451
0.44407
0.443622
0.443139
0.442594
0.441972
0.441268
0.440483
0.439621
0.43869
0.437699
0.436657
0.435575
0.434463
0.433332
0.43219
0.431044
0.4299
0.428762
0.427634
0.426528
0.42545
0.424403
0.423389
0.422411
0.421471
0.420574
0.419722
0.418918
0.418165
0.417464
0.41682
0.416232
0.415704
0.415237
0.414835
0.414505
0.41425
0.41407
0.413967
0.413946
0.414011
0.414167
0.414418
0.414771
0.41523
0.415801
0.416491
0.417306
0.418254
0.419343
0.420579
0.421972
0.423529
0.425259
0.427169
0.429267
0.431559
0.434051
0.436749
0.439655
0.442773
0.446103
0.449647
0.453403
0.457369
0.461539
0.465909
0.47047
0.475215
0.480133
0.485211
0.490436
0.495791
0.501256
0.50681
0.512427
0.518086
0.523766
0.446873
0.44596
0.445155
0.444406
0.443673
0.442929
0.442155
0.441342
0.440482
0.439574
0.43862
0.437622
0.436588
0.435523
0.434434
0.433329
0.432215
0.431097
0.429982
0.428874
0.427779
0.426704
0.425653
0.42463
0.423638
0.42268
0.42176
0.420881
0.420046
0.419258
0.418521
0.417836
0.417207
0.416635
0.416124
0.415676
0.415294
0.414983
0.414747
0.414587
0.414507
0.414512
0.414604
0.414789
0.415072
0.415458
0.415953
0.416562
0.417292
0.418149
0.419141
0.420274
0.421556
0.422995
0.424597
0.426371
0.428324
0.430461
0.43279
0.435315
0.43804
0.440969
0.444104
0.447447
0.450996
0.45475
0.458707
0.462862
0.46721
0.471742
0.47645
0.481325
0.486355
0.491526
0.496824
0.502231
0.507732
0.513307
0.518941
0.524619
0.448633
0.447307
0.446156
0.445119
0.444151
0.44322
0.442306
0.44139
0.440459
0.439505
0.438523
0.437516
0.436484
0.435431
0.434361
0.43328
0.432191
0.4311
0.430012
0.428931
0.427863
0.426812
0.425783
0.424781
0.423808
0.422868
0.421966
0.421103
0.420284
0.419511
0.418789
0.418118
0.417503
0.416945
0.416448
0.416015
0.41565
0.415355
0.415135
0.414993
0.414932
0.414956
0.41507
0.415277
0.415585
0.415997
0.416519
0.417157
0.417917
0.418806
0.41983
0.420996
0.422312
0.423784
0.425419
0.427225
0.429207
0.431372
0.433725
0.436271
0.439014
0.441956
0.4451
0.448445
0.451993
0.45574
0.459684
0.46382
0.468144
0.472647
0.477321
0.482157
0.487144
0.49227
0.497522
0.502886
0.508349
0.513897
0.519518
0.525204
0.450271
0.4486
0.447141
0.445841
0.444659
0.443561
0.442516
0.441502
0.4405
0.4395
0.43849
0.437466
0.436425
0.435369
0.434303
0.433231
0.432157
0.431081
0.43001
0.428946
0.427895
0.426862
0.425849
0.424863
0.423905
0.422979
0.422089
0.421238
0.420428
0.419666
0.418954
0.418294
0.417688
0.41714
0.416653
0.416231
0.415876
0.415593
0.415385
0.415256
0.415208
0.415246
0.415373
0.415596
0.415919
0.416348
0.416888
0.417544
0.418323
0.419232
0.420276
0.421463
0.422798
0.42429
0.425944
0.427767
0.429765
0.431943
0.434308
0.436862
0.43961
0.442554
0.445695
0.449035
0.452573
0.456306
0.460232
0.464347
0.468645
0.473119
0.477761
0.482562
0.487513
0.492601
0.497817
0.503148
0.508584
0.514114
0.51973
0.525426
0.451271
0.449413
0.447748
0.446257
0.444919
0.4437
0.442564
0.441483
0.440435
0.439406
0.438384
0.437359
0.436327
0.435287
0.434238
0.433183
0.432124
0.431064
0.430008
0.428959
0.427922
0.426901
0.4259
0.424923
0.423975
0.423057
0.422176
0.421332
0.420531
0.419775
0.419069
0.418415
0.417815
0.417271
0.416789
0.416371
0.416021
0.415743
0.41554
0.415416
0.415372
0.415413
0.415546
0.415775
0.416105
0.416541
0.417089
0.417754
0.418542
0.41946
0.420513
0.421709
0.423054
0.424554
0.426215
0.428045
0.430048
0.432231
0.434597
0.437152
0.439897
0.442837
0.445973
0.449304
0.45283
0.45655
0.46046
0.464556
0.468834
0.473285
0.477904
0.48268
0.487605
0.492669
0.497862
0.503172
0.508591
0.51411
0.519728
0.525445
0.452147
0.450101
0.448282
0.446676
0.445256
0.443973
0.442785
0.441662
0.440582
0.439527
0.438486
0.437449
0.43641
0.435368
0.434319
0.433263
0.432203
0.431143
0.430086
0.429038
0.428001
0.42698
0.425979
0.425001
0.424052
0.423135
0.422254
0.421413
0.420613
0.419855
0.419143
0.418483
0.417879
0.417334
0.41685
0.416429
0.416076
0.415793
0.415585
0.415453
0.415404
0.415443
0.415574
0.415801
0.416129
0.416563
0.417109
0.417772
0.418558
0.419473
0.420524
0.421717
0.423058
0.424554
0.426211
0.428035
0.430032
0.432207
0.434565
0.437109
0.439844
0.442772
0.445893
0.44921
0.45272
0.456422
0.460314
0.464392
0.468649
0.47308
0.477677
0.482433
0.487338
0.492382
0.497556
0.502849
0.508252
0.513754
0.519346
0.525014
0.518104
0.531513
0.540481
0.52175
0.531112
0.538891
0.521591
0.529277
0.535298
0.522176
0.528707
0.534016
0.522077
0.52795
0.532955
0.521789
0.527273
0.532073
0.521497
0.52673
0.531417
0.521357
0.52642
0.531046
0.521458
0.526408
0.531007
0.521834
0.526712
0.531308
0.522484
0.527319
0.531931
0.523379
0.528197
0.532845
0.524472
0.529295
0.53399
0.525695
0.530519
0.535228
0.52689
0.531715
0.536453
0.528008
0.532857
0.537674
0.529058
0.533953
0.53885
0.529935
0.534879
0.539846
0.530551
0.535542
0.540574
0.530798
0.535831
0.540917
0.530878
0.535965
0.541072
0.530528
0.535771
0.540949
0.563169
0.562985
0.562516
0.561782
0.561052
0.560581
0.560514
0.560886
0.561656
0.562758
0.564086
0.565506
0.56698
0.568362
0.569412
0.570065
0.570195
0.569375
0.567197
0.562593
0.5547
0.5396
0.513806
0.459539
0.361015
0.563153
0.562789
0.562092
0.561217
0.560443
0.559936
0.559782
0.559997
0.560542
0.561352
0.562343
0.563458
0.564649
0.565763
0.566553
0.56675
0.566186
0.56466
0.561864
0.556941
0.549099
0.536198
0.515956
0.483539
0.43802
0.562529
0.561963
0.561247
0.560533
0.559946
0.559563
0.559424
0.559528
0.559855
0.560369
0.561016
0.561751
0.562525
0.563186
0.563511
0.563358
0.562631
0.561126
0.558464
0.554022
0.547038
0.536352
0.520471
0.497501
0.465911
0.561528
0.560956
0.560387
0.559863
0.559421
0.559119
0.55899
0.559039
0.559253
0.55961
0.560076
0.560622
0.561197
0.561611
0.561681
0.561378
0.560636
0.559193
0.556666
0.552621
0.546514
0.537667
0.525265
0.508601
0.487432
0.560541
0.560052
0.559625
0.559231
0.558896
0.558668
0.558572
0.558611
0.558777
0.559054
0.559423
0.559862
0.560296
0.560531
0.560419
0.55995
0.559076
0.557581
0.555185
0.551575
0.546373
0.539149
0.529464
0.516997
0.501717
0.559614
0.559245
0.55895
0.55867
0.558435
0.558281
0.558227
0.558276
0.558423
0.558657
0.558964
0.559325
0.559644
0.559743
0.559503
0.55894
0.558016
0.556568
0.554388
0.551243
0.546871
0.540999
0.533386
0.523897
0.512612
0.5588
0.558548
0.558375
0.558204
0.558061
0.557977
0.557967
0.558034
0.558176
0.558385
0.55865
0.558955
0.559199
0.55922
0.558929
0.558348
0.557449
0.556108
0.55417
0.551469
0.547828
0.543075
0.537074
0.529774
0.521253
0.558137
0.557991
0.557917
0.557843
0.557782
0.557759
0.557788
0.557872
0.558013
0.558205
0.558442
0.55871
0.558923
0.558919
0.55862
0.558068
0.557241
0.556048
0.554376
0.552106
0.54912
0.545307
0.540591
0.534955
0.52847
0.55763
0.557569
0.557577
0.557585
0.557593
0.557619
0.557676
0.557772
0.55791
0.55809
0.558307
0.558555
0.558769
0.558781
0.55851
0.558019
0.557302
0.556289
0.554897
0.553043
0.550645
0.547634
0.543967
0.539643
0.534718
0.557272
0.557277
0.55735
0.557421
0.557479
0.557539
0.557614
0.557715
0.557847
0.558015
0.558219
0.558457
0.558695
0.558762
0.55856
0.558158
0.557577
0.556766
0.555661
0.554204
0.552342
0.55003
0.547244
0.543988
0.540305
0.557051
0.557106
0.557223
0.557336
0.557425
0.557504
0.557586
0.557683
0.557808
0.557966
0.55816
0.558394
0.558657
0.55883
0.558759
0.558465
0.558035
0.55744
0.556628
0.555555
0.554187
0.552497
0.550469
0.54811
0.54545
0.556951
0.557037
0.557184
0.557318
0.55742
0.557501
0.557578
0.557666
0.557781
0.557933
0.558126
0.558366
0.558654
0.558946
0.559064
0.558932
0.558664
0.558295
0.55778
0.557083
0.55618
0.555055
0.553699
0.552116
0.550327
0.55695
0.557061
0.557222
0.557357
0.557452
0.557519
0.557579
0.557654
0.55776
0.557911
0.558114
0.558374
0.558697
0.559077
0.559413
0.55954
0.559477
0.559337
0.559121
0.558795
0.558339
0.557741
0.556995
0.556103
0.555077
0.557028
0.557164
0.557326
0.55744
0.557503
0.557539
0.557574
0.557634
0.557736
0.557897
0.558125
0.558425
0.558799
0.559248
0.559758
0.560212
0.560481
0.560612
0.560691
0.560724
0.560701
0.560605
0.560426
0.560166
0.559825
0.557157
0.55733
0.557477
0.557539
0.557546
0.557535
0.557539
0.557586
0.557698
0.557887
0.558163
0.55853
0.55899
0.559539
0.560174
0.560876
0.561545
0.562096
0.562541
0.562944
0.563348
0.563729
0.564081
0.564406
0.564695
0.557281
0.55751
0.557615
0.557585
0.557511
0.557446
0.557428
0.557482
0.557628
0.557876
0.558234
0.558705
0.55929
0.559985
0.560783
0.561676
0.562642
0.563623
0.564566
0.565472
0.56635
0.567207
0.568068
0.568945
0.569816
0.557312
0.557652
0.557643
0.557456
0.557282
0.557181
0.557175
0.557281
0.557507
0.557862
0.558348
0.558969
0.559726
0.560615
0.561631
0.562765
0.564001
0.56532
0.566717
0.568147
0.569566
0.57099
0.572424
0.573856
0.575279
0.556273
0.556913
0.556965
0.556728
0.556575
0.556564
0.556683
0.556934
0.557321
0.557849
0.558524
0.559351
0.56033
0.561465
0.56275
0.564179
0.565742
0.567423
0.569209
0.571078
0.573015
0.575013
0.577034
0.579042
0.581038
0.549592
0.553122
0.554136
0.55461
0.555031
0.555451
0.555909
0.556446
0.557095
0.557874
0.558801
0.559885
0.561136
0.562558
0.564151
0.565912
0.567831
0.569899
0.572098
0.574413
0.576823
0.579309
0.581846
0.584406
0.586971
0.545207
0.54872
0.550826
0.552227
0.553298
0.554211
0.555074
0.555963
0.556929
0.558011
0.559235
0.560621
0.562182
0.563926
0.565858
0.567976
0.570274
0.572741
0.575364
0.578123
0.580998
0.583965
0.586999
0.59007
0.593152
0.540719
0.544854
0.547857
0.550037
0.551676
0.553059
0.554339
0.555606
0.556926
0.558349
0.559911
0.561637
0.563546
0.565649
0.567952
0.570457
0.573157
0.576043
0.5791
0.582311
0.585652
0.589098
0.59262
0.596186
0.599766
0.538776
0.542725
0.545878
0.548426
0.550435
0.552199
0.55386
0.555502
0.557191
0.558981
0.560909
0.563006
0.565292
0.567782
0.570483
0.573397
0.576518
0.579837
0.583341
0.587008
0.590816
0.594736
0.598738
0.602788
0.60685
0.537515
0.541457
0.544642
0.547312
0.549604
0.551708
0.553731
0.555744
0.557811
0.559983
0.562298
0.564789
0.567476
0.570374
0.573492
0.576831
0.580388
0.584151
0.588107
0.592234
0.596508
0.600899
0.605374
0.609897
0.61443
0.536541
0.54055
0.543852
0.546663
0.549218
0.551642
0.554015
0.556399
0.55885
0.561415
0.564132
0.567032
0.570135
0.573457
0.577005
0.580782
0.584782
0.588996
0.593407
0.597995
0.602732
0.607589
0.61253
0.617518
0.622513
0.53587
0.539975
0.543458
0.54648
0.549289
0.552027
0.55475
0.557506
0.560346
0.563312
0.566441
0.569759
0.573289
0.577044
0.581031
0.585252
0.589701
0.594367
0.599234
0.604279
0.609477
0.614794
0.620194
0.62564
0.631087
0.535529
0.539763
0.543446
0.546707
0.549797
0.552862
0.555942
0.559076
0.56231
0.565683
0.569228
0.572972
0.576934
0.581126
0.585556
0.590222
0.595121
0.600239
0.605559
0.611059
0.616711
0.622481
0.628334
0.634229
0.640122
0.535547
0.539937
0.543815
0.547317
0.550721
0.554133
0.557579
0.561096
0.564727
0.568511
0.572476
0.576647
0.581042
0.585672
0.590543
0.595655
0.601
0.606566
0.612335
0.618284
0.624384
0.630601
0.636899
0.643235
0.649566
0.535918
0.540464
0.544547
0.548312
0.552047
0.555813
0.559628
0.56353
0.567561
0.571754
0.576138
0.580735
0.585561
0.590626
0.595936
0.601488
0.607275
0.613284
0.619496
0.625887
0.632428
0.639084
0.645817
0.652587
0.659348
0.53662
0.541304
0.545601
0.549669
0.553738
0.557855
0.562037
0.566323
0.57075
0.57535
0.580149
0.585166
0.590418
0.595913
0.601655
0.607642
0.613864
0.620309
0.626956
0.633781
0.640754
0.64784
0.655001
0.662195
0.669379
0.537628
0.542426
0.546925
0.551312
0.55572
0.560185
0.564732
0.569397
0.574215
0.579215
0.584421
0.589852
0.595522
0.601438
0.607605
0.614017
0.620666
0.627538
0.634612
0.641862
0.649258
0.656764
0.664343
0.671953
0.679549
0.538837
0.543742
0.548471
0.553175
0.557916
0.562722
0.567626
0.572661
0.57786
0.58325
0.588852
0.594686
0.600763
0.607091
0.613671
0.620499
0.627565
0.634854
0.642345
0.65001
0.657819
0.665736
0.673722
0.681735
0.689729
0.540118
0.545181
0.55018
0.555187
0.560241
0.565375
0.570621
0.576012
0.581577
0.587342
0.593327
0.599548
0.606019
0.612743
0.619724
0.626955
0.634427
0.642122
0.650019
0.65809
0.666303
0.674619
0.683001
0.691403
0.699781
0.541444
0.546712
0.551968
0.557251
0.562596
0.568038
0.573608
0.579335
0.585247
0.591367
0.597714
0.604305
0.611151
0.618256
0.625621
0.633241
0.641105
0.649195
0.657488
0.665956
0.674561
0.683266
0.692035
0.700824
0.709578
0.542805
0.548263
0.553739
0.559266
0.564877
0.570601
0.576469
0.582507
0.58874
0.59519
0.601877
0.608814
0.616012
0.623476
0.631207
0.639199
0.64744
0.655913
0.664593
0.673449
0.682442
0.691536
0.700696
0.70987
0.718982
0.544097
0.549713
0.555378
0.56112
0.566966
0.572944
0.579079
0.585397
0.591921
0.598672
0.605668
0.612924
0.620448
0.628246
0.63632
0.644664
0.653266
0.662109
0.671168
0.680411
0.689796
0.699288
0.708846
0.718404
0.727871
0.545193
0.550943
0.55677
0.562698
0.568749
0.574947
0.581315
0.587879
0.594659
0.601676
0.608947
0.616487
0.624305
0.632408
0.640797
0.649468
0.658411
0.667608
0.677036
0.686663
0.696448
0.706345
0.716301
0.72624
0.736065
0.546004
0.551861
0.557819
0.5639
0.570121
0.576501
0.583065
0.589833
0.596829
0.604071
0.611577
0.619361
0.627435
0.635805
0.644475
0.653441
0.662695
0.672223
0.682002
0.691999
0.702175
0.712478
0.722841
0.733177
0.743379
0.546416
0.552357
0.558418
0.564619
0.570973
0.577497
0.584214
0.591146
0.598315
0.605739
0.613437
0.621423
0.62971
0.638307
0.64722
0.656447
0.665983
0.675815
0.685925
0.69628
0.706842
0.717554
0.728343
0.739115
0.749748
0.546574
0.552549
0.558695
0.565
0.571456
0.578083
0.58491
0.591961
0.599255
0.606813
0.614653
0.622791
0.631241
0.640015
0.649118
0.658554
0.668319
0.678404
0.688791
0.699452
0.710348
0.721423
0.732601
0.743777
0.754813
0.546395
0.552277
0.558457
0.56483
0.571346
0.578027
0.584909
0.592019
0.599375
0.606998
0.614906
0.623118
0.631647
0.640507
0.649704
0.659244
0.669124
0.679335
0.689863
0.70068
0.711747
0.723009
0.734389
0.745785
0.757066
-0.00161045
-0.00359592
-0.00408767
-0.00494443
-0.00576065
-0.0061592
-0.00645644
-0.00678139
-0.00713543
-0.00808052
-0.0108817
-0.0138368
-0.0136991
-0.0136041
-0.0143778
-0.0149416
-0.0154266
-0.0159965
-0.0168766
-0.0184628
-0.0195681
-0.0227121
-0.023739
-0.0245629
-0.0259087
-0.0268053
-0.0275398
-0.0283027
-0.0292429
-0.03024
-0.0306132
-0.0336051
-0.0352237
-0.0365369
-0.0381607
-0.0391267
-0.0398609
-0.0405796
-0.0414838
-0.042491
-0.0442201
-0.0472652
-0.0492038
-0.0506617
-0.0521541
-0.0527995
-0.053214
-0.0536341
-0.0543485
-0.0552424
-0.0622515
-0.0653711
-0.066686
-0.0673369
-0.0679618
-0.0677221
-0.0673826
-0.0671778
-0.0675036
-0.068217
-0.0851634
-0.0879386
-0.0877591
-0.0866839
-0.0855943
-0.0837902
-0.0821882
-0.0809831
-0.0806703
-0.0810507
-0.111084
-0.113887
-0.111841
-0.10838
-0.104644
-0.100515
-0.0971066
-0.0945182
-0.0933018
-0.0931713
-0.139198
-0.142437
-0.13813
-0.130957
-0.124048
-0.117046
-0.111343
-0.107025
-0.104655
-0.103796
-0.169023
-0.172318
-0.1656
-0.153489
-0.142564
-0.132209
-0.123795
-0.117446
-0.113694
-0.111887
-0.19785
-0.201156
-0.192114
-0.174057
-0.15852
-0.144538
-0.133129
-0.12447
-0.119059
-0.116244
-0.222254
-0.225546
-0.214838
-0.190634
-0.170171
-0.152518
-0.137989
-0.126898
-0.119823
-0.115791
-0.239995
-0.243039
-0.231916
-0.20177
-0.175939
-0.154737
-0.137083
-0.123528
-0.114734
-0.109225
-0.252041
-0.254134
-0.243447
-0.206682
-0.174568
-0.14975
-0.129004
-0.112938
-0.102264
-0.0953168
-0.261342
-0.26128
-0.249214
-0.203869
-0.164977
-0.136051
-0.112287
-0.0938984
-0.0815671
-0.0732701
-0.269788
-0.265282
-0.246377
-0.190597
-0.144853
-0.112153
-0.0858736
-0.0656886
-0.0520358
-0.0425962
-0.277142
-0.266526
-0.23083
-0.166994
-0.114268
-0.0776673
-0.049287
-0.0279681
-0.0134996
-0.00327637
-0.280613
-0.268741
-0.20101
-0.124616
-0.0699693
-0.0305954
-0.00105488
0.0199294
0.033954
0.0441667
-0.291062
-0.261575
-0.146401
-0.0509467
-0.00134739
0.0340935
0.0600014
0.0774881
0.0891247
0.0981292
-0.301235
-0.157507
-0.00299237
0.067482
0.0937284
0.114026
0.129954
0.140865
0.148529
0.155492
0.152764
0.141087
0.185453
0.193551
0.191897
0.195222
0.200273
0.204514
0.208204
0.212889
0.364266
0.306709
0.287248
0.278549
0.270863
0.266233
0.264394
0.263833
0.264428
0.26715
0.424047
0.384916
0.361858
0.346849
0.334594
0.325527
0.319648
0.316019
0.31458
0.315946
0.461889
0.435158
0.413032
0.396224
0.383063
0.372856
0.365466
0.360429
0.357971
0.358525
0.483728
0.464629
0.447254
0.432575
0.42038
0.410524
0.403001
0.397612
0.394849
0.394994
0.499588
0.485574
0.47205
0.459854
0.44931
0.44054
0.433598
0.428491
0.425887
0.425895
0.511511
0.500977
0.490563
0.480826
0.472125
0.464701
0.45865
0.454177
0.451962
0.451956
0.521113
0.513138
0.505135
0.497487
0.490508
0.484443
0.479385
0.475706
0.473966
0.474008
0.52916
0.52313
0.517034
0.511133
0.505678
0.500861
0.496783
0.493947
0.492711
0.492826
0.536164
0.531672
0.527109
0.52266
0.518515
0.514796
0.511657
0.509636
0.508857
0.509062
0.542466
0.539225
0.535923
0.532694
0.529663
0.526907
0.524671
0.523384
0.522971
0.523286
0.548314
0.546122
0.543883
0.541688
0.539603
0.537707
0.536323
0.535676
0.535551
0.535986
0.553905
0.552616
0.551292
0.549983
0.548716
0.547636
0.547007
0.546874
0.546999
0.547561
0.559402
0.55891
0.558387
0.557845
0.557322
0.557021
0.557032
0.557295
0.557653
0.558345
0.56495
0.565174
0.565358
0.565501
0.565702
0.566096
0.566618
0.567216
0.567791
0.568616
0.570689
0.571555
0.572377
0.573184
0.574068
0.575024
0.575947
0.576853
0.577637
0.578602
0.576723
0.57818
0.579616
0.581062
0.582518
0.583919
0.585193
0.586384
0.587367
0.58847
0.58307
0.585128
0.587161
0.589162
0.591087
0.592881
0.594493
0.595957
0.597119
0.59833
0.589586
0.592226
0.594803
0.597292
0.599652
0.601833
0.603776
0.605506
0.606838
0.608186
0.596296
0.599467
0.602553
0.605513
0.6083
0.61086
0.613126
0.615117
0.616633
0.618148
0.603416
0.607095
0.610668
0.614084
0.61729
0.620225
0.622812
0.625064
0.626764
0.628442
0.61099
0.61516
0.619204
0.623066
0.626684
0.62999
0.632896
0.635408
0.637295
0.639139
0.619047
0.623695
0.6282
0.632499
0.636524
0.640197
0.643422
0.646195
0.64827
0.650287
0.627597
0.632712
0.63767
0.642401
0.646829
0.650869
0.654414
0.657448
0.659715
0.661913
0.63663
0.642206
0.64761
0.652769
0.657599
0.662006
0.665873
0.669173
0.671636
0.674024
0.646116
0.652146
0.657992
0.663576
0.668808
0.673585
0.677779
0.68135
0.684017
0.686607
0.656004
0.662482
0.668766
0.674774
0.680407
0.685557
0.690086
0.693938
0.696821
0.699625
0.666224
0.673146
0.679865
0.686292
0.692325
0.697849
0.70272
0.706866
0.709982
0.713014
0.676687
0.684047
0.691196
0.698035
0.704459
0.710354
0.715577
0.720032
0.7234
0.726678
0.687278
0.695063
0.702623
0.709857
0.716662
0.722929
0.728517
0.7333
0.736947
0.740484
0.697858
0.706044
0.713988
0.721588
0.728755
0.735392
0.741362
0.746496
0.750451
0.754251
0.708294
0.716847
0.725129
0.73306
0.740567
0.747555
0.753896
0.759381
0.763673
0.767717
0.718444
0.727325
0.735916
0.744142
0.751936
0.759211
0.765851
0.771633
0.776233
0.780425
0.728183
0.737372
0.746236
0.754702
0.7627
0.770143
0.776932
0.782857
0.787596
0.791658
0.737396
0.74687
0.755963
0.76459
0.772667
0.780105
0.786827
0.792637
0.797202
0.800744
0.745912
0.755655
0.764933
0.773629
0.781619
0.788806
0.795151
0.800494
0.804541
0.807443
0.753578
0.763606
0.773046
0.781725
0.789457
0.796129
0.801683
0.805971
0.808932
0.810987
0.760358
0.770724
0.780345
0.788951
0.7963
0.802254
0.806536
0.80902
0.810298
0.811253
0.765796
0.776481
0.786292
0.79482
0.801744
0.806767
0.809384
0.810019
0.810109
0.810472
0.768234
0.779061
0.789028
0.797637
0.804273
0.808252
0.809669
0.809906
0.810027
0.810197
)
;

boundaryField
{
    inlet
    {
        type            zeroGradient;
    }
    outlet
    {
        type            fixedValue;
        value           uniform 0;
    }
    walls
    {
        type            zeroGradient;
    }
    baffle
    {
        type            zeroGradient;
    }
    front
    {
        type            empty;
    }
    back
    {
        type            empty;
    }
}


// ************************************************************************* //
