/*--------------------------------*- C++ -*----------------------------------*\
| =========                 |                                                 |
| \\      /  F ield         | OpenFOAM: The Open Source CFD Toolbox           |
|  \\    /   O peration     | Version:  v2012                                 |
|   \\  /    A nd           | Website:  www.openfoam.com                      |
|    \\/     M anipulation  |                                                 |
\*---------------------------------------------------------------------------*/
FoamFile
{
    version     2.0;
    format      ascii;
    class       volScalarField;
    location    "2000";
    object      k;
}
// * * * * * * * * * * * * * * * * * * * * * * * * * * * * * * * * * * * * * //

dimensions      [0 2 -2 0 0 0 0];


internalField   nonuniform List<scalar> 
6502
(
0.0672357
0.0910077
0.108954
0.113363
0.114315
0.114316
0.113366
0.10896
0.0910174
0.0672398
0.040011
0.0571936
0.0881631
0.100691
0.104152
0.104158
0.100711
0.0881988
0.0572203
0.0400247
0.0262826
0.0357527
0.0690667
0.0881636
0.0946538
0.0946723
0.0882169
0.0691435
0.0357927
0.0263151
0.0177348
0.0229153
0.0535302
0.0764374
0.0856776
0.085717
0.0765404
0.0536515
0.0229668
0.0177916
0.0123176
0.0152756
0.0417332
0.066001
0.0772634
0.077332
0.0661646
0.0418978
0.0153366
0.0123999
0.00912708
0.0106755
0.0330384
0.057036
0.0695028
0.0696092
0.0572716
0.0332476
0.0107453
0.00923747
0.00723335
0.00783555
0.0266705
0.0494629
0.0624449
0.0625977
0.0497809
0.0269246
0.00791505
0.00737503
0.00606117
0.00601207
0.0219515
0.0431135
0.0560923
0.0562997
0.0435224
0.0222534
0.00610479
0.0062404
0.00531498
0.0047883
0.0183936
0.0377896
0.0504155
0.0506843
0.0382995
0.0187484
0.00489631
0.0055439
0.00481484
0.00393615
0.0156614
0.0332907
0.0453587
0.0457012
0.0339234
0.016073
0.00406225
0.00510975
0.00445136
0.00332041
0.013517
0.0294674
0.0408568
0.041287
0.0302288
0.0139979
0.00346846
0.00483189
0.00416398
0.00285893
0.0117968
0.0261952
0.036851
0.0373796
0.0271055
0.0123581
0.00303398
0.00465541
0.00391872
0.0024995
0.0103709
0.0233681
0.0332818
0.0339147
0.02446
0.0110431
0.00270892
0.00455408
0.00369269
0.00220875
0.0091609
0.0209035
0.0300904
0.0308209
0.0222278
0.00996717
0.00246147
0.00451436
0.00347016
0.00196518
0.00811672
0.0187366
0.0272209
0.028052
0.0202969
0.00910591
0.00228677
0.00453267
0.00324142
0.00175471
0.00720282
0.0168159
0.0246236
0.025565
0.018613
0.0084124
0.00217872
0.00461708
0.0030003
0.00156764
0.00639048
0.0150843
0.022271
0.0233228
0.0171408
0.00785937
0.00212551
0.00478643
0.00274291
0.0013972
0.00565912
0.0135096
0.020126
0.0212919
0.0158508
0.00742945
0.00212595
0.00507194
0.00246767
0.00123864
0.00499371
0.0120653
0.0181584
0.0194423
0.0147167
0.00711017
0.0021877
0.00556324
0.00217624
0.00108891
0.00438404
0.0107323
0.0163465
0.0177474
0.013718
0.00689754
0.0023078
0.00593154
0.00187306
0.00094568
0.00382014
0.00948875
0.014654
0.0161703
0.0128274
0.00679937
0.00237649
0.0018979
0.0015695
0.000810112
0.00330399
0.00833853
0.0130857
0.0147054
0.0120243
0.00678481
0.00259897
0.00120765
0.00127944
0.000683612
0.00283505
0.00728022
0.0116302
0.0133378
0.0112768
0.00680015
0.00291297
0.00120287
0.00101362
0.000567825
0.00241298
0.00631425
0.0102837
0.0120579
0.0105638
0.00681021
0.00327022
0.00142724
0.000778749
0.000464116
0.00203681
0.00543996
0.00904529
0.010859
0.0098718
0.00679312
0.0036347
0.00175518
0.000578104
0.000373266
0.0017047
0.00465488
0.00791244
0.00973326
0.00918979
0.00673346
0.00397483
0.00212995
0.000412502
0.000295457
0.0014142
0.00395512
0.00688235
0.00867864
0.00851217
0.00661604
0.00426436
0.00251477
0.000280883
0.000230348
0.00116259
0.00333602
0.00595334
0.00771337
0.00784193
0.00643904
0.00448585
0.00288044
0.000180712
0.000177168
0.000947015
0.00279253
0.00511972
0.00682203
0.0071825
0.0062073
0.00462842
0.00320213
0.000108316
0.000134786
0.00076444
0.00231914
0.00437628
0.00600315
0.00653971
0.00592675
0.00469019
0.0034604
5.91985e-05
0.000101801
0.000611625
0.00190989
0.00371671
0.00525504
0.00592006
0.00560385
0.00467417
0.00364578
2.84893e-05
7.66747e-05
0.000485252
0.00155888
0.00313443
0.00457527
0.00532887
0.00525017
0.00458788
0.00375425
1.13558e-05
5.78397e-05
0.000381949
0.00126045
0.00262294
0.00396047
0.00477073
0.00487889
0.0044461
0.00379191
3.54348e-06
4.38755e-05
0.000298442
0.00100917
0.0021759
0.00340618
0.00424787
0.00450175
0.00426008
0.00376734
2.11037e-06
3.36971e-05
0.000231801
0.000800011
0.0017875
0.00290753
0.00376046
0.00412772
0.00404397
0.00369473
4.26089e-06
2.63228e-05
0.000179291
0.000628282
0.00145268
0.0024599
0.00330692
0.00376251
0.00381083
0.0035865
6.96905e-06
2.08046e-05
0.000138252
0.000489225
0.00116691
0.00205918
0.00288446
0.00340797
0.00356897
0.0034553
9.45752e-06
1.64389e-05
0.000105751
0.000377331
0.000925423
0.00170191
0.00249011
0.00306328
0.0033227
0.00331041
1.17379e-05
1.31327e-05
8.04407e-05
0.000288606
0.000724355
0.00138602
0.00212184
0.0027261
0.00307186
0.0031563
1.32466e-05
1.06062e-05
6.10988e-05
0.000219687
0.00056044
0.001111
0.00177968
0.00239428
0.00281309
0.00299178
1.33678e-05
8.51272e-06
4.62089e-05
0.000166319
0.000429156
0.000876274
0.00146571
0.00206782
0.00254222
0.00281125
1.31006e-05
6.8488e-06
3.48324e-05
0.000124568
0.000325329
0.000680273
0.00118333
0.00175002
0.00225705
0.00260697
1.26148e-05
5.5426e-06
2.62317e-05
9.30285e-05
0.000244569
0.000520667
0.000936484
0.00144809
0.00196039
0.00237313
1.14561e-05
4.46581e-06
1.97284e-05
6.95571e-05
0.000181681
0.000394457
0.000729882
0.00117527
0.00166597
0.00211444
1.01836e-05
3.58465e-06
1.47732e-05
5.18396e-05
0.000134946
0.000295061
0.000559567
0.000933632
0.00138188
0.0018362
9.20394e-06
2.90783e-06
1.10142e-05
3.83517e-05
9.94279e-05
0.000216182
0.000420438
0.000724064
0.00111518
0.00154921
8.43127e-06
2.40437e-06
8.23163e-06
2.82761e-05
7.3014e-05
0.000158152
0.000307252
0.000546218
0.000872661
0.00126448
7.84397e-06
2.05631e-06
6.20596e-06
2.08846e-05
5.35591e-05
0.000115279
0.000222679
0.000399578
0.000660757
0.000995524
7.44476e-06
1.80031e-06
4.75523e-06
1.55983e-05
3.95714e-05
8.42948e-05
0.000161222
0.00028715
0.000484386
0.000756034
7.06877e-06
1.59742e-06
3.7503e-06
1.19887e-05
2.97641e-05
6.23602e-05
0.00011744
0.00020653
0.000345643
0.000554824
6.56747e-06
1.41863e-06
3.05285e-06
9.54017e-06
2.31903e-05
4.72346e-05
8.65293e-05
0.000149577
0.000246829
0.000393896
5.82785e-06
1.23116e-06
2.53215e-06
7.77306e-06
1.85377e-05
3.68639e-05
6.56194e-05
0.000109526
0.000176326
0.000278933
4.78522e-06
1.01145e-06
2.07937e-06
6.30514e-06
1.47806e-05
2.8813e-05
5.01834e-05
8.1752e-05
0.000128194
0.000196759
3.50104e-06
7.59243e-07
1.62901e-06
4.9038e-06
1.13177e-05
2.17031e-05
3.72294e-05
5.97962e-05
9.24132e-05
0.000139581
2.17526e-06
4.99835e-07
1.16532e-06
3.49409e-06
7.94736e-06
1.50393e-05
2.55481e-05
4.07717e-05
6.2713e-05
9.42743e-05
1.07019e-06
2.734e-07
7.21219e-07
2.15551e-06
4.82829e-06
9.03206e-06
1.52571e-05
2.43267e-05
3.74886e-05
5.65189e-05
3.66979e-07
1.13461e-07
3.57816e-07
1.06303e-06
2.33753e-06
4.32433e-06
7.28266e-06
1.16402e-05
1.80331e-05
2.73585e-05
6.33194e-08
3.26946e-08
1.27155e-07
3.68793e-07
7.93961e-07
1.45909e-06
2.46352e-06
3.96382e-06
6.18805e-06
9.45455e-06
2.37968e-09
5.87774e-09
2.83479e-08
8.748e-08
2.04009e-07
4.05739e-07
7.31174e-07
1.2339e-06
1.98567e-06
3.0781e-06
9.92508e-10
1.84877e-09
2.55599e-08
1.46493e-07
4.61401e-07
1.0868e-06
2.16144e-06
3.86332e-06
6.41459e-06
1.00747e-05
0.000616571
0.000201613
0.000157003
0.000100685
6.36618e-05
4.04142e-05
2.67539e-05
1.84634e-05
1.30499e-05
9.32062e-06
6.62446e-06
4.59974e-06
3.05447e-06
1.89155e-06
1.05652e-06
5.05118e-07
1.86864e-07
4.3378e-08
9.36621e-09
2.44979e-08
3.98143e-08
3.7892e-08
2.32286e-08
8.40848e-09
1.48136e-09
0.000335425
8.64547e-05
3.58528e-05
1.94756e-05
1.17068e-05
7.35942e-06
4.83634e-06
3.3163e-06
2.34806e-06
1.69849e-06
1.24045e-06
9.02814e-07
6.46172e-07
4.48766e-07
2.97976e-07
1.92023e-07
1.20669e-07
7.53354e-08
4.81881e-08
3.20892e-08
2.11107e-08
1.24942e-08
5.96037e-09
2.82273e-09
9.64957e-09
0.000423296
0.000134349
5.26048e-05
2.46197e-05
1.3573e-05
8.2077e-06
5.28235e-06
3.60191e-06
2.61247e-06
2.01767e-06
1.64555e-06
1.39424e-06
1.20318e-06
1.0371e-06
8.77932e-07
7.21785e-07
5.68545e-07
4.22953e-07
2.92503e-07
1.842e-07
1.02124e-07
4.68494e-08
1.6219e-08
6.63298e-09
2.77751e-08
0.000606175
0.000245934
0.000107385
5.33293e-05
2.98073e-05
1.82169e-05
1.18096e-05
8.12423e-06
5.9995e-06
4.77933e-06
4.06251e-06
3.60368e-06
3.25362e-06
2.92454e-06
2.57086e-06
2.17858e-06
1.75556e-06
1.32598e-06
9.22665e-07
5.77532e-07
3.12957e-07
1.37081e-07
4.32119e-08
1.27391e-08
4.4872e-08
0.000855196
0.000414396
0.000197701
0.00010491
5.91662e-05
3.60943e-05
2.32344e-05
1.58778e-05
1.17133e-05
9.39686e-06
8.09997e-06
7.31234e-06
6.72312e-06
6.14922e-06
5.49343e-06
4.72195e-06
3.85088e-06
2.93489e-06
2.05198e-06
1.2828e-06
6.88913e-07
2.96424e-07
9.00361e-08
2.00681e-08
4.87509e-08
0.00115829
0.00063618
0.000339083
0.000186341
0.000107774
6.40945e-05
4.02258e-05
2.68494e-05
1.9477e-05
1.55347e-05
1.34573e-05
1.22933e-05
1.14726e-05
1.06611e-05
9.67653e-06
8.44678e-06
6.98913e-06
5.3957e-06
3.81135e-06
2.39821e-06
1.29048e-06
5.53714e-07
1.6569e-07
2.94008e-08
3.55904e-08
0.0015006
0.000907589
0.000539313
0.000306578
0.000180148
0.000107028
6.50092e-05
4.19468e-05
2.95737e-05
2.32151e-05
2.00812e-05
1.85107e-05
1.75296e-05
1.65719e-05
1.53203e-05
1.36287e-05
1.14929e-05
9.03712e-06
6.49163e-06
4.14272e-06
2.25271e-06
9.72751e-07
2.90641e-07
4.50639e-08
1.28197e-08
0.00186229
0.0012197
0.000789164
0.000484229
0.000287178
0.000171031
0.000102423
6.35167e-05
4.31363e-05
3.30089e-05
2.83252e-05
2.62731e-05
2.52422e-05
2.43095e-05
2.29436e-05
2.08647e-05
1.80007e-05
1.44837e-05
1.06381e-05
6.92755e-06
3.83113e-06
1.6755e-06
5.05233e-07
7.86176e-08
1.43215e-08
0.00222009
0.00155661
0.00108193
0.000719781
0.000440602
0.000264014
0.000157593
9.61295e-05
6.26816e-05
4.61975e-05
3.89721e-05
3.62079e-05
3.52433e-05
3.45857e-05
3.33638e-05
3.10698e-05
2.74843e-05
2.26947e-05
1.71081e-05
1.14214e-05
6.45764e-06
2.87651e-06
8.84259e-07
1.56648e-07
1.35851e-07
0.00254923
0.0018965
0.00140301
0.000999319
0.000659329
0.000399376
0.000238639
0.0001439
9.17262e-05
6.53128e-05
5.33906e-05
4.92558e-05
4.83862e-05
4.83224e-05
4.76363e-05
4.54472e-05
4.12525e-05
3.50017e-05
2.71381e-05
1.86349e-05
1.08209e-05
4.93744e-06
1.56226e-06
3.33533e-07
5.77142e-07
0.0028293
0.00221525
0.00173127
0.00131162
0.000930287
0.000598599
0.000360007
0.000216118
0.00013513
9.34213e-05
7.42633e-05
6.69003e-05
6.57907e-05
6.66478e-05
6.70438e-05
6.55034e-05
6.10039e-05
5.319e-05
4.24462e-05
3.00369e-05
1.79783e-05
8.45102e-06
2.77964e-06
7.26176e-07
1.80638e-06
0.00304605
0.00249104
0.00204186
0.00163555
0.00123895
0.00086278
0.000542925
0.000327522
0.000202411
0.000135801
0.000104311
9.19761e-05
8.91001e-05
9.09762e-05
9.32301e-05
9.31312e-05
8.89255e-05
7.96333e-05
6.53836e-05
4.77059e-05
2.9497e-05
1.43552e-05
4.95577e-06
1.56806e-06
4.75527e-06
0.00319289
0.00270709
0.0023103
0.00194406
0.00156428
0.00117058
0.000801161
0.000501574
0.000309559
0.000202578
0.000149321
0.000127156
0.000121184
0.000123075
0.000127903
0.000130638
0.000127872
0.000117479
9.91313e-05
7.45215e-05
4.76188e-05
2.4063e-05
8.78661e-06
3.31237e-06
1.115e-05
0.00327254
0.00285649
0.00251844
0.00220955
0.00187677
0.00150095
0.00110978
0.000756149
0.00048359
0.000311952
0.000220593
0.000179054
0.000165475
0.000165671
0.000173101
0.000180136
0.000180647
0.000170548
0.000147866
0.000114397
7.54591e-05
3.95835e-05
1.52988e-05
6.69763e-06
2.38649e-05
0.00329437
0.00294139
0.002658
0.00241077
0.00214463
0.00182147
0.00144696
0.00106728
0.000738155
0.000494792
0.000338486
0.000260924
0.000229872
0.000225125
0.000232157
0.000244586
0.000250934
0.000243133
0.000216777
0.000172528
0.000117302
6.3721e-05
2.59066e-05
1.27005e-05
4.716e-05
0.00327177
0.0029724
0.00273228
0.00253818
0.0023424
0.00209517
0.00177665
0.00141152
0.00105358
0.000753135
0.000534439
0.000398354
0.000329291
0.000308058
0.000311479
0.000327132
0.000341778
0.000339925
0.000311828
0.000255484
0.000178949
0.000100423
4.26372e-05
2.27079e-05
8.65401e-05
0.00321872
0.00296527
0.00275535
0.00259742
0.00245953
0.00229207
0.00205634
0.00174862
0.00140398
0.00107513
0.000804156
0.000610112
0.000490975
0.000433984
0.000421626
0.000432666
0.000455523
0.000463819
0.000438358
0.000370604
0.000267844
0.000155087
6.8193e-05
3.82903e-05
0.000148261
0.0031468
0.00293536
0.00274542
0.00260534
0.00250302
0.00239995
0.00225147
0.00203056
0.00174414
0.00142983
0.00113479
0.000894421
0.000723966
0.000622125
0.000578304
0.000574974
0.000594984
0.000614959
0.000598866
0.00052453
0.000392758
0.00023503
0.000106271
6.09985e-05
0.000238267
0.00306515
0.00289596
0.00272192
0.00258527
0.00249427
0.00242805
0.00234869
0.00221891
0.00202082
0.00176614
0.00148985
0.00123235
0.00102354
0.000877244
0.00079357
0.000763164
0.000764445
0.00078979
0.000789819
0.000719877
0.000562099
0.000349978
0.000162374
9.2119e-05
0.000357527
0.00297709
0.00285537
0.00269926
0.00255998
0.00246243
0.00240391
0.00236143
0.00230142
0.00219388
0.0020268
0.00181226
0.00157983
0.00136297
0.00118733
0.00106613
0.00100136
0.000983429
0.000989504
0.00100001
0.000951075
0.000782482
0.000512447
0.000245381
0.000133984
0.000499475
0.00287971
0.00281567
0.00268637
0.00254557
0.00243352
0.00236192
0.00232389
0.00229801
0.00225596
0.00217416
0.00204391
0.00187482
0.00169003
0.0015162
0.00137523
0.00128026
0.00123339
0.00121807
0.00122215
0.00119441
0.00105098
0.000736799
0.000369919
0.000194847
0.000681339
0.00276396
0.00277153
0.00268283
0.00255441
0.00242673
0.00233255
0.00227584
0.00224947
0.0022349
0.0022094
0.00215477
0.00206357
0.00194161
0.00180537
0.00167564
0.00157145
0.00150527
0.00147761
0.00146371
0.00144547
0.00133288
0.00102931
0.000562927
0.00029317
0.000999892
0.00261781
0.0027096
0.00268072
0.00258037
0.00245398
0.00233678
0.00225111
0.00220046
0.00217845
0.00217017
0.00215852
0.00212924
0.00207501
0.00199805
0.0019076
0.00182216
0.00175836
0.00172491
0.00171797
0.00170146
0.0016255
0.00136651
0.000862586
0.00044577
0.00135215
0.0024349
0.0026156
0.00266405
0.00261345
0.00250712
0.00238339
0.00227145
0.00218765
0.00213605
0.00211241
0.00210586
0.00210344
0.00209352
0.00206929
0.00202884
0.00197832
0.00193375
0.00190605
0.00190096
0.00190942
0.00188566
0.00174727
0.00133289
0.000672122
0.000353385
0.00221074
0.00247481
0.00261195
0.00263368
0.00257185
0.00246362
0.0023411
0.00223018
0.00214408
0.00208558
0.00205478
0.00204458
0.00204498
0.00204691
0.00204385
0.00203118
0.00201475
0.00200376
0.00200536
0.00202249
0.00204616
0.00202648
0.00186445
0.00142046
0.000822343
0.00195011
0.00227976
0.00250491
0.00261476
0.00262265
0.00255689
0.00244863
0.00232644
0.0022126
0.00211863
0.00205209
0.00200959
0.00198989
0.00198619
0.0019915
0.0019999
0.00200772
0.00201543
0.00202825
0.00205021
0.002082
0.00211459
0.00211759
0.00201464
0.0017192
0.00166366
0.0020321
0.00233054
0.00253123
0.0026274
0.00263158
0.00256749
0.00246155
0.00234017
0.00222168
0.00212011
0.00204033
0.00198427
0.00194946
0.00193441
0.00193412
0.00194401
0.00196142
0.00198295
0.00200928
0.00204224
0.00208088
0.00211822
0.00213593
0.0021049
0.0013668
0.00174342
0.0020887
0.00236691
0.00255561
0.00264946
0.00265854
0.00260167
0.00250276
0.00238349
0.00226217
0.00215132
0.00205798
0.00198612
0.0019353
0.00190193
0.001887
0.00188738
0.00190039
0.00192407
0.00195451
0.00198981
0.00202852
0.0020656
0.00209159
0.00107979
0.00143493
0.00179414
0.00212248
0.00238963
0.00257631
0.00267711
0.00269859
0.00265611
0.00256893
0.00245617
0.00233475
0.00221724
0.00211102
0.00202269
0.00195254
0.00190135
0.00186512
0.0018463
0.00184304
0.00185303
0.00187448
0.001905
0.00193812
0.0019704
0.000821458
0.00113322
0.0014746
0.00181819
0.00213414
0.00239634
0.002588
0.00270264
0.00274376
0.00272247
0.0026538
0.00255418
0.00243886
0.0023195
0.00220546
0.0021022
0.0020113
0.00193865
0.00188376
0.00184228
0.00181382
0.00180037
0.00179933
0.00180809
0.00182424
0.000602651
0.000860586
0.00116166
0.00148834
0.00181716
0.00212261
0.00238231
0.00258215
0.00271481
0.00278087
0.00278715
0.0027447
0.00266669
0.00256594
0.00245345
0.00233873
0.00222735
0.00212457
0.00203064
0.00195124
0.0018881
0.0018381
0.00179891
0.00176942
0.00175009
0.000425501
0.000627811
0.000878313
0.00116672
0.00147747
0.00178991
0.00208088
0.00233571
0.00254221
0.00269277
0.00278551
0.00282384
0.00281522
0.00276911
0.00269379
0.00259969
0.0024953
0.00238743
0.00228069
0.00217919
0.00208549
0.0019997
0.00192512
0.00186371
0.00181299
0.000295922
0.000437991
0.000632545
0.000873334
0.00114735
0.00144014
0.00173396
0.00200936
0.00225355
0.00245747
0.00261524
0.00272507
0.00278883
0.00281125
0.00279833
0.00275742
0.00269593
0.00262056
0.00253689
0.002449
0.00235674
0.00226407
0.00217444
0.00209064
0.00201174
0.000206511
0.000298941
0.00042853
0.000613216
0.000841572
0.00109739
0.00137048
0.00164529
0.00190881
0.00214661
0.00234962
0.00251421
0.00263875
0.00272439
0.00277419
0.00279262
0.00278494
0.00275656
0.00271253
0.00265714
0.00259316
0.00252351
0.00245067
0.00237531
0.0022978
0.000138781
0.000199567
0.000284161
0.000401072
0.000559105
0.000764047
0.00100303
0.00125261
0.00150721
0.001756
0.00198794
0.00219401
0.002366
0.00250448
0.00261041
0.00268562
0.00273303
0.00275634
0.00275948
0.00274621
0.00271972
0.00268289
0.00263819
0.00258746
0.00253242
8.34607e-05
0.000120269
0.000171422
0.000241938
0.000338007
0.000466855
0.000634533
0.000827071
0.00104327
0.00127234
0.00149543
0.00170947
0.00190758
0.00208462
0.00223762
0.0023622
0.00245833
0.00252941
0.00257836
0.00260805
0.0026212
0.0026203
0.0026076
0.00258508
0.00255466
4.0661e-05
5.89345e-05
8.44683e-05
0.000119874
0.000168492
0.000234305
0.000321784
0.000436485
0.000573888
0.00072619
0.000889115
0.00106206
0.00123658
0.00139883
0.00154904
0.00168385
0.00180043
0.00189802
0.00197663
0.00203697
0.00208019
0.00210747
0.00212011
0.00211958
0.00210758
1.41292e-05
2.05632e-05
2.95586e-05
4.20113e-05
5.90856e-05
8.22768e-05
0.000113412
0.000154785
0.00020898
0.000276524
0.000353057
0.000437425
0.000527198
0.000619015
0.000712261
0.000802272
0.00088161
0.000950857
0.00100958
0.00105743
0.00109422
0.00111994
0.00113503
0.00114024
0.00113656
4.59784e-06
6.62074e-06
9.33208e-06
1.29091e-05
1.75464e-05
2.34024e-05
3.05872e-05
3.91973e-05
4.93858e-05
6.16842e-05
7.68677e-05
9.40321e-05
0.000113006
0.000133464
0.000155006
0.000176399
0.000195981
0.000214209
0.000230615
0.000245232
0.000258116
0.000268666
0.000277223
0.000283975
0.000289044
1.5006e-05
2.13521e-05
2.94772e-05
3.96748e-05
5.22496e-05
6.70278e-05
8.29695e-05
9.82727e-05
0.000109968
0.000117566
0.000121294
0.00012131
0.000117079
0.000106667
9.04895e-05
7.03025e-05
4.89852e-05
3.07666e-05
1.79544e-05
1.48043e-05
2.7699e-05
5.21172e-05
8.87588e-05
0.000137431
0.000197145
0.000506571
0.000261529
0.000146129
0.000427747
0.000253665
0.000171416
0.00131733
0.000979506
0.00074909
0.00200966
0.00185373
0.00165906
0.00209502
0.00207208
0.00202097
0.00199514
0.00201198
0.00201827
0.00184254
0.0018619
0.00188044
0.00174075
0.00173678
0.00173695
0.00177473
0.00174237
0.00171466
0.00194701
0.0018889
0.001838
0.00222879
0.00216215
0.00209817
0.0024807
0.00242773
0.00237218
0.00252187
0.00248496
0.0024438
0.00208814
0.00206185
0.00202899
0.00112628
0.00111052
0.00108953
0.000292423
0.000294623
0.000295786
0.000261622
0.00032832
0.00039859
3.98786e-12
3.12108e-11
1.19848e-10
2.77916e-10
4.56893e-10
6.0558e-10
7.04084e-10
7.14608e-10
6.59787e-10
5.77018e-10
4.91919e-10
4.11292e-10
3.30738e-10
2.59789e-10
2.03989e-10
1.64126e-10
1.44861e-10
1.69196e-10
2.11639e-10
2.628e-10
3.28236e-10
4.18951e-10
5.52279e-10
7.56586e-10
1.07727e-09
1.58608e-09
2.39029e-09
3.649e-09
5.59121e-09
8.54233e-09
1.29708e-08
1.95733e-08
3.07665e-08
5.20884e-08
9.04344e-08
1.12915e-07
1.52645e-07
2.20151e-07
3.18923e-07
4.55015e-07
6.40691e-07
8.92065e-07
1.22938e-06
1.67764e-06
2.267e-06
3.03287e-06
4.01551e-06
5.25899e-06
6.8111e-06
8.72169e-06
1.10371e-05
1.37937e-05
1.70091e-05
2.06734e-05
2.47437e-05
2.91359e-05
3.37146e-05
3.82892e-05
4.26171e-05
4.6417e-05
4.93725e-05
5.11636e-05
5.15969e-05
5.04353e-05
4.75248e-05
4.30132e-05
3.72312e-05
3.06477e-05
2.37939e-05
1.7246e-05
1.15103e-05
6.93766e-06
3.66842e-06
1.62858e-06
5.69731e-07
1.62328e-07
1.71686e-08
1.49734e-08
1.33674e-08
5.3908e-09
3.94047e-11
1.89809e-11
6.89016e-11
1.81804e-10
3.56727e-10
5.87713e-10
8.66295e-10
1.17895e-09
1.51505e-09
1.86471e-09
2.21666e-09
2.55834e-09
2.87823e-09
3.16876e-09
3.42527e-09
3.64597e-09
3.83285e-09
3.99216e-09
4.12859e-09
4.25054e-09
4.37053e-09
4.50416e-09
4.66999e-09
4.89006e-09
5.19091e-09
5.60517e-09
6.1735e-09
6.94779e-09
7.99529e-09
9.40569e-09
1.13062e-08
1.39067e-08
1.76726e-08
2.3389e-08
3.14689e-08
3.91075e-08
4.9958e-08
6.60735e-08
8.88654e-08
1.20694e-07
1.62225e-07
2.16485e-07
2.87564e-07
3.80329e-07
5.00532e-07
6.54861e-07
8.50878e-07
1.09687e-06
1.40165e-06
1.77415e-06
2.22233e-06
2.75184e-06
3.36463e-06
4.05746e-06
4.82066e-06
5.63692e-06
6.48033e-06
7.31652e-06
8.10441e-06
8.79931e-06
9.35683e-06
9.74039e-06
9.93275e-06
9.89613e-06
9.58016e-06
8.98836e-06
8.15059e-06
7.11554e-06
5.9445e-06
4.71242e-06
3.52936e-06
2.50199e-06
1.65464e-06
1.00788e-06
5.5875e-07
2.78174e-07
1.16638e-07
3.87743e-08
9.08989e-09
1.53514e-08
1.62601e-10
7.06912e-11
3.0032e-10
9.04753e-10
1.94203e-09
3.41281e-09
5.27692e-09
7.46214e-09
9.8753e-09
1.24132e-08
1.4971e-08
1.74518e-08
1.97742e-08
2.18774e-08
2.37232e-08
2.52972e-08
2.66079e-08
2.76854e-08
2.85793e-08
2.93567e-08
3.01012e-08
3.09105e-08
3.18954e-08
3.31794e-08
3.48992e-08
3.72064e-08
4.02713e-08
4.42882e-08
4.94839e-08
5.61295e-08
6.45588e-08
7.51965e-08
8.85957e-08
1.05434e-07
1.26403e-07
1.52051e-07
1.8416e-07
2.24757e-07
2.76135e-07
3.40891e-07
4.20749e-07
5.18947e-07
6.39879e-07
7.88758e-07
9.71564e-07
1.19505e-06
1.46669e-06
1.79453e-06
2.18695e-06
2.65228e-06
3.1982e-06
3.83112e-06
4.55532e-06
5.3723e-06
6.28025e-06
7.2737e-06
8.34359e-06
9.47794e-06
1.06635e-05
1.1889e-05
1.31497e-05
1.44562e-05
1.57276e-05
1.67783e-05
1.74928e-05
1.77727e-05
1.75384e-05
1.67415e-05
1.53807e-05
1.35202e-05
1.13026e-05
8.92266e-06
6.57442e-06
4.4546e-06
2.71909e-06
1.44649e-06
6.28994e-07
1.9435e-07
3.14353e-08
1.21843e-08
3.35798e-10
1.79551e-10
8.81027e-10
2.82444e-09
6.34862e-09
1.15154e-08
1.81778e-08
2.60556e-08
3.47883e-08
4.39795e-08
5.32347e-08
6.2194e-08
7.05579e-08
7.8104e-08
8.46944e-08
9.02777e-08
9.48859e-08
9.86291e-08
1.01688e-07
1.04305e-07
1.06778e-07
1.09455e-07
1.12727e-07
1.17025e-07
1.22823e-07
1.30642e-07
1.41058e-07
1.5472e-07
1.72374e-07
1.94892e-07
2.23317e-07
2.58908e-07
3.03203e-07
3.58082e-07
4.25885e-07
5.09516e-07
6.12793e-07
7.40382e-07
8.97774e-07
1.09116e-06
1.32717e-06
1.61432e-06
1.96311e-06
2.38587e-06
2.89668e-06
3.51131e-06
4.24711e-06
5.12279e-06
6.15803e-06
7.37287e-06
8.787e-06
1.04187e-05
1.22835e-05
1.4393e-05
1.67533e-05
1.93635e-05
2.22142e-05
2.52864e-05
2.85518e-05
3.19747e-05
3.5518e-05
3.91541e-05
4.24338e-05
4.50654e-05
4.67993e-05
4.74109e-05
4.67213e-05
4.46255e-05
4.11263e-05
3.63656e-05
3.06396e-05
2.43802e-05
1.81035e-05
1.23433e-05
7.54909e-06
3.98887e-06
1.70033e-06
5.07539e-07
7.71092e-08
6.97324e-09
4.31954e-10
3.48338e-10
1.94954e-09
6.4586e-09
1.49424e-08
2.77697e-08
4.46627e-08
6.48896e-08
8.74571e-08
1.11267e-07
1.35237e-07
1.58395e-07
1.79939e-07
1.99282e-07
2.16067e-07
2.30163e-07
2.41661e-07
2.50851e-07
2.58201e-07
2.64337e-07
2.70021e-07
2.76135e-07
2.83665e-07
2.93693e-07
3.07402e-07
3.26077e-07
3.51135e-07
3.84158e-07
4.26949e-07
4.81601e-07
5.50593e-07
6.36906e-07
7.44156e-07
8.76777e-07
1.04028e-06
1.2415e-06
1.48881e-06
1.79234e-06
2.16401e-06
2.6177e-06
3.16958e-06
3.83897e-06
4.64881e-06
5.62564e-06
6.79955e-06
8.20405e-06
9.87574e-06
1.18537e-05
1.41786e-05
1.68913e-05
2.00308e-05
2.36316e-05
2.77205e-05
3.23126e-05
3.74068e-05
4.29814e-05
4.89889e-05
5.53523e-05
6.19626e-05
6.86814e-05
7.53469e-05
8.17844e-05
8.72147e-05
9.12842e-05
9.36254e-05
9.3901e-05
9.18478e-05
8.7312e-05
8.03023e-05
7.10436e-05
6.00137e-05
4.79433e-05
3.57619e-05
2.44779e-05
1.49935e-05
7.9019e-06
3.34409e-06
9.91228e-07
1.59419e-07
7.56793e-08
3.52189e-10
5.93854e-10
3.70509e-09
1.24903e-08
2.93825e-08
5.55052e-08
9.05533e-08
1.33079e-07
1.80918e-07
2.316e-07
2.82675e-07
3.31948e-07
3.77636e-07
4.18443e-07
4.53593e-07
4.82816e-07
5.06314e-07
5.24713e-07
5.39012e-07
5.50533e-07
5.6087e-07
5.71856e-07
5.85526e-07
6.041e-07
6.2998e-07
6.65765e-07
7.14294e-07
7.78709e-07
8.62562e-07
9.69952e-07
1.1057e-06
1.27559e-06
1.4866e-06
1.74727e-06
2.0681e-06
2.46192e-06
2.94431e-06
3.53394e-06
4.25289e-06
5.12715e-06
6.18719e-06
7.46878e-06
9.01347e-06
1.08687e-05
1.30875e-05
1.57282e-05
1.88534e-05
2.25285e-05
2.68188e-05
3.1787e-05
3.74877e-05
4.39621e-05
5.12313e-05
5.92883e-05
6.80915e-05
7.75567e-05
8.75524e-05
9.78962e-05
0.000108359
0.000118676
0.000128558
0.000137452
0.000144751
0.000149982
0.000152672
0.000152355
0.000148658
0.000141328
0.000130312
0.000115841
9.85197e-05
7.93561e-05
5.97323e-05
4.12518e-05
2.54617e-05
1.349e-05
5.72647e-06
1.70821e-06
3.05808e-07
3.33162e-07
1.53068e-10
9.68855e-10
6.43926e-09
2.18963e-08
5.19827e-08
9.91822e-08
1.63371e-07
2.42113e-07
3.31385e-07
4.26394e-07
5.22303e-07
6.14767e-07
7.00259e-07
7.76245e-07
8.41221e-07
8.94673e-07
9.36986e-07
9.69341e-07
9.936e-07
1.0122e-06
1.02807e-06
1.04454e-06
1.06527e-06
1.09426e-06
1.13577e-06
1.19438e-06
1.27506e-06
1.38324e-06
1.52502e-06
1.70735e-06
1.93839e-06
2.22781e-06
2.58726e-06
3.03088e-06
3.57588e-06
4.24315e-06
5.05784e-06
6.04996e-06
7.25499e-06
8.71463e-06
1.04776e-05
1.26001e-05
1.51468e-05
1.81901e-05
2.181e-05
2.60923e-05
3.11269e-05
3.70042e-05
4.38102e-05
5.16199e-05
6.04897e-05
7.04478e-05
8.14845e-05
9.35423e-05
0.000106508
0.00012021
0.000134423
0.000148853
0.000163167
0.000176987
0.000189922
0.000201358
0.000210724
0.000217438
0.00022096
0.000220658
0.00021596
0.0002064
0.000191728
0.000172048
0.000147966
0.000120697
9.20883e-05
6.44741e-05
4.03078e-05
2.15884e-05
9.24413e-06
2.7921e-06
5.65978e-07
9.69684e-07
1.73394e-10
1.58769e-09
1.05778e-08
3.60683e-08
8.60219e-08
1.65048e-07
2.7345e-07
4.07455e-07
5.60285e-07
7.23568e-07
8.8869e-07
1.04784e-06
1.19467e-06
1.32465e-06
1.43509e-06
1.52505e-06
1.59519e-06
1.6475e-06
1.68512e-06
1.71213e-06
1.73338e-06
1.75436e-06
1.78109e-06
1.82005e-06
1.87813e-06
1.96269e-06
2.08156e-06
2.24328e-06
2.45728e-06
2.73423e-06
3.0865e-06
3.5286e-06
4.07791e-06
4.75532e-06
5.58606e-06
6.60048e-06
7.83492e-06
9.33253e-06
1.11441e-05
1.33291e-05
1.59561e-05
1.9104e-05
2.28613e-05
2.73264e-05
3.26054e-05
3.881e-05
4.6053e-05
5.4443e-05
6.40762e-05
7.50275e-05
8.73396e-05
0.000101011
0.000115988
0.000132152
0.00014932
0.000167239
0.000185603
0.000204076
0.000222268
0.000239751
0.00025609
0.000270679
0.000282975
0.000292341
0.000298038
0.000299226
0.000295024
0.000284601
0.000267328
0.000242982
0.000211989
0.000175647
0.000136253
9.70218e-05
6.16528e-05
3.35029e-05
1.45211e-05
4.4557e-06
1.02076e-06
2.2941e-06
1.32248e-09
2.67135e-09
1.67331e-08
5.6957e-08
1.36078e-07
2.61794e-07
4.35065e-07
6.50244e-07
8.96591e-07
1.1605e-06
1.42775e-06
1.68535e-06
1.92271e-06
2.13223e-06
2.30943e-06
2.45271e-06
2.56302e-06
2.64344e-06
2.69884e-06
2.7355e-06
2.76087e-06
2.78333e-06
2.81203e-06
2.85675e-06
2.92786e-06
3.03626e-06
3.19355e-06
3.41214e-06
3.70558e-06
4.089e-06
4.57964e-06
5.19757e-06
5.96649e-06
6.91463e-06
8.07578e-06
9.49028e-06
1.12061e-05
1.32799e-05
1.5778e-05
1.87774e-05
2.23663e-05
2.66448e-05
3.17238e-05
3.77246e-05
4.47754e-05
5.30078e-05
6.25499e-05
7.35192e-05
8.60121e-05
0.000100093
0.000115782
0.000133045
0.000151786
0.000171842
0.000192987
0.000214937
0.000237366
0.000259916
0.000282196
0.000303782
0.000324232
0.000342956
0.000359484
0.000373119
0.000382943
0.000387818
0.000386436
0.000377419
0.000359509
0.000331865
0.000294435
0.000248363
0.000196307
0.000142488
9.22624e-05
5.10091e-05
2.24387e-05
7.00918e-06
1.79271e-06
4.77945e-06
5.07743e-09
4.56216e-09
2.57658e-08
8.7257e-08
2.0844e-07
4.01305e-07
6.67653e-07
9.99125e-07
1.37936e-06
1.78734e-06
2.20092e-06
2.59972e-06
2.96712e-06
3.29115e-06
3.56471e-06
3.78513e-06
3.95364e-06
4.07463e-06
4.15507e-06
4.204e-06
4.23208e-06
4.25129e-06
4.27469e-06
4.31618e-06
4.39044e-06
4.51285e-06
4.69956e-06
4.96768e-06
5.33563e-06
5.82361e-06
6.45428e-06
7.25359e-06
8.25174e-06
9.48426e-06
1.09932e-05
1.28285e-05
1.50488e-05
1.77233e-05
2.09322e-05
2.47678e-05
2.93352e-05
3.47521e-05
4.11473e-05
4.86591e-05
5.74311e-05
6.7607e-05
7.93209e-05
9.26901e-05
0.000107803
0.000124708
0.000143403
0.000163827
0.000185859
0.000209318
0.000233972
0.000259547
0.000285742
0.000312237
0.000338687
0.000364712
0.000389889
0.000413706
0.00043583
0.000455559
0.000471827
0.000483186
0.000487816
0.000483607
0.000468376
0.000440242
0.000398189
0.000342745
0.000276631
0.0002051
0.000135615
7.64611e-05
3.42164e-05
1.08941e-05
3.05697e-06
9.09212e-06
1.37629e-08
7.78148e-09
3.88858e-08
1.30663e-07
3.11632e-07
5.99582e-07
9.97245e-07
1.4923e-06
2.06053e-06
2.6707e-06
3.28982e-06
3.8875e-06
4.43887e-06
4.92602e-06
5.33817e-06
5.67106e-06
5.92598e-06
6.10866e-06
6.22842e-06
6.29735e-06
6.32976e-06
6.34178e-06
6.35095e-06
6.37607e-06
6.43691e-06
6.55416e-06
6.74944e-06
7.04541e-06
7.46612e-06
8.03748e-06
8.78801e-06
9.74969e-06
1.09591e-05
1.24585e-05
1.42975e-05
1.6534e-05
1.92358e-05
2.24817e-05
2.6363e-05
3.09835e-05
3.64605e-05
4.29234e-05
5.05126e-05
5.93758e-05
6.96634e-05
8.15231e-05
9.50819e-05
0.000110451
0.000127705
0.000146875
0.000167937
0.000190815
0.000215379
0.000241453
0.000268831
0.000297285
0.000326586
0.000356499
0.000386778
0.000417146
0.000447256
0.000476778
0.000505576
0.00053303
0.000558026
0.00057888
0.000593288
0.000598326
0.000590625
0.000566777
0.000524085
0.000461632
0.000381487
0.000289635
0.00019602
0.000112965
5.15368e-05
1.67328e-05
5.05161e-06
1.6107e-05
3.05634e-08
1.31754e-08
5.78665e-08
1.92258e-07
4.57121e-07
8.77877e-07
1.45813e-06
2.17984e-06
3.008e-06
3.89768e-06
4.80156e-06
5.67609e-06
6.48569e-06
7.20464e-06
7.81728e-06
8.31697e-06
8.70457e-06
8.98689e-06
9.17538e-06
9.28507e-06
9.33391e-06
9.34222e-06
9.33234e-06
9.32829e-06
9.35556e-06
9.44091e-06
9.61227e-06
9.8988e-06
1.03311e-05
1.09415e-05
1.17651e-05
1.284e-05
1.42092e-05
1.59212e-05
1.80317e-05
2.06049e-05
2.37152e-05
2.7448e-05
3.19012e-05
3.71852e-05
4.3423e-05
5.07491e-05
5.93064e-05
6.92427e-05
8.07036e-05
9.3854e-05
0.000108779
0.000125583
0.000144322
0.000165008
0.000187603
0.000212021
0.000238137
0.0002658
0.000294851
0.000325141
0.000356544
0.000388958
0.000422296
0.000456449
0.000491236
0.000526602
0.000562623
0.000598854
0.00063427
0.000667134
0.000694848
0.000713816
0.000719454
0.000706486
0.000669745
0.000605635
0.000514181
0.000401068
0.000278656
0.000164577
7.67176e-05
2.53989e-05
8.08432e-06
2.68809e-05
6.71559e-08
2.3451e-08
8.57007e-08
2.79157e-07
6.60246e-07
1.26407e-06
2.09478e-06
3.12623e-06
4.30895e-06
5.58017e-06
6.87423e-06
8.13106e-06
9.30164e-06
1.03506e-05
1.12559e-05
1.20075e-05
1.26052e-05
1.30558e-05
1.33721e-05
1.35713e-05
1.36739e-05
1.37039e-05
1.36877e-05
1.36543e-05
1.36351e-05
1.36631e-05
1.37733e-05
1.40022e-05
1.43881e-05
1.4971e-05
1.57932e-05
1.69001e-05
1.83412e-05
2.01709e-05
2.24504e-05
2.52488e-05
2.86443e-05
3.27256e-05
3.75927e-05
4.33574e-05
5.01421e-05
5.80789e-05
6.73057e-05
7.79628e-05
9.0192e-05
0.000104155
0.000119852
0.000137429
0.000156915
0.000178297
0.000201527
0.000226517
0.000253157
0.000281336
0.00031096
0.000341977
0.000374393
0.000408275
0.000443743
0.000480925
0.000519896
0.000560894
0.00060416
0.000649461
0.000695982
0.000742154
0.000785403
0.000821866
0.000846129
0.000851185
0.000828957
0.00077186
0.000675752
0.000543751
0.000389385
0.000236505
0.000112954
3.81258e-05
1.25362e-05
4.2584e-05
2.03793e-07
4.92736e-08
1.27488e-07
4.01169e-07
9.41343e-07
1.79437e-06
2.96412e-06
4.41321e-06
6.07328e-06
7.85909e-06
9.68246e-06
1.14634e-05
1.31371e-05
1.46565e-05
1.59922e-05
1.71296e-05
1.80657e-05
1.88062e-05
1.93634e-05
1.97542e-05
2e-05
2.01258e-05
2.01607e-05
2.01369e-05
2.00903e-05
2.006e-05
2.00879e-05
2.02184e-05
2.04982e-05
2.09764e-05
2.17043e-05
2.27357e-05
2.41279e-05
2.59424e-05
2.8246e-05
3.11119e-05
3.4621e-05
3.88629e-05
4.39364e-05
4.99497e-05
5.70197e-05
6.52699e-05
7.48274e-05
8.58196e-05
9.8376e-05
0.000112591
0.000128528
0.00014626
0.000165805
0.000187145
0.00021023
0.000234981
0.00026131
0.000289156
0.000318505
0.000349414
0.000382034
0.000416621
0.000453531
0.000493181
0.000535981
0.000582344
0.000632582
0.00068663
0.00074392
0.000803192
0.000862216
0.000917391
0.000963219
0.000991778
0.000992535
0.00095329
0.00086349
0.000720023
0.000534137
0.000335261
0.00016467
5.6684e-05
1.88622e-05
6.436e-05
2.20797e-07
5.97307e-08
1.78127e-07
5.65989e-07
1.32432e-06
2.5142e-06
4.13795e-06
6.14308e-06
8.43753e-06
1.09089e-05
1.34427e-05
1.59366e-05
1.8308e-05
2.04977e-05
2.24676e-05
2.41976e-05
2.56805e-05
2.69184e-05
2.79199e-05
2.86986e-05
2.92724e-05
2.96639e-05
2.99e-05
3.00131e-05
3.00402e-05
3.00239e-05
3.00112e-05
3.00535e-05
3.02066e-05
3.0529e-05
3.10826e-05
3.19319e-05
3.31442e-05
3.47905e-05
3.69453e-05
3.96876e-05
4.31021e-05
4.72792e-05
5.23158e-05
5.83151e-05
6.53858e-05
7.36404e-05
8.31927e-05
9.41533e-05
0.000106626
0.000120692
0.000136406
0.00015381
0.000172918
0.000193721
0.000216192
0.00024028
0.000265893
0.000293037
0.000321792
0.000352332
0.000384956
0.000420105
0.000458371
0.000500473
0.000547193
0.000598888
0.000655823
0.00071799
0.000784995
0.000855906
0.000929002
0.00100136
0.0010682
0.00112195
0.00115114
0.00113982
0.00107007
0.000928462
0.000717569
0.000468667
0.000238013
8.36833e-05
2.75867e-05
9.30269e-05
3.63561e-07
9.29999e-08
2.54392e-07
7.95386e-07
1.84711e-06
3.48615e-06
5.70989e-06
8.44531e-06
1.15711e-05
1.49437e-05
1.84198e-05
2.18738e-05
2.52059e-05
2.83448e-05
3.12445e-05
3.38788e-05
3.62346e-05
3.83078e-05
4.00995e-05
4.16147e-05
4.28625e-05
4.38563e-05
4.46148e-05
4.51631e-05
4.55334e-05
4.57665e-05
4.59085e-05
4.60129e-05
4.61458e-05
4.63711e-05
4.67621e-05
4.73958e-05
4.83524e-05
4.97155e-05
5.15716e-05
5.40104e-05
5.71245e-05
6.10098e-05
6.57652e-05
7.14927e-05
7.82961e-05
8.62802e-05
9.55484e-05
0.000106197
0.000118315
0.000131983
0.000147254
0.000164125
0.000182621
0.000202772
0.000224638
0.000248285
0.000273369
0.000300079
0.000328618
0.000359285
0.000392521
0.000428936
0.000469333
0.000514709
0.000565943
0.000623231
0.000686681
0.000756211
0.000831476
0.000911774
0.000995867
0.00108166
0.00116558
0.00124155
0.00129928
0.00132134
0.0012843
0.00116256
0.000941329
0.000644913
0.000341432
0.000123083
3.93201e-05
0.000128641
6.01579e-07
1.45156e-07
3.62699e-07
1.11365e-06
2.56165e-06
4.7971e-06
7.80638e-06
1.1489e-05
1.56892e-05
2.02298e-05
2.49393e-05
2.9671e-05
3.43113e-05
3.87805e-05
4.30268e-05
4.70188e-05
5.0737e-05
5.41685e-05
5.73031e-05
6.01314e-05
6.26465e-05
6.48456e-05
6.6729e-05
6.83047e-05
6.9587e-05
7.06141e-05
7.14137e-05
7.20338e-05
7.25361e-05
7.29922e-05
7.34829e-05
7.40966e-05
7.49258e-05
7.60689e-05
7.7629e-05
7.9713e-05
8.24304e-05
8.58918e-05
9.02089e-05
9.54939e-05
0.000101857
0.00010941
0.000118262
0.000128496
0.0001402
0.000153501
0.00016854
0.00018506
0.000203184
0.000222984
0.000244531
0.000267876
0.00029301
0.000320098
0.000349411
0.00038135
0.000416474
0.000455546
0.000499553
0.000549754
0.000606663
0.000670269
0.000740462
0.000816993
0.000899445
0.000987194
0.00107929
0.00117426
0.00126959
0.00136081
0.00143982
0.00149216
0.00149393
0.00141004
0.00120094
0.000870984
0.000485965
0.000181193
5.48426e-05
0.000169657
9.59968e-07
2.23178e-07
5.19953e-07
1.56544e-06
3.5545e-06
6.583e-06
1.06149e-05
1.55133e-05
2.10842e-05
2.71179e-05
3.34201e-05
3.98304e-05
4.62295e-05
5.2536e-05
5.86978e-05
6.46814e-05
7.04616e-05
7.6017e-05
8.13248e-05
8.63534e-05
9.10718e-05
9.54608e-05
9.94876e-05
0.000103132
0.000106381
0.000109238
0.000111716
0.000113834
0.000115634
0.000117177
0.000118549
0.000119846
0.000121159
0.000122597
0.000124281
0.000126339
0.000128909
0.000132126
0.000136134
0.000141077
0.000147089
0.000154311
0.000162941
0.000172992
0.000184506
0.000197621
0.000212426
0.000228913
0.000247158
0.000267262
0.000289352
0.000313522
0.000339887
0.000368676
0.000400235
0.000435047
0.000473772
0.000517289
0.00056672
0.000623463
0.000687106
0.000757461
0.000834217
0.000916944
0.0010051
0.00109799
0.00119482
0.00129462
0.00139579
0.00149537
0.00158762
0.0016612
0.00169477
0.00165191
0.0014825
0.00114919
0.000685467
0.00026869
7.54677e-05
0.000211304
1.5144e-06
3.45228e-07
7.64073e-07
2.24245e-06
4.9903e-06
9.08591e-06
1.44506e-05
2.09004e-05
2.82033e-05
3.61251e-05
4.4461e-05
5.30511e-05
6.17832e-05
7.05853e-05
7.94132e-05
8.82387e-05
9.70293e-05
0.000105754
0.000114377
0.00012285
0.000131121
0.000139137
0.000146839
0.000154165
0.000161063
0.000167493
0.000173422
0.000178831
0.000183719
0.000188113
0.000192066
0.000195653
0.000198956
0.000202081
0.00020515
0.000208314
0.000211741
0.000215603
0.000220082
0.000225414
0.000231744
0.000239198
0.000247972
0.000258191
0.00026997
0.000283438
0.000298714
0.000315892
0.000335094
0.000356474
0.000380204
0.000406427
0.000435347
0.000467267
0.000502596
0.00054188
0.000585848
0.000635482
0.000692208
0.000756362
0.000826911
0.000903532
0.000985761
0.00107299
0.00116449
0.00125947
0.00135726
0.00145725
0.0015586
0.00165963
0.00175684
0.00184235
0.00189907
0.0018931
0.00176749
0.00145578
0.000948982
0.000404483
0.000104551
0.000245257
2.41113e-06
5.54021e-07
1.19108e-06
3.35869e-06
7.22375e-06
1.27933e-05
1.99143e-05
2.83481e-05
3.7834e-05
4.81325e-05
5.90502e-05
7.04485e-05
8.22397e-05
9.43734e-05
0.000106821
0.000119551
0.000132538
0.000145755
0.00015916
0.000172701
0.000186301
0.000199876
0.00021333
0.000226556
0.000239464
0.000251962
0.000263965
0.00027539
0.000286171
0.000296269
0.000305664
0.000314369
0.000322441
0.00032995
0.000336964
0.000343645
0.000350211
0.000356828
0.000363658
0.000370975
0.000379009
0.000387976
0.000398102
0.000409592
0.00042264
0.000437438
0.000454169
0.000473009
0.000494142
0.00051776
0.000544052
0.000573278
0.000605753
0.000641837
0.000681998
0.000726865
0.000777279
0.000834368
0.000899593
0.000970219
0.00104598
0.00112649
0.00121119
0.00129941
0.00139037
0.00148326
0.00157737
0.0016723
0.00176792
0.0018635
0.00195743
0.00204523
0.0021151
0.00213903
0.00206029
0.00179104
0.0012667
0.000599387
0.000152452
0.000260733
4.08e-06
9.93139e-07
2.09317e-06
5.48342e-06
1.11073e-05
1.87927e-05
2.82767e-05
3.92763e-05
5.15316e-05
6.48349e-05
7.90355e-05
9.40397e-05
0.000109802
0.000126286
0.000143477
0.000161373
0.000179985
0.000199294
0.000219263
0.00023983
0.000260903
0.000282364
0.000304074
0.000325893
0.000347692
0.000369343
0.000390716
0.000411634
0.000431917
0.000451447
0.000470133
0.000487918
0.000504807
0.000520806
0.000535708
0.000549705
0.000562974
0.000575697
0.000588077
0.000600364
0.00061282
0.000625715
0.000639342
0.000653996
0.000669967
0.000687539
0.000706991
0.000728591
0.000752607
0.000779304
0.000808965
0.000841919
0.000878547
0.000919283
0.000964727
0.00101574
0.00107351
0.00113879
0.00120802
0.00128105
0.00135755
0.00143708
0.00151898
0.00160256
0.00168707
0.00177177
0.00185613
0.00194007
0.00202369
0.00210691
0.00218946
0.00226974
0.00234159
0.00238589
0.00235412
0.00214903
0.00164783
0.000874768
0.000230425
0.000225257
8.93239e-06
2.32606e-06
4.52029e-06
1.03127e-05
1.88726e-05
2.9693e-05
4.2412e-05
5.67729e-05
7.25875e-05
8.97245e-05
0.000108117
0.000127725
0.000148529
0.000170523
0.000193753
0.000218275
0.000244121
0.000271253
0.000299677
0.000329353
0.000360171
0.000391965
0.000424538
0.000457699
0.000491317
0.000525279
0.000559508
0.000593681
0.000627367
0.000660436
0.000692712
0.000724009
0.000754168
0.000783051
0.000810528
0.000836587
0.000861279
0.000884692
0.000906979
0.000928345
0.000949008
0.000969238
0.000989399
0.00100987
0.00103105
0.00105331
0.00107704
0.00110263
0.00113043
0.00116077
0.00119404
0.0012307
0.00127135
0.00131641
0.00136685
0.00142422
0.00148618
0.00155039
0.00161688
0.00168545
0.00175576
0.00182723
0.00189891
0.00197026
0.00204072
0.00210982
0.00217735
0.00224358
0.00230843
0.00237218
0.00243507
0.00249725
0.00255759
0.0026079
0.00261859
0.0025037
0.00208826
0.00126563
0.000375664
0.000111928
2.59835e-05
7.481e-06
1.27032e-05
2.33372e-05
3.67032e-05
5.20171e-05
6.905e-05
8.7759e-05
0.00010813
0.000130125
0.000153767
0.000179069
0.000206059
0.000234798
0.000265361
0.000297886
0.000332531
0.000369031
0.000407591
0.000448253
0.000490849
0.000535102
0.000580689
0.000627352
0.000675027
0.000723623
0.000772969
0.000822792
0.000872762
0.000922582
0.000971932
0.00102046
0.00106784
0.00111379
0.00115807
0.00120052
0.00124101
0.00127943
0.0013158
0.00135026
0.00138289
0.00141386
0.00144362
0.00147261
0.00150128
0.0015301
0.0015596
0.00159026
0.00162247
0.00165662
0.00169312
0.00173288
0.0017775
0.0018261
0.00187746
0.00192955
0.00198283
0.00203721
0.00209249
0.00214839
0.00220443
0.0022598
0.0023127
0.00236311
0.00241111
0.00245688
0.00250045
0.00254168
0.0025805
0.00261751
0.00265381
0.00269087
0.00273017
0.00277086
0.00280153
0.0027747
0.00254304
0.00182995
0.000747556
0.000324615
3.22059e-05
3.09957e-05
4.47294e-05
6.22839e-05
8.13296e-05
0.000101618
0.00012339
0.000147052
0.000172722
0.000200262
0.000229863
0.000261628
0.000295594
0.00033181
0.000370308
0.000411324
0.000455014
0.000501327
0.00055071
0.000603306
0.000658612
0.000716149
0.0007754
0.000836451
0.000899227
0.00096357
0.00102925
0.00109599
0.00116344
0.00123124
0.00129897
0.00136602
0.00143183
0.00149599
0.00155818
0.0016181
0.00167545
0.00172973
0.00178086
0.00182904
0.00187444
0.00191729
0.00195784
0.00199643
0.00203343
0.00206936
0.00210517
0.00214136
0.00217808
0.00221552
0.0022538
0.00229256
0.00233056
0.00236852
0.00240663
0.00244473
0.00248271
0.00252041
0.00255758
0.0025939
0.00262894
0.00266203
0.00269158
0.00271603
0.00273631
0.00275317
0.00276708
0.00277819
0.00278694
0.00279406
0.00280074
0.00280866
0.00282008
0.00283726
0.00285981
0.00287505
0.00282928
0.00256641
0.00183184
0.0010918
0.000140728
0.000143469
0.000156465
0.000173823
0.00019301
0.000214116
0.000237654
0.000263867
0.000292841
0.000324616
0.000359222
0.000396633
0.000436715
0.000479515
0.000524761
0.000573244
0.000625665
0.000682405
0.000743587
0.000809208
0.000876658
0.000946409
0.00101851
0.00109294
0.00116952
0.00124798
0.001328
0.0014092
0.00149124
0.00157375
0.0016564
0.0017379
0.00181743
0.00189473
0.00196953
0.00204158
0.00211064
0.0021765
0.00223899
0.00229805
0.00235367
0.00240592
0.00245492
0.00250082
0.00254383
0.00258407
0.00262129
0.00265566
0.00268771
0.0027178
0.00274619
0.00277299
0.00279816
0.00282175
0.00284379
0.00286425
0.00288303
0.00290003
0.00291506
0.0029279
0.00293828
0.00294585
0.00295005
0.00294953
0.00294142
0.002928
0.00291097
0.00289145
0.00287015
0.00284781
0.00282544
0.00280439
0.00278646
0.00277381
0.0027683
0.0027691
0.00276511
0.00271678
0.00253201
0.00209777
0.000605237
0.000521287
0.000477542
0.000457513
0.000452022
0.000456722
0.000469495
0.000488739
0.000513662
0.000543653
0.000578129
0.000616673
0.000658405
0.000704049
0.000754032
0.000809151
0.000870127
0.000936312
0.00100569
0.00107851
0.00115434
0.00123281
0.00131364
0.00139692
0.00148203
0.00156835
0.00165539
0.00174271
0.00182986
0.0019163
0.00200129
0.00208452
0.00216568
0.00224452
0.00232079
0.00239424
0.00246464
0.00253174
0.00259532
0.00265522
0.00271126
0.00276333
0.00281138
0.00285534
0.00289522
0.00293103
0.00296276
0.0029905
0.00301448
0.00303488
0.00305191
0.0030657
0.00307633
0.00308387
0.00308836
0.00308983
0.00308825
0.00308361
0.00307585
0.0030649
0.00305069
0.0030331
0.00301197
0.00298694
0.00295707
0.002919
0.00287629
0.00283117
0.00278491
0.0027383
0.00269207
0.00264713
0.00260454
0.00256552
0.00253122
0.00250216
0.00247653
0.00244662
0.00239428
0.00229271
0.00144605
0.00126073
0.00111838
0.0010166
0.000948281
0.000905482
0.000882881
0.000875786
0.000881141
0.000896496
0.000919479
0.000949652
0.000987248
0.00103186
0.00108144
0.00113598
0.00119549
0.00125972
0.0013284
0.00140118
0.00147701
0.00155504
0.00163448
0.00171427
0.00179411
0.00187384
0.00195322
0.00203198
0.00210982
0.00218634
0.0022611
0.00233372
0.00240406
0.00247205
0.00253754
0.00260035
0.00266029
0.00271711
0.00277063
0.00282063
0.00286692
0.00290934
0.00294773
0.00298197
0.00301195
0.0030376
0.00305885
0.00307569
0.00308814
0.00309625
0.00310011
0.0030998
0.00309539
0.00308696
0.0030746
0.00305835
0.0030383
0.0030145
0.00298702
0.00295593
0.0029213
0.00288324
0.00284181
0.00279712
0.00274912
0.00269741
0.00264006
0.00257986
0.00251881
0.00245785
0.0023975
0.00233825
0.00228065
0.00222521
0.00217232
0.00212208
0.00207387
0.0020257
0.00197345
0.0019109
0.00193771
0.00183713
0.00173136
0.00163094
0.00154357
0.00147252
0.00141892
0.00138219
0.0013615
0.00135469
0.00135957
0.00137442
0.00139796
0.0014291
0.00146679
0.00151039
0.00155984
0.00161383
0.00167099
0.00173021
0.001791
0.00185283
0.00191509
0.00197715
0.0020387
0.00209963
0.00215975
0.00221889
0.00227683
0.00233335
0.00238817
0.00244105
0.00249177
0.00254017
0.00258613
0.00262953
0.00267022
0.00270807
0.00274295
0.00277471
0.00280322
0.00282833
0.00284992
0.00286785
0.00288201
0.00289229
0.00289859
0.00290085
0.00289901
0.00289304
0.00288296
0.00286878
0.00285056
0.00282836
0.00280226
0.00277237
0.0027388
0.00270167
0.00266113
0.00261731
0.00257038
0.0025205
0.00246789
0.00241279
0.00235541
0.00229604
0.0022348
0.00217223
0.00210895
0.00204553
0.00198244
0.00192006
0.00185875
0.00179873
0.00174003
0.00168246
0.0016255
0.0015681
0.00150898
0.00144713
0.00201129
0.00199029
0.00195807
0.00191858
0.00187628
0.00183562
0.00180099
0.00177565
0.001757
0.00174568
0.00174214
0.0017462
0.00175731
0.00177457
0.00179718
0.00182459
0.00185513
0.00188826
0.00192344
0.0019601
0.00199774
0.00203592
0.00207421
0.00211222
0.00214962
0.00218616
0.00222167
0.00225598
0.00228896
0.0023205
0.00235044
0.00237864
0.00240496
0.00242931
0.0024516
0.00247177
0.00248973
0.00250542
0.00251875
0.00252965
0.00253803
0.00254381
0.0025469
0.00254722
0.00254465
0.00253907
0.0025304
0.00251854
0.00250344
0.00248507
0.00246341
0.00243849
0.00241035
0.00237907
0.00234475
0.0023075
0.00226746
0.00222476
0.00217954
0.00213197
0.00208219
0.0020304
0.00197685
0.00192179
0.00186551
0.00180833
0.00175054
0.00169248
0.00163448
0.0015768
0.00151968
0.00146333
0.00140801
0.0013536
0.00130016
0.00124766
0.00119603
0.00114507
0.00109455
0.00104435
0.00189685
0.00190722
0.00191138
0.00191017
0.00190524
0.00189906
0.00189457
0.0018917
0.00188978
0.00188974
0.00189217
0.00189727
0.00190507
0.00191541
0.00192796
0.00194154
0.00195601
0.00197117
0.0019868
0.00200265
0.00201849
0.00203413
0.00204937
0.00206404
0.002078
0.0020911
0.00210326
0.00211437
0.00212437
0.00213318
0.00214064
0.00214649
0.00215081
0.00215365
0.00215504
0.002155
0.00215351
0.00215053
0.00214603
0.00213995
0.00213227
0.00212295
0.00211194
0.00209917
0.00208445
0.00206754
0.00204844
0.00202713
0.00200361
0.00197789
0.00195
0.00191999
0.00188794
0.00185392
0.00181804
0.0017804
0.00174111
0.00170031
0.0016581
0.00161461
0.00157
0.00152446
0.00147818
0.00143139
0.00138424
0.00133693
0.00128966
0.00124268
0.00119628
0.00115069
0.00110599
0.00106221
0.00101938
0.000977487
0.000936352
0.000896289
0.000857564
0.000820136
0.000783813
0.000748845
0.00174047
0.00174591
0.00175191
0.00175757
0.00176264
0.00176723
0.00177166
0.00177614
0.00178072
0.00178549
0.00179056
0.00179596
0.00180169
0.00180767
0.0018138
0.00181968
0.00182493
0.00182951
0.00183309
0.00183559
0.00183713
0.00183779
0.0018376
0.00183661
0.00183482
0.00183225
0.00182888
0.00182472
0.00181975
0.00181397
0.00180736
0.00179988
0.00179152
0.00178226
0.0017721
0.00176099
0.00174867
0.00173512
0.00172037
0.00170443
0.00168734
0.00166912
0.00164979
0.00162934
0.00160776
0.00158503
0.00156118
0.0015362
0.00151012
0.00148297
0.0014548
0.00142565
0.0013955
0.00136442
0.00133245
0.00129971
0.00126629
0.00123234
0.00119805
0.0011635
0.00112876
0.00109392
0.00105901
0.00102415
0.000989375
0.000954676
0.000920296
0.000886455
0.000853345
0.000821107
0.000789724
0.000759139
0.000729304
0.000700297
0.000672187
0.00064492
0.000618387
0.000592628
0.000568151
0.000545496
0.00168771
0.00166609
0.0016504
0.00163801
0.00162822
0.00162049
0.00161435
0.00160944
0.00160544
0.00160209
0.00159921
0.00159662
0.00159417
0.00159173
0.00158916
0.00158669
0.00158392
0.00158072
0.00157693
0.00157244
0.00156718
0.00156108
0.00155412
0.00154626
0.00153749
0.00152782
0.00151724
0.00150578
0.00149345
0.0014803
0.00146634
0.00145157
0.00143601
0.00141968
0.0014026
0.00138482
0.00136634
0.00134719
0.00132741
0.00130703
0.00128611
0.0012647
0.00124287
0.00122068
0.00119815
0.00117529
0.00115212
0.00112866
0.00110492
0.0010809
0.00105659
0.00103201
0.00100697
0.000981579
0.000955982
0.000930311
0.000904676
0.000879159
0.000853838
0.000828701
0.000803736
0.000778957
0.000754344
0.000729961
0.000705895
0.000682219
0.000658968
0.000636163
0.000613688
0.000591535
0.000569759
0.000548503
0.000528098
0.000508648
0.000490017
0.00047192
0.000454375
0.000437416
0.000421105
0.000405531
0.00178713
0.00174213
0.00170282
0.00166795
0.00163655
0.00160795
0.00158144
0.00155676
0.00153406
0.00151335
0.00149457
0.00147758
0.0014622
0.00144794
0.00143402
0.00142055
0.00140774
0.0013953
0.00138296
0.00137051
0.00135779
0.00134465
0.00133101
0.00131678
0.00130192
0.00128641
0.00127024
0.00125342
0.00123596
0.0012179
0.00119926
0.00117994
0.00115994
0.00113938
0.00111834
0.00109698
0.00107539
0.00105366
0.00103185
0.00101002
0.000988239
0.000966545
0.000945007
0.000923657
0.000902473
0.000881427
0.000860505
0.000839711
0.000819057
0.000798551
0.000778193
0.000758009
0.000738019
0.000718227
0.000698582
0.000679037
0.000659597
0.000640278
0.000621097
0.00060207
0.000583227
0.000564749
0.000546749
0.00052929
0.000512419
0.000496025
0.000479842
0.000463888
0.000448169
0.000432703
0.000417512
0.000402629
0.000388096
0.000373935
0.000360153
0.000346744
0.000333712
0.000321052
0.000308751
0.000296836
0.00202961
0.00196353
0.00190196
0.00184496
0.00179257
0.00174497
0.00170179
0.0016621
0.00162528
0.00159084
0.0015584
0.00152754
0.00149813
0.00146991
0.00144257
0.00141595
0.0013901
0.0013648
0.00133986
0.0013151
0.00129038
0.00126561
0.00124073
0.0012157
0.00119049
0.00116513
0.00113963
0.00111403
0.00108836
0.00106267
0.00103702
0.00101146
0.000986019
0.000960751
0.000935655
0.000910763
0.000886122
0.00086178
0.000837776
0.000814144
0.000790912
0.000768103
0.000745733
0.000723814
0.000702354
0.000681366
0.000660954
0.000641146
0.000621968
0.000603437
0.000585548
0.000568307
0.000551691
0.000535402
0.000519383
0.000503629
0.000488133
0.000472885
0.000457878
0.000443111
0.000428587
0.000414323
0.000400325
0.000386603
0.000373165
0.000360008
0.000347115
0.000334487
0.000322123
0.000310023
0.000298193
0.000286632
0.000275344
0.000264327
0.000253586
0.000243123
0.000232931
0.000222997
0.000213302
0.000203869
0.00230672
0.00223983
0.00217328
0.00210805
0.00204482
0.00198399
0.00192574
0.00187009
0.00181689
0.00176593
0.00171692
0.00166915
0.00162277
0.00157759
0.00153355
0.00149048
0.00144777
0.0014054
0.00136335
0.00132167
0.00128037
0.00123952
0.00119918
0.00115943
0.00112034
0.00108201
0.00104452
0.00100795
0.000972327
0.000937736
0.000904219
0.000871739
0.000840194
0.000809622
0.000780039
0.000751459
0.000723883
0.000697302
0.000671705
0.000647072
0.000623378
0.000600593
0.000578686
0.000557621
0.000537366
0.000517885
0.000499149
0.000481119
0.000463765
0.000447055
0.000430961
0.000415453
0.000400498
0.000386049
0.000372067
0.000358521
0.000345377
0.000332609
0.000320193
0.000308109
0.000296342
0.000284877
0.000273701
0.000262807
0.000252192
0.000241854
0.000231792
0.000222006
0.000212495
0.000203257
0.000194289
0.000185589
0.000177149
0.000168964
0.000161028
0.000153331
0.000145862
0.000138605
0.000131544
0.000124697
0.00239253
0.00233486
0.00227286
0.002208
0.00214144
0.00207403
0.00200639
0.00193901
0.00187224
0.00180637
0.00174157
0.00167793
0.0016155
0.00155433
0.00149434
0.00143487
0.00137559
0.00131687
0.00125902
0.00120233
0.00114703
0.00109332
0.00104136
0.000991279
0.000943159
0.000897064
0.000853026
0.000811056
0.000771142
0.000733252
0.00069734
0.000663343
0.000631183
0.000600783
0.000572059
0.000544929
0.000519305
0.000495103
0.000472236
0.000450625
0.00043019
0.000410853
0.000392543
0.000375188
0.000358724
0.000343087
0.000328216
0.000314054
0.000300549
0.000287655
0.000275331
0.000263537
0.000252238
0.000241402
0.000230999
0.000221002
0.000211384
0.000202121
0.000193192
0.000184579
0.000176265
0.000168236
0.000160481
0.00015299
0.000145757
0.000138776
0.000132043
0.000125554
0.000119304
0.000113289
0.000107504
0.000101941
9.65934e-05
9.14524e-05
8.65087e-05
8.17514e-05
7.7167e-05
7.27405e-05
6.84617e-05
6.4343e-05
0.00198497
0.00193388
0.00187721
0.0018161
0.00175163
0.00168477
0.00161636
0.00154716
0.00147783
0.00140896
0.00134098
0.00127423
0.00120898
0.00114534
0.0010829
0.00102157
0.000962582
0.000906093
0.000852227
0.000801054
0.000752603
0.000706867
0.000663807
0.000623355
0.000585428
0.000549925
0.000516733
0.000485737
0.000456813
0.000429842
0.0004047
0.00038127
0.000359435
0.000339084
0.000320112
0.000302417
0.000285902
0.000270477
0.000256058
0.000242566
0.000229926
0.000218074
0.000206944
0.00019648
0.000186627
0.000177337
0.000168563
0.000160263
0.0001524
0.000144939
0.000137851
0.000131108
0.000124685
0.000118561
0.000112715
0.00010713
0.00010179
9.66805e-05
9.17877e-05
8.71006e-05
8.2609e-05
7.83043e-05
7.41788e-05
7.0226e-05
6.64404e-05
6.28172e-05
5.93522e-05
5.60411e-05
5.28798e-05
4.98635e-05
4.69874e-05
4.42462e-05
4.1634e-05
3.91444e-05
3.67702e-05
3.45026e-05
3.23307e-05
3.0243e-05
2.82369e-05
2.63243e-05
0.00106063
0.00102641
0.000988211
0.000946948
0.000903493
0.000858638
0.000813105
0.000767623
0.000722964
0.000679491
0.000637374
0.000596721
0.000557589
0.000519644
0.000483623
0.000450623
0.000420262
0.000392221
0.000366253
0.000342161
0.000319784
0.000298983
0.00027964
0.000261648
0.000244913
0.000229347
0.00021487
0.000201407
0.00018889
0.000177251
0.00016643
0.000156368
0.000147012
0.000138308
0.00013021
0.000122671
0.000115648
0.000109101
0.000102991
9.7284e-05
9.19471e-05
8.69502e-05
8.22655e-05
7.78669e-05
7.37304e-05
6.98334e-05
6.61558e-05
6.26787e-05
5.93855e-05
5.62613e-05
5.32926e-05
5.04678e-05
4.77762e-05
4.52089e-05
4.27577e-05
4.04157e-05
3.81766e-05
3.6035e-05
3.39861e-05
3.20261e-05
3.01516e-05
2.83597e-05
2.66481e-05
2.50147e-05
2.34579e-05
2.19762e-05
2.05681e-05
1.92322e-05
1.79666e-05
1.67694e-05
1.56384e-05
1.45711e-05
1.35646e-05
1.26156e-05
1.17202e-05
1.08727e-05
1.00649e-05
9.28808e-06
8.55065e-06
7.86588e-06
0.000295906
0.000294966
0.000293046
0.000290205
0.000286497
0.000281969
0.000276713
0.000271103
0.000265981
0.000260405
0.000253914
0.000246763
0.000238956
0.000231024
0.000222978
0.000214766
0.000206396
0.000197939
0.000189447
0.000180981
0.000172606
0.000164383
0.000156365
0.000148595
0.000141105
0.00013392
0.000127054
0.000120518
0.000114311
0.000108432
0.000102873
9.76237e-05
9.2672e-05
8.80035e-05
8.36027e-05
7.94532e-05
7.55383e-05
7.18407e-05
6.83434e-05
6.50303e-05
6.1886e-05
5.88976e-05
5.60536e-05
5.33407e-05
5.07449e-05
4.82537e-05
4.58567e-05
4.3545e-05
4.13109e-05
3.91483e-05
3.70521e-05
3.50185e-05
3.30443e-05
3.11276e-05
2.9267e-05
2.7462e-05
2.57123e-05
2.40183e-05
2.23807e-05
2.08007e-05
1.92797e-05
1.78193e-05
1.64214e-05
1.50876e-05
1.38194e-05
1.26181e-05
1.14844e-05
1.04188e-05
9.42075e-06
8.4894e-06
7.62322e-06
6.82022e-06
6.07796e-06
5.3936e-06
4.76367e-06
4.18328e-06
3.64414e-06
3.13562e-06
2.68016e-06
2.28727e-06
0.000476952
0.000559487
0.00063921
0.000713416
0.000780191
0.000837993
0.000885752
0.000923111
0.000950157
0.000967216
0.000974584
0.00097255
0.000963336
0.000948595
0.000929268
0.000905695
0.000879164
0.000850474
0.000820238
0.000789047
0.00075744
0.000725856
0.000694642
0.000664069
0.000634338
0.000605596
0.000577941
0.000551433
0.000526099
0.000501945
0.000478954
0.000457095
0.000436328
0.000416602
0.000397861
0.000380044
0.000363086
0.000346919
0.000331476
0.000316695
0.000302535
0.000288955
0.0002759
0.000263312
0.000251132
0.00023931
0.000227813
0.000216613
0.000205686
0.000195016
0.00018459
0.000174401
0.000164445
0.000154724
0.000145239
0.000135998
0.000127008
0.000118278
0.000109819
0.000101643
9.37644e-05
8.61968e-05
7.89535e-05
7.2047e-05
6.5488e-05
5.92852e-05
5.34437e-05
4.79654e-05
4.28484e-05
3.80875e-05
3.36743e-05
2.95984e-05
2.58472e-05
2.2407e-05
1.92636e-05
1.64023e-05
1.38089e-05
1.14703e-05
9.37699e-06
7.51857e-06
0.00391085
0.00505254
0.00524622
0.00185759
0.00167725
0.00153437
0.00215302
0.00199577
0.00183736
0.00183961
0.00175344
0.00165683
0.00138894
0.00132774
0.00126357
0.00100063
0.00095771
0.000914968
0.000718783
0.000689949
0.000662558
0.000526615
0.000508655
0.000491336
0.00039235
0.000379693
0.000367267
0.000286569
0.000276563
0.000266588
0.000195667
0.000187652
0.000179642
0.000118737
0.000112955
0.000107216
6.07665e-05
5.73428e-05
5.39831e-05
2.46719e-05
2.31188e-05
2.16159e-05
7.28589e-06
6.7587e-06
6.26027e-06
1.96937e-06
1.70135e-06
1.46372e-06
5.99366e-06
4.74506e-06
3.65991e-06
4.19172e-09
5.18195e-09
4.06741e-08
2.77042e-07
9.73265e-07
2.50207e-06
5.41778e-06
1.05536e-05
1.9099e-05
3.26352e-05
5.31676e-05
8.29234e-05
0.000122423
0.000167757
0.000210575
0.000244137
0.000256832
0.000233395
0.000174142
8.88614e-05
4.42536e-05
0.000212379
0.000890921
0.00254538
0.00580202
6.10165e-09
7.25258e-09
2.67679e-08
9.6437e-08
2.68059e-07
6.21721e-07
1.28263e-06
2.43875e-06
4.35156e-06
7.34793e-06
1.17733e-05
1.78455e-05
2.53037e-05
3.32446e-05
4.04952e-05
4.62521e-05
5.02496e-05
5.32747e-05
5.65278e-05
6.32401e-05
8.39729e-05
0.000134419
0.000232298
0.000394777
0.000617003
1.92436e-07
4.70595e-08
6.67056e-08
1.69003e-07
3.80296e-07
7.56813e-07
1.39119e-06
2.41671e-06
4.00489e-06
6.3549e-06
9.67519e-06
1.41639e-05
2.00128e-05
2.75032e-05
3.7211e-05
5.02819e-05
6.74205e-05
8.90288e-05
0.000115994
0.000149266
0.000190317
0.000231807
0.000275393
0.000315305
0.000349222
1.0536e-06
1.90782e-07
1.57903e-07
3.3848e-07
7.17346e-07
1.34636e-06
2.32893e-06
3.82405e-06
6.04916e-06
9.28897e-06
1.39161e-05
2.04249e-05
2.94696e-05
4.18741e-05
5.8607e-05
8.02618e-05
0.000106346
0.000137421
0.000173322
0.000212835
0.000248015
0.000276415
0.00029885
0.000315134
0.000325846
3.02967e-06
4.94723e-07
2.95546e-07
5.42687e-07
1.11639e-06
2.05282e-06
3.46327e-06
5.53995e-06
8.56303e-06
1.29151e-05
1.91036e-05
2.77764e-05
3.96974e-05
5.56391e-05
7.61532e-05
0.000100795
0.000130056
0.000163945
0.000200885
0.000233987
0.00026146
0.000282867
0.000298242
0.000308369
0.000314865
5.95309e-06
9.32058e-07
4.56122e-07
7.20565e-07
1.44181e-06
2.62613e-06
4.37586e-06
6.89091e-06
1.04762e-05
1.55486e-05
2.26432e-05
3.24022e-05
4.55183e-05
6.26123e-05
8.39824e-05
0.000110043
0.000140905
0.000176146
0.000209801
0.000239366
0.000263577
0.000281708
0.000294101
0.000302181
0.000308113
9.03317e-06
1.39384e-06
6.07885e-07
8.35222e-07
1.62045e-06
2.93608e-06
4.86349e-06
7.58454e-06
1.13917e-05
1.66903e-05
2.39998e-05
3.395e-05
4.72767e-05
6.47955e-05
8.71613e-05
0.000115411
0.000147865
0.000182223
0.000214619
0.000242728
0.000264969
0.00028089
0.000291449
0.000298685
0.000305091
1.14069e-05
1.7568e-06
7.16413e-07
8.76846e-07
1.64879e-06
2.98062e-06
4.93452e-06
7.66853e-06
1.14543e-05
1.66924e-05
2.39327e-05
3.38889e-05
4.75929e-05
6.65418e-05
9.07424e-05
0.000120407
0.000154103
0.000188707
0.000220602
0.000247389
0.000267664
0.000281562
0.000290758
0.000297815
0.00030531
1.25455e-05
1.9427e-06
7.66825e-07
8.59629e-07
1.57025e-06
2.84162e-06
4.73319e-06
7.38806e-06
1.10872e-05
1.62907e-05
2.37444e-05
3.42282e-05
4.90013e-05
6.93178e-05
9.56562e-05
0.000127518
0.000162768
0.000197551
0.000228609
0.000253577
0.000271605
0.000283563
0.000291827
0.000299379
0.000309804
1.25084e-05
1.95466e-06
7.6502e-07
8.10298e-07
1.44879e-06
2.64022e-06
4.46082e-06
7.08061e-06
1.08209e-05
1.62166e-05
2.40819e-05
3.55194e-05
5.2032e-05
7.4725e-05
0.000103764
0.000137931
0.000174295
0.000208801
0.000238278
0.000260809
0.000276396
0.000286648
0.000295019
0.000304863
0.000318775
1.16794e-05
1.84173e-06
7.29204e-07
7.60443e-07
1.34898e-06
2.4834e-06
4.27517e-06
6.94709e-06
1.08994e-05
1.67923e-05
2.56243e-05
3.87751e-05
5.79561e-05
8.3781e-05
0.000115772
0.000151849
0.000188467
0.000221594
0.000248388
0.000267901
0.000281358
0.000291517
0.000301631
0.00031446
0.000331783
1.04844e-05
1.66595e-06
6.76046e-07
7.23365e-07
1.30199e-06
2.44133e-06
4.30886e-06
7.21447e-06
1.16901e-05
1.85874e-05
2.9163e-05
4.51062e-05
6.77887e-05
9.7188e-05
0.000131898
0.000168951
0.000204463
0.000234941
0.000258596
0.000275725
0.000288426
0.000299645
0.000312195
0.000328105
0.00034837
9.34007e-06
1.49217e-06
6.2905e-07
7.22493e-07
1.35436e-06
2.6102e-06
4.74135e-06
8.18853e-06
1.36736e-05
2.22983e-05
3.56018e-05
5.55006e-05
8.23623e-05
0.000115316
0.000151937
0.000188663
0.000221863
0.000249124
0.00026992
0.000285592
0.000298621
0.000311677
0.000326912
0.000345599
0.000368029
8.56447e-06
1.37283e-06
6.131e-07
7.93111e-07
1.57964e-06
3.13774e-06
5.84104e-06
1.03149e-05
1.75327e-05
2.88942e-05
4.62189e-05
7.09985e-05
0.000102263
0.000138079
0.000175263
0.000210273
0.000240386
0.000264494
0.000283238
0.00029854
0.000312776
0.000328052
0.000345796
0.000366587
0.000390109
8.36622e-06
1.34628e-06
6.5496e-07
9.90791e-07
2.10036e-06
4.266e-06
8.03334e-06
1.42747e-05
2.42748e-05
3.97623e-05
6.27973e-05
9.26379e-05
0.000127624
0.00016488
0.000201046
0.000233318
0.000260242
0.000281913
0.000299708
0.000315612
0.000331553
0.000348966
0.000368603
0.000390459
0.000413714
8.98378e-06
1.45855e-06
8.04333e-07
1.41636e-06
3.12452e-06
6.4e-06
1.20065e-05
2.11308e-05
3.54314e-05
5.70109e-05
8.61013e-05
0.000120582
0.000157873
0.000194848
0.000228779
0.000258061
0.000282411
0.000302739
0.000320615
0.000337697
0.000355308
0.000374246
0.00039471
0.00041624
0.000437606
1.08593e-05
1.787e-06
1.14272e-06
2.26123e-06
5.03755e-06
1.02356e-05
1.89169e-05
3.26245e-05
5.34544e-05
8.24696e-05
0.00011697
0.000154543
0.000192278
0.000227609
0.000258936
0.000285742
0.000308562
0.000328571
0.000347102
0.000365289
0.000383882
0.000403179
0.000422984
0.000442492
0.000460122
1.47965e-05
2.47948e-06
1.83228e-06
3.89125e-06
8.60344e-06
1.71875e-05
3.0964e-05
5.20427e-05
8.18056e-05
0.000117048
0.000155399
0.000194127
0.000230869
0.000264121
0.000293252
0.000318506
0.000340693
0.000360809
0.00037975
0.000398155
0.000416356
0.000434344
0.000451663
0.000467224
0.000479114
2.26196e-05
3.87034e-06
3.27842e-06
7.22122e-06
1.57359e-05
3.03394e-05
5.30079e-05
8.47117e-05
0.000121723
0.000161605
0.000201817
0.00024023
0.000275486
0.00030691
0.000334518
0.000358793
0.000380402
0.000399988
0.000418059
0.000434952
0.000450807
0.000465466
0.000478271
0.000487851
0.000491941
3.72334e-05
6.6863e-06
6.77102e-06
1.51557e-05
3.1476e-05
5.78616e-05
9.32652e-05
0.000133445
0.000175851
0.000218203
0.000258705
0.00029614
0.000329812
0.000359551
0.000385547
0.000408171
0.000427843
0.000444965
0.000459897
0.000472925
0.000484163
0.000493361
0.000499617
0.000501234
0.000496033
6.94819e-05
1.36543e-05
1.79273e-05
3.78764e-05
7.18113e-05
0.000113293
0.000158173
0.000204081
0.000249124
0.000291971
0.000331507
0.000367011
0.000398141
0.000424847
0.000447277
0.00046571
0.000480524
0.000492177
0.000501138
0.000507782
0.000512218
0.000514037
0.000511939
0.000503765
0.000489605
9.82776e-05
3.56087e-05
6.48786e-05
0.000111683
0.000161
0.000210689
0.000259602
0.000306703
0.00035089
0.000391159
0.000426731
0.000457106
0.000482076
0.000501695
0.000516259
0.000526274
0.000532396
0.000535339
0.00053573
0.000533944
0.000529951
0.000523051
0.000511289
0.000493621
0.000471454
0.000352197
0.00022069
0.000251207
0.000291403
0.000333016
0.000375232
0.000416823
0.000456106
0.00049145
0.00052159
0.000545737
0.000563588
0.00057528
0.000581321
0.000582495
0.000579737
0.00057399
0.000566055
0.000556441
0.000545278
0.000532243
0.000516263
0.000494949
0.000469446
0.000441163
0.00200459
0.00108618
0.000773837
0.00066294
0.000630535
0.000630209
0.000641683
0.000655263
0.000666189
0.000672278
0.000672824
0.000668015
0.000658579
0.000645508
0.000629857
0.000612571
0.000594361
0.00057563
0.000556426
0.000536472
0.000515154
0.000490909
0.00046246
0.000431665
0.000399787
0.00130512
0.00114394
0.00104294
0.000979863
0.000937957
0.000906575
0.000879328
0.000852704
0.000825063
0.000795906
0.00076542
0.000734145
0.000702753
0.000671854
0.000641886
0.000613062
0.00058536
0.000558537
0.000532156
0.000505666
0.000478375
0.000448643
0.000416383
0.000383371
0.000350645
0.00166893
0.00151828
0.00138836
0.00127695
0.00118052
0.00109578
0.00102019
0.000951894
0.000889726
0.000832878
0.00078081
0.000733117
0.000689455
0.000649401
0.000612464
0.0005781
0.000545725
0.000514738
0.000484535
0.000454583
0.000424369
0.000392758
0.000359958
0.000327613
0.000296471
0.00154362
0.00143007
0.00132098
0.00121886
0.00112421
0.00103746
0.000958718
0.000887575
0.000823439
0.000765652
0.000713494
0.00066628
0.000623451
0.000584231
0.0005479
0.000513795
0.000481318
0.000449946
0.000419266
0.000388982
0.000358895
0.000328604
0.000298071
0.000268731
0.000240997
0.00119019
0.00111685
0.00104413
0.000974282
0.000908433
0.000847032
0.000790156
0.000737684
0.00068925
0.000644478
0.000602931
0.000564363
0.000528889
0.00049543
0.000463528
0.000432791
0.000402906
0.000373661
0.000344948
0.000316753
0.000289151
0.000262251
0.000235934
0.000211068
0.000187753
0.000867414
0.000820449
0.000775479
0.000733352
0.00069342
0.000655255
0.000618749
0.000583663
0.000549613
0.000516872
0.000485822
0.000456673
0.000428576
0.000401057
0.000374009
0.000347366
0.000321114
0.000295294
0.000270011
0.000245435
0.000221796
0.000199311
0.000178072
0.000158151
0.000139469
0.000633738
0.000605768
0.000578902
0.000552969
0.000527639
0.000502461
0.000477293
0.00045227
0.000427567
0.000403526
0.000380325
0.000357175
0.000334108
0.000311143
0.000288327
0.000265747
0.000243526
0.000221817
0.000200803
0.000180699
0.000161744
0.000144076
0.000127729
0.000112652
9.86693e-05
0.00047268
0.000454455
0.00043658
0.000418657
0.000400374
0.000381777
0.000362984
0.000344087
0.000324996
0.000305825
0.000286688
0.000267621
0.000248651
0.000229768
0.000211056
0.000192687
0.000174828
0.000157644
0.000141298
0.000125955
0.000111762
9.87815e-05
8.69988e-05
7.63064e-05
6.6492e-05
0.000353586
0.00033989
0.00032609
0.000311953
0.000297461
0.00028263
0.000267504
0.000252148
0.000236635
0.000221056
0.000205514
0.000190083
0.000174795
0.000159794
0.000145216
0.000131188
0.000117823
0.000105224
9.34791e-05
8.26675e-05
7.28452e-05
6.40217e-05
5.61445e-05
4.90857e-05
4.26416e-05
0.000255492
0.000244258
0.000232912
0.000221384
0.00020964
0.000197683
0.000185551
0.00017331
0.000161047
0.000148861
0.00013686
0.000125145
0.000113805
0.000102927
9.25907e-05
8.2859e-05
7.37817e-05
6.53943e-05
5.77228e-05
5.07845e-05
4.45808e-05
3.90852e-05
3.42304e-05
2.99012e-05
2.5937e-05
0.000170768
0.000161805
0.000152825
0.000143818
0.000134793
0.000125775
0.000116807
0.000107943
9.92463e-05
9.07836e-05
8.26186e-05
7.48087e-05
6.74032e-05
6.04437e-05
5.39612e-05
4.79735e-05
4.24856e-05
3.74946e-05
3.2995e-05
2.89784e-05
2.54269e-05
2.23065e-05
1.95585e-05
1.70999e-05
1.48246e-05
0.000100948
9.46816e-05
8.85007e-05
8.24121e-05
7.64318e-05
7.05823e-05
6.48915e-05
5.93906e-05
5.41111e-05
4.90816e-05
4.43254e-05
3.98596e-05
3.5698e-05
3.18516e-05
2.83249e-05
2.51129e-05
2.22028e-05
1.95799e-05
1.72336e-05
1.51533e-05
1.33222e-05
1.17164e-05
1.02924e-05
9.00676e-06
7.82035e-06
5.03806e-05
4.68234e-05
4.33739e-05
4.00371e-05
3.68206e-05
3.37341e-05
3.0788e-05
2.79932e-05
2.53591e-05
2.28917e-05
2.05925e-05
1.84603e-05
1.64954e-05
1.46995e-05
1.30702e-05
1.15982e-05
1.02702e-05
9.07345e-06
8.00362e-06
7.05539e-06
6.21423e-06
5.48346e-06
4.83786e-06
4.25211e-06
3.7054e-06
2.00369e-05
1.84942e-05
1.70218e-05
1.56197e-05
1.42888e-05
1.30307e-05
1.18471e-05
1.074e-05
9.71017e-06
8.75634e-06
7.87446e-06
7.06003e-06
6.31291e-06
5.63537e-06
5.02561e-06
4.47695e-06
3.98086e-06
3.52746e-06
3.12107e-06
2.76431e-06
2.44933e-06
2.17182e-06
1.92417e-06
1.69842e-06
1.48776e-06
5.751e-06
5.26076e-06
4.80319e-06
4.37717e-06
3.98187e-06
3.61653e-06
3.2799e-06
2.9719e-06
2.69106e-06
2.4349e-06
2.19983e-06
1.98291e-06
1.78511e-06
1.60845e-06
1.45096e-06
1.30968e-06
1.18275e-06
1.06442e-06
9.57348e-07
8.62413e-07
7.76928e-07
6.99468e-07
6.28921e-07
5.63739e-07
5.02856e-07
1.23937e-06
1.03834e-06
8.69682e-07
7.32054e-07
6.23423e-07
5.42383e-07
4.80478e-07
4.41008e-07
4.17545e-07
4.04141e-07
3.95589e-07
3.91145e-07
3.94339e-07
4.03233e-07
4.10912e-07
4.13608e-07
4.14837e-07
4.13681e-07
4.16429e-07
4.18884e-07
4.13375e-07
4.02373e-07
3.89575e-07
3.74588e-07
3.53485e-07
2.67209e-06
1.81385e-06
1.14039e-06
6.43562e-07
3.08483e-07
1.41747e-07
4.75785e-08
9.51167e-08
2.21133e-07
3.88034e-07
5.60313e-07
7.38041e-07
9.58366e-07
1.20491e-06
1.41903e-06
1.55773e-06
1.644e-06
1.73062e-06
1.85956e-06
1.98636e-06
2.0339e-06
2.03103e-06
2.01604e-06
1.98757e-06
1.91258e-06
0.00297369
0.00047796
0.000200649
0.000170227
0.000171151
0.000176842
0.000195281
0.000255863
0.000528973
0.00300091
0.00291637
0.000469289
0.000200742
0.000176312
0.000179115
0.000184557
0.00020277
0.000265756
0.000544835
0.00309127
0.00287032
0.000460031
0.000201116
0.000183422
0.000188043
0.000193039
0.000211096
0.000277393
0.000563525
0.0031631
0.00281051
0.000448809
0.00020186
0.000191507
0.000197706
0.000201974
0.000219806
0.00029038
0.000586044
0.00325482
0.00273916
0.000435594
0.000203224
0.000200726
0.000208145
0.000211342
0.000228809
0.000304714
0.000613074
0.00336235
0.00265139
0.000420046
0.000205559
0.000211308
0.000219446
0.000221137
0.000237951
0.000320291
0.000645593
0.00349332
0.00254426
0.000402077
0.000209388
0.000223523
0.000231709
0.000231356
0.000247036
0.000336861
0.000684456
0.00365341
0.00241502
0.000381807
0.000215456
0.000237698
0.000245063
0.000242008
0.000255822
0.000353963
0.000730323
0.00384932
0.00226226
0.00035969
0.000224777
0.000254217
0.000259662
0.000253117
0.000264144
0.000370872
0.000783506
0.00408785
0.00208642
0.000336631
0.000238516
0.000273529
0.000275694
0.000264716
0.000271718
0.000386545
0.000843558
0.00437582
0.00189058
0.000314236
0.0002581
0.000296192
0.000293377
0.000276854
0.000278306
0.000399603
0.0009087
0.00471741
0.00167974
0.000295283
0.000285675
0.000322904
0.000312913
0.000289604
0.000283703
0.000408425
0.000975297
0.00511094
0.00146029
0.000284624
0.00032447
0.000354492
0.000334455
0.000303018
0.000287921
0.000411412
0.00103805
0.00554632
0.00124737
0.000291581
0.000378501
0.000391845
0.000358015
0.000317063
0.000291186
0.000407346
0.00108948
0.00600206
0.00106558
0.000333631
0.000452875
0.000436481
0.000383225
0.000331353
0.000294105
0.000395898
0.00111925
0.0064376
0.000930702
0.0004443
0.000554094
0.000489927
0.000409227
0.000344925
0.000297069
0.000378934
0.00111978
0.00678991
0.000874736
0.000684508
0.000694135
0.000550639
0.000433584
0.000356485
0.000299089
0.000360541
0.00108521
0.00699969
0.00147743
0.00116842
0.00087951
0.000610096
0.000451403
0.00036399
0.000299036
0.000341448
0.00102247
0.00698314
0.00527219
0.00203804
0.00108537
0.000645637
0.000454656
0.000364892
0.00029582
0.00032059
0.000949012
0.00669767
0.0117616
0.00290043
0.00114699
0.000611564
0.000434037
0.000357098
0.000288851
0.000298299
0.000860142
0.00619658
0.00251392
0.00119945
0.00067132
0.000466748
0.000391235
0.000342993
0.000279291
0.000275887
0.000765371
0.00555885
0.000553313
0.000467533
0.000408626
0.000378955
0.00036239
0.000331536
0.000269866
0.000254493
0.000672221
0.00487537
0.000359434
0.000357676
0.000354971
0.000356255
0.000353553
0.000325666
0.000262202
0.000235059
0.000586272
0.00421705
0.000331636
0.000335685
0.000342133
0.000351103
0.000352137
0.000323267
0.00025638
0.000217823
0.000509811
0.00362131
0.000320257
0.000327507
0.000338764
0.000351978
0.000354522
0.00032395
0.000252452
0.000202798
0.00044333
0.00310362
0.000314847
0.000325269
0.000340457
0.00035712
0.00036058
0.000327302
0.000250181
0.000189812
0.000386117
0.00266276
0.000313797
0.000327842
0.000347559
0.00036693
0.000369824
0.00033257
0.000249172
0.000178632
0.000336901
0.00228933
0.000317441
0.000335968
0.000359303
0.000379949
0.000380948
0.000338849
0.000248969
0.000169038
0.000294253
0.00197103
0.000326045
0.000348453
0.00037417
0.00039473
0.000392762
0.000345313
0.000249086
0.000160649
0.000256802
0.00169583
0.000338791
0.000364103
0.000390903
0.000410088
0.000404268
0.000351224
0.000249034
0.000153011
0.000223389
0.00145356
0.000354875
0.000381949
0.000408473
0.000425007
0.000414572
0.000355897
0.000248353
0.000145798
0.000193162
0.00123655
0.000373584
0.000401123
0.000425922
0.000438503
0.000422823
0.000358679
0.000246592
0.000138719
0.000165542
0.00103962
0.000394177
0.000420722
0.000442241
0.000449532
0.000428178
0.000358959
0.000243324
0.000131518
0.000140192
0.000859879
0.000415773
0.0004397
0.000456283
0.00045692
0.000429832
0.000356212
0.000238174
0.00012398
0.000116971
0.00069625
0.000437254
0.000456792
0.000466705
0.000460507
0.000427524
0.000350078
0.000230838
0.000115939
9.58716e-05
0.000548962
0.000457188
0.000470453
0.000472887
0.000459752
0.000421023
0.000340238
0.00022108
0.000107279
7.69691e-05
0.000419003
0.000473772
0.000479142
0.000473989
0.000454015
0.000409879
0.000326406
0.000208751
9.79451e-05
6.03517e-05
0.000307448
0.000484752
0.000481909
0.000469196
0.000442697
0.000393714
0.000308432
0.000193848
8.7957e-05
4.60791e-05
0.000215036
0.000488668
0.000477616
0.00045771
0.000425304
0.000372297
0.000286373
0.000176546
7.74188e-05
3.41335e-05
0.000141787
0.00048398
0.000465238
0.000438933
0.000401578
0.00034561
0.00026054
0.000157242
6.65424e-05
2.43864e-05
8.67758e-05
0.000469518
0.000444135
0.000412651
0.000371614
0.000313865
0.000231543
0.000136581
5.57372e-05
1.68094e-05
4.81425e-05
0.00044471
0.00041425
0.000379179
0.00033599
0.000277764
0.000200352
0.000115394
4.55181e-05
1.14295e-05
2.32894e-05
0.000409814
0.000376273
0.000339455
0.000295817
0.000239004
0.000168313
9.45003e-05
3.60476e-05
7.64959e-06
9.07996e-06
0.000366282
0.000331841
0.000295138
0.000252669
0.000199313
0.000136895
7.48273e-05
2.76242e-05
5.12056e-06
2.41396e-06
0.000317411
0.000284053
0.000249013
0.000208792
0.000160914
0.000107757
5.72848e-05
2.04896e-05
3.49469e-06
3.04078e-07
0.000265529
0.000234809
0.000202608
0.000166338
0.000125207
8.16822e-05
4.21852e-05
1.46457e-05
2.48853e-06
7.15392e-07
0.000213725
0.000186607
0.000158257
0.000127325
9.36156e-05
5.94507e-05
2.97879e-05
1.00294e-05
1.85721e-06
1.90152e-06
0.000164761
0.00014193
0.000118458
9.34548e-05
6.71031e-05
4.14208e-05
2.00348e-05
6.64348e-06
1.45496e-06
3.02664e-06
0.000121224
0.000103213
8.48655e-05
6.56722e-05
4.60085e-05
2.74941e-05
1.30265e-05
4.3017e-06
1.17558e-06
3.68267e-06
8.51101e-05
7.17232e-05
5.81408e-05
4.41218e-05
3.00924e-05
1.76268e-05
8.23358e-06
2.74247e-06
9.61554e-07
3.74329e-06
5.70127e-05
4.76032e-05
3.80567e-05
2.83014e-05
1.89369e-05
1.09517e-05
5.0478e-06
1.71199e-06
7.54217e-07
3.33757e-06
3.63972e-05
3.01319e-05
2.37657e-05
1.73689e-05
1.1514e-05
6.59279e-06
3.03488e-06
1.0592e-06
5.63598e-07
2.69563e-06
2.20548e-05
1.81043e-05
1.40552e-05
1.02733e-05
6.80575e-06
3.88857e-06
1.79234e-06
6.44009e-07
3.97958e-07
1.99467e-06
1.25479e-05
1.02421e-05
8.01138e-06
5.87573e-06
3.89497e-06
2.22543e-06
1.02954e-06
3.80121e-07
2.61366e-07
1.34252e-06
6.6392e-06
5.45934e-06
4.31171e-06
3.18138e-06
2.11783e-06
1.215e-06
5.65933e-07
2.13741e-07
1.56347e-07
8.08377e-07
3.16659e-06
2.63905e-06
2.10737e-06
1.57012e-06
1.05549e-06
6.12098e-07
2.88768e-07
1.10979e-07
8.18905e-08
4.1657e-07
1.28862e-06
1.0873e-06
8.78729e-07
6.63242e-07
4.52853e-07
2.67773e-07
1.29264e-07
5.04765e-08
3.53065e-08
1.70856e-07
4.42346e-07
3.77421e-07
3.07562e-07
2.34038e-07
1.61618e-07
9.73084e-08
4.82018e-08
1.88638e-08
1.06212e-08
4.20389e-08
3.21795e-07
2.77481e-07
2.23687e-07
1.65369e-07
1.0913e-07
6.17531e-08
2.81694e-08
9.25232e-09
2.45806e-09
3.8188e-09
1.76063e-06
1.52218e-06
1.21937e-06
8.86254e-07
5.65779e-07
3.01091e-07
1.22794e-07
3.15015e-08
3.58829e-09
3.74577e-10
)
;

boundaryField
{
    inlet
    {
        type            fixedValue;
        value           uniform 0.124076;
    }
    outlet
    {
        type            zeroGradient;
    }
    walls
    {
        type            kqRWallFunction;
        value           nonuniform List<scalar> 
446
(
0.0672357
0.040011
0.0262826
0.0177348
0.0123176
0.00912708
0.00723335
0.00606117
0.00531498
0.00481484
0.00445136
0.00416398
0.00391872
0.00369269
0.00347016
0.00324142
0.0030003
0.00274291
0.00246767
0.00217624
0.00187306
0.0015695
0.00127944
0.00101362
0.000778749
0.000578104
0.000412502
0.000280883
0.000180712
0.000108316
5.91985e-05
2.84893e-05
1.13558e-05
3.54348e-06
2.11037e-06
4.26089e-06
6.96905e-06
9.45752e-06
1.17379e-05
1.32466e-05
1.33678e-05
1.31006e-05
1.26148e-05
1.14561e-05
1.01836e-05
9.20394e-06
8.43127e-06
7.84397e-06
7.44476e-06
7.06877e-06
6.56747e-06
5.82785e-06
4.78522e-06
3.50104e-06
2.17526e-06
1.07019e-06
3.66979e-07
6.33194e-08
2.37968e-09
9.92508e-10
9.92508e-10
1.84877e-09
2.55599e-08
1.46493e-07
4.61401e-07
1.0868e-06
2.16144e-06
3.86332e-06
6.41459e-06
1.00747e-05
1.5006e-05
2.13521e-05
2.94772e-05
3.96748e-05
5.22496e-05
6.70278e-05
8.29695e-05
9.82727e-05
0.000109968
0.000117566
0.000121294
0.00012131
0.000117079
0.000106667
9.04895e-05
7.03025e-05
4.89852e-05
3.07666e-05
1.79544e-05
1.48043e-05
2.7699e-05
5.21172e-05
8.87588e-05
0.000137431
0.000197145
0.000261622
0.00032832
0.00039859
0.000476952
0.000559487
0.00063921
0.000713416
0.000780191
0.000837993
0.000885752
0.000923111
0.000950157
0.000967216
0.000974584
0.00097255
0.000963336
0.000948595
0.000929268
0.000905695
0.000879164
0.000850474
0.000820238
0.000789047
0.00075744
0.000725856
0.000694642
0.000664069
0.000634338
0.000605596
0.000577941
0.000551433
0.000526099
0.000501945
0.000478954
0.000457095
0.000436328
0.000416602
0.000397861
0.000380044
0.000363086
0.000346919
0.000331476
0.000316695
0.000302535
0.000288955
0.0002759
0.000263312
0.000251132
0.00023931
0.000227813
0.000216613
0.000205686
0.000195016
0.00018459
0.000174401
0.000164445
0.000154724
0.000145239
0.000135998
0.000127008
0.000118278
0.000109819
0.000101643
9.37644e-05
8.61968e-05
7.89535e-05
7.2047e-05
6.5488e-05
5.92852e-05
5.34437e-05
4.79654e-05
4.28484e-05
3.80875e-05
3.36743e-05
2.95984e-05
2.58472e-05
2.2407e-05
1.92636e-05
1.64023e-05
1.38089e-05
1.14703e-05
9.37699e-06
7.51857e-06
5.99366e-06
4.74506e-06
3.65991e-06
2.67209e-06
1.81385e-06
1.14039e-06
6.43562e-07
3.08483e-07
1.41747e-07
4.75785e-08
9.51167e-08
2.21133e-07
3.88034e-07
5.60313e-07
7.38041e-07
9.58366e-07
1.20491e-06
1.41903e-06
1.55773e-06
1.644e-06
1.73062e-06
1.85956e-06
1.98636e-06
2.0339e-06
2.03103e-06
2.01604e-06
1.98757e-06
1.91258e-06
1.76063e-06
1.52218e-06
1.21937e-06
8.86254e-07
5.65779e-07
3.01091e-07
1.22794e-07
3.15015e-08
3.58829e-09
3.74577e-10
2.41396e-06
3.04078e-07
7.15392e-07
1.90152e-06
3.02664e-06
3.68267e-06
3.74329e-06
3.33757e-06
2.69563e-06
1.99467e-06
1.34252e-06
8.08377e-07
4.1657e-07
1.70856e-07
4.20389e-08
3.8188e-09
3.74577e-10
0.00555885
0.00487537
0.00421705
0.00362131
0.00310362
0.00266276
0.00228933
0.00197103
0.00169583
0.00145356
0.00123655
0.00103962
0.000859879
0.00069625
0.000548962
0.000419003
0.000307448
0.000215036
0.000141787
8.67758e-05
4.81425e-05
2.32894e-05
9.07996e-06
0.00300091
0.00309127
0.0031631
0.00325482
0.00336235
0.00349332
0.00365341
0.00384932
0.00408785
0.00437582
0.00471741
0.00511094
0.00554632
0.00600206
0.0064376
0.00678991
0.00699969
0.00698314
0.00669767
0.00619658
0.00297369
0.00291637
0.00287032
0.00281051
0.00273916
0.00265139
0.00254426
0.00241502
0.00226226
0.00208642
0.00189058
0.00167974
0.00146029
0.00124737
0.00106558
0.000930702
0.000874736
0.00147743
0.00527219
0.0117616
4.19172e-09
5.18195e-09
4.06741e-08
2.77042e-07
9.73265e-07
2.50207e-06
5.41778e-06
1.05536e-05
1.9099e-05
3.26352e-05
5.31676e-05
8.29234e-05
0.000122423
0.000167757
0.000210575
0.000244137
0.000256832
0.000233395
0.000174142
8.88614e-05
4.42536e-05
0.000212379
0.000890921
0.00254538
0.00580202
3.98786e-12
3.12108e-11
1.19848e-10
2.77916e-10
4.56893e-10
6.0558e-10
7.04084e-10
7.14608e-10
6.59787e-10
5.77018e-10
4.91919e-10
4.11292e-10
3.30738e-10
2.59789e-10
2.03989e-10
1.64126e-10
1.44861e-10
1.69196e-10
2.11639e-10
2.628e-10
3.28236e-10
4.18951e-10
5.52279e-10
7.56586e-10
1.07727e-09
1.58608e-09
2.39029e-09
3.649e-09
5.59121e-09
8.54233e-09
1.29708e-08
1.95733e-08
3.07665e-08
5.20884e-08
9.04344e-08
1.12915e-07
1.52645e-07
2.20151e-07
3.18923e-07
4.55015e-07
6.40691e-07
8.92065e-07
1.22938e-06
1.67764e-06
2.267e-06
3.03287e-06
4.01551e-06
5.25899e-06
6.8111e-06
8.72169e-06
1.10371e-05
1.37937e-05
1.70091e-05
2.06734e-05
2.47437e-05
2.91359e-05
3.37146e-05
3.82892e-05
4.26171e-05
4.6417e-05
4.93725e-05
5.11636e-05
5.15969e-05
5.04353e-05
4.75248e-05
4.30132e-05
3.72312e-05
3.06477e-05
2.37939e-05
1.7246e-05
1.15103e-05
6.93766e-06
3.66842e-06
1.62858e-06
5.69731e-07
1.62328e-07
1.71686e-08
1.49734e-08
1.33674e-08
5.3908e-09
0.000616571
0.000201613
0.000157003
0.000100685
6.36618e-05
4.04142e-05
2.67539e-05
1.84634e-05
1.30499e-05
9.32062e-06
6.62446e-06
4.59974e-06
3.05447e-06
1.89155e-06
1.05652e-06
5.05118e-07
1.86864e-07
4.3378e-08
9.36621e-09
2.44979e-08
3.98143e-08
3.7892e-08
2.32286e-08
8.40848e-09
1.48136e-09
0.0672398
0.0400247
0.0263151
0.0177916
0.0123999
0.00923747
0.00737503
0.0062404
0.0055439
0.00510975
0.00483189
0.00465541
0.00455408
0.00451436
0.00453267
0.00461708
0.00478643
0.00507194
0.00556324
0.00593154
)
;
    }
    baffle
    {
        type            kqRWallFunction;
        value           nonuniform List<scalar> 
98
(
1.48136e-09
9.64957e-09
2.77751e-08
4.4872e-08
4.87509e-08
3.55904e-08
1.28197e-08
1.43215e-08
1.35851e-07
5.77142e-07
1.80638e-06
4.75527e-06
1.115e-05
2.38649e-05
4.716e-05
8.65401e-05
0.000148261
0.000238267
0.000357527
0.000499475
0.000681339
0.000999892
0.00135215
0.000506571
0.000261529
0.000146129
3.98786e-12
3.94047e-11
1.62601e-10
3.35798e-10
4.31954e-10
3.52189e-10
1.53068e-10
1.73394e-10
1.32248e-09
5.07743e-09
1.37629e-08
3.05634e-08
6.71559e-08
2.03793e-07
2.20797e-07
3.63561e-07
6.01579e-07
9.59968e-07
1.5144e-06
2.41113e-06
4.08e-06
8.93239e-06
2.59835e-05
5.3908e-09
1.53514e-08
1.21843e-08
6.97324e-09
7.56793e-08
3.33162e-07
9.69684e-07
2.2941e-06
4.77945e-06
9.09212e-06
1.6107e-05
2.68809e-05
4.2584e-05
6.436e-05
9.30269e-05
0.000128641
0.000169657
0.000211304
0.000245257
0.000260733
0.000225257
0.000111928
0.000324615
0.00391085
0.00505254
0.00524622
4.19172e-09
6.10165e-09
1.92436e-07
1.0536e-06
3.02967e-06
5.95309e-06
9.03317e-06
1.14069e-05
1.25455e-05
1.25084e-05
1.16794e-05
1.04844e-05
9.34007e-06
8.56447e-06
8.36622e-06
8.98378e-06
1.08593e-05
1.47965e-05
2.26196e-05
3.72334e-05
6.94819e-05
9.82776e-05
0.000352197
)
;
    }
    front
    {
        type            empty;
    }
    back
    {
        type            empty;
    }
}


// ************************************************************************* //
