/*--------------------------------*- C++ -*----------------------------------*\
| =========                 |                                                 |
| \\      /  F ield         | OpenFOAM: The Open Source CFD Toolbox           |
|  \\    /   O peration     | Version:  v2012                                 |
|   \\  /    A nd           | Website:  www.openfoam.com                      |
|    \\/     M anipulation  |                                                 |
\*---------------------------------------------------------------------------*/
FoamFile
{
    version     2.0;
    format      ascii;
    class       volScalarField;
    location    "2000";
    object      nut;
}
// * * * * * * * * * * * * * * * * * * * * * * * * * * * * * * * * * * * * * //

dimensions      [0 2 -1 0 0 0 0];


internalField   nonuniform List<scalar> 
6502
(
4.56632e-05
0.000471502
0.00179301
0.00249989
0.00263954
0.00263963
0.00250029
0.00179378
0.000471736
4.5666e-05
2.72075e-05
0.000199812
0.00102812
0.00208743
0.00249986
0.00250049
0.00208939
0.00102988
0.000200053
2.72167e-05
1.78834e-05
0.000111168
0.000657101
0.00167864
0.00230304
0.00230482
0.00168264
0.000659289
0.000111412
1.79055e-05
1.2072e-05
6.93686e-05
0.000456686
0.00135006
0.0020798
0.00208327
0.00135608
0.00045919
6.96323e-05
1.21106e-05
8.38662e-06
4.69492e-05
0.0003397
0.00110594
0.00185882
0.00186432
0.00111382
0.000342525
4.72366e-05
8.44262e-06
6.21522e-06
3.39369e-05
0.00026708
0.000928031
0.00165707
0.00166489
0.000937943
0.000270327
3.42609e-05
6.29035e-06
4.92608e-06
2.58773e-05
0.000219086
0.000795695
0.00147978
0.00149021
0.000807948
0.000222892
2.62491e-05
5.02253e-06
4.12802e-06
2.05601e-05
0.000185155
0.000694398
0.00132641
0.00133972
0.000709301
0.000189664
2.09949e-05
4.25005e-06
3.61994e-06
1.68506e-05
0.000159791
0.00061427
0.00119429
0.00121072
0.000632319
0.000165185
1.73664e-05
3.77582e-06
3.27938e-06
1.41467e-05
0.000139901
0.000548683
0.0010799
0.00110004
0.000570529
0.000146374
1.47588e-05
3.4802e-06
3.03187e-06
1.21081e-05
0.000123668
0.000493327
0.000979771
0.00100447
0.00051978
0.000131468
1.28348e-05
3.29099e-06
2.83617e-06
1.05225e-05
0.00010997
0.000445236
0.000891321
0.000921285
0.000477435
0.000119391
1.13889e-05
3.17082e-06
2.66915e-06
9.24828e-06
9.80419e-05
0.000402498
0.00081236
0.000848063
0.000441887
0.000109482
1.02885e-05
3.10182e-06
2.51522e-06
8.18899e-06
8.73833e-05
0.00036375
0.000740906
0.00078219
0.000412486
0.000101277
9.4316e-06
3.07477e-06
2.36367e-06
7.28271e-06
7.77315e-05
0.000328103
0.000675365
0.000722455
0.000386349
9.46133e-05
8.80955e-06
3.08724e-06
2.20789e-06
6.48788e-06
6.89249e-05
0.000294974
0.000614523
0.000667775
0.000362782
8.9094e-05
8.43501e-06
3.14472e-06
2.04367e-06
5.77428e-06
6.08274e-05
0.000263803
0.000557474
0.000617254
0.000341714
8.47367e-05
8.27382e-06
3.26004e-06
1.86837e-06
5.12062e-06
5.33521e-05
0.000234287
0.000503329
0.00057011
0.000323082
8.15938e-05
8.33208e-06
3.45445e-06
1.68091e-06
4.51253e-06
4.64489e-05
0.000206295
0.000451516
0.000525608
0.000306808
7.97524e-05
8.65702e-06
3.78899e-06
1.48242e-06
3.94185e-06
4.01071e-05
0.00017989
0.000401818
0.000483105
0.000292896
7.95591e-05
9.32228e-06
4.03976e-06
1.27591e-06
3.40222e-06
3.43022e-05
0.0001551
0.000353932
0.000441847
0.000282039
8.40767e-05
1.23774e-05
3.69188e-06
1.06914e-06
2.9005e-06
2.91108e-05
0.000132425
0.00030871
0.000401853
0.000273612
9.21024e-05
1.76097e-05
4.66661e-06
8.71569e-07
2.44065e-06
2.45449e-05
0.00011213
0.000266739
0.00036303
0.000266272
0.000102334
2.50075e-05
7.35541e-06
6.90493e-07
2.02508e-06
2.05807e-05
9.43174e-05
0.000228509
0.000325438
0.000258816
0.000113858
3.46473e-05
1.21442e-05
5.30503e-07
1.65632e-06
1.71716e-05
7.89201e-05
0.000194284
0.000289248
0.000250268
0.000126
4.65081e-05
1.91981e-05
3.93823e-07
1.33504e-06
1.4259e-05
6.57608e-05
0.000164108
0.00025471
0.000239865
0.000137905
6.00919e-05
2.83821e-05
2.81012e-07
1.06053e-06
1.1784e-05
5.46111e-05
0.000137866
0.000222177
0.000227158
0.000147994
7.46215e-05
3.93776e-05
1.91349e-07
8.30856e-07
9.69251e-06
4.52319e-05
0.000115348
0.000192258
0.000212121
0.000155362
8.91311e-05
5.17061e-05
1.23109e-07
6.42924e-07
7.93617e-06
3.73917e-05
9.62419e-05
0.000165138
0.000195114
0.00015929
0.000102601
6.47088e-05
7.37899e-08
4.92609e-07
6.47038e-06
3.08694e-05
8.018e-05
0.000140978
0.000176812
0.00015933
0.000114043
7.76236e-05
4.03288e-08
3.75002e-07
5.25397e-06
2.54608e-05
6.6772e-05
0.000119819
0.000158055
0.000155438
0.000122586
8.96605e-05
1.94083e-08
2.8486e-07
4.25012e-06
2.09864e-05
5.56426e-05
0.000101584
0.000139683
0.00014809
0.000127586
9.99772e-05
7.73617e-09
2.16715e-07
3.42476e-06
1.72894e-05
4.64406e-05
8.60815e-05
0.0001224
0.000138153
0.000128827
0.000107869
2.414e-09
1.65694e-07
2.74817e-06
1.42349e-05
3.88458e-05
7.30391e-05
0.000106686
0.000126681
0.000126505
0.000112813
1.43769e-09
1.28307e-07
2.19835e-06
1.17141e-05
3.25796e-05
6.21485e-05
9.27916e-05
0.000114702
0.0001213
0.00011465
2.90273e-09
1.01134e-07
1.75547e-06
9.63762e-06
2.74052e-05
5.3095e-05
8.07672e-05
0.000103048
0.000114167
0.000113588
4.74766e-09
8.06825e-08
1.39929e-06
7.92434e-06
2.31169e-05
4.55736e-05
7.0512e-05
9.22662e-05
0.000106081
0.000110234
6.44293e-09
6.40226e-08
1.10024e-06
6.47642e-06
1.95154e-05
3.9291e-05
6.18304e-05
8.26329e-05
9.7859e-05
0.000105393
7.99641e-09
5.13025e-08
8.57431e-07
5.25701e-06
1.64621e-05
3.39997e-05
5.44896e-05
7.42056e-05
9.0049e-05
9.98591e-05
9.02424e-09
4.17087e-08
6.68628e-07
4.25317e-06
1.38722e-05
2.95096e-05
4.82619e-05
6.69079e-05
8.29278e-05
9.4246e-05
9.10682e-09
3.35792e-08
5.16059e-07
3.40775e-06
1.16392e-05
2.56461e-05
4.29319e-05
6.05999e-05
7.65662e-05
8.89218e-05
8.9248e-09
2.70306e-08
3.94154e-07
2.68005e-06
9.67137e-06
2.22504e-05
3.83048e-05
5.5132e-05
7.09151e-05
8.40311e-05
8.59383e-09
2.18854e-08
3.00266e-07
2.08614e-06
7.93519e-06
1.92061e-05
3.42313e-05
5.04198e-05
6.59389e-05
7.96019e-05
7.80447e-09
1.76446e-08
2.27446e-07
1.60927e-06
6.37334e-06
1.64289e-05
3.06535e-05
4.67676e-05
6.20303e-05
7.58391e-05
6.9376e-09
1.41669e-08
1.70788e-07
1.22404e-06
5.0285e-06
1.37721e-05
2.72621e-05
4.34134e-05
5.91518e-05
7.29787e-05
6.27018e-09
1.14955e-08
1.27613e-07
9.18423e-07
3.87728e-06
1.11583e-05
2.37546e-05
3.98598e-05
5.6217e-05
7.08952e-05
5.7438e-09
9.52515e-09
9.57971e-08
6.84698e-07
2.9445e-06
8.82155e-06
1.99071e-05
3.56609e-05
5.26822e-05
6.84431e-05
5.3437e-09
8.33779e-09
7.31879e-08
5.11751e-07
2.21618e-06
6.81747e-06
1.60876e-05
3.04857e-05
4.79975e-05
6.49918e-05
5.07174e-09
7.39852e-09
5.65881e-08
3.85747e-07
1.66988e-06
5.20411e-06
1.26384e-05
2.50181e-05
4.18926e-05
5.98806e-05
4.8156e-09
6.57694e-09
4.47978e-08
2.98797e-07
1.27335e-06
3.96115e-06
9.70134e-06
1.96456e-05
3.41124e-05
5.21832e-05
4.47408e-09
5.84542e-09
3.65855e-08
2.39647e-07
1.00436e-06
3.04209e-06
7.28338e-06
1.47328e-05
2.59681e-05
4.13569e-05
3.97022e-09
5.07729e-09
3.04604e-08
1.96768e-07
8.08985e-07
2.37119e-06
5.43631e-06
1.05112e-05
1.82074e-05
2.94701e-05
3.25993e-09
4.17522e-09
2.51103e-08
1.60479e-07
6.43289e-07
1.80563e-06
3.92259e-06
7.20484e-06
1.20079e-05
1.89826e-05
2.38508e-09
3.13674e-09
1.97242e-08
1.24668e-07
4.81557e-07
1.27571e-06
2.60516e-06
4.54865e-06
7.31553e-06
1.1307e-05
1.4819e-09
2.06525e-09
1.40925e-08
8.73729e-08
3.18524e-07
7.82766e-07
1.49758e-06
2.50266e-06
3.91885e-06
5.95834e-06
7.29064e-10
1.12495e-09
8.61181e-09
5.11574e-08
1.69886e-07
3.80485e-07
6.84841e-07
1.1087e-06
1.70939e-06
2.57661e-06
2.50004e-10
4.50211e-10
4.06303e-09
2.18895e-08
6.28874e-08
1.27355e-07
2.18766e-07
3.48511e-07
5.35231e-07
8.05896e-07
4.31364e-11
1.27497e-10
1.24928e-09
5.2436e-09
1.25478e-08
2.35588e-08
3.9716e-08
6.3428e-08
9.81718e-08
1.48803e-07
1.62116e-12
1.96579e-11
1.53005e-10
5.11873e-10
1.20602e-09
2.39711e-09
4.30872e-09
7.24901e-09
1.16275e-08
1.79653e-08
6.76146e-13
1.9219e-12
2.65709e-11
1.52287e-10
4.79651e-10
1.12979e-09
2.24693e-09
4.01613e-09
6.66832e-09
1.04732e-08
6.67744e-07
2.18353e-07
1.7004e-07
1.09046e-07
6.89483e-08
4.37703e-08
2.89757e-08
1.99967e-08
1.41336e-08
1.00947e-08
7.17459e-09
4.98172e-09
3.30813e-09
2.04864e-09
1.14426e-09
5.47066e-10
2.02383e-10
4.69803e-11
1.0144e-11
2.65323e-11
4.31207e-11
4.10388e-11
2.51577e-11
9.10677e-12
1.16194e-12
1.32525e-06
4.90746e-07
2.30475e-07
1.28981e-07
7.8038e-08
4.90316e-08
3.21472e-08
2.19939e-08
1.55448e-08
1.12303e-08
8.19477e-09
5.96018e-09
4.26103e-09
2.94521e-09
1.90264e-09
1.21646e-09
7.62957e-10
4.75644e-10
3.0372e-10
2.01746e-10
1.31993e-10
7.6475e-11
3.28383e-11
9.19313e-12
5.93283e-12
3.15227e-06
1.62523e-06
8.735e-07
4.60739e-07
2.66267e-07
1.63396e-07
1.05325e-07
7.16212e-08
5.17632e-08
3.98572e-08
3.24293e-08
2.7416e-08
2.35831e-08
2.01923e-08
1.68555e-08
1.37348e-08
1.07444e-08
7.92632e-09
5.41104e-09
3.32446e-09
1.73794e-09
6.78212e-10
1.52405e-10
2.43122e-11
1.70769e-11
6.43382e-06
4.17979e-06
2.84203e-06
1.8387e-06
1.17167e-06
7.59938e-07
5.03806e-07
3.48456e-07
2.57e-07
2.04053e-07
1.7276e-07
1.5252e-07
1.36811e-07
1.21785e-07
1.05576e-07
8.80374e-08
6.94857e-08
5.08933e-08
3.36571e-08
1.91963e-08
8.66995e-09
2.66052e-09
4.42177e-10
4.54462e-11
2.75886e-11
1.13273e-05
8.23471e-06
6.40426e-06
4.95943e-06
3.51941e-06
2.43821e-06
1.66679e-06
1.16537e-06
8.63508e-07
6.89681e-07
5.89145e-07
5.25269e-07
4.75198e-07
4.25662e-07
3.70172e-07
3.07283e-07
2.38952e-07
1.6991e-07
1.06685e-07
5.60278e-08
2.26103e-08
6.16571e-09
9.31704e-10
7.14975e-11
2.99734e-11
1.79024e-05
1.37273e-05
1.15618e-05
9.83981e-06
7.86567e-06
5.66961e-06
3.94001e-06
2.74247e-06
2.00455e-06
1.58113e-06
1.34017e-06
1.18929e-06
1.07166e-06
9.55502e-07
8.25802e-07
6.79205e-07
5.20989e-07
3.63103e-07
2.21619e-07
1.12264e-07
4.36426e-08
1.15714e-08
1.70993e-09
1.0463e-10
2.18819e-11
2.61038e-05
2.06062e-05
1.80651e-05
1.61549e-05
1.37594e-05
1.05538e-05
7.35471e-06
5.01903e-06
3.55906e-06
2.73062e-06
2.27137e-06
1.99345e-06
1.78464e-06
1.58502e-06
1.36713e-06
1.12413e-06
8.63588e-07
6.0399e-07
3.70771e-07
1.89426e-07
7.44985e-08
2.00159e-08
2.97857e-09
1.60131e-10
7.88191e-12
3.57309e-05
2.87578e-05
2.56448e-05
2.37023e-05
2.09537e-05
1.67804e-05
1.19654e-05
7.94221e-06
5.41132e-06
4.00344e-06
3.25503e-06
2.82859e-06
2.52813e-06
2.25265e-06
1.95612e-06
1.62457e-06
1.26524e-06
9.01241e-07
5.66595e-07
2.9816e-07
1.21221e-07
3.36158e-08
5.12569e-09
2.78757e-10
8.80527e-12
4.64631e-05
3.79757e-05
3.41548e-05
3.21082e-05
2.92452e-05
2.42265e-05
1.7758e-05
1.18338e-05
7.74583e-06
5.48957e-06
4.34914e-06
3.74792e-06
3.35973e-06
3.02083e-06
2.6564e-06
2.24025e-06
1.77709e-06
1.29472e-06
8.37338e-07
4.564e-07
1.93279e-07
5.58566e-08
8.85258e-09
5.53904e-10
8.35252e-11
5.78185e-05
4.79369e-05
4.33632e-05
4.10934e-05
3.85058e-05
3.30135e-05
2.50085e-05
1.68991e-05
1.09267e-05
7.49414e-06
5.73976e-06
4.88836e-06
4.3977e-06
3.99931e-06
3.56996e-06
3.06243e-06
2.47542e-06
1.84308e-06
1.22402e-06
6.89948e-07
3.04562e-07
9.22035e-08
1.53763e-08
1.17498e-09
3.54843e-10
6.92459e-05
5.82263e-05
5.29497e-05
5.04488e-05
4.81497e-05
4.31857e-05
3.41839e-05
2.38615e-05
1.54994e-05
1.04022e-05
7.75952e-06
6.44847e-06
5.79303e-06
5.32428e-06
4.82613e-06
4.21189e-06
3.46634e-06
2.63118e-06
1.78744e-06
1.03722e-06
4.75755e-07
1.51139e-07
2.67983e-08
2.54554e-09
1.11061e-09
8.01278e-05
6.84115e-05
6.25255e-05
5.9847e-05
5.78571e-05
5.39303e-05
4.54219e-05
3.34292e-05
2.23501e-05
1.48186e-05
1.07699e-05
8.77875e-06
7.7655e-06
7.18018e-06
6.60626e-06
5.8639e-06
4.90931e-06
3.79049e-06
2.62325e-06
1.55835e-06
7.38719e-07
2.45935e-07
4.67333e-08
5.46845e-09
2.92368e-09
8.9818e-05
7.7991e-05
7.16863e-05
6.88967e-05
6.72753e-05
6.44028e-05
5.77836e-05
4.59204e-05
3.23615e-05
2.17161e-05
1.54478e-05
1.22726e-05
1.07092e-05
9.84331e-06
9.16504e-06
8.27869e-06
7.05378e-06
5.53216e-06
3.8861e-06
2.34967e-06
1.14324e-06
3.97279e-07
8.14454e-08
1.16339e-08
6.85532e-09
9.77302e-05
8.64908e-05
8.00354e-05
7.71826e-05
7.59849e-05
7.41878e-05
6.95385e-05
6.01706e-05
4.63326e-05
3.25756e-05
2.29753e-05
1.77453e-05
1.51723e-05
1.37905e-05
1.29089e-05
1.18496e-05
1.02772e-05
8.19093e-06
5.82774e-06
3.56668e-06
1.76611e-06
6.34589e-07
1.39634e-07
2.38172e-08
1.46728e-08
0.000103402
9.34818e-05
8.72052e-05
8.43781e-05
8.35627e-05
8.28342e-05
8.01034e-05
7.3554e-05
6.23564e-05
4.82352e-05
3.50129e-05
2.65601e-05
2.21431e-05
1.99531e-05
1.84908e-05
1.71851e-05
1.51827e-05
1.23007e-05
8.85842e-06
5.46566e-06
2.73094e-06
1.00093e-06
2.31684e-07
4.48697e-08
2.89953e-08
0.000106603
9.8654e-05
9.29215e-05
9.02008e-05
8.97187e-05
8.99255e-05
8.89825e-05
8.51648e-05
7.73163e-05
6.55961e-05
5.21864e-05
4.05222e-05
3.30058e-05
2.92048e-05
2.69807e-05
2.51294e-05
2.26111e-05
1.86787e-05
1.36394e-05
8.47426e-06
4.24735e-06
1.5699e-06
3.75478e-07
7.95675e-08
5.32071e-08
0.000107397
0.00010188
9.70628e-05
9.45333e-05
9.42596e-05
9.51836e-05
9.57705e-05
9.44252e-05
8.9907e-05
8.17368e-05
7.06881e-05
5.89893e-05
4.92236e-05
4.30861e-05
3.95838e-05
3.67378e-05
3.3622e-05
2.84483e-05
2.11793e-05
1.3286e-05
6.66266e-06
2.45967e-06
5.96505e-07
1.33199e-07
9.11542e-08
0.000106151
0.000103233
9.96408e-05
9.74134e-05
9.72002e-05
9.85301e-05
0.00010025
0.000100965
9.94306e-05
9.48953e-05
8.7407e-05
7.80403e-05
6.86997e-05
6.11622e-05
5.65028e-05
5.32974e-05
4.91069e-05
4.28127e-05
3.28369e-05
2.09883e-05
1.05496e-05
3.86522e-06
9.33251e-07
2.11097e-07
1.46492e-07
0.000103481
0.000103023
0.000100855
9.90505e-05
9.87687e-05
0.000100137
0.00010248
0.00010468
0.000105559
0.000104266
0.000100436
9.44455e-05
8.73843e-05
8.0677e-05
7.54395e-05
7.21072e-05
6.81237e-05
6.20359e-05
4.97975e-05
3.31054e-05
1.68304e-05
6.11828e-06
1.45021e-06
3.18118e-07
2.19814e-07
0.000100049
0.000101736
0.000101034
9.97836e-05
9.93892e-05
0.000100461
0.000102848
0.000105826
0.000108382
0.000109586
0.000108982
0.000106411
0.000102362
9.77127e-05
9.33242e-05
9.01726e-05
8.75789e-05
8.21333e-05
7.10536e-05
5.11852e-05
2.70282e-05
9.81342e-06
2.26023e-06
4.62299e-07
3.07085e-07
9.64042e-05
9.99049e-05
0.000100618
0.000100003
9.95461e-05
0.000100133
0.000102064
0.000105063
0.000108428
0.000111309
0.000113003
0.000113214
0.000112112
0.000109921
0.000107173
0.000104751
0.000103034
9.96626e-05
9.09946e-05
7.2075e-05
4.29536e-05
1.60453e-05
3.57476e-06
6.71952e-07
4.18895e-07
9.2883e-05
9.79686e-05
0.000100018
0.000100214
9.97464e-05
9.98194e-05
0.000100976
0.000103357
0.000106642
0.000110212
0.000113369
0.000115515
0.000116337
0.000116074
0.000115247
0.000114369
0.000113825
0.000112783
0.000107372
9.20543e-05
6.16647e-05
2.64036e-05
5.91242e-06
1.0105e-06
6.14736e-07
8.9631e-05
9.61725e-05
9.95624e-05
0.000100657
0.0001005
0.000100133
0.000100427
0.000101785
0.00010426
0.00010755
0.000111137
0.000114411
0.000116814
0.000118211
0.000115661
0.000116207
0.000119489
0.000120467
0.000117756
0.000107837
8.29193e-05
4.17387e-05
1.06626e-05
1.57533e-06
8.31292e-07
8.67976e-05
9.46686e-05
9.94224e-05
0.00010157
0.000101961
0.000101513
0.000101092
0.000101343
0.000102591
0.000104873
0.000107934
0.000111316
0.000114462
0.000116986
0.000116039
0.000111361
0.000112329
0.000113253
0.00011162
0.000105506
9.32732e-05
7.05267e-05
2.82072e-05
5.27359e-06
1.04482e-06
8.44786e-05
9.34958e-05
9.96207e-05
0.000103006
0.000104236
0.000104081
0.000103315
0.000102685
0.000102687
0.000103551
0.000105376
0.000107957
0.000110885
0.000113735
0.000116334
0.000112417
0.000108992
0.000107952
0.000106299
0.000102707
9.60646e-05
8.49874e-05
6.80325e-05
3.05433e-05
9.35782e-06
8.2816e-05
9.26961e-05
0.00010012
0.000104877
0.00010724
0.000107777
0.000107144
0.000106022
0.000105021
0.000104546
0.000104901
0.000106046
0.000107909
0.000110191
0.000112652
0.00011517
0.000113544
0.000108462
0.000104993
0.000101489
9.71692e-05
9.14166e-05
8.35322e-05
7.21808e-05
5.10258e-05
8.15389e-05
9.22536e-05
0.000100812
0.000106985
0.000110729
0.000112354
0.00011236
0.000111307
0.000109807
0.000108339
0.000107326
0.000106956
0.000107303
0.000108268
0.000109766
0.00011168
0.000113891
0.000116264
0.000111324
0.000105422
0.000100514
9.59224e-05
9.12475e-05
8.61551e-05
8.12582e-05
7.95376e-05
9.16759e-05
0.000101481
0.000109033
0.000114313
0.000117366
0.000118486
0.000118102
0.000116735
0.000114869
0.000112948
0.000111308
0.00011016
0.000109622
0.000109675
0.000110239
0.000111371
0.000112981
0.000114925
0.000117054
0.000111886
0.000105063
9.9965e-05
9.59738e-05
9.30136e-05
7.60442e-05
8.98809e-05
0.000101402
0.000110571
0.000117447
0.000122121
0.000124739
0.000125575
0.000125006
0.000123451
0.000121325
0.000119011
0.000116812
0.000114902
0.000113472
0.000112553
0.000112202
0.000112359
0.000113073
0.000114259
0.000115772
0.000117449
0.000119066
0.00011215
0.000106997
6.98766e-05
8.5695e-05
9.93058e-05
0.000110531
0.000119314
0.000125622
0.000129953
0.000132425
0.000133252
0.000132732
0.0001312
0.000129007
0.000126482
0.000123878
0.000121419
0.000119212
0.00011733
0.000116002
0.000115257
0.000114976
0.000115121
0.000115708
0.000116607
0.000117638
0.00011863
5.94747e-05
7.71938e-05
9.33266e-05
0.00010717
0.000118463
0.000127036
0.000132746
0.000136895
0.000139454
0.000140533
0.000140331
0.000139104
0.000137133
0.000134685
0.00013199
0.000129252
0.000126605
0.0001242
0.000122039
0.000120323
0.000119127
0.000118361
0.000117941
0.000117803
0.000117921
4.42221e-05
6.22852e-05
8.06364e-05
9.75677e-05
0.000112155
0.000123338
0.000128255
0.000133224
0.000137444
0.000140519
0.000142412
0.00014338
0.000143909
0.000144229
0.000142273
0.000139925
0.00013737
0.000134761
0.000132204
0.000129809
0.000127643
0.000125709
0.0001241
0.000122875
0.000121957
2.88384e-05
4.24119e-05
5.96429e-05
7.83197e-05
9.63752e-05
0.000111972
0.000124179
0.000127969
0.000128191
0.000127774
0.000127055
0.000126232
0.000125486
0.00012497
0.000124861
0.000125428
0.000126834
0.000129362
0.000133148
0.000139096
0.000138023
0.000136043
0.000134113
0.000132313
0.000130613
1.70255e-05
2.50192e-05
3.62712e-05
5.20739e-05
7.03274e-05
8.82823e-05
0.00010444
0.000117754
0.000128255
0.000131452
0.00013026
0.000128457
0.00012648
0.00012464
0.000123141
0.000122168
0.000121813
0.000122173
0.000123313
0.000125334
0.000128397
0.00013252
0.000138131
0.000142198
0.000140806
8.89163e-06
1.30236e-05
1.89885e-05
2.75599e-05
3.95721e-05
5.52272e-05
7.22568e-05
8.82581e-05
0.00010264
0.000114895
0.000124842
0.000130578
0.000129403
0.000127756
0.000126021
0.000124429
0.00012314
0.000122286
0.000121963
0.000122186
0.000122999
0.000124459
0.000126581
0.000129455
0.000132992
3.82288e-06
5.57221e-06
8.09587e-06
1.17505e-05
1.70417e-05
2.46272e-05
3.51206e-05
4.7188e-05
6.03192e-05
7.34545e-05
8.53812e-05
9.60223e-05
0.000105184
0.000112831
0.000119052
0.000120881
0.000119956
0.000119052
0.000118379
0.000118002
0.000117936
0.000118219
0.000118862
0.000119872
0.000121264
1.19352e-06
1.73272e-06
2.50255e-06
3.60578e-06
5.19496e-06
7.48138e-06
1.074e-05
1.53705e-05
2.11899e-05
2.76782e-05
3.45976e-05
4.19011e-05
4.92168e-05
5.59655e-05
6.21534e-05
6.76317e-05
7.22852e-05
7.61151e-05
7.91605e-05
8.14752e-05
8.31143e-05
8.41309e-05
8.45792e-05
8.45146e-05
8.39947e-05
2.20981e-07
3.2031e-07
4.59759e-07
6.54716e-07
9.27298e-07
1.30983e-06
1.84549e-06
2.59641e-06
3.63817e-06
4.99376e-06
6.52799e-06
8.23923e-06
1.00917e-05
1.20268e-05
1.40298e-05
1.59904e-05
1.77313e-05
1.92559e-05
2.05506e-05
2.16007e-05
2.23935e-05
2.29239e-05
2.32034e-05
2.32505e-05
2.30887e-05
2.6752e-08
3.84167e-08
5.40163e-08
7.45556e-08
1.0118e-07
1.35099e-07
1.7738e-07
2.29323e-07
2.92234e-07
3.69561e-07
4.6618e-07
5.74378e-07
6.9432e-07
8.24952e-07
9.63908e-07
1.10301e-06
1.23095e-06
1.35028e-06
1.45809e-06
1.55414e-06
1.63808e-06
1.70567e-06
1.75939e-06
1.80043e-06
1.82952e-06
1.55995e-08
2.21966e-08
3.06431e-08
4.1244e-08
5.43161e-08
6.96787e-08
8.62508e-08
1.02159e-07
1.14317e-07
1.22215e-07
1.26091e-07
1.26107e-07
1.2171e-07
1.10885e-07
9.40681e-08
7.30829e-08
5.09226e-08
3.19835e-08
1.86645e-08
1.53899e-08
2.87945e-08
5.41785e-08
9.22691e-08
1.42865e-07
2.0494e-07
5.26589e-07
2.71869e-07
1.51908e-07
2.87417e-06
1.61029e-06
1.13966e-06
2.92181e-05
1.91787e-05
1.45596e-05
7.80416e-05
7.1284e-05
6.03758e-05
9.11736e-05
8.9946e-05
8.86921e-05
0.00010383
0.000101945
0.000100561
0.000119356
0.000119817
0.000119969
0.000118201
0.000118554
0.000118932
0.000121335
0.000120869
0.000120522
0.000129226
0.000128002
0.000126969
0.000139501
0.000138203
0.000136931
0.000137156
0.000141479
0.000142945
0.000122974
0.000124719
0.000126629
8.31723e-05
8.20649e-05
8.06754e-05
2.27793e-05
2.23462e-05
2.17962e-05
1.8471e-06
1.85658e-06
1.85887e-06
2.71965e-07
3.41299e-07
4.14345e-07
3.20639e-15
3.38027e-14
1.29801e-13
3.00995e-13
4.94836e-13
6.55871e-13
7.62555e-13
7.73953e-13
7.14579e-13
6.24937e-13
5.32771e-13
4.45449e-13
3.58205e-13
2.81363e-13
2.2093e-13
1.77755e-13
1.56891e-13
1.83247e-13
2.29214e-13
2.84624e-13
3.55495e-13
4.53743e-13
5.98144e-13
8.19417e-13
1.16674e-12
1.7178e-12
2.5888e-12
3.95204e-12
6.05554e-12
9.25174e-12
1.4048e-11
2.11988e-11
3.33215e-11
5.64141e-11
9.79446e-11
1.22292e-10
1.65322e-10
2.38434e-10
3.45408e-10
4.92803e-10
6.93897e-10
9.66147e-10
1.33148e-09
1.81696e-09
2.45526e-09
3.28474e-09
4.34898e-09
5.69572e-09
7.37673e-09
9.44598e-09
1.19537e-08
1.49392e-08
1.84216e-08
2.23902e-08
2.67985e-08
3.15554e-08
3.65144e-08
4.14688e-08
4.61561e-08
5.02716e-08
5.34725e-08
5.54123e-08
5.58816e-08
5.46235e-08
5.14714e-08
4.65852e-08
4.0323e-08
3.31928e-08
2.57698e-08
1.86782e-08
1.24662e-08
7.5138e-09
3.97307e-09
1.76382e-09
6.17044e-10
1.75808e-10
1.85944e-11
1.62169e-11
1.44775e-11
4.33441e-12
2.51929e-14
6.1366e-14
3.80396e-13
1.11496e-12
2.22873e-12
3.68561e-12
5.43757e-12
7.40184e-12
9.51231e-12
1.17079e-11
1.39178e-11
1.6063e-11
1.80711e-11
1.98952e-11
2.1506e-11
2.28919e-11
2.40656e-11
2.50661e-11
2.59228e-11
2.66883e-11
2.74411e-11
2.82792e-11
2.93189e-11
3.06986e-11
3.25846e-11
3.51813e-11
3.87437e-11
4.35965e-11
5.01606e-11
5.8997e-11
7.09013e-11
8.71871e-11
1.10778e-10
1.46651e-10
1.97571e-10
2.45071e-10
3.12609e-10
4.13249e-10
5.57369e-10
7.75874e-10
1.05049e-09
1.40311e-09
1.86266e-09
2.46098e-09
3.23483e-09
4.22666e-09
5.48433e-09
7.06018e-09
9.00991e-09
1.13896e-08
1.42498e-08
1.7628e-08
2.15388e-08
2.59656e-08
3.08529e-08
3.60994e-08
4.15513e-08
4.70018e-08
5.22001e-08
5.68678e-08
6.07198e-08
6.35113e-08
6.51113e-08
6.50572e-08
6.31435e-08
5.93874e-08
5.39638e-08
4.71652e-08
3.93344e-08
3.08021e-08
2.26233e-08
1.59893e-08
1.05549e-08
6.41303e-09
3.5417e-09
1.75067e-09
7.17924e-10
2.1422e-10
2.93765e-11
9.81469e-12
1.03957e-13
2.58956e-13
2.85579e-12
1.32183e-11
3.30855e-11
6.11483e-11
9.61575e-11
1.3679e-10
1.8143e-10
2.28263e-10
2.75407e-10
3.21096e-10
3.63849e-10
4.02564e-10
4.36545e-10
4.6552e-10
4.89643e-10
5.09466e-10
5.25889e-10
5.40141e-10
5.53753e-10
5.68517e-10
5.86462e-10
6.09846e-10
6.41161e-10
6.83165e-10
7.38943e-10
8.11999e-10
9.06399e-10
1.02698e-09
1.17966e-09
1.37188e-09
1.6133e-09
1.91606e-09
2.29474e-09
2.75324e-09
3.32529e-09
4.05057e-09
4.98126e-09
6.19581e-09
7.65945e-09
9.42451e-09
1.15743e-08
1.42014e-08
1.74078e-08
2.13071e-08
2.60252e-08
3.16992e-08
3.8475e-08
4.65028e-08
5.59322e-08
6.69058e-08
7.9548e-08
9.39567e-08
1.102e-07
1.2831e-07
1.48286e-07
1.70092e-07
1.93675e-07
2.18991e-07
2.46057e-07
2.75037e-07
3.03213e-07
3.26961e-07
3.44226e-07
3.52784e-07
3.50581e-07
3.36105e-07
3.08807e-07
2.69756e-07
2.2318e-07
1.74733e-07
1.27311e-07
8.47233e-08
5.00891e-08
2.49146e-08
9.16161e-09
1.83625e-09
1.14959e-10
7.78987e-12
2.14688e-13
6.64621e-13
9.33645e-12
5.66076e-11
1.80079e-10
3.86153e-10
6.57246e-10
9.74095e-10
1.32036e-09
1.68101e-09
2.04172e-09
2.3894e-09
2.7131e-09
3.00466e-09
3.25898e-09
3.47419e-09
3.65151e-09
3.79513e-09
3.9119e-09
4.01108e-09
4.10402e-09
4.20393e-09
4.32564e-09
4.48547e-09
4.70119e-09
4.99214e-09
5.37953e-09
5.8869e-09
6.54094e-09
7.37242e-09
8.41758e-09
9.71956e-09
1.13295e-08
1.33073e-08
1.57403e-08
1.87154e-08
2.23643e-08
2.68584e-08
3.24118e-08
3.92553e-08
4.74659e-08
5.72681e-08
6.89964e-08
8.30466e-08
9.98678e-08
1.1997e-07
1.43934e-07
1.72419e-07
2.06174e-07
2.46045e-07
2.92983e-07
3.4805e-07
4.12415e-07
4.87343e-07
5.74175e-07
6.74284e-07
7.88986e-07
9.19372e-07
1.06603e-06
1.22864e-06
1.40546e-06
1.59256e-06
1.76304e-06
1.9061e-06
2.00911e-06
2.05863e-06
2.04284e-06
1.95407e-06
1.79163e-06
1.56432e-06
1.29157e-06
9.98842e-07
7.11327e-07
4.5472e-07
2.50015e-07
1.09323e-07
3.2882e-08
5.2767e-09
2.84236e-10
4.45825e-12
2.76164e-13
1.29102e-12
2.10829e-11
1.41889e-10
5.23662e-10
1.29781e-09
2.45999e-09
3.90641e-09
5.5184e-09
7.19711e-09
8.86407e-09
1.04565e-08
1.19253e-08
1.32357e-08
1.43668e-08
1.5312e-08
1.60782e-08
1.6685e-08
1.71635e-08
1.75549e-08
1.79091e-08
1.82837e-08
1.87424e-08
1.93546e-08
2.01949e-08
2.13427e-08
2.28836e-08
2.49107e-08
2.75268e-08
3.08483e-08
3.50091e-08
4.01658e-08
4.65e-08
5.42209e-08
6.36133e-08
7.50152e-08
8.8853e-08
1.05648e-07
1.26006e-07
1.5056e-07
1.79886e-07
2.148e-07
2.56394e-07
3.05998e-07
3.65191e-07
4.35832e-07
5.20117e-07
6.20642e-07
7.4047e-07
8.83194e-07
1.05301e-06
1.25472e-06
1.49376e-06
1.77604e-06
2.1077e-06
2.49456e-06
2.94111e-06
3.44894e-06
4.01415e-06
4.62415e-06
5.25459e-06
5.86681e-06
6.38073e-06
6.76622e-06
6.98375e-06
6.99653e-06
6.77998e-06
6.32823e-06
5.65937e-06
4.81737e-06
3.86894e-06
2.89487e-06
1.97951e-06
1.2008e-06
6.16134e-07
2.47298e-07
6.82654e-08
1.03896e-08
5.86958e-10
4.83846e-11
2.25167e-13
2.20155e-12
4.02543e-11
2.81868e-10
1.11522e-09
3.03445e-09
6.31967e-09
1.08419e-08
1.61909e-08
2.191e-08
2.76225e-08
3.30537e-08
3.80152e-08
4.23869e-08
4.61058e-08
4.91583e-08
5.15753e-08
5.3427e-08
5.48186e-08
5.58853e-08
5.67882e-08
5.77093e-08
5.88476e-08
6.04158e-08
6.26373e-08
6.57457e-08
6.99855e-08
7.56148e-08
8.29112e-08
9.21797e-08
1.03764e-07
1.18056e-07
1.35511e-07
1.56658e-07
1.82169e-07
2.1288e-07
2.49805e-07
2.9415e-07
3.47303e-07
4.10824e-07
4.86493e-07
5.76584e-07
6.83998e-07
8.12322e-07
9.65916e-07
1.15005e-06
1.37109e-06
1.63666e-06
1.9559e-06
2.33958e-06
2.8002e-06
3.35194e-06
4.01018e-06
4.79059e-06
5.70728e-06
6.76973e-06
7.97798e-06
9.31637e-06
1.07463e-05
1.2199e-05
1.35767e-05
1.47243e-05
1.55625e-05
1.60247e-05
1.60488e-05
1.55943e-05
1.46597e-05
1.32839e-05
1.15473e-05
9.56692e-06
7.48658e-06
5.46183e-06
3.64307e-06
2.1562e-06
1.08044e-06
4.25158e-07
1.16149e-07
1.77807e-08
1.12358e-09
2.13003e-10
9.78622e-14
3.59222e-12
7.00688e-11
4.98734e-10
2.03603e-09
5.82786e-09
1.29344e-08
2.36712e-08
3.73786e-08
5.27973e-08
6.86137e-08
8.37826e-08
9.75985e-08
1.09647e-07
1.19738e-07
1.27847e-07
1.3408e-07
1.38647e-07
1.41844e-07
1.44037e-07
1.45651e-07
1.47155e-07
1.49052e-07
1.51866e-07
1.56136e-07
1.62409e-07
1.71239e-07
1.83191e-07
1.98851e-07
2.18845e-07
2.43859e-07
2.74668e-07
3.12169e-07
3.57421e-07
4.11738e-07
4.7675e-07
5.54442e-07
6.4719e-07
7.57819e-07
8.89693e-07
1.04691e-06
1.23462e-06
1.45931e-06
1.72902e-06
2.05363e-06
2.44521e-06
2.9184e-06
3.4908e-06
4.1833e-06
5.02017e-06
6.02874e-06
7.23834e-06
8.67788e-06
1.03715e-05
1.2332e-05
1.45511e-05
1.6989e-05
1.9563e-05
2.21415e-05
2.45471e-05
2.65825e-05
2.80377e-05
2.88447e-05
2.89344e-05
2.82645e-05
2.68311e-05
2.46869e-05
2.19378e-05
1.87401e-05
1.52902e-05
1.18098e-05
8.52508e-06
5.64363e-06
3.32838e-06
1.67053e-06
6.62629e-07
1.83643e-07
2.87554e-08
2.07391e-09
6.19955e-10
1.10857e-13
5.88739e-12
1.15202e-10
8.25043e-10
3.41821e-09
1.00483e-08
2.31768e-08
4.44028e-08
7.34255e-08
1.08013e-07
1.44963e-07
1.81218e-07
2.14503e-07
2.43433e-07
2.6737e-07
2.86212e-07
3.00234e-07
3.09973e-07
3.16157e-07
3.19657e-07
3.21447e-07
3.22578e-07
3.24149e-07
3.27277e-07
3.33081e-07
3.42663e-07
3.57099e-07
3.77448e-07
4.0477e-07
4.40156e-07
4.84777e-07
5.39944e-07
6.07181e-07
6.88313e-07
7.85593e-07
9.01822e-07
1.04045e-06
1.20572e-06
1.40278e-06
1.63802e-06
1.91934e-06
2.25666e-06
2.66239e-06
3.15195e-06
3.74429e-06
4.46255e-06
5.33465e-06
6.39377e-06
7.67843e-06
9.23187e-06
1.11e-05
1.33273e-05
1.59497e-05
1.89836e-05
2.24116e-05
2.61659e-05
3.01182e-05
3.40806e-05
3.78105e-05
4.104e-05
4.35261e-05
4.50686e-05
4.56156e-05
4.51101e-05
4.35248e-05
4.08846e-05
3.72809e-05
3.28756e-05
2.78986e-05
2.26353e-05
1.74043e-05
1.2526e-05
8.28645e-06
4.90062e-06
2.47878e-06
9.96917e-07
2.81751e-07
4.53379e-08
3.72871e-09
1.4667e-09
8.45509e-13
9.90699e-12
1.82371e-10
1.30648e-09
5.45257e-09
1.62622e-08
3.83755e-08
7.57767e-08
1.29664e-07
1.9728e-07
2.72704e-07
3.49003e-07
4.20247e-07
4.82462e-07
5.33632e-07
5.73261e-07
6.01881e-07
6.20678e-07
6.31252e-07
6.35462e-07
6.35336e-07
6.32998e-07
6.30614e-07
6.30336e-07
6.34263e-07
6.44401e-07
6.62654e-07
6.90826e-07
7.30655e-07
7.83877e-07
8.5231e-07
9.37967e-07
1.0432e-06
1.17084e-06
1.3244e-06
1.50831e-06
1.72805e-06
1.9905e-06
2.3042e-06
2.67982e-06
3.13072e-06
3.67362e-06
4.32934e-06
5.12364e-06
6.08807e-06
7.26081e-06
8.68731e-06
1.04204e-05
1.25195e-05
1.50477e-05
1.80664e-05
2.16266e-05
2.57544e-05
3.04346e-05
3.55917e-05
4.1077e-05
4.66677e-05
5.20819e-05
5.70041e-05
6.11267e-05
6.4191e-05
6.59916e-05
6.64688e-05
6.554e-05
6.31485e-05
5.92997e-05
5.40889e-05
4.7719e-05
4.05048e-05
3.28585e-05
2.52529e-05
1.81673e-05
1.20243e-05
7.13051e-06
3.63088e-06
1.47843e-06
4.257e-07
7.04285e-08
6.52569e-09
3.05568e-09
3.24619e-12
1.69217e-11
2.81023e-10
2.00624e-09
8.40376e-09
2.52732e-08
6.04748e-08
1.21792e-07
2.13503e-07
3.33377e-07
4.72346e-07
6.1739e-07
7.5572e-07
8.77794e-07
9.78235e-07
1.05527e-06
1.10964e-06
1.14364e-06
1.16044e-06
1.16368e-06
1.15723e-06
1.14506e-06
1.13109e-06
1.11918e-06
1.11299e-06
1.11593e-06
1.13118e-06
1.16164e-06
1.21004e-06
1.27898e-06
1.37113e-06
1.48942e-06
1.6372e-06
1.81854e-06
2.03855e-06
2.30361e-06
2.62182e-06
3.00335e-06
3.46102e-06
4.0109e-06
4.67314e-06
5.47284e-06
6.44116e-06
7.61629e-06
9.04463e-06
1.07815e-05
1.28915e-05
1.54476e-05
1.85281e-05
2.22114e-05
2.65661e-05
3.16368e-05
3.74267e-05
4.38786e-05
5.08607e-05
5.81617e-05
6.55017e-05
7.25544e-05
7.89747e-05
8.44276e-05
8.86083e-05
9.1254e-05
9.22604e-05
9.14619e-05
8.8702e-05
8.38924e-05
7.70691e-05
6.84395e-05
5.84083e-05
4.75677e-05
3.66411e-05
2.63848e-05
1.74693e-05
1.03713e-05
5.30159e-06
2.17796e-06
6.36965e-07
1.08134e-07
1.10864e-08
5.81293e-09
8.79913e-12
2.8868e-11
4.24474e-10
3.01144e-09
1.26344e-08
3.81872e-08
9.21893e-08
1.88119e-07
3.35424e-07
5.33982e-07
7.71509e-07
1.02643e-06
1.27481e-06
1.49695e-06
1.68072e-06
1.82129e-06
1.91928e-06
1.97866e-06
2.00515e-06
2.00528e-06
1.98591e-06
1.95389e-06
1.91592e-06
1.87842e-06
1.84742e-06
1.82849e-06
1.82668e-06
1.84654e-06
1.89222e-06
1.96756e-06
2.07639e-06
2.22274e-06
2.41117e-06
2.6472e-06
2.93766e-06
3.29118e-06
3.71871e-06
4.23413e-06
4.85494e-06
5.60315e-06
6.50626e-06
7.59839e-06
8.92156e-06
1.05268e-05
1.2475e-05
1.48378e-05
1.76963e-05
2.11396e-05
2.52591e-05
3.01403e-05
3.58495e-05
4.24188e-05
4.98282e-05
5.79914e-05
6.67491e-05
7.58726e-05
8.50777e-05
9.40416e-05
0.000102417
0.000109836
0.000115912
0.000120292
0.000122795
0.000123115
0.000120909
0.000115883
0.000107885
9.70182e-05
8.37156e-05
6.87749e-05
5.32922e-05
3.84946e-05
2.55091e-05
1.51433e-05
7.74955e-06
3.19966e-06
9.46642e-07
1.64276e-07
1.82499e-08
1.02978e-08
1.95403e-11
4.89028e-11
6.32474e-10
4.44367e-09
1.86408e-08
5.65084e-08
1.37217e-07
2.82539e-07
5.09911e-07
8.23475e-07
1.2079e-06
1.63018e-06
2.04969e-06
2.43029e-06
2.74801e-06
2.99216e-06
3.16248e-06
3.26513e-06
3.30962e-06
3.3068e-06
3.26789e-06
3.20391e-06
3.12554e-06
3.04287e-06
2.96535e-06
2.90164e-06
2.85955e-06
2.84609e-06
2.8675e-06
2.92947e-06
3.03741e-06
3.19681e-06
3.4137e-06
3.69514e-06
4.04978e-06
4.48846e-06
5.02494e-06
5.67665e-06
6.46556e-06
7.41924e-06
8.57199e-06
9.96607e-06
1.16529e-05
1.36943e-05
1.61628e-05
1.91436e-05
2.27259e-05
2.70085e-05
3.20876e-05
3.80474e-05
4.49474e-05
5.28081e-05
6.15979e-05
7.12261e-05
8.15424e-05
9.23449e-05
0.00010339
0.000114399
0.00012505
0.000134963
0.000143674
0.00015076
0.00015595
0.000158769
0.00015862
0.000154874
0.000147004
0.000134766
0.000118398
9.8781e-05
7.74467e-05
5.63547e-05
3.74603e-05
2.2238e-05
1.13701e-05
4.70103e-06
1.4008e-06
2.47184e-07
2.90962e-08
1.7186e-08
4.29352e-11
8.73812e-11
9.40848e-10
6.48374e-09
2.71135e-08
8.22707e-08
2.0051e-07
4.15465e-07
7.56405e-07
1.23467e-06
1.8322e-06
2.50105e-06
3.17686e-06
3.79882e-06
4.32434e-06
4.73295e-06
5.02216e-06
5.2008e-06
5.28339e-06
5.2866e-06
5.2274e-06
5.12235e-06
4.98729e-06
4.83718e-06
4.68604e-06
4.54682e-06
4.43129e-06
4.35e-06
4.31239e-06
4.32693e-06
4.40142e-06
4.54346e-06
4.76095e-06
5.06273e-06
5.45927e-06
5.96347e-06
6.59145e-06
7.36354e-06
8.30526e-06
9.44844e-06
1.08324e-05
1.25052e-05
1.45247e-05
1.69592e-05
1.98883e-05
2.34031e-05
2.75904e-05
3.25556e-05
3.83901e-05
4.51711e-05
5.29501e-05
6.17412e-05
7.15148e-05
8.21962e-05
9.36706e-05
0.000105791
0.000118384
0.000131246
0.000144121
0.000156666
0.000168396
0.000178887
0.00018779
0.0001945
0.00019818
0.00019783
0.000192394
0.000180977
0.000163175
0.000139487
0.000111623
8.24299e-05
5.52422e-05
3.28663e-05
1.67786e-05
6.92601e-06
2.06942e-06
3.6902e-07
4.49654e-08
2.72255e-08
1.30293e-10
1.92441e-10
1.43945e-09
9.47824e-09
3.91626e-08
1.184e-07
2.88784e-07
6.00662e-07
1.10037e-06
1.81042e-06
2.71058e-06
3.73352e-06
4.78245e-06
5.76169e-06
6.60159e-06
7.26683e-06
7.75082e-06
8.06514e-06
8.23028e-06
8.26985e-06
8.20766e-06
8.0667e-06
7.86886e-06
7.63492e-06
7.38455e-06
7.1362e-06
6.90698e-06
6.71252e-06
6.567e-06
6.48317e-06
6.47261e-06
6.5462e-06
6.71464e-06
6.98917e-06
7.38237e-06
7.90907e-06
8.58731e-06
9.43935e-06
1.04929e-05
1.1782e-05
1.33485e-05
1.52429e-05
1.75253e-05
2.02657e-05
2.35443e-05
2.74456e-05
3.20612e-05
3.74845e-05
4.37992e-05
5.10743e-05
5.93547e-05
6.86538e-05
7.89502e-05
9.01956e-05
0.000102321
0.000115243
0.00012887
0.000143091
0.000157751
0.0001726
0.000187222
0.000201236
0.000214253
0.000225612
0.000234371
0.000239294
0.000238886
0.000231509
0.000215693
0.000190741
0.000157588
0.00011946
8.14702e-05
4.88532e-05
2.49442e-05
1.02634e-05
3.06241e-06
5.48137e-07
6.74702e-08
4.11476e-08
1.41164e-10
2.22332e-10
1.96457e-09
1.32987e-08
5.53543e-08
1.67757e-07
4.09947e-07
8.55247e-07
1.57384e-06
2.60458e-06
3.92587e-06
5.44574e-06
7.02459e-06
8.52001e-06
9.8256e-06
1.08853e-05
1.16858e-05
1.22411e-05
1.25776e-05
1.27263e-05
1.2718e-05
1.25819e-05
1.2346e-05
1.2037e-05
1.16807e-05
1.13019e-05
1.09241e-05
1.05698e-05
1.02599e-05
1.00134e-05
9.84796e-06
9.77971e-06
9.82399e-06
9.99595e-06
1.03114e-05
1.07876e-05
1.14446e-05
1.23061e-05
1.34006e-05
1.47629e-05
1.64346e-05
1.84655e-05
2.0914e-05
2.38469e-05
2.73388e-05
3.14691e-05
3.63208e-05
4.19746e-05
4.85048e-05
5.59747e-05
6.44297e-05
7.3888e-05
8.43248e-05
9.57214e-05
0.000108054
0.000121302
0.000135448
0.000150473
0.000166332
0.000182906
0.000199907
0.00021698
0.000233702
0.000249429
0.000263253
0.000273959
0.00027996
0.000279244
0.000269427
0.000248138
0.000214111
0.000169095
0.000119123
7.28046e-05
3.73777e-05
1.5352e-05
4.56032e-06
8.13642e-07
9.8521e-08
5.94753e-08
2.32438e-10
3.57635e-10
2.85048e-09
1.88669e-08
7.79485e-08
2.35545e-07
5.75254e-07
1.20147e-06
2.21672e-06
3.68246e-06
5.57667e-06
7.77662e-06
1.00886e-05
1.23108e-05
1.42902e-05
1.59439e-05
1.72489e-05
1.822e-05
1.88891e-05
1.9293e-05
1.94682e-05
1.94486e-05
1.92666e-05
1.89531e-05
1.85389e-05
1.80549e-05
1.75313e-05
1.69977e-05
1.64841e-05
1.60181e-05
1.56259e-05
1.53322e-05
1.51599e-05
1.51307e-05
1.52663e-05
1.55887e-05
1.61214e-05
1.68904e-05
1.79256e-05
1.92616e-05
2.0939e-05
2.30053e-05
2.55149e-05
2.85288e-05
3.21149e-05
3.63473e-05
4.13007e-05
4.7033e-05
5.3612e-05
6.11029e-05
6.95741e-05
7.90834e-05
8.94952e-05
0.000100856
0.00011319
0.00012653
0.000140918
0.00015641
0.000173053
0.000190845
0.00020958
0.000228889
0.000248304
0.000267206
0.000284798
0.00030006
0.000311656
0.000317777
0.000315939
0.000302813
0.000274492
0.000228907
0.000169934
0.000107958
5.63899e-05
2.32421e-05
6.86876e-06
1.21383e-06
1.40451e-07
8.22447e-08
3.84612e-10
5.61092e-10
4.08897e-09
2.66059e-08
1.09113e-07
3.28194e-07
7.99353e-07
1.66766e-06
3.07762e-06
5.11986e-06
7.77218e-06
1.08745e-05
1.41679e-05
1.73806e-05
2.03043e-05
2.28243e-05
2.49053e-05
2.65609e-05
2.78263e-05
2.87414e-05
2.93449e-05
2.96726e-05
2.97569e-05
2.96293e-05
2.93207e-05
2.88671e-05
2.83016e-05
2.76594e-05
2.69787e-05
2.62983e-05
2.56563e-05
2.50889e-05
2.46298e-05
2.43113e-05
2.41649e-05
2.42216e-05
2.45129e-05
2.50708e-05
2.59296e-05
2.7127e-05
2.87044e-05
3.07091e-05
3.31948e-05
3.62143e-05
3.98299e-05
4.4124e-05
4.91927e-05
5.49969e-05
6.16213e-05
6.91323e-05
7.75873e-05
8.70198e-05
9.74129e-05
0.000108793
0.000121201
0.000134699
0.00014937
0.00016532
0.000182652
0.000201433
0.000221399
0.000242113
0.000263064
0.000283656
0.000303207
0.000320912
0.000335764
0.000346393
0.000350779
0.000345832
0.00032706
0.000289348
0.000230364
0.000156436
8.49314e-05
3.56329e-05
1.05084e-05
1.83517e-06
1.96502e-07
1.08467e-07
6.13743e-10
8.63683e-10
5.87861e-09
3.76034e-08
1.5271e-07
4.55801e-07
1.10349e-06
2.29186e-06
4.21632e-06
7.00098e-06
1.06213e-05
1.48727e-05
1.94232e-05
2.39247e-05
2.81114e-05
3.18349e-05
3.50459e-05
3.7756e-05
4.00019e-05
4.18206e-05
4.32478e-05
4.43182e-05
4.50589e-05
4.54954e-05
4.56532e-05
4.55628e-05
4.52564e-05
4.47676e-05
4.41372e-05
4.34129e-05
4.26509e-05
4.19033e-05
4.1212e-05
4.06213e-05
4.01767e-05
3.99243e-05
3.99099e-05
4.01792e-05
4.07785e-05
4.17565e-05
4.31619e-05
4.50495e-05
4.74959e-05
5.05296e-05
5.41891e-05
5.85468e-05
6.36654e-05
6.95714e-05
7.63214e-05
8.39795e-05
9.26133e-05
0.000102247
0.000112883
0.000124545
0.000137282
0.000151159
0.000166278
0.000182788
0.000200809
0.00022035
0.000240879
0.00026193
0.000283008
0.000303581
0.000323101
0.000340993
0.000356568
0.000368906
0.000376646
0.000377481
0.000367393
0.000340046
0.000288247
0.000211084
0.000124332
5.49328e-05
1.63965e-05
2.8445e-06
2.72492e-07
1.35093e-07
9.68212e-10
1.33698e-09
8.6608e-09
5.41614e-08
2.16275e-07
6.36406e-07
1.52235e-06
3.13003e-06
5.70994e-06
9.41672e-06
1.42152e-05
1.98484e-05
2.59101e-05
3.19815e-05
3.77459e-05
4.30271e-05
4.77594e-05
5.19545e-05
5.56531e-05
5.88784e-05
6.16597e-05
6.40264e-05
6.60002e-05
6.75954e-05
6.88251e-05
6.97051e-05
7.02532e-05
7.04886e-05
7.04378e-05
7.01443e-05
6.96975e-05
6.91773e-05
6.86138e-05
6.80557e-05
6.75603e-05
6.71919e-05
6.70178e-05
6.71046e-05
6.75202e-05
6.83421e-05
6.96351e-05
7.14499e-05
7.38535e-05
7.68964e-05
8.06273e-05
8.51022e-05
9.03733e-05
9.64839e-05
0.000103489
0.000111471
0.000120565
0.000130715
0.000141846
0.000153972
0.000167134
0.000181388
0.000196805
0.000213477
0.000231525
0.000250717
0.000270492
0.000290452
0.000310172
0.000329198
0.000347051
0.00036323
0.000377272
0.000388766
0.000396975
0.000400481
0.000396395
0.000379029
0.000339003
0.000267311
0.000170495
8.03574e-05
2.55356e-05
4.57493e-06
3.8321e-07
1.568e-07
1.54152e-09
2.14745e-09
1.35458e-08
8.1666e-08
3.16115e-07
9.06096e-07
2.11958e-06
4.2746e-06
7.6682e-06
1.2467e-05
1.8606e-05
2.57696e-05
3.34886e-05
4.1296e-05
4.88455e-05
5.59493e-05
6.25069e-05
6.85215e-05
7.40376e-05
7.90949e-05
8.37233e-05
8.79428e-05
9.1764e-05
9.51884e-05
9.82181e-05
0.000100854
0.000103097
0.000104952
0.000106433
0.000107569
0.000108412
0.000109014
0.000109423
0.000109691
0.000109873
0.000110046
0.000110297
0.000110716
0.000111388
0.000112405
0.000113852
0.000115807
0.000118343
0.000121525
0.000125412
0.000130057
0.000135509
0.000141812
0.000149006
0.000157138
0.000166252
0.000176345
0.000187394
0.000199385
0.000212322
0.000226225
0.000241133
0.0002571
0.000274182
0.000291613
0.000309136
0.000326468
0.000343299
0.000359294
0.000374077
0.000387233
0.000398335
0.000407149
0.000413607
0.000417075
0.000415854
0.000405903
0.000378609
0.000320166
0.000223271
0.000113924
3.82787e-05
7.23042e-06
5.74366e-07
1.66695e-07
2.6085e-09
3.85496e-09
2.39335e-08
1.34635e-07
4.91927e-07
1.34511e-06
3.02441e-06
5.89506e-06
1.02667e-05
1.62755e-05
2.37973e-05
3.24593e-05
4.17641e-05
5.12355e-05
6.05114e-05
6.93742e-05
7.77686e-05
8.57036e-05
9.32196e-05
0.000100356
0.000107138
0.000113576
0.000119669
0.000125411
0.000130797
0.000135822
0.000140478
0.000144747
0.000148615
0.00015209
0.000155192
0.000157949
0.000160395
0.000162567
0.000164484
0.000166223
0.000167868
0.000169507
0.000171232
0.000173137
0.000175314
0.00017785
0.000180831
0.000184335
0.00018843
0.000193175
0.00019862
0.000204804
0.000211759
0.000219507
0.000228065
0.00023743
0.000247586
0.000258514
0.000270212
0.000282701
0.000296032
0.000310142
0.000324318
0.000338419
0.00035228
0.000365707
0.000378475
0.000390335
0.000401002
0.000410132
0.00041735
0.000422478
0.000425905
0.000427577
0.000426663
0.000420814
0.000403971
0.000362713
0.000278519
0.000157862
5.70892e-05
1.14102e-05
8.87814e-07
1.44014e-07
5.71081e-09
9.06695e-09
5.23691e-08
2.58184e-07
8.51698e-07
2.14767e-06
4.51636e-06
8.31914e-06
1.38094e-05
2.10306e-05
2.97789e-05
3.9647e-05
5.01724e-05
6.085e-05
7.13989e-05
8.16727e-05
9.16264e-05
0.000101255
0.000110601
0.000119701
0.000128567
0.000137192
0.00014556
0.000153654
0.000161474
0.000169025
0.000176315
0.000183299
0.000189919
0.00019618
0.000202077
0.000207607
0.00021277
0.000217577
0.000222047
0.000226217
0.000230134
0.000233856
0.000237451
0.000240991
0.000244547
0.000248193
0.000252015
0.000256097
0.00026051
0.000265318
0.000270574
0.000276317
0.000282575
0.000289367
0.000296705
0.000304595
0.000313045
0.000322032
0.000331586
0.00034178
0.000352212
0.000362532
0.000372675
0.000382552
0.000392046
0.000400998
0.000409185
0.000416415
0.000422462
0.000427041
0.00042985
0.000430945
0.00043105
0.000430228
0.000421693
0.000402817
0.000375478
0.000338678
0.000291492
0.000212243
8.61162e-05
1.85413e-05
1.50299e-06
7.15593e-08
1.66122e-08
3.01307e-08
1.55927e-07
6.19394e-07
1.72513e-06
3.80995e-06
7.20211e-06
1.2165e-05
1.88173e-05
2.70639e-05
3.66617e-05
4.71629e-05
5.81644e-05
6.93462e-05
8.05095e-05
9.15734e-05
0.000102532
0.000113298
0.000123953
0.000134535
0.000145029
0.000155392
0.000165574
0.000173815
0.000181533
0.000189374
0.000197332
0.000205377
0.000213475
0.000221605
0.000229734
0.00023782
0.000245826
0.000253735
0.000261541
0.000269245
0.000276847
0.000284345
0.000291778
0.00029921
0.00030576
0.000310767
0.00031565
0.00032048
0.000325323
0.000330237
0.000335273
0.000340469
0.000345856
0.000351453
0.00035728
0.000363381
0.000369838
0.00037652
0.000383272
0.000389885
0.000396363
0.000402655
0.000408697
0.00041441
0.000419681
0.000424333
0.000417124
0.000413468
0.000412383
0.000411759
0.00041008
0.000406387
0.000399923
0.000389953
0.000375625
0.00035602
0.000330286
0.000297757
0.000257872
0.000209359
0.000134568
3.33992e-05
3.29632e-06
2.07535e-07
1.05072e-07
2.68437e-07
8.16189e-07
2.03201e-06
4.19267e-06
7.52958e-06
1.22234e-05
1.83985e-05
2.60443e-05
3.48594e-05
4.45852e-05
5.49542e-05
6.57163e-05
7.66794e-05
8.77148e-05
9.87903e-05
0.000109181
0.000116229
0.000123939
0.000133133
0.000145001
0.000156962
0.0001662
0.000175695
0.000185488
0.00019558
0.000205957
0.000216597
0.000227469
0.000238544
0.000249779
0.000261077
0.000272348
0.000283539
0.000294604
0.000305515
0.000316233
0.000324812
0.000331996
0.00033877
0.000345162
0.000351203
0.000356927
0.000362367
0.000367559
0.00037254
0.000377353
0.000382026
0.00038658
0.000391031
0.000395388
0.000399627
0.000403679
0.000407575
0.000411308
0.000414843
0.000418147
0.000421178
0.00042388
0.000426174
0.000427946
0.000429033
0.000422534
0.000404256
0.000392823
0.000385643
0.000379862
0.000373314
0.000364806
0.000353672
0.000339339
0.000321238
0.000298914
0.000272148
0.000240901
0.000204971
0.000163393
0.00010399
2.37513e-05
3.58917e-06
1.47756e-06
2.48552e-06
4.24902e-06
6.96595e-06
1.06301e-05
1.53076e-05
2.11015e-05
2.80082e-05
3.58389e-05
4.44393e-05
5.36504e-05
6.33178e-05
7.32916e-05
8.34712e-05
9.00786e-05
9.66571e-05
0.000104168
0.000113505
0.00012599
0.000144245
0.000153742
0.000163588
0.000173867
0.000184598
0.00019577
0.000207356
0.000219318
0.000231608
0.000244184
0.00025704
0.000270197
0.000281811
0.00029165
0.000301109
0.000310204
0.000318941
0.000327311
0.0003353
0.000342893
0.000350082
0.000356862
0.00036323
0.000369183
0.000374721
0.000379842
0.000384544
0.000388824
0.000392699
0.000396217
0.000399424
0.000402345
0.000404986
0.000407344
0.000409413
0.000411184
0.000412639
0.000413748
0.000414467
0.000414721
0.000414397
0.000413359
0.000411676
0.000409365
0.000403149
0.000377296
0.000360502
0.000349763
0.000341352
0.000332512
0.000321968
0.000309229
0.000294018
0.000276198
0.00025586
0.00023335
0.000209097
0.00018335
0.000156403
0.000118486
3.86761e-05
1.36606e-05
1.45503e-05
1.67618e-05
2.00355e-05
2.41798e-05
2.9246e-05
3.51846e-05
4.17998e-05
4.90136e-05
5.67519e-05
6.49265e-05
7.34528e-05
7.89984e-05
8.50141e-05
9.23881e-05
0.00010216
0.000115645
0.00013081
0.000141449
0.000152204
0.000163002
0.000173796
0.000184539
0.00019518
0.000205684
0.000216036
0.00022623
0.000236254
0.000246085
0.00025569
0.00026502
0.000274022
0.000282693
0.00029107
0.000299176
0.000307012
0.000314567
0.000321821
0.00032875
0.00033533
0.000341536
0.00034734
0.000352718
0.000357638
0.00036207
0.000365979
0.000369343
0.000372196
0.000374822
0.000377175
0.000379224
0.000380953
0.000382347
0.000383397
0.000384095
0.000384432
0.000384399
0.000383985
0.000383172
0.000381934
0.000380241
0.000378065
0.000375207
0.000371603
0.000366122
0.000338572
0.000321145
0.000310138
0.000301446
0.000292395
0.000282009
0.000270092
0.000256657
0.000241927
0.000226363
0.000210635
0.00019553
0.000182214
0.000170336
0.000162336
5.2511e-05
4.81172e-05
4.63993e-05
4.66461e-05
4.83722e-05
5.13577e-05
5.57005e-05
6.0751e-05
6.64193e-05
7.26264e-05
7.78078e-05
8.35943e-05
9.15626e-05
0.000101591
0.000109747
0.000118166
0.000126849
0.000135766
0.00014485
0.000154035
0.000163243
0.000172402
0.000181442
0.000190305
0.000198976
0.000207473
0.0002158
0.000223941
0.000231855
0.000239469
0.000246678
0.000253398
0.000259883
0.000266359
0.00027276
0.00027904
0.00028516
0.00029109
0.0002968
0.000302265
0.00030746
0.00031236
0.000316942
0.000321184
0.000325063
0.000328557
0.000331647
0.000334327
0.000336625
0.000338546
0.00034009
0.000341255
0.000342041
0.000342445
0.000342467
0.000342104
0.000341357
0.000340225
0.000338707
0.000336802
0.00033451
0.000331827
0.000328728
0.000325178
0.000320964
0.000316219
0.000295843
0.000281597
0.000272643
0.000265284
0.000257562
0.000249017
0.000239657
0.00022978
0.000219811
0.000210351
0.00020219
0.000196485
0.000194469
0.00019977
8.70355e-05
8.55913e-05
8.30257e-05
8.06226e-05
7.9519e-05
7.95925e-05
8.07805e-05
8.30061e-05
8.65713e-05
9.09692e-05
9.59128e-05
0.000101307
0.000107104
0.000113246
0.000119673
0.000126335
0.000133197
0.000140187
0.000147241
0.000154303
0.000161315
0.000168197
0.000174834
0.000181109
0.00018718
0.000193251
0.000199284
0.000205249
0.000211119
0.000216865
0.000222452
0.000227851
0.00023307
0.00023813
0.000243035
0.000247782
0.000252365
0.000256774
0.000260998
0.000265025
0.000268839
0.000272428
0.000275776
0.000278866
0.000281684
0.000284213
0.000286437
0.000288342
0.000289919
0.00029116
0.000292056
0.000292604
0.000292797
0.000292633
0.000292109
0.000291224
0.000289977
0.000288369
0.000286403
0.000284079
0.000281401
0.000278374
0.000275002
0.000271288
0.000267219
0.000262794
0.000257978
0.000252893
0.000247596
0.000242131
0.000236539
0.000230855
0.000225113
0.000219339
0.000213546
0.000207723
0.000201821
0.000195709
0.000189139
0.000181772
9.93195e-05
9.82534e-05
9.73583e-05
9.65999e-05
9.61175e-05
9.6413e-05
9.84389e-05
0.000103407
0.00010553
0.000107875
0.000110927
0.000114573
0.000118666
0.000122961
0.000127429
0.000132044
0.000136749
0.000141514
0.00014631
0.000151112
0.000155892
0.000160624
0.000165278
0.000169822
0.000174249
0.000178572
0.000182794
0.000186916
0.000190936
0.000194851
0.000198654
0.000202334
0.000205886
0.000209305
0.000212591
0.000215739
0.000218748
0.000221612
0.000224326
0.000226884
0.000229278
0.000231499
0.00023354
0.000235388
0.000237032
0.000238457
0.00023965
0.000240597
0.000241287
0.000241707
0.000241848
0.000241701
0.000241259
0.000240516
0.000239466
0.000238106
0.000236434
0.000234449
0.00023215
0.000229539
0.000226617
0.00022339
0.000219863
0.000216046
0.000211952
0.000207594
0.000202986
0.000198157
0.000193136
0.000187958
0.000182653
0.000177249
0.000171775
0.00016624
0.000160658
0.000155032
0.000149362
0.000143622
0.000137759
0.000131728
0.000117029
0.000113968
0.000111756
0.000110232
0.000109634
0.000110743
0.000114739
0.000117621
0.000118704
0.000120279
0.000122233
0.000124423
0.000126827
0.000129403
0.000132114
0.000134908
0.000137764
0.000140661
0.000143578
0.000146497
0.000149403
0.00015228
0.000155117
0.000157902
0.000160626
0.000163282
0.000165866
0.000168374
0.000170803
0.000173149
0.000175223
0.000176601
0.000177972
0.000179343
0.000180719
0.000182104
0.000183498
0.00018491
0.000186344
0.000187802
0.000189284
0.000190794
0.000192343
0.00019395
0.00019512
0.000195505
0.000195694
0.000195679
0.000195451
0.000195004
0.000194329
0.00019342
0.000192271
0.000190877
0.000189233
0.000187339
0.000185192
0.000182794
0.000180146
0.000177251
0.000174114
0.000170744
0.000167148
0.00016334
0.000159331
0.000155137
0.000150778
0.000146282
0.000141683
0.000137011
0.00013229
0.000127533
0.000122756
0.000117971
0.000113178
0.000108402
0.000103664
9.89582e-05
9.42544e-05
8.95666e-05
0.000119328
0.000119672
0.000119964
0.00012023
0.000120512
0.000120861
0.000121341
0.000121983
0.00012278
0.000123744
0.000124869
0.000126135
0.000127522
0.000129007
0.00013057
0.000132186
0.000133837
0.000135506
0.000136376
0.000136971
0.000137657
0.000138435
0.000139301
0.000140255
0.000141294
0.000142416
0.000143619
0.000144901
0.000146254
0.000147676
0.000149167
0.000150718
0.000152317
0.000153965
0.000155668
0.000157428
0.000158037
0.000158387
0.000158609
0.000158702
0.000158664
0.000158496
0.000158196
0.000157761
0.000157187
0.000156469
0.000155603
0.000154584
0.000153408
0.00015207
0.000150567
0.000148895
0.000147049
0.000145028
0.00014283
0.000140459
0.000137919
0.000135219
0.00013237
0.000129379
0.000126251
0.000122993
0.00011961
0.000116116
0.000112521
0.000108836
0.000105085
0.000101295
9.74952e-05
9.37107e-05
8.9956e-05
8.62375e-05
8.25577e-05
7.89265e-05
7.53557e-05
7.18499e-05
6.84053e-05
6.50189e-05
6.17091e-05
5.85101e-05
0.000120228
0.000120063
0.000120052
0.000120127
0.000120281
0.000120513
0.000120826
0.000121221
0.000121696
0.000122247
0.00012287
0.000123556
0.000124295
0.000125075
0.000125886
0.000126724
0.000127571
0.000128416
0.000129244
0.000130041
0.000130795
0.000131496
0.000132134
0.0001327
0.000133186
0.000133585
0.000133891
0.000134099
0.000134206
0.000134209
0.000134106
0.000133895
0.000133573
0.000133142
0.000132602
0.000131955
0.0001312
0.000130339
0.000129374
0.000128307
0.000127141
0.000125879
0.000124527
0.000123088
0.000121563
0.000119952
0.000118255
0.000116473
0.000114605
0.000112648
0.000110601
0.000108465
0.00010623
0.000103903
0.000101491
9.90058e-05
9.64543e-05
9.38448e-05
9.11865e-05
8.84849e-05
8.57444e-05
8.29697e-05
8.01645e-05
7.73377e-05
7.45015e-05
7.167e-05
6.88567e-05
6.60735e-05
6.33241e-05
6.06156e-05
5.79565e-05
5.53577e-05
5.28375e-05
5.04042e-05
4.80536e-05
4.57722e-05
4.3557e-05
4.14048e-05
3.93148e-05
3.72955e-05
0.000125981
0.000125145
0.00012446
0.000123894
0.000123421
0.000123026
0.000122692
0.000122415
0.000122203
0.000122059
0.000121984
0.00012197
0.000122012
0.000122088
0.000122165
0.000122239
0.000122301
0.000122332
0.000122313
0.000122229
0.000122063
0.000121803
0.000121439
0.000120962
0.000120366
0.000119647
0.000118804
0.000117836
0.000116747
0.00011554
0.000114222
0.000112791
0.000111254
0.000109623
0.000107908
0.000106122
0.000104275
0.000102378
0.000100439
9.84657e-05
9.6464e-05
9.44407e-05
9.24026e-05
9.03545e-05
8.8298e-05
8.62322e-05
8.41561e-05
8.20698e-05
7.99745e-05
7.78707e-05
7.57585e-05
7.36386e-05
7.1513e-05
6.9385e-05
6.72552e-05
6.51235e-05
6.29915e-05
6.08625e-05
5.87404e-05
5.66288e-05
5.45317e-05
5.24594e-05
5.04208e-05
4.84228e-05
4.64712e-05
4.45665e-05
4.27018e-05
4.08805e-05
3.91054e-05
3.7379e-05
3.57031e-05
3.40796e-05
3.25105e-05
3.09966e-05
2.95372e-05
2.81298e-05
2.67711e-05
2.54574e-05
2.41849e-05
2.29565e-05
0.000135545
0.000134167
0.000132857
0.000131623
0.000130471
0.000129413
0.000128444
0.000127536
0.000126671
0.000125831
0.000125003
0.00012417
0.000123327
0.000122459
0.000121553
0.000120592
0.000119532
0.000118353
0.000117042
0.000115592
0.000113998
0.000112259
0.00011038
0.000108368
0.000106233
0.00010399
0.000101652
9.92377e-05
9.67618e-05
9.42411e-05
9.16919e-05
8.91293e-05
8.65674e-05
8.40185e-05
8.14918e-05
7.89951e-05
7.65358e-05
7.41203e-05
7.17534e-05
6.94384e-05
6.71775e-05
6.4972e-05
6.28224e-05
6.07285e-05
5.86892e-05
5.67025e-05
5.47696e-05
5.28902e-05
5.10636e-05
4.92887e-05
4.7564e-05
4.58881e-05
4.42594e-05
4.26671e-05
4.11081e-05
3.95811e-05
3.80851e-05
3.66197e-05
3.51847e-05
3.37804e-05
3.24076e-05
3.10674e-05
2.97616e-05
2.84918e-05
2.72598e-05
2.60665e-05
2.49122e-05
2.37969e-05
2.27206e-05
2.16831e-05
2.06839e-05
1.97222e-05
1.87969e-05
1.79068e-05
1.70504e-05
1.62258e-05
1.54306e-05
1.46618e-05
1.39168e-05
1.31968e-05
0.000141719
0.000140317
0.000138786
0.000137156
0.000135448
0.000133675
0.000131843
0.000129957
0.000128013
0.000126008
0.000123935
0.000121775
0.000119533
0.000117207
0.000114795
0.000112277
0.000109535
0.000106592
0.000103474
0.00010021
9.68334e-05
9.33773e-05
8.9876e-05
8.63622e-05
8.28663e-05
7.94156e-05
7.60335e-05
7.27397e-05
6.9549e-05
6.64731e-05
6.35202e-05
6.06932e-05
5.79909e-05
5.54137e-05
5.29603e-05
5.06278e-05
4.84119e-05
4.63078e-05
4.43102e-05
4.24136e-05
4.06122e-05
3.89001e-05
3.72714e-05
3.57206e-05
3.42421e-05
3.28305e-05
3.1481e-05
3.01892e-05
2.89512e-05
2.77637e-05
2.66236e-05
2.55279e-05
2.44741e-05
2.34592e-05
2.24807e-05
2.15362e-05
2.06236e-05
1.97414e-05
1.88881e-05
1.80628e-05
1.72647e-05
1.64931e-05
1.57477e-05
1.50283e-05
1.4335e-05
1.36676e-05
1.30261e-05
1.24101e-05
1.18193e-05
1.12528e-05
1.07101e-05
1.019e-05
9.69151e-06
9.2134e-06
8.75431e-06
8.31269e-06
7.88669e-06
7.47424e-06
7.07382e-06
6.68637e-06
0.000128758
0.000127094
0.000124971
0.000122563
0.00011991
0.000117044
0.000113993
0.000110785
0.000107449
0.000104011
0.000100496
9.69225e-05
9.3308e-05
8.96649e-05
8.59881e-05
8.2182e-05
7.82523e-05
7.42683e-05
7.02917e-05
6.63752e-05
6.2562e-05
5.88857e-05
5.53705e-05
5.20328e-05
4.88818e-05
4.5921e-05
4.31496e-05
4.05632e-05
3.81551e-05
3.59168e-05
3.38385e-05
3.19102e-05
3.01213e-05
2.84612e-05
2.69199e-05
2.54877e-05
2.41553e-05
2.29142e-05
2.17564e-05
2.06745e-05
1.9662e-05
1.87125e-05
1.78204e-05
1.69805e-05
1.61882e-05
1.54392e-05
1.47294e-05
1.40555e-05
1.34144e-05
1.28036e-05
1.22208e-05
1.1664e-05
1.11314e-05
1.06216e-05
1.0133e-05
9.66458e-06
9.21503e-06
8.7834e-06
8.36883e-06
7.97061e-06
7.58813e-06
7.22086e-06
6.86836e-06
6.53031e-06
6.20639e-06
5.89634e-06
5.59984e-06
5.31655e-06
5.04605e-06
4.78784e-06
4.54139e-06
4.30608e-06
4.08125e-06
3.86617e-06
3.66003e-06
3.46186e-06
3.27043e-06
3.08438e-06
2.9033e-06
2.72847e-06
7.88034e-05
7.66043e-05
7.41385e-05
7.14524e-05
6.85935e-05
6.56079e-05
6.25399e-05
5.94361e-05
5.63484e-05
5.33045e-05
5.03201e-05
4.74048e-05
4.45664e-05
4.17981e-05
3.90548e-05
3.63197e-05
3.37062e-05
3.12382e-05
2.89289e-05
2.67838e-05
2.48022e-05
2.29792e-05
2.13069e-05
1.97759e-05
1.8376e-05
1.70967e-05
1.59278e-05
1.48593e-05
1.3882e-05
1.29873e-05
1.21673e-05
1.14149e-05
1.07233e-05
1.00869e-05
9.50006e-06
8.95803e-06
8.45638e-06
7.99116e-06
7.55884e-06
7.15627e-06
6.78061e-06
6.42935e-06
6.10019e-06
5.79106e-06
5.50013e-06
5.22574e-06
4.96639e-06
4.7208e-06
4.48783e-06
4.2665e-06
4.05595e-06
3.85541e-06
3.66423e-06
3.48183e-06
3.30769e-06
3.14135e-06
2.98237e-06
2.83038e-06
2.68506e-06
2.54611e-06
2.41328e-06
2.28634e-06
2.16508e-06
2.04934e-06
1.93895e-06
1.83374e-06
1.73356e-06
1.63821e-06
1.54751e-06
1.46125e-06
1.37921e-06
1.30115e-06
1.22682e-06
1.15595e-06
1.0882e-06
1.0231e-06
9.59945e-07
8.97891e-07
8.37553e-07
7.803e-07
2.1064e-05
2.02174e-05
1.92918e-05
1.83115e-05
1.72985e-05
1.62722e-05
1.52511e-05
1.42606e-05
1.33373e-05
1.24589e-05
1.16127e-05
1.07929e-05
1.00018e-05
9.21849e-06
8.47122e-06
7.79562e-06
7.18628e-06
6.63529e-06
6.13621e-06
5.68337e-06
5.27172e-06
4.89683e-06
4.55478e-06
4.24213e-06
3.95586e-06
3.69332e-06
3.45217e-06
3.23034e-06
3.02601e-06
2.83755e-06
2.66352e-06
2.5026e-06
2.35364e-06
2.21558e-06
2.08745e-06
1.96838e-06
1.85758e-06
1.75432e-06
1.65793e-06
1.56783e-06
1.48349e-06
1.40441e-06
1.33013e-06
1.26023e-06
1.19433e-06
1.13208e-06
1.07318e-06
1.01735e-06
9.64344e-07
9.13952e-07
8.65979e-07
8.20258e-07
7.76638e-07
7.3499e-07
6.952e-07
6.57167e-07
6.20798e-07
5.86017e-07
5.52756e-07
5.20956e-07
4.9057e-07
4.61554e-07
4.33871e-07
4.07489e-07
3.82378e-07
3.5851e-07
3.35853e-07
3.14375e-07
2.9404e-07
2.74805e-07
2.56628e-07
2.3946e-07
2.23246e-07
2.07922e-07
1.93401e-07
1.79525e-07
1.65981e-07
1.52339e-07
1.39417e-07
1.27896e-07
1.85351e-06
1.84075e-06
1.82158e-06
1.79659e-06
1.76635e-06
1.73137e-06
1.69272e-06
1.65719e-06
1.64468e-06
1.62166e-06
1.58488e-06
1.53568e-06
1.48031e-06
1.42488e-06
1.37001e-06
1.31508e-06
1.26041e-06
1.20603e-06
1.15218e-06
1.09915e-06
1.04722e-06
9.96644e-07
9.47652e-07
9.0042e-07
8.55078e-07
8.11717e-07
7.70383e-07
7.31091e-07
6.93827e-07
6.58551e-07
6.25205e-07
5.93717e-07
5.64004e-07
5.35974e-07
5.09531e-07
4.84573e-07
4.61e-07
4.38706e-07
4.17591e-07
3.97558e-07
3.78529e-07
3.60427e-07
3.43171e-07
3.26679e-07
3.10875e-07
2.95687e-07
2.81055e-07
2.66929e-07
2.53266e-07
2.40031e-07
2.27195e-07
2.14736e-07
2.02637e-07
1.90888e-07
1.79483e-07
1.68417e-07
1.5769e-07
1.47306e-07
1.37269e-07
1.27586e-07
1.18268e-07
1.09322e-07
1.00761e-07
9.25939e-08
8.48296e-08
7.74754e-08
7.05356e-08
6.4011e-08
5.7899e-08
5.21934e-08
4.68846e-08
4.19598e-08
3.74038e-08
3.31979e-08
2.93172e-08
2.57187e-08
2.23045e-08
1.88791e-08
1.59253e-08
1.35569e-08
4.95801e-07
5.81595e-07
6.64463e-07
7.41598e-07
8.11007e-07
8.71088e-07
9.2073e-07
9.59562e-07
9.87675e-07
1.00541e-06
1.01306e-06
1.01095e-06
1.00137e-06
9.8605e-07
9.65962e-07
9.41459e-07
9.13883e-07
8.84061e-07
8.52633e-07
8.20212e-07
7.87358e-07
7.54528e-07
7.22083e-07
6.90303e-07
6.59399e-07
6.29523e-07
6.00777e-07
5.73222e-07
5.46889e-07
5.21781e-07
4.97882e-07
4.7516e-07
4.53573e-07
4.33068e-07
4.13587e-07
3.95066e-07
3.77438e-07
3.60633e-07
3.44579e-07
3.29214e-07
3.14495e-07
3.00378e-07
2.86808e-07
2.73722e-07
2.6106e-07
2.48772e-07
2.36821e-07
2.25178e-07
2.13819e-07
2.02727e-07
1.91889e-07
1.81297e-07
1.70948e-07
1.60842e-07
1.50983e-07
1.41376e-07
1.32031e-07
1.22955e-07
1.14161e-07
1.05663e-07
9.74725e-08
8.96057e-08
8.2076e-08
7.48964e-08
6.80781e-08
6.16299e-08
5.55574e-08
4.98625e-08
4.45431e-08
3.95939e-08
3.50062e-08
3.07691e-08
2.68695e-08
2.32933e-08
2.00255e-08
1.7051e-08
1.43551e-08
1.1924e-08
9.74788e-09
7.81595e-09
4.06442e-06
5.25053e-06
5.45172e-06
1.75143e-05
1.34746e-05
1.16872e-05
0.000114581
8.58859e-05
6.94721e-05
0.000200059
0.000179682
0.000160716
0.000174314
0.000166001
0.00015694
0.000126236
0.000120575
0.00011464
8.54195e-05
8.12913e-05
7.71482e-05
5.57545e-05
5.30633e-05
5.03947e-05
3.55642e-05
3.38865e-05
3.22313e-05
2.19007e-05
2.0878e-05
1.98685e-05
1.2575e-05
1.19729e-05
1.13782e-05
6.35022e-06
6.02583e-06
5.70625e-06
2.57682e-06
2.43213e-06
2.2909e-06
7.3132e-07
6.85692e-07
6.41867e-07
1.1838e-07
1.09838e-07
1.01814e-07
1.16686e-08
1.00818e-08
8.676e-09
6.23074e-09
4.93274e-09
3.80467e-09
3.28789e-12
5.61229e-12
4.40519e-11
3.00049e-10
1.05409e-09
2.70986e-09
5.8677e-09
1.143e-08
2.06851e-08
3.53454e-08
5.75827e-08
8.98093e-08
1.32589e-07
1.81687e-07
2.28059e-07
2.64407e-07
2.78155e-07
2.52773e-07
1.88601e-07
9.62404e-08
4.79286e-08
2.30013e-07
9.64845e-07
2.75625e-06
6.28119e-06
3.75147e-12
2.2823e-11
1.45826e-10
5.96888e-10
1.69503e-09
3.92208e-09
8.03492e-09
1.51457e-08
2.67716e-08
4.47718e-08
7.10826e-08
1.06998e-07
1.51781e-07
2.01541e-07
2.50435e-07
2.94813e-07
3.33987e-07
3.64016e-07
3.95211e-07
4.47173e-07
6.18401e-07
1.04402e-06
1.95195e-06
3.56386e-06
6.11712e-06
1.18315e-10
1.732e-10
6.28053e-10
2.38782e-09
6.05908e-09
1.22651e-08
2.22654e-08
3.7932e-08
6.16876e-08
9.65082e-08
1.4608e-07
2.15421e-07
3.12727e-07
4.52122e-07
6.59424e-07
9.85659e-07
1.43921e-06
2.04506e-06
2.85985e-06
3.94307e-06
5.46578e-06
7.22605e-06
9.3677e-06
9.72439e-06
9.84132e-06
6.47784e-10
7.12009e-10
1.68108e-09
6.61827e-09
1.84028e-08
3.7409e-08
6.50082e-08
1.05136e-07
1.64137e-07
2.51659e-07
3.83255e-07
5.85575e-07
9.05633e-07
1.42376e-06
2.27079e-06
3.56505e-06
5.24422e-06
7.35846e-06
9.89008e-06
1.2741e-05
1.37954e-05
1.32203e-05
1.2734e-05
1.25133e-05
1.27407e-05
1.86272e-09
1.8499e-09
3.23848e-09
1.19404e-08
3.62812e-08
7.84197e-08
1.38354e-07
2.22698e-07
3.45997e-07
5.3262e-07
8.2346e-07
1.28868e-06
2.04697e-06
3.28241e-06
5.2102e-06
7.69066e-06
1.06165e-05
1.37705e-05
1.68329e-05
1.67634e-05
1.60176e-05
1.54108e-05
1.51449e-05
1.54181e-05
1.65257e-05
3.66013e-09
3.48426e-09
5.04316e-09
1.65697e-08
5.27282e-08
1.2192e-07
2.23885e-07
3.66475e-07
5.73718e-07
8.88941e-07
1.38452e-06
2.17916e-06
3.45376e-06
5.42486e-06
8.10029e-06
1.12093e-05
1.44141e-05
1.73827e-05
1.84132e-05
1.77522e-05
1.72073e-05
1.69968e-05
1.73245e-05
1.84637e-05
2.08889e-05
5.55385e-09
5.20609e-09
6.83365e-09
1.95757e-08
6.27794e-08
1.53526e-07
2.96075e-07
4.98623e-07
7.9151e-07
1.23405e-06
1.92416e-06
3.01129e-06
4.69026e-06
7.10963e-06
1.00603e-05
1.32671e-05
1.61905e-05
1.85499e-05
1.84879e-05
1.8159e-05
1.80901e-05
1.85138e-05
1.97221e-05
2.21816e-05
2.67667e-05
7.01328e-09
6.55063e-09
8.0408e-09
2.05321e-08
6.52034e-08
1.66488e-07
3.37598e-07
5.89615e-07
9.55589e-07
1.50476e-06
2.35155e-06
3.65606e-06
5.60061e-06
8.26631e-06
1.12656e-05
1.42528e-05
1.68661e-05
1.83164e-05
1.83296e-05
1.84653e-05
1.8999e-05
2.02405e-05
2.26635e-05
2.70299e-05
2.88546e-05
7.71331e-09
7.23036e-09
8.55273e-09
1.99168e-08
6.20009e-08
1.63318e-07
3.47246e-07
6.32454e-07
1.05638e-06
1.69823e-06
2.69727e-06
4.19872e-06
6.3385e-06
9.03722e-06
1.20051e-05
1.48469e-05
1.72286e-05
1.78927e-05
1.83261e-05
1.90275e-05
2.03035e-05
2.26041e-05
2.56185e-05
2.73038e-05
2.93589e-05
7.69049e-09
7.25625e-09
8.46248e-09
1.84962e-08
5.643e-08
1.52243e-07
3.38381e-07
6.4647e-07
1.12446e-06
1.86018e-06
2.989e-06
4.65683e-06
6.94837e-06
9.72218e-06
1.25946e-05
1.52149e-05
1.71542e-05
1.81538e-05
1.93336e-05
2.08728e-05
2.29379e-05
2.42912e-05
2.5861e-05
2.77769e-05
3.0101e-05
7.18084e-09
6.82362e-09
8.00355e-09
1.70858e-08
5.14937e-08
1.41239e-07
3.25744e-07
6.51506e-07
1.18326e-06
2.02235e-06
3.30687e-06
5.16572e-06
7.62945e-06
1.03972e-05
1.30903e-05
1.54634e-05
1.74221e-05
1.89439e-05
2.03254e-05
2.16539e-05
2.30108e-05
2.45176e-05
2.63158e-05
2.85058e-05
3.10893e-05
6.44608e-09
6.16778e-09
7.38951e-09
1.6089e-08
4.89279e-08
1.36691e-07
3.25735e-07
6.79223e-07
1.28489e-06
2.26358e-06
3.75286e-06
5.84014e-06
8.41522e-06
1.10733e-05
1.35194e-05
1.56281e-05
1.73947e-05
1.88905e-05
2.03133e-05
2.17284e-05
2.32376e-05
2.49637e-05
2.70416e-05
2.95124e-05
3.23179e-05
5.74253e-09
5.52696e-09
6.8741e-09
1.60277e-08
5.05723e-08
1.44861e-07
3.55521e-07
7.66224e-07
1.49143e-06
2.66801e-06
4.4112e-06
6.72941e-06
9.27055e-06
1.17041e-05
1.38619e-05
1.57255e-05
1.73468e-05
1.88719e-05
2.03723e-05
2.19373e-05
2.36748e-05
2.56962e-05
2.80789e-05
3.08093e-05
3.37757e-05
5.26568e-09
5.0923e-09
6.7095e-09
1.76561e-08
5.91737e-08
1.74268e-07
4.36521e-07
9.55336e-07
1.86858e-06
3.30682e-06
5.32503e-06
7.70971e-06
1.00713e-05
1.2215e-05
1.41048e-05
1.57895e-05
1.73737e-05
1.89585e-05
2.06027e-05
2.23992e-05
2.44389e-05
2.67868e-05
2.94632e-05
3.24014e-05
3.54411e-05
5.14379e-09
5.00123e-09
7.10801e-09
2.21394e-08
7.93892e-08
2.3871e-07
5.99549e-07
1.29781e-06
2.47278e-06
4.1986e-06
6.38791e-06
8.63104e-06
1.07118e-05
1.25817e-05
1.42821e-05
1.58979e-05
1.7543e-05
1.92681e-05
2.11409e-05
2.32393e-05
2.56186e-05
2.82902e-05
3.12154e-05
3.4277e-05
3.72733e-05
5.52348e-09
5.42439e-09
8.68757e-09
3.17541e-08
1.19104e-07
3.6022e-07
8.8612e-07
1.84158e-06
3.31582e-06
5.27075e-06
7.36852e-06
9.34972e-06
1.11666e-05
1.28554e-05
1.44879e-05
1.6184e-05
1.79795e-05
1.99355e-05
2.21131e-05
2.45612e-05
2.72879e-05
3.02448e-05
3.33352e-05
3.63979e-05
3.92015e-05
6.6766e-09
6.65611e-09
1.23861e-08
5.09759e-08
1.92325e-07
5.69445e-07
1.33671e-06
2.59327e-06
4.3202e-06
6.2507e-06
8.1085e-06
9.8537e-06
1.15182e-05
1.31626e-05
1.49085e-05
1.67802e-05
1.88262e-05
2.11016e-05
2.36449e-05
2.64629e-05
2.95063e-05
3.26635e-05
3.5787e-05
3.8684e-05
4.11111e-05
9.09729e-09
9.25183e-09
1.99396e-08
8.77845e-08
3.23553e-07
9.10059e-07
1.96558e-06
3.48426e-06
5.23811e-06
6.96462e-06
8.63443e-06
1.02766e-05
1.19408e-05
1.37448e-05
1.57066e-05
1.78639e-05
2.02603e-05
2.29289e-05
2.58691e-05
2.90323e-05
3.2304e-05
3.55129e-05
3.84767e-05
4.09927e-05
4.28293e-05
1.39071e-08
1.44618e-08
3.5657e-08
1.60365e-07
5.61293e-07
1.41472e-06
2.73469e-06
4.31403e-06
5.91581e-06
7.51651e-06
9.14785e-06
1.08528e-05
1.2735e-05
1.48106e-05
1.71099e-05
1.96654e-05
2.24974e-05
2.55984e-05
2.89118e-05
3.23214e-05
3.56468e-05
3.86749e-05
4.1219e-05
4.30982e-05
4.27342e-05
2.28921e-08
2.49726e-08
7.26657e-08
3.19068e-07
9.70795e-07
2.0957e-06
3.50543e-06
4.99593e-06
6.54165e-06
8.17356e-06
9.95328e-06
1.19478e-05
1.41755e-05
1.66617e-05
1.94277e-05
2.24785e-05
2.57884e-05
2.92888e-05
3.28509e-05
3.62883e-05
3.93736e-05
4.18943e-05
4.3705e-05
4.46803e-05
4.03275e-05
4.27193e-08
5.06255e-08
1.83837e-07
6.73041e-07
1.62568e-06
2.87281e-06
4.26673e-06
5.78358e-06
7.44509e-06
9.34619e-06
1.15058e-05
1.39456e-05
1.66857e-05
1.97347e-05
2.3077e-05
2.66603e-05
3.03856e-05
3.41046e-05
3.7616e-05
4.06896e-05
4.31082e-05
4.47298e-05
4.5493e-05
4.18734e-05
3.80423e-05
6.04236e-08
1.27593e-07
5.3537e-07
1.37808e-06
2.49463e-06
3.82038e-06
5.36034e-06
7.15383e-06
9.23945e-06
1.16463e-05
1.43949e-05
1.74941e-05
2.09316e-05
2.46604e-05
2.85869e-05
3.25647e-05
3.64032e-05
3.98882e-05
4.27947e-05
4.4932e-05
4.61891e-05
4.65606e-05
4.43511e-05
3.90464e-05
3.57394e-05
2.16537e-07
5.88508e-07
1.4156e-06
2.55724e-06
3.95867e-06
5.64564e-06
7.66837e-06
1.00725e-05
1.28856e-05
1.61156e-05
1.97454e-05
2.37221e-05
2.79436e-05
3.22497e-05
3.64264e-05
4.02307e-05
4.34333e-05
4.58611e-05
4.73924e-05
4.79948e-05
4.77314e-05
4.67222e-05
4.06622e-05
3.61409e-05
3.33264e-05
4.45736e-06
4.39613e-06
4.96115e-06
6.13586e-06
7.91883e-06
1.02958e-05
1.3245e-05
1.67343e-05
2.07104e-05
2.50843e-05
2.97172e-05
3.44102e-05
3.89075e-05
4.29232e-05
4.6193e-05
4.85348e-05
4.98862e-05
5.02964e-05
4.98452e-05
4.86719e-05
4.69436e-05
4.33165e-05
3.6932e-05
3.31037e-05
3.07688e-05
1.15906e-05
1.25932e-05
1.44081e-05
1.69401e-05
2.01321e-05
2.39155e-05
2.81899e-05
3.28131e-05
3.75922e-05
4.22766e-05
4.65705e-05
5.01671e-05
5.28054e-05
5.4333e-05
5.47508e-05
5.41987e-05
5.28925e-05
5.10516e-05
4.88108e-05
4.63143e-05
4.36802e-05
3.85992e-05
3.31683e-05
2.9992e-05
2.81335e-05
6.04765e-05
5.64908e-05
5.52753e-05
5.57175e-05
5.71782e-05
5.92091e-05
6.14331e-05
6.34973e-05
6.5082e-05
6.59228e-05
6.58453e-05
6.47957e-05
6.28539e-05
6.02109e-05
5.71304e-05
5.38629e-05
5.05825e-05
4.73857e-05
4.42796e-05
4.13016e-05
3.84708e-05
3.39118e-05
2.93291e-05
2.67966e-05
2.54051e-05
0.000143264
0.000129705
0.000119284
0.000111091
0.000104347
9.84714e-05
9.30381e-05
8.77468e-05
8.24275e-05
7.70353e-05
7.16e-05
6.62117e-05
6.10031e-05
5.60925e-05
5.15835e-05
4.75055e-05
4.38321e-05
4.05119e-05
3.75017e-05
3.47586e-05
3.22557e-05
2.92169e-05
2.54717e-05
2.35866e-05
2.26301e-05
0.000146398
0.000135823
0.000125493
0.000115603
0.000106233
9.73951e-05
8.90792e-05
8.1276e-05
7.39787e-05
6.72015e-05
6.00629e-05
5.33929e-05
5.02187e-05
4.57819e-05
4.18457e-05
3.83557e-05
3.52526e-05
3.24988e-05
3.00555e-05
2.78801e-05
2.59298e-05
2.42205e-05
2.1697e-05
2.04377e-05
1.98478e-05
0.000107733
0.000100608
9.34617e-05
8.64417e-05
7.96138e-05
7.30378e-05
6.6776e-05
6.01469e-05
5.22639e-05
4.61912e-05
4.22234e-05
4.07508e-05
3.79459e-05
3.47124e-05
3.18208e-05
2.92408e-05
2.69412e-05
2.48939e-05
2.30756e-05
2.14728e-05
2.00899e-05
1.89329e-05
1.7903e-05
1.68973e-05
1.57941e-05
7.25344e-05
6.78979e-05
6.3316e-05
5.88257e-05
5.44568e-05
4.88161e-05
4.31674e-05
3.86003e-05
3.52016e-05
3.32814e-05
3.24675e-05
2.98466e-05
2.7412e-05
2.52091e-05
2.32203e-05
2.14288e-05
1.98183e-05
1.83746e-05
1.70878e-05
1.5961e-05
1.50318e-05
1.42323e-05
1.34842e-05
1.27155e-05
1.18172e-05
4.74559e-05
4.45478e-05
4.17002e-05
3.82628e-05
3.43941e-05
3.12406e-05
2.88279e-05
2.69598e-05
2.4966e-05
2.32156e-05
2.1663e-05
2.0267e-05
1.89952e-05
1.76619e-05
1.63356e-05
1.51296e-05
1.40373e-05
1.3052e-05
1.21694e-05
1.13961e-05
1.0738e-05
1.01525e-05
9.59789e-06
9.01189e-06
8.30359e-06
3.04176e-05
2.86266e-05
2.66703e-05
2.44431e-05
2.25152e-05
2.08258e-05
1.93297e-05
1.79957e-05
1.67994e-05
1.57211e-05
1.47458e-05
1.38105e-05
1.27792e-05
1.18301e-05
1.09605e-05
1.01669e-05
9.44489e-06
8.78966e-06
8.1971e-06
7.6647e-06
7.18948e-06
6.75965e-06
6.35207e-06
5.92481e-06
5.41129e-06
1.87646e-05
1.76734e-05
1.66059e-05
1.55637e-05
1.45499e-05
1.35689e-05
1.26257e-05
1.17251e-05
1.08714e-05
1.00682e-05
9.31757e-06
8.62027e-06
7.97539e-06
7.38148e-06
6.83649e-06
6.33766e-06
5.88153e-06
5.46431e-06
5.08271e-06
4.73429e-06
4.41633e-06
4.12283e-06
3.84037e-06
3.54331e-06
3.19182e-06
1.07299e-05
1.00886e-05
9.46237e-06
8.85296e-06
8.26244e-06
7.69325e-06
7.14794e-06
6.62891e-06
6.13818e-06
5.67716e-06
5.24645e-06
4.84592e-06
4.47486e-06
4.13236e-06
3.81714e-06
3.5273e-06
3.26024e-06
3.01324e-06
2.78447e-06
2.57306e-06
2.3781e-06
2.19685e-06
2.02258e-06
1.84263e-06
1.63805e-06
5.36069e-06
5.01993e-06
4.6893e-06
4.36978e-06
4.06243e-06
3.76837e-06
3.48863e-06
3.22415e-06
2.97555e-06
2.743e-06
2.52613e-06
2.3242e-06
2.13663e-06
1.96309e-06
1.80312e-06
1.65561e-06
1.51884e-06
1.39105e-06
1.27182e-06
1.16152e-06
1.06017e-06
9.66789e-07
8.78268e-07
7.90066e-07
6.96877e-07
2.14045e-06
1.99317e-06
1.85173e-06
1.71639e-06
1.58741e-06
1.46504e-06
1.34952e-06
1.24107e-06
1.13975e-06
1.04536e-06
9.57366e-07
8.75155e-07
7.98582e-07
7.27936e-07
6.63259e-07
6.03994e-07
5.49113e-07
4.97444e-07
4.49278e-07
4.05177e-07
3.64909e-07
3.28846e-07
2.9578e-07
2.6423e-07
2.32677e-07
5.96096e-07
5.51637e-07
5.09421e-07
4.69425e-07
4.31648e-07
3.96093e-07
3.62769e-07
3.3171e-07
3.02902e-07
2.76211e-07
2.51339e-07
2.27992e-07
2.06265e-07
1.86506e-07
1.68782e-07
1.52842e-07
1.38251e-07
1.24184e-07
1.11113e-07
9.94724e-08
8.90635e-08
7.97488e-08
7.12928e-08
6.34309e-08
5.58678e-08
9.36439e-08
8.57946e-08
7.8479e-08
7.16779e-08
6.53781e-08
5.9565e-08
5.42135e-08
4.93253e-08
4.48803e-08
4.08327e-08
3.70926e-08
3.35741e-08
3.03252e-08
2.74571e-08
2.49559e-08
2.27743e-08
2.0881e-08
1.89259e-08
1.70853e-08
1.54531e-08
1.39792e-08
1.26269e-08
1.13841e-08
1.023e-08
9.14662e-09
7.34909e-09
6.15959e-09
5.16135e-09
4.34667e-09
3.70391e-09
3.22498e-09
2.85948e-09
2.62719e-09
2.49057e-09
2.41493e-09
2.36783e-09
2.34217e-09
2.3602e-09
2.41567e-09
2.46937e-09
2.50794e-09
2.58027e-09
2.58668e-09
2.60651e-09
2.62507e-09
2.59405e-09
2.52599e-09
2.44602e-09
2.35246e-09
2.22124e-09
2.77778e-09
1.88559e-09
1.1855e-09
6.69018e-10
3.20685e-10
1.47354e-10
4.94604e-11
9.8879e-11
2.2988e-10
4.03382e-10
5.82476e-10
7.67233e-10
9.96274e-10
1.25257e-09
1.47516e-09
1.61935e-09
1.70903e-09
1.79907e-09
1.93312e-09
2.06493e-09
2.11435e-09
2.11137e-09
2.09578e-09
2.06618e-09
1.98823e-09
2.02555e-06
1.94064e-06
2.30343e-06
3.58265e-06
5.088e-06
5.18439e-06
3.90706e-06
2.75452e-06
2.09849e-06
2.04409e-06
1.98651e-06
1.90601e-06
2.29894e-06
3.67995e-06
5.27979e-06
5.40032e-06
4.0525e-06
2.85065e-06
2.16167e-06
2.10563e-06
1.95515e-06
1.86937e-06
2.29534e-06
3.7896e-06
5.48986e-06
5.64246e-06
4.21699e-06
2.96051e-06
2.22955e-06
2.15455e-06
1.91441e-06
1.8249e-06
2.29259e-06
3.9088e-06
5.71057e-06
5.90292e-06
4.39373e-06
3.08231e-06
2.31151e-06
2.21702e-06
1.86582e-06
1.77238e-06
2.29179e-06
4.03772e-06
5.94119e-06
6.18436e-06
4.58489e-06
3.21666e-06
2.40862e-06
2.29025e-06
1.80604e-06
1.71027e-06
2.29469e-06
4.17728e-06
6.18129e-06
6.48985e-06
4.79241e-06
3.36419e-06
2.52466e-06
2.37944e-06
1.73308e-06
1.63805e-06
2.30454e-06
4.32866e-06
6.43019e-06
6.8229e-06
5.01859e-06
3.52484e-06
2.66267e-06
2.48847e-06
1.64505e-06
1.55606e-06
2.32825e-06
4.49346e-06
6.68692e-06
7.18713e-06
5.26591e-06
3.69752e-06
2.82525e-06
2.62188e-06
1.541e-06
1.46609e-06
2.3835e-06
4.67318e-06
6.95028e-06
7.586e-06
5.53782e-06
3.87963e-06
3.01379e-06
2.78433e-06
1.42124e-06
1.37149e-06
2.48328e-06
4.8666e-06
7.21893e-06
8.02244e-06
5.83722e-06
4.06702e-06
3.22766e-06
2.98043e-06
1.28784e-06
1.27813e-06
2.6223e-06
5.0708e-06
7.49226e-06
8.49843e-06
6.16834e-06
4.25378e-06
3.4628e-06
3.21304e-06
1.14423e-06
1.19641e-06
2.80967e-06
5.28657e-06
7.77113e-06
9.0137e-06
6.53554e-06
4.4321e-06
3.71026e-06
3.48101e-06
9.94755e-07
1.14479e-06
3.05776e-06
5.51655e-06
8.05855e-06
9.5643e-06
6.94179e-06
4.59052e-06
3.95502e-06
3.77747e-06
8.49725e-07
1.15688e-06
3.37595e-06
5.76486e-06
8.36019e-06
1.01432e-05
7.38844e-06
4.71739e-06
4.1757e-06
4.08777e-06
7.25888e-07
1.28976e-06
3.7647e-06
6.03852e-06
8.71239e-06
1.07484e-05
7.86579e-06
4.80144e-06
4.34495e-06
4.38432e-06
6.34013e-07
1.63251e-06
4.19818e-06
6.3884e-06
9.1717e-06
1.14366e-05
8.32257e-06
4.83373e-06
4.42998e-06
4.62418e-06
5.9589e-07
2.30234e-06
4.77071e-06
6.86734e-06
9.80472e-06
1.22837e-05
8.75528e-06
4.79861e-06
4.40537e-06
4.767e-06
1.00643e-06
3.47791e-06
5.56208e-06
7.53285e-06
1.07004e-05
1.33741e-05
9.16371e-06
4.69145e-06
4.2544e-06
4.75574e-06
3.59081e-06
5.41711e-06
6.65073e-06
8.43679e-06
1.20711e-05
1.48187e-05
9.50623e-06
4.51687e-06
3.99306e-06
4.56138e-06
8.00828e-06
7.51498e-06
7.78921e-06
9.81158e-06
1.4482e-05
1.67217e-05
9.70496e-06
4.27856e-06
3.65031e-06
4.22021e-06
6.29839e-06
6.8807e-06
8.7046e-06
1.30567e-05
1.92743e-05
1.85581e-05
9.68532e-06
3.99134e-06
3.26552e-06
3.786e-06
8.11628e-06
1.12035e-05
1.47038e-05
1.82242e-05
2.07756e-05
1.98889e-05
9.4576e-06
3.68155e-06
2.87452e-06
3.3206e-06
1.05728e-05
1.27708e-05
1.71482e-05
2.18294e-05
2.38924e-05
2.04985e-05
9.12909e-06
3.37917e-06
2.50672e-06
2.87231e-06
1.414e-05
1.7424e-05
2.25301e-05
2.71542e-05
2.82237e-05
2.03149e-05
8.80249e-06
3.10052e-06
2.17638e-06
2.46661e-06
1.9062e-05
2.37158e-05
3.02368e-05
3.41367e-05
3.04568e-05
2.01363e-05
8.53102e-06
2.85273e-06
1.88834e-06
2.11404e-06
2.55199e-05
3.2228e-05
3.42648e-05
3.47931e-05
3.07714e-05
2.00787e-05
8.32779e-06
2.6353e-06
1.6408e-06
1.81378e-06
3.05537e-05
3.28899e-05
3.50437e-05
3.55176e-05
3.12118e-05
2.01475e-05
8.19075e-06
2.44571e-06
1.42873e-06
1.55944e-06
3.11224e-05
3.36836e-05
3.59517e-05
3.63409e-05
3.17463e-05
2.0309e-05
8.11361e-06
2.29362e-06
1.2461e-06
1.34264e-06
3.18927e-05
3.46512e-05
3.69649e-05
3.72118e-05
3.23168e-05
2.05184e-05
8.0768e-06
2.17374e-06
1.0867e-06
1.15519e-06
3.28757e-05
3.5761e-05
3.8035e-05
3.80745e-05
3.28655e-05
2.07288e-05
8.05349e-06
2.06839e-06
9.45091e-07
9.90172e-07
3.40492e-05
3.69749e-05
3.91154e-05
3.88758e-05
3.33369e-05
2.0896e-05
8.02332e-06
1.97133e-06
8.17354e-07
8.42349e-07
3.53874e-05
3.82542e-05
4.01586e-05
3.95604e-05
3.3676e-05
2.09763e-05
7.96662e-06
1.87744e-06
7.00798e-07
7.08207e-07
3.68594e-05
3.9554e-05
4.11096e-05
4.00592e-05
3.38275e-05
2.09282e-05
7.86442e-06
1.78221e-06
5.93833e-07
5.85769e-07
3.8422e-05
4.08158e-05
4.18999e-05
3.79789e-05
3.31181e-05
2.07149e-05
7.69956e-06
1.68188e-06
4.95755e-07
4.74305e-07
4.00108e-05
4.196e-05
4.00819e-05
3.62167e-05
3.1838e-05
2.03095e-05
7.45779e-06
1.57353e-06
4.06503e-07
3.73971e-07
4.15311e-05
4.18441e-05
3.80771e-05
3.46957e-05
3.06579e-05
1.96877e-05
7.12784e-06
1.45512e-06
3.26399e-07
2.8544e-07
4.28486e-05
3.96084e-05
3.63836e-05
3.33418e-05
2.95423e-05
1.88269e-05
6.70254e-06
1.32566e-06
2.55853e-07
2.09446e-07
4.1129e-05
3.77345e-05
3.48903e-05
3.20907e-05
2.84536e-05
1.77138e-05
6.18073e-06
1.18523e-06
1.95142e-07
1.46492e-07
3.9028e-05
3.60634e-05
3.35046e-05
3.08841e-05
2.7353e-05
1.63492e-05
5.56914e-06
1.03481e-06
1.44103e-07
9.6592e-08
3.71013e-05
3.4476e-05
3.2151e-05
2.96689e-05
2.61983e-05
1.47552e-05
4.88569e-06
8.765e-07
1.01564e-07
5.91158e-08
3.52138e-05
3.28858e-05
3.07683e-05
2.83964e-05
2.46096e-05
1.29805e-05
4.16697e-06
7.19988e-07
6.8198e-08
3.2797e-08
3.3275e-05
3.12288e-05
2.93066e-05
2.70241e-05
2.18581e-05
1.10967e-05
3.45882e-06
5.81261e-07
4.61888e-08
1.58659e-08
3.12225e-05
2.94558e-05
2.77212e-05
2.55137e-05
1.88543e-05
9.17973e-06
2.77728e-06
4.55096e-07
3.0818e-08
6.18572e-09
2.90253e-05
2.75333e-05
2.59718e-05
2.37519e-05
1.57204e-05
7.32278e-06
2.1512e-06
3.44549e-07
2.05641e-08
1.64451e-09
2.67458e-05
2.55155e-05
2.4099e-05
2.00082e-05
1.26366e-05
5.63031e-06
1.60812e-06
2.52376e-07
1.39894e-08
2.07153e-10
2.43546e-05
2.33575e-05
2.1317e-05
1.62131e-05
9.73413e-06
4.15131e-06
1.15485e-06
1.78137e-07
9.93041e-09
4.87361e-10
2.18737e-05
2.05048e-05
1.72606e-05
1.25579e-05
7.15594e-06
2.92848e-06
7.94896e-07
1.20507e-07
7.38955e-09
1.29541e-09
1.84734e-05
1.63902e-05
1.33454e-05
9.24826e-06
5.00678e-06
1.97309e-06
5.21541e-07
7.89624e-08
5.7747e-09
2.0619e-09
1.43993e-05
1.24873e-05
9.78384e-06
6.44777e-06
3.32894e-06
1.26636e-06
3.32091e-07
5.07584e-08
4.66375e-09
2.50882e-09
1.06347e-05
8.98207e-06
6.75383e-06
4.24215e-06
2.10004e-06
7.87156e-07
2.0704e-07
3.25713e-08
3.92485e-09
2.55011e-09
7.36286e-06
6.04187e-06
4.36376e-06
2.62693e-06
1.26714e-06
4.73078e-07
1.24461e-07
2.02064e-08
3.09016e-09
2.27372e-09
4.71362e-06
3.75912e-06
2.62364e-06
1.53325e-06
7.33513e-07
2.74391e-07
7.33467e-08
1.24135e-08
2.30711e-09
1.83639e-09
2.72949e-06
2.12732e-06
1.4469e-06
8.49126e-07
4.12637e-07
1.56996e-07
4.26769e-08
7.50809e-09
1.62749e-09
1.35887e-09
1.38087e-06
1.06792e-06
7.42453e-07
4.48401e-07
2.2428e-07
8.74051e-08
2.42341e-08
4.41732e-09
1.06846e-09
9.14594e-10
5.88836e-07
4.66035e-07
3.38351e-07
2.15096e-07
1.13249e-07
4.60452e-08
1.31593e-08
2.4779e-09
6.39071e-10
5.50706e-10
1.98747e-07
1.63088e-07
1.24808e-07
8.51552e-08
4.87186e-08
2.14813e-08
6.5357e-09
1.28074e-09
3.34735e-10
2.83788e-10
4.85667e-08
4.094e-08
3.27186e-08
2.3917e-08
1.51604e-08
7.63695e-09
2.66345e-09
5.69869e-10
1.44185e-10
1.16396e-10
8.06749e-09
6.89814e-09
5.62299e-09
4.26054e-09
2.89613e-09
1.66235e-09
7.14327e-10
1.87839e-10
4.27598e-11
2.8639e-11
2.02353e-09
1.74612e-09
1.40847e-09
1.0416e-09
6.87035e-10
3.8742e-10
1.73404e-10
5.0645e-11
8.22676e-12
2.60156e-12
1.83027e-09
1.58239e-09
1.2676e-09
9.21309e-10
5.88158e-10
3.13001e-10
1.27651e-10
3.27476e-11
3.73022e-12
2.55181e-13
)
;

boundaryField
{
    inlet
    {
        type            calculated;
        value           nonuniform List<scalar> 10(0.00261796 0.00270105 0.00270105 0.00270105 0.00270105 0.00270105 0.00270105 0.00270105 0.00270105 0.00261963);
    }
    outlet
    {
        type            calculated;
        value           nonuniform List<scalar> 10(2.02555e-06 1.94064e-06 2.30343e-06 3.58265e-06 5.088e-06 5.18439e-06 3.90706e-06 2.75452e-06 2.09849e-06 2.04409e-06);
    }
    walls
    {
        type            nutUBlendedWallFunction;
        blending        stepwise;
        Cmu             0.09;
        kappa           0.41;
        E               9.8;
        n               4;
        value           nonuniform List<scalar> 
446
(
2.71052e-06
0
0
0
0
3.15731e-07
1.16903e-06
1.22387e-06
1.15928e-06
1.10198e-06
1.0568e-06
1.01678e-06
9.77299e-07
9.34591e-07
8.86302e-07
8.30949e-07
7.65483e-07
6.86309e-07
5.91002e-07
4.80896e-07
3.62616e-07
3.21941e-07
3.19048e-07
2.58068e-07
1.7672e-07
8.13901e-08
0
0
0
0
0
0
0
0
0
0
0
0
7.42322e-08
0
0
0
0
0
0
0
0
3.54719e-08
6.19567e-08
6.56199e-08
5.98689e-08
2.18934e-08
0
0
0
0
0
0
0
0
0
0
0
4.70419e-06
0
0
0
0
0
0
0
0
0
0
0
0
0
0
0
0
0
0
0
0
0
0
0
0
0
0
0
0
0
0
0
0
0
0
1.38781e-07
2.9247e-07
3.93535e-07
4.5862e-07
4.99271e-07
5.23178e-07
5.35761e-07
5.40624e-07
5.40454e-07
5.37006e-07
5.29958e-07
5.19243e-07
5.12855e-07
5.05425e-07
4.98239e-07
4.91312e-07
4.82461e-07
4.73228e-07
4.64373e-07
4.55739e-07
4.47097e-07
4.38412e-07
4.2971e-07
4.21008e-07
4.12323e-07
4.03675e-07
3.95089e-07
3.86588e-07
3.78189e-07
3.69907e-07
3.61755e-07
3.53741e-07
3.45869e-07
3.38133e-07
3.30523e-07
3.23027e-07
3.15631e-07
3.08319e-07
3.01081e-07
2.94054e-07
2.88634e-07
2.84268e-07
2.78748e-07
2.72223e-07
2.65458e-07
2.58629e-07
2.51769e-07
2.44886e-07
2.3798e-07
2.31041e-07
2.24059e-07
2.17025e-07
2.09935e-07
2.02785e-07
1.95572e-07
1.88287e-07
1.8093e-07
1.73507e-07
1.6603e-07
1.58509e-07
1.50955e-07
1.43377e-07
1.35791e-07
1.28212e-07
1.20648e-07
1.13092e-07
1.05527e-07
9.79203e-08
9.02216e-08
8.23652e-08
7.42639e-08
6.57982e-08
5.68093e-08
4.70829e-08
3.63279e-08
2.41333e-08
9.92264e-09
0
0
0
0
0
0
0
0
0
0
0
0
0
0
0
0
0
0
0
9.89223e-08
0
0
0
0
0
0
0
3.28726e-08
7.53553e-08
7.54919e-08
4.02291e-08
0
0
0
0
0
0
9.4469e-06
0
0
0
0
0
0
0
0
0
0
0
0
0
0
0
0
3.58325e-05
0
0
0
1.25476e-06
1.08406e-06
9.19348e-07
7.86917e-07
6.90973e-07
6.23689e-07
5.73374e-07
5.30122e-07
4.87124e-07
4.40118e-07
3.86142e-07
3.22427e-07
2.4563e-07
1.51326e-07
3.36264e-08
0
0
0
0
0
0
0
0
8.51882e-07
8.73752e-07
8.84729e-07
8.99791e-07
9.16605e-07
9.36388e-07
9.59174e-07
9.84816e-07
1.01203e-06
1.03837e-06
1.06186e-06
1.08385e-06
1.10358e-06
1.11803e-06
1.14093e-06
1.19622e-06
1.26944e-06
1.37833e-06
1.42055e-06
1.37981e-06
8.5676e-07
8.47984e-07
8.40466e-07
8.30305e-07
8.17869e-07
8.0173e-07
7.80205e-07
7.50719e-07
7.09369e-07
6.50201e-07
5.67171e-07
4.82515e-07
4.10111e-07
1.65464e-07
0
0
0
0
0
0
0
0
0
0
0
0
0
0
0
0
0
0
0
0
0
0
0
0
0
0
0
0
0
0
0
0
0
0
0
0
0
0
0
0
0
0
0
0
0
0
0
0
0
0
0
0
0
0
0
0
0
0
0
0
0
0
2.42556e-08
2.35378e-08
5.62968e-06
0.0042894
2.71457e-05
2.30169e-06
4.2414e-07
1.13754e-07
0
0
0
0
0
0
0
0
0
0
0
0
0
0
0
0
0
0
0
0
0
0
3.40376e-08
8.87892e-08
1.23673e-07
1.31435e-07
9.24399e-08
0
0
0
0
0
0
0
0
0
0.00517243
0
0
0
0
0
0
0
0
0
0
0
0
0
0
0
0
0
0
0
0
0
0
0
0
1.17531e-06
0
0
0
0
2.71505e-06
0
0
0
0
3.87445e-07
1.22305e-06
1.26051e-06
1.19099e-06
1.13828e-06
1.1054e-06
1.08535e-06
1.07414e-06
1.06832e-06
1.06233e-06
1.05294e-06
1.02337e-06
9.35285e-07
6.889e-07
0
)
;
    }
    baffle
    {
        type            nutUBlendedWallFunction;
        blending        stepwise;
        Cmu             0.09;
        kappa           0.41;
        E               9.8;
        n               4;
        value           nonuniform List<scalar> 
98
(
0
0
0
0
0
0
0
0
5.11172e-05
0
0
0
0
0
0
0
0
0
0
0
0
0
0
0
0
0
0
0
0
0
0
0
0
0
0
0
0
0
0
6.07914e-05
5.32847e-06
1.3145e-07
0
0
0
0
0
0
0
0
0
0
0
0
0
0
0
0
0
0
0
0
0
0
0
0
0
0
0
1.88112e-07
0
0
0
0
1.24514e-06
0
0
4.81264e-05
0
0
0
0
5.43995e-08
7.4709e-08
2.93884e-08
0
0
2.93651e-08
7.08068e-08
5.33125e-08
0
0
0
0
0
0
0
0
)
;
    }
    front
    {
        type            empty;
    }
    back
    {
        type            empty;
    }
}


// ************************************************************************* //
