/*--------------------------------*- C++ -*----------------------------------*\
| =========                 |                                                 |
| \\      /  F ield         | OpenFOAM: The Open Source CFD Toolbox           |
|  \\    /   O peration     | Version:  v2012                                 |
|   \\  /    A nd           | Website:  www.openfoam.com                      |
|    \\/     M anipulation  |                                                 |
\*---------------------------------------------------------------------------*/
FoamFile
{
    version     2.0;
    format      ascii;
    class       volScalarField;
    location    "569";
    object      age;
}
// * * * * * * * * * * * * * * * * * * * * * * * * * * * * * * * * * * * * * //

dimensions      [0 0 1 0 0 0 0];


internalField   nonuniform List<scalar> 
6598
(
0.0125024
0.0124994
0.0124997
0.0124998
0.0124998
0.0124998
0.0124998
0.0124997
0.0124994
0.0125024
0.0375132
0.037496
0.0374965
0.0374972
0.0374975
0.0374975
0.0374972
0.0374964
0.037496
0.0375132
0.0625384
0.062491
0.0624893
0.0624904
0.0624911
0.0624911
0.0624904
0.0624893
0.062491
0.0625384
0.0875786
0.0874858
0.0874781
0.0874785
0.0874793
0.0874793
0.0874784
0.087478
0.0874858
0.0875786
0.112634
0.112481
0.112463
0.112461
0.112462
0.112462
0.112461
0.112463
0.112481
0.112634
0.137703
0.137477
0.137444
0.137439
0.137438
0.137438
0.137438
0.137444
0.137477
0.137703
0.162786
0.162474
0.162423
0.162411
0.162408
0.162408
0.162411
0.162422
0.162474
0.162786
0.187883
0.187472
0.187398
0.187378
0.187373
0.187373
0.187378
0.187397
0.187471
0.187882
0.212991
0.212471
0.21237
0.212341
0.212332
0.212332
0.21234
0.212369
0.21247
0.21299
0.238112
0.237471
0.23734
0.237299
0.237286
0.237286
0.237298
0.237338
0.237469
0.23811
0.263244
0.262472
0.262307
0.262253
0.262235
0.262235
0.262252
0.262305
0.262469
0.26324
0.288387
0.287473
0.287272
0.287204
0.28718
0.287179
0.287201
0.287268
0.287469
0.288381
0.313541
0.312476
0.312235
0.31215
0.31212
0.312119
0.312147
0.312229
0.312469
0.313533
0.338706
0.33748
0.337195
0.337093
0.337056
0.337054
0.337088
0.337187
0.337469
0.338692
0.363883
0.362486
0.362155
0.362034
0.361988
0.361985
0.362025
0.362141
0.362469
0.363865
0.38907
0.387494
0.387113
0.386971
0.386916
0.386911
0.386958
0.387093
0.387467
0.389025
0.41427
0.412504
0.41207
0.411906
0.41184
0.411833
0.411886
0.41204
0.412464
0.414283
0.439484
0.437518
0.437028
0.436839
0.436761
0.436751
0.436809
0.436982
0.437458
0.439156
0.464712
0.462537
0.461987
0.461771
0.46168
0.461665
0.461726
0.461918
0.462448
0.465692
0.489958
0.487565
0.48695
0.486705
0.486597
0.486574
0.486636
0.486843
0.487423
0.485199
0.514863
0.512245
0.511563
0.511286
0.511159
0.511124
0.511183
0.511399
0.512025
0.533836
0.539432
0.536583
0.535829
0.535518
0.535369
0.53532
0.535372
0.535596
0.536268
0.566356
0.564031
0.56094
0.560109
0.559762
0.559589
0.559523
0.559567
0.559805
0.56051
0.598168
0.588666
0.585324
0.584412
0.584024
0.583824
0.58374
0.583777
0.584037
0.584764
0.629329
0.613345
0.609742
0.608742
0.608312
0.608084
0.607979
0.60801
0.608307
0.609049
0.659878
0.638079
0.634205
0.63311
0.632635
0.632375
0.63225
0.632278
0.632631
0.63338
0.689652
0.662878
0.658721
0.657525
0.657003
0.656709
0.656563
0.656593
0.657023
0.657769
0.718551
0.6882
0.683744
0.682436
0.681862
0.681534
0.681365
0.681405
0.681939
0.682673
0.747451
0.714064
0.709292
0.70786
0.707231
0.706864
0.706675
0.70673
0.707399
0.70811
0.775257
0.740047
0.734946
0.733379
0.732689
0.732282
0.732074
0.732153
0.732988
0.733662
0.801929
0.76617
0.760726
0.759011
0.758257
0.757808
0.75758
0.757692
0.758725
0.759354
0.82754
0.79246
0.786658
0.784779
0.783956
0.783461
0.783215
0.783366
0.784628
0.785211
0.852177
0.818947
0.81277
0.81071
0.809811
0.809268
0.809001
0.809196
0.81071
0.811251
0.875887
0.845665
0.8391
0.836835
0.835852
0.835255
0.834965
0.835203
0.836989
0.837492
0.898747
0.872659
0.865687
0.863192
0.862113
0.861456
0.861139
0.861413
0.863478
0.86395
0.920856
0.89998
0.892581
0.889825
0.888639
0.887914
0.88756
0.88786
0.890196
0.890647
0.942345
0.927688
0.919844
0.91679
0.915479
0.914677
0.914277
0.914581
0.917165
0.917612
0.963436
0.95586
0.947547
0.944153
0.942696
0.941806
0.941347
0.941627
0.944416
0.944889
0.984424
0.984586
0.975778
0.971994
0.970365
0.969374
0.968839
0.969061
0.97199
0.972538
1.00566
1.01397
1.00464
1.00041
0.998576
0.99747
0.996842
0.996964
0.999945
1.00063
1.02752
1.04415
1.03427
1.02952
1.02744
1.0262
1.02546
1.02544
1.02836
1.02926
1.05007
1.07529
1.06481
1.05947
1.05709
1.05569
1.05483
1.05462
1.05736
1.05858
1.07261
1.10759
1.09646
1.09044
1.08769
1.0861
1.08509
1.08466
1.08707
1.08881
1.09543
1.14129
1.12945
1.12265
1.11944
1.11762
1.11644
1.11577
1.11769
1.12016
1.11869
1.17671
1.16407
1.15636
1.15258
1.15047
1.14909
1.14817
1.14944
1.153
1.14188
1.21426
1.20069
1.19192
1.18743
1.18493
1.18332
1.18216
1.1826
1.18752
1.16947
1.25448
1.23979
1.22976
1.22437
1.22135
1.21944
1.21807
1.21759
1.22315
1.20838
1.29811
1.28201
1.27045
1.2639
1.26018
1.25786
1.25627
1.25495
1.25981
1.25234
1.34623
1.32823
1.31475
1.3067
1.30201
1.29909
1.29722
1.29529
1.29834
1.29721
1.40044
1.37977
1.36372
1.35368
1.34761
1.34381
1.34147
1.3392
1.34008
1.34191
1.46337
1.4386
1.41889
1.40607
1.39805
1.39295
1.38981
1.38727
1.38641
1.38814
1.53986
1.50827
1.48287
1.46591
1.45496
1.44785
1.44336
1.44028
1.43832
1.43861
1.63996
1.5941
1.55873
1.53556
1.52047
1.51047
1.5039
1.49962
1.49678
1.49563
1.79189
1.71604
1.65816
1.62147
1.59832
1.58337
1.5736
1.5673
1.5633
1.56104
2.07307
1.88169
1.787
1.73054
1.69607
1.67319
1.65753
1.64709
1.64049
1.63665
6.54753
3.13774
2.09075
1.88451
1.81543
1.78237
1.76202
1.74733
1.73664
1.7294
13.6568
9.08123
4.52217
2.48803
2.01972
1.91732
1.87936
1.86228
1.85225
1.84534
12.5855
12.9771
9.84693
5.70202
3.33597
2.35354
2.09607
2.02231
1.99079
1.97514
12.1384
12.0522
12.8692
9.89372
6.78791
4.56635
3.34079
2.71638
2.43591
2.31773
11.7013
10.8026
10.4214
9.7083
8.27519
6.96862
5.99261
5.26338
4.71798
4.32065
131.436
154.93
155.553
158.569
161.513
165.306
169.464
173.707
178.243
182.802
186.605
189.452
191.409
192.606
193.114
193.258
193.395
193.533
193.673
193.82
193.978
194.16
194.388
194.78
196.993
127.427
147.515
144.271
147.244
152.566
160.858
172.03
185.291
200.013
215.093
229.284
241.568
251.223
257.927
261.664
262.153
259.124
252.664
243.192
231.52
219.055
207.79
199.765
195.97
196.517
120.577
144.873
142.766
143.02
146.11
154.976
170.59
191.936
218.075
247.013
275.922
301.986
323.181
338.413
347.225
349.442
345.201
334.524
317.491
294.583
267.357
239.265
215.594
200.73
196.574
113.514
143.887
142.667
142.53
142.966
148.776
165.264
191.77
227.448
269.913
314.449
355.796
390.337
416.003
431.624
436.555
430.8
414.908
389.778
356.478
316.588
273.626
234.594
207.547
197.148
106.452
143.685
142.873
142.611
142.366
144.325
157.461
184.892
225.371
276.903
333.596
387.996
434.886
471.116
494.297
503.798
497.926
477.708
445.305
403.174
353.624
300.085
249.923
213.348
197.751
98.3962
143.835
143.743
143.342
142.28
142.212
149.529
173.161
212.812
266.786
329.001
391.182
446.488
490.705
520.402
535.854
530.094
508.651
472.399
425.55
371.132
312.605
257.405
216.41
198.129
89.759
143.258
145.439
145.34
143.026
141.993
144.159
159.974
193.44
243.232
304.105
367.35
425.107
472.347
505.408
521.407
520.72
500.7
465.953
420.104
366.492
309.225
255.845
216.187
198.338
80.7273
141.423
147.413
148.47
145.149
142.132
141.807
148.996
172.095
211.867
264.706
322.633
377.053
422.162
454.841
472.481
473.137
456.763
427.075
386.381
338.601
288.808
244.419
213.579
200.999
71.4991
138.251
149.244
152.704
149.357
143.789
141.623
142.957
153.976
179.782
219.104
266.178
312.87
352.044
379.992
395.249
397.129
385.729
362.721
331.191
295.472
260.821
232.455
212.15
191.487
62.3904
133.615
150.564
157.081
155.111
147.881
142.481
141.358
143.822
154.837
177.577
209.28
244.645
276.876
300.762
314.25
317.19
310.335
295.256
274.359
250.413
225.546
200.197
173.59
147.83
53.6034
127.596
151.591
161.234
162.265
155.013
146.361
141.848
141.261
142.852
149.788
164.009
183.604
205.03
223.296
234.848
238.668
234.637
224.405
209.234
190.849
171.108
152.411
138.787
131.841
45.3151
119.777
151.728
164.71
169.913
164.706
154.966
146.185
141.753
140.715
140.901
142.728
146.815
152.945
159.847
165.01
166.793
164.635
158.988
151.761
144.575
138.392
134.695
134.115
137.512
37.6004
110.659
150.532
167.339
177.44
176.008
167.687
157.491
148.82
143.352
140.365
139.011
138.63
138.562
138.486
138.407
138.324
138.207
137.943
137.853
137.762
137.708
140.496
148.475
162.323
30.4951
100.557
147.641
169.045
184.171
187.867
182.958
174.136
164.96
157.113
151.073
146.783
144.03
142.432
141.561
141.155
141.097
141.373
142.194
144.08
148.201
155.516
167.305
182.624
200.901
24.0285
89.7101
142.808
169.556
189.64
199.444
199.369
193.59
185.796
178.139
171.462
166.012
161.88
159.063
157.527
157.254
158.256
160.758
165.129
171.85
181.331
193.468
208.345
225.393
244.242
18.1708
77.9289
135.743
168.514
193.253
209.91
216.087
214.974
210.559
205.25
200.267
196.086
192.94
191.006
190.431
191.343
193.984
198.549
205.213
214.086
225.138
238.203
253.103
269.607
287.518
13.2576
65.2875
126.099
165.388
194.438
217.871
230.786
235.363
235.37
233.559
231.442
229.74
228.781
228.774
229.92
232.455
236.553
242.33
249.845
259.09
270.002
282.489
296.45
311.796
328.422
9.43513
52.2666
113.604
159.425
192.745
222.248
242.226
253.124
258.239
260.433
261.557
262.591
264.016
266.106
269.064
273.068
278.246
284.684
292.424
301.473
311.826
323.469
336.385
350.547
365.906
6.59088
39.5354
98.2621
149.743
187.771
221.914
249.13
266.633
277.33
283.982
288.653
292.553
296.344
300.39
304.929
310.132
316.121
322.987
330.794
339.583
349.394
360.259
372.206
385.253
399.39
4.55869
27.854
80.5143
135.5
178.72
216.396
249.878
274.398
291.08
302.635
311.159
318.098
324.299
330.256
336.278
342.569
349.277
356.516
364.378
372.938
382.264
392.412
403.436
415.384
428.284
3.17458
17.9331
61.5952
116.464
164.49
205.431
243.168
274.658
297.742
314.586
327.418
337.688
346.498
354.489
362.065
369.49
376.951
384.593
392.538
400.89
409.745
419.185
429.282
440.107
451.711
2.28595
10.3546
42.3647
93.0273
144.042
188.448
228.811
265.332
295.199
317.964
335.336
349.408
361.195
371.475
380.793
389.496
397.818
405.939
414.012
422.175
430.558
439.274
448.424
458.093
468.352
1.74513
5.83074
25.5818
67.1371
117.126
164.366
206.91
246.065
280.933
309.895
332.763
350.998
366.038
378.927
390.308
400.525
409.873
418.586
426.863
434.886
442.825
450.836
459.051
467.573
476.488
1.4434
3.43265
13.3263
42.4893
85.7996
132.739
176.976
217.568
254.78
287.945
316.145
339.368
358.396
374.261
387.854
399.751
410.317
419.819
428.484
436.53
444.169
451.594
458.968
466.415
474.038
1.29665
2.22634
6.09186
22.1866
54.1674
95.5326
138.851
180.045
218.088
252.857
284.011
311.179
334.345
353.882
370.376
384.404
396.446
406.892
416.089
424.334
431.884
438.959
445.726
452.316
458.842
1.23928
1.62789
3.07203
9.45001
28.1156
58.4387
95.5782
134.423
171.864
206.673
238.49
267.16
292.602
314.862
334.111
350.596
364.618
376.54
386.756
395.624
403.45
410.489
416.941
422.962
428.677
1.23385
1.36787
1.92385
3.61071
11.0881
28.4162
54.4274
85.8036
119.044
151.684
182.412
210.675
236.295
259.273
279.655
297.481
312.874
326.073
337.377
347.089
355.49
362.828
369.313
375.122
380.393
1.25251
1.2955
1.45539
1.92214
3.59303
10.0689
23.6629
43.6576
67.9952
94.3697
120.922
146.439
170.26
192.102
211.84
229.397
244.813
258.226
269.829
279.834
288.457
295.901
302.351
307.972
312.897
1.29136
1.30078
1.32695
1.43971
1.57523
2.53409
6.47428
15.1436
28.6055
45.4996
64.3442
83.864
103.11
121.471
138.556
154.115
168.056
180.391
191.2
200.604
208.739
215.751
221.779
226.959
231.398
1.33897
1.33731
1.33796
1.35521
1.39862
1.52219
1.63433
2.88547
6.53172
13.1223
22.8044
34.3081
46.7409
59.4175
71.8036
83.526
94.359
104.187
112.975
120.74
127.535
133.434
138.519
142.879
146.585
1.38873
1.38763
1.3836
1.37863
1.38549
1.41312
1.45522
1.54452
1.63189
1.85694
3.36964
6.28258
10.5523
15.9896
22.428
29.1465
35.7498
42.0193
47.8297
53.1114
57.8399
62.0194
65.6705
68.8292
71.5287
1.44023
1.44159
1.44129
1.43745
1.43343
1.433
1.4425
1.46621
1.5001
1.54958
1.60734
1.65821
1.71099
1.76153
2.29745
3.2756
4.59747
6.15951
7.86429
9.62569
11.375
13.0591
14.6385
16.0881
17.3933
1.49639
1.49841
1.50088
1.5022
1.50179
1.49904
1.49809
1.49945
1.51119
1.52439
1.54904
1.5775
1.60837
1.63766
1.68222
1.71753
1.74991
1.78207
1.81412
1.84604
1.87775
1.90923
1.94041
1.97127
2.00181
1.56053
1.5617
1.56437
1.56795
1.57167
1.57436
1.57627
1.57768
1.57896
1.58319
1.59071
1.60249
1.61932
1.63566
1.65496
1.67788
1.70191
1.72636
1.75102
1.77578
1.80058
1.82539
1.85018
1.87494
1.89969
1.63496
1.63507
1.63684
1.64018
1.64484
1.65035
1.65616
1.66207
1.66746
1.67308
1.6793
1.68639
1.69485
1.70548
1.71754
1.73123
1.74648
1.76305
1.78073
1.80023
1.82071
1.8406
1.86046
1.88038
1.90083
1.72514
1.72332
1.7235
1.72551
1.7292
1.73444
1.74097
1.74856
1.75691
1.76579
1.77512
1.78489
1.7951
1.80602
1.81773
1.83023
1.84357
1.85774
1.87271
1.88834
1.90464
1.92162
1.9392
1.9573
1.97585
1.84062
1.83781
1.83671
1.83728
1.83947
1.84322
1.84845
1.85507
1.86297
1.87199
1.88198
1.89284
1.90445
1.91674
1.92967
1.9432
1.95732
1.972
1.98722
2.00293
2.01911
2.03573
2.05276
2.07017
2.08793
1.96824
1.96614
1.96671
1.96906
1.97276
1.97765
1.98364
1.99068
1.99875
2.0078
2.0178
2.02868
2.04039
2.05286
2.06602
2.07982
2.09421
2.10914
2.12455
2.14041
2.15668
2.17331
2.19028
2.20755
2.2251
2.26049
2.2288
2.21018
2.19962
2.1944
2.19297
2.19436
2.19797
2.2034
2.21037
2.21868
2.22815
2.23868
2.25014
2.26244
2.2755
2.28924
2.3036
2.31851
2.33392
2.34978
2.36603
2.38265
2.39957
2.41685
4.05067
3.86943
3.74244
3.64963
3.57958
3.52567
3.4839
3.4516
3.42689
3.40841
3.39508
3.38611
3.38085
3.37877
3.37942
3.38242
3.38747
3.39432
3.40276
3.41257
3.42361
3.43573
3.44878
3.46267
3.47737
199.349
165.621
126.89
157.199
135.114
127.032
131.749
128.35
132.016
131.332
137.395
149.965
146.966
162.643
180.453
179.709
198.516
218.678
220.306
239.698
260.147
263.292
282.097
301.74
305.466
323.187
341.674
345.115
361.645
378.952
381.367
396.729
412.878
413.637
427.824
442.778
441.272
454.218
467.882
463.359
474.96
487.211
478.586
488.752
499.474
485.291
493.973
503.073
481.42
488.601
496.07
464.98
470.8
476.742
433.857
438.601
443.304
384.969
388.987
392.82
317.016
320.484
323.656
235.014
237.957
240.549
149.568
151.95
153.999
73.7039
75.4369
76.9174
18.4793
19.3799
20.1705
2.02831
2.05448
2.08039
1.92357
1.94617
1.96833
1.92064
1.93947
1.95849
1.99358
2.01041
2.02746
2.10487
2.12093
2.13718
2.24178
2.25754
2.27346
2.43283
2.44826
2.46382
3.49076
3.5045
3.51852
160.563
132.256
125.63
124.912
124.527
124.285
124.118
123.992
123.874
123.766
123.664
123.569
123.478
123.391
123.308
123.228
123.15
123.074
123
122.927
122.856
122.786
122.716
122.648
122.581
122.514
122.448
122.382
122.316
122.251
122.186
122.121
122.056
121.991
121.927
121.861
121.796
121.73
121.664
121.597
121.53
121.462
121.392
121.322
121.249
121.175
121.099
121.02
120.936
120.844
120.742
120.642
120.572
120.52
120.451
120.4
120.361
120.351
120.343
120.373
120.513
120.689
120.886
121.135
121.434
121.796
122.272
122.75
123.164
123.479
123.691
123.799
123.9
124
124.104
124.215
124.339
124.485
124.799
126.22
137.523
127.59
125.281
124.883
124.7
124.642
124.68
124.778
124.923
125.106
125.314
125.538
125.77
126.003
126.232
126.454
126.665
126.865
127.051
127.224
127.382
127.526
127.654
127.768
127.866
127.949
128.016
128.068
128.103
128.122
128.124
128.108
128.073
128.019
127.944
127.832
127.681
127.488
127.25
126.965
126.634
126.258
125.837
125.372
124.866
124.322
123.748
123.151
122.544
121.943
121.369
120.838
120.39
120.08
119.96
119.822
119.646
119.457
119.364
119.271
119.256
119.428
119.927
120.663
121.737
123.351
125.386
127.697
130.011
132.014
133.443
134.104
133.877
132.808
131.066
128.973
126.999
125.623
125.052
125.982
130.821
126.019
125.26
125.114
125.299
125.81
126.687
127.974
129.639
131.58
133.711
135.954
138.246
140.534
142.781
144.96
147.052
149.044
150.93
152.705
154.366
155.914
157.347
158.667
159.872
160.964
161.94
162.801
163.545
164.168
164.669
165.043
165.285
165.393
165.365
165.21
164.915
164.473
163.872
163.102
162.157
161.029
159.707
158.179
156.435
154.465
152.26
149.813
147.12
144.185
141.017
137.641
134.11
130.544
127.261
124.327
121.93
120.253
119.451
119.218
118.957
118.902
119.198
120.088
121.704
124.566
128.577
133.695
139.221
144.409
148.267
150.513
150.467
148.279
144.169
138.746
133.086
128.539
125.911
125.926
128.578
125.705
125.413
125.858
127.237
129.721
133.333
137.876
143.019
148.496
154.099
159.652
165.037
170.181
175.039
179.593
183.839
187.781
191.432
194.803
197.91
200.766
203.385
205.779
207.957
209.927
211.696
213.269
214.647
215.832
216.823
217.617
218.209
218.595
218.766
218.716
218.439
217.918
217.138
216.086
214.744
213.094
211.118
208.794
206.1
203.013
199.511
195.569
191.165
186.282
180.905
175.026
168.653
161.814
154.574
147.061
139.495
132.269
126.163
121.823
119.363
118.861
118.636
118.997
120.206
123.095
127.915
134.924
143.246
151.792
158.5
162.687
162.481
160.101
154.935
147.106
138.53
131.298
126.889
126.082
127.675
125.71
125.999
128.07
132.198
138.416
146.295
155.201
164.563
173.968
183.129
191.868
200.092
207.767
214.892
221.487
227.583
233.213
238.411
243.211
247.64
251.726
255.49
258.95
262.123
265.019
267.648
270.015
272.123
273.974
275.565
276.891
277.947
278.725
279.213
279.399
279.268
278.805
277.989
276.798
275.211
273.203
270.746
267.811
264.369
260.387
255.833
250.674
244.875
238.406
231.238
223.351
214.728
205.37
195.302
184.571
173.28
161.62
149.921
138.746
129.023
122.418
118.958
118.467
118.596
119.875
123.183
129.305
137.782
147.518
156.041
161.458
163.643
161.827
157.238
149.166
140.14
132.297
127.281
126.285
127.204
125.848
127.755
132.943
141.448
152.597
165.341
178.708
192.023
204.874
217.04
228.429
239.027
248.859
257.97
266.413
274.241
281.504
288.247
294.509
300.327
305.729
310.741
315.383
319.672
323.621
327.239
330.532
333.502
336.148
338.469
340.456
342.103
343.397
344.325
344.869
345.012
344.733
344.008
342.81
341.112
338.883
336.09
332.698
328.671
323.971
318.558
312.392
305.436
297.649
288.997
279.452
268.985
257.585
245.266
232.038
217.94
203.079
187.613
171.848
156.295
141.749
129.555
121.852
118.36
118.219
118.766
121.207
126.383
134.345
142.577
149.618
153.341
153.589
150.379
144.549
137.617
131.294
127.318
126.483
126.879
126.579
131.698
141.863
155.897
172.265
189.545
206.733
223.262
238.876
253.493
267.121
279.809
291.621
302.624
312.881
322.453
331.39
339.741
347.546
354.842
361.659
368.022
373.955
379.473
384.59
389.315
393.653
397.606
401.172
404.347
407.121
409.483
411.419
412.911
413.939
414.479
414.506
413.993
412.91
411.222
408.896
405.892
402.172
397.696
392.42
386.304
379.304
371.379
362.49
352.601
341.68
329.701
316.651
302.54
287.366
271.14
253.93
235.802
216.934
197.63
178.292
159.597
142.641
129.149
121.207
117.943
117.822
118.339
121.199
126.149
132.625
137.399
139.611
139.107
136.5
132.819
129.275
127.153
126.655
126.773
129.802
140.866
157.175
176.75
197.627
218.48
238.569
257.574
275.422
292.139
307.792
322.452
336.194
349.082
361.179
372.541
383.219
393.258
402.698
411.576
419.923
427.763
435.12
442.008
448.441
454.427
459.969
465.066
469.716
473.908
477.632
480.872
483.61
485.821
487.482
488.563
489.033
488.858
488.005
486.436
484.111
480.989
477.027
472.183
466.414
459.677
451.93
443.136
433.257
422.262
410.124
396.824
382.355
366.725
349.942
332.029
313.051
293.054
272.153
250.539
228.425
206.138
184.186
163.34
144.812
130.441
121.662
117.376
116.615
116.517
118.352
121.874
125.586
128.616
129.977
129.544
128.57
127.882
127.204
130.016
140.767
158.651
180.426
204.151
228.075
251.289
273.388
294.271
313.966
332.536
350.055
366.587
382.197
396.942
410.879
424.059
436.529
448.333
459.51
470.094
480.114
489.594
498.554
507.009
514.967
522.433
529.407
535.884
541.855
547.306
552.218
556.571
560.336
563.484
565.981
567.79
568.872
569.185
568.685
567.333
565.084
561.894
557.719
552.516
546.245
538.87
530.357
520.675
509.8
497.71
484.393
469.841
454.057
437.055
418.858
399.507
379.07
357.615
335.255
312.144
288.456
264.408
240.278
216.43
193.362
171.739
152.415
136.504
125.611
118.564
114.482
112.71
112.407
112.37
112.289
112.014
110.597
108.158
105.128
143.199
162.033
185.148
210.52
236.521
262.03
286.578
310.001
332.295
353.502
373.672
392.856
411.104
428.467
444.995
460.737
475.74
490.047
503.7
516.733
529.177
541.057
552.395
563.204
573.495
583.27
592.529
601.263
609.459
617.1
624.161
630.614
636.423
641.551
645.953
649.583
652.39
654.321
655.32
655.334
654.307
652.193
648.94
644.506
638.852
631.944
623.76
614.282
603.5
591.415
578.032
563.364
547.43
530.256
511.875
492.325
471.66
449.948
427.271
403.745
379.517
354.761
329.68
304.513
279.534
255.056
231.44
209.09
188.475
170.089
154.461
141.782
132.102
125.55
121.324
118.855
117.757
117.997
119.903
125.391
168.485
192.277
218.384
245.355
272.172
298.299
323.542
347.84
371.195
393.622
415.144
435.79
455.596
474.604
492.856
510.397
527.267
543.508
559.155
574.238
588.782
602.809
616.331
629.357
641.888
653.918
665.435
676.42
686.848
696.684
705.889
714.417
722.213
729.219
735.369
740.594
744.819
747.971
749.972
750.747
750.224
748.336
745.028
740.251
733.97
726.166
716.833
705.981
693.636
679.838
664.64
648.104
630.299
611.299
591.176
570.004
547.858
524.816
500.966
476.41
451.279
425.729
399.945
374.145
348.573
323.496
299.198
275.979
254.156
234.054
216.001
200.289
187.154
176.769
169.259
164.732
163.335
165.35
171.497
181.959
202.804
228.75
255.763
282.898
309.68
335.896
361.455
386.31
410.435
433.818
456.463
478.387
499.617
520.189
540.142
559.514
578.345
596.668
614.516
631.913
648.879
665.428
681.564
697.286
712.585
727.443
741.832
755.717
769.054
781.788
793.856
805.186
815.694
825.291
833.88
841.357
847.613
852.537
856.02
857.953
858.237
856.781
853.504
848.35
841.286
832.301
821.413
808.667
794.136
777.915
760.124
740.896
720.378
698.716
676.059
652.544
628.297
603.432
578.051
552.256
526.153
499.864
473.538
447.356
421.53
396.299
371.921
348.66
326.787
306.571
288.28
272.178
258.528
247.582
239.581
234.77
233.389
235.688
241.883
251.723
242.163
268.318
294.958
321.563
347.933
373.966
399.589
424.744
449.388
473.498
497.07
520.117
542.665
564.746
586.396
607.654
628.553
649.127
669.402
689.398
709.129
728.602
747.811
766.745
785.38
803.685
821.614
839.111
856.108
872.525
888.268
903.23
917.293
930.325
942.185
952.723
961.78
969.195
974.809
978.467
980.026
979.359
976.359
970.939
963.06
952.721
939.959
924.859
907.547
888.189
866.984
844.154
819.94
794.59
768.348
741.445
714.092
686.471
658.736
631.011
603.403
576.003
548.911
522.242
496.143
470.795
446.411
423.226
401.488
381.446
363.342
347.41
333.886
323.004
314.99
310.019
308.203
309.567
314.016
321.172
283.187
308.55
334.298
360.154
385.977
411.667
437.16
462.403
487.354
511.994
536.324
560.357
584.12
607.646
630.972
654.134
677.166
700.1
722.959
745.759
768.51
791.208
813.842
836.389
858.813
881.065
903.083
924.79
946.092
966.88
987.029
1006.39
1024.81
1042.11
1058.08
1072.53
1085.22
1095.94
1104.45
1110.53
1113.99
1114.63
1112.33
1106.93
1098.4
1086.72
1071.98
1054.28
1033.81
1010.82
985.583
958.438
929.728
899.811
869.039
837.749
806.25
774.817
743.68
713.027
682.998
653.7
625.209
597.592
570.917
545.275
520.786
497.604
475.915
455.919
437.826
421.841
408.171
397.025
388.589
382.94
380.053
379.802
381.957
386.154
323.699
347.92
372.647
397.689
422.892
448.124
473.33
498.481
523.556
548.547
573.463
598.324
623.159
648.003
672.895
697.871
722.965
748.208
773.621
799.219
825.004
850.971
877.099
903.358
929.702
956.07
982.387
1008.56
1034.48
1060
1084.98
1109.24
1132.57
1154.74
1175.5
1194.57
1211.65
1226.43
1238.6
1247.85
1253.9
1256.48
1255.4
1250.48
1241.57
1228.74
1212.1
1191.86
1168.23
1141.51
1112.07
1080.35
1046.81
1011.92
976.149
939.934
903.678
867.743
832.436
798.013
764.672
732.563
701.785
672.403
644.457
617.976
592.993
569.56
547.751
527.67
509.439
493.195
479.099
467.34
458.057
451.256
446.836
444.603
444.277
445.527
362.414
385.431
409.106
433.269
457.758
482.426
507.208
532.103
557.118
582.262
607.552
633.014
658.682
684.59
710.779
737.286
764.144
791.382
819.02
847.07
875.533
904.4
933.647
963.241
993.133
1023.26
1053.54
1083.88
1114.15
1144.21
1173.88
1202.96
1231.2
1258.32
1284
1307.88
1329.6
1348.74
1364.92
1377.73
1386.81
1391.83
1392.53
1388.77
1380.16
1366.79
1348.64
1326.16
1299.81
1269.87
1236.72
1200.9
1162.95
1123.47
1083.01
1042.11
1001.26
960.895
921.386
883.041
846.107
810.768
777.156
745.356
715.419
687.365
661.196
636.904
614.482
593.927
575.256
558.505
543.769
531.184
520.818
512.623
506.449
502.058
499.14
497.331
398.483
420.281
442.849
466.028
489.67
513.635
537.845
562.301
587.037
612.076
637.443
663.167
689.283
715.826
742.833
770.339
798.375
826.966
856.13
885.876
916.203
947.099
978.543
1010.5
1042.92
1075.75
1108.91
1142.29
1175.77
1209.2
1242.36
1275.04
1306.92
1337.69
1366.95
1394.31
1419.32
1441.54
1460.51
1475.78
1486.93
1493.71
1496.09
1494.26
1488.45
1477.94
1461.54
1438.63
1410.78
1378.85
1343.39
1304.92
1264.07
1221.45
1177.69
1133.4
1089.14
1045.41
1002.63
961.149
921.245
883.134
846.967
812.845
780.826
750.933
723.168
697.509
673.919
652.348
632.74
615.059
599.332
585.614
573.893
564.065
555.944
549.265
543.693
538.853
431.184
451.704
473.06
495.109
517.728
540.794
564.222
588.002
612.169
636.755
661.788
687.296
713.31
739.861
766.981
794.697
823.036
852.014
881.646
911.936
942.88
974.463
1006.66
1039.44
1072.75
1106.55
1140.73
1175.22
1209.87
1244.54
1279
1313.02
1346.29
1378.47
1409.18
1438.01
1464.51
1488.09
1507.79
1521.64
1528.57
1530.19
1528.62
1526.88
1524.83
1522.14
1516.89
1503.24
1478.53
1446.88
1411.46
1372.87
1331.74
1288.65
1244.2
1199.02
1153.7
1108.79
1064.73
1021.9
980.606
941.088
903.522
868.027
834.673
803.49
774.475
747.596
722.807
700.051
679.257
660.371
643.385
628.286
614.999
603.377
593.202
584.186
575.98
568.204
459.782
478.905
498.891
519.622
540.996
562.903
585.258
608.032
631.245
654.922
679.088
703.765
728.978
754.751
781.104
808.053
835.614
863.796
892.601
922.027
952.056
982.663
1013.83
1045.51
1077.68
1110.25
1143.16
1176.31
1209.58
1242.81
1275.82
1308.39
1340.26
1371.11
1400.62
1428.43
1454.15
1477.29
1497.8
1511.22
1518.81
1523.01
1525.05
1525.95
1525.51
1522.72
1515.82
1502.71
1482
1454.23
1422.05
1386.59
1348.51
1308.35
1266.63
1223.92
1180.77
1137.72
1095.24
1053.69
1013.41
974.636
937.571
902.355
869.089
837.825
808.574
781.307
755.971
732.503
710.839
690.936
672.774
656.313
641.461
628.063
615.898
604.667
594.003
583.509
483.452
501.009
519.425
538.601
558.453
578.876
599.781
621.123
642.901
665.123
687.802
710.948
734.571
758.674
783.27
808.371
833.979
860.09
886.698
913.79
941.342
969.32
997.694
1026.43
1055.47
1084.75
1114.21
1143.75
1173.26
1202.61
1231.65
1260.2
1288.06
1315.01
1340.76
1365.03
1387.58
1407.79
1426.67
1442.78
1455.09
1463.7
1468.79
1470.35
1468.09
1461.78
1451.22
1436.34
1417.27
1394.35
1367.96
1338.5
1306.41
1272.16
1236.22
1199.1
1161.27
1123.18
1085.24
1047.8
1011.17
975.596
941.286
908.39
877.031
847.291
819.206
792.773
767.96
744.712
722.978
702.727
683.932
666.549
650.488
635.615
621.743
608.608
595.852
583.066
501.186
516.974
533.582
550.928
568.936
587.5
606.524
625.944
645.732
665.881
686.396
707.275
728.513
750.101
772.036
794.317
816.938
839.887
863.148
886.699
910.516
934.565
958.808
983.203
1007.7
1032.24
1056.75
1081.17
1105.39
1129.32
1152.83
1175.8
1198.08
1219.5
1239.88
1259
1276.67
1292.61
1306.68
1318.71
1328.42
1335.5
1339.72
1340.85
1338.85
1333.66
1325.26
1313.66
1298.97
1281.33
1260.94
1238.04
1212.92
1185.91
1157.33
1127.54
1096.88
1065.68
1034.27
1002.93
971.931
941.486
911.783
882.972
855.179
828.498
802.981
778.65
755.502
733.516
712.663
692.921
674.269
656.67
640.058
624.329
609.335
594.858
580.579
566.108
511.704
525.524
540.082
555.301
571.106
587.396
604.079
621.086
638.371
655.91
673.691
691.701
709.928
728.354
746.965
765.745
784.681
803.757
822.952
842.243
861.605
881.012
900.43
919.824
939.148
958.35
977.375
996.167
1014.66
1032.76
1050.39
1067.45
1083.84
1099.45
1114.15
1127.81
1140.29
1151.45
1161.11
1169.15
1175.42
1179.8
1182.15
1182.35
1180.35
1176.11
1169.62
1160.89
1149.97
1136.94
1121.9
1105.01
1086.42
1066.33
1044.95
1022.48
999.148
975.18
950.787
926.177
901.536
877.036
852.818
829.008
805.717
783.033
761.016
739.7
719.101
699.222
680.056
661.597
643.835
626.746
610.285
594.379
578.922
563.752
548.603
533.117
513.423
525.093
537.361
550.185
563.492
577.188
591.189
605.425
619.848
634.418
649.109
663.899
678.768
693.697
708.668
723.661
738.659
753.644
768.596
783.493
798.315
813.042
827.652
842.116
856.404
870.474
884.284
897.792
910.948
923.693
935.962
947.694
958.823
969.279
978.985
987.863
995.829
1002.8
1008.69
1013.41
1016.89
1019.05
1019.82
1019.15
1017.02
1013.39
1008.26
1001.63
993.527
983.993
973.084
960.876
947.458
932.932
917.413
901.023
883.889
866.144
847.916
829.334
810.516
791.572
772.598
753.682
734.903
716.33
698.014
679.991
662.285
644.907
627.863
611.152
594.774
578.715
562.946
547.42
532.071
516.787
501.365
485.494
504.523
514.007
523.905
534.209
544.872
555.822
566.984
578.297
589.713
601.194
612.708
624.226
635.725
647.185
658.588
669.916
681.155
692.289
703.301
714.173
724.888
735.431
745.787
755.936
765.856
775.519
784.895
793.954
802.665
810.991
818.893
826.332
833.271
839.669
845.486
850.677
855.199
859.008
862.059
864.311
865.723
866.257
865.882
864.575
862.316
859.092
854.895
849.727
843.598
836.525
828.537
819.667
809.96
799.466
788.242
776.35
763.856
750.829
737.339
723.455
709.244
694.769
680.085
665.247
650.301
635.293
620.258
605.224
590.209
575.226
560.282
545.382
530.526
515.708
500.912
486.111
471.264
456.303
441.09
425.369
483.371
490.732
498.342
506.199
514.281
522.544
530.936
539.406
547.915
556.431
564.926
573.375
581.759
590.057
598.253
606.334
614.286
622.096
629.752
637.239
644.543
651.654
658.559
665.245
671.699
677.903
683.837
689.485
694.826
699.841
704.509
708.807
712.717
716.217
719.287
721.905
724.049
725.699
726.832
727.428
727.47
726.941
725.823
724.102
721.766
718.807
715.219
711
706.153
700.682
694.597
687.912
680.644
672.813
664.443
655.561
646.196
636.377
626.138
615.511
604.528
593.219
581.615
569.742
557.628
545.299
532.775
520.077
507.218
494.21
481.059
467.771
454.349
440.792
427.093
413.236
399.201
384.953
370.406
355.368
448.407
453.943
459.555
465.258
471.052
476.92
482.836
488.769
494.691
500.58
506.416
512.184
517.869
523.456
528.935
534.295
539.525
544.617
549.561
554.347
558.965
563.406
567.663
571.728
575.591
579.243
582.673
585.87
588.823
591.521
593.954
596.109
597.977
599.546
600.806
601.748
602.359
602.632
602.557
602.125
601.322
600.137
598.561
596.583
594.195
591.388
588.157
584.496
580.402
575.872
570.906
565.505
559.672
553.411
546.73
539.637
532.14
524.254
515.989
507.361
498.384
489.075
479.45
469.524
459.314
448.838
438.11
427.145
415.955
404.551
392.94
381.129
369.123
356.923
344.526
331.928
319.12
306.087
292.782
279.076
396.82
401.008
405.118
409.18
413.213
417.221
421.199
425.136
429.019
432.838
436.581
440.241
443.809
447.278
450.643
453.896
457.033
460.048
462.935
465.69
468.305
470.776
473.099
475.267
477.277
479.122
480.796
482.294
483.609
484.735
485.666
486.395
486.916
487.222
487.308
487.167
486.792
486.175
485.306
484.178
482.783
481.113
479.159
476.915
474.372
471.523
468.36
464.879
461.073
456.939
452.473
447.672
442.535
437.063
431.258
425.123
418.661
411.88
404.787
397.391
389.702
381.732
373.491
364.993
356.249
347.272
338.075
328.67
319.067
309.274
299.3
289.149
278.826
268.334
257.674
246.845
235.845
224.672
213.303
201.66
326.816
329.974
332.936
335.742
338.425
341.006
343.499
345.908
348.234
350.477
352.635
354.706
356.688
358.578
360.375
362.075
363.678
365.179
366.578
367.87
369.052
370.123
371.078
371.916
372.633
373.226
373.69
374.019
374.208
374.254
374.152
373.898
373.486
372.914
372.176
371.268
370.184
368.92
367.47
365.829
363.991
361.95
359.7
357.237
354.554
351.647
348.512
345.143
341.538
337.694
333.608
329.281
324.712
319.901
314.851
309.564
304.045
298.299
292.331
286.15
279.762
273.177
266.403
259.449
252.325
245.039
237.601
230.019
222.3
214.452
206.48
198.39
190.185
181.87
173.448
164.921
156.293
147.568
138.739
129.77
243.009
245.34
247.397
249.227
250.869
252.352
253.701
254.932
256.058
257.086
258.024
258.875
259.642
260.329
260.937
261.467
261.918
262.291
262.584
262.796
262.927
262.976
262.941
262.82
262.613
262.317
261.932
261.457
260.889
260.227
259.466
258.606
257.642
256.571
255.392
254.1
252.693
251.167
249.518
247.744
245.841
243.805
241.632
239.32
236.865
234.263
231.514
228.613
225.56
222.353
218.992
215.475
211.805
207.98
204.005
199.88
195.61
191.197
186.647
181.965
177.156
172.227
167.183
162.032
156.781
151.436
146.004
140.492
134.907
129.255
123.543
117.777
111.961
106.1
100.2
94.2671
88.3109
82.342
76.3643
70.376
155.876
157.577
158.996
160.173
161.144
161.94
162.586
163.103
163.506
163.81
164.022
164.15
164.202
164.183
164.097
163.948
163.741
163.477
163.16
162.791
162.369
161.897
161.374
160.801
160.176
159.5
158.772
157.99
157.154
156.263
155.315
154.308
153.241
152.112
150.92
149.663
148.338
146.944
145.479
143.94
142.327
140.636
138.866
137.016
135.082
133.065
130.962
128.773
126.498
124.136
121.687
119.153
116.534
113.832
111.05
108.189
105.254
102.247
99.1734
96.0376
92.8447
89.6001
86.3095
82.979
79.6148
76.2232
72.8107
69.3838
65.9492
62.5129
59.0855
55.6582
52.2339
48.8225
45.4362
42.0888
38.7945
35.5666
32.4154
29.3527
78.2554
79.4425
80.4021
81.163
81.7523
82.194
82.5084
82.7131
82.8217
82.8424
82.786
82.6619
82.4777
82.2395
81.9525
81.6211
81.2489
80.8391
80.3937
79.9141
79.4017
78.8575
78.2828
77.6782
77.0444
76.3816
75.6902
74.9701
74.2212
73.4432
72.6359
71.7989
70.9318
70.0343
69.1058
68.1459
67.1542
66.1302
65.0734
63.9835
62.8602
61.703
60.5119
59.2868
58.0278
56.7354
55.41
54.0525
52.664
51.2458
49.7995
48.3269
46.8301
45.3116
43.7739
42.2201
40.6533
39.0769
37.4943
35.9094
34.3259
32.7478
31.179
29.6235
28.0852
26.5678
25.075
23.6106
22.1779
20.7806
19.422
18.1048
16.8455
15.6512
14.5232
13.462
12.4667
11.5362
10.6692
9.86256
20.9022
21.5603
22.0969
22.5211
22.8457
23.0834
23.2455
23.3419
23.3815
23.3741
23.3264
23.2436
23.1302
22.9899
22.8261
22.6415
22.4385
22.2192
21.9853
21.7386
21.481
21.2137
20.938
20.6546
20.3645
20.0683
19.7666
19.4599
19.1486
18.833
18.5134
18.1901
17.8634
17.5334
17.2004
16.8647
16.5263
16.1856
15.8428
15.498
15.1515
14.8036
14.4545
14.1044
13.7539
13.4032
13.0529
12.7033
12.355
12.0086
11.6645
11.3234
10.9858
10.6523
10.3236
10.0003
9.68289
9.37208
9.0684
8.77239
8.48454
8.20534
7.93518
7.67445
7.42347
7.18247
6.95164
6.73111
6.52101
6.32139
6.13228
5.95367
5.78548
5.62756
5.47978
5.342
5.21403
5.09564
4.98667
4.88665
2.1102
2.14103
2.17383
2.20701
2.23958
2.27102
2.30114
2.32994
2.35794
2.38564
2.41307
2.44026
2.46721
2.49396
2.52052
2.54689
2.5731
2.59915
2.62504
2.6508
2.67642
2.7019
2.72726
2.7525
2.77761
2.80261
2.82749
2.85225
2.8769
2.90143
2.92585
2.95015
2.97433
2.9984
3.02235
3.04617
3.06988
3.09346
3.11692
3.14025
3.16346
3.18654
3.20949
3.23231
3.25499
3.27755
3.29998
3.32228
3.34445
3.36649
3.3884
3.41018
3.43185
3.45339
3.47482
3.49614
3.51735
3.53847
3.5595
3.58044
3.60131
3.6221
3.64284
3.66351
3.68414
3.70472
3.72526
3.74577
3.76625
3.78671
3.80714
3.82755
3.84794
3.86831
3.88866
3.90898
3.92927
3.94952
3.96974
3.98998
1.99203
2.01696
2.04215
2.06737
2.09253
2.11742
2.14187
2.16624
2.19057
2.21486
2.23912
2.26335
2.28755
2.31172
2.33587
2.36
2.38411
2.40819
2.43227
2.45632
2.48036
2.50439
2.52841
2.55241
2.57641
2.60039
2.62436
2.64833
2.67228
2.69622
2.72016
2.74408
2.768
2.7919
2.8158
2.83968
2.86355
2.88742
2.91127
2.93511
2.95893
2.98275
3.00655
3.03034
3.05411
3.07788
3.10163
3.12537
3.14909
3.17284
3.19662
3.22041
3.24421
3.268
3.2918
3.3156
3.3394
3.36322
3.38705
3.41088
3.43474
3.45862
3.48251
3.50643
3.53038
3.55436
3.57837
3.60241
3.62648
3.6506
3.67475
3.69895
3.72318
3.74746
3.77178
3.79614
3.82055
3.845
3.8695
3.89404
1.97919
2.00154
2.02398
2.04648
2.06905
2.09165
2.11429
2.13694
2.15961
2.18231
2.20502
2.22777
2.25053
2.27331
2.29612
2.31894
2.34178
2.36464
2.38752
2.41042
2.43333
2.45627
2.47922
2.50219
2.52518
2.5482
2.57123
2.59428
2.61735
2.64045
2.66357
2.68671
2.70987
2.73306
2.75628
2.77952
2.8028
2.8261
2.84942
2.87277
2.89614
2.91954
2.94296
2.96642
2.98991
3.01342
3.03697
3.06056
3.08418
3.10783
3.13153
3.15526
3.17903
3.20284
3.22669
3.25059
3.27454
3.29854
3.32258
3.34668
3.37084
3.39505
3.41932
3.44366
3.46806
3.49253
3.51707
3.54168
3.56637
3.59114
3.616
3.64094
3.66597
3.6911
3.71633
3.74166
3.7671
3.79265
3.81834
3.84415
2.04612
2.06641
2.08689
2.10755
2.12835
2.14929
2.17033
2.19147
2.2127
2.23401
2.25538
2.27681
2.29829
2.31981
2.34138
2.36299
2.38464
2.40633
2.42805
2.44981
2.4716
2.49342
2.51528
2.53716
2.55908
2.58104
2.60302
2.62504
2.64709
2.66917
2.69129
2.71345
2.73561
2.75794
2.78035
2.80279
2.8253
2.84762
2.86989
2.89212
2.91451
2.93702
2.95961
2.98224
3.00493
3.02766
3.05044
3.07327
3.09616
3.1191
3.14209
3.16515
3.18826
3.21143
3.23466
3.25796
3.28132
3.30475
3.32825
3.35182
3.37547
3.39919
3.423
3.44688
3.47085
3.4949
3.51904
3.54328
3.56762
3.59205
3.61659
3.64124
3.666
3.69088
3.71588
3.74102
3.7663
3.79173
3.81731
3.84307
2.15495
2.17425
2.19373
2.21338
2.23317
2.25308
2.2731
2.29323
2.31344
2.33373
2.35409
2.37452
2.395
2.41553
2.4361
2.45672
2.47738
2.49808
2.51881
2.53958
2.56039
2.58122
2.6021
2.623
2.64394
2.66492
2.68592
2.70696
2.72804
2.74915
2.77029
2.79147
2.81269
2.83394
2.85524
2.87656
2.89793
2.91934
2.94079
2.96229
2.98382
3.0054
3.02703
3.0487
3.07042
3.09219
3.11402
3.13589
3.15781
3.17979
3.20183
3.22392
3.24607
3.26829
3.29056
3.3129
3.3353
3.35777
3.3803
3.40291
3.42559
3.44834
3.47118
3.49409
3.51708
3.54016
3.56332
3.58658
3.60993
3.63338
3.65693
3.6806
3.7044
3.72835
3.75244
3.77669
3.80112
3.82573
3.85054
3.87556
2.29083
2.30966
2.32864
2.34775
2.36697
2.38629
2.4057
2.42519
2.44476
2.46439
2.48409
2.50383
2.52362
2.54346
2.56334
2.58325
2.60319
2.62315
2.64314
2.66315
2.68319
2.70326
2.72335
2.74347
2.76361
2.78378
2.80398
2.82421
2.84447
2.86476
2.88508
2.90542
2.92581
2.94622
2.96667
2.98715
3.00768
3.02823
3.04883
3.06947
3.09015
3.11087
3.13164
3.15246
3.17332
3.19424
3.2152
3.23623
3.2573
3.27844
3.29964
3.3209
3.34222
3.36361
3.38508
3.40662
3.42823
3.44993
3.47171
3.49357
3.51553
3.53758
3.55973
3.58199
3.60435
3.62683
3.64943
3.67216
3.69503
3.71804
3.7412
3.76464
3.78828
3.81209
3.83609
3.86029
3.88472
3.90937
3.9343
3.95967
2.48133
2.49989
2.51855
2.53732
2.55621
2.57519
2.59427
2.61341
2.63263
2.65191
2.67124
2.69063
2.71006
2.72953
2.74904
2.76859
2.78821
2.80792
2.82772
2.8476
2.86755
2.88758
2.90768
2.92785
2.94809
2.96839
2.98875
3.00919
3.02969
3.05026
3.07089
3.0916
3.11238
3.13324
3.15417
3.17518
3.19627
3.21744
3.2387
3.26006
3.2815
3.30305
3.3247
3.34645
3.36832
3.3903
3.4124
3.43462
3.45697
3.47946
3.50208
3.52485
3.54776
3.57084
3.59407
3.61747
3.64104
3.66479
3.68873
3.71286
3.7372
3.76175
3.78653
3.81155
3.83681
3.86234
3.88815
3.91425
3.94068
3.96744
3.99457
4.0221
4.05005
4.07847
4.1074
4.13688
4.16696
4.19768
4.22923
4.26171
3.53525
3.5525
3.57009
3.58799
3.60614
3.62454
3.64313
3.66189
3.68079
3.69982
3.71897
3.73822
3.75756
3.77698
3.79648
3.81603
3.83562
3.85521
3.87481
3.8944
3.91401
3.93361
3.95323
3.97285
3.99249
4.01213
4.03178
4.05144
4.07111
4.0908
4.1105
4.13021
4.14994
4.16969
4.18945
4.20922
4.22902
4.24883
4.26867
4.28853
4.3084
4.32831
4.34823
4.36818
4.38816
4.40817
4.42821
4.44827
4.46837
4.4885
4.50867
4.52888
4.54912
4.56941
4.58973
4.61011
4.63052
4.65099
4.6715
4.69207
4.7127
4.73338
4.75412
4.77493
4.7958
4.81674
4.83775
4.85884
4.88001
4.90126
4.92261
4.94405
4.96559
4.98723
5.009
5.03088
5.05289
5.07504
5.09733
5.11998
100.159
96.5447
96.4651
102.955
107.268
120.227
134.928
150.006
170.765
195.529
211.972
230.871
263.782
276.976
291.207
329.838
339.161
349.207
391.539
397.475
403.89
447.754
450.409
453.231
496.312
495.634
494.852
534.677
530.796
526.606
561.033
554.182
546.866
573.587
564.04
553.92
570.837
559.035
546.585
552.198
538.755
524.607
518.171
503.708
488.514
470.13
455.249
439.639
410.132
395.388
379.962
340.823
326.799
312.2
265.888
253.255
240.198
190.542
179.982
169.164
121.288
113.32
105.251
64.8022
59.659
54.5484
26.5916
24.13
21.7684
9.176
8.58089
8.0304
4.80385
4.73217
4.667
4.00799
4.02536
4.04274
3.91693
3.93816
3.95944
3.86829
3.89073
3.9133
3.86719
3.88965
3.91227
3.89904
3.92095
3.94306
3.98339
4.00586
4.0287
4.29263
4.32195
4.352
5.13959
5.15916
5.17877
90.7198
88.9153
88.6005
88.4587
88.3464
88.2507
88.1643
88.0831
88.0045
87.9264
87.8446
87.5866
87.0491
86.2231
85.0882
83.5974
81.7051
79.4765
77.2377
74.6198
71.5247
67.6069
63.0592
56.5189
50.3607
90.2031
89.3424
90.7202
93.9069
98.4102
103.337
107.876
111.479
113.858
114.913
114.695
113.474
111.397
108.462
104.705
100.154
94.8405
88.8033
82.0398
74.4452
65.8724
56.1649
45.4993
33.7576
21.5732
89.9793
91.2583
97.264
106.467
116.697
125.919
133.14
138.144
141.064
142.106
141.436
139.16
135.356
130.098
123.473
115.586
106.561
96.4863
85.3647
73.2472
60.3811
47.143
34.2804
22.7137
13.2403
90.3325
95.0514
106.91
122.021
136.522
148.414
157.384
163.617
167.279
168.462
167.248
163.744
158.076
150.386
140.841
129.642
116.975
102.914
87.5983
71.5027
55.3789
40.1158
26.8432
16.331
9.00408
91.0725
100.337
118.675
138.716
156.227
170.218
180.903
188.394
192.679
193.787
191.815
186.912
179.252
169.045
156.544
142.016
125.661
107.658
88.5118
69.2132
50.8673
34.694
21.832
12.5848
7.22448
92.6863
108.265
132.66
156.489
176.318
192.203
204.375
212.735
217.231
217.914
214.91
208.399
198.6
185.788
170.283
152.389
132.36
110.683
88.313
66.6019
46.8791
30.4818
18.3386
10.2507
6.41081
94.7481
118.325
149.587
176.258
197.9
215.209
228.228
236.827
241.004
240.838
236.468
228.1
215.997
200.489
181.939
160.682
137.167
112.27
87.3259
63.8702
43.3742
27.1514
15.8177
8.74014
6.05726
108.002
142.163
174.372
201.087
223.057
240.531
253.333
261.353
264.575
263.04
256.893
246.361
231.737
213.381
191.677
167.084
140.366
112.725
85.7501
61.0684
40.2259
24.4175
13.9047
7.74242
5.91645
146.336
180.355
208.286
232.567
252.89
268.866
280.161
286.606
288.092
284.59
276.219
263.191
245.803
224.426
199.512
171.739
142.174
112.258
83.706
58.2269
37.357
22.1141
12.4032
7.07253
5.83724
197.322
225.095
248.304
269.172
286.473
299.676
308.36
312.271
311.231
305.151
294.104
278.25
257.872
233.375
205.351
174.703
142.707
110.977
81.2772
55.3741
34.7306
20.1523
11.2065
6.61326
5.76424
251.902
273.065
292.069
308.907
322.424
332.086
337.418
338.091
333.852
324.645
310.461
291.441
267.875
240.247
209.292
176.085
142.059
108.908
78.4511
52.4494
32.2475
18.4166
10.2115
6.28504
5.698
306.672
322.614
337.261
349.679
359.016
364.675
366.158
363.079
355.235
342.491
324.836
302.418
275.58
244.905
211.252
175.827
140.163
105.988
75.1568
49.3714
29.82
16.824
9.35228
6.04303
5.63574
360.22
371.563
381.591
389.397
394.257
395.569
392.837
385.744
374.032
357.543
336.282
310.444
280.44
246.953
210.942
173.72
136.841
102.089
71.2926
46.0556
27.3763
15.3156
8.58644
5.86129
5.57618
410.784
417.511
422.762
425.801
425.977
422.746
415.7
404.467
388.778
368.508
343.708
314.632
281.762
245.861
207.976
169.445
131.881
97.0627
66.7594
42.4342
24.8681
13.8553
7.89163
5.72532
5.51756
455.972
458.038
458.509
456.785
452.312
444.618
433.249
417.858
398.231
374.306
346.199
314.227
278.946
241.158
201.962
162.739
125.107
90.8035
61.4991
38.4785
22.2792
12.4303
7.26913
5.6265
5.46091
493.498
491.039
486.943
480.705
471.798
459.755
444.187
424.817
401.501
374.243
343.232
308.842
271.675
232.596
192.742
153.505
116.473
83.3068
55.5337
34.2183
19.6325
11.0503
6.73129
5.54854
5.40755
521.441
514.815
506.491
496.009
482.904
466.793
447.368
424.425
397.896
367.847
334.508
298.312
259.922
220.246
180.444
141.897
106.141
74.7287
48.9982
29.7553
16.9904
9.74429
6.27755
5.46998
5.35424
538.211
527.734
515.524
501.179
484.315
464.635
441.915
416.02
386.925
354.754
319.799
282.55
243.717
204.238
165.276
128.178
94.3997
65.343
42.1201
25.2511
14.4468
8.55327
5.91188
5.3929
5.302
542.189
528.324
512.748
495.126
475.165
452.624
427.333
399.217
368.318
334.822
299.079
261.63
223.221
184.805
147.525
112.67
81.5744
55.4507
35.1458
20.8776
12.0969
7.51569
5.63342
5.31538
5.25134
532.303
515.753
497.549
477.42
455.134
430.517
403.466
373.971
342.139
308.214
272.603
235.889
198.838
162.397
127.669
95.8456
68.104
45.4227
28.3527
16.8095
10.0257
6.66104
5.43493
5.24082
5.20484
508.485
490.003
469.956
448.131
424.363
398.541
370.627
340.678
308.862
275.483
240.993
206.001
171.28
137.744
106.419
78.3686
54.5653
35.7148
22.0552
13.2248
8.30638
6.01605
5.30184
5.17693
5.16202
471.276
451.665
430.606
407.948
383.589
357.482
329.659
300.239
269.451
237.645
205.304
173.046
141.619
111.878
84.7374
61.0845
41.647
26.8291
16.5649
10.2738
6.98382
5.57496
5.19545
5.11735
5.11976
421.994
402.048
380.812
358.198
334.167
308.741
282.01
254.152
225.439
196.252
167.083
138.532
111.295
86.1294
63.7966
44.964
30.08
19.2445
12.1343
8.04398
6.05861
5.29343
5.10052
5.06795
5.07892
362.608
343.129
322.575
300.92
278.185
254.444
229.839
204.586
178.983
153.418
128.366
104.378
82.0638
62.0437
44.8805
30.9865
20.5218
13.3204
8.89298
6.53047
5.47962
5.11481
5.02786
5.02329
5.03634
295.887
277.734
258.779
239.045
218.597
197.55
176.074
154.407
132.849
111.768
91.5928
72.7939
55.853
41.2097
29.1951
19.9577
13.405
9.19506
6.8003
5.62868
5.15474
5.00545
4.97439
4.97733
4.99237
225.736
209.81
193.378
176.498
159.265
141.816
124.335
107.054
90.252
74.247
59.3879
46.0265
34.476
24.966
17.5945
12.2868
8.79064
6.72093
5.64272
5.1605
4.98051
4.92707
4.91886
4.92862
4.94965
157.309
144.411
131.292
118.028
104.733
91.5469
78.6403
66.214
54.4938
43.7197
34.1275
25.9092
19.1899
14.0061
10.2752
7.7987
6.3017
5.48908
5.09823
4.93335
4.87345
4.85822
4.86393
4.88249
4.91002
96.5322
87.2011
77.8908
68.6896
59.6949
51.0193
42.7954
35.1706
28.2933
22.2938
17.2674
13.233
10.1752
8.01399
6.59004
5.71858
5.22767
4.97443
4.85513
4.80519
4.79062
4.79598
4.81416
4.84095
4.87348
49.1522
43.5285
38.0872
32.902
27.9936
23.4472
19.3563
15.7952
12.8069
10.3984
8.54038
7.17725
6.23229
5.60542
5.20325
4.95931
4.82178
4.75069
4.71977
4.71362
4.72353
4.74413
4.77171
4.8039
4.83962
19.3733
16.9864
14.7913
12.8085
11.0555
9.57785
8.3649
7.38816
6.61575
6.01671
5.56228
5.22602
4.98415
4.82053
4.71713
4.65767
4.6292
4.62225
4.63021
4.64836
4.67329
4.70265
4.7351
4.77028
4.80839
7.4849
6.96665
6.50744
6.10545
5.75878
5.46421
5.21848
5.01802
4.85883
4.73618
4.64515
4.58081
4.53872
4.51599
4.50912
4.51448
4.5289
4.54983
4.57528
4.60384
4.63466
4.6675
4.70249
4.74003
4.7806
4.60355
4.54565
4.4963
4.45513
4.42185
4.39607
4.37737
4.36524
4.35909
4.35826
4.3624
4.37114
4.38517
4.40376
4.42597
4.45096
4.47806
4.5068
4.53696
4.56854
4.60177
4.63695
4.67436
4.71443
4.75819
4.06191
4.08182
4.10176
4.12185
4.14215
4.16274
4.1837
4.20513
4.22696
4.25028
4.27489
4.30057
4.32719
4.35466
4.38292
4.41201
4.44202
4.47311
4.50551
4.53947
4.5752
4.61286
4.65283
4.69628
4.74579
3.98228
4.00672
4.03129
4.05603
4.08096
4.10613
4.13158
4.15737
4.18356
4.2102
4.23733
4.26503
4.29337
4.32247
4.35244
4.38342
4.41554
4.44895
4.48378
4.52016
4.55823
4.59852
4.64248
4.69299
4.75452
3.9376
3.96367
3.98996
4.01649
4.04328
4.07037
4.09779
4.1256
4.15384
4.18258
4.21187
4.2418
4.27245
4.3039
4.33623
4.36956
4.40396
4.4396
4.47663
4.51534
4.55677
4.60297
4.65704
4.72313
4.80604
3.93666
3.96286
3.98931
4.01608
4.04318
4.07065
4.09854
4.12689
4.15575
4.18518
4.21525
4.24603
4.27763
4.31015
4.34378
4.37872
4.41525
4.45382
4.49481
4.53972
4.59188
4.65415
4.7294
4.82069
4.9308
3.96699
3.99276
4.01898
4.04569
4.07285
4.10048
4.12863
4.15737
4.18676
4.21688
4.24782
4.27962
4.31281
4.34792
4.38547
4.42617
4.47092
4.52091
4.57745
4.64313
4.72019
4.80855
4.90921
5.02336
5.15171
4.05394
4.08129
4.10938
4.13834
4.1683
4.19942
4.23187
4.26587
4.30166
4.33953
4.37985
4.42291
4.4698
4.52062
4.57553
4.63494
4.69938
4.7694
4.84555
4.92833
5.01816
5.11537
5.2202
5.3327
5.45251
4.38507
4.42127
4.45853
4.49698
4.53672
4.57785
4.62047
4.66467
4.71056
4.75825
4.80785
4.85946
4.91321
4.96919
5.02751
5.08828
5.1516
5.21755
5.2862
5.35754
5.43174
5.50842
5.58834
5.67018
5.75557
5.20132
5.22431
5.24751
5.27099
5.29477
5.31888
5.34335
5.36823
5.39356
5.41938
5.44575
5.47275
5.50044
5.52891
5.55826
5.58862
5.62013
5.65295
5.6873
5.72335
5.7617
5.80174
5.84644
5.89094
5.94509
40.2971
27.7257
14.6873
7.60709
6.36079
6.34814
6.37729
6.55107
7.10888
8.50975
40.6672
28.7702
15.3723
7.68474
6.33805
6.31228
6.34636
6.51273
7.05655
8.48804
41.0094
29.3809
15.8035
7.7519
6.31677
6.29342
6.32587
6.49169
7.02847
8.46702
41.3657
30.1422
16.3394
7.83096
6.29536
6.27068
6.30341
6.467
6.99399
8.44607
41.7525
30.9521
16.9199
7.92242
6.2742
6.24899
6.28146
6.44331
6.96067
8.42523
42.1748
31.8467
17.5684
8.02874
6.25327
6.22718
6.25952
6.4196
6.92679
8.4045
42.6378
32.8292
18.288
8.15171
6.23258
6.20556
6.2377
6.39615
6.89302
8.38389
43.1416
33.9028
19.0796
8.29196
6.2121
6.18406
6.216
6.37293
6.85979
8.36339
43.6847
35.0643
19.9355
8.44829
6.19185
6.16269
6.19445
6.34995
6.82724
8.34301
44.2747
36.3096
20.84
8.61671
6.17176
6.14147
6.17306
6.32734
6.79601
8.32273
44.9238
37.6163
21.7547
8.78708
6.15175
6.12038
6.15187
6.30527
6.76688
8.30256
45.6453
38.9169
22.6019
8.93881
6.13164
6.0994
6.13092
6.28399
6.7409
8.28247
46.433
40.053
23.2505
9.03897
6.11117
6.07852
6.11027
6.26379
6.7192
8.26246
47.0488
40.8441
23.547
9.04305
6.09
6.05768
6.09008
6.24524
6.70173
8.24315
47.4318
41.0681
23.3253
8.88563
6.06813
6.03683
6.07061
6.22907
6.68744
8.227
47.8964
40.6044
22.4285
8.46751
6.04547
6.01594
6.052
6.21571
6.67743
8.21477
48.4173
39.3125
20.608
7.81499
6.02181
5.99502
6.03452
6.20568
6.67224
8.2069
48.1624
36.7562
17.7393
7.02909
5.9963
5.97436
6.01849
6.19944
6.67238
8.2038
46.8543
32.2635
13.8692
6.318
5.96438
5.95539
6.00425
6.19735
6.678
8.20564
42.4152
24.4648
9.67841
5.98206
5.92733
5.9391
5.99146
6.19947
6.6886
8.21208
33.0532
14.1315
6.57222
5.93855
5.90571
5.92224
5.97926
6.20517
6.70258
8.22198
10.5249
6.54863
5.9709
5.88428
5.88598
5.90435
5.96785
6.21289
6.7176
8.23304
7.49564
5.96266
5.86998
5.86038
5.86502
5.88449
5.95669
6.22098
6.73177
8.24367
6.1598
5.89842
5.84233
5.83286
5.83859
5.86332
5.94577
6.22788
6.74353
8.25268
5.9632
5.83637
5.80448
5.80303
5.81235
5.84153
5.9344
6.23232
6.75194
8.25905
5.8804
5.79114
5.77087
5.77292
5.78509
5.81911
5.92212
6.23367
6.75655
8.26222
5.81005
5.74721
5.73624
5.74196
5.75726
5.79635
5.90874
6.23172
6.75731
8.26197
5.75232
5.70545
5.70133
5.71001
5.72836
5.77236
5.89347
6.22669
6.75439
8.25833
5.70027
5.6648
5.66573
5.67703
5.69843
5.74716
5.87639
6.21876
6.7481
8.2513
5.65086
5.62499
5.62999
5.6437
5.66803
5.72121
5.8579
6.20838
6.73899
8.24148
5.60325
5.58558
5.59409
5.61005
5.63724
5.69465
5.8383
6.19609
6.72765
8.22934
5.5568
5.54651
5.55803
5.57616
5.60614
5.66764
5.8179
6.18241
6.71463
8.21538
5.51118
5.50771
5.52183
5.54208
5.57483
5.64034
5.79705
6.16788
6.70047
8.2001
5.46629
5.46916
5.4855
5.50788
5.54339
5.61294
5.77606
6.15298
6.68566
8.18397
5.42269
5.43081
5.44907
5.47361
5.51192
5.58561
5.75527
6.13815
6.67063
8.1674
5.3803
5.3926
5.41256
5.43936
5.48053
5.55854
5.735
6.12383
6.65578
8.15076
5.33852
5.35448
5.37602
5.40518
5.44932
5.53193
5.71558
6.11043
6.64145
8.13441
5.29765
5.31636
5.33947
5.37118
5.4184
5.50601
5.69737
6.09834
6.62799
8.11866
5.25765
5.27814
5.303
5.33743
5.38791
5.48102
5.68075
6.08797
6.61569
8.10383
5.21826
5.23971
5.26676
5.30406
5.35802
5.45729
5.66616
6.07973
6.60486
8.09022
5.17871
5.20117
5.23092
5.2712
5.32895
5.43521
5.6541
6.07406
6.59578
8.07814
5.13864
5.16282
5.19568
5.23897
5.30097
5.41528
5.64515
6.0714
6.58874
8.06792
5.0981
5.12498
5.16122
5.20756
5.27449
5.39811
5.63999
6.07223
6.58402
8.05994
5.05739
5.08818
5.1277
5.17719
5.25004
5.38451
5.63938
6.07704
6.58192
8.05459
5.01782
5.05275
5.09522
5.14825
5.22839
5.37549
5.64424
6.08633
6.58271
8.05235
4.98031
5.01875
5.06396
5.12136
5.21065
5.37233
5.6556
6.10062
6.58667
8.05386
4.94491
4.98617
5.03436
5.09752
5.19832
5.37666
5.67463
6.12041
6.59391
8.06008
4.91145
4.95529
5.00727
5.07828
5.19353
5.39044
5.7026
6.14618
6.60444
8.0726
4.88006
4.92683
4.98419
5.06607
5.19913
5.41607
5.74089
6.17831
6.61842
8.09353
4.8514
4.90223
4.96772
5.06455
5.21892
5.45627
5.79088
6.21711
6.63605
8.12636
4.82702
4.88435
4.96234
5.07907
5.25761
5.51396
5.8539
6.26262
6.65761
8.17779
4.81032
4.87877
4.97527
5.11676
5.32038
5.59165
5.93079
6.31445
6.6837
8.263
4.80874
4.89534
5.0168
5.18587
5.41186
5.69068
6.02155
6.37139
6.71595
8.41465
4.83643
4.94886
5.09916
5.29381
5.53436
5.81021
6.12487
6.43107
6.75978
8.68349
4.91483
5.05657
5.2327
5.44359
5.68549
5.94627
6.23763
6.49097
6.83877
9.12298
5.06645
5.23041
5.41899
5.6293
5.85615
6.09181
6.35533
6.55679
7.08009
9.89338
5.29866
5.46428
5.64319
5.83302
6.03094
6.23913
6.47629
6.67618
8.02508
11.2009
5.58284
5.72368
5.8716
6.02736
6.19371
6.38617
6.61656
7.42447
10.4721
13.057
5.84829
5.95004
6.06107
6.18607
6.33772
6.54517
6.88177
10.6112
15.2346
15.4607
6.00918
6.08518
6.17655
6.29295
6.46236
6.73298
7.53768
18.6023
19.5213
17.5838
)
;

boundaryField
{
    inlet
    {
        type            fixedValue;
        value           uniform 0;
    }
    outlet
    {
        type            inletOutlet;
        inletValue      uniform 0;
        value           nonuniform List<scalar> 10(40.2971 27.7257 14.6873 7.60709 6.36079 6.34814 6.37729 6.55107 7.10888 8.50975);
    }
    walls
    {
        type            zeroGradient;
    }
    baffle
    {
        type            zeroGradient;
    }
    front
    {
        type            empty;
    }
    back
    {
        type            empty;
    }
}


// ************************************************************************* //
