/*--------------------------------*- C++ -*----------------------------------*\
| =========                 |                                                 |
| \\      /  F ield         | OpenFOAM: The Open Source CFD Toolbox           |
|  \\    /   O peration     | Version:  v2012                                 |
|   \\  /    A nd           | Website:  www.openfoam.com                      |
|    \\/     M anipulation  |                                                 |
\*---------------------------------------------------------------------------*/
FoamFile
{
    version     2.0;
    format      ascii;
    class       volScalarField;
    location    "569";
    object      nut;
}
// * * * * * * * * * * * * * * * * * * * * * * * * * * * * * * * * * * * * * //

dimensions      [0 2 -1 0 0 0 0];


internalField   nonuniform List<scalar> 
6598
(
0.00258818
0.00909035
0.0107862
0.0110598
0.0110204
0.0110204
0.0110598
0.0107862
0.00909035
0.00258818
0.00198237
0.00753424
0.00996005
0.0105957
0.0106758
0.0106758
0.0105957
0.00996005
0.00753424
0.00198237
0.00160684
0.00652677
0.00920196
0.0101202
0.0103342
0.0103342
0.0101202
0.00920197
0.00652678
0.00160684
0.00135613
0.00581119
0.00854117
0.00965367
0.0099868
0.00998681
0.00965367
0.00854119
0.00581121
0.00135613
0.00117849
0.00527105
0.00797281
0.00920872
0.00963579
0.00963579
0.00920873
0.00797283
0.00527108
0.00117849
0.00104648
0.004845
0.00748305
0.00879102
0.00928651
0.00928651
0.00879104
0.00748308
0.00484503
0.00104648
0.000944534
0.00449747
0.00705763
0.00840207
0.00894413
0.00894414
0.0084021
0.00705769
0.00449752
0.000944537
0.000863324
0.00420645
0.00668437
0.00804115
0.00861259
0.00861261
0.00804121
0.00668446
0.00420653
0.000863329
0.000796969
0.0039576
0.00635351
0.00770653
0.00829445
0.00829448
0.00770662
0.00635365
0.00395773
0.000796976
0.000741605
0.00374119
0.00605741
0.00739612
0.00799116
0.00799121
0.00739626
0.00605761
0.00374138
0.000741615
0.0006946
0.00355038
0.00579014
0.00710777
0.00770331
0.00770339
0.00710799
0.00579045
0.00355066
0.000694614
0.000654106
0.00338022
0.00554709
0.00683945
0.00743091
0.00743104
0.00683978
0.00554754
0.00338064
0.000654126
0.000618785
0.00322703
0.00532462
0.0065893
0.00717359
0.00717378
0.00658978
0.00532529
0.00322767
0.000618814
0.00058765
0.00308804
0.00511986
0.00635562
0.00693073
0.00693102
0.00635633
0.00512086
0.00308897
0.000587692
0.000559954
0.00296105
0.00493048
0.00613688
0.00670158
0.006702
0.00613796
0.00493195
0.00296242
0.000560013
0.000535121
0.00284435
0.00475456
0.00593174
0.00648531
0.00648591
0.00593335
0.00475673
0.00284634
0.000535205
0.000512701
0.00273652
0.00459052
0.00573896
0.00628109
0.00628193
0.00574131
0.00459376
0.00273941
0.00051282
0.000492334
0.00263639
0.004437
0.00555742
0.00608808
0.00608927
0.00556077
0.00444179
0.00264054
0.000492503
0.000473732
0.002543
0.00429285
0.00538614
0.0059055
0.00590716
0.00539087
0.00429969
0.00254908
0.000473971
0.000456659
0.00245555
0.00415715
0.00522434
0.00573277
0.0057351
0.00523102
0.00416683
0.00246329
0.000456986
0.000441316
0.00237512
0.00403163
0.0050742
0.00557232
0.00557561
0.00508393
0.00404804
0.00240625
0.000499803
0.000427083
0.00229905
0.00391264
0.00493176
0.00542017
0.00542485
0.00494612
0.00394012
0.00236091
0.000557767
0.000413825
0.00222669
0.00379916
0.00479584
0.00527514
0.00528169
0.00481664
0.00384199
0.00233
0.000630712
0.000401431
0.00215758
0.00369058
0.00466582
0.00513664
0.00514553
0.00469461
0.00375118
0.00232542
0.000724175
0.000389804
0.00209133
0.00358634
0.00454112
0.00500408
0.00501543
0.00457809
0.0036721
0.00234469
0.000844266
0.000378861
0.00202755
0.00348593
0.00442119
0.00487694
0.00489123
0.00446637
0.00360726
0.00237732
0.000991951
0.000368523
0.00196587
0.00338876
0.00430537
0.00475462
0.00477277
0.00436362
0.00355087
0.00241404
0.00116489
0.000358411
0.00190423
0.00329181
0.00419028
0.00463377
0.00465714
0.00426737
0.00350168
0.00245446
0.00136376
0.000348813
0.0018442
0.00319732
0.00407847
0.00451712
0.00454716
0.00417942
0.0034609
0.00250015
0.00157564
0.000339674
0.00178551
0.00310508
0.00396985
0.00440473
0.00444294
0.00409934
0.00342822
0.00255266
0.00178038
0.000330942
0.00172789
0.00301463
0.00386397
0.0042962
0.00434412
0.00402651
0.00340329
0.00261214
0.00197496
0.000322568
0.00167108
0.00292552
0.00376034
0.00419113
0.0042503
0.00396035
0.00338574
0.00267756
0.00215684
0.000314508
0.00161474
0.00283727
0.00365847
0.00408907
0.00416106
0.00390031
0.0033749
0.00274584
0.00232389
0.000306716
0.00155855
0.00274941
0.00355783
0.00398952
0.00407589
0.0038458
0.00336994
0.00281507
0.00247479
0.000299152
0.00150222
0.00266139
0.00345784
0.00389192
0.00399424
0.00379614
0.00336978
0.0028835
0.00260894
0.000291776
0.00144547
0.0025727
0.00335788
0.00379564
0.00391546
0.00375055
0.0033733
0.00294948
0.00272632
0.000284545
0.00138808
0.0024828
0.00325728
0.00369999
0.00383881
0.00370813
0.0033793
0.00301166
0.00282745
0.000277422
0.00132984
0.00239118
0.00315534
0.00360419
0.00376343
0.00366788
0.00338654
0.00306902
0.00291329
0.000270367
0.00127065
0.00229736
0.00305133
0.00350738
0.00368837
0.00362867
0.00339377
0.00312097
0.00298528
0.00026334
0.00121047
0.00220096
0.00294453
0.00340862
0.00361251
0.00358926
0.00339976
0.00316724
0.00304528
0.000256301
0.00114935
0.00210167
0.00283419
0.00330687
0.00353462
0.00354826
0.00340328
0.00320781
0.00309549
0.000249212
0.00108742
0.00199929
0.0027196
0.00320101
0.00345329
0.00350412
0.003403
0.00324274
0.00313825
0.000242031
0.00102484
0.00189375
0.00260009
0.00308979
0.00336689
0.00345508
0.00339742
0.00327188
0.00317576
0.000234715
0.000961838
0.00178509
0.00247501
0.0029719
0.00327359
0.00339903
0.00338468
0.0032946
0.00320959
0.000227217
0.000898676
0.00167344
0.0023438
0.00284592
0.00317125
0.00333349
0.00336238
0.00330937
0.00324009
0.000219488
0.000835627
0.00155906
0.00220597
0.00271036
0.00305752
0.00325549
0.00332742
0.00331355
0.00326584
0.000211467
0.000772942
0.00144226
0.00206117
0.00256376
0.00292982
0.00316162
0.00327589
0.00330311
0.00328324
0.000203086
0.000710826
0.00132342
0.00190921
0.00240476
0.00278547
0.00304809
0.00320317
0.0032727
0.00328641
0.000194254
0.000649425
0.00120298
0.00175012
0.00223232
0.00262204
0.00291106
0.00310416
0.00321597
0.00326753
0.000184855
0.000588828
0.00108143
0.00158435
0.002046
0.00243769
0.00274714
0.00297389
0.00312614
0.00321768
0.000174716
0.000528959
0.000959433
0.00141293
0.00184641
0.0022319
0.00255422
0.00280841
0.0029971
0.00312803
0.000163569
0.000469718
0.00083801
0.00123798
0.00163598
0.00200645
0.00233268
0.00260615
0.00282488
0.00299155
0.000131616
0.000412489
0.000719392
0.00106343
0.00141988
0.00176664
0.00208684
0.00236958
0.00260938
0.00280441
9.69954e-05
0.000363626
0.000611166
0.000897595
0.00120739
0.00152224
0.00182599
0.0021064
0.00235462
0.0025657
0.000112551
0.000319639
0.000526857
0.000756791
0.00101514
0.00128952
0.0015654
0.00182882
0.00207067
0.0022857
9.37583e-05
0.000303631
0.000474717
0.000657439
0.00086468
0.00109153
0.00132598
0.00155817
0.00178
0.00198537
7.10507e-05
0.000296203
0.000445647
0.000601676
0.000767655
0.000945778
0.00113371
0.00132572
0.00151534
0.0016852
6.34127e-05
0.000278313
0.000441636
0.000576036
0.000682058
0.000783405
0.000896088
0.00101976
0.00114991
0.00127884
6.47449e-05
0.000210164
0.000414839
0.000536655
0.000648402
0.000678091
0.000717968
0.000786447
0.000879181
0.000974453
6.80492e-05
0.000112939
0.000137955
0.000168252
0.000195303
0.000218749
0.000234185
0.000246786
0.000257299
0.000265819
0.000122009
0.000153735
0.000153038
0.000153504
0.000152683
0.000149445
0.000142396
0.000135544
0.000129076
0.00012286
0.000116817
0.000111101
0.000105719
0.000100636
9.57529e-05
9.11443e-05
8.68841e-05
8.27872e-05
7.87071e-05
7.45068e-05
7.00252e-05
6.5038e-05
4.51812e-05
4.7239e-05
3.38639e-05
0.000218553
0.000460743
0.000654526
0.000737421
0.000764352
0.00076191
0.000683926
0.000624606
0.000615428
0.000607144
0.000566594
0.000529561
0.000495546
0.00046426
0.000434457
0.000398196
0.000353718
0.000306032
0.000259033
0.000215367
0.000177019
0.000145258
0.000121441
9.32385e-05
4.11221e-05
0.000356222
0.00059292
0.000794787
0.00092872
0.000973547
0.000943773
0.000766849
0.000651555
0.000605762
0.000607956
0.000647778
0.000690048
0.00065826
0.000630404
0.000604074
0.000572515
0.000527488
0.000470453
0.000404766
0.000335608
0.000269241
0.00021155
0.000166536
0.000131178
3.499e-05
0.000602275
0.000622506
0.000848633
0.000971049
0.00100952
0.000990453
0.000882626
0.000737883
0.000643234
0.000614432
0.000636494
0.000657874
0.000634212
0.000621505
0.000614034
0.000603339
0.00057833
0.000536071
0.000476844
0.000404813
0.000327866
0.000255476
0.000195486
0.000145642
4.4426e-05
0.000928958
0.000817607
0.000988816
0.00102968
0.00102497
0.000979734
0.00091458
0.000844001
0.0007372
0.000660462
0.000617846
0.000567271
0.000542466
0.000541405
0.000553797
0.000565969
0.000563445
0.000539448
0.000493244
0.000428322
0.000352348
0.000275983
0.000209074
0.000149832
4.3194e-05
0.00118763
0.00113419
0.00120103
0.00115559
0.00108935
0.000999495
0.000905145
0.000817378
0.00073124
0.00064357
0.000559124
0.000492576
0.000457785
0.000457789
0.000482363
0.000510832
0.000523132
0.0005108
0.000474886
0.000418741
0.000349174
0.00027617
0.000209393
0.000146419
4.12373e-05
0.00139482
0.00151381
0.00143809
0.00131919
0.00119537
0.00106016
0.000937553
0.000832002
0.000731018
0.00062798
0.000530908
0.000453995
0.000409374
0.000399262
0.000416301
0.000443246
0.000460014
0.000454033
0.000426534
0.00038072
0.000322506
0.000259883
0.000199637
0.000137714
3.92061e-05
0.00159765
0.00175257
0.00167695
0.00150839
0.00132955
0.00115025
0.000998365
0.000876065
0.000760107
0.000641645
0.000531415
0.000444085
0.000387329
0.000360934
0.000360044
0.000372745
0.00038299
0.000378299
0.000357985
0.000323891
0.000280397
0.000233192
0.000186648
0.000122522
4.40056e-05
0.00179286
0.00197024
0.001912
0.00171712
0.0014892
0.00126712
0.00108524
0.000947582
0.000817983
0.000683623
0.000558766
0.000459771
0.000390014
0.000345321
0.000321618
0.000313153
0.000311078
0.000305367
0.000291232
0.000268972
0.000241296
0.000211625
0.000165044
0.000133241
0.000138407
0.00197951
0.00217174
0.00213827
0.00193861
0.00166165
0.00139946
0.00119348
0.00104313
0.000905458
0.000757286
0.000616763
0.000504938
0.000424143
0.000366745
0.000326396
0.000299493
0.000283964
0.000276608
0.000268458
0.00025894
0.00024987
0.000243906
0.000243677
0.000234683
0.000195288
0.00215675
0.00235715
0.00234519
0.00214046
0.00183549
0.00154182
0.00131655
0.00116185
0.0010246
0.000869194
0.00071426
0.000587698
0.000495993
0.000431909
0.000387424
0.000357257
0.000338822
0.00033136
0.000327963
0.000327493
0.000330128
0.000336092
0.000337902
0.000351861
0.000386756
0.00232262
0.0025257
0.00253144
0.00232911
0.00200977
0.00169097
0.00145106
0.00129936
0.00117433
0.00102399
0.000861721
0.000720441
0.000613442
0.000537942
0.000487216
0.000454885
0.0004364
0.000427878
0.0004248
0.000426305
0.000432625
0.000445109
0.000467257
0.000507047
0.000573478
0.00247571
0.00267638
0.00269685
0.00250685
0.0021869
0.00184467
0.00159225
0.00144829
0.00134762
0.0012086
0.00106429
0.000918299
0.000798516
0.000707533
0.000643271
0.000601579
0.000578788
0.000567075
0.000565408
0.000572853
0.000590167
0.000620189
0.000668497
0.000744056
0.000857744
0.00261407
0.00280853
0.00284147
0.00266984
0.00235023
0.00199983
0.00173656
0.00160043
0.00153236
0.00129083
0.00117083
0.0011334
0.00106292
0.00096803
0.000895597
0.000844458
0.00081352
0.000795499
0.000792822
0.000805828
0.000836796
0.000888001
0.000962842
0.00106167
0.00112743
0.00273617
0.00292231
0.00296708
0.00281821
0.0025089
0.00216266
0.00188431
0.00174924
0.00171424
0.00152705
0.00130778
0.00123406
0.00122001
0.00122638
0.00122809
0.00117646
0.00113631
0.00111438
0.00111202
0.00113019
0.001146
0.00114772
0.0011845
0.00126808
0.00140394
0.00284116
0.00301764
0.00307384
0.00295131
0.00266346
0.00232259
0.00203944
0.00189231
0.00187858
0.00190509
0.00162051
0.00148484
0.00143807
0.00141772
0.0014066
0.00139399
0.0013767
0.00135624
0.00133817
0.00133195
0.00135016
0.00139679
0.00147121
0.00158314
0.00172849
0.00292884
0.00309452
0.00316142
0.00306765
0.00281569
0.00248434
0.00219687
0.00203491
0.0020182
0.00208411
0.00212602
0.0019471
0.0018555
0.00180697
0.0017691
0.00173958
0.00171682
0.001701
0.00169418
0.00170238
0.00173118
0.00178466
0.00186441
0.0019703
0.00209567
0.0029997
0.00315324
0.00322972
0.00316641
0.00295786
0.00264997
0.00235864
0.00217625
0.00214022
0.00221528
0.0023227
0.00240882
0.0024543
0.00240494
0.00235132
0.00231249
0.00228248
0.00226096
0.00224973
0.00225006
0.00226361
0.00229433
0.00234482
0.00241696
0.00250919
0.0030549
0.00319449
0.00327889
0.00324569
0.00308287
0.00281882
0.00252918
0.002324
0.0022525
0.00230651
0.00242663
0.00255045
0.0026537
0.00272585
0.00277186
0.00280549
0.00283791
0.00287648
0.00292484
0.00289459
0.0028711
0.00286052
0.0028681
0.00289879
0.00295385
0.00309633
0.00321957
0.0033089
0.00330345
0.00318648
0.00297389
0.00271494
0.00248977
0.00237751
0.00238996
0.0024924
0.00262936
0.00276094
0.00287606
0.00297265
0.00305317
0.00312513
0.00319539
0.00326838
0.00334744
0.00343319
0.00339457
0.00336359
0.0033601
0.00338581
0.00312664
0.00323066
0.00332058
0.00333877
0.00326472
0.00310551
0.00289275
0.00267966
0.00253054
0.00249224
0.00255313
0.00267362
0.00281256
0.00294573
0.00306607
0.0031749
0.00327518
0.00336966
0.00346017
0.00354892
0.00363719
0.00372524
0.0037581
0.00373595
0.00373748
0.00314917
0.00323105
0.00331611
0.00335204
0.00331533
0.0032069
0.00304571
0.00286673
0.00271507
0.00263209
0.0026397
0.00272049
0.0028413
0.00297496
0.00310483
0.0032254
0.00333675
0.00344073
0.00353905
0.00363251
0.0037217
0.00380694
0.00388818
0.00395963
0.00396014
0.00316767
0.00322519
0.00329938
0.00334543
0.0033386
0.00327442
0.00316363
0.00302812
0.0028982
0.00280483
0.00277081
0.00280147
0.00288474
0.00300006
0.00312429
0.00324739
0.00336514
0.00347624
0.00358045
0.00367771
0.00376807
0.00385162
0.00392855
0.0039992
0.00404421
0.0031858
0.00321835
0.00327608
0.0033236
0.00333723
0.00330848
0.00324176
0.00315075
0.0030544
0.00297406
0.00292849
0.00292824
0.00297331
0.00305443
0.00315748
0.00327035
0.00338492
0.00349647
0.00360225
0.00370061
0.00379086
0.00387299
0.00394716
0.00398465
0.00400942
0.00320626
0.0032158
0.00325321
0.0032938
0.00331728
0.00331334
0.00328157
0.00322924
0.00316851
0.00311325
0.00307652
0.00306841
0.00309326
0.00314871
0.00322769
0.00332157
0.00342253
0.00352438
0.00362312
0.00367671
0.00368166
0.00370159
0.00373456
0.00377162
0.00380779
0.00322984
0.00322152
0.00323788
0.00326501
0.00328808
0.00329722
0.00328926
0.00326686
0.00323674
0.0032077
0.00318884
0.00318776
0.00320921
0.00325352
0.00331687
0.00339343
0.00347697
0.00345266
0.00341064
0.00339488
0.0034007
0.00342125
0.00345132
0.00348707
0.00352515
0.00325441
0.00323655
0.00323527
0.00324611
0.00326075
0.0032719
0.00327568
0.00327206
0.00326408
0.00325688
0.00325613
0.003267
0.00329306
0.00333516
0.00339077
0.00340677
0.0033063
0.00322704
0.0031792
0.00315734
0.00315387
0.00316372
0.00318432
0.00321296
0.00324679
0.00327444
0.00325765
0.00324631
0.00324297
0.00324552
0.00325042
0.00325501
0.00325853
0.00326214
0.00326838
0.00328048
0.00330157
0.00333394
0.00337786
0.00342443
0.00326896
0.00314752
0.00306247
0.0030057
0.00297184
0.00295658
0.00295594
0.00296687
0.00298686
0.00301366
0.00328113
0.00327665
0.00326589
0.00325538
0.00324766
0.00324304
0.00324136
0.00324264
0.00324756
0.0032574
0.0032739
0.00329879
0.00333331
0.00337732
0.00340887
0.00321494
0.00306805
0.00296551
0.00289221
0.00284236
0.00281255
0.00279928
0.00279909
0.00280913
0.00282727
0.00326337
0.00328125
0.00328248
0.00327491
0.00326368
0.0032524
0.00324323
0.00323765
0.00323691
0.00324224
0.00325481
0.00327568
0.0033055
0.00334415
0.00338989
0.0033075
0.00311529
0.00297364
0.00287323
0.00280233
0.00275264
0.00272076
0.00270372
0.00269856
0.00270329
0.00320928
0.00325669
0.00327936
0.003285
0.0032802
0.00326991
0.00325786
0.00324689
0.00323921
0.00323657
0.00324035
0.00325158
0.00327085
0.00329825
0.00333311
0.00337347
0.00335868
0.00315968
0.00300869
0.00289966
0.00282058
0.00276356
0.00272427
0.00269845
0.00268428
0.00310806
0.00318731
0.00323727
0.00326481
0.00327604
0.00327613
0.00326943
0.0032595
0.00324925
0.00324103
0.00323667
0.00323754
0.00324454
0.00325811
0.00327823
0.00330435
0.00333528
0.00336919
0.00336576
0.00320243
0.00307427
0.00297919
0.00290875
0.00285668
0.00281954
0.00295028
0.00306008
0.00313946
0.00319359
0.00322752
0.0032459
0.00325291
0.0032522
0.00324691
0.00323968
0.00323268
0.00322762
0.00322575
0.00322795
0.00323469
0.0032461
0.00326199
0.00328184
0.00330485
0.00332982
0.00335605
0.00338276
0.0032948
0.00320533
0.00313795
0.00273349
0.00286879
0.00297518
0.00305608
0.00311517
0.00315615
0.00318257
0.00319769
0.00320449
0.00320557
0.00320318
0.00319918
0.00319507
0.00319202
0.00319086
0.00319216
0.00319624
0.0032032
0.00321296
0.00322524
0.00323972
0.00325599
0.0032733
0.00329123
0.00330942
0.00246483
0.00261705
0.00274402
0.00284746
0.00292962
0.00299303
0.00304034
0.00307421
0.00309716
0.0031115
0.00311934
0.00312252
0.00312258
0.00312082
0.00311827
0.00311575
0.00311386
0.00311302
0.00311352
0.0031155
0.003119
0.00312399
0.00313032
0.00313781
0.00314629
0.00216334
0.00232097
0.00245825
0.00257544
0.00267363
0.00275425
0.00281899
0.00286972
0.00290837
0.00293683
0.00295685
0.00297008
0.00297796
0.00298176
0.00298254
0.0029812
0.00297848
0.00297497
0.00297112
0.00296729
0.00296374
0.00296065
0.00295812
0.00295624
0.00295505
0.00182414
0.00196071
0.00210154
0.00225017
0.00235944
0.00244676
0.00252
0.00258027
0.00262883
0.00266702
0.00269617
0.00271755
0.00273238
0.00274176
0.00274665
0.00274792
0.00274632
0.00274247
0.0027369
0.00273005
0.00272229
0.00271392
0.00270516
0.00269621
0.00268731
0.00140101
0.00152451
0.00165261
0.00178781
0.00193407
0.00206303
0.00213022
0.00218623
0.00223195
0.00226833
0.0022963
0.00231682
0.0023308
0.00233911
0.00234255
0.00234187
0.00233773
0.00233071
0.00232134
0.00231006
0.00229726
0.00228329
0.00226842
0.00225291
0.00223706
0.0010686
0.0011702
0.00127842
0.00138116
0.00142859
0.00146875
0.00150148
0.00152722
0.00154648
0.00155982
0.00156785
0.00157113
0.00157026
0.0015658
0.00155826
0.00154814
0.00153589
0.00152191
0.00150656
0.00149015
0.00147295
0.00145521
0.00143713
0.00141888
0.00140067
0.000272543
0.000278286
0.00028326
0.000287553
0.000291068
0.0002939
0.000296106
0.000297738
0.000298842
0.000299468
0.000299661
0.000299468
0.000298932
0.000298094
0.000296995
0.000295672
0.000294159
0.000292488
0.000290686
0.000288779
0.000286789
0.000284736
0.000282637
0.000280507
0.000278359
3.87357e-05
5.39601e-05
6.45812e-05
0.000137217
0.000125284
0.000241522
0.000234731
0.000336248
0.000430793
0.000445703
0.000542614
0.000716892
0.000688435
0.000850169
0.00108691
0.00101925
0.001165
0.00138433
0.00127756
0.00146928
0.00168611
0.00157721
0.0017595
0.0019588
0.00188726
0.00205042
0.00223316
0.00223085
0.00237478
0.00253943
0.00261673
0.00273771
0.0028799
0.00303077
0.00312551
0.00324167
0.00343648
0.00350679
0.00359662
0.00376724
0.00381733
0.00388307
0.00397403
0.00400782
0.00405463
0.00406138
0.00408611
0.00412043
0.0040324
0.00405749
0.00408741
0.00383947
0.00386976
0.00390322
0.00356086
0.00359537
0.0036324
0.00328059
0.00331425
0.00335057
0.00304222
0.0030721
0.00310518
0.00284866
0.00287295
0.00290102
0.00271341
0.00272854
0.00274826
0.00267807
0.00267927
0.0026861
0.00279346
0.00277696
0.00276703
0.00308863
0.00305277
0.0030253
0.0033258
0.00334214
0.0033586
0.00315443
0.00316315
0.00317238
0.00295436
0.00295425
0.00295458
0.00267927
0.00267148
0.00266377
0.00222262
0.00220822
0.00219368
0.00138455
0.00136866
0.00135291
0.000276465
0.00027458
0.000272703
2.55017e-05
4.31557e-05
5.33293e-05
5.44702e-05
6.63782e-05
7.11602e-05
7.52829e-05
7.89234e-05
8.21931e-05
8.51659e-05
8.78941e-05
9.04167e-05
9.27646e-05
9.4963e-05
9.7033e-05
9.89928e-05
0.000100858
0.000102644
0.000104362
0.000106024
0.00010764
0.00010922
0.000110773
0.000112308
0.000113834
0.000115358
0.00011689
0.000118439
0.000120014
0.000121626
0.00012329
0.000125018
0.00012683
0.000128749
0.000130738
0.000132776
0.000134866
0.000137014
0.000139223
0.000141484
0.000143804
0.000146194
0.000148658
0.000151199
0.000153821
0.000156526
0.000159319
0.0001622
0.00016517
0.000168226
0.000171365
0.000174575
0.000177838
0.000181125
0.000184386
0.000187545
0.000190478
0.000192994
0.000194855
0.000195995
0.000196606
0.000196759
0.000196412
0.000194882
0.000192329
0.000188617
0.000183534
0.000177447
0.000170603
0.000163101
0.000155091
0.000146608
0.000138673
0.000130859
0.000122881
0.000114494
0.000105375
8.58726e-05
8.17531e-05
5.48568e-05
4.43609e-05
0.00012649
0.000146196
0.000165639
0.000190157
0.000218268
0.000248201
0.000279301
0.000310926
0.000342543
0.000373712
0.000404095
0.000433453
0.000461635
0.000488566
0.000514228
0.000538647
0.00056188
0.000584001
0.000605096
0.000625257
0.000644572
0.000663129
0.000681006
0.000698273
0.00071499
0.000731206
0.000746959
0.000762268
0.000777134
0.000791541
0.000805445
0.000818685
0.000831226
0.000844208
0.000857781
0.00087176
0.000886122
0.000900811
0.000915799
0.000931163
0.000946946
0.000963163
0.000979821
0.000996923
0.00101446
0.00103242
0.00105078
0.00106947
0.00108843
0.00110754
0.00112665
0.00114551
0.00116379
0.00118099
0.00119642
0.0012091
0.00121771
0.00122051
0.0012149
0.00120298
0.0011854
0.00116144
0.00112877
0.00108981
0.00104489
0.000994803
0.00094228
0.00088777
0.000830746
0.000772077
0.000706617
0.000615023
0.00051474
0.000417015
0.000329558
0.000257345
0.000203344
0.000162856
6.38364e-05
5.50961e-05
0.000188271
0.000238746
0.000290258
0.000347091
0.000411875
0.000481586
0.000553961
0.00062707
0.000699396
0.000769816
0.000837566
0.000902183
0.000963436
0.00102126
0.00107573
0.00112697
0.00117517
0.00122053
0.00126327
0.00130361
0.00134175
0.00137788
0.00141218
0.00144481
0.0014759
0.00150558
0.00153396
0.00156113
0.00158715
0.00161211
0.00163602
0.00165892
0.00168084
0.00170181
0.00172346
0.00174542
0.00176742
0.00178936
0.00181121
0.00183292
0.00185447
0.00187577
0.00189674
0.00191727
0.0019372
0.00195636
0.00197452
0.00199142
0.00200671
0.00202001
0.00203084
0.00203862
0.00204263
0.00204205
0.00203582
0.00202276
0.00200146
0.00197036
0.00179189
0.00161077
0.00146527
0.0013516
0.00126611
0.0012106
0.00118018
0.00117414
0.00120196
0.00122762
0.00115388
0.00108132
0.00100405
0.000900537
0.000772358
0.000630707
0.000490852
0.000368333
0.000273822
0.000202679
6.61742e-05
5.92057e-05
0.00023487
0.000328954
0.000439451
0.000535815
0.000642453
0.000754999
0.00086977
0.000983771
0.00109481
0.00120142
0.00130275
0.00139839
0.00148822
0.00157235
0.00165101
0.00172451
0.00179317
0.00185734
0.00191735
0.00197353
0.00202617
0.00207557
0.00212196
0.00216558
0.00220664
0.00224531
0.00228177
0.00231615
0.00234859
0.00237918
0.00240801
0.00243515
0.00246067
0.00248459
0.00250696
0.00252938
0.00255115
0.00257199
0.00259171
0.00261017
0.00262723
0.0026427
0.00265639
0.00266804
0.00267736
0.00268402
0.00268764
0.00268777
0.0026839
0.00267548
0.00266188
0.0026424
0.0026163
0.00258279
0.00254101
0.00249008
0.00242916
0.00235741
0.00222418
0.00196001
0.00173808
0.00155336
0.00140316
0.00128808
0.00120543
0.00115397
0.00113551
0.0011502
0.00117296
0.00110241
0.00103517
0.000951345
0.000836055
0.000697379
0.000550294
0.000413443
0.000302308
0.000213534
6.38068e-05
7.02068e-05
0.000281916
0.000408209
0.000566388
0.000741522
0.00089803
0.00105048
0.00120297
0.00135205
0.00149538
0.0016316
0.00176001
0.00188045
0.00199301
0.00209801
0.00219582
0.0022869
0.00237169
0.00245063
0.00252414
0.00259261
0.0026564
0.00271584
0.00277124
0.00282286
0.00287095
0.00291572
0.00295736
0.00299604
0.0030319
0.00306506
0.00309562
0.00312364
0.00314918
0.00317227
0.00319291
0.00321148
0.00322892
0.00324459
0.00325814
0.00326932
0.0032779
0.00328364
0.00328626
0.00328541
0.00328075
0.00327184
0.00325821
0.00323933
0.00321461
0.0031834
0.00314502
0.00309875
0.00304383
0.00297962
0.00290546
0.00282071
0.00272485
0.00261748
0.00249841
0.00236761
0.00222547
0.00197158
0.00173155
0.00153443
0.00137023
0.00123694
0.00113598
0.00106353
0.00102924
0.00100569
0.000930346
0.000859674
0.000768187
0.000652082
0.000525449
0.00040298
0.00029746
0.0002052
5.91109e-05
5.1783e-05
0.000324503
0.000479708
0.000678606
0.000910806
0.0011698
0.00135577
0.00153923
0.00171636
0.00188506
0.00204429
0.0021937
0.00233336
0.00246362
0.00258493
0.00269783
0.00280283
0.00290047
0.00299123
0.00307557
0.00315393
0.00322669
0.00329421
0.00335681
0.00341477
0.00346836
0.00351781
0.00356332
0.00360505
0.00364317
0.00367779
0.00370901
0.00373691
0.00376154
0.00378292
0.00380106
0.00381591
0.00382841
0.0038386
0.00384597
0.00385018
0.00385095
0.003848
0.003841
0.00382961
0.00381341
0.00379195
0.00376471
0.00373112
0.00369054
0.00364228
0.00358561
0.00351974
0.00344384
0.00335722
0.00325923
0.00314936
0.00302712
0.00289228
0.0027446
0.00258468
0.00241378
0.00223408
0.00204844
0.00186122
0.00167746
0.00150228
0.00133831
0.00114607
0.000994442
0.000892833
0.00081376
0.000715862
0.000632775
0.000542712
0.000449872
0.000357268
0.000269102
0.000178299
5.49775e-05
8.7894e-05
0.000268004
0.000534818
0.00078713
0.00109764
0.00145246
0.00166449
0.00187171
0.00207005
0.00225778
0.00243423
0.00259942
0.00275366
0.00289749
0.00303149
0.00315626
0.00327238
0.0033804
0.00348083
0.00357415
0.0036608
0.00374116
0.00381561
0.00388447
0.00394802
0.00400654
0.00406024
0.00410935
0.00415403
0.00419443
0.0042307
0.00426292
0.00429119
0.00431557
0.00433609
0.00435278
0.00436562
0.00437461
0.00438096
0.00438411
0.00438369
0.00437936
0.00437084
0.0043578
0.00433988
0.00431668
0.00428773
0.0042525
0.0042104
0.00416077
0.00410288
0.00403595
0.00395913
0.00387158
0.00377231
0.00366056
0.00353551
0.00339648
0.00324377
0.00307673
0.00289554
0.00270134
0.00249605
0.00228266
0.00206556
0.00185004
0.00164263
0.00144572
0.00126425
0.00109827
0.000946137
0.00080506
0.000673117
0.000553534
0.000457992
0.000382608
0.000310804
0.000239035
0.000156744
5.23526e-05
0.000182893
0.000385893
0.000672138
0.000975594
0.00138204
0.00175005
0.00198143
0.00220565
0.002419
0.00262016
0.00280888
0.00298547
0.00315049
0.00330456
0.00344835
0.00358248
0.00370756
0.00382413
0.0039327
0.00403373
0.00412764
0.00421481
0.00429561
0.00437034
0.00443929
0.00450271
0.00456084
0.00461388
0.004662
0.00470537
0.00474411
0.00477834
0.00480815
0.0048336
0.00485476
0.00487166
0.00488431
0.00489269
0.00489705
0.00489826
0.00489578
0.00488925
0.00487836
0.00486281
0.00484227
0.00481634
0.00478459
0.0047465
0.00470148
0.00464887
0.00458791
0.00451777
0.00443755
0.0043463
0.00424301
0.0041267
0.00399641
0.00385115
0.00369041
0.00351358
0.00332065
0.00311219
0.00288954
0.00265493
0.00241265
0.00216671
0.00192376
0.00168833
0.00146683
0.00126363
0.00108172
0.000921387
0.000779591
0.000623296
0.000474178
0.000355772
0.000312608
0.000234081
0.000201002
0.000156679
0.000373472
0.000654089
0.000919125
0.00131952
0.00180334
0.00205522
0.00230025
0.00253519
0.00275779
0.00296733
0.00316396
0.00334821
0.00352074
0.00368225
0.00383341
0.00397486
0.00410714
0.0042308
0.0043463
0.00445408
0.00455452
0.004648
0.00473484
0.00481534
0.00488977
0.00495838
0.00502138
0.00507897
0.00513133
0.00517862
0.00522096
0.00525848
0.00529127
0.00531942
0.00534298
0.00536201
0.00537651
0.00538649
0.0053919
0.0053936
0.00539167
0.00538572
0.00537549
0.00536071
0.00534107
0.00531624
0.00528583
0.00524936
0.00520629
0.00515597
0.00509768
0.00503059
0.00495378
0.00486625
0.0047669
0.00465463
0.00452827
0.00438672
0.00422893
0.00405405
0.00386158
0.0036515
0.00342445
0.00318192
0.0029265
0.00266172
0.00239194
0.00212163
0.00185623
0.00160403
0.00137269
0.00116928
0.000997272
0.000855552
0.000740193
0.000647523
0.000575929
0.000534322
0.000511335
0.000500296
0.000652673
0.00101016
0.00133737
0.00183223
0.00210741
0.00236962
0.00262107
0.00286042
0.00308666
0.00329968
0.00349994
0.00368808
0.00386484
0.0040309
0.0041869
0.00433343
0.00447099
0.00460007
0.00472108
0.00483441
0.00494043
0.00503946
0.00513179
0.0052177
0.00529743
0.00537121
0.00543925
0.00550174
0.00555883
0.00561068
0.00565741
0.00569915
0.005736
0.00576804
0.00579534
0.00581796
0.00583594
0.00584929
0.00585801
0.00586211
0.00586265
0.00585933
0.00585192
0.00584018
0.00582388
0.00580276
0.00577648
0.00574465
0.0057068
0.00566237
0.00561068
0.00555098
0.00548238
0.00540392
0.00531451
0.005213
0.00509816
0.00496876
0.00482356
0.00466144
0.00448152
0.00428327
0.00406664
0.00383231
0.00358181
0.00331765
0.00304303
0.00276131
0.0024761
0.00219257
0.00192066
0.00166944
0.0014462
0.00125625
0.00110291
0.000988827
0.000915152
0.000881093
0.000870808
0.000889136
0.00100884
0.0013774
0.00179002
0.00214878
0.00242899
0.00269342
0.00294463
0.00318269
0.00340758
0.0036197
0.0038197
0.0040083
0.0041862
0.00435406
0.00451245
0.00466186
0.00480275
0.00493554
0.00506057
0.00517819
0.00528871
0.00539239
0.00548951
0.00558029
0.00566495
0.0057437
0.00581672
0.00588417
0.0059462
0.00600294
0.00605453
0.00610107
0.00614266
0.00617938
0.0062113
0.00623849
0.00626098
0.00627881
0.00629197
0.00630047
0.00630471
0.0063053
0.00630201
0.00629467
0.00628313
0.00626718
0.00624661
0.00622111
0.00619031
0.00615377
0.00611092
0.00606113
0.00600362
0.00593752
0.00586186
0.00577555
0.00567742
0.00556625
0.00544078
0.00529982
0.00514228
0.00496732
0.00477442
0.00456362
0.00433563
0.00409204
0.00383524
0.00356805
0.00329289
0.00301628
0.00274497
0.00248646
0.00224802
0.00203666
0.00185817
0.00171942
0.00162468
0.00157168
0.0015695
0.00162521
0.0013636
0.00171805
0.002152
0.00248745
0.00276483
0.00302465
0.00327001
0.00350198
0.00372129
0.00392868
0.00412493
0.0043108
0.00448693
0.0046539
0.00481221
0.00496229
0.0051045
0.00523918
0.00536663
0.00548711
0.00560088
0.00570815
0.00580914
0.00590404
0.00599304
0.00607628
0.00615394
0.00622613
0.006293
0.00635466
0.00641122
0.00646276
0.00650938
0.00655114
0.00658813
0.00662039
0.00664797
0.0066709
0.0066892
0.00670286
0.00671187
0.00671715
0.00671867
0.00671638
0.00671021
0.00670007
0.00668582
0.00666729
0.00664424
0.00661634
0.00658319
0.00654429
0.00649903
0.00644671
0.00638651
0.00631752
0.00623871
0.00614902
0.0060473
0.00593245
0.00580339
0.00565922
0.00549925
0.00532319
0.00513121
0.00492419
0.00470376
0.00447174
0.00423221
0.00398946
0.00374826
0.00351446
0.00329439
0.00309446
0.00292075
0.0027786
0.00267437
0.00261453
0.00261008
0.00251553
0.00166581
0.00201348
0.00243969
0.00284184
0.00310948
0.00335936
0.0035945
0.00381656
0.00402675
0.00422609
0.00441546
0.0045956
0.00476714
0.00493058
0.00508635
0.00523479
0.00537621
0.00551086
0.00563898
0.00576076
0.00587638
0.00598601
0.00608979
0.00618787
0.00628038
0.00636744
0.00644916
0.00652564
0.00659699
0.00666329
0.00672462
0.00678105
0.00683266
0.00687951
0.00692164
0.00695912
0.00699196
0.00702022
0.00704391
0.00706305
0.00707764
0.00708784
0.00709441
0.00709735
0.00709666
0.00709235
0.00708442
0.0070728
0.00705737
0.00703797
0.00701434
0.00698615
0.00695299
0.00691433
0.00686956
0.00681797
0.00675877
0.00669107
0.00661397
0.00652653
0.00642784
0.00631711
0.00619372
0.00605733
0.00590797
0.00574619
0.00557296
0.00539039
0.00520096
0.00500737
0.00481317
0.00462227
0.00443902
0.00426879
0.00409196
0.00384681
0.00366117
0.00353691
0.00348449
0.00350524
0.00194263
0.00227399
0.00268851
0.00317681
0.00345558
0.00369158
0.00391315
0.00412224
0.00432037
0.00450876
0.00468837
0.00485998
0.00502419
0.00518147
0.0053322
0.00547666
0.00561511
0.00574774
0.00587471
0.00599614
0.00611215
0.00622281
0.00632822
0.00642844
0.00652355
0.00661361
0.00669868
0.00677884
0.00685414
0.00692462
0.00699035
0.00705137
0.00710773
0.00715945
0.00720658
0.00724915
0.00728719
0.00732072
0.00734976
0.00737432
0.00739441
0.00740999
0.00742172
0.00742983
0.00743445
0.0074357
0.0074337
0.00742849
0.00742009
0.00740847
0.00739354
0.00737513
0.00735301
0.00732685
0.00729623
0.00726067
0.0072196
0.00717235
0.00711823
0.00705653
0.00698654
0.00690764
0.00681933
0.00672134
0.00661369
0.0064968
0.00637146
0.00623923
0.00610157
0.0059604
0.00581808
0.00567731
0.00551725
0.00518588
0.00492716
0.00474145
0.00461405
0.00454271
0.00453679
0.00460185
0.00219892
0.00250996
0.00289843
0.00336681
0.00379412
0.00401295
0.00421807
0.00441151
0.00459494
0.00476971
0.00493689
0.00509729
0.00525153
0.00540008
0.00554331
0.00568147
0.0058148
0.00594344
0.00606749
0.00618702
0.00630203
0.00641251
0.00651845
0.00661983
0.00671667
0.00680896
0.00689671
0.00697993
0.00705863
0.00713283
0.00720254
0.00726777
0.00732854
0.00738486
0.00743674
0.00748419
0.00752722
0.00756584
0.00760006
0.0076299
0.00765536
0.00767645
0.00769325
0.00770636
0.00771601
0.00772243
0.00772582
0.00772636
0.00772418
0.0077194
0.00771204
0.0077021
0.00768951
0.00767412
0.0076557
0.00763395
0.0076085
0.0075789
0.00754464
0.0075052
0.00746004
0.00740866
0.00735067
0.00728584
0.00721415
0.00713588
0.00705194
0.00696317
0.00687073
0.00677606
0.00668089
0.00658718
0.00624824
0.00596841
0.00576806
0.00563276
0.00555656
0.00553588
0.00555894
0.00562008
0.00245727
0.00274333
0.00309512
0.00352564
0.00400722
0.00431173
0.00449709
0.00467206
0.00483816
0.00499674
0.00514893
0.00529559
0.00543738
0.00557479
0.00570821
0.00583792
0.00596415
0.00608706
0.00620673
0.00632314
0.00643615
0.00654558
0.0066513
0.0067532
0.0068512
0.00694522
0.0070352
0.00712108
0.00720283
0.00728041
0.0073538
0.00742298
0.00748792
0.00754862
0.00760505
0.0076572
0.00770505
0.00774859
0.00778781
0.00782273
0.00785333
0.00787963
0.00790162
0.00791966
0.00793411
0.00794532
0.00795362
0.00795927
0.00796252
0.0079636
0.00796267
0.00795984
0.00795518
0.00794869
0.0079403
0.00792988
0.0079172
0.007902
0.00788391
0.00786255
0.00783749
0.0078083
0.00777461
0.00773614
0.0076927
0.00764467
0.00759265
0.00753739
0.00747976
0.00742082
0.00736188
0.00717523
0.00689219
0.0066692
0.0065135
0.00642035
0.00638596
0.00640138
0.00645006
0.00651981
0.00274281
0.00300027
0.00331232
0.00368997
0.00412601
0.00455961
0.00473145
0.00488484
0.00503084
0.0051707
0.00530552
0.00543617
0.00556335
0.00568758
0.00580929
0.00592881
0.00604642
0.00616237
0.00627683
0.00638969
0.00650053
0.00660886
0.00671434
0.00681675
0.00691595
0.00701176
0.00710403
0.00719262
0.00727745
0.00735845
0.00743554
0.00750869
0.00757783
0.00764292
0.0077039
0.00776074
0.00781338
0.00786179
0.00790594
0.00794582
0.00798143
0.00801278
0.00803987
0.00806278
0.00808189
0.00809765
0.00811048
0.00812075
0.0081288
0.00813495
0.00813946
0.00814256
0.00814442
0.00814515
0.0081448
0.00814337
0.00814076
0.00813684
0.00813136
0.00812402
0.00811445
0.00810227
0.00808705
0.00806827
0.00804562
0.00801937
0.00799009
0.00795834
0.00792471
0.0078899
0.00785481
0.00762961
0.00740486
0.00722863
0.00711007
0.00705048
0.00704977
0.0070997
0.00718025
0.0072723
0.00305813
0.0032845
0.00355716
0.00388216
0.00425495
0.00463918
0.00489356
0.00502209
0.00514532
0.00526421
0.00537971
0.00549268
0.00560381
0.00571363
0.00582258
0.00593102
0.00603929
0.00614784
0.00625734
0.00636774
0.0064778
0.00658635
0.00669265
0.00679656
0.00689792
0.00699645
0.00709185
0.00718389
0.00727245
0.00735743
0.00743874
0.0075163
0.00759003
0.00765987
0.00772573
0.00778753
0.00784518
0.00789863
0.00794782
0.00799272
0.00803332
0.00806962
0.00810166
0.00812946
0.00815319
0.0081734
0.00819058
0.00820519
0.00821766
0.00822836
0.00823765
0.00824583
0.00825315
0.00825981
0.00826593
0.00827158
0.00827681
0.00828155
0.00828564
0.00828885
0.00829085
0.00829128
0.00828965
0.00828493
0.00827671
0.00826536
0.00825128
0.00823481
0.00821631
0.00819614
0.00811519
0.00793439
0.0077619
0.00762511
0.00753493
0.0074979
0.00752048
0.00759864
0.00770678
0.00781486
0.00339089
0.00358269
0.00381436
0.00408817
0.00439778
0.0047179
0.00494488
0.00504678
0.00514557
0.00524216
0.00533746
0.00543228
0.00552728
0.00562295
0.00571968
0.00581785
0.0059178
0.00601997
0.0061263
0.00623802
0.00635117
0.00646312
0.00657236
0.00667978
0.00678534
0.00688859
0.00698888
0.00708581
0.00717936
0.00726946
0.007356
0.00743888
0.00751802
0.00759334
0.00766473
0.00773206
0.00779521
0.00785409
0.00790861
0.00795873
0.00800442
0.00804572
0.00808265
0.0081153
0.00814367
0.00816837
0.00818994
0.00820889
0.0082257
0.00824081
0.00825461
0.00826745
0.00827965
0.00829144
0.008303
0.00831441
0.00832578
0.00833722
0.00834855
0.00835956
0.00836999
0.00837952
0.00838739
0.00839213
0.00839355
0.00839196
0.0083876
0.00838058
0.00837109
0.00833094
0.00821218
0.00807918
0.00795043
0.00784552
0.00777582
0.00775093
0.00778354
0.00787628
0.0080043
0.00812936
0.00371422
0.00386648
0.00405116
0.00426885
0.00451476
0.00476352
0.00486677
0.00494655
0.00502553
0.00510456
0.0051844
0.00526571
0.00534908
0.00543465
0.00552265
0.00561353
0.00570752
0.00580496
0.00590747
0.00601543
0.00612658
0.00623927
0.00635217
0.00646508
0.00657736
0.00668797
0.00679526
0.00689849
0.00699835
0.00709488
0.0071878
0.00727698
0.00736242
0.00744407
0.00752177
0.00759531
0.00766452
0.00772928
0.00778948
0.00784506
0.007896
0.00794233
0.00798412
0.00802147
0.00805448
0.00808376
0.00810986
0.0081333
0.00815457
0.00817415
0.00819243
0.0082098
0.00822659
0.00824306
0.00825943
0.00827584
0.00829238
0.00830908
0.00832583
0.00834246
0.00835867
0.00837418
0.00838753
0.00839792
0.00840529
0.00840975
0.00841142
0.00836979
0.00830331
0.0082347
0.00815325
0.00805936
0.007966
0.00788915
0.00783743
0.0078205
0.00785551
0.00795541
0.00810344
0.00822456
0.00396878
0.00407811
0.00421124
0.00437284
0.00455388
0.00467157
0.00473828
0.00480522
0.00487308
0.00494222
0.00501323
0.00508651
0.00516238
0.005241
0.00532265
0.00540784
0.00549644
0.00558848
0.00568357
0.00578066
0.00588079
0.00598426
0.00609116
0.00620016
0.00631041
0.00642111
0.0065311
0.00663935
0.00674549
0.00684887
0.00694833
0.00704375
0.00713556
0.00722373
0.00730797
0.00738784
0.00746315
0.00753376
0.00759952
0.00766037
0.0077163
0.00776737
0.00781368
0.00785532
0.00789272
0.00792645
0.00795703
0.00798497
0.00801075
0.00803479
0.0080575
0.00807923
0.00810029
0.00812095
0.00814141
0.00816184
0.00818232
0.00820286
0.00822339
0.00824371
0.00826348
0.00828215
0.00829842
0.00826554
0.00821194
0.00816174
0.00811571
0.00807297
0.00803256
0.00798948
0.00793801
0.00787862
0.00782123
0.00777506
0.00774552
0.0077408
0.00778038
0.0078893
0.00805867
0.00815009
0.00411442
0.00418698
0.00427443
0.004387
0.00451802
0.00458161
0.00463686
0.00469305
0.00475094
0.00481093
0.00487344
0.00493876
0.00500704
0.0050784
0.00515296
0.00523102
0.00531234
0.00539658
0.00548286
0.00557094
0.00566112
0.00575345
0.00584792
0.00594429
0.00604234
0.00614201
0.00624359
0.00634675
0.00645014
0.00654097
0.00660466
0.00666711
0.00673047
0.00679405
0.00685783
0.00692211
0.00698686
0.00705207
0.00711771
0.00718365
0.00724967
0.00731548
0.00738075
0.007445
0.00750732
0.00756718
0.00762403
0.00767731
0.00772635
0.00777051
0.00780913
0.00784162
0.0078675
0.0078864
0.00789813
0.0079027
0.00790032
0.00789145
0.00787683
0.00785761
0.00783528
0.00781102
0.00778475
0.00775617
0.00772772
0.00770219
0.00767829
0.00765836
0.00764124
0.00762389
0.00760322
0.00757977
0.00755873
0.00754544
0.00754307
0.00755716
0.00760634
0.00772427
0.00791362
0.00800799
0.00416411
0.00421457
0.00427332
0.00435115
0.00444805
0.00451147
0.00455795
0.00460561
0.00465509
0.00470685
0.00476123
0.0048185
0.00487874
0.00494202
0.00500829
0.00507729
0.00514906
0.00522342
0.00530006
0.00537875
0.00545939
0.00554188
0.00562614
0.00571199
0.00579916
0.00587418
0.00592532
0.00597489
0.00602511
0.00607483
0.00612302
0.00617025
0.0062177
0.00626599
0.00631536
0.00636579
0.0064172
0.00646962
0.00652312
0.00657745
0.00663229
0.00668733
0.00674227
0.00679645
0.00684907
0.00689974
0.00694805
0.0069936
0.00703595
0.00707466
0.00710934
0.00713964
0.00716526
0.00718603
0.00720187
0.00721286
0.00721921
0.00722134
0.00721991
0.00721595
0.00721087
0.00720577
0.00720015
0.00719415
0.0071888
0.00718631
0.00718761
0.00719227
0.0071996
0.00720816
0.00721551
0.00722261
0.00723297
0.0072498
0.00727464
0.00731032
0.00737204
0.00749557
0.00769565
0.0078149
0.00412443
0.00416633
0.00421275
0.0042699
0.00434053
0.00442053
0.0044974
0.00454532
0.00458806
0.00463274
0.00467963
0.00472893
0.00478082
0.00483539
0.00489268
0.00495262
0.00501515
0.0050801
0.0051472
0.00519712
0.00524002
0.0052817
0.0053223
0.00536197
0.00540124
0.00543996
0.00547769
0.00551509
0.00555304
0.0055915
0.00563015
0.0056689
0.00570851
0.00574933
0.00579127
0.0058341
0.00587785
0.00592251
0.00596803
0.00601411
0.00606041
0.00610673
0.00615261
0.00619732
0.00624061
0.00628228
0.00632217
0.0063601
0.00639592
0.00642949
0.00646068
0.00648938
0.00651555
0.00653917
0.00656026
0.00657893
0.00659535
0.0066098
0.00662265
0.0066345
0.00664607
0.00665789
0.00666968
0.00668124
0.0066934
0.00670768
0.00672509
0.00674576
0.0067695
0.00679568
0.00682359
0.0068536
0.00688758
0.00692769
0.00697475
0.00702974
0.00710343
0.00722805
0.00742801
0.00758308
0.00394307
0.00398727
0.00403361
0.00408521
0.00414333
0.00420601
0.00426785
0.00432542
0.00437839
0.00442787
0.00447495
0.00452015
0.00456359
0.00460527
0.00464519
0.00468332
0.00471977
0.00475502
0.00478946
0.0048228
0.00485482
0.00488586
0.00491656
0.00494763
0.00497946
0.00501196
0.00504496
0.00507854
0.0051133
0.00514921
0.0051858
0.00522301
0.0052611
0.00530025
0.00534046
0.00538168
0.00542401
0.00546711
0.00551056
0.00555414
0.0055977
0.00564067
0.00568266
0.00572354
0.00576317
0.00580144
0.00583825
0.00587355
0.00590729
0.00593942
0.00596991
0.00599876
0.00602598
0.00605159
0.00607567
0.00609833
0.0061197
0.00613999
0.00615945
0.00617847
0.00619749
0.00621687
0.00623662
0.00625673
0.00627771
0.00630049
0.00632589
0.00635441
0.00638624
0.00642127
0.00645939
0.00650106
0.00654765
0.00660081
0.00666111
0.00672865
0.0068103
0.00693188
0.00712234
0.00730475
0.00367536
0.00372232
0.00376975
0.00381903
0.00387089
0.00392427
0.00397674
0.00402665
0.0040731
0.00411655
0.00415764
0.00419674
0.00423401
0.0042696
0.00430362
0.00433625
0.00436779
0.00439874
0.00442935
0.0044598
0.0044899
0.00451996
0.00455044
0.00458173
0.00461404
0.00464727
0.00468116
0.00471574
0.00475126
0.0047878
0.00482525
0.00486374
0.00490317
0.00494349
0.0049846
0.00502643
0.00506882
0.00511164
0.00515439
0.00519663
0.00523811
0.00527883
0.00531872
0.00535766
0.00539555
0.0054323
0.00546785
0.00550217
0.00553522
0.00556697
0.0055974
0.0056265
0.0056543
0.00568082
0.00570612
0.00573028
0.00575344
0.00577575
0.00579743
0.00581877
0.00584013
0.00586181
0.005884
0.00590683
0.0059307
0.00595624
0.00598414
0.00601497
0.00604912
0.00608682
0.0061283
0.00617414
0.00622549
0.00628372
0.00634946
0.00642266
0.0065077
0.00662424
0.00680002
0.0069854
0.00339288
0.00343926
0.00348596
0.00353342
0.00358181
0.00363067
0.00367893
0.00372548
0.00376968
0.00381173
0.00385184
0.00389027
0.00392725
0.00396298
0.00399764
0.00403143
0.0040646
0.00409748
0.00413039
0.00416332
0.00419622
0.00422921
0.00426254
0.00429644
0.00433107
0.00436644
0.00440246
0.00443909
0.00447637
0.00451433
0.00455289
0.00459196
0.00463148
0.0046715
0.00471186
0.00475235
0.00479252
0.00483219
0.00487145
0.00491025
0.00494852
0.00498621
0.00502324
0.00505953
0.00509501
0.00512962
0.00516329
0.00519599
0.00522768
0.00525832
0.0052879
0.0053164
0.00534382
0.00537018
0.00539552
0.00541991
0.00544344
0.00546625
0.00548853
0.0055105
0.00553244
0.00555465
0.00557736
0.0056008
0.00562531
0.00565139
0.00567961
0.00571052
0.00574458
0.00578221
0.00582385
0.00587013
0.0059221
0.00598094
0.00604739
0.00612159
0.0062067
0.00631783
0.00647789
0.00664267
0.00314469
0.00318861
0.00323352
0.00327945
0.00332622
0.00337344
0.00342053
0.0034668
0.00351178
0.00355529
0.00359737
0.00363816
0.00367781
0.00371648
0.00375431
0.00379145
0.00382805
0.00386428
0.00390029
0.00393612
0.00397179
0.00400735
0.00404291
0.00407861
0.00411454
0.00415076
0.00418734
0.00422422
0.00426131
0.00429858
0.00433591
0.004373
0.00440979
0.00444622
0.00448241
0.0045184
0.00455415
0.00458961
0.00462477
0.00465958
0.00469401
0.00472801
0.00476155
0.00479455
0.00482697
0.00485875
0.00488985
0.00492023
0.00494985
0.0049787
0.00500674
0.00503396
0.00506036
0.00508596
0.00511079
0.0051349
0.00515836
0.0051813
0.00520385
0.0052262
0.00524859
0.00527125
0.00529443
0.00531839
0.00534344
0.00537
0.00539853
0.00542951
0.00546343
0.00550078
0.00554209
0.00558804
0.00563959
0.00569778
0.00576338
0.00583686
0.00592072
0.00602722
0.00617433
0.006291
0.00293603
0.00297574
0.00301731
0.00306056
0.00310514
0.00315066
0.00319663
0.00324257
0.00328803
0.00333268
0.00337641
0.00341922
0.00346117
0.00350231
0.0035427
0.00358241
0.00362156
0.00366022
0.00369836
0.003736
0.00377317
0.00380989
0.00384623
0.00388226
0.00391804
0.00395359
0.00398882
0.00402374
0.00405838
0.00409276
0.00412687
0.00416069
0.00419421
0.00422742
0.00426034
0.00429299
0.00432538
0.00435752
0.0043894
0.00442101
0.00445234
0.00448334
0.004514
0.00454426
0.00457409
0.00460345
0.00463233
0.00466071
0.00468855
0.00471585
0.00474259
0.00476877
0.0047944
0.00481949
0.00484408
0.0048682
0.00489192
0.00491535
0.00493859
0.0049618
0.00498518
0.00500892
0.00503326
0.00505845
0.00508478
0.00511262
0.00514233
0.00517432
0.00520907
0.00524709
0.00528894
0.00533532
0.00538713
0.00544518
0.00551009
0.00558231
0.00566405
0.00576871
0.00590479
0.0059413
0.00277534
0.00280721
0.00284186
0.00287894
0.00291802
0.00295868
0.00300049
0.00304301
0.00308586
0.00312868
0.00317128
0.0032135
0.00325525
0.00329647
0.00333713
0.00337722
0.0034167
0.00345556
0.00349384
0.00353156
0.0035687
0.00360526
0.00364127
0.0036768
0.00371189
0.00374654
0.00378078
0.00381462
0.00384808
0.00388112
0.00391377
0.00394606
0.003978
0.00400961
0.00404092
0.00407195
0.00410271
0.00413322
0.00416348
0.0041935
0.00422327
0.00425279
0.00428202
0.00431094
0.00433953
0.00436779
0.00439573
0.00442333
0.00445059
0.0044775
0.00450408
0.00453031
0.00455622
0.0045818
0.00460711
0.00463216
0.00465703
0.00468179
0.00470654
0.0047314
0.00475654
0.00478214
0.00480841
0.0048356
0.00486402
0.00489397
0.00492573
0.00495962
0.00499609
0.00503564
0.00507876
0.00512613
0.00517862
0.0052367
0.00530034
0.00536984
0.00545113
0.00555204
0.00560173
0.00559929
0.00270059
0.00272006
0.00274328
0.00276985
0.00279931
0.00283122
0.00286512
0.00290056
0.00293712
0.00297438
0.00301208
0.00305002
0.00308805
0.00312605
0.00316392
0.0032016
0.003239
0.00327611
0.00331287
0.00334929
0.00338532
0.00342094
0.00345614
0.00349093
0.0035253
0.00355929
0.00359288
0.00362611
0.003659
0.00369153
0.00372374
0.00375562
0.00378718
0.00381844
0.0038494
0.00388011
0.00391056
0.00394078
0.00397079
0.00400061
0.00403025
0.0040597
0.00408893
0.00411795
0.00414676
0.0041754
0.00420386
0.00423214
0.00426023
0.00428813
0.00431583
0.00434332
0.00437062
0.00439773
0.00442467
0.00445148
0.0044782
0.00450488
0.00453161
0.0045585
0.00458566
0.00461326
0.00464148
0.00467057
0.00470089
0.00473272
0.00476636
0.00480189
0.00483968
0.0048801
0.00492338
0.00496975
0.00501981
0.00507396
0.00513269
0.0051993
0.00526297
0.00526662
0.00526702
0.00526366
0.00276444
0.00276715
0.00277495
0.00278725
0.00280353
0.00282332
0.00284612
0.00287141
0.00289866
0.00292747
0.00295749
0.00298847
0.00302018
0.00305245
0.00308513
0.00311811
0.00315128
0.00318455
0.00321792
0.00325115
0.00328371
0.00331634
0.00334914
0.00338201
0.00341491
0.0034477
0.00348041
0.00351355
0.00354562
0.0035773
0.00360878
0.00364008
0.00367119
0.00370211
0.00373284
0.00376338
0.00379375
0.00382395
0.003854
0.00388395
0.00391385
0.00394371
0.00397352
0.0040032
0.00403278
0.00406228
0.00409169
0.00412098
0.00415011
0.00417907
0.00420782
0.00423637
0.0042647
0.00429281
0.00432072
0.00434845
0.00437603
0.00440352
0.00443096
0.00445845
0.00448607
0.00451393
0.00454214
0.00457078
0.0046001
0.00463042
0.00466191
0.00469467
0.00472881
0.00476447
0.00480172
0.0048411
0.00488415
0.00491871
0.00492496
0.00492962
0.00493238
0.00493268
0.00493029
0.00492501
0.00300533
0.00299159
0.00298436
0.00298288
0.00298616
0.00299352
0.00300438
0.00301827
0.00303474
0.00305335
0.00307374
0.00309564
0.00311882
0.00314308
0.00316824
0.00319416
0.00322072
0.00324781
0.00327534
0.00330325
0.00333148
0.00335995
0.00338861
0.00341742
0.00344635
0.00347535
0.0035044
0.00353347
0.00356256
0.00359165
0.00362071
0.00364971
0.00367866
0.00370754
0.00373635
0.00376508
0.00379371
0.00382223
0.00385062
0.00387886
0.00390697
0.00393497
0.00396286
0.00399057
0.00401803
0.0040452
0.00407208
0.00409864
0.00412486
0.00415074
0.00417626
0.00420142
0.00422622
0.00425066
0.00427477
0.00429857
0.00432208
0.00434534
0.00436841
0.00439135
0.00441421
0.00443706
0.00445992
0.00448284
0.0045064
0.00452928
0.00453825
0.00454661
0.00455436
0.00456143
0.00456779
0.00457337
0.00457805
0.00458164
0.00458386
0.00458452
0.00458342
0.00458032
0.00457503
0.00456742
0.0033772
0.00336748
0.00334424
0.00332788
0.00331779
0.0033128
0.00331202
0.00331477
0.00332051
0.00332875
0.00333907
0.00335118
0.00336482
0.00337977
0.00339584
0.00341287
0.00343072
0.00344929
0.00346848
0.00348821
0.00350837
0.00352885
0.00354964
0.00357071
0.00359203
0.00361358
0.00363531
0.00365723
0.00367932
0.00370148
0.00372369
0.00374593
0.0037682
0.00379049
0.00381277
0.00383503
0.00385724
0.00387935
0.00390131
0.00392312
0.00394495
0.00396315
0.00397492
0.00398645
0.00399777
0.00400887
0.00401976
0.00403044
0.00404092
0.00405119
0.00406124
0.00407109
0.00408071
0.00409011
0.00409927
0.0041082
0.00411687
0.00412529
0.00413343
0.00414129
0.00414886
0.0041561
0.00416302
0.00416958
0.00417575
0.00418149
0.00418667
0.00419127
0.00419523
0.0041985
0.00420102
0.00420271
0.00420348
0.0042032
0.00420171
0.00419886
0.00419447
0.00418835
0.00418036
0.00417042
0.00318348
0.00319485
0.00320631
0.00321779
0.00322926
0.0032407
0.00325209
0.00326342
0.00327472
0.00328608
0.00329736
0.00330858
0.00331973
0.00333083
0.00334189
0.0033529
0.00336387
0.00337481
0.00338571
0.00339658
0.0034074
0.00341819
0.00342894
0.00343965
0.0034503
0.0034609
0.00347145
0.00348193
0.00349234
0.00350268
0.00351294
0.00352311
0.00353319
0.00354318
0.00355306
0.00356284
0.0035725
0.00358205
0.00359147
0.00360076
0.00360991
0.00361888
0.00362765
0.00363619
0.00364453
0.00365264
0.00366053
0.0036682
0.00367564
0.00368286
0.00368984
0.00369659
0.0037031
0.00370936
0.00371537
0.00372112
0.0037266
0.0037318
0.00373671
0.00374131
0.00374559
0.00374954
0.00375314
0.00375635
0.00375915
0.0037615
0.00376337
0.00376469
0.00376541
0.00376548
0.00376482
0.00376337
0.00376102
0.00375768
0.00375324
0.00374756
0.0037405
0.00373191
0.00372166
0.00370972
0.00295567
0.00295719
0.00295916
0.00296152
0.00296423
0.00296724
0.00297051
0.00297402
0.00297775
0.0029817
0.00298598
0.00299043
0.00299502
0.00299974
0.00300458
0.00300955
0.00301463
0.00301983
0.00302514
0.00303056
0.00303607
0.00304169
0.0030474
0.00305319
0.00305906
0.00306501
0.00307101
0.00307707
0.00308318
0.00308932
0.00309549
0.00310167
0.00310786
0.00311405
0.00312022
0.00312636
0.00313247
0.00313854
0.00314454
0.00315048
0.00315633
0.00316209
0.00316774
0.00317326
0.00317864
0.00318386
0.00318892
0.0031938
0.0031985
0.003203
0.00320729
0.00321137
0.00321522
0.00321885
0.00322223
0.00322535
0.00322821
0.0032308
0.0032331
0.00323509
0.00323676
0.0032381
0.00323908
0.00323967
0.00323986
0.00323961
0.00323889
0.00323765
0.00323585
0.00323342
0.00323032
0.00322647
0.00322179
0.0032162
0.0032096
0.00320187
0.00319291
0.00318258
0.00317076
0.00315745
0.00265538
0.00264715
0.00263924
0.00263169
0.0026245
0.00261768
0.00261122
0.00260514
0.00259943
0.0025941
0.00258914
0.00258469
0.00258066
0.00257695
0.00257356
0.00257047
0.0025677
0.00256522
0.00256305
0.00256116
0.00255956
0.00255824
0.00255718
0.00255639
0.00255585
0.00255555
0.00255548
0.00255563
0.00255599
0.00255655
0.0025573
0.00255821
0.00255929
0.00256051
0.00256186
0.00256333
0.00256491
0.00256657
0.00256831
0.0025701
0.00257194
0.00257381
0.00257568
0.00257756
0.00257941
0.00258123
0.00258299
0.00258468
0.00258629
0.00258779
0.00258918
0.00259044
0.00259156
0.00259251
0.0025933
0.00259389
0.00259428
0.00259445
0.00259439
0.00259407
0.00259348
0.00259261
0.00259142
0.00258989
0.00258801
0.00258573
0.00258303
0.00257988
0.00257622
0.00257201
0.0025672
0.00256174
0.00255554
0.00254855
0.00254067
0.00253182
0.0025219
0.0025108
0.00249842
0.00248474
0.00217722
0.00216076
0.00214454
0.00212863
0.00211307
0.00209791
0.00208318
0.0020689
0.00205507
0.00204173
0.00202887
0.00201652
0.00200472
0.00199354
0.00198288
0.00197265
0.00196286
0.0019535
0.00194457
0.00193606
0.00192796
0.00192026
0.00191295
0.00190603
0.00189948
0.00189329
0.00188745
0.00188194
0.00187675
0.00187188
0.00186729
0.001863
0.00185897
0.00185519
0.00185166
0.00184835
0.00184525
0.00184236
0.00183964
0.00183709
0.00183469
0.00183244
0.0018303
0.00182827
0.00182632
0.00182446
0.00182265
0.00182089
0.00181916
0.00181744
0.00181571
0.00181397
0.0018122
0.00181038
0.00180851
0.00180655
0.0018045
0.00180233
0.00180004
0.0017976
0.001795
0.00179222
0.00178924
0.00178603
0.00178257
0.00177884
0.00177481
0.00177045
0.00176572
0.00176059
0.00175501
0.00174893
0.00174231
0.00173508
0.00172719
0.00171857
0.00170917
0.00169889
0.00168766
0.00167542
0.00133516
0.0013177
0.00130066
0.00128407
0.00126797
0.00125236
0.00123723
0.0012226
0.00120847
0.00119483
0.00118168
0.00116901
0.00115682
0.0011451
0.00113388
0.00112318
0.00111289
0.00110293
0.00109331
0.00108402
0.00107506
0.00106641
0.00105807
0.00105003
0.00104229
0.00103483
0.00102765
0.00102073
0.00101406
0.00100764
0.00100145
0.000995484
0.000989736
0.000984194
0.000978848
0.00097369
0.00096871
0.0009639
0.000959248
0.000954747
0.000950387
0.000946158
0.000942054
0.000938064
0.00093418
0.000930394
0.000926697
0.000923082
0.00091954
0.000916062
0.00091264
0.000909265
0.000905928
0.000902626
0.000899352
0.000896098
0.000892856
0.000889615
0.000886368
0.000883104
0.000879814
0.000876488
0.000873114
0.00086968
0.000866175
0.000862583
0.00085889
0.000855079
0.000851132
0.000847028
0.000842746
0.000838261
0.000833545
0.00082857
0.0008233
0.000817697
0.000811743
0.000805419
0.000798709
0.000791637
0.000270547
0.000268408
0.000266296
0.000264216
0.000262172
0.000260165
0.000258198
0.000256274
0.000254393
0.000252555
0.000250759
0.000249007
0.000247298
0.000245631
0.000244006
0.000242423
0.000240884
0.000239391
0.000237941
0.000236531
0.000235162
0.000233831
0.000232537
0.000231278
0.000230053
0.000228862
0.000227702
0.000226573
0.000225474
0.000224404
0.000223361
0.000222345
0.000221355
0.00022039
0.000219449
0.000218531
0.000217635
0.000216761
0.000215908
0.000215075
0.000214261
0.000213466
0.000212688
0.000211927
0.000211182
0.000210452
0.000209738
0.000209037
0.000208349
0.000207674
0.00020701
0.000206358
0.000205716
0.000205084
0.00020446
0.000203845
0.000203238
0.000202637
0.000202042
0.000201453
0.000200869
0.000200288
0.000199711
0.000199136
0.000198563
0.000197991
0.000197418
0.000196845
0.000196269
0.00019569
0.000195108
0.000194519
0.000193924
0.000193321
0.000192708
0.000192083
0.000191445
0.000190792
0.000190122
0.000189432
0.000169922
0.000152021
0.000251246
0.000501092
0.00051886
0.000618128
0.000947757
0.00106304
0.0011554
0.00175628
0.00177044
0.00188542
0.00251825
0.00264582
0.0029484
0.00360262
0.00378793
0.00406202
0.00472193
0.00488499
0.00508792
0.00571258
0.00584068
0.00601503
0.00660795
0.00672947
0.00690267
0.00736925
0.00748832
0.00765694
0.00791858
0.0080299
0.00804031
0.00818177
0.00814732
0.00810404
0.00818282
0.00813533
0.00807855
0.00810216
0.0080485
0.00798555
0.00795897
0.0079042
0.00784035
0.00776859
0.00771641
0.00765545
0.00754228
0.0074953
0.00743977
0.00727133
0.00723144
0.00718327
0.00695972
0.00692763
0.0068877
0.00662401
0.00659932
0.00656748
0.00627796
0.00625952
0.00623477
0.00593204
0.00591819
0.00589895
0.00559191
0.00558082
0.00556523
0.00525652
0.00524646
0.0052327
0.00491701
0.00490668
0.00489331
0.00455797
0.00454663
0.00453272
0.00415938
0.00414675
0.00413189
0.0036973
0.00368347
0.00366768
0.00314415
0.00312957
0.00311325
0.00247144
0.00245701
0.00244109
0.0016638
0.00165129
0.00163769
0.00078507
0.000778017
0.000770415
0.00018882
0.000188189
0.000187538
6.79056e-05
0.000110592
0.000131603
0.000148455
0.000163027
0.000176176
0.00018838
0.000199952
0.000211166
0.000222362
0.00023406
0.000245662
0.00025683
0.000267713
0.00027846
0.000289186
0.000299992
0.000311066
0.000323524
0.000338108
0.000354511
0.000371612
0.000390415
0.000339301
0.000437855
9.25256e-05
0.000281892
0.000358988
0.000452265
0.000571644
0.000713189
0.000872091
0.00104144
0.00121197
0.00137153
0.00150408
0.00161126
0.00171141
0.00180756
0.00190008
0.00198828
0.00207035
0.00214125
0.00222583
0.00222029
0.00189503
0.00158767
0.00129395
0.00107577
0.000724046
0.000107393
0.000441104
0.00062897
0.000848917
0.00112259
0.00143787
0.00177601
0.00211602
0.00243799
0.00272485
0.0029625
0.00316293
0.00334272
0.00350611
0.00365274
0.00377966
0.00388156
0.0032527
0.00272881
0.00236115
0.00205613
0.00178795
0.00154415
0.00136244
0.00119597
0.000118552
0.000603762
0.000947919
0.00132097
0.00175367
0.00222209
0.00269416
0.00314154
0.00354412
0.00388981
0.00417067
0.00440286
0.00459986
0.00476609
0.00490098
0.00500037
0.00416578
0.00340279
0.00289794
0.00253828
0.00224755
0.00199243
0.00176334
0.00156243
0.00139302
0.000131535
0.000780766
0.0013135
0.00184695
0.00241826
0.00299399
0.00354
0.00403087
0.00445347
0.0048036
0.00507669
0.00529327
0.00546458
0.00559523
0.00568515
0.00514603
0.00414762
0.00353257
0.00313117
0.00278921
0.00247877
0.00220656
0.00197548
0.00178713
0.00164661
0.000116901
0.000963494
0.00149869
0.00222783
0.00308196
0.00371875
0.00428823
0.00477409
0.0051742
0.00549204
0.00572989
0.00590656
0.00603277
0.00611338
0.006099
0.00491945
0.00413775
0.00367677
0.00331472
0.00297504
0.00266764
0.00240443
0.00218558
0.00200817
0.00187259
0.000166479
0.000612712
0.00135591
0.00210653
0.00304448
0.00419456
0.00493932
0.00538717
0.00573986
0.0060075
0.00619693
0.00632474
0.00640094
0.00643006
0.00559576
0.00471778
0.00418101
0.00380686
0.00346274
0.00313733
0.00284816
0.00260124
0.00239506
0.0022278
0.00209913
0.000398353
0.000782767
0.00134312
0.00209401
0.00296887
0.00397275
0.00502999
0.00590056
0.0061912
0.00640125
0.00653744
0.00661452
0.00664199
0.00603593
0.00521121
0.00463744
0.00424642
0.0039124
0.00358924
0.00328817
0.00302216
0.002794
0.00260221
0.00244501
0.00232104
0.00070341
0.00119491
0.00172976
0.00246612
0.00325104
0.00408526
0.00490252
0.00564038
0.00625291
0.00667182
0.00678353
0.00666032
0.00619499
0.00558134
0.00504063
0.0046353
0.00430791
0.00400135
0.00370634
0.00343438
0.0031936
0.00298525
0.00280802
0.00266051
0.00254122
0.00124318
0.00190866
0.00258762
0.00325272
0.00390198
0.00454018
0.00513813
0.00566537
0.00608694
0.00633774
0.00637407
0.00617893
0.00580272
0.00537421
0.00499055
0.00466863
0.00438045
0.0041028
0.00383676
0.003592
0.00337401
0.00318311
0.00301828
0.00287859
0.00276255
0.00229418
0.00297619
0.00361938
0.00415528
0.00468402
0.00520102
0.00566815
0.0060368
0.00626429
0.00633022
0.00623535
0.0060012
0.00568288
0.00534727
0.0050397
0.00476416
0.0045032
0.00424798
0.0040036
0.00377893
0.00357743
0.0033985
0.00324145
0.00310583
0.00299016
0.00343936
0.00397938
0.00447683
0.00495866
0.00545842
0.00594406
0.00635109
0.00660879
0.0066869
0.00660459
0.00640258
0.00612657
0.00581864
0.00551347
0.00523043
0.00496738
0.00471392
0.00446542
0.0042294
0.00401362
0.00381889
0.00364336
0.0034869
0.00334953
0.00322952
0.00441703
0.00481859
0.00524922
0.00572725
0.00623063
0.00668677
0.00700959
0.0071564
0.00713905
0.00699709
0.00677118
0.00649152
0.00618492
0.00587749
0.00558491
0.00530762
0.00503937
0.00477836
0.00453396
0.00431238
0.00411129
0.00392767
0.00376229
0.0036154
0.00348457
0.005348
0.00568347
0.00609572
0.00656091
0.00700993
0.0073522
0.00744142
0.00742485
0.00737211
0.00728935
0.00718166
0.00697715
0.0066869
0.00638433
0.00608592
0.00579064
0.00549259
0.00520028
0.0049293
0.00468419
0.00446075
0.00425581
0.00407068
0.00390508
0.00375524
0.00626203
0.00659961
0.00700368
0.00740617
0.00754788
0.00755446
0.00752443
0.00746261
0.00737365
0.00726194
0.00713125
0.00698583
0.00682987
0.00666638
0.00649809
0.00632716
0.00602706
0.00569836
0.0053957
0.00511905
0.00486113
0.00462212
0.00440636
0.00421223
0.00403427
0.00715348
0.00747323
0.00768277
0.00769308
0.00767387
0.0076261
0.00755198
0.00745453
0.00733678
0.00720248
0.00705587
0.00689985
0.00673719
0.00657036
0.00640143
0.0062319
0.00606097
0.00588791
0.00571298
0.00553605
0.00528789
0.00500481
0.00475029
0.00452043
0.0043077
0.00786597
0.00786085
0.0078371
0.00779272
0.00772684
0.00764001
0.0075334
0.00740992
0.00727256
0.00712401
0.00696706
0.00680418
0.00663764
0.00646952
0.0063016
0.00613459
0.0059668
0.00579768
0.00562735
0.0054552
0.00527972
0.00509857
0.00490856
0.00470537
0.0044837
0.00800867
0.00796104
0.00789764
0.0078174
0.00772022
0.00760732
0.00748015
0.00734075
0.00719133
0.00703413
0.00687137
0.00670516
0.0065375
0.00637026
0.00620491
0.0060407
0.00587588
0.00571038
0.0055441
0.00537629
0.0052054
0.00502899
0.00484359
0.00464468
0.00442681
0.00804726
0.00797338
0.00788555
0.0077837
0.00766834
0.00754057
0.00740179
0.00725371
0.00709818
0.00693711
0.00677242
0.00660604
0.00643978
0.00627533
0.00611341
0.00595189
0.00578995
0.00562781
0.00546521
0.00530125
0.00513429
0.00496177
0.00478011
0.00458469
0.00436991
0.00800748
0.00791936
0.00781868
0.00770581
0.00758153
0.00744693
0.00730334
0.00715231
0.00699547
0.00683458
0.00667138
0.0065076
0.00634487
0.0061846
0.00602583
0.00586686
0.00570787
0.00554897
0.00538977
0.00522926
0.00506569
0.00489641
0.00471776
0.00452503
0.00431254
0.00790815
0.00781429
0.00770888
0.00759252
0.00746609
0.00733068
0.00718757
0.00703821
0.0068841
0.00672683
0.00656796
0.00640894
0.00625109
0.00609503
0.00593901
0.00578286
0.00562699
0.00547137
0.00531547
0.00515816
0.00499759
0.00483101
0.00465473
0.00446397
0.00425299
0.00776232
0.00766879
0.0075645
0.00745016
0.00732667
0.00719509
0.00705665
0.00691262
0.00676437
0.00661324
0.00646053
0.00630748
0.00615482
0.0060022
0.00584917
0.00569636
0.005544
0.00539191
0.00523941
0.00508524
0.00492742
0.00476316
0.0045887
0.00439927
0.00418911
0.00758087
0.00749191
0.00739287
0.00728445
0.00716751
0.00704301
0.00691202
0.00677566
0.00663506
0.00649131
0.00634544
0.00619822
0.00605025
0.00590127
0.00575228
0.00560369
0.00545553
0.00530746
0.00515863
0.00500765
0.00485247
0.00469023
0.00451716
0.00432851
0.00411856
0.00737122
0.00728926
0.0071976
0.00709691
0.00698797
0.00687166
0.00674892
0.00662075
0.00648814
0.00635204
0.00621329
0.00607257
0.00593062
0.00578783
0.00564465
0.00550149
0.00535844
0.005215
0.00507021
0.00492259
0.00476999
0.00460954
0.00443748
0.00424913
0.00403888
0.00712287
0.00704999
0.00696771
0.00687663
0.00677745
0.00667095
0.00655797
0.0064394
0.00631615
0.00618911
0.00605913
0.00592698
0.00579334
0.00565871
0.0055232
0.005387
0.00524995
0.00511176
0.00497137
0.00482724
0.00467718
0.00451831
0.00434692
0.00415845
0.00394748
0.00683661
0.00677412
0.00670269
0.00662283
0.00653513
0.00644025
0.00633892
0.0062319
0.00611999
0.00600397
0.0058846
0.00576257
0.00563851
0.00551287
0.00538591
0.00525755
0.00512752
0.00499506
0.00485931
0.00471873
0.00457111
0.00441359
0.00424253
0.00405356
0.00384153
0.00652575
0.00647378
0.00641351
0.00634532
0.00626965
0.00618704
0.00609808
0.00600339
0.00590362
0.00579944
0.00569146
0.00558028
0.00546638
0.00535016
0.00523183
0.00511134
0.00498834
0.00486204
0.00473111
0.004594
0.00444863
0.00429217
0.00412111
0.00393132
0.00371805
0.0062015
0.00615923
0.00610942
0.00605231
0.00598821
0.0059175
0.00584062
0.00575804
0.00567026
0.0055778
0.00548113
0.00538071
0.00527691
0.00516998
0.00506005
0.00494701
0.00483047
0.00470969
0.00458333
0.00444963
0.00430624
0.00415053
0.00397916
0.00378833
0.0035738
0.00587254
0.00583838
0.00579753
0.00575009
0.00569623
0.00563619
0.00557025
0.00549873
0.00542196
0.00534032
0.00525413
0.0051637
0.00506927
0.00497097
0.00486878
0.0047625
0.00465168
0.0045355
0.00441275
0.00428164
0.00413999
0.0039847
0.00381279
0.00362092
0.00340539
0.00554366
0.00551552
0.00548157
0.0054418
0.00539624
0.005345
0.0052882
0.00522603
0.00515867
0.00508634
0.00500922
0.00492747
0.00484119
0.00475037
0.00465488
0.00455441
0.00444838
0.00433592
0.00421578
0.00408628
0.00394524
0.00379018
0.0036178
0.00341309
0.00307724
0.00521389
0.00518957
0.00516028
0.00512591
0.00508641
0.00504177
0.00499198
0.0049371
0.00487718
0.0048123
0.0047425
0.00466779
0.00458814
0.00450341
0.00441335
0.00431752
0.00421527
0.00410563
0.00398733
0.00385872
0.00371778
0.00356225
0.00330518
0.0029995
0.00271012
0.00487549
0.00485306
0.00482641
0.00479536
0.0047598
0.00471962
0.00467473
0.00462508
0.0045706
0.00451125
0.00444694
0.00437757
0.00430296
0.00422288
0.00413694
0.00404462
0.00394518
0.00383762
0.00372067
0.00359283
0.00341347
0.00314502
0.00287472
0.00262018
0.00238879
0.00451472
0.00449282
0.00446728
0.00443794
0.00440461
0.00436713
0.00432536
0.00427915
0.00422836
0.00417283
0.00411239
0.00404682
0.00397584
0.00389912
0.0038162
0.00372648
0.0036292
0.00352348
0.00340131
0.00317523
0.00293915
0.0027062
0.00248629
0.00228363
0.00209522
0.0041131
0.00409095
0.00406562
0.00403694
0.0040047
0.00396871
0.00392878
0.00388471
0.00383631
0.00378334
0.00372555
0.00366267
0.00359434
0.00352016
0.00343964
0.00335216
0.00325721
0.00309684
0.00289845
0.00269607
0.00249753
0.00230908
0.0021325
0.00196699
0.00180932
0.003648
0.00362537
0.00359993
0.00357147
0.0035398
0.00350471
0.00346599
0.00342342
0.00337677
0.00332577
0.00327015
0.00320959
0.00314373
0.00307216
0.0029944
0.00290995
0.00276339
0.00259189
0.00241889
0.00225068
0.00208969
0.00193687
0.00179209
0.00165451
0.00152197
0.00309309
0.00307035
0.00304508
0.00301709
0.00298621
0.00295223
0.00291495
0.00287414
0.0028296
0.00278106
0.00272828
0.00267096
0.00260882
0.00254151
0.00246867
0.0023899
0.00225429
0.00211012
0.00196889
0.00183208
0.00170053
0.00157478
0.00145478
0.00134019
0.00122984
0.00242152
0.00239976
0.00237582
0.00234953
0.00232074
0.0022893
0.00225503
0.00221778
0.00217736
0.00213362
0.00208638
0.00203546
0.0019807
0.00192193
0.00185898
0.00179171
0.00171959
0.00164266
0.00153165
0.00142123
0.00131464
0.00121238
0.00111462
0.00102139
0.000932095
0.00162108
0.00160286
0.001583
0.00156144
0.00153809
0.00151288
0.00148572
0.00145652
0.00142523
0.00139179
0.00135615
0.00131827
0.00127814
0.00123575
0.00119113
0.00114433
0.00109541
0.00104445
0.000991394
0.000936555
0.000880298
0.000823027
0.000765177
0.000704303
0.000638743
0.000761293
0.000751705
0.00074154
0.000730696
0.000719135
0.000706843
0.000693815
0.000680046
0.000665536
0.000650291
0.000634322
0.000617649
0.000600293
0.000582287
0.000563665
0.000544472
0.000524761
0.00050459
0.00048402
0.000463118
0.000441958
0.000420616
0.000399166
0.000377652
0.000356058
0.00018677
0.00018597
0.000185135
0.00018426
0.000183343
0.000182378
0.00018136
0.000180284
0.000179145
0.000177937
0.000176653
0.000175285
0.000173827
0.00017227
0.000170605
0.00016882
0.000166905
0.000164846
0.000162628
0.000160232
0.000157639
0.000154822
0.000151752
0.000148389
0.000144682
0.000142483
0.000934223
0.00121605
0.00150062
0.00179965
0.00202159
0.00199671
0.00157612
0.00079876
0.000183738
0.00014452
0.000877085
0.0011688
0.00148785
0.00179824
0.00203597
0.0020235
0.00160482
0.000813449
0.000184183
0.00015175
0.000857558
0.00112861
0.00147345
0.00179668
0.00205165
0.00205239
0.00163564
0.000829259
0.000184565
0.000161438
0.000826055
0.00107592
0.00145832
0.00179507
0.00206809
0.00208245
0.00166798
0.0008467
0.000184883
0.000172312
0.000797009
0.00102621
0.00144209
0.00179332
0.00208519
0.00211355
0.00170173
0.000865311
0.000185125
0.000184858
0.000766083
0.000975732
0.00142482
0.00179156
0.00210309
0.00214577
0.00173693
0.000885304
0.000185281
0.000199285
0.000733591
0.000925291
0.00140658
0.00178999
0.00212195
0.00217911
0.00177348
0.000906705
0.000185341
0.000216266
0.000699342
0.000875444
0.00138754
0.00178892
0.00214199
0.00221355
0.00181116
0.000929523
0.000185295
0.000267905
0.000665167
0.000823394
0.00136797
0.00178879
0.00216349
0.00224902
0.00184956
0.000953614
0.000185132
0.000274982
0.000628945
0.000773796
0.0013483
0.00179024
0.00218687
0.00228544
0.00188808
0.000978628
0.000184841
0.000275241
0.000590993
0.00073119
0.00132943
0.00179424
0.0022127
0.00232268
0.00192582
0.00100389
0.000184415
0.000272177
0.000558787
0.000694453
0.00131291
0.00180213
0.00224167
0.0023605
0.00196153
0.00102818
0.000183849
0.000263359
0.00052025
0.000708095
0.00130087
0.00181555
0.00227452
0.00239844
0.00199365
0.00104933
0.000183144
0.000246039
0.000481446
0.000752231
0.00129759
0.00183632
0.00231162
0.00243697
0.00202126
0.00106562
0.000182274
0.000218735
0.00043912
0.000853578
0.00130413
0.00187124
0.00236229
0.00247912
0.00204444
0.00107806
0.000181112
0.000188642
0.000396758
0.000880609
0.00133564
0.00193266
0.00243122
0.00252401
0.00206032
0.001085
0.000179607
0.000172789
0.000360677
0.000900537
0.00140253
0.00203069
0.0025217
0.00256843
0.00206488
0.00108455
0.000177733
0.00021386
0.00034045
0.000962986
0.00152029
0.00217693
0.00263396
0.00246955
0.00199567
0.00107502
0.000175483
0.000182629
0.000591427
0.00108546
0.00171608
0.00224123
0.00206907
0.00186682
0.00158511
0.00105618
0.000172885
0.000189205
0.000756863
0.00103714
0.00155206
0.00171956
0.00163513
0.00154342
0.00135455
0.00103303
0.000170015
0.000637828
0.000628853
0.000923337
0.0013189
0.00144478
0.00144814
0.00139597
0.00124399
0.0010024
0.000166975
0.000750372
0.000964921
0.00122443
0.0013551
0.001404
0.00141351
0.00135472
0.00121229
0.00097617
0.000164025
0.00110381
0.00112596
0.00127168
0.00139862
0.00143901
0.0014288
0.0013667
0.00123174
0.000946853
0.000161214
0.0013067
0.00133062
0.00141254
0.00147336
0.00149718
0.00148595
0.00142357
0.00129168
0.000919309
0.000158649
0.00155902
0.00152975
0.00155346
0.00159139
0.00160573
0.00158197
0.00151395
0.00138358
0.00089462
0.000156385
0.00178244
0.00174159
0.00173659
0.00174143
0.00173535
0.00170067
0.00163043
0.0015014
0.000873058
0.000154439
0.00200698
0.00195024
0.00192142
0.00190567
0.00188518
0.00184111
0.00176962
0.00163742
0.000854316
0.000152802
0.00222703
0.00216124
0.00211776
0.00208584
0.00205048
0.00199997
0.00192844
0.00160955
0.000837734
0.000151453
0.00244614
0.00237312
0.00231851
0.00227394
0.00222591
0.00217039
0.00209609
0.00157933
0.000824399
0.00015033
0.00266597
0.00258702
0.0025234
0.00246688
0.00240921
0.00234843
0.0021541
0.00155225
0.000814438
0.000149438
0.00289018
0.00280446
0.00273095
0.00266165
0.00259609
0.00252519
0.00211992
0.00152843
0.000807295
0.000148735
0.00312251
0.00302697
0.00294022
0.00285883
0.00278342
0.00259247
0.00208749
0.00150801
0.000802401
0.000148179
0.0033648
0.00325379
0.00314998
0.00305644
0.00296208
0.00255619
0.00205677
0.00149016
0.000799179
0.000147734
0.0036148
0.00348173
0.00336068
0.00324695
0.00297007
0.00251984
0.00202795
0.00147402
0.000797122
0.00014737
0.00386549
0.00370712
0.00356175
0.00333915
0.00293073
0.00248414
0.00200032
0.00145874
0.000795779
0.000147059
0.00410623
0.00391744
0.00366375
0.00329677
0.00289043
0.00244883
0.00197296
0.00144356
0.000794756
0.000146776
0.00423134
0.0039428
0.00361736
0.00325254
0.00284967
0.00241314
0.00194502
0.0014278
0.000793698
0.000146501
0.0041777
0.00389209
0.00356927
0.00320721
0.00280778
0.00237613
0.00191567
0.00141082
0.00079228
0.000146216
0.00412344
0.00384026
0.00351966
0.00316
0.0027637
0.00233682
0.00188411
0.00139206
0.000790188
0.000145902
0.00406787
0.00378636
0.00346734
0.0031096
0.00271625
0.00229421
0.00184958
0.00137096
0.000787117
0.000145544
0.00400931
0.00372872
0.00341068
0.00305455
0.00266415
0.00224729
0.00181132
0.00134698
0.000782763
0.000145126
0.00394569
0.00366538
0.00334791
0.00299328
0.00260611
0.00219504
0.00176858
0.00131962
0.000776829
0.000144633
0.0038748
0.00359428
0.00327716
0.00292418
0.00254079
0.00213643
0.00172064
0.00128839
0.000769021
0.000144049
0.0037943
0.00351328
0.00319651
0.00284559
0.00246682
0.00207041
0.0016668
0.00125284
0.00075905
0.000143361
0.00370171
0.00342008
0.00310391
0.00275574
0.00238279
0.00199597
0.00160641
0.00121258
0.000746641
0.000142551
0.0035944
0.00331226
0.00299721
0.0026528
0.00228728
0.00191216
0.00153892
0.00116726
0.000731528
0.000141604
0.00346954
0.00318726
0.00287412
0.00253483
0.00217891
0.00181818
0.00146395
0.00111664
0.00071346
0.0001405
0.00332414
0.00304233
0.00269099
0.00235966
0.00205654
0.00171357
0.00138133
0.00106054
0.000692192
0.000139216
0.00309388
0.00273839
0.00241894
0.00212965
0.00185523
0.00158583
0.00129116
0.000998872
0.000667471
0.000137721
0.002748
0.00244917
0.0021798
0.00192408
0.00166998
0.0014173
0.00117278
0.000920775
0.000639
0.00013597
0.00244201
0.00219541
0.00196134
0.00172935
0.00149435
0.0012599
0.00103343
0.000806176
0.000606555
0.000133897
0.0021697
0.00195865
0.00175029
0.00153958
0.00132469
0.00111134
0.000905899
0.000702116
0.000545331
0.000131397
0.00191025
0.00172635
0.00154168
0.00135324
0.00116073
0.000971085
0.000788092
0.000606931
0.000470218
0.000128413
0.00165101
0.0014928
0.00133253
0.00116811
0.00100138
0.000838505
0.000677778
0.000518702
0.000403102
0.000124772
0.00138787
0.00125372
0.00111974
0.000983888
0.000846749
0.000712297
0.000572401
0.000436036
0.000342893
0.000111385
0.00111852
0.00100836
0.000900397
0.000796209
0.000697052
0.000588459
0.000469028
0.000360326
0.000291997
9.24391e-05
0.000843217
0.000757702
0.000677377
0.000603896
0.0005345
0.000459288
0.000366309
0.000296735
0.000265814
0.000104758
0.000575062
0.000515821
0.000462423
0.000415545
0.000367659
0.000313036
0.00026644
0.000244366
0.000259343
9.09232e-05
0.000333462
0.000303853
0.000271067
0.000240987
0.000208969
0.000183835
0.000178102
0.000194412
0.000198976
6.49318e-05
0.000140357
0.00013174
0.000106193
8.24035e-05
6.55047e-05
7.37782e-05
8.7358e-05
6.48596e-05
5.72921e-05
4.52135e-05
)
;

boundaryField
{
    inlet
    {
        type            calculated;
        value           uniform 0.0112695;
    }
    outlet
    {
        type            calculated;
        value           nonuniform List<scalar> 10(0.000142635 0.000937734 0.00121605 0.00150062 0.00179965 0.00202159 0.00199671 0.00157612 0.00079876 0.000183738);
    }
    walls
    {
        type            nutUBlendedWallFunction;
        blending        stepwise;
        Cmu             0.09;
        kappa           0.41;
        E               9.8;
        n               4;
        value           nonuniform List<scalar> 
446
(
1.15982e-05
1.15945e-05
1.1589e-05
1.15829e-05
1.15769e-05
1.15714e-05
1.15662e-05
1.15612e-05
1.15565e-05
1.15519e-05
1.15476e-05
1.15433e-05
1.1539e-05
1.15348e-05
1.15304e-05
1.15259e-05
1.1521e-05
1.15157e-05
1.15095e-05
1.15023e-05
1.14938e-05
1.14834e-05
1.14707e-05
1.14551e-05
1.14361e-05
1.14132e-05
1.1386e-05
1.13527e-05
1.13131e-05
1.12664e-05
1.12116e-05
1.11476e-05
1.10731e-05
1.09865e-05
1.08858e-05
1.07687e-05
1.0633e-05
1.0476e-05
1.02948e-05
1.00865e-05
9.84821e-06
9.57681e-06
9.26934e-06
8.92264e-06
8.53336e-06
8.09826e-06
7.6137e-06
7.07531e-06
6.47753e-06
5.81294e-06
5.07054e-06
4.23562e-06
3.28265e-06
2.15191e-06
9.30312e-07
0
6.26171e-07
8.944e-07
7.95373e-07
1.33803e-07
5.9643e-07
1.06704e-06
1.20668e-06
7.10462e-07
2.41803e-08
4.94043e-07
1.5177e-06
2.50533e-06
3.52608e-06
4.44921e-06
5.27688e-06
6.04378e-06
6.75502e-06
7.41419e-06
8.02673e-06
8.59726e-06
9.12722e-06
9.61809e-06
1.00714e-05
1.04885e-05
1.0871e-05
1.12204e-05
1.15382e-05
1.18261e-05
1.20858e-05
1.23193e-05
1.25282e-05
1.27145e-05
1.288e-05
1.30264e-05
1.31555e-05
1.32689e-05
1.33682e-05
1.34547e-05
1.35305e-05
1.35896e-05
1.36412e-05
1.36854e-05
1.37292e-05
1.37673e-05
1.38004e-05
1.38284e-05
1.3852e-05
1.38717e-05
1.3888e-05
1.39015e-05
1.39127e-05
1.39217e-05
1.39289e-05
1.39344e-05
1.39385e-05
1.39413e-05
1.39431e-05
1.39439e-05
1.39438e-05
1.39429e-05
1.39413e-05
1.3939e-05
1.39362e-05
1.39327e-05
1.39287e-05
1.39243e-05
1.39193e-05
1.39139e-05
1.3908e-05
1.39016e-05
1.38948e-05
1.38876e-05
1.38799e-05
1.38717e-05
1.38631e-05
1.3854e-05
1.38445e-05
1.38344e-05
1.38238e-05
1.38127e-05
1.38011e-05
1.37888e-05
1.3776e-05
1.37626e-05
1.37486e-05
1.37339e-05
1.37186e-05
1.37025e-05
1.36857e-05
1.36682e-05
1.36499e-05
1.36308e-05
1.36109e-05
1.35901e-05
1.35685e-05
1.35459e-05
1.35224e-05
1.34979e-05
1.34724e-05
1.34459e-05
1.34184e-05
1.33897e-05
1.33598e-05
1.33288e-05
1.32965e-05
1.32628e-05
1.32278e-05
1.31913e-05
1.31532e-05
1.31135e-05
1.30719e-05
1.30285e-05
1.2983e-05
1.29353e-05
1.28851e-05
1.28323e-05
1.27766e-05
1.27177e-05
1.26553e-05
1.25891e-05
1.25188e-05
1.2443e-05
1.23722e-05
1.22978e-05
1.2221e-05
1.21294e-05
1.20302e-05
1.19225e-05
1.18069e-05
1.16832e-05
1.15504e-05
1.14077e-05
1.12542e-05
1.10893e-05
1.0912e-05
1.07214e-05
1.05164e-05
1.02958e-05
1.00585e-05
9.80313e-06
9.52814e-06
9.23192e-06
8.91273e-06
8.5687e-06
8.1978e-06
7.79779e-06
7.36611e-06
6.89977e-06
6.39516e-06
5.85017e-06
5.23375e-06
4.55173e-06
3.79715e-06
2.95889e-06
2.01642e-06
1.03228e-06
2.40831e-07
2.99533e-07
3.07055e-07
0
1.05209e-05
1.03428e-05
1.01856e-05
1.00439e-05
9.91313e-06
9.78925e-06
9.66847e-06
9.54739e-06
9.42299e-06
9.29248e-06
9.15331e-06
9.00303e-06
8.83927e-06
8.65972e-06
8.46209e-06
8.24403e-06
8.00317e-06
7.73699e-06
7.44274e-06
7.11738e-06
6.75736e-06
6.35842e-06
5.91501e-06
5.41918e-06
4.86005e-06
4.22793e-06
3.51589e-06
2.69621e-06
1.74727e-06
9.19034e-07
1.31652e-07
3.3095e-07
5.80677e-07
1.24685e-05
1.21248e-05
1.17905e-05
1.14784e-05
1.11948e-05
1.09417e-05
1.07178e-05
1.33397e-05
1.34076e-05
1.34642e-05
1.35247e-05
1.3587e-05
1.3651e-05
1.37158e-05
1.37803e-05
1.38425e-05
1.38994e-05
1.39463e-05
1.39771e-05
1.39853e-05
1.3963e-05
1.39011e-05
1.37915e-05
1.36286e-05
1.34086e-05
1.31336e-05
1.28143e-05
5.81581e-06
5.35263e-06
5.09358e-06
4.74333e-06
4.38529e-06
3.99003e-06
3.55628e-06
3.07327e-06
2.55964e-06
1.96795e-06
1.31785e-06
5.94912e-07
0
5.22359e-07
1.00051e-06
1.14697e-06
1.02038e-06
6.95513e-07
3.25355e-06
6.20013e-06
2.2497e-08
4.49017e-07
1.2562e-06
1.97936e-06
2.56009e-06
3.01043e-06
3.34471e-06
3.57704e-06
3.71989e-06
3.78379e-06
3.77706e-06
3.70547e-06
3.5706e-06
3.36894e-06
3.09389e-06
2.73977e-06
2.29456e-06
1.68411e-06
8.80107e-07
2.96551e-08
5.61713e-07
1.82296e-06
3.46463e-06
4.77859e-06
8.37772e-06
3.66261e-09
1.91919e-08
3.74614e-07
8.43772e-07
1.26519e-06
1.6356e-06
1.96238e-06
2.24777e-06
2.49663e-06
2.71365e-06
2.90316e-06
3.069e-06
3.21452e-06
3.34258e-06
3.45563e-06
3.55571e-06
3.64455e-06
3.72359e-06
3.79404e-06
3.85689e-06
3.91297e-06
3.96298e-06
4.00747e-06
4.04692e-06
4.08169e-06
4.11209e-06
4.13835e-06
4.16065e-06
4.17913e-06
4.19386e-06
4.20485e-06
4.212e-06
4.21525e-06
4.21464e-06
4.21007e-06
4.20152e-06
4.18891e-06
4.17193e-06
4.14984e-06
4.12222e-06
4.08888e-06
4.0495e-06
4.00351e-06
3.95029e-06
3.88918e-06
3.81936e-06
3.73989e-06
3.64968e-06
3.54746e-06
3.43171e-06
3.30061e-06
3.15197e-06
2.98311e-06
2.79065e-06
2.57037e-06
2.31755e-06
2.02817e-06
1.69677e-06
1.30844e-06
8.66313e-07
3.49568e-07
0
4.16945e-07
9.6978e-07
1.43065e-06
1.88783e-06
2.25844e-06
2.56742e-06
2.81316e-06
2.98968e-06
3.09383e-06
3.12718e-06
3.08341e-06
2.95612e-06
2.73263e-06
2.39685e-06
1.93266e-06
1.32448e-06
5.89921e-07
8.10158e-08
2.33798e-07
2.17562e-06
1.69643e-06
1.23645e-06
6.24034e-07
5.15509e-08
2.47821e-07
8.48273e-07
1.36e-06
1.76437e-06
2.06009e-06
2.28304e-06
2.44133e-06
2.5405e-06
2.58916e-06
2.59102e-06
2.54577e-06
2.44949e-06
2.2961e-06
2.07701e-06
1.7807e-06
1.39993e-06
9.23904e-07
3.7131e-07
2.87134e-08
1.15982e-05
1.15945e-05
1.1589e-05
1.15829e-05
1.15769e-05
1.15714e-05
1.15663e-05
1.15614e-05
1.15567e-05
1.15523e-05
1.15482e-05
1.15442e-05
1.15404e-05
1.15369e-05
1.15337e-05
1.15307e-05
1.15283e-05
1.15262e-05
1.15246e-05
1.15491e-05
)
;
    }
    baffle
    {
        type            nutUBlendedWallFunction;
        blending        stepwise;
        Cmu             0.09;
        kappa           0.41;
        E               9.8;
        n               4;
        value           nonuniform List<scalar> 
34
(
1.56126e-07
5.15499e-07
9.18587e-07
1.3494e-06
1.57201e-06
1.66752e-06
1.6545e-06
6.89074e-07
4.97855e-08
1.06701e-06
8.36215e-08
1.66691e-07
5.70574e-07
9.85497e-07
1.62105e-06
1.97444e-06
2.92453e-06
2.40153e-07
7.09727e-07
1.26122e-06
1.6787e-06
1.78238e-06
1.70236e-06
1.48798e-06
4.55726e-07
1.20302e-06
2.50226e-06
1.94366e-07
6.44306e-07
1.36444e-06
1.92122e-06
2.76338e-06
3.12883e-06
4.46655e-06
)
;
    }
    front
    {
        type            empty;
    }
    back
    {
        type            empty;
    }
}


// ************************************************************************* //
