/*--------------------------------*- C++ -*----------------------------------*\
| =========                 |                                                 |
| \\      /  F ield         | OpenFOAM: The Open Source CFD Toolbox           |
|  \\    /   O peration     | Version:  v2012                                 |
|   \\  /    A nd           | Website:  www.openfoam.com                      |
|    \\/     M anipulation  |                                                 |
\*---------------------------------------------------------------------------*/
FoamFile
{
    version     2.0;
    format      ascii;
    class       volScalarField;
    location    "569";
    object      p;
}
// * * * * * * * * * * * * * * * * * * * * * * * * * * * * * * * * * * * * * //

dimensions      [0 2 -2 0 0 0 0];


internalField   nonuniform List<scalar> 
6598
(
0.353446
0.352628
0.352189
0.352003
0.351923
0.351923
0.352002
0.352188
0.352626
0.353444
0.352511
0.352271
0.35206
0.351927
0.351864
0.351863
0.351926
0.352059
0.35227
0.352508
0.351874
0.351884
0.351802
0.351716
0.351674
0.351674
0.351715
0.3518
0.351882
0.351872
0.351492
0.351559
0.351514
0.351452
0.351425
0.351424
0.35145
0.351512
0.351555
0.351489
0.351184
0.351261
0.351232
0.35118
0.351157
0.351157
0.351177
0.351227
0.351256
0.351179
0.350888
0.350962
0.350942
0.3509
0.35088
0.350878
0.350896
0.350935
0.350955
0.350881
0.350597
0.350664
0.350644
0.350609
0.350592
0.350589
0.350603
0.350635
0.350653
0.350587
0.350313
0.350371
0.350348
0.350315
0.350299
0.350295
0.350306
0.350334
0.350355
0.350297
0.350032
0.350082
0.350057
0.350024
0.350006
0.350001
0.35001
0.350036
0.350057
0.350007
0.349754
0.349796
0.349769
0.349735
0.349715
0.349708
0.349714
0.349737
0.349759
0.349716
0.349477
0.349513
0.349484
0.349448
0.349425
0.349414
0.349417
0.349436
0.349458
0.349421
0.349205
0.349236
0.349203
0.349164
0.349136
0.34912
0.349117
0.349132
0.349152
0.34912
0.34894
0.348965
0.348929
0.348885
0.34885
0.348825
0.348815
0.348823
0.34884
0.348812
0.348685
0.348706
0.348664
0.348612
0.348566
0.348529
0.348507
0.348506
0.348518
0.348492
0.348447
0.348463
0.348413
0.348348
0.348285
0.348231
0.348192
0.348176
0.348181
0.348157
0.348231
0.348241
0.348181
0.348098
0.34801
0.347927
0.347862
0.347827
0.347821
0.347798
0.34805
0.348054
0.347978
0.347868
0.347746
0.347621
0.347515
0.347446
0.347427
0.347407
0.347919
0.347915
0.347817
0.347669
0.347495
0.347309
0.347137
0.347016
0.346981
0.34697
0.34786
0.347847
0.347721
0.347518
0.347266
0.346983
0.346701
0.346484
0.346422
0.346504
0.347902
0.347881
0.347718
0.347446
0.34709
0.34667
0.346215
0.345846
0.345725
0.346083
0.348086
0.348056
0.347851
0.347495
0.347005
0.34639
0.345635
0.344813
0.343827
0.339646
0.348446
0.348412
0.348166
0.347723
0.347103
0.346309
0.345275
0.343893
0.34303
0.344782
0.349028
0.348998
0.348716
0.348195
0.347454
0.34652
0.345368
0.343718
0.3417
0.343368
0.34988
0.34986
0.349548
0.348952
0.348092
0.346998
0.345684
0.343861
0.340799
0.341397
0.351054
0.351047
0.350704
0.35003
0.349047
0.347778
0.346252
0.344334
0.340885
0.340762
0.352597
0.352605
0.352229
0.351475
0.350366
0.348924
0.347176
0.345121
0.341396
0.340099
0.354562
0.354583
0.354172
0.353331
0.352087
0.350462
0.34847
0.346204
0.342275
0.339701
0.357028
0.35707
0.356622
0.355684
0.354285
0.352455
0.350191
0.347652
0.343722
0.339924
0.360093
0.360161
0.35967
0.358618
0.357039
0.354973
0.352402
0.349466
0.34546
0.341203
0.363819
0.363898
0.363357
0.362169
0.360384
0.358051
0.355161
0.351803
0.34754
0.343181
0.368288
0.368385
0.367764
0.36641
0.364382
0.361739
0.358498
0.354737
0.350124
0.345487
0.373583
0.373699
0.372967
0.371414
0.369097
0.366079
0.362405
0.358175
0.353216
0.348132
0.379787
0.379904
0.379052
0.37727
0.374608
0.371135
0.366917
0.362062
0.356638
0.350962
0.387023
0.387136
0.386145
0.384094
0.381023
0.377009
0.372136
0.366519
0.360382
0.35398
0.395436
0.395541
0.394388
0.392024
0.388483
0.383843
0.378204
0.371705
0.364636
0.357329
0.405172
0.405267
0.403931
0.401217
0.39715
0.391809
0.385296
0.377783
0.369607
0.361208
0.416383
0.416467
0.414931
0.411838
0.407202
0.401095
0.393624
0.38498
0.375547
0.365876
0.429218
0.429291
0.427543
0.424052
0.418817
0.411905
0.403419
0.393562
0.382754
0.371651
0.443811
0.443876
0.441909
0.438012
0.432169
0.424435
0.41491
0.403801
0.391547
0.378886
0.460273
0.460331
0.458143
0.453845
0.447403
0.43886
0.428309
0.415955
0.40224
0.387952
0.478673
0.478723
0.476316
0.47163
0.464619
0.455308
0.443786
0.430246
0.415119
0.399201
0.499024
0.499064
0.49644
0.491386
0.483851
0.473843
0.461442
0.446828
0.430404
0.412936
0.521279
0.521294
0.518452
0.513055
0.505053
0.494437
0.481284
0.465753
0.448213
0.429364
0.545313
0.545281
0.542211
0.536489
0.528078
0.516958
0.5032
0.48695
0.468526
0.448548
0.570911
0.570802
0.567484
0.561443
0.552678
0.541158
0.526954
0.510199
0.491164
0.470371
0.597765
0.597544
0.593944
0.587577
0.578499
0.566674
0.55218
0.535139
0.515776
0.494518
0.625483
0.625103
0.621172
0.614455
0.60509
0.593044
0.578401
0.561278
0.541861
0.520486
0.653586
0.652991
0.648665
0.641556
0.631919
0.619723
0.605056
0.588032
0.568805
0.547632
0.681505
0.680626
0.675829
0.668285
0.658392
0.646116
0.631541
0.614778
0.595947
0.57524
0.708562
0.707319
0.701982
0.693984
0.683876
0.671612
0.657253
0.640899
0.622639
0.602606
0.733939
0.732229
0.726337
0.717941
0.707725
0.695613
0.681628
0.665843
0.64831
0.629111
0.756635
0.754367
0.748031
0.73943
0.729318
0.717581
0.704184
0.689156
0.672508
0.654273
0.775144
0.772655
0.766214
0.757745
0.74809
0.737069
0.724549
0.710509
0.694916
0.677761
0.7872
0.785893
0.780247
0.772392
0.763653
0.753785
0.742498
0.729709
0.715354
0.699385
0.792193
0.79247
0.789064
0.782945
0.775835
0.767639
0.757975
0.746709
0.733763
0.719068
0.793336
0.793997
0.792868
0.789396
0.784682
0.778691
0.771025
0.761525
0.750114
0.736731
0.793323
0.79353
0.793457
0.792494
0.790542
0.78715
0.781825
0.774326
0.764559
0.752495
0.793232
0.7927
0.792774
0.79351
0.794027
0.793249
0.790406
0.785039
0.776959
0.7662
0.793959
0.79292
0.792801
0.794182
0.796453
0.79788
0.797124
0.793465
0.786758
0.777103
0.795151
0.794554
0.794625
0.796344
0.799326
0.802041
0.803088
0.800979
0.795754
0.787761
0.320107
0.323761
0.326157
0.328154
0.329369
0.329626
0.329073
0.327839
0.326074
0.324129
0.322146
0.320209
0.318511
0.317203
0.316327
0.315877
0.315864
0.316293
0.317143
0.318345
0.319766
0.321186
0.322272
0.322783
0.322918
0.327422
0.324557
0.324748
0.326095
0.327165
0.327517
0.326966
0.325679
0.323962
0.322083
0.32023
0.318532
0.317112
0.316041
0.315342
0.315013
0.315051
0.315469
0.316257
0.317385
0.318778
0.320282
0.321681
0.322591
0.322948
0.327886
0.324787
0.324102
0.324735
0.325434
0.32561
0.32502
0.323797
0.322205
0.320472
0.318795
0.3173
0.316079
0.315184
0.314621
0.314371
0.314419
0.314766
0.315407
0.31633
0.3175
0.318843
0.320243
0.321442
0.322164
0.326613
0.323677
0.32283
0.323268
0.323866
0.323998
0.323395
0.322172
0.32062
0.318971
0.317408
0.316063
0.315007
0.314255
0.313794
0.313602
0.313665
0.313982
0.314546
0.315341
0.31634
0.317491
0.318709
0.319846
0.320697
0.326852
0.32248
0.321104
0.321473
0.322202
0.322401
0.321902
0.320786
0.319329
0.3178
0.316374
0.315168
0.314237
0.313585
0.313188
0.31303
0.313095
0.313387
0.313896
0.314607
0.315494
0.316511
0.317574
0.318552
0.31939
0.327864
0.322197
0.319908
0.320076
0.320883
0.321197
0.320849
0.31989
0.318555
0.317138
0.315818
0.314713
0.313869
0.313277
0.312915
0.312773
0.312837
0.313113
0.313591
0.314256
0.315083
0.316032
0.317013
0.317833
0.318489
0.328722
0.322784
0.319993
0.319812
0.320417
0.32076
0.320473
0.319654
0.318407
0.31706
0.315785
0.31472
0.31391
0.313342
0.312995
0.312859
0.312925
0.313194
0.313663
0.314317
0.315134
0.316088
0.3171
0.317862
0.318119
0.329761
0.324325
0.321491
0.320854
0.321145
0.321439
0.321164
0.320321
0.319037
0.317663
0.316357
0.31526
0.314427
0.313845
0.313486
0.313339
0.313397
0.31366
0.314133
0.314808
0.315664
0.316691
0.317869
0.318827
0.318589
0.331873
0.326836
0.324048
0.323074
0.323055
0.323175
0.322829
0.32185
0.320537
0.319064
0.317642
0.31642
0.31548
0.314824
0.31442
0.314243
0.31428
0.314532
0.315009
0.315707
0.316604
0.317658
0.31891
0.320496
0.322145
0.33484
0.330065
0.327309
0.326141
0.325897
0.325821
0.325305
0.324226
0.322891
0.321312
0.31972
0.318284
0.317126
0.316288
0.315757
0.315499
0.315481
0.31568
0.316092
0.316714
0.317536
0.31857
0.319924
0.321735
0.323782
0.338097
0.333582
0.330904
0.329665
0.329295
0.329094
0.328513
0.32742
0.325987
0.324353
0.322643
0.321001
0.319565
0.318427
0.317623
0.317156
0.316995
0.317077
0.317386
0.31793
0.318713
0.319745
0.321033
0.322511
0.324238
0.341361
0.337023
0.334443
0.333188
0.33274
0.33248
0.331905
0.330859
0.329491
0.327948
0.326289
0.324613
0.32304
0.321677
0.320609
0.319885
0.31951
0.319453
0.319709
0.320288
0.321175
0.322272
0.323548
0.325046
0.326944
0.344478
0.34021
0.337651
0.336359
0.335859
0.335584
0.335067
0.334128
0.332917
0.33158
0.330132
0.328634
0.327187
0.325899
0.324879
0.324141
0.323675
0.323515
0.323698
0.324238
0.325092
0.326116
0.327456
0.329115
0.330642
0.347442
0.343054
0.340388
0.339
0.33843
0.338132
0.337668
0.336839
0.335798
0.3347
0.333499
0.332206
0.330982
0.329923
0.32908
0.328474
0.328099
0.327968
0.328182
0.328751
0.329482
0.330283
0.331196
0.332175
0.33309
0.350398
0.345646
0.342703
0.341112
0.340401
0.340051
0.339622
0.33889
0.337947
0.337024
0.336097
0.335068
0.334039
0.333154
0.332474
0.33201
0.331753
0.3317
0.33187
0.332224
0.332679
0.33321
0.333795
0.334386
0.334979
0.353566
0.348184
0.344755
0.342818
0.341865
0.341399
0.340982
0.340345
0.339471
0.338589
0.337822
0.33706
0.336269
0.335563
0.335
0.334611
0.334405
0.334366
0.334476
0.33469
0.334982
0.335348
0.335762
0.336181
0.336584
0.357226
0.350939
0.346783
0.344308
0.342982
0.342299
0.341833
0.341274
0.340519
0.339666
0.338896
0.338246
0.337654
0.337121
0.336688
0.336378
0.336202
0.336162
0.336246
0.336426
0.336669
0.336954
0.337257
0.337555
0.337827
0.36172
0.354244
0.349086
0.345841
0.343969
0.342939
0.342317
0.34177
0.341121
0.340379
0.339648
0.339004
0.33847
0.338029
0.337681
0.337434
0.337297
0.337276
0.33737
0.33755
0.33778
0.338036
0.338291
0.338527
0.33873
0.36744
0.358494
0.352037
0.347748
0.345103
0.343555
0.342633
0.341983
0.34137
0.340717
0.340066
0.339479
0.338971
0.33856
0.338257
0.338055
0.33795
0.337943
0.338027
0.338193
0.338431
0.338698
0.338953
0.339176
0.339359
0.374808
0.364138
0.356073
0.350435
0.346742
0.344443
0.343041
0.342137
0.34145
0.340822
0.340223
0.339684
0.339232
0.33888
0.338628
0.338472
0.338404
0.338416
0.338491
0.338636
0.338849
0.339103
0.339369
0.33961
0.339802
0.384253
0.371656
0.361695
0.354378
0.349318
0.345984
0.343859
0.34251
0.341597
0.340895
0.340297
0.339783
0.339366
0.339054
0.338846
0.338737
0.338719
0.338778
0.338898
0.339062
0.33925
0.339464
0.339706
0.339948
0.340154
0.396177
0.381535
0.369439
0.360126
0.353353
0.348649
0.3455
0.34344
0.342092
0.341164
0.340469
0.339922
0.339498
0.339196
0.339012
0.338938
0.338962
0.339068
0.339236
0.339443
0.339663
0.339879
0.340091
0.340302
0.340494
0.410899
0.394214
0.379844
0.368268
0.359441
0.353003
0.348478
0.345389
0.343319
0.341932
0.340978
0.340295
0.339799
0.339457
0.339258
0.33919
0.339238
0.339379
0.339586
0.33983
0.34008
0.340314
0.340528
0.340711
0.34086
0.428601
0.410017
0.393377
0.379383
0.368219
0.359693
0.353414
0.348927
0.345798
0.343652
0.342187
0.341182
0.34049
0.34003
0.339759
0.339659
0.339706
0.339866
0.340095
0.340354
0.340597
0.340804
0.340979
0.341122
0.341234
0.44927
0.429079
0.410349
0.393947
0.380289
0.369388
0.360994
0.354722
0.350153
0.346894
0.344605
0.343014
0.341922
0.341193
0.340755
0.340564
0.340581
0.340716
0.340876
0.341035
0.341186
0.341324
0.341441
0.341541
0.341627
0.472664
0.451277
0.430816
0.412219
0.396096
0.382677
0.371895
0.363484
0.357088
0.352327
0.348846
0.346339
0.344563
0.34334
0.342572
0.342171
0.341986
0.341892
0.341839
0.341816
0.34184
0.341905
0.34198
0.342051
0.34211
0.498305
0.476208
0.454512
0.434134
0.415798
0.399924
0.386642
0.375847
0.36729
0.360649
0.355584
0.35178
0.348961
0.346918
0.345538
0.344635
0.343952
0.343431
0.343089
0.342891
0.34279
0.34275
0.34274
0.342741
0.342743
0.525525
0.503208
0.480839
0.459238
0.439149
0.421119
0.405447
0.392207
0.381289
0.372469
0.365462
0.359969
0.355703
0.35242
0.35
0.348226
0.346865
0.345854
0.34514
0.344646
0.3443
0.344058
0.343884
0.343753
0.343646
0.553545
0.531441
0.508937
0.486717
0.465467
0.445775
0.42806
0.412544
0.399268
0.388133
0.378943
0.371447
0.365374
0.360454
0.356529
0.353566
0.351397
0.349734
0.348437
0.347444
0.34669
0.346114
0.345666
0.345308
0.345012
0.58158
0.560023
0.537826
0.51553
0.493722
0.472963
0.453717
0.436308
0.420905
0.407537
0.396116
0.386474
0.378388
0.371605
0.365904
0.361346
0.357972
0.355419
0.353351
0.351669
0.350313
0.349227
0.348354
0.347641
0.347045
0.608933
0.588147
0.566562
0.544598
0.522735
0.501468
0.481252
0.462455
0.445331
0.430014
0.416525
0.404794
0.394682
0.386002
0.378539
0.372218
0.367092
0.363082
0.359964
0.357463
0.355369
0.353621
0.352171
0.350952
0.349915
0.635057
0.615168
0.594368
0.572985
0.551407
0.530056
0.50935
0.489659
0.471278
0.454411
0.439168
0.425568
0.413561
0.403044
0.393881
0.38594
0.379111
0.373377
0.36869
0.36486
0.361713
0.359148
0.357035
0.355223
0.353647
0.659581
0.640644
0.620695
0.599997
0.578875
0.55769
0.536818
0.516612
0.497378
0.47936
0.462722
0.447556
0.433884
0.421675
0.410859
0.401349
0.393046
0.385854
0.379636
0.374327
0.369884
0.366158
0.363007
0.360329
0.358041
0.682285
0.664306
0.645197
0.625188
0.604557
0.583631
0.562752
0.542255
0.522449
0.50359
0.485879
0.469452
0.454385
0.440701
0.428383
0.417383
0.407634
0.399054
0.391548
0.385027
0.379385
0.374467
0.370191
0.366539
0.36343
0.70306
0.686
0.667669
0.648281
0.628092
0.607405
0.586548
0.565851
0.545619
0.526118
0.507566
0.490128
0.473916
0.458992
0.445376
0.433055
0.421988
0.412116
0.403365
0.395647
0.38887
0.382932
0.37775
0.373249
0.369341
0.721797
0.705596
0.687946
0.669062
0.649202
0.628673
0.607799
0.586912
0.566319
0.546289
0.527051
0.508789
0.491637
0.475684
0.460978
0.447531
0.435327
0.424326
0.414468
0.405683
0.39789
0.391003
0.384935
0.379603
0.374925
0.738558
0.723076
0.705945
0.687408
0.66771
0.647166
0.626142
0.604998
0.584041
0.563535
0.543709
0.524757
0.506827
0.490025
0.474419
0.46004
0.446888
0.434941
0.424153
0.414465
0.405807
0.3981
0.391263
0.385216
0.379877
0.753189
0.738287
0.721465
0.70305
0.683377
0.662777
0.641591
0.62018
0.598876
0.577949
0.557628
0.538107
0.519544
0.502058
0.485725
0.470591
0.456672
0.443955
0.432407
0.421979
0.412607
0.404221
0.396745
0.390101
0.38421
0.764716
0.750093
0.7334
0.715023
0.695277
0.674531
0.65317
0.631533
0.609927
0.588628
0.567877
0.547879
0.5288
0.510766
0.493864
0.478148
0.463644
0.450347
0.438232
0.427256
0.417361
0.40848
0.400539
0.39346
0.387158
0.776528
0.762377
0.745896
0.727597
0.707796
0.686861
0.665201
0.64318
0.62112
0.59931
0.578006
0.557421
0.537732
0.51907
0.501531
0.485185
0.470069
0.456183
0.443507
0.432
0.421609
0.412269
0.403909
0.396456
0.389841
0.31718
0.316673
0.315969
0.322246
0.321887
0.324196
0.32529
0.327216
0.330145
0.326074
0.328539
0.331349
0.329009
0.330824
0.332432
0.331896
0.332968
0.333935
0.333876
0.334595
0.335264
0.335522
0.335996
0.336422
0.336933
0.33722
0.337465
0.338047
0.338216
0.338348
0.338881
0.338988
0.339058
0.339487
0.339569
0.339611
0.339931
0.34001
0.340048
0.340293
0.340376
0.340416
0.34063
0.340713
0.340751
0.34097
0.341038
0.341066
0.341314
0.341362
0.341376
0.341689
0.341722
0.341723
0.342146
0.342158
0.342142
0.342733
0.342708
0.342662
0.34355
0.343456
0.343353
0.344765
0.34455
0.344346
0.346559
0.346154
0.345787
0.349077
0.348389
0.347777
0.352362
0.351306
0.350368
0.356191
0.354684
0.353357
0.360918
0.358863
0.357038
0.366148
0.363507
0.36114
0.37108
0.367895
0.365037
0.375464
0.371801
0.368509
0.379328
0.375253
0.371577
0.38189
0.377516
0.373604
0.384229
0.379488
0.375311
0.360021
0.359975
0.359851
0.359451
0.358571
0.357273
0.355698
0.353968
0.35218
0.350405
0.34869
0.347063
0.345542
0.344133
0.342838
0.341655
0.34058
0.339607
0.33873
0.337943
0.337241
0.336618
0.336071
0.335595
0.335186
0.334843
0.334563
0.334344
0.334184
0.334084
0.334044
0.334067
0.334149
0.334294
0.334498
0.334765
0.335092
0.335486
0.335959
0.336509
0.337134
0.337837
0.338621
0.339487
0.340438
0.341474
0.342595
0.3438
0.345084
0.34644
0.347857
0.349317
0.350796
0.352256
0.353646
0.354887
0.355867
0.356484
0.35673
0.356573
0.355908
0.354719
0.353019
0.350708
0.347729
0.344343
0.340807
0.337128
0.333563
0.330452
0.328079
0.326569
0.326003
0.326445
0.327872
0.330081
0.33265
0.33488
0.336097
0.336481
0.360131
0.360004
0.35982
0.359241
0.35822
0.356885
0.355321
0.353631
0.351897
0.350179
0.348519
0.346942
0.345464
0.344091
0.342826
0.341667
0.34061
0.33965
0.338782
0.338001
0.337301
0.336678
0.336128
0.335647
0.335231
0.334879
0.334587
0.334355
0.334181
0.334066
0.334007
0.334002
0.334055
0.334166
0.334344
0.334592
0.334892
0.335234
0.33565
0.336149
0.336715
0.337353
0.338064
0.338849
0.339711
0.340647
0.341656
0.342735
0.343878
0.345077
0.346318
0.347585
0.348853
0.350091
0.351255
0.35229
0.353126
0.353697
0.353954
0.353855
0.353321
0.352219
0.350429
0.348005
0.344983
0.341536
0.337933
0.334361
0.331038
0.32823
0.326115
0.3248
0.324323
0.324739
0.326039
0.328144
0.330813
0.333595
0.335601
0.336447
0.360242
0.35977
0.359187
0.358316
0.357165
0.355809
0.354302
0.352712
0.351096
0.349498
0.347951
0.346476
0.345087
0.343791
0.342591
0.341485
0.340472
0.339547
0.338707
0.337948
0.337265
0.336653
0.336111
0.335634
0.335219
0.334864
0.334567
0.334327
0.334143
0.334013
0.333939
0.333917
0.333949
0.334035
0.334183
0.334396
0.334669
0.334993
0.33537
0.335815
0.336327
0.336907
0.337555
0.33827
0.339054
0.339904
0.340818
0.341792
0.34282
0.343892
0.344995
0.346112
0.347219
0.348289
0.349284
0.35016
0.350876
0.351389
0.351621
0.351471
0.350891
0.349822
0.348159
0.345876
0.342997
0.339664
0.336124
0.332646
0.329484
0.32685
0.324922
0.323784
0.323395
0.323708
0.324698
0.326339
0.328543
0.331104
0.333461
0.33497
0.359475
0.358688
0.357829
0.356822
0.355643
0.354326
0.352914
0.351452
0.349979
0.348525
0.347115
0.345766
0.344488
0.343289
0.342172
0.341138
0.340184
0.339309
0.33851
0.337784
0.337127
0.336536
0.336008
0.335541
0.335133
0.33478
0.334482
0.334237
0.334045
0.333904
0.333815
0.333777
0.333791
0.333856
0.333976
0.334151
0.334381
0.334666
0.335008
0.335408
0.33587
0.336393
0.336978
0.337626
0.338336
0.339106
0.339934
0.340816
0.341746
0.342715
0.34371
0.344718
0.345718
0.346685
0.34759
0.348398
0.349077
0.349605
0.349935
0.349912
0.349386
0.348298
0.34664
0.344398
0.341581
0.338299
0.334776
0.331324
0.328266
0.325782
0.323979
0.322941
0.322631
0.322948
0.323824
0.325207
0.32703
0.329158
0.331244
0.332871
0.35752
0.356562
0.355695
0.354757
0.353676
0.352479
0.351211
0.349912
0.348605
0.347313
0.346055
0.344846
0.343693
0.342605
0.341585
0.340633
0.339751
0.338936
0.338188
0.337503
0.336881
0.336318
0.335812
0.335361
0.334964
0.334619
0.334324
0.334079
0.333882
0.333734
0.333634
0.333582
0.333578
0.333624
0.33372
0.333866
0.334064
0.334314
0.334617
0.334975
0.335389
0.33586
0.336389
0.336975
0.337618
0.338317
0.339068
0.339869
0.340713
0.341593
0.342495
0.343408
0.344317
0.345193
0.346017
0.346759
0.347381
0.347858
0.348147
0.348144
0.347719
0.346783
0.345292
0.343222
0.340602
0.337525
0.33417
0.330813
0.327817
0.325433
0.323758
0.322815
0.322578
0.322931
0.323786
0.32507
0.326713
0.328561
0.33027
0.331635
0.353293
0.352855
0.352515
0.351957
0.35117
0.350219
0.349183
0.348111
0.347011
0.345908
0.344822
0.343766
0.342751
0.341783
0.340868
0.340008
0.339204
0.338456
0.337765
0.337129
0.336546
0.336016
0.335537
0.335107
0.334725
0.334391
0.334102
0.333859
0.333661
0.333508
0.333399
0.333335
0.333316
0.333343
0.333416
0.333537
0.333705
0.333922
0.334188
0.334505
0.334875
0.335296
0.335771
0.336299
0.336879
0.33751
0.33819
0.338914
0.339679
0.340478
0.341296
0.342125
0.342956
0.343749
0.34449
0.345166
0.345736
0.34618
0.346438
0.346423
0.346077
0.345353
0.344159
0.342426
0.340162
0.337456
0.33452
0.331483
0.32863
0.326258
0.324581
0.323654
0.323434
0.323813
0.324677
0.325953
0.327559
0.329293
0.330734
0.331648
0.345831
0.347671
0.348327
0.348456
0.348173
0.347618
0.346926
0.346142
0.345285
0.344394
0.343492
0.342598
0.341724
0.340881
0.340073
0.339307
0.338584
0.337906
0.337274
0.336689
0.336149
0.335654
0.335203
0.334796
0.334432
0.334111
0.333831
0.333592
0.333394
0.333237
0.333122
0.333047
0.333014
0.333024
0.333076
0.333172
0.333313
0.333499
0.333731
0.33401
0.334336
0.334712
0.335136
0.335609
0.336131
0.336699
0.337312
0.337965
0.338655
0.339376
0.34012
0.340877
0.341635
0.342368
0.34305
0.343673
0.344205
0.344628
0.3449
0.344952
0.344736
0.34421
0.343314
0.342019
0.340293
0.33817
0.33579
0.333225
0.330665
0.328372
0.326636
0.325602
0.325305
0.325682
0.326597
0.327956
0.329657
0.331417
0.33264
0.332876
0.330119
0.339468
0.342784
0.344334
0.344836
0.344838
0.344577
0.344114
0.343517
0.342843
0.342127
0.341394
0.34066
0.339938
0.339237
0.338562
0.33792
0.337311
0.336739
0.336204
0.335707
0.335247
0.334826
0.334443
0.334098
0.33379
0.33352
0.333286
0.33309
0.332931
0.332809
0.332725
0.33268
0.332673
0.332706
0.332779
0.332894
0.33305
0.33325
0.333493
0.333779
0.334111
0.334489
0.334911
0.335378
0.335889
0.336441
0.337032
0.337657
0.33831
0.338985
0.33967
0.340357
0.341052
0.34172
0.342319
0.34285
0.343256
0.343529
0.343686
0.34365
0.343363
0.342787
0.34195
0.340849
0.339448
0.337686
0.335718
0.333689
0.331681
0.330003
0.328792
0.328131
0.328097
0.328763
0.330046
0.331566
0.333103
0.334382
0.334288
0.330276
0.33568
0.33886
0.340898
0.341905
0.342353
0.342425
0.342225
0.341851
0.341368
0.340818
0.340228
0.339621
0.33901
0.338406
0.337817
0.337248
0.336704
0.336187
0.3357
0.335244
0.334819
0.334427
0.334067
0.333739
0.333445
0.333184
0.332956
0.332761
0.3326
0.332473
0.332381
0.332323
0.332302
0.332317
0.332369
0.332459
0.332589
0.332758
0.332968
0.333219
0.333511
0.333846
0.334223
0.334642
0.335103
0.335602
0.336139
0.33671
0.33731
0.337933
0.338572
0.339216
0.339861
0.340487
0.341078
0.34164
0.342119
0.342485
0.342752
0.342887
0.342858
0.34264
0.342212
0.341597
0.3408
0.339768
0.338614
0.337452
0.336256
0.335009
0.333909
0.333049
0.332519
0.332436
0.332972
0.334286
0.336607
0.339936
0.342311
0.333091
0.335722
0.337672
0.339124
0.340048
0.340563
0.34074
0.340675
0.340441
0.340091
0.339664
0.339187
0.338681
0.338161
0.337638
0.337121
0.336615
0.336127
0.335659
0.335214
0.334793
0.334399
0.334031
0.333692
0.333381
0.333098
0.332845
0.332622
0.332429
0.332266
0.332134
0.332034
0.331966
0.331931
0.33193
0.331963
0.332032
0.332137
0.33228
0.33246
0.332679
0.332938
0.333237
0.333575
0.333955
0.334373
0.334831
0.335325
0.335854
0.336414
0.337001
0.337609
0.338231
0.338859
0.339484
0.340093
0.340679
0.341215
0.341691
0.342099
0.342421
0.342644
0.342757
0.342754
0.34264
0.342432
0.342131
0.341754
0.341315
0.341017
0.340735
0.340439
0.340381
0.340737
0.341359
0.342182
0.343333
0.345474
0.349535
0.355278
0.333719
0.335653
0.337111
0.338193
0.338924
0.339342
0.339511
0.339489
0.339323
0.339051
0.338704
0.338306
0.337874
0.337422
0.336962
0.336501
0.336047
0.335604
0.335175
0.334765
0.334374
0.334004
0.333658
0.333335
0.333037
0.332765
0.332519
0.332299
0.332107
0.331942
0.331805
0.331698
0.33162
0.331573
0.331557
0.331573
0.331623
0.331707
0.331826
0.331981
0.332174
0.332404
0.332673
0.33298
0.333327
0.333713
0.334138
0.334601
0.3351
0.335633
0.336197
0.336787
0.3374
0.33803
0.338668
0.339308
0.339941
0.340555
0.341142
0.341694
0.342203
0.342661
0.343065
0.343417
0.343724
0.343999
0.344263
0.344544
0.34487
0.345305
0.3459
0.346694
0.347699
0.348897
0.350374
0.35228
0.354761
0.357989
0.362102
0.367245
0.334048
0.335533
0.336725
0.337612
0.33819
0.338516
0.338649
0.338627
0.338485
0.338251
0.337949
0.337599
0.337215
0.336811
0.336395
0.335976
0.335559
0.33515
0.334752
0.334367
0.333999
0.333649
0.333319
0.33301
0.332722
0.332457
0.332215
0.331998
0.331805
0.331638
0.331496
0.331382
0.331295
0.331237
0.331208
0.331209
0.331242
0.331307
0.331407
0.331541
0.331711
0.331918
0.332162
0.332445
0.332767
0.333128
0.33353
0.33397
0.33445
0.334966
0.335519
0.336105
0.336721
0.337363
0.338027
0.338708
0.3394
0.340097
0.340794
0.341485
0.342167
0.342838
0.343498
0.344151
0.344806
0.345475
0.346177
0.346936
0.347782
0.348749
0.34988
0.351228
0.35282
0.354641
0.356741
0.359213
0.362158
0.365545
0.369174
0.372987
0.334943
0.335916
0.336747
0.337388
0.337805
0.338027
0.338099
0.338048
0.337899
0.337673
0.337389
0.337063
0.336706
0.33633
0.335943
0.335551
0.33516
0.334774
0.334397
0.334031
0.333679
0.333343
0.333024
0.332724
0.332443
0.332183
0.331944
0.331727
0.331533
0.331362
0.331216
0.331094
0.330999
0.33093
0.33089
0.330878
0.330896
0.330946
0.331028
0.331144
0.331296
0.331484
0.331709
0.331973
0.332276
0.33262
0.333005
0.333432
0.3339
0.334409
0.334959
0.335549
0.336177
0.33684
0.337537
0.338265
0.339019
0.339798
0.340597
0.341416
0.342252
0.343106
0.34398
0.344879
0.345812
0.34679
0.347828
0.348948
0.350174
0.351533
0.353066
0.35482
0.356794
0.358897
0.36111
0.363508
0.366142
0.368983
0.37198
0.375179
0.335912
0.336516
0.337036
0.33744
0.337697
0.337809
0.337805
0.337706
0.33753
0.337292
0.337006
0.336685
0.336339
0.335977
0.335604
0.335227
0.334851
0.334479
0.334115
0.333761
0.333419
0.333091
0.332779
0.332484
0.332207
0.331949
0.331711
0.331493
0.331296
0.331121
0.33097
0.330842
0.330738
0.33066
0.330609
0.330585
0.330591
0.330627
0.330695
0.330796
0.330932
0.331105
0.331315
0.331565
0.331855
0.332187
0.332562
0.33298
0.333444
0.333952
0.334506
0.335106
0.33575
0.336439
0.337172
0.337946
0.338761
0.339615
0.340507
0.341436
0.342403
0.343408
0.344455
0.345547
0.346692
0.347898
0.349178
0.350545
0.352017
0.353616
0.355382
0.35734
0.359392
0.361442
0.363525
0.365741
0.368139
0.370685
0.373346
0.376113
0.33682
0.337174
0.337463
0.337671
0.337782
0.337793
0.33771
0.337554
0.337339
0.337075
0.336775
0.336447
0.336099
0.335739
0.33537
0.334999
0.334629
0.334264
0.333906
0.333557
0.33322
0.332897
0.332588
0.332295
0.332018
0.33176
0.33152
0.3313
0.3311
0.330921
0.330763
0.330628
0.330517
0.33043
0.330369
0.330335
0.330329
0.330354
0.330409
0.330498
0.330622
0.330783
0.330982
0.331221
0.331501
0.331825
0.332194
0.332609
0.333072
0.333584
0.334146
0.334759
0.335423
0.336138
0.336905
0.337724
0.338593
0.339513
0.340484
0.341506
0.342579
0.343704
0.344884
0.346122
0.347422
0.348789
0.35023
0.351755
0.353371
0.3551
0.356963
0.358915
0.360855
0.362815
0.364858
0.366981
0.36919
0.371483
0.373852
0.37627
0.337681
0.337856
0.337976
0.338033
0.338014
0.337926
0.337769
0.337551
0.33729
0.336994
0.336671
0.336327
0.33597
0.335603
0.335232
0.33486
0.33449
0.334125
0.333767
0.33342
0.333083
0.33276
0.332451
0.332158
0.33188
0.33162
0.331377
0.331153
0.330949
0.330765
0.330601
0.330459
0.33034
0.330245
0.330175
0.330131
0.330116
0.330129
0.330175
0.330253
0.330366
0.330517
0.330707
0.330938
0.331212
0.331531
0.331897
0.332312
0.332777
0.333295
0.333866
0.334493
0.335177
0.335917
0.336716
0.337574
0.33849
0.339466
0.340501
0.341596
0.342751
0.343967
0.345246
0.346587
0.347994
0.349467
0.351009
0.352623
0.354312
0.356086
0.357947
0.359809
0.361673
0.363606
0.365586
0.367589
0.369623
0.371697
0.373814
0.375959
0.338448
0.338504
0.338509
0.338461
0.33835
0.338173
0.33794
0.337661
0.337352
0.33702
0.33667
0.336307
0.335936
0.335558
0.33518
0.334802
0.334428
0.334059
0.333699
0.333348
0.33301
0.332684
0.332373
0.332076
0.331796
0.331532
0.331285
0.331057
0.330847
0.330657
0.330488
0.330339
0.330212
0.330109
0.33003
0.329977
0.329952
0.329956
0.329992
0.330061
0.330166
0.330308
0.330491
0.330716
0.330985
0.331301
0.331666
0.332081
0.33255
0.333075
0.333656
0.334297
0.334998
0.335761
0.336588
0.337478
0.338433
0.339453
0.340538
0.341688
0.342904
0.344185
0.345532
0.346943
0.348418
0.349955
0.351553
0.353211
0.354928
0.356702
0.3585
0.360293
0.362123
0.364007
0.365905
0.367794
0.36968
0.37158
0.373508
0.375461
0.33909
0.339074
0.33901
0.338897
0.33873
0.338493
0.338195
0.337859
0.337502
0.337134
0.336758
0.336374
0.335987
0.335597
0.335208
0.334822
0.334441
0.334067
0.333701
0.333346
0.333003
0.332673
0.332357
0.332056
0.331771
0.331502
0.33125
0.331017
0.330801
0.330605
0.330429
0.330272
0.330138
0.330026
0.329938
0.329877
0.329842
0.329838
0.329865
0.329926
0.330022
0.330157
0.330333
0.330553
0.330818
0.331132
0.331496
0.331913
0.332386
0.332917
0.333508
0.334161
0.334877
0.33566
0.336508
0.337425
0.338409
0.339462
0.340584
0.341773
0.343031
0.344355
0.345746
0.3472
0.348714
0.350285
0.35191
0.353584
0.355303
0.357048
0.358775
0.360509
0.362304
0.364134
0.365959
0.367758
0.369531
0.371303
0.373103
0.374942
0.339613
0.33956
0.339456
0.339305
0.339106
0.338843
0.338501
0.338113
0.337717
0.337321
0.336922
0.336521
0.336118
0.335716
0.335317
0.334923
0.334534
0.334154
0.333783
0.333422
0.333073
0.332737
0.332414
0.332106
0.331814
0.331539
0.331281
0.33104
0.330818
0.330615
0.330431
0.330267
0.330123
0.330003
0.329906
0.329835
0.329791
0.329777
0.329796
0.329848
0.329937
0.330065
0.330236
0.33045
0.330712
0.331023
0.331387
0.331806
0.332282
0.332818
0.333417
0.33408
0.334809
0.335607
0.336473
0.337409
0.338415
0.339491
0.340637
0.341853
0.343136
0.344488
0.345906
0.347385
0.348918
0.350499
0.35213
0.353798
0.35548
0.357158
0.35883
0.360537
0.362296
0.364077
0.365845
0.367577
0.369271
0.370954
0.372671
0.37443
0.34004
0.339974
0.339851
0.339681
0.339466
0.339177
0.338803
0.33839
0.337976
0.337563
0.337149
0.336734
0.336319
0.335907
0.335499
0.335097
0.334703
0.334318
0.333944
0.33358
0.333226
0.332884
0.332554
0.332238
0.331938
0.331654
0.331387
0.331138
0.330907
0.330697
0.330505
0.330331
0.330177
0.330046
0.329938
0.329857
0.329803
0.329779
0.329788
0.329832
0.329913
0.330034
0.330198
0.330407
0.330665
0.330974
0.331338
0.331758
0.332237
0.332778
0.333383
0.334055
0.334794
0.335603
0.336483
0.337434
0.338455
0.339548
0.34071
0.34194
0.343237
0.344601
0.346036
0.347528
0.349058
0.350619
0.352209
0.353823
0.355451
0.357083
0.358736
0.360432
0.362164
0.363906
0.365633
0.367321
0.368964
0.370589
0.372246
0.373917
0.340409
0.340338
0.340207
0.340024
0.339787
0.339471
0.339085
0.338674
0.338258
0.337838
0.337415
0.336992
0.336569
0.33615
0.335736
0.335329
0.334931
0.334543
0.334166
0.3338
0.333444
0.333099
0.332765
0.332446
0.332141
0.331851
0.331576
0.331318
0.33108
0.330865
0.330667
0.330483
0.330318
0.330174
0.330053
0.329959
0.329892
0.329856
0.329852
0.329884
0.329954
0.330066
0.330221
0.330424
0.330677
0.330983
0.331345
0.331766
0.332248
0.332794
0.333406
0.334086
0.334835
0.335654
0.336545
0.337506
0.338538
0.339639
0.340807
0.342039
0.343332
0.344682
0.346086
0.347541
0.349039
0.350568
0.35212
0.353695
0.355301
0.356933
0.358592
0.360279
0.361989
0.363705
0.365405
0.367069
0.368686
0.370276
0.371885
0.373496
0.340742
0.340667
0.340529
0.340329
0.340065
0.339735
0.339357
0.338958
0.338546
0.338126
0.337701
0.337275
0.336849
0.336427
0.33601
0.3356
0.3352
0.334809
0.33443
0.334062
0.333705
0.333358
0.333023
0.332702
0.332398
0.332112
0.331839
0.331576
0.331327
0.331095
0.33088
0.330686
0.330512
0.33036
0.330233
0.330132
0.330058
0.330016
0.330006
0.330032
0.330097
0.330203
0.330353
0.330551
0.3308
0.331102
0.33146
0.331877
0.332355
0.332897
0.333504
0.334178
0.334921
0.335734
0.336617
0.33757
0.338592
0.339681
0.340836
0.342053
0.343327
0.344653
0.346023
0.34744
0.348912
0.350432
0.351987
0.353574
0.355188
0.356826
0.358486
0.360168
0.361866
0.363567
0.365254
0.366912
0.368526
0.370106
0.371687
0.37328
0.341048
0.340967
0.340821
0.34061
0.340326
0.339984
0.339615
0.33923
0.338827
0.338413
0.337991
0.337567
0.337143
0.336722
0.336305
0.335896
0.335494
0.335104
0.334727
0.334363
0.334008
0.333662
0.333326
0.333002
0.33269
0.332392
0.332107
0.331834
0.331574
0.331327
0.3311
0.330899
0.330723
0.330571
0.330445
0.330346
0.330275
0.330236
0.33023
0.330259
0.330327
0.330435
0.330587
0.330785
0.331031
0.331329
0.331681
0.33209
0.332557
0.333086
0.333678
0.334335
0.335059
0.335852
0.336713
0.337643
0.338643
0.33971
0.340844
0.342043
0.343303
0.344621
0.345993
0.347419
0.348896
0.350419
0.35198
0.353573
0.355193
0.356835
0.358498
0.36018
0.361874
0.363572
0.365261
0.366929
0.368562
0.37016
0.371743
0.373349
0.341348
0.34126
0.341111
0.340898
0.340615
0.340276
0.339906
0.339519
0.339118
0.338708
0.338293
0.337875
0.337457
0.337041
0.336629
0.336223
0.335824
0.335433
0.335052
0.33468
0.334318
0.333967
0.333626
0.333294
0.33297
0.332655
0.332355
0.332075
0.331813
0.331568
0.331345
0.331145
0.330969
0.330819
0.330695
0.330599
0.330532
0.330497
0.330495
0.330529
0.3306
0.330712
0.330866
0.331064
0.33131
0.331606
0.331954
0.332358
0.332819
0.333341
0.333924
0.334571
0.335285
0.336066
0.336915
0.337834
0.338822
0.339878
0.341003
0.342194
0.343449
0.344765
0.346137
0.347565
0.349044
0.350569
0.352133
0.35373
0.355356
0.357005
0.358675
0.360364
0.362067
0.363775
0.365481
0.367176
0.36885
0.370495
0.372117
0.37377
0.341685
0.341591
0.341441
0.341233
0.340966
0.340642
0.340275
0.339882
0.339478
0.339067
0.338652
0.338233
0.337815
0.337399
0.336987
0.336579
0.336176
0.335779
0.335385
0.334997
0.334623
0.334261
0.333912
0.333574
0.333248
0.332934
0.332636
0.332356
0.332094
0.331852
0.331631
0.331433
0.331261
0.331113
0.330993
0.330901
0.330839
0.330809
0.330812
0.330851
0.330926
0.331041
0.331198
0.331398
0.331646
0.331943
0.332292
0.332696
0.333157
0.333677
0.33426
0.334905
0.335617
0.336395
0.337242
0.338157
0.339141
0.340195
0.341316
0.342504
0.343756
0.345069
0.34644
0.347867
0.349346
0.350873
0.352442
0.354046
0.355682
0.357345
0.359031
0.360739
0.362465
0.364201
0.365943
0.367686
0.369424
0.371146
0.372852
0.374584
0.342091
0.341988
0.341833
0.341624
0.341361
0.341048
0.340692
0.340305
0.339901
0.339486
0.339063
0.338638
0.338211
0.337785
0.337362
0.336944
0.336532
0.336126
0.335726
0.335336
0.334956
0.334589
0.334235
0.333894
0.333567
0.333254
0.332958
0.33268
0.332421
0.332183
0.331966
0.331773
0.331605
0.331463
0.331348
0.331262
0.331206
0.331182
0.33119
0.331234
0.331314
0.331433
0.331594
0.331799
0.33205
0.332351
0.332704
0.333112
0.333576
0.3341
0.334685
0.335333
0.336046
0.336826
0.337674
0.33859
0.339574
0.340627
0.341748
0.342935
0.344187
0.3455
0.346873
0.348302
0.349785
0.351318
0.352895
0.354513
0.356166
0.357851
0.359565
0.361306
0.36307
0.364854
0.366655
0.368469
0.370294
0.372124
0.373956
0.375805
0.342585
0.342461
0.342288
0.342067
0.341798
0.341483
0.341128
0.340742
0.340336
0.339916
0.339488
0.339055
0.33862
0.338186
0.337755
0.337329
0.336909
0.336497
0.336094
0.3357
0.335318
0.334949
0.334594
0.334253
0.333928
0.333617
0.333324
0.333049
0.332795
0.332562
0.332351
0.332164
0.332002
0.331867
0.331758
0.331678
0.331628
0.331609
0.331623
0.331672
0.331758
0.331883
0.33205
0.332262
0.33252
0.332828
0.333187
0.333601
0.334072
0.334601
0.335191
0.335845
0.336562
0.337346
0.338197
0.339116
0.340103
0.341159
0.342282
0.343471
0.344726
0.346043
0.347421
0.348858
0.35035
0.351894
0.353488
0.355126
0.356805
0.358523
0.360277
0.362065
0.363886
0.365738
0.367618
0.369527
0.371464
0.37343
0.375421
0.377422
0.343225
0.343057
0.342848
0.342598
0.342308
0.341978
0.341613
0.341219
0.340805
0.340377
0.33994
0.339499
0.339056
0.338615
0.338177
0.337745
0.33732
0.336903
0.336497
0.336101
0.335718
0.335348
0.334993
0.334653
0.334329
0.334022
0.333733
0.333463
0.333213
0.332985
0.332779
0.332597
0.33244
0.33231
0.332207
0.332132
0.332088
0.332075
0.332096
0.332152
0.332247
0.332381
0.332557
0.332778
0.333045
0.333362
0.333731
0.334154
0.334633
0.335171
0.335769
0.33643
0.337155
0.337946
0.338803
0.339728
0.340721
0.341782
0.342911
0.344107
0.345368
0.346694
0.348083
0.349532
0.351039
0.352603
0.35422
0.355888
0.357604
0.359365
0.361172
0.363022
0.364916
0.366853
0.368834
0.370859
0.372931
0.375056
0.37723
0.379408
0.344127
0.343877
0.3436
0.343295
0.342961
0.342598
0.342206
0.341792
0.341359
0.340915
0.340464
0.340009
0.339555
0.339103
0.338656
0.338216
0.337784
0.337362
0.336951
0.336551
0.336165
0.335793
0.335436
0.335096
0.334772
0.334467
0.33418
0.333912
0.333665
0.33344
0.333238
0.33306
0.332907
0.332781
0.332684
0.332615
0.332578
0.332574
0.332603
0.332669
0.332774
0.332919
0.333106
0.333338
0.333617
0.333946
0.334326
0.33476
0.335251
0.3358
0.336409
0.337081
0.337816
0.338617
0.339484
0.340418
0.341421
0.342491
0.34363
0.344837
0.346111
0.347451
0.348856
0.350324
0.351854
0.353445
0.355095
0.356802
0.358564
0.360381
0.362252
0.364178
0.36616
0.368199
0.370297
0.372457
0.374686
0.376993
0.379341
0.381693
0.345416
0.345029
0.344639
0.34424
0.343829
0.343404
0.342962
0.342506
0.34204
0.341567
0.34109
0.340614
0.34014
0.339671
0.33921
0.338756
0.338313
0.337881
0.337461
0.337054
0.336661
0.336284
0.335923
0.335579
0.335253
0.334946
0.334658
0.334391
0.334146
0.333923
0.333724
0.33355
0.333402
0.333282
0.33319
0.333129
0.3331
0.333105
0.333144
0.333221
0.333337
0.333493
0.333693
0.333939
0.334231
0.334573
0.334967
0.335415
0.335919
0.336482
0.337105
0.33779
0.338538
0.339352
0.340233
0.34118
0.342196
0.343281
0.344435
0.345658
0.346949
0.348309
0.349737
0.351231
0.352791
0.354417
0.356108
0.357863
0.359681
0.361564
0.363511
0.365524
0.367607
0.369762
0.37199
0.374298
0.376698
0.379166
0.381649
0.384192
0.347179
0.346585
0.346021
0.345478
0.344947
0.344422
0.343899
0.343376
0.342854
0.342334
0.341818
0.341308
0.340805
0.340311
0.339827
0.339355
0.338895
0.338448
0.338015
0.337598
0.337197
0.336812
0.336445
0.336095
0.335765
0.335455
0.335166
0.334898
0.334654
0.334434
0.334238
0.334067
0.333924
0.33381
0.333725
0.333672
0.333652
0.333666
0.333716
0.333804
0.333933
0.334103
0.334317
0.334576
0.334883
0.33524
0.33565
0.336113
0.336634
0.337212
0.337851
0.338552
0.339317
0.340147
0.341043
0.342008
0.343041
0.344144
0.345316
0.346559
0.347873
0.349257
0.350713
0.352239
0.353836
0.355506
0.357246
0.359056
0.360937
0.362891
0.364919
0.367026
0.369218
0.3715
0.373865
0.376302
0.378814
0.381392
0.384048
0.386851
0.34946
0.348581
0.347775
0.347025
0.34632
0.34565
0.345008
0.344387
0.343783
0.343195
0.342622
0.342064
0.341521
0.340992
0.340479
0.339982
0.3395
0.339036
0.338588
0.338158
0.337746
0.337352
0.336978
0.336624
0.336291
0.335979
0.33569
0.335423
0.33518
0.33496
0.334767
0.334602
0.334464
0.334356
0.334279
0.334235
0.334224
0.334249
0.334311
0.334412
0.334555
0.33474
0.33497
0.335245
0.335568
0.335942
0.336368
0.336849
0.337386
0.337982
0.338638
0.339357
0.340139
0.340987
0.341902
0.342884
0.343937
0.345059
0.346252
0.347518
0.348856
0.350267
0.351753
0.353313
0.354951
0.35667
0.358466
0.360336
0.362281
0.364305
0.366411
0.3686
0.370875
0.37324
0.375697
0.378244
0.380877
0.383624
0.386529
0.389626
0.352095
0.350896
0.349815
0.348824
0.347908
0.347057
0.346261
0.345511
0.3448
0.344122
0.343473
0.342851
0.342255
0.341682
0.341131
0.340603
0.340096
0.33961
0.339145
0.3387
0.338276
0.337874
0.337495
0.337138
0.336803
0.336491
0.336202
0.335937
0.335695
0.335479
0.335291
0.335131
0.335001
0.334901
0.334832
0.334797
0.334797
0.334834
0.334908
0.335024
0.335182
0.335387
0.335636
0.335929
0.336269
0.336659
0.337101
0.337598
0.338151
0.338762
0.339434
0.340168
0.340966
0.34183
0.342761
0.343761
0.344831
0.345972
0.347185
0.348471
0.349832
0.351268
0.352781
0.35437
0.356038
0.357785
0.359614
0.361526
0.363523
0.365607
0.36778
0.370046
0.372402
0.374851
0.377411
0.380099
0.382925
0.385906
0.389068
0.392436
0.355282
0.35361
0.352134
0.350821
0.34964
0.348567
0.347585
0.346678
0.345836
0.345049
0.34431
0.343612
0.342953
0.342328
0.341734
0.34117
0.340634
0.340125
0.339641
0.339182
0.338747
0.338336
0.33795
0.337588
0.33725
0.336937
0.336648
0.336385
0.336148
0.335938
0.335756
0.335603
0.33548
0.335389
0.335329
0.335304
0.335314
0.335361
0.335446
0.335571
0.335737
0.335947
0.336202
0.336504
0.336855
0.337258
0.337713
0.338224
0.338791
0.339417
0.340103
0.340852
0.341665
0.342544
0.343491
0.344506
0.345592
0.34675
0.347981
0.349287
0.350669
0.352127
0.353664
0.35528
0.356975
0.358749
0.360608
0.362561
0.364609
0.366753
0.368998
0.371348
0.373807
0.376385
0.379095
0.38195
0.384965
0.388156
0.391547
0.395163
0.358838
0.356643
0.354726
0.353048
0.35156
0.350227
0.349024
0.347932
0.346932
0.34601
0.345157
0.344364
0.343625
0.342932
0.342283
0.341673
0.341098
0.340557
0.340047
0.339567
0.339115
0.338691
0.338294
0.337925
0.337582
0.337265
0.336975
0.336713
0.336477
0.33627
0.336092
0.335944
0.335827
0.335742
0.33569
0.335673
0.335691
0.335746
0.33584
0.335973
0.336146
0.33636
0.33662
0.336931
0.337294
0.337709
0.338177
0.338701
0.339282
0.339922
0.340622
0.341386
0.342213
0.343107
0.344069
0.3451
0.346202
0.347377
0.348625
0.34995
0.351352
0.352833
0.354395
0.356039
0.357768
0.359585
0.361493
0.363499
0.365605
0.367816
0.370137
0.372574
0.375136
0.377832
0.380675
0.38368
0.386864
0.390244
0.393844
0.397687
0.362265
0.359632
0.357332
0.355313
0.353521
0.351921
0.350489
0.349199
0.348031
0.346964
0.345987
0.345088
0.344258
0.34349
0.342777
0.342113
0.341494
0.340916
0.340375
0.33987
0.339398
0.338958
0.338548
0.338168
0.337817
0.337495
0.337202
0.336937
0.336702
0.336496
0.33632
0.336175
0.336062
0.335982
0.335936
0.335926
0.335951
0.336014
0.336117
0.336259
0.336444
0.336672
0.336947
0.337271
0.337646
0.338072
0.338552
0.339087
0.33968
0.340331
0.341044
0.341819
0.342658
0.343564
0.344539
0.345583
0.346699
0.347889
0.349154
0.350496
0.351917
0.353419
0.355005
0.356676
0.358437
0.36029
0.36224
0.364291
0.366449
0.36872
0.37111
0.373627
0.37628
0.379081
0.382043
0.385182
0.388515
0.392062
0.395845
0.399885
0.365315
0.362275
0.359616
0.357279
0.355208
0.353367
0.351727
0.350261
0.34894
0.347743
0.346655
0.345663
0.344755
0.343921
0.343153
0.342442
0.341785
0.341175
0.340609
0.340083
0.339594
0.339141
0.338721
0.338333
0.337976
0.33765
0.337354
0.337089
0.336854
0.336649
0.336476
0.336335
0.336226
0.336151
0.33611
0.336105
0.336137
0.336208
0.336317
0.336468
0.336661
0.336899
0.337183
0.337516
0.337899
0.338333
0.338822
0.339366
0.339967
0.340628
0.341349
0.342133
0.342982
0.343898
0.344882
0.345937
0.347065
0.348266
0.349544
0.3509
0.352336
0.353856
0.355461
0.357156
0.358942
0.360826
0.36281
0.3649
0.367103
0.369425
0.371874
0.374459
0.377189
0.380078
0.383139
0.386387
0.389843
0.393525
0.397457
0.401659
0.368002
0.364605
0.361634
0.359021
0.356709
0.354665
0.35286
0.351247
0.349784
0.348458
0.34726
0.346175
0.345188
0.344288
0.343466
0.342711
0.342017
0.341376
0.340784
0.340236
0.339728
0.339259
0.338827
0.338429
0.338065
0.337733
0.337433
0.337164
0.336927
0.336722
0.336548
0.336408
0.3363
0.336227
0.336188
0.336186
0.336221
0.336295
0.336408
0.336563
0.336761
0.337003
0.337292
0.337629
0.338016
0.338455
0.338948
0.339496
0.340102
0.340766
0.341492
0.34228
0.343132
0.344052
0.345042
0.346103
0.347236
0.348444
0.349729
0.351093
0.352539
0.35407
0.355688
0.357397
0.359201
0.361105
0.363113
0.365232
0.367467
0.369826
0.372318
0.374952
0.377738
0.380689
0.38382
0.387145
0.39069
0.394475
0.398522
0.402847
0.36982
0.366189
0.36298
0.360152
0.35765
0.355435
0.353518
0.351838
0.350295
0.348882
0.347605
0.346452
0.345409
0.344462
0.3436
0.342814
0.342096
0.341435
0.340827
0.340266
0.339748
0.33927
0.33883
0.338426
0.338057
0.337721
0.337419
0.337148
0.336911
0.336705
0.336532
0.336391
0.336285
0.336213
0.336176
0.336176
0.336213
0.336289
0.336405
0.336563
0.336763
0.337009
0.337301
0.337641
0.338031
0.338472
0.338967
0.339518
0.340126
0.340792
0.34152
0.342309
0.343162
0.344083
0.345078
0.346145
0.347283
0.348495
0.349785
0.351154
0.352606
0.354144
0.355771
0.35749
0.359306
0.361223
0.363247
0.365384
0.367641
0.370025
0.372546
0.375213
0.378036
0.381028
0.384202
0.387567
0.391157
0.395005
0.399128
0.403555
0.371359
0.367607
0.364213
0.361199
0.358549
0.356215
0.354157
0.352333
0.350698
0.349226
0.347905
0.346719
0.345649
0.344678
0.343793
0.342983
0.34224
0.341557
0.340928
0.340351
0.33982
0.339333
0.338885
0.338473
0.338097
0.337756
0.337448
0.337173
0.33693
0.336721
0.336545
0.336401
0.336292
0.336218
0.336179
0.336176
0.336211
0.336285
0.336399
0.336554
0.336753
0.336997
0.337287
0.337625
0.338014
0.338454
0.338947
0.339496
0.340103
0.340768
0.341494
0.342283
0.343138
0.344061
0.345053
0.346116
0.347251
0.348461
0.349748
0.351115
0.352565
0.354102
0.355727
0.357447
0.359263
0.361183
0.36321
0.365351
0.367614
0.370005
0.372535
0.375212
0.378049
0.381059
0.384255
0.387656
0.391281
0.395151
0.399279
0.403673
0.330983
0.324485
0.316545
0.340815
0.346094
0.356907
0.361103
0.370025
0.381072
0.372624
0.378059
0.384083
0.376673
0.380307
0.384175
0.378314
0.381312
0.384312
0.378757
0.381229
0.383667
0.378528
0.380602
0.382643
0.37795
0.379778
0.381587
0.377284
0.378973
0.380639
0.376663
0.378219
0.379695
0.376031
0.377429
0.378769
0.37541
0.376735
0.378043
0.374948
0.376267
0.377586
0.374745
0.376094
0.377459
0.374861
0.376271
0.377714
0.37535
0.376846
0.378396
0.376252
0.377856
0.379539
0.377583
0.379318
0.381158
0.379337
0.381225
0.383247
0.381486
0.383552
0.385779
0.38397
0.386247
0.388703
0.386715
0.389237
0.391945
0.389654
0.392439
0.395414
0.392711
0.395759
0.399006
0.395786
0.399091
0.402603
0.398761
0.402307
0.40607
0.401511
0.405278
0.409269
0.403906
0.407864
0.412055
0.405844
0.409961
0.414315
0.407151
0.411381
0.415854
0.407988
0.412301
0.416795
0.408181
0.412668
0.417296
0.456003
0.455621
0.45435
0.451659
0.448056
0.444401
0.441351
0.439308
0.438467
0.438861
0.440396
0.442952
0.446439
0.45069
0.455467
0.460378
0.464992
0.469284
0.473006
0.475198
0.474857
0.469616
0.453859
0.411517
0.327306
0.45635
0.455452
0.453432
0.450115
0.446327
0.442721
0.439756
0.43771
0.436713
0.436783
0.437849
0.439812
0.442512
0.445839
0.449612
0.453529
0.457233
0.460669
0.463661
0.465244
0.463786
0.457534
0.443851
0.416858
0.374862
0.455129
0.453033
0.450169
0.44683
0.443432
0.440329
0.437798
0.436013
0.435061
0.434949
0.435631
0.437041
0.439074
0.441625
0.444551
0.447592
0.450388
0.452809
0.45469
0.455413
0.453768
0.448256
0.437051
0.417546
0.387509
0.450771
0.44816
0.445409
0.442599
0.439764
0.437163
0.435024
0.433483
0.43261
0.432416
0.432873
0.433934
0.435538
0.437622
0.440047
0.442452
0.444626
0.446536
0.447944
0.448175
0.446297
0.441298
0.432058
0.417457
0.396886
0.444235
0.441625
0.439454
0.437464
0.435335
0.433301
0.431614
0.430393
0.429698
0.429543
0.429912
0.430781
0.43212
0.433876
0.435805
0.43767
0.439385
0.440787
0.441616
0.441349
0.439366
0.43501
0.427607
0.416601
0.401801
0.432331
0.431582
0.431484
0.431027
0.430125
0.428988
0.427865
0.427015
0.426549
0.4265
0.426858
0.427615
0.428748
0.430193
0.431773
0.433295
0.434589
0.43558
0.436016
0.435527
0.433683
0.430039
0.424182
0.415839
0.405032
0.411999
0.418752
0.421753
0.423316
0.424
0.424149
0.423918
0.423547
0.423323
0.423403
0.423786
0.424478
0.42547
0.426716
0.428117
0.429399
0.43039
0.431088
0.431308
0.430767
0.429158
0.426188
0.421614
0.415304
0.40732
0.366235
0.398238
0.409051
0.414381
0.417037
0.418548
0.419432
0.419855
0.42006
0.420288
0.4207
0.421387
0.422375
0.423597
0.424836
0.42585
0.426636
0.427177
0.42732
0.426848
0.425551
0.423242
0.419776
0.415089
0.409245
0.377433
0.393095
0.402029
0.407868
0.411279
0.413395
0.414832
0.415862
0.416593
0.417162
0.41778
0.418576
0.419603
0.420737
0.421752
0.422585
0.423276
0.423777
0.423953
0.42365
0.422728
0.421065
0.418573
0.415222
0.411061
0.390153
0.395758
0.400697
0.404504
0.407267
0.409316
0.410882
0.412105
0.413099
0.414
0.414915
0.415897
0.416928
0.417909
0.418785
0.419573
0.420276
0.420831
0.421136
0.421085
0.420582
0.419547
0.417924
0.415697
0.4129
0.389832
0.394396
0.398224
0.401239
0.403662
0.405645
0.407261
0.408594
0.409753
0.410841
0.411915
0.412981
0.414011
0.414976
0.415884
0.416751
0.417562
0.418266
0.418792
0.419069
0.419028
0.418615
0.417793
0.416551
0.414908
0.388217
0.392066
0.395323
0.398019
0.400275
0.402172
0.403767
0.405147
0.406403
0.407604
0.408776
0.409912
0.411006
0.412067
0.41311
0.414143
0.415148
0.41609
0.416921
0.417592
0.418053
0.418265
0.418201
0.417848
0.417213
0.38737
0.390355
0.392992
0.395286
0.397267
0.398971
0.40046
0.401819
0.403121
0.404402
0.405661
0.406895
0.408118
0.409352
0.410607
0.411877
0.413145
0.414397
0.415602
0.416719
0.417711
0.41855
0.419211
0.419677
0.419949
0.386161
0.388615
0.390841
0.392826
0.394571
0.396099
0.397478
0.398794
0.400109
0.401445
0.402806
0.404188
0.405601
0.407065
0.408589
0.41015
0.411741
0.413363
0.414993
0.416589
0.418121
0.419573
0.420925
0.422155
0.423251
0.384766
0.386901
0.388875
0.390633
0.392178
0.393588
0.394946
0.396288
0.39764
0.399031
0.400488
0.402026
0.403647
0.405364
0.407193
0.409124
0.411128
0.413183
0.415271
0.417359
0.419426
0.421473
0.423479
0.425413
0.427257
0.383491
0.385396
0.38711
0.388652
0.390091
0.391492
0.392877
0.394274
0.395714
0.397228
0.398837
0.400557
0.4024
0.404384
0.406523
0.408823
0.411252
0.413764
0.416345
0.418982
0.421647
0.42431
0.426946
0.429536
0.432061
0.382327
0.383971
0.38549
0.386949
0.388372
0.389787
0.391221
0.392708
0.394278
0.395958
0.39777
0.399732
0.401858
0.404159
0.406639
0.409296
0.412111
0.415066
0.418148
0.421345
0.424618
0.427909
0.431189
0.434443
0.437653
0.381173
0.382673
0.384138
0.385578
0.387018
0.388486
0.390014
0.391632
0.39337
0.395253
0.397303
0.399539
0.401972
0.404614
0.407465
0.410521
0.413772
0.417199
0.420786
0.424508
0.428332
0.432222
0.436144
0.440069
0.443966
0.380175
0.381641
0.383098
0.384564
0.386066
0.387634
0.389299
0.391088
0.393032
0.395154
0.397476
0.400016
0.402786
0.405793
0.40904
0.412522
0.416227
0.420141
0.424242
0.428503
0.432893
0.437375
0.441913
0.44647
0.451007
0.379435
0.380914
0.382412
0.383953
0.385565
0.387277
0.389119
0.391119
0.393306
0.395703
0.39833
0.401205
0.40434
0.40774
0.411407
0.415336
0.419516
0.42393
0.428554
0.433361
0.438318
0.443386
0.448526
0.453695
0.45885
0.379009
0.380547
0.382133
0.383795
0.385559
0.387457
0.389516
0.391765
0.394231
0.396936
0.399902
0.403143
0.40667
0.410489
0.4146
0.418998
0.423669
0.428595
0.433752
0.43911
0.444634
0.450283
0.456014
0.461781
0.467537
0.378951
0.380592
0.382309
0.384133
0.386092
0.388213
0.390527
0.393061
0.39584
0.398888
0.402222
0.405857
0.409804
0.414067
0.418643
0.423527
0.428705
0.434155
0.439853
0.445766
0.451856
0.458081
0.464395
0.470749
0.477092
0.379313
0.381094
0.382983
0.385007
0.387196
0.389579
0.392182
0.395034
0.398159
0.401579
0.40531
0.409367
0.413757
0.418484
0.423546
0.428932
0.434629
0.440613
0.446857
0.453326
0.459982
0.466778
0.473668
0.480599
0.487519
0.380133
0.38209
0.384184
0.386445
0.388899
0.391575
0.3945
0.397701
0.401201
0.405019
0.409173
0.413674
0.41853
0.42374
0.429302
0.435204
0.441429
0.447953
0.454746
0.461772
0.468989
0.476352
0.48381
0.491309
0.498796
0.381442
0.383606
0.385937
0.388464
0.391213
0.394212
0.397488
0.401065
0.404964
0.409206
0.413804
0.418769
0.424106
0.429815
0.435889
0.442315
0.449074
0.456141
0.463483
0.471063
0.478837
0.486758
0.494775
0.502834
0.510879
0.383254
0.385653
0.388249
0.39107
0.394141
0.397488
0.401138
0.405113
0.409433
0.414117
0.419176
0.42462
0.430452
0.436668
0.443261
0.450216
0.457512
0.465121
0.473008
0.481136
0.489458
0.497929
0.506495
0.515103
0.523699
0.385562
0.388222
0.391108
0.394247
0.397662
0.40138
0.405423
0.409814
0.414572
0.419711
0.425244
0.431176
0.437509
0.444239
0.451354
0.458838
0.466667
0.474812
0.483238
0.491903
0.500764
0.509771
0.518874
0.528022
0.537162
0.388337
0.391282
0.39448
0.397958
0.401737
0.405841
0.410293
0.415113
0.420319
0.425923
0.431935
0.43836
0.445197
0.452439
0.460073
0.468081
0.476437
0.48511
0.494063
0.503255
0.512639
0.522169
0.531796
0.541468
0.551135
0.391526
0.394777
0.398307
0.40214
0.406297
0.4108
0.41567
0.420927
0.426585
0.432657
0.43915
0.446067
0.453405
0.461154
0.469301
0.477824
0.486696
0.495885
0.505352
0.515054
0.524947
0.534985
0.545118
0.55529
0.565451
0.395052
0.398627
0.402503
0.406703
0.411246
0.416154
0.421447
0.427142
0.433253
0.43979
0.44676
0.454162
0.461992
0.47024
0.478888
0.487914
0.49729
0.506981
0.516947
0.527146
0.537534
0.548061
0.558669
0.569319
0.579958
0.398819
0.402729
0.406959
0.41153
0.416462
0.421774
0.427487
0.433616
0.440173
0.447168
0.454604
0.462481
0.470792
0.479524
0.48866
0.498175
0.50804
0.518218
0.528671
0.539354
0.550211
0.561197
0.572278
0.583389
0.594427
0.402713
0.406959
0.411541
0.416481
0.421796
0.427506
0.433629
0.440181
0.447172
0.454611
0.462499
0.470835
0.47961
0.488811
0.498418
0.508406
0.518744
0.529398
0.540319
0.551457
0.562773
0.574227
0.585752
0.597252
0.608634
0.406604
0.411177
0.416101
0.421398
0.427083
0.433175
0.439692
0.446648
0.454055
0.461917
0.470238
0.479012
0.488232
0.497881
0.507939
0.51838
0.529176
0.540279
0.551647
0.56325
0.575036
0.586934
0.598864
0.610728
0.622421
0.41035
0.415231
0.420478
0.426111
0.432142
0.438593
0.445479
0.452815
0.460611
0.468872
0.477599
0.486787
0.496427
0.506501
0.516985
0.527852
0.539078
0.550631
0.562469
0.574541
0.586786
0.599122
0.611446
0.623647
0.635619
0.413802
0.418964
0.424505
0.430443
0.43679
0.443566
0.450788
0.45847
0.466622
0.475249
0.484352
0.493925
0.503958
0.514432
0.525319
0.536601
0.548265
0.560279
0.572594
0.585145
0.59785
0.610607
0.623306
0.63583
0.648068
0.416808
0.422215
0.428013
0.434218
0.440841
0.447901
0.455417
0.463404
0.471872
0.480825
0.490267
0.500192
0.510592
0.521448
0.532735
0.544435
0.556541
0.569029
0.581829
0.594849
0.607995
0.621161
0.634233
0.647084
0.659584
0.419245
0.424847
0.430853
0.437274
0.444123
0.451418
0.459179
0.46742
0.476152
0.485383
0.495116
0.50535
0.516078
0.527288
0.538962
0.551078
0.563615
0.576539
0.589785
0.603261
0.616857
0.630458
0.643935
0.657144
0.66993
0.42093
0.426706
0.432877
0.439449
0.446454
0.453922
0.46187
0.47031
0.479253
0.488709
0.498683
0.509177
0.520187
0.531705
0.543716
0.5562
0.569132
0.582464
0.596132
0.610048
0.624104
0.638174
0.652113
0.665753
0.678902
0.421915
0.427838
0.434196
0.440898
0.44801
0.455593
0.463671
0.472254
0.481352
0.490976
0.501133
0.511828
0.523059
0.534819
0.547094
0.559864
0.573098
0.58675
0.600759
0.615041
0.629486
0.643967
0.65833
0.672389
0.685912
0.422383
0.428146
0.434461
0.441227
0.448414
0.456059
0.464195
0.472839
0.482004
0.491701
0.501939
0.512722
0.52405
0.535917
0.54831
0.561207
0.574577
0.588373
0.602534
0.616976
0.631596
0.646268
0.66084
0.675133
0.688937
-0.000149409
-0.00149827
-0.00184978
-0.00248146
-0.00279857
-0.00299638
-0.00316555
-0.0033771
-0.00359106
-0.0041179
-0.00476837
-0.00644911
-0.0059317
-0.00623537
-0.00661388
-0.00696033
-0.00727455
-0.00766583
-0.00818364
-0.00905721
-0.00803294
-0.010321
-0.0104551
-0.011244
-0.0119199
-0.0124961
-0.0129996
-0.0135574
-0.0141518
-0.0147153
-0.012779
-0.015283
-0.0155873
-0.0166606
-0.0175047
-0.0181992
-0.0187818
-0.0193912
-0.0200158
-0.0206046
-0.0186047
-0.0212842
-0.021679
-0.022938
-0.0238252
-0.0245087
-0.0250573
-0.0256202
-0.0262185
-0.0267825
-0.025927
-0.0286859
-0.0289696
-0.0301926
-0.0309198
-0.0313982
-0.031753
-0.0321407
-0.0326363
-0.0331586
-0.0348155
-0.0376003
-0.0376165
-0.0385218
-0.0388512
-0.038897
-0.0388657
-0.0389181
-0.0392047
-0.0396245
-0.0453499
-0.0480684
-0.047665
-0.0479366
-0.0476207
-0.0469663
-0.0463043
-0.0458125
-0.045748
-0.0459832
-0.0581739
-0.0604371
-0.0594082
-0.058712
-0.0573182
-0.0555488
-0.0539141
-0.0526086
-0.05201
-0.0519352
-0.0742251
-0.0758767
-0.0736151
-0.0710916
-0.0679072
-0.0644283
-0.0613709
-0.0589243
-0.0575676
-0.0570028
-0.0944246
-0.0954823
-0.090849
-0.084957
-0.0789968
-0.0731027
-0.0680932
-0.0640919
-0.0616812
-0.0604468
-0.118666
-0.118839
-0.110174
-0.0996287
-0.0898306
-0.0807597
-0.0732403
-0.0671871
-0.0632846
-0.0613575
-0.144404
-0.143957
-0.13034
-0.113642
-0.0990903
-0.0861553
-0.075678
-0.0673349
-0.0619556
-0.0589406
-0.169177
-0.167756
-0.148337
-0.124338
-0.104629
-0.0875058
-0.0738542
-0.0632022
-0.0563096
-0.0519662
-0.190031
-0.187422
-0.160505
-0.12827
-0.103686
-0.0827411
-0.066135
-0.0533024
-0.0447591
-0.0392968
-0.20485
-0.201002
-0.163632
-0.122956
-0.0944077
-0.0704063
-0.0513608
-0.0367432
-0.0268762
-0.0203181
-0.215232
-0.209817
-0.157491
-0.110001
-0.0771213
-0.0498747
-0.0287253
-0.0128243
-0.00200502
0.00543667
-0.227479
-0.216714
-0.140775
-0.0859637
-0.0495176
-0.0192914
0.00311264
0.0191379
0.0300307
0.037833
-0.261909
-0.206954
-0.0998798
-0.0388451
-0.00355777
0.0254158
0.0456943
0.0592137
0.0685104
0.0757182
-0.304387
-0.140112
0.00334839
0.0483638
0.0664236
0.0837233
0.096422
0.104881
0.111163
0.116839
0.1183
0.100825
0.142038
0.144625
0.141188
0.143975
0.147927
0.151073
0.154152
0.158097
0.297986
0.23868
0.220156
0.210586
0.202018
0.197192
0.195112
0.194236
0.19481
0.197282
0.344425
0.303488
0.279495
0.26384
0.251334
0.242405
0.236651
0.233108
0.231982
0.233296
0.370454
0.34229
0.319392
0.302326
0.289081
0.278985
0.271702
0.266867
0.264836
0.265374
0.383422
0.363503
0.345458
0.330406
0.318075
0.308267
0.300768
0.295623
0.293277
0.293357
0.391915
0.377475
0.363526
0.351065
0.340423
0.331665
0.324699
0.319903
0.31766
0.317518
0.397735
0.387102
0.376514
0.366649
0.35792
0.350501
0.34445
0.34039
0.338513
0.338346
0.402273
0.39449
0.38658
0.379011
0.372138
0.366122
0.36121
0.358045
0.356598
0.356482
0.406097
0.400519
0.394772
0.389178
0.383981
0.379335
0.375661
0.373405
0.372351
0.372329
0.409534
0.405709
0.401719
0.397778
0.394031
0.390682
0.388203
0.386786
0.386103
0.386232
0.412863
0.410484
0.407958
0.405405
0.40292
0.400816
0.399411
0.398686
0.398371
0.39868
0.416303
0.415155
0.413869
0.412495
0.411162
0.410214
0.409721
0.40957
0.409607
0.410108
0.420039
0.419961
0.419735
0.419398
0.419169
0.419235
0.419469
0.419824
0.420191
0.420885
0.424236
0.425094
0.425801
0.426453
0.427238
0.428124
0.428947
0.429764
0.430437
0.431323
0.42904
0.430734
0.432322
0.433919
0.435541
0.437067
0.43841
0.439645
0.440602
0.441679
0.43457
0.437057
0.439494
0.44189
0.444165
0.446236
0.448055
0.449678
0.450902
0.45217
0.440884
0.444131
0.447302
0.450342
0.453184
0.455772
0.458041
0.460031
0.461511
0.462974
0.447904
0.451849
0.455667
0.459307
0.462707
0.4658
0.468503
0.470847
0.472578
0.474241
0.455604
0.46021
0.464661
0.468896
0.472844
0.47643
0.479557
0.482247
0.484224
0.486093
0.464078
0.46932
0.474383
0.479198
0.483684
0.487753
0.491296
0.494324
0.496546
0.498628
0.473377
0.479236
0.484896
0.490279
0.495292
0.499837
0.503789
0.507151
0.509614
0.511917
0.483531
0.489993
0.496239
0.502179
0.507712
0.512725
0.517081
0.52077
0.523475
0.526003
0.494545
0.5016
0.508422
0.514912
0.520957
0.526432
0.531185
0.535199
0.538143
0.540904
0.5064
0.514039
0.521429
0.528462
0.535011
0.54094
0.546087
0.550422
0.553607
0.556606
0.519053
0.527269
0.535222
0.542789
0.549831
0.556205
0.561741
0.566394
0.56982
0.573065
0.532439
0.541229
0.54974
0.557829
0.565345
0.572147
0.578064
0.583034
0.586703
0.5902
0.546462
0.555819
0.56487
0.573458
0.581424
0.588636
0.594928
0.600217
0.604138
0.607896
0.56097
0.57086
0.580416
0.58946
0.59785
0.605469
0.612149
0.617774
0.621963
0.625992
0.57579
0.58616
0.59614
0.605587
0.614391
0.622426
0.629512
0.635494
0.639971
0.64428
0.590737
0.601489
0.611831
0.621656
0.630861
0.639305
0.646803
0.653142
0.657921
0.662503
0.605556
0.616649
0.627325
0.637491
0.647047
0.655855
0.66374
0.670435
0.675533
0.680357
0.620079
0.631466
0.642417
0.652851
0.662676
0.671761
0.67995
0.686966
0.692401
0.69741
0.634136
0.645756
0.656903
0.667499
0.677459
0.68667
0.695005
0.702202
0.707875
0.712889
0.647564
0.659356
0.670602
0.681222
0.691135
0.700252
0.708484
0.715579
0.72116
0.725733
0.660213
0.672113
0.683349
0.693823
0.703453
0.712185
0.719982
0.726597
0.731649
0.73538
0.671903
0.68385
0.694961
0.705094
0.714151
0.722129
0.729043
0.734696
0.738845
0.741807
0.68243
0.694393
0.705297
0.714933
0.723183
0.730032
0.735471
0.739443
0.742106
0.744004
0.691651
0.703667
0.714362
0.72348
0.730889
0.736313
0.739623
0.741273
0.742195
0.743116
0.69893
0.711076
0.721685
0.730396
0.736871
0.740476
0.741554
0.741485
0.741541
0.742028
0.702214
0.714635
0.725474
0.733916
0.739105
0.741092
0.741435
0.741476
0.741603
0.741859
)
;

boundaryField
{
    inlet
    {
        type            zeroGradient;
    }
    outlet
    {
        type            fixedValue;
        value           uniform 0;
    }
    walls
    {
        type            zeroGradient;
    }
    baffle
    {
        type            zeroGradient;
    }
    front
    {
        type            empty;
    }
    back
    {
        type            empty;
    }
}


// ************************************************************************* //
