/*--------------------------------*- C++ -*----------------------------------*\
| =========                 |                                                 |
| \\      /  F ield         | OpenFOAM: The Open Source CFD Toolbox           |
|  \\    /   O peration     | Version:  v2012                                 |
|   \\  /    A nd           | Website:  www.openfoam.com                      |
|    \\/     M anipulation  |                                                 |
\*---------------------------------------------------------------------------*/
FoamFile
{
    version     2.0;
    format      ascii;
    class       volScalarField;
    location    "617";
    object      age;
}
// * * * * * * * * * * * * * * * * * * * * * * * * * * * * * * * * * * * * * //

dimensions      [0 0 1 0 0 0 0];


internalField   nonuniform List<scalar> 
6057
(
0.489336
0.464186
0.439035
0.413885
0.38874
0.363598
0.338463
0.313334
0.288213
0.263099
0.237994
0.212897
0.187809
0.162732
0.137664
0.112608
0.0875634
0.0625308
0.0375105
0.0125019
0.487428
0.462448
0.437461
0.412469
0.387474
0.362477
0.337478
0.312478
0.287478
0.262478
0.237478
0.212479
0.187479
0.162481
0.137483
0.112486
0.0874893
0.0624932
0.037497
0.0124996
0.486951
0.462015
0.437072
0.412122
0.387167
0.362208
0.337245
0.31228
0.287312
0.262342
0.237369
0.212394
0.187417
0.162437
0.137455
0.11247
0.0874824
0.0624914
0.0374972
0.0124997
0.486774
0.461855
0.436927
0.411993
0.387054
0.36211
0.337162
0.31221
0.287255
0.262296
0.237334
0.212369
0.187399
0.162426
0.137449
0.112468
0.0874822
0.0624921
0.0374977
0.0124998
0.486719
0.461803
0.43688
0.41195
0.387015
0.362076
0.337133
0.312186
0.287235
0.262281
0.237323
0.212361
0.187394
0.162424
0.137448
0.112468
0.0874827
0.0624925
0.0374979
0.0124998
0.486742
0.46182
0.436891
0.411958
0.38702
0.362079
0.337135
0.312187
0.287236
0.262282
0.237323
0.212361
0.187395
0.162424
0.137448
0.112468
0.0874827
0.0624925
0.0374979
0.0124998
0.486843
0.461905
0.436962
0.412017
0.38707
0.362121
0.337169
0.312215
0.287258
0.262298
0.237336
0.21237
0.1874
0.162427
0.137449
0.112468
0.0874823
0.0624921
0.0374977
0.0124998
0.487068
0.462096
0.437128
0.41216
0.387192
0.362225
0.337256
0.312287
0.287317
0.262345
0.237371
0.212396
0.187418
0.162438
0.137455
0.11247
0.0874825
0.0624915
0.0374972
0.0124997
0.487592
0.462569
0.437538
0.412521
0.387508
0.362499
0.337492
0.312488
0.287484
0.262482
0.237481
0.21248
0.18748
0.162481
0.137483
0.112486
0.0874894
0.0624932
0.037497
0.0124996
0.485532
0.465295
0.438909
0.414003
0.388769
0.363629
0.33848
0.313346
0.28822
0.263104
0.237996
0.212898
0.18781
0.162732
0.137665
0.112608
0.0875634
0.0625308
0.0375105
0.0125019
1.0241
0.996074
0.968728
0.94194
0.91561
0.889651
0.863989
0.838564
0.81332
0.788215
0.763209
0.738272
0.713379
0.68851
0.663651
0.638792
0.613926
0.589051
0.564164
0.539268
0.514365
1.01622
0.988651
0.961733
0.93535
0.909402
0.883806
0.85849
0.833393
0.808462
0.783653
0.75893
0.734262
0.709624
0.684998
0.660371
0.635732
0.611077
0.586403
0.561711
0.537003
0.512281
1.01268
0.985518
0.958949
0.93287
0.907186
0.881819
0.856703
0.83178
0.807002
0.782327
0.757721
0.733156
0.70861
0.684066
0.659511
0.634939
0.610346
0.585728
0.56109
0.536431
0.511757
1.01105
0.984058
0.95764
0.931691
0.906124
0.880863
0.855843
0.831008
0.806311
0.781711
0.757174
0.732671
0.70818
0.683684
0.659171
0.634634
0.610069
0.585477
0.560859
0.53622
0.511563
1.00996
0.983076
0.956759
0.930905
0.905427
0.88025
0.855309
0.830549
0.80592
0.781383
0.756902
0.732449
0.708001
0.68354
0.659055
0.634539
0.609989
0.585406
0.560794
0.536159
0.511505
1.00928
0.982507
0.956284
0.930514
0.90511
0.879997
0.855112
0.830401
0.805816
0.781317
0.75687
0.732446
0.708022
0.68358
0.659107
0.634596
0.610047
0.58546
0.560841
0.536197
0.511535
1.0094
0.982767
0.956645
0.93094
0.905569
0.880465
0.855572
0.83084
0.806227
0.781696
0.757216
0.732763
0.708313
0.683848
0.659357
0.634827
0.610257
0.585648
0.561004
0.536336
0.511653
1.01191
0.985217
0.958989
0.933147
0.907618
0.88234
0.857261
0.832334
0.807514
0.782771
0.758084
0.733433
0.708807
0.684211
0.659669
0.635123
0.610555
0.585948
0.561299
0.536613
0.511904
1.01053
0.984599
0.959456
0.934895
0.910722
0.88686
0.863206
0.83893
0.81419
0.789059
0.763739
0.738626
0.713388
0.688085
0.662762
0.637524
0.612365
0.587291
0.562296
0.537372
0.512519
1.04837
1.03376
1.02043
1.00736
0.993513
0.977952
0.959943
0.93907
0.915198
0.888445
0.859199
0.827949
0.795243
0.761657
0.727747
0.693962
0.660537
0.627613
0.595271
0.563409
0.531901
10.5904
11.0499
11.5532
12.7026
3.5614
1.91687
1.69932
1.5705
1.48279
1.414
1.35662
1.30673
1.26215
1.22153
1.18394
1.14874
1.11546
1.08372
1.05324
9.71977
10.8771
11.3023
7.17454
2.29372
1.77987
1.63841
1.53305
1.45635
1.39321
1.33932
1.29176
1.24885
1.20949
1.17289
1.13851
1.10592
1.07479
1.04487
9.31537
10.7251
8.08503
3.48957
1.91906
1.70245
1.59275
1.50444
1.43578
1.37734
1.32651
1.28109
1.23979
1.20168
1.16612
1.1326
1.10074
1.07024
1.04086
8.55387
8.19364
4.54653
2.10932
1.805
1.65774
1.56407
1.48609
1.42255
1.36744
1.31883
1.27499
1.23485
1.19762
1.16273
1.12974
1.0983
1.06813
1.03901
7.25886
5.61002
2.76584
1.8938
1.74872
1.63123
1.54613
1.47446
1.41426
1.36143
1.31431
1.27148
1.23205
1.19531
1.16078
1.12804
1.09679
1.06679
1.03781
6.13821
3.84809
2.12357
1.83899
1.7183
1.61434
1.53461
1.46694
1.40898
1.35767
1.3115
1.2693
1.23026
1.19379
1.15944
1.12686
1.09575
1.06587
1.03702
5.32393
2.92056
1.98057
1.81352
1.69952
1.60322
1.52722
1.46224
1.40582
1.35543
1.30972
1.26774
1.22885
1.19255
1.15841
1.12607
1.09522
1.06559
1.03695
4.70189
2.45998
1.9364
1.79913
1.68711
1.59604
1.5225
1.45896
1.40305
1.35284
1.30745
1.26616
1.22824
1.19291
1.15957
1.12782
1.09737
1.06798
1.03945
4.24684
2.27365
1.91504
1.7897
1.67895
1.59149
1.51937
1.45691
1.40243
1.35453
1.31173
1.27199
1.2336
1.19622
1.16084
1.12763
1.09617
1.06627
1.03771
3.92272
2.19294
1.90458
1.78325
1.67388
1.58891
1.5181
1.45726
1.40388
1.35425
1.30463
1.25425
1.20799
1.17553
1.15137
1.12785
1.10588
1.08523
1.06544
14.7082
22.7027
31.8109
41.5356
51.3003
60.5953
69.0094
76.2524
82.1608
86.6873
89.8633
92.178
93.7009
94.5817
95.0581
95.3711
95.5728
95.7366
96.1469
96.3968
94.6384
62.164
77.1702
89.8761
100.066
107.505
112.411
115.187
116.426
116.633
116.436
116.028
115.404
114.661
113.901
113.199
112.605
112.153
111.882
111.717
111.603
111.543
107.5
117.622
124.004
127.581
129.291
129.911
129.921
129.527
128.643
127.107
125.12
122.819
120.38
117.985
115.803
113.976
112.62
111.777
111.365
111.205
111.126
135.521
141.181
145.1
147.955
149.927
150.906
150.757
149.454
147.122
143.886
139.9
135.366
130.532
125.686
121.146
117.237
114.249
112.343
111.419
111.093
110.983
157.665
163.924
169.093
172.92
175.204
175.9
175.067
172.795
169.164
164.286
158.316
151.467
144.026
136.36
128.932
122.281
116.962
113.394
111.606
111.018
110.814
182.079
189.929
196.019
200.208
202.508
202.959
201.594
198.461
193.627
187.196
179.318
170.203
160.144
149.55
138.979
129.159
120.945
115.115
112.008
111.012
110.694
208.466
217.287
223.978
228.548
230.988
231.274
229.409
225.433
219.416
211.468
201.743
190.451
177.883
164.449
150.741
137.607
126.156
117.578
112.67
111.058
110.607
235.404
245.155
252.623
257.726
260.374
260.505
258.115
253.248
245.989
236.476
224.888
211.455
196.472
180.339
163.636
147.241
132.427
120.765
113.639
111.152
110.53
262.62
273.57
282.015
287.761
290.66
290.627
287.649
281.786
273.161
261.958
248.407
232.784
215.407
196.676
177.141
157.648
139.515
124.602
114.919
111.293
110.459
290.283
302.693
312.289
318.792
321.994
321.772
318.113
311.106
300.932
287.848
272.165
254.226
234.4
213.102
190.858
168.448
147.15
128.971
116.495
111.478
110.396
318.565
332.682
343.634
351.037
354.6
354.153
349.688
341.339
329.374
314.159
296.114
275.679
253.291
229.397
204.508
179.339
155.068
133.724
118.336
111.704
110.337
347.602
363.716
376.273
384.749
388.74
388.019
382.585
372.647
358.591
340.932
320.242
297.085
271.983
245.423
217.911
190.099
163.049
138.709
120.394
111.963
110.283
377.522
395.976
410.433
420.182
424.674
423.614
417.016
405.187
388.681
368.211
344.541
318.397
290.403
261.087
230.945
200.572
170.916
143.786
122.615
112.249
110.233
408.435
429.619
446.307
457.55
462.621
461.136
453.141
439.077
419.711
396.012
368.989
339.562
308.48
276.31
243.523
210.653
178.54
148.833
124.941
112.555
110.186
440.408
464.744
484.019
496.994
502.718
500.706
491.046
474.358
451.684
424.308
393.535
360.518
326.143
291.02
255.578
220.266
185.827
153.749
127.316
112.874
110.142
473.446
501.373
523.609
538.559
545.006
542.339
530.714
510.979
484.523
453.009
418.089
381.177
343.313
305.147
267.048
229.358
192.709
158.454
129.687
113.197
110.099
507.476
539.438
565.012
582.185
589.411
585.938
572.015
548.783
518.056
481.95
442.507
401.423
359.899
318.619
277.879
237.884
199.141
162.886
132.006
113.519
110.059
542.342
578.77
608.058
627.693
635.739
631.281
614.696
587.496
552.015
510.889
466.591
421.108
375.795
331.361
288.017
245.807
205.089
167
134.229
113.831
110.02
577.804
619.101
652.458
674.776
683.66
678.009
658.372
626.731
586.034
539.512
490.093
440.053
390.88
343.294
297.41
253.092
210.527
170.761
136.318
114.128
109.983
613.535
660.053
697.794
722.988
732.699
725.615
702.519
665.972
619.651
567.434
512.72
458.051
405.019
354.336
306.007
259.709
215.436
174.144
138.241
114.403
109.946
649.117
701.133
743.515
771.733
782.222
773.434
746.462
704.585
652.313
594.213
534.14
474.872
418.069
364.401
313.757
265.626
219.796
177.131
139.969
114.651
109.911
684.024
741.715
788.917
820.247
831.42
820.627
789.375
741.813
683.389
619.357
553.999
490.278
429.877
373.399
320.611
270.814
223.591
179.707
141.476
114.866
109.876
717.61
781.026
833.119
867.562
879.259
866.152
830.278
776.794
712.182
642.346
571.929
504.022
440.29
381.244
326.52
275.243
226.801
181.861
142.741
115.044
109.841
749.159
818.157
875.039
912.454
924.437
908.733
868.039
808.584
737.96
662.648
587.562
515.864
449.159
387.847
331.433
278.884
229.408
183.579
143.742
115.181
109.807
777.942
852.125
913.435
953.47
965.391
946.876
901.412
836.198
759.99
679.744
600.549
525.575
456.34
393.123
335.302
281.705
231.391
184.849
144.462
115.272
109.773
803.269
882
947.071
989.038
1000.4
978.998
929.117
858.678
777.584
693.161
610.573
532.95
461.704
396.993
338.079
283.675
232.724
185.655
144.882
115.312
109.74
824.486
906.754
974.488
1017.55
1027.4
1003.64
949.978
875.17
790.148
702.495
617.366
537.812
465.136
399.381
339.714
284.759
233.381
185.979
144.991
115.296
109.706
841.028
925.91
996.002
1036.91
1043.71
1019.65
963.075
885.013
797.232
707.439
620.719
540.021
466.538
400.22
340.159
284.919
233.331
185.797
144.782
115.205
109.672
852.494
938.702
1008.65
1043.26
1048.67
1026.45
967.848
887.802
798.559
707.802
620.496
539.476
465.836
399.452
339.365
284.117
232.544
185.09
144.256
115.005
109.638
858.531
944.456
1013.13
1044.57
1047.32
1024.21
964.12
883.416
794.04
703.512
616.637
536.122
462.977
397.027
337.29
282.313
230.981
183.824
143.395
114.703
109.604
859.032
943.13
1009.41
1041.03
1042.65
1013.58
952.032
871.918
783.747
694.616
609.156
529.952
457.936
392.907
333.886
279.456
228.596
181.961
142.178
114.297
109.569
854.012
934.794
997.233
1029.17
1028.57
993.773
932.048
853.788
767.983
681.299
598.16
521.011
450.714
387.064
329.108
275.494
225.338
179.462
140.577
113.783
109.533
843.666
919.805
977.078
1005.71
1001.25
965.344
905.134
829.696
747.202
663.862
583.83
509.389
441.34
379.486
322.915
270.371
221.154
176.291
138.578
113.169
109.496
828.35
898.774
949.953
973.699
966.347
930.339
872.331
800.428
721.988
642.705
566.419
495.228
429.872
370.171
315.267
264.031
215.988
172.409
136.168
112.467
109.457
808.55
872.494
917.085
935.61
925.733
890.121
834.79
766.901
693.022
618.305
546.235
478.705
416.391
359.133
306.131
256.414
209.787
167.785
133.342
111.696
109.416
784.842
841.847
879.715
893.214
881.109
846.141
793.695
730.055
661.021
591.183
523.631
460.033
401.004
346.396
295.475
247.466
202.504
162.4
130.109
110.888
109.371
757.845
807.73
839.012
847.823
833.781
799.614
750.125
690.799
626.715
561.884
498.979
439.445
383.833
331.998
283.274
237.143
194.11
156.257
126.508
110.081
109.322
728.199
771.014
796.036
800.581
784.88
751.611
705.051
649.983
590.801
530.94
472.655
417.184
365.013
315.979
269.512
225.416
184.609
149.403
122.618
109.287
109.279
696.531
732.513
751.72
752.435
735.34
703.033
659.326
608.372
553.922
498.846
445.015
393.491
344.679
298.382
254.184
212.294
174.055
141.943
118.584
108.617
109.318
663.431
692.95
706.85
704.179
685.944
654.644
613.68
566.628
516.629
466.031
416.383
368.59
322.954
279.25
237.314
197.85
162.594
134.076
114.679
108.192
109.437
629.429
652.941
662.068
656.445
637.313
607.062
568.707
525.281
479.358
432.844
387.034
342.678
299.94
258.632
218.991
182.269
150.505
126.148
111.476
108.107
109.665
594.986
613.003
617.872
609.719
589.933
560.765
524.849
484.707
442.421
399.553
357.193
315.902
275.71
236.614
199.423
165.921
138.272
118.71
109.076
108.02
110.038
560.488
573.537
574.675
564.393
544.168
516.078
482.374
445.118
406.012
366.35
327.016
288.346
250.331
213.392
179.038
149.44
126.65
112.543
107.766
108.202
110.656
526.239
534.848
532.745
520.7
500.211
473.138
441.369
406.599
370.241
333.353
296.576
260.038
223.934
189.399
158.602
133.805
116.715
108.774
107.625
109.073
111.497
492.454
497.123
492.232
478.741
458.094
431.917
401.794
369.151
335.153
300.59
265.853
231.024
196.891
165.487
139.343
120.398
109.994
107.357
108.726
110.911
112.442
459.244
460.441
453.158
438.457
417.683
392.259
363.548
332.739
300.715
267.984
234.794
201.56
170.076
143.098
122.958
110.987
107.237
108.76
111.546
113.373
113.43
426.619
424.754
415.394
399.642
378.753
353.997
326.533
297.268
266.785
235.399
203.523
172.452
145.11
124.305
111.507
107.192
108.933
112.89
116.169
116.607
114.511
394.495
389.901
378.711
362.058
341.123
317.009
290.614
262.532
233.154
202.868
172.761
145.468
124.477
111.521
107.064
109.159
114.651
120.542
122.924
120.647
115.669
362.748
355.704
342.93
325.572
304.682
281.134
255.527
228.255
199.796
171.034
144.328
123.483
111.04
106.857
109.421
116.618
125.763
131.873
131.509
125.214
116.985
331.287
322.083
308.005
290.113
269.252
246.067
220.938
194.397
167.369
141.76
121.521
110.119
106.658
109.704
118.508
130.836
141.659
145.799
140.975
129.823
118.165
300.149
289.079
273.886
255.459
234.483
211.462
186.826
161.759
137.862
118.647
108.769
106.343
109.868
120.082
134.944
150.179
160.189
160.422
150.135
133.944
119.054
269.43
256.612
240.283
221.222
200.104
177.408
154.203
132.668
115.101
106.927
105.916
109.975
121.243
137.588
155.764
171.172
178.286
173.439
157.675
137.076
119.607
238.949
224.295
206.844
187.304
166.498
145.176
125.953
111.308
104.834
105.264
110.292
122.132
138.621
157.474
176.052
189.594
192.7
182.665
162.477
138.892
119.813
208.22
191.979
173.818
154.526
135.389
118.235
107.204
103.014
104.474
110.986
123.043
138.15
155.359
173.763
191.096
201.615
201.564
186.601
163.652
138.865
119.894
177.495
160.616
142.4
125.206
110.792
103.11
101.684
104.305
112.319
124.079
136.61
149.964
165.747
182.487
197.084
205.135
198.615
183.507
160.765
136.807
119.972
148.689
131.806
115.078
104.291
99.8295
100.745
105.446
114.828
125.658
134.205
142.733
153.978
167.749
180.912
190.385
193.358
187.735
173.817
153.752
132.984
120.05
123.609
107.384
98.4356
97.8565
101.163
108.869
118.714
127.179
131.334
134.683
141.714
150.482
159.844
168.417
174.146
175.04
169.95
158.82
143.477
128.239
120.135
102.262
93.6965
96.4411
105.338
115.464
124.233
126.876
126.993
128.551
131.392
135.228
140.067
145.201
149.687
152.417
152.339
148.777
141.724
132.498
123.98
120.236
86.7403
96.989
110.815
124.055
125.644
125.008
124.787
124.799
125.083
125.789
126.973
128.542
130.264
131.772
132.617
132.395
130.831
127.962
124.39
121.4
120.36
81.9347
124.898
124.608
124.168
124.007
123.753
123.528
123.325
123.141
122.983
122.847
122.728
122.621
122.52
122.421
122.316
122.111
121.749
121.316
121.043
121.061
3.69801
2.15083
1.90037
1.77907
1.67126
1.58827
1.51872
1.45824
1.40223
1.34775
1.29937
1.27256
1.27687
1.36156
1.59365
2.10242
3.12742
5.10599
8.73167
3.54371
2.12749
1.8997
1.77697
1.67091
1.58962
1.52059
1.45794
1.39728
1.34393
1.32099
1.37958
1.6515
2.34023
4.09562
8.47461
17.163
29.9013
45.6366
3.43733
2.115
1.90131
1.77697
1.67277
1.59239
1.52117
1.45195
1.38725
1.3555
1.42649
1.77027
2.95187
7.03186
16.6217
32.5565
52.8432
73.7676
92.7625
3.36133
2.10908
1.90458
1.77898
1.6764
1.59522
1.5189
1.44477
1.39342
1.39246
1.54829
3.13963
9.19981
22.9311
44.1366
69.2231
93.3581
112.841
126.671
3.3053
2.1075
1.90925
1.78285
1.68116
1.59682
1.5136
1.43947
1.41532
1.5239
2.5451
9.17776
24.7731
49.2287
78.05
104.913
125.768
140.189
150.136
3.26326
2.10902
1.91523
1.78829
1.68623
1.59686
1.50932
1.44859
1.45277
1.62138
6.64636
21.9987
47.6234
79.3292
109.577
133.162
149.813
162.207
172.747
3.23166
2.11292
1.92244
1.79496
1.69118
1.59608
1.50811
1.46962
1.55125
3.43008
15.6244
40.1942
73.4099
107.459
135.178
155.288
170.845
184.704
197.473
3.20815
2.11874
1.93078
1.80251
1.69566
1.59533
1.51528
1.49715
1.62071
7.84654
28.6551
61.0908
98.2674
131.163
155.898
175.077
192.351
208.659
223.235
3.19108
2.12616
1.94014
1.81071
1.69999
1.59618
1.52691
1.56399
2.66544
15.4133
44.1735
82.1317
120.175
150.779
174.235
194.9
214.783
233.136
249.16
3.17928
2.13495
1.9504
1.81932
1.70457
1.60132
1.55175
1.61641
5.18579
25.3565
60.5702
101.653
138.822
167.774
191.983
215.229
237.473
257.55
275.193
3.17184
2.14492
1.96145
1.82844
1.71025
1.60962
1.57681
1.66446
9.25286
36.5581
76.6099
118.966
154.823
183.489
209.789
235.688
259.956
281.876
301.517
3.16805
2.15592
1.9732
1.83785
1.71612
1.62489
1.61906
2.02515
14.7821
48.1506
91.5472
134.063
169.013
198.682
227.599
255.881
282.147
306.264
328.283
3.16735
2.16783
1.98558
1.84779
1.72419
1.64048
1.65788
3.0269
21.3742
59.5048
105.06
147.268
182.063
213.604
245.156
275.636
304.126
330.833
355.585
3.16927
2.18053
1.99851
1.85839
1.73445
1.66065
1.68942
4.61458
28.3411
70.2365
117.108
158.984
194.379
228.226
262.253
294.936
325.976
355.638
383.484
3.17344
2.19395
2.01198
1.86975
1.74669
1.68302
1.71989
6.69187
35.301
80.142
127.796
169.555
206.144
242.424
278.78
313.811
347.729
380.685
412.011
3.17955
2.208
2.02595
1.88192
1.76055
1.70598
1.75047
9.14282
42.014
89.1405
137.279
179.223
217.398
256.079
294.695
332.276
369.37
405.942
441.152
3.18735
2.22262
2.0404
1.89492
1.77579
1.72937
1.78112
11.8501
48.332
97.2334
145.721
188.144
228.12
269.104
309.98
350.319
390.84
431.341
470.835
3.19664
2.23774
2.05534
1.90876
1.79199
1.752
1.81129
14.6951
54.1705
104.465
153.265
196.413
238.27
281.445
324.619
367.892
412.053
456.771
500.925
3.20724
2.25333
2.07072
1.92317
1.80926
1.77812
1.94873
17.6184
59.4914
110.899
160.03
204.081
247.813
293.072
338.591
384.928
432.895
482.077
531.224
3.21899
2.26935
2.08652
1.93802
1.82906
1.8081
2.17972
20.4339
64.2865
116.605
166.105
211.172
256.719
303.966
351.858
401.341
453.228
507.062
561.467
3.23177
2.28575
2.10271
1.95353
1.8482
1.83457
2.47285
23.0487
68.5643
121.644
171.555
217.697
264.967
314.109
364.373
417.026
472.887
531.485
591.323
3.24545
2.30251
2.11928
1.96971
1.86727
1.85892
2.80083
25.4255
72.3435
126.072
176.428
223.655
272.538
323.477
376.071
431.85
491.657
555.033
620.374
3.25996
2.31959
2.13623
1.98651
1.88654
1.88248
3.14076
27.5478
75.6474
129.936
180.757
229.042
279.413
332.036
386.868
445.662
509.296
577.347
648.118
3.27519
2.33698
2.15353
2.00385
1.90603
1.90566
3.47388
29.4092
78.5
133.277
184.567
233.855
285.579
339.76
396.694
458.324
525.577
598.068
674.03
3.2911
2.35466
2.17117
2.02167
1.92571
1.92859
3.78526
31.0089
80.9246
136.128
187.876
238.092
291.027
346.624
405.486
469.712
540.283
616.854
697.597
3.30762
2.37261
2.18912
2.03991
1.94557
1.95133
4.06338
32.3495
82.9428
138.518
190.7
241.754
295.755
352.61
413.189
479.717
553.22
633.386
718.336
3.32471
2.39082
2.20738
2.05854
1.96558
1.97391
4.29974
33.4361
84.5743
140.47
193.052
244.842
299.761
357.701
419.757
488.244
564.22
647.387
735.816
3.34233
2.40927
2.22592
2.07752
1.98568
1.99637
4.48846
34.275
85.8366
142.004
194.942
247.361
303.047
361.889
425.154
495.218
573.144
658.626
749.659
3.36046
2.42796
2.24475
2.09682
2.00618
2.01872
4.62591
34.8733
86.7456
143.137
196.381
249.316
305.617
365.167
429.355
500.58
579.887
666.922
759.582
3.37909
2.44689
2.26384
2.11642
2.02694
2.04098
4.71057
35.2381
87.3139
143.882
197.377
250.714
307.476
367.534
432.343
504.295
584.377
672.153
765.38
3.39813
2.46605
2.28321
2.13632
2.04781
2.06317
4.74128
35.3786
87.5564
144.253
197.939
251.562
308.632
368.991
434.114
506.342
586.574
674.247
766.972
3.41764
2.4854
2.30283
2.15649
2.0688
2.08519
4.74842
35.291
87.4698
144.25
198.074
251.866
309.092
369.547
434.669
506.723
586.482
673.221
764.361
3.43717
2.50539
2.32263
2.17693
2.08992
2.10705
4.73551
34.9831
87.0614
143.872
197.788
251.639
308.862
369.207
434.024
505.458
584.131
669.124
757.647
3.45673
2.52611
2.34258
2.19762
2.11118
2.12877
4.7042
34.4652
86.3385
143.125
197.085
250.89
307.948
367.983
432.201
502.582
579.581
662.066
747.027
3.47632
2.54752
2.3627
2.21857
2.13259
2.15036
4.65612
33.7494
85.3079
142.011
195.968
249.627
306.362
365.89
429.229
498.148
572.925
652.207
732.788
3.49595
2.5696
2.38299
2.23977
2.15414
2.17183
4.59306
32.8492
83.9758
140.534
194.441
247.856
304.113
362.946
425.14
492.22
564.28
639.754
715.278
3.51563
2.59235
2.40346
2.26122
2.17586
2.1932
4.51691
31.7794
82.3483
138.696
192.503
245.584
301.214
359.169
419.976
484.878
553.784
624.947
694.898
3.53538
2.61577
2.42411
2.28293
2.19776
2.21449
4.42968
30.5563
80.4319
136.496
190.155
242.817
297.68
354.58
413.779
476.209
541.597
608.052
672.074
3.5552
2.63988
2.44495
2.3049
2.21984
2.23571
4.33341
29.1973
78.2341
133.936
187.396
239.562
293.524
349.204
406.599
466.309
527.889
589.352
647.246
3.5751
2.66467
2.46601
2.32712
2.24212
2.25688
4.23018
27.7213
75.764
131.015
184.223
235.824
288.762
343.065
398.484
455.28
512.839
569.138
620.846
3.5951
2.69016
2.48729
2.34959
2.26461
2.27802
4.12206
26.1485
73.0329
127.733
180.636
231.609
283.411
336.189
389.484
443.22
496.626
547.69
593.282
3.6152
2.71634
2.50879
2.37232
2.28734
2.29915
4.01107
24.5001
70.0551
124.093
176.629
226.922
277.49
328.606
379.649
430.228
479.421
525.274
564.92
3.63542
2.74322
2.53055
2.3953
2.31031
2.32029
3.89916
22.7983
66.8486
120.097
172.2
221.765
271.018
320.347
369.029
416.392
461.378
502.125
536.085
3.65576
2.77081
2.55256
2.41855
2.33354
2.34146
3.78819
21.0663
63.4352
115.753
167.347
216.143
264.012
311.443
357.67
401.79
442.629
478.446
507.041
3.67624
2.79911
2.57485
2.44204
2.35705
2.36269
3.67984
19.3273
59.842
111.071
162.068
210.057
256.491
301.931
345.619
386.49
423.28
454.39
477.984
3.69686
2.82811
2.59743
2.46579
2.38086
2.38401
3.57566
17.605
56.0997
106.067
156.366
203.509
248.474
291.847
332.924
370.545
403.406
430.062
449.037
3.71763
2.85782
2.6203
2.48978
2.40497
2.40544
3.477
15.9226
52.2499
100.767
150.247
196.502
239.978
281.228
319.631
354.008
383.061
405.518
420.246
3.73857
2.8882
2.64348
2.51402
2.4294
2.42702
3.38501
14.3007
48.3137
95.1996
143.723
189.04
231.019
270.114
305.795
336.93
362.285
380.775
391.59
3.75969
2.91925
2.66698
2.5385
2.45416
2.44877
3.30056
12.7807
44.3189
89.4045
136.819
181.132
221.613
258.545
291.475
319.373
341.121
355.839
363.017
3.78098
2.95094
2.69082
2.56322
2.47925
2.47072
3.22432
11.3975
40.3232
83.4293
129.568
172.798
211.781
246.56
276.738
301.414
319.632
330.735
334.489
3.80246
2.98318
2.71496
2.58815
2.50467
2.49291
3.15675
10.1612
36.3938
77.3348
122.022
164.069
201.545
234.202
261.654
283.144
297.907
305.528
306.028
3.82414
3.01614
2.7395
2.6133
2.53043
2.51536
3.09807
9.07172
32.5983
71.1958
114.246
154.994
190.944
221.516
246.298
264.662
276.054
280.305
277.739
3.84602
3.04971
2.76451
2.63866
2.55651
2.53809
3.0483
8.12381
28.9994
65.0993
106.328
145.647
180.034
208.561
230.742
246.059
254.174
255.164
249.694
3.8681
3.08358
2.79001
2.66421
2.58289
2.56113
3.00726
7.30924
25.6514
59.1409
98.3743
136.127
168.901
195.412
215.063
227.42
232.33
230.182
221.63
3.89039
3.11761
2.81598
2.68996
2.60957
2.58449
2.97463
6.6177
22.5967
53.4193
90.5116
126.567
157.668
182.18
199.363
208.811
210.635
205.109
193.051
3.91289
3.15167
2.84239
2.71588
2.6365
2.60817
2.94992
6.0376
19.8637
48.0294
82.8784
117.127
146.502
169.025
183.793
190.378
189.103
179.562
164.742
3.93559
3.18565
2.8692
2.74198
2.66366
2.63217
2.93257
5.55672
17.4654
43.0539
75.6173
107.992
135.611
156.173
168.552
172.482
167.507
154.759
139.504
3.9585
3.21944
2.89633
2.76822
2.69102
2.65649
2.92193
5.16277
15.401
38.5582
68.8647
99.3579
125.242
143.918
154.087
155.099
147.054
134.212
119.014
3.98156
3.25292
2.92374
2.7946
2.71855
2.68112
2.91732
4.84397
13.6548
34.5791
62.7296
91.4061
115.652
132.57
141.042
138.682
131.771
119.523
101.535
4.00521
3.28599
2.95133
2.82109
2.7462
2.70608
2.91816
4.58896
12.2109
31.1503
57.3217
84.329
107.126
122.586
129.512
126.336
124.329
107.783
87.1193
4.02385
3.31511
2.97605
2.84479
2.77094
2.72826
2.9222
4.41084
11.1307
28.4998
53.0756
78.7524
100.456
115.06
119.927
122.135
122.227
98.3391
80.9545
4.0423
3.34041
2.99782
2.86568
2.79273
2.74898
2.92873
4.28051
10.3437
26.5124
49.8552
74.5323
95.4835
109.85
112.668
125.485
121.335
92.9819
79.6242
4.06057
3.3654
3.0196
2.88659
2.81454
2.76967
2.93753
4.17434
9.68532
24.8128
47.0848
70.9319
91.3483
105.727
108.952
132.593
121.092
94.343
79.4861
79.4289
78.8676
78.5564
78.4114
78.305
78.2119
78.1173
78.0147
77.9013
77.777
77.6441
77.5073
77.3745
77.2564
77.1472
77.0191
76.8879
77.7292
80.5029
91.9852
139.104
97.1294
94.9854
93.5645
93.0754
92.7089
92.3751
91.9213
91.2894
90.4406
89.3597
88.045
86.509
84.7837
82.9448
81.0954
79.3279
77.7212
76.4796
76.0836
76.2583
78.1897
130.465
127.933
126.666
126.213
125.847
125.308
124.36
122.876
120.778
118.027
114.612
110.549
105.885
100.702
95.1459
89.4656
84.0691
79.5414
76.5308
75.4177
75.1923
169.399
169.183
169.522
169.994
170.117
169.625
168.251
165.833
162.267
157.502
151.525
144.36
136.07
126.77
116.662
106.091
95.649
86.274
79.2351
75.7369
74.8741
210.406
214.099
217.185
219.435
220.59
220.456
218.801
215.458
210.329
203.371
194.59
184.041
171.823
158.096
143.108
127.265
111.253
96.2203
83.9327
76.6551
74.7385
252.207
260.634
267.234
271.909
274.582
275.127
273.346
269.097
262.305
252.962
241.121
226.896
210.463
192.064
172.028
150.822
129.183
108.351
90.3882
78.3319
74.6247
294.275
307.91
318.565
326.189
330.817
332.339
330.594
325.478
316.951
305.051
289.897
271.688
250.71
227.333
202.015
175.332
148.076
121.505
97.8256
80.6764
74.5287
336.205
355.301
370.372
381.349
388.28
391.043
389.496
383.577
373.287
358.72
340.071
317.639
291.836
263.185
232.324
199.998
167.112
134.935
105.67
83.4142
74.4445
377.642
402.296
422.005
436.637
446.15
450.376
449.177
442.517
430.45
413.141
390.876
364.066
333.254
299.126
262.51
224.373
185.81
148.166
113.587
86.3569
74.3685
418.279
448.521
473.032
491.566
503.905
509.796
509.071
501.708
487.822
467.674
441.674
410.367
374.438
334.726
292.248
248.196
203.914
160.912
121.305
89.3746
74.2987
457.87
493.726
523.214
545.895
561.316
569.079
568.941
560.875
545.074
521.931
492.025
456.081
414.947
369.615
321.259
271.281
221.288
173.035
128.677
92.3732
74.2335
496.241
537.768
572.444
599.551
618.349
628.217
628.777
619.978
602.104
575.732
541.675
500.898
454.455
403.492
349.313
293.482
237.854
184.474
135.624
95.2911
74.1719
533.275
580.561
620.673
652.537
675.052
687.29
688.668
679.082
658.93
629.026
590.5
544.633
492.74
436.136
376.229
314.685
253.561
195.207
142.113
98.0892
74.1132
568.878
622.04
667.86
704.85
731.466
746.371
748.7
738.262
715.589
681.8
638.433
587.172
529.655
467.392
401.87
334.803
268.378
205.236
148.135
100.744
74.0568
602.967
662.124
713.932
756.437
787.564
805.462
808.89
797.529
772.07
734.016
685.409
628.431
565.101
497.154
426.142
353.771
282.285
214.569
153.695
103.241
74.0022
635.442
700.699
758.758
807.165
843.228
864.463
869.153
856.797
828.278
785.568
731.325
668.314
598.995
525.347
448.981
371.544
295.267
223.22
158.806
105.574
73.9491
666.177
737.603
802.137
856.808
898.225
923.157
929.286
915.869
884.011
836.263
776.015
706.699
631.253
551.914
470.344
388.097
307.321
231.207
163.484
107.739
73.8973
695.009
772.618
843.792
905.04
952.213
981.209
988.967
974.426
938.955
885.812
819.247
743.422
661.777
576.801
490.199
403.41
318.445
238.544
167.747
109.737
73.8467
721.745
805.478
883.368
951.435
1004.73
1038.16
1047.75
1032.03
992.685
933.831
860.713
778.275
690.446
599.949
508.524
417.478
328.644
245.25
171.613
111.568
73.797
746.156
835.863
920.442
995.471
1055.2
1093.42
1105.07
1088.13
1044.66
979.84
900.044
811.008
717.119
621.294
525.297
430.301
337.927
251.342
175.101
113.235
73.7482
767.99
863.408
954.521
1036.53
1102.9
1146.26
1160.22
1142.03
1094.22
1023.28
936.818
841.341
741.635
640.767
540.505
441.887
346.311
256.84
178.23
114.744
73.7
786.984
887.722
985.057
1073.9
1147.02
1195.79
1212.33
1192.91
1140.61
1063.53
970.592
868.998
763.854
658.319
554.154
452.263
353.822
261.766
181.02
116.098
73.6525
802.883
908.406
1011.46
1106.78
1186.56
1240.96
1260.33
1239.74
1182.96
1099.94
1000.96
893.769
783.705
673.967
566.292
461.478
360.496
266.145
183.487
117.304
73.6056
815.454
925.088
1033.18
1134.37
1220.46
1280.5
1302.95
1281.39
1220.38
1131.91
1027.57
915.497
801.146
687.734
576.971
469.582
366.368
269.999
185.649
118.366
73.5591
824.512
937.474
1049.73
1155.96
1247.75
1313.18
1338.79
1316.64
1252.04
1158.96
1050.16
934.029
816.103
699.598
586.207
476.604
371.46
273.344
187.518
119.287
73.5132
829.934
945.369
1060.81
1171.05
1267.64
1337.91
1366.33
1344.28
1277.28
1180.66
1068.45
949.185
828.471
709.512
593.99
482.554
375.787
276.192
189.104
120.071
73.4676
831.659
948.681
1066.24
1179.31
1279.51
1353.2
1382.83
1363
1295.35
1196.54
1082.11
960.757
838.119
717.403
600.29
487.424
379.352
278.546
190.41
120.717
73.4224
829.685
947.395
1065.97
1180.53
1282.85
1359.54
1395.88
1372.83
1305.49
1206.13
1090.85
968.534
844.906
723.183
605.056
491.19
382.143
280.4
191.437
121.225
73.3773
824.024
941.55
1060.05
1174.75
1277.61
1355.55
1392.79
1372.78
1307.15
1209.03
1094.39
972.33
848.698
726.76
608.233
493.82
384.143
281.745
192.182
121.592
73.3317
814.677
931.18
1048.54
1162.09
1263.95
1341.43
1379.21
1363.04
1299.91
1204.97
1092.55
972.002
849.383
728.047
609.757
495.276
385.328
282.565
192.638
121.815
73.286
801.659
916.333
1031.55
1142.75
1242.23
1317.91
1354.98
1341.9
1283.78
1193.93
1085.21
967.451
846.873
726.964
609.565
495.512
385.668
282.841
192.795
121.888
73.2403
785.022
897.125
1009.29
1117.07
1213.05
1285.96
1322.23
1312.66
1260.31
1176.19
1072.45
958.668
841.125
723.451
607.594
494.48
385.128
282.55
192.64
121.811
73.1945
764.862
873.751
982.092
1085.6
1177.26
1246.78
1282.24
1275.91
1229.53
1152.09
1054.45
945.704
832.125
717.465
603.792
492.132
383.675
281.665
192.156
121.597
73.1308
741.314
846.464
950.382
1049.01
1135.82
1201.62
1236.18
1232.89
1192.53
1122.26
1031.5
928.679
819.896
708.977
598.105
488.412
381.262
280.157
191.327
121.242
73.041
714.54
815.554
914.625
1007.99
1089.68
1151.65
1185.24
1184.74
1150.26
1087.35
1003.98
907.769
804.488
697.968
590.482
483.258
377.835
277.99
190.133
120.735
72.9225
684.724
781.324
875.296
963.194
1039.71
1097.88
1130.47
1132.52
1103.64
1048.04
972.326
883.185
785.975
684.434
580.874
476.605
373.336
275.122
188.549
120.067
72.774
652.07
744.08
832.849
915.264
986.681
1041.19
1072.75
1077.1
1053.5
1004.99
936.957
855.162
764.449
668.376
569.234
468.386
367.702
271.509
186.551
119.228
72.5931
616.795
704.121
787.707
864.751
931.262
982.286
1012.81
1019.21
1000.5
958.772
898.293
823.947
740.021
649.808
555.516
458.533
360.87
267.102
184.11
118.204
72.3771
579.121
661.738
740.243
812.13
873.999
921.751
951.259
959.458
945.227
909.896
856.728
789.789
712.808
628.751
539.677
446.972
352.772
261.855
181.195
116.982
72.1231
539.262
617.21
690.791
757.79
815.331
860.046
888.565
898.31
888.131
858.767
812.596
752.918
682.93
605.227
521.669
433.628
343.338
255.718
177.778
115.547
71.8273
497.396
570.79
639.647
702.05
755.589
797.511
825.081
836.142
829.583
805.711
766.174
713.544
650.502
579.257
501.448
418.423
332.497
248.644
173.831
113.884
71.4859
453.658
522.685
587.065
645.176
695.029
734.392
761.054
773.223
769.869
751
717.687
671.837
615.617
550.855
478.967
401.282
320.179
240.588
169.331
111.982
71.0942
408.164
473.034
533.231
587.373
633.847
670.865
696.657
709.748
709.208
694.854
667.316
627.932
578.349
520.028
454.184
382.144
306.329
231.52
164.264
109.831
70.6458
361.114
421.933
478.244
528.763
572.168
607.051
632.013
645.857
647.769
637.455
615.223
581.934
538.744
486.77
427.064
360.97
290.916
221.421
158.616
107.419
70.1371
312.957
369.565
422.161
469.368
510.018
542.982
567.169
581.625
585.661
578.932
561.518
533.903
496.811
451.061
397.588
337.75
273.935
210.285
152.376
104.734
69.5633
264.576
316.423
365.17
409.204
447.336
478.58
502.06
517.021
522.89
519.322
506.246
483.862
452.552
412.91
365.785
312.531
255.422
198.124
145.54
101.763
68.9177
217.381
263.549
307.892
348.543
384.166
413.767
436.565
451.929
459.38
458.595
449.415
431.837
406.016
372.402
331.78
285.444
235.468
184.975
138.112
98.4996
68.1936
173.184
212.639
251.661
288.289
321.031
348.789
370.762
386.354
395.126
396.787
391.116
377.974
357.41
329.797
295.85
256.738
214.247
170.914
130.111
94.9372
67.3836
133.827
165.825
198.556
230.232
259.335
284.684
305.4
320.853
330.591
334.313
331.781
322.761
307.273
285.644
258.498
226.816
192.026
156.074
121.564
91.0579
66.4723
100.666
125.136
151.002
176.883
201.447
223.55
242.286
256.976
267.136
272.419
272.57
267.315
256.665
240.898
220.511
196.252
169.163
140.62
112.505
86.8362
65.4337
74.1572
91.8431
111.013
130.787
150.186
168.264
184.202
197.339
207.179
213.349
215.528
213.495
207.239
196.952
182.975
165.806
146.114
124.764
102.982
82.2439
64.2224
53.7893
66.0449
79.46
93.5864
107.832
121.551
134.121
144.998
153.74
159.981
163.383
163.781
161.14
155.558
147.222
136.398
123.434
108.771
93.0611
77.2512
62.7647
38.4263
46.7676
55.8212
65.396
75.2011
84.8769
94.0394
102.323
109.399
114.966
118.76
120.622
120.531
118.515
114.646
109.022
101.751
92.9586
82.8429
71.841
60.9994
26.8602
32.5391
38.594
44.9289
51.4131
57.8794
64.1371
69.9901
75.2442
79.7011
83.199
85.639
86.9821
87.2378
86.4336
84.5896
81.6949
77.6924
72.4819
66.0557
59.0233
18.2355
22.0584
26.105
30.2917
34.5404
38.7714
42.9014
46.8455
50.511
53.8032
56.6508
59.0138
60.8835
62.2756
63.2162
63.7255
63.7912
63.3345
62.1653
59.9906
57.1187
12.1095
14.5341
17.1481
19.8731
22.6428
25.403
28.11
30.7262
33.2134
35.5404
37.6917
39.6706
41.5009
43.2248
44.8989
46.5866
48.3421
50.1829
52.0314
53.6383
54.9241
8.20385
9.55676
11.0822
12.7265
14.4392
16.1781
17.9117
19.6161
21.2729
22.8751
24.4294
25.9578
27.5001
29.1164
30.8901
32.932
35.3837
38.4159
42.2083
46.8122
52.272
6.10265
6.72169
7.46796
8.31869
9.2472
10.228
11.2405
12.2686
13.3019
14.3395
15.3914
16.481
17.6481
18.9533
20.4867
22.3811
24.8365
28.1554
32.8186
39.5214
49.3316
5.25421
5.43715
5.6857
6.00431
6.39551
6.8503
7.34896
7.88145
8.44282
9.03418
9.66416
10.351
11.1258
12.0383
13.1671
14.6369
16.6579
19.5774
24.1208
31.3637
45.0067
5.09172
5.15759
5.23036
5.29851
5.37485
5.47628
5.6058
5.76406
5.95267
6.17591
6.44201
6.765
7.17266
7.69752
8.38928
9.34248
10.7378
12.867
16.53
22.789
40.9885
4.08399
3.39339
3.04434
2.9104
2.83935
2.79313
2.95106
4.07785
9.08187
23.2253
44.4957
67.6287
87.7267
102.513
107.307
141.392
128.017
105.202
85.7234
4.10804
3.42412
3.07195
2.93708
2.86716
2.81841
2.96815
3.99906
8.54548
21.7926
42.1724
64.7463
84.7746
100.164
110.045
150.131
141.07
125.541
107.292
4.13213
3.45417
3.09941
2.96374
2.89493
2.84564
2.98753
3.94363
8.1316
20.6737
40.38
62.6153
82.8144
99.0244
116.742
157.439
154.802
148.01
137.348
4.15632
3.48355
3.12667
2.99037
2.92264
2.87349
3.00897
3.90702
7.81891
19.8174
39.043
61.1301
81.7019
98.9631
126.677
167.096
172.221
173.816
171.177
4.18059
3.51228
3.15371
3.01694
2.95029
2.90161
3.03216
3.88562
7.59019
19.1787
38.0876
60.1877
81.2558
100.414
137.994
178.372
191.124
200.962
206.231
4.20494
3.5404
3.18053
3.04346
2.97787
2.92987
3.05679
3.87649
7.42844
18.7189
37.4475
59.6974
81.2615
103.593
149.438
190.659
211.11
228.845
241.763
4.22936
3.56797
3.20713
3.06991
3.00538
2.95822
3.08264
3.87724
7.31932
18.4045
37.0655
59.5672
81.6626
108.298
160.824
203.976
231.759
257.066
277.413
4.25383
3.59505
3.2335
3.0963
3.03282
2.98664
3.10948
3.88593
7.25132
18.2067
36.8894
59.7034
82.477
114.166
172.092
217.939
252.747
285.313
312.883
4.27834
3.62168
3.25967
3.12263
3.06021
3.01509
3.13714
3.90097
7.21529
18.1013
36.8814
60.0188
83.7236
120.829
183.212
232.317
273.835
313.346
347.919
4.30288
3.64792
3.28566
3.14891
3.08754
3.04357
3.16544
3.92095
7.20365
18.0664
37.0031
60.4562
85.3927
127.97
194.155
246.927
294.836
340.951
382.27
4.32746
3.67384
3.31149
3.17513
3.11483
3.07206
3.19424
3.9447
7.21006
18.086
37.2139
60.977
87.4394
135.336
204.889
261.592
315.562
367.923
415.709
4.35205
3.6995
3.33719
3.20132
3.14208
3.10056
3.22341
3.9712
7.22942
18.1452
37.4824
61.5569
89.7945
142.726
215.353
276.121
335.831
394.094
448.056
4.37667
3.72495
3.3628
3.22748
3.1693
3.12906
3.25283
3.9996
7.25747
18.2302
37.7821
62.1768
92.3706
149.98
225.478
290.341
355.475
419.318
479.173
4.40129
3.75027
3.38835
3.25362
3.1965
3.15756
3.2824
4.02906
7.29023
18.3281
38.0897
62.8174
95.0706
156.97
235.183
304.087
374.326
443.452
508.946
4.42593
3.77552
3.41387
3.27976
3.2237
3.18605
3.31201
4.05885
7.32405
18.4271
38.3857
63.4586
97.796
163.589
244.387
317.21
392.235
466.362
537.273
4.45059
3.80075
3.43938
3.3059
3.25089
3.21453
3.34158
4.08834
7.35586
18.517
38.6549
64.079
100.453
169.75
253.007
329.574
409.067
487.927
564.052
4.47526
3.82602
3.46493
3.33206
3.2781
3.24301
3.37104
4.11698
7.38307
18.5892
38.8852
64.656
102.956
175.377
260.961
341.062
424.705
508.03
589.169
4.49994
3.85139
3.49053
3.35825
3.30532
3.27148
3.4003
4.14431
7.40335
18.6355
39.0659
65.1657
105.225
180.403
268.172
351.565
439.04
526.554
612.497
4.52464
3.8769
3.51622
3.38448
3.33257
3.29994
3.42932
4.16989
7.4146
18.6486
39.1874
65.5841
107.192
184.771
274.568
360.986
451.969
543.385
633.89
4.54937
3.90261
3.54202
3.41076
3.35986
3.32839
3.45803
4.19336
7.41495
18.6234
39.2396
65.8875
108.794
188.425
280.078
369.237
463.398
558.406
653.189
4.57413
3.92856
3.56796
3.43711
3.38719
3.35684
3.48639
4.21442
7.40276
18.5543
39.2118
66.0555
109.976
191.315
284.638
376.234
473.234
571.5
670.227
4.59892
3.9548
3.59407
3.46353
3.41457
3.38529
3.51435
4.23279
7.37666
18.436
39.0877
66.0837
110.686
193.393
288.185
381.904
481.393
582.556
684.836
4.62375
3.98137
3.62037
3.49005
3.44202
3.41374
3.54189
4.24826
7.3356
18.2638
38.8568
65.9357
110.903
194.622
290.663
386.179
487.796
591.469
696.854
4.64863
4.00831
3.64689
3.51666
3.46953
3.44219
3.56898
4.2607
7.2788
18.0341
38.5106
65.5903
110.636
194.923
292.024
388.997
492.372
598.143
706.138
4.67357
4.03567
3.67366
3.5434
3.49713
3.47065
3.59559
4.27002
7.20587
17.7437
38.0417
65.0345
109.89
194.25
292.2
390.298
495.06
602.498
712.569
4.69858
4.06348
3.70072
3.57027
3.52481
3.49914
3.62172
4.27618
7.11673
17.3908
37.4441
64.2593
108.656
192.582
291.11
390.058
495.803
604.475
716.067
4.72367
4.09181
3.7281
3.59729
3.5526
3.52765
3.64737
4.27925
7.01171
16.9742
36.7131
63.2583
106.933
189.902
288.701
388.249
494.546
604.027
716.585
4.74884
4.12068
3.75583
3.62446
3.58049
3.55621
3.67256
4.27931
6.89148
16.4941
35.8454
62.0278
104.723
186.204
284.926
384.833
491.257
601.118
714.107
4.77413
4.15015
3.78396
3.65194
3.60852
3.58483
3.69729
4.27655
6.75713
15.9518
34.8391
60.5665
102.038
181.494
279.745
379.769
485.913
595.719
708.619
4.79953
4.18025
3.81254
3.67967
3.63669
3.61352
3.72161
4.27122
6.61011
15.3502
33.694
58.8757
98.8983
175.797
273.12
373.013
478.495
587.801
700.101
4.82507
4.21105
3.84161
3.70766
3.66503
3.64231
3.74556
4.26362
6.45222
14.6933
32.4121
56.9592
95.3323
169.153
265.026
364.52
468.989
577.342
688.543
4.85075
4.24259
3.87124
3.7359
3.69355
3.67122
3.7692
4.25411
6.2856
13.9872
30.9974
54.8233
91.3768
161.626
255.456
354.241
457.39
564.338
673.952
4.87661
4.27493
3.90149
3.76445
3.72229
3.70027
3.79259
4.24312
6.11265
13.2391
29.4568
52.4767
87.076
153.298
244.425
342.134
443.693
548.805
656.365
4.90265
4.30813
3.93243
3.79332
3.75126
3.7295
3.81583
4.23113
5.93601
12.4584
27.8
49.9307
82.48
144.28
231.986
328.167
427.896
530.782
635.846
4.9289
4.34225
3.96414
3.82256
3.78048
3.75893
3.839
4.21863
5.75846
11.6558
26.0402
47.199
77.6435
134.703
218.235
312.328
409.997
510.326
612.488
4.95539
4.37735
3.9967
3.85223
3.80999
3.78861
3.86221
4.20616
5.58283
10.8435
24.1941
44.2981
72.6229
124.722
203.319
294.642
389.994
487.501
586.412
4.98214
4.41351
4.03021
3.88238
3.83982
3.81858
3.88557
4.19428
5.41193
10.035
22.2829
41.248
67.4741
114.504
187.446
275.193
367.891
462.377
557.756
5.00918
4.45078
4.06479
3.91307
3.87
3.84887
3.90922
4.18352
5.24841
9.24468
20.3313
38.0719
62.2497
104.229
170.887
254.141
343.721
435.012
526.668
5.03655
4.48924
4.10056
3.94439
3.90058
3.87953
3.93329
4.17444
5.09469
8.48676
18.3699
34.7984
56.997
94.0738
153.966
231.748
317.572
405.465
493.291
5.06428
4.52897
4.13765
3.97643
3.9316
3.91061
3.9579
4.16751
4.9529
7.77548
16.4266
31.4614
51.7565
84.1991
137.049
208.396
289.632
373.806
457.743
5.09242
4.57003
4.17623
4.00931
3.96311
3.94215
3.9832
4.16322
4.82466
7.1293
14.5306
28.0996
46.5629
74.7406
120.519
184.582
260.233
340.171
420.127
5.12101
4.61252
4.21646
4.04319
3.99518
3.97421
4.00931
4.16196
4.71114
6.56344
12.7258
24.76
41.4464
65.7961
104.739
160.903
229.895
304.829
380.564
5.15009
4.65651
4.25853
4.07822
4.02788
4.00684
4.03649
4.16407
4.61315
6.07993
11.0579
21.4997
36.4371
57.4206
90.019
138.006
199.335
268.264
339.278
5.17974
4.7021
4.30267
4.11463
4.0613
4.0401
4.06376
4.16993
4.53128
5.6754
9.56658
18.3857
31.5723
49.6276
76.5749
116.519
169.434
231.246
296.724
5.21002
4.74937
4.34912
4.15268
4.09554
4.07411
4.09026
4.17931
4.46586
5.34427
8.28114
15.491
26.9038
42.4016
64.5082
96.9577
141.142
194.827
253.708
5.241
4.79843
4.39812
4.1927
4.13072
4.10891
4.11983
4.19215
4.41619
5.07936
7.21678
12.8876
22.502
35.7174
53.8047
79.6535
115.334
160.249
211.44
5.27278
4.84936
4.44999
4.2351
4.16702
4.14455
4.15136
4.2087
4.38181
4.8725
6.3738
10.6373
18.4551
29.5649
44.3622
64.7038
92.6527
128.741
171.437
5.30545
4.90227
4.50503
4.28034
4.20459
4.18107
4.18461
4.22922
4.36163
4.71743
5.73442
8.78156
14.8616
23.9691
36.0407
51.9854
73.3816
101.263
135.257
5.33914
4.95728
4.56358
4.32975
4.24418
4.2186
4.2195
4.25366
4.35399
4.60922
5.27486
7.32669
11.8079
18.9956
28.723
41.2282
57.418
78.2807
104.12
5.37396
5.01446
4.626
4.38331
4.28647
4.25737
4.25601
4.2818
4.35713
4.53998
4.96718
6.26308
9.355
14.7364
22.3585
32.13
44.364
59.686
78.5811
5.41016
5.07397
4.69268
4.44155
4.33219
4.29781
4.29414
4.31339
4.36945
4.50103
4.77291
5.54208
7.51697
11.2791
16.9731
24.4643
33.7083
44.9157
58.4198
5.44769
5.13585
4.76404
4.50522
4.38225
4.34052
4.334
4.3482
4.38964
4.48481
4.66076
5.09388
6.2505
8.66615
12.6338
18.134
25.0203
33.2255
42.8286
5.48742
5.20035
4.84048
4.57516
4.43774
4.38637
4.37585
4.38598
4.41658
4.48552
4.60433
4.84317
5.46183
6.8627
9.38321
13.1418
18.0581
23.9821
30.8148
5.52808
5.26724
4.9224
4.65234
4.49999
4.43658
4.42025
4.4266
4.44937
4.4992
4.58325
4.72065
5.02783
5.75136
7.17705
9.49617
12.7413
16.8171
21.5855
5.57321
5.33724
5.01013
4.73771
4.57054
4.49279
4.46821
4.47017
4.48721
4.52327
4.58443
4.67236
4.82387
5.15744
5.85952
7.11159
9.01701
11.5735
14.6998
5.61757
5.40955
5.104
4.83232
4.65117
4.5571
4.52135
4.51729
4.52955
4.55597
4.60078
4.66343
4.74811
4.89429
5.19314
5.7665
6.7223
8.11592
9.94038
5.67019
5.48545
5.20416
4.93709
4.74379
4.63209
4.58206
4.56934
4.57639
4.59594
4.62887
4.6758
4.73369
4.80719
4.92536
5.1456
5.53883
6.16625
7.06127
5.72874
5.56582
5.31078
5.05279
4.85038
4.72082
4.65361
4.62883
4.62869
4.64243
4.66685
4.70223
4.74674
4.79665
4.85387
4.9337
5.06761
5.28538
5.62101
5.79389
5.65156
5.4241
5.17986
4.97268
4.82653
4.74014
4.69959
4.68894
4.69582
4.71357
4.74023
4.77502
4.81526
4.85732
4.89901
4.95118
5.02458
5.12327
5.86789
5.74408
5.54449
5.3185
5.11211
4.95263
4.84671
4.78729
4.76202
4.75897
4.76951
4.78907
4.81586
4.84854
4.88488
4.92084
4.9559
4.98962
5.03597
37.4242
42.2285
43.9435
43.6277
43.3189
43.1244
42.9514
42.7658
42.556
42.2894
41.8807
41.2088
40.5251
39.9469
39.4504
39.0124
38.6142
38.244
37.8988
37.4805
24.8368
31.3243
35.3918
37.8316
39.2338
39.9088
40.1343
39.969
39.4536
38.6754
37.7046
36.5817
35.4115
34.2887
33.2467
32.2906
31.4176
30.5851
29.9233
28.7488
11.4111
16.1033
20.078
23.0862
25.1835
26.4872
27.1192
27.2623
27.0035
26.4349
25.6486
24.7291
23.7456
22.7763
21.8562
21.0004
20.2156
19.4714
18.8639
17.8617
6.13197
7.10471
8.4571
9.87366
11.1416
12.1018
12.6877
12.9231
12.8997
12.677
12.3181
11.8828
11.4179
10.9652
10.5452
10.1659
9.82876
9.52398
9.27983
8.93634
5.83723
5.87501
5.90308
5.92771
5.9873
6.07113
6.14084
6.17963
6.1989
6.21335
6.22493
6.23505
6.24478
6.2549
6.26578
6.2776
6.29035
6.30405
6.31818
6.33506
5.86149
5.87481
5.88983
5.90671
5.92632
5.94657
5.96928
5.99149
6.01233
6.03238
6.052
6.07136
6.09055
6.10959
6.12876
6.149
6.16946
6.19112
6.20913
6.24378
5.9715
5.97089
5.97494
5.9835
5.99526
6.00918
6.0255
6.04377
6.06338
6.08387
6.10505
6.1268
6.149
6.17155
6.19437
6.21752
6.24069
6.26488
6.28537
6.32316
6.26029
6.24912
6.24253
6.24096
6.24422
6.25195
6.26368
6.27887
6.29719
6.31733
6.33877
6.36119
6.38437
6.40812
6.43242
6.45728
6.48228
6.50877
6.5308
6.57333
6.75726
6.74241
6.73242
6.72788
6.72877
6.73479
6.74548
6.76028
6.77836
6.80187
6.83028
6.86247
6.89737
6.93404
6.97202
7.01056
7.04866
7.08821
7.12043
7.17988
8.36844
8.355
8.34693
8.34456
8.34762
8.35572
8.36837
8.385
8.40456
8.42419
8.44392
8.46376
8.48372
8.50383
8.52408
8.54449
8.56504
8.58574
8.60656
8.62802
5.0856
5.12052
5.16301
5.20907
5.2568
5.30526
5.35954
5.41579
5.46951
5.52295
5.57809
5.63474
5.70891
5.82858
6.02905
6.37454
7.00445
8.15336
10.6354
13.8921
30.3407
5.12708
5.15709
5.18795
5.22055
5.25488
5.28953
5.3257
5.3646
5.40508
5.44625
5.48798
5.53057
5.57378
5.62284
5.67862
5.7394
5.80024
6.01476
6.96568
7.83492
15.9784
5.17694
5.20737
5.23781
5.2683
5.29905
5.33004
5.36117
5.3926
5.42451
5.45692
5.48969
5.52294
5.55611
5.58951
5.62537
5.66409
5.70273
5.75377
5.82509
5.91467
7.49041
5.24082
5.26823
5.29672
5.3259
5.35551
5.38538
5.41538
5.44535
5.47518
5.50481
5.53412
5.56302
5.59138
5.61891
5.64556
5.67163
5.69777
5.72219
5.75407
5.786
5.84189
5.34054
5.36163
5.38466
5.40917
5.43481
5.46127
5.48829
5.51562
5.54307
5.57042
5.59746
5.62396
5.64971
5.67443
5.69782
5.71947
5.73962
5.75705
5.77393
5.7885
5.80241
5.50826
5.52126
5.53679
5.55438
5.57362
5.59414
5.6156
5.63768
5.6601
5.68257
5.70479
5.72646
5.74729
5.76697
5.78524
5.80182
5.81653
5.82932
5.83974
5.84857
5.85512
5.78441
5.78991
5.79819
5.80881
5.82133
5.83535
5.85048
5.86633
5.88251
5.89862
5.91424
5.92895
5.94229
5.95383
5.96318
5.9701
5.97445
5.97647
5.97647
5.97519
5.97393
6.20907
6.21315
6.2195
6.22778
6.23766
6.2488
6.26083
6.27336
6.28597
6.29821
6.30957
6.31949
6.3274
6.33267
6.33472
6.33309
6.32748
6.31802
6.30523
6.2902
6.27465
6.68405
6.69362
6.70459
6.71679
6.72997
6.74389
6.75826
6.77277
6.78704
6.80069
6.81323
6.82416
6.8329
6.83885
6.8414
6.84004
6.8344
6.82442
6.81047
6.7935
6.77509
8.34804
8.35301
8.36033
8.36955
8.38024
8.39197
8.40432
8.41686
8.42913
8.44062
8.4508
8.45909
8.46487
8.46754
8.46657
8.46164
8.45258
8.43954
8.42319
8.40471
8.3858
5.95148
5.8421
5.66842
5.4636
5.26386
5.09639
4.97338
4.89425
4.85128
4.83462
4.83547
4.84758
4.8674
4.89313
4.92356
4.95665
4.99035
5.02166
5.0532
6.05025
5.94835
5.79637
5.61398
5.4264
5.25753
5.12225
5.0251
4.96313
4.92966
4.91722
4.91933
4.93128
4.9501
4.97413
5.00212
5.03286
5.06466
5.09628
6.17848
6.07145
5.93403
5.77345
5.6026
5.43942
5.29854
5.18762
5.1078
5.05594
5.02689
5.01521
5.01616
5.0261
5.04255
5.06388
5.08895
5.11685
5.14656
6.36937
6.22594
6.08552
5.94189
5.79076
5.64036
5.50218
5.38473
5.29187
5.22353
5.17717
5.14916
5.13572
5.13344
5.13959
5.15211
5.16948
5.19064
5.21475
6.68838
6.44701
6.26676
6.12165
5.98598
5.85334
5.72743
5.6141
5.51763
5.43982
5.38032
5.33749
5.30904
5.29254
5.28572
5.28665
5.29375
5.30575
5.32169
7.75027
6.82553
6.49993
6.33749
6.20786
6.08764
5.9747
5.8716
5.78076
5.70346
5.63991
5.5895
5.55113
5.52343
5.50494
5.49432
5.49036
5.49197
5.49826
23.9298
12.1182
7.3631
6.53631
6.39957
6.32022
6.24211
6.1631
6.08834
6.02128
5.96331
5.91463
5.87485
5.84329
5.81916
5.8017
5.79017
5.78389
5.7822
23.3982
18.8547
11.1271
7.6268
6.62582
6.50023
6.45664
6.4228
6.38894
6.3553
6.32365
6.29527
6.27081
6.25048
6.23429
6.22211
6.21377
6.20901
6.20756
21.7729
22.9272
16.4242
11.2553
8.40307
7.1982
6.8735
6.77789
6.73502
6.70951
6.69226
6.68013
6.67171
6.66634
6.66364
6.66341
6.66549
6.66973
6.67602
20.748
18.9282
17.6027
14.6055
12.4728
10.9056
9.92667
9.33843
8.9638
8.73807
8.60156
8.51413
8.4548
8.41348
8.38483
8.36561
8.35365
8.34745
8.34593
)
;

boundaryField
{
    inlet
    {
        type            fixedValue;
        value           uniform 0;
    }
    outlet
    {
        type            inletOutlet;
        inletValue      uniform 0;
        value           nonuniform List<scalar> 10(37.4805 28.7488 17.8617 8.93634 6.33506 6.24378 6.32316 6.57333 7.17988 8.62802);
    }
    walls
    {
        type            zeroGradient;
    }
    baffle
    {
        type            zeroGradient;
    }
    frontAndBack
    {
        type            empty;
    }
}


// ************************************************************************* //
