/*--------------------------------*- C++ -*----------------------------------*\
| =========                 |                                                 |
| \\      /  F ield         | OpenFOAM: The Open Source CFD Toolbox           |
|  \\    /   O peration     | Version:  v2012                                 |
|   \\  /    A nd           | Website:  www.openfoam.com                      |
|    \\/     M anipulation  |                                                 |
\*---------------------------------------------------------------------------*/
FoamFile
{
    version     2.0;
    format      ascii;
    class       volScalarField;
    location    "617";
    object      k;
}
// * * * * * * * * * * * * * * * * * * * * * * * * * * * * * * * * * * * * * //

dimensions      [0 2 -2 0 0 0 0];


internalField   nonuniform List<scalar> 
6057
(
0.0457686
0.0493729
0.0534684
0.0581467
0.0635294
0.069774
0.0770878
0.0857489
0.0961378
0.108788
0.124467
0.144318
0.170104
0.204666
0.252823
0.323274
0.432926
0.617785
0.963612
1.70527
0.1122
0.12125
0.131482
0.143121
0.156441
0.171792
0.189625
0.210528
0.235285
0.264957
0.301008
0.345507
0.401451
0.473307
0.567937
0.696236
0.8761
1.1378
1.53317
2.14659
0.14926
0.161298
0.174885
0.190299
0.207886
0.228081
0.251438
0.278665
0.310686
0.348726
0.394431
0.450057
0.518753
0.60501
0.715367
0.859558
1.05239
1.31679
1.68898
2.22728
0.170839
0.184615
0.200144
0.217731
0.237755
0.260686
0.287116
0.317797
0.35369
0.396046
0.446512
0.507296
0.581403
0.673007
0.788033
0.935094
1.12709
1.38405
1.73864
2.24821
0.181006
0.195607
0.212053
0.230659
0.251817
0.27601
0.303844
0.336075
0.37367
0.417869
0.470285
0.533054
0.609046
0.702203
0.818075
0.964739
1.15443
1.40663
1.75433
2.25724
0.180939
0.195558
0.212016
0.230632
0.251796
0.275995
0.303832
0.336067
0.373664
0.417865
0.470282
0.533052
0.609045
0.702202
0.818074
0.964739
1.15443
1.40663
1.75433
2.25724
0.170641
0.184471
0.200039
0.217654
0.237698
0.260645
0.287087
0.317776
0.353675
0.396035
0.446504
0.50729
0.581399
0.673005
0.788031
0.935092
1.12709
1.38405
1.73864
2.24821
0.148933
0.161073
0.174725
0.190185
0.207805
0.228024
0.251397
0.278635
0.310664
0.34871
0.39442
0.450049
0.518747
0.605006
0.715364
0.859556
1.05238
1.31679
1.68898
2.22728
0.111752
0.12098
0.131298
0.142996
0.156353
0.17173
0.189579
0.210495
0.235261
0.26494
0.300995
0.345498
0.401444
0.473302
0.567934
0.696234
0.876098
1.1378
1.53317
2.14659
0.0456399
0.0492919
0.0534125
0.0581076
0.0635015
0.0697538
0.0770731
0.0857382
0.0961299
0.108782
0.124463
0.144315
0.170102
0.204664
0.252822
0.323273
0.432926
0.617785
0.963612
1.70527
0.0144728
0.0152593
0.0160639
0.0168906
0.017744
0.0186293
0.0195522
0.0205197
0.0215394
0.0226201
0.0237719
0.0250064
0.0263365
0.0277771
0.0293452
0.0310575
0.0329287
0.0349853
0.0372584
0.0397839
0.0426038
0.0323962
0.0343651
0.0363991
0.0385067
0.0406969
0.0429796
0.0453668
0.0478728
0.0505141
0.0533103
0.0562842
0.0594625
0.0628761
0.0665608
0.0705579
0.0749051
0.0796638
0.0848965
0.0906748
0.0970825
0.104218
0.0439846
0.0464408
0.0489947
0.0516591
0.0544469
0.0573726
0.0604524
0.0637054
0.0671535
0.0708221
0.0747409
0.0789444
0.0834723
0.0883708
0.093689
0.09949
0.105846
0.112836
0.120553
0.129107
0.138623
0.0512987
0.0539356
0.0566986
0.0596032
0.0626646
0.0658995
0.0693266
0.0729673
0.0768465
0.0809927
0.085439
0.0902238
0.0953912
0.100992
0.107085
0.113741
0.121038
0.129064
0.137924
0.147739
0.158651
0.0554764
0.0580826
0.060835
0.0637505
0.0668461
0.07014
0.073653
0.0774084
0.081433
0.0857572
0.0904157
0.0954483
0.100901
0.106826
0.113289
0.12036
0.128118
0.136652
0.146068
0.156493
0.168076
0.0570133
0.0593968
0.0619335
0.0646414
0.0675387
0.0706458
0.0739859
0.0775853
0.0814731
0.0856821
0.0902484
0.0952123
0.100619
0.106523
0.112994
0.120095
0.127896
0.136473
0.145926
0.156381
0.167989
0.0562383
0.0582196
0.0603412
0.0626194
0.0650724
0.0677222
0.0705951
0.073722
0.0771379
0.0808821
0.084995
0.0895203
0.0945053
0.100009
0.106106
0.112854
0.120316
0.128501
0.137488
0.147403
0.158391
0.0536456
0.0551136
0.0566835
0.0583618
0.0601587
0.0620903
0.0641803
0.0664611
0.068977
0.0717793
0.0749257
0.0784784
0.0824964
0.0870361
0.0921842
0.0980007
0.104543
0.111813
0.119795
0.128541
0.138193
0.0501966
0.0512377
0.0523324
0.0534628
0.0546133
0.0557725
0.0569361
0.0581081
0.0593038
0.060551
0.0619063
0.0635155
0.065484
0.06791
0.0708723
0.0744669
0.0787459
0.0838409
0.0897361
0.0963637
0.103709
0.0469259
0.0478068
0.0487177
0.0496193
0.0504713
0.0512307
0.0518483
0.0522643
0.052406
0.0521888
0.0515232
0.0503274
0.048496
0.0459145
0.0433662
0.0412286
0.0397139
0.0389987
0.0392282
0.0403793
0.0424295
0.00103214
0.000909073
0.000919332
0.00118462
0.00219314
0.00324914
0.0042364
0.00515821
0.00600382
0.00680976
0.0075931
0.00836217
0.00912249
0.00987806
0.0106321
0.0113873
0.0121464
0.0129118
0.0136863
0.00181732
0.00221891
0.00373713
0.005695
0.00718647
0.00845334
0.00980069
0.0113875
0.0130847
0.014749
0.0164078
0.0180723
0.0197502
0.021448
0.0231723
0.0249289
0.0267238
0.0285629
0.030452
0.00275803
0.00525618
0.00711568
0.00895843
0.0105278
0.0122408
0.0143876
0.0168356
0.019278
0.0216254
0.0238974
0.0261087
0.0282803
0.0304332
0.0325879
0.034763
0.0369758
0.0392416
0.0415744
0.00409999
0.00795605
0.00990042
0.0116603
0.0135205
0.0158935
0.0187749
0.021811
0.0247173
0.0274435
0.0300047
0.0324312
0.0347628
0.0370395
0.039298
0.0415706
0.0438854
0.0462658
0.0487321
0.00556019
0.0104773
0.0123448
0.014198
0.0165003
0.0194808
0.0228634
0.0262263
0.0293503
0.0322062
0.0348173
0.0372326
0.0395096
0.0417044
0.0438675
0.0460419
0.0482636
0.0505618
0.0529605
0.00679153
0.0126707
0.014635
0.016722
0.0194817
0.0229081
0.0265573
0.0300331
0.0331738
0.0359659
0.0384477
0.0406845
0.0427484
0.0447082
0.0466244
0.0485479
0.0505197
0.0525722
0.0547309
0.00774087
0.0146287
0.016825
0.0192315
0.0223761
0.0260665
0.0297873
0.0332045
0.0362003
0.0387768
0.0409882
0.0429134
0.0446364
0.0462362
0.047781
0.049327
0.0509175
0.0525852
0.0543537
0.00856309
0.016364
0.0189123
0.021665
0.025089
0.0288762
0.0325165
0.035737
0.0384574
0.0406964
0.0425231
0.0440294
0.0453108
0.0464561
0.0475413
0.0486267
0.0497565
0.0509598
0.0522538
0.00927234
0.0179075
0.0208778
0.0239555
0.0275463
0.0312954
0.0347329
0.037646
0.0399848
0.0417888
0.0431427
0.0441535
0.044932
0.0455811
0.046188
0.04682
0.0475217
0.048317
0.0492115
0.00987443
0.0192951
0.0227017
0.0260485
0.0297039
0.0333044
0.0364441
0.0389588
0.0408324
0.0421285
0.0429521
0.043432
0.0437017
0.0438851
0.0440856
0.0443784
0.0448072
0.0453852
0.0461012
0.0435948
0.0442751
0.04492
0.0454959
0.0459821
0.0463698
0.046651
0.0468157
0.0468425
0.0466772
0.046173
0.0454484
0.0444913
0.043195
0.0413392
0.0384517
0.0337564
0.0263903
0.0186943
0.0128035
0.00767808
0.0385968
0.0382542
0.0376118
0.0366415
0.0353386
0.0337141
0.0317853
0.029572
0.0271136
0.0247975
0.0227646
0.0207472
0.0185655
0.0164272
0.0144484
0.0126903
0.0106746
0.00810775
0.00554332
0.00303543
0.0013217
0.0312187
0.0293087
0.0269993
0.0243919
0.0216318
0.018884
0.0163295
0.0142139
0.0127659
0.0116225
0.010722
0.00988563
0.00907062
0.00828873
0.00751326
0.00670644
0.00581453
0.00479793
0.00368249
0.00239458
0.00103203
0.0228585
0.01999
0.017119
0.0144917
0.0123126
0.0106988
0.00966394
0.00910303
0.00875076
0.00849013
0.00826152
0.0080154
0.00771907
0.00734618
0.00686944
0.00627384
0.00556091
0.00471112
0.00369367
0.00248867
0.00116541
0.0158616
0.0132916
0.0112317
0.00977152
0.00887253
0.00841237
0.00825419
0.00822132
0.00822921
0.00823406
0.00820706
0.00812168
0.00795104
0.00766603
0.00723914
0.006674
0.00595993
0.00507602
0.00399462
0.00274125
0.00132722
0.0114816
0.00986666
0.00884847
0.00830847
0.00809953
0.00809566
0.00819598
0.00832317
0.0084425
0.0085311
0.00856835
0.00853229
0.00839863
0.00814049
0.00773159
0.0071677
0.00643514
0.00550637
0.00436528
0.00303142
0.00149336
0.00931484
0.00850644
0.00812451
0.00802447
0.00809144
0.00824615
0.00843261
0.00861584
0.00877638
0.00889733
0.0089608
0.00894678
0.00883252
0.00859323
0.00820029
0.00764297
0.00690303
0.00594534
0.0047538
0.00333082
0.00165867
0.00840424
0.00807192
0.00800801
0.00810257
0.00828141
0.00849731
0.008718
0.00892473
0.00910335
0.00923921
0.00931623
0.00931574
0.00921607
0.0089933
0.00862005
0.0080769
0.00734107
0.00637096
0.00514078
0.00363105
0.00182157
0.00808178
0.00800823
0.00810192
0.00828697
0.00851582
0.00875879
0.00899569
0.00921387
0.00940111
0.00954453
0.00962932
0.009638
0.00955003
0.00934233
0.00898923
0.00846511
0.0077413
0.00677287
0.00551746
0.00392977
0.0019818
0.00802231
0.00809145
0.00826789
0.00849934
0.00875376
0.00901138
0.00925767
0.00948189
0.00967332
0.00982018
0.00990875
0.00992275
0.00984303
0.00964771
0.00931269
0.00880948
0.00810395
0.00714755
0.00588022
0.00422661
0.00213961
0.00808195
0.00823425
0.00845844
0.0087171
0.00898752
0.0092553
0.00950792
0.00973573
0.00992886
0.0100763
0.0101653
0.0101808
0.0101053
0.00991853
0.00959747
0.00911431
0.00843128
0.00749504
0.00622824
0.004522
0.00229548
0.00819808
0.00840301
0.00865825
0.00893587
0.00921879
0.00949484
0.00975245
0.00998255
0.0101757
0.0103216
0.0104082
0.0104217
0.0103462
0.0101637
0.00985277
0.00938686
0.00872792
0.0078176
0.00656223
0.00481668
0.00244998
0.00834373
0.00858532
0.00886355
0.0091568
0.00945069
0.00973407
0.00999591
0.0102274
0.0104194
0.0105619
0.0106438
0.0106523
0.0105731
0.0103903
0.0100853
0.0096337
0.00899874
0.0081184
0.00688379
0.00511152
0.00260373
0.00850755
0.00877715
0.00907459
0.00938179
0.00968557
0.00997552
0.0102408
0.0104727
0.0106624
0.0108001
0.0108754
0.0108765
0.0107906
0.0106037
0.0103004
0.00985999
0.0092482
0.00840086
0.00719495
0.00540749
0.00275734
0.00868505
0.00897798
0.00929233
0.00961195
0.00992453
0.01022
0.0104875
0.0107187
0.0109048
0.0110365
0.0111039
0.0110959
0.0110008
0.0108069
0.0105019
0.0100698
0.00948025
0.00866832
0.00749791
0.00570561
0.0029115
0.00887477
0.00918786
0.00951708
0.00984753
0.0101674
0.0104668
0.0107349
0.0109637
0.0111449
0.0112695
0.011328
0.0113098
0.0112041
0.0110011
0.0106921
0.0102661
0.00969814
0.00892388
0.00779493
0.00600692
0.00306688
0.00907595
0.00940654
0.0097485
0.0100878
0.0104129
0.0107139
0.0109805
0.0112051
0.0113798
0.0114963
0.0115452
0.0115163
0.0113994
0.0111863
0.0108719
0.0104509
0.00990443
0.00917023
0.00808819
0.00631254
0.00322422
0.00928777
0.00963324
0.0099855
0.0103311
0.0106588
0.0109587
0.0112213
0.0114395
0.0116062
0.0117135
0.0117523
0.0117126
0.0115846
0.0113615
0.0110414
0.0106251
0.010101
0.00940972
0.00837977
0.00662359
0.00338432
0.00950881
0.00986638
0.0102262
0.0105751
0.0109022
0.011198
0.0114537
0.0116632
0.0118203
0.0119175
0.011946
0.0118957
0.0117573
0.011525
0.0112001
0.0107894
0.0102894
0.00964433
0.00867165
0.00694122
0.00354807
0.00973664
0.0101035
0.0104678
0.0108169
0.0111401
0.0114284
0.0116744
0.011873
0.0120189
0.012105
0.012123
0.0120628
0.0119151
0.0116751
0.011347
0.0109439
0.0104705
0.0098758
0.00896572
0.00726664
0.00371646
0.00996752
0.0103411
0.010707
0.0110531
0.0113691
0.0116468
0.0118804
0.012066
0.0121992
0.0122735
0.0122809
0.0122114
0.012056
0.0118103
0.0114814
0.0110885
0.0106453
0.0101057
0.00926379
0.00760108
0.00389062
0.0101966
0.0105749
0.0109401
0.0112803
0.0115863
0.0118504
0.0120691
0.01224
0.0123592
0.012421
0.0124178
0.0123399
0.0121783
0.0119293
0.0116025
0.0112233
0.0108146
0.0103355
0.00956762
0.00794588
0.00407189
0.0104192
0.0108008
0.0111636
0.0114957
0.011789
0.012037
0.012239
0.0123935
0.0124977
0.0125466
0.0125329
0.0124475
0.0122815
0.0120318
0.0117104
0.0113487
0.0109794
0.0105666
0.00987892
0.00830246
0.00426185
0.0106314
0.0110153
0.0113746
0.0116968
0.0119753
0.0122056
0.0123891
0.012526
0.0126144
0.01265
0.0126262
0.0125343
0.0123657
0.0121181
0.0118054
0.0114656
0.0111408
0.0108007
0.0101994
0.00867211
0.0044624
0.0108338
0.0112166
0.0115703
0.0118821
0.0121443
0.0123554
0.0125192
0.0126376
0.0127097
0.012732
0.0126986
0.0126015
0.0124324
0.0121893
0.0118887
0.0115751
0.0113005
0.0110394
0.0105307
0.00905612
0.00467593
0.0110264
0.0114053
0.0117504
0.0120491
0.012295
0.012486
0.0126295
0.012729
0.0127848
0.0127942
0.0127523
0.0126514
0.0124836
0.0122476
0.0119624
0.0116793
0.0114604
0.0112846
0.0108745
0.00945522
0.00490544
0.0112089
0.0115812
0.0119151
0.0121983
0.0124253
0.0125969
0.0127201
0.0128013
0.0128415
0.0128392
0.0127902
0.0126874
0.0125229
0.0122962
0.0120294
0.0117808
0.0116231
0.0115386
0.0112324
0.00987034
0.00515489
0.0113808
0.0117439
0.0120641
0.0123296
0.0125362
0.0126873
0.0127918
0.012856
0.0128825
0.0128707
0.0128169
0.012714
0.0125545
0.012339
0.0120931
0.0118832
0.0117916
0.0118037
0.0116078
0.0103086
0.00542059
0.0115418
0.011893
0.0121974
0.0124434
0.0126288
0.0127599
0.0128468
0.0128965
0.0129123
0.0128939
0.0128379
0.012737
0.012584
0.0123812
0.0121588
0.0119904
0.0119691
0.0120844
0.0120061
0.0107741
0.0056981
0.0116922
0.0120291
0.012316
0.0125417
0.0127059
0.0128181
0.0128895
0.0129282
0.0129373
0.0129163
0.0128612
0.0127644
0.0126187
0.0124288
0.0122299
0.0121051
0.0121581
0.0123834
0.0124316
0.0112663
0.00598891
0.0118334
0.0121536
0.0124209
0.0126258
0.0127711
0.0128675
0.0129272
0.0129594
0.0129662
0.0129465
0.0128952
0.0128037
0.0126654
0.0124874
0.0123114
0.0122312
0.0123625
0.0127034
0.012887
0.0117905
0.00629279
0.0119647
0.0122668
0.0125151
0.0127016
0.0128311
0.0129151
0.0129686
0.0129994
0.0130086
0.0129938
0.0129484
0.0128629
0.0127307
0.0125627
0.0124084
0.0123733
0.012586
0.0130482
0.0133728
0.0123484
0.00660978
0.012089
0.012373
0.012604
0.0127751
0.0128931
0.01297
0.0130231
0.0130577
0.013074
0.0130675
0.0130296
0.0129494
0.0128215
0.0126607
0.012526
0.0125364
0.0128328
0.0134209
0.0138934
0.0129415
0.00693996
0.0122106
0.0124772
0.0126933
0.0128532
0.0129643
0.013041
0.0130999
0.0131442
0.013172
0.0131766
0.0131468
0.0130705
0.0129437
0.0127867
0.0126692
0.012725
0.0131069
0.013824
0.0144495
0.0135707
0.00728247
0.0123342
0.0125849
0.0127897
0.0129433
0.0130533
0.0131374
0.0132089
0.0132686
0.0133121
0.0133296
0.0133073
0.0132322
0.0131022
0.0129449
0.0128424
0.0129436
0.0134118
0.014259
0.0150404
0.0142341
0.00763509
0.0124653
0.0127024
0.0129002
0.0130539
0.01317
0.0132691
0.01336
0.0134406
0.0135031
0.013534
0.0135171
0.0134388
0.0133005
0.0131383
0.0130486
0.0131957
0.0137501
0.0147259
0.0156621
0.0149264
0.0079939
0.0126101
0.0128368
0.0130329
0.0131939
0.0133242
0.0134464
0.0135633
0.0136694
0.0137525
0.0137955
0.0137798
0.0136923
0.0135393
0.0133677
0.0132896
0.0134835
0.0141225
0.0152213
0.0163048
0.0156371
0.00835268
0.0127754
0.0129958
0.0131963
0.0133717
0.0135269
0.01368
0.0138287
0.013963
0.0140662
0.0141173
0.0140961
0.0139914
0.0138166
0.0136312
0.0135648
0.0138072
0.0145275
0.0157368
0.0169498
0.0163488
0.00870249
0.01297
0.0131889
0.0134009
0.0136002
0.0137897
0.0139805
0.0141649
0.0143276
0.014447
0.0144989
0.0144625
0.0143307
0.0141262
0.0139241
0.0138714
0.0141644
0.0149598
0.0162563
0.0175643
0.0170364
0.00903152
0.0132037
0.013427
0.0136589
0.0138921
0.0141243
0.0143579
0.014579
0.0147663
0.0148937
0.0149347
0.0148702
0.0146996
0.0144579
0.014238
0.0142035
0.0145503
0.0154102
0.0167578
0.0181207
0.0176698
0.0093239
0.013488
0.0137233
0.0139856
0.0142618
0.0145426
0.0148208
0.0150749
0.0152777
0.0153995
0.0154134
0.0153045
0.0150822
0.0147971
0.014562
0.0145535
0.0149571
0.0158666
0.0172206
0.0186261
0.0182117
0.00955323
0.0138358
0.0140931
0.0144013
0.0147255
0.0150564
0.0153753
0.0156523
0.0158547
0.0159509
0.0159165
0.0157443
0.0154575
0.0151263
0.0148841
0.0149127
0.0153753
0.0163154
0.017663
0.0190696
0.0186562
0.00972123
0.0142621
0.0145522
0.0149155
0.015296
0.0156751
0.0160234
0.0163048
0.0164826
0.0165265
0.0164182
0.0161625
0.0158018
0.0154284
0.015195
0.015275
0.015795
0.0167313
0.0180699
0.0194393
0.0189911
0.009806
0.0147842
0.0151214
0.0155494
0.0159869
0.0164042
0.0167613
0.0170176
0.0171377
0.0170961
0.0168859
0.0165293
0.0160925
0.0156924
0.0154953
0.0156399
0.0162099
0.0171253
0.0184211
0.019708
0.0191578
0.00981028
0.0154229
0.0158305
0.0163238
0.016808
0.0172409
0.0175742
0.0177654
0.0177853
0.0176212
0.0172831
0.0168163
0.0163165
0.0159256
0.0157822
0.0160083
0.0165996
0.0174762
0.0186848
0.0198378
0.0191222
0.00973391
0.0162002
0.0166971
0.0172506
0.0177584
0.0181698
0.0184322
0.0185081
0.0183803
0.018057
0.0175747
0.0170069
0.016483
0.0161444
0.0161009
0.0164027
0.0169632
0.0177513
0.0188153
0.0197808
0.0188636
0.00958465
0.0171444
0.0177341
0.0183313
0.0188237
0.0191588
0.0192884
0.0191895
0.0188676
0.0183606
0.0177399
0.0171125
0.0166438
0.0164083
0.0164796
0.016812
0.017266
0.0178881
0.0187447
0.0194677
0.0182566
0.0093323
0.0183059
0.0189648
0.0195572
0.0199705
0.020154
0.0200765
0.0197415
0.019191
0.0185047
0.017794
0.0171952
0.0168429
0.016776
0.0169288
0.0171649
0.0174091
0.0177784
0.0183775
0.0188038
0.0174237
0.00898475
0.019675
0.0203748
0.0208903
0.0211347
0.0210744
0.020711
0.0200921
0.0193128
0.0185045
0.0178131
0.0173686
0.0172283
0.0172832
0.0173657
0.0173167
0.0172199
0.0172748
0.0176119
0.017769
0.0163716
0.00849665
0.021268
0.0219275
0.0222558
0.0222155
0.0218096
0.0210949
0.0201855
0.0192449
0.0184497
0.0179435
0.0177734
0.0177966
0.0177817
0.0175106
0.0169991
0.0164803
0.0162511
0.0163817
0.0165088
0.0151907
0.00790821
0.0230567
0.0235326
0.0235275
0.0230674
0.0222262
0.0211444
0.0200239
0.0190897
0.0185184
0.0183564
0.0184044
0.0183482
0.0178926
0.0170006
0.0159335
0.0150801
0.0147212
0.014794
0.0150441
0.0139265
0.00725468
0.0249344
0.0250281
0.0245106
0.0235039
0.022197
0.0208431
0.019722
0.0190571
0.0189346
0.0190534
0.0189858
0.0183213
0.0170541
0.0154924
0.0140738
0.0131243
0.0128307
0.0130995
0.0135367
0.0126383
0.0065619
0.0267122
0.0261633
0.0249442
0.0233365
0.0216764
0.0203226
0.0195286
0.0194434
0.0196931
0.0196134
0.0187481
0.017047
0.0149707
0.0131062
0.0117402
0.0109921
0.0108796
0.0114734
0.0120873
0.0113634
0.00584068
0.0280286
0.0265609
0.0245508
0.0224802
0.0208204
0.0198828
0.0198337
0.0201957
0.0201532
0.0190811
0.0168894
0.01425
0.0120011
0.0104325
0.00948352
0.0091078
0.00930324
0.0100693
0.0107139
0.0100098
0.00517174
0.0283628
0.0258098
0.0231942
0.0211151
0.0199996
0.0200282
0.020452
0.0204613
0.0191878
0.0164332
0.0132045
0.0106117
0.00900361
0.00815368
0.00772892
0.00771569
0.00812098
0.00884632
0.00934731
0.00859636
0.00456113
0.027118
0.0236941
0.0211067
0.0197427
0.0198514
0.0203091
0.0202795
0.0187814
0.0154826
0.011676
0.00886436
0.0073148
0.00672673
0.00659243
0.00657219
0.0067255
0.00716117
0.00771932
0.00799634
0.00719691
0.00397842
0.0239607
0.0205246
0.0190275
0.0190461
0.019433
0.0192398
0.0172865
0.0136655
0.00959296
0.0066677
0.00554441
0.00530403
0.00539819
0.00556374
0.00571201
0.00592541
0.00626833
0.00661683
0.00667726
0.00589439
0.00340265
0.019191
0.0172672
0.0171087
0.0172397
0.0165259
0.0142424
0.0101546
0.006903
0.00475808
0.00388164
0.00385579
0.00408828
0.00436107
0.004601
0.00481746
0.00504457
0.00530113
0.00550306
0.00545956
0.00478845
0.00280788
0.0140184
0.0130375
0.0129689
0.0114068
0.00883357
0.00641174
0.00421048
0.00277216
0.00226911
0.00230789
0.00254412
0.00283107
0.00312041
0.00339595
0.0036619
0.00392951
0.00419396
0.00439849
0.00440497
0.0038823
0.00215
0.0080803
0.00258838
0.00241995
0.00223672
0.00184469
0.00138769
0.00100624
0.000895099
0.000956666
0.00108325
0.00122936
0.00138099
0.00153551
0.00169548
0.00186819
0.00206707
0.00225911
0.00239418
0.00240088
0.00215299
0.00130981
0.0104165
0.0206008
0.024442
0.0279889
0.0316159
0.0349646
0.0377122
0.0397395
0.0410651
0.0417841
0.0420329
0.0419703
0.0417601
0.04155
0.0414541
0.0415416
0.041833
0.0423075
0.0429156
0.0108817
0.0217392
0.0259716
0.0296408
0.0331488
0.0361745
0.038471
0.0399623
0.0407054
0.0408328
0.0405204
0.0399639
0.0393536
0.0388446
0.0385304
0.0384299
0.0384927
0.0386198
0.038692
0.0112864
0.022707
0.0272752
0.0309899
0.0343009
0.0369528
0.0387598
0.0396915
0.0398485
0.0394071
0.0385849
0.0376104
0.0366814
0.0359229
0.0353583
0.0349099
0.0344288
0.0337425
0.0327013
0.0116252
0.0234912
0.0283518
0.0320385
0.0350925
0.0373375
0.0386356
0.039007
0.0386012
0.0376424
0.0363866
0.0350765
0.0338837
0.0328583
0.0319189
0.0308884
0.0295645
0.027796
0.0255349
0.0118989
0.024103
0.0291977
0.0327873
0.0355551
0.0373748
0.0381641
0.0379975
0.0370779
0.0356767
0.0340763
0.0325049
0.0310683
0.0297151
0.0282685
0.0265164
0.0243194
0.0216826
0.0187707
0.0121128
0.0245511
0.0298025
0.0332612
0.0357254
0.0371176
0.0374173
0.0367569
0.0353944
0.0336414
0.0317852
0.0300071
0.0283201
0.0265784
0.024572
0.0221643
0.0193934
0.0164784
0.0137425
0.0122708
0.0248459
0.0301848
0.0334925
0.035645
0.0366228
0.0364698
0.0353781
0.0336587
0.0316492
0.0296148
0.0276619
0.025708
0.0235582
0.0210624
0.0182563
0.0153801
0.0127753
0.0107185
0.0123773
0.0250028
0.0303735
0.0335144
0.0353585
0.0359489
0.0353943
0.0339469
0.0319632
0.0297865
0.0276328
0.0255184
0.023289
0.0207717
0.017962
0.0150898
0.0125089
0.0105033
0.00916206
0.0124367
0.0250382
0.0303962
0.0333615
0.0349109
0.0351518
0.0342573
0.0325364
0.0303787
0.0281103
0.0258752
0.0236014
0.021108
0.0183182
0.0154112
0.0127485
0.0106545
0.00924533
0.00844178
0.0124538
0.0249687
0.0302793
0.0330678
0.0343448
0.0342822
0.0331153
0.0312037
0.0289537
0.0266509
0.0243534
0.0219191
0.0191957
0.0162559
0.0134402
0.0111359
0.00953662
0.00859529
0.00814624
0.0124334
0.0248106
0.0300482
0.032665
0.0336985
0.0333834
0.0320134
0.029989
0.027715
0.0254164
0.0230612
0.0204675
0.0175642
0.0145929
0.0119906
0.0100772
0.0088924
0.00828334
0.00806306
0.0123805
0.0245789
0.0297261
0.0321818
0.0330051
0.0324903
0.0309841
0.0289167
0.0266722
0.0243994
0.0219821
0.0192344
0.0162084
0.0132977
0.0109611
0.00940334
0.0085368
0.00815892
0.00808869
0.0122996
0.0242878
0.0293338
0.031643
0.0322914
0.0316291
0.030049
0.0279976
0.0258213
0.0235829
0.021094
0.0182031
0.0151076
0.0123151
0.0102474
0.00898606
0.00835643
0.00814113
0.00817302
0.012195
0.0239498
0.0288894
0.0310693
0.0315786
0.0308184
0.0292194
0.0272316
0.0251491
0.0229428
0.0203718
0.0173521
0.014231
0.0115848
0.00976303
0.00873836
0.0082856
0.00818742
0.00829215
0.0120707
0.0235759
0.0284082
0.0304774
0.0308824
0.0300695
0.0284989
0.0266113
0.0246362
0.0224522
0.0197778
0.0166527
0.0135446
0.0110525
0.00944373
0.00860509
0.00828627
0.00827527
0.00843481
0.0119305
0.0231755
0.027903
0.0298805
0.0302137
0.0293882
0.027885
0.0261236
0.0242603
0.0220561
0.0192663
0.0160774
0.0130171
0.0106743
0.00924433
0.00855269
0.00833688
0.00839287
0.00859575
0.0117775
0.0227565
0.0273839
0.0292884
0.0295793
0.0287759
0.0273711
0.0257526
0.0239888
0.0217348
0.0188335
0.0156009
0.0126145
0.0104156
0.00913453
0.00855966
0.00842461
0.00853386
0.00877241
0.0116145
0.0223254
0.0268592
0.0287081
0.0289833
0.0282312
0.0269479
0.0254806
0.0237807
0.0214723
0.0184728
0.0152118
0.0123145
0.0102508
0.0090934
0.0086122
0.00854179
0.00869455
0.00896317
0.011444
0.0218877
0.0263348
0.0281445
0.028427
0.02775
0.0266044
0.0252882
0.0236271
0.0212628
0.0181777
0.0149018
0.0121
0.0101608
0.00910615
0.00870099
0.00868318
0.00887212
0.00916635
0.0112679
0.0214474
0.0258155
0.0276008
0.0279102
0.0273268
0.0263289
0.025158
0.02352
0.0211011
0.0179427
0.0146627
0.0119565
0.01013
0.00916218
0.00881898
0.00884404
0.00906328
0.00937932
0.0110882
0.021008
0.0253047
0.0270785
0.0274312
0.0269553
0.0261098
0.0250658
0.0234501
0.0209828
0.017763
0.014489
0.0118675
0.0101438
0.00925173
0.00895872
0.00901832
0.00926303
0.00959787
0.0109062
0.020572
0.0248047
0.0265784
0.0269877
0.0266287
0.0259356
0.0250023
0.0234119
0.0209039
0.0176345
0.0143734
0.0118253
0.0101926
0.00936515
0.00911143
0.00919835
0.00946489
0.00981631
0.0107231
0.0201413
0.0243169
0.0261003
0.0265767
0.0263405
0.0257968
0.0249629
0.0234012
0.0208607
0.0175536
0.0143103
0.0118262
0.0102668
0.0094911
0.00926884
0.00937828
0.00966298
0.0100292
0.0105399
0.0197173
0.0238425
0.0256438
0.0261951
0.0260847
0.0256855
0.0249436
0.0234149
0.0208509
0.017517
0.014294
0.0118646
0.0103632
0.00962787
0.00943088
0.00955851
0.00985775
0.010235
0.0103574
0.0193012
0.0233817
0.0252077
0.0258397
0.0258557
0.0255954
0.0249408
0.0234501
0.0208724
0.0175218
0.01432
0.011936
0.0104793
0.00977452
0.00959693
0.00973863
0.0100489
0.0104339
0.010176
0.0188934
0.0229347
0.0247908
0.0255073
0.0256485
0.0255212
0.0249514
0.0235043
0.0209233
0.017565
0.0143841
0.0120368
0.0106132
0.00993031
0.00976655
0.00991828
0.0102363
0.010626
0.0099964
0.0184947
0.0225013
0.0243918
0.025195
0.0254589
0.0254585
0.0249728
0.0235753
0.0210015
0.0176441
0.0144833
0.0121645
0.0107636
0.0100948
0.00993945
0.0100972
0.0104195
0.0108108
0.00981879
0.018105
0.0220813
0.0240094
0.0249001
0.0252833
0.0254039
0.0250024
0.023661
0.0211055
0.0177568
0.0146149
0.0123169
0.0109298
0.0102676
0.0101155
0.0102751
0.0105982
0.010988
0.00964332
0.0177246
0.0216741
0.0236421
0.0246201
0.0251185
0.0253543
0.025038
0.0237595
0.0212333
0.017901
0.0147766
0.0124927
0.011111
0.0104488
0.0102946
0.0104519
0.0107721
0.0111571
0.0094701
0.017353
0.0212792
0.0232886
0.0243528
0.0249618
0.0253074
0.0250776
0.0238689
0.0213834
0.0180749
0.0149669
0.012691
0.0113074
0.0106387
0.0104772
0.0106278
0.0109414
0.0113185
0.00929972
0.0169904
0.0208958
0.0229477
0.0240963
0.0248111
0.0252609
0.025119
0.0239869
0.0215543
0.0182774
0.0151847
0.0129114
0.0115192
0.0108379
0.0106642
0.0108039
0.0111071
0.0114737
0.00913196
0.0166373
0.0205236
0.0226185
0.023849
0.0246642
0.0252113
0.0251566
0.0241081
0.0217456
0.0185122
0.0154313
0.013155
0.0117481
0.0110485
0.0108584
0.0109834
0.011272
0.0116221
0.00897053
0.0162925
0.0201611
0.022299
0.0236088
0.0245191
0.0251572
0.025189
0.0242281
0.0219476
0.0187711
0.0157108
0.0134283
0.0120004
0.0112772
0.0110641
0.0111677
0.0114359
0.0117658
0.00881463
0.0159555
0.0198081
0.0219883
0.0233744
0.0243745
0.0250979
0.0252149
0.0243452
0.0221577
0.019052
0.0160202
0.0137313
0.0122786
0.0115257
0.011283
0.0113587
0.0116014
0.0119078
0.00866362
0.0156266
0.0194639
0.0216856
0.0231448
0.0242292
0.0250324
0.0252337
0.0244584
0.022374
0.0193527
0.0163578
0.0140638
0.0125833
0.0117956
0.011517
0.0115592
0.0117718
0.0120523
0.00851696
0.0153057
0.0191282
0.02139
0.022919
0.0240825
0.0249604
0.0252444
0.0245664
0.0225946
0.019671
0.0167222
0.0144254
0.0129155
0.0120887
0.011769
0.0117725
0.0119512
0.012204
0.00837417
0.0149923
0.0188001
0.0211009
0.022696
0.0239336
0.0248815
0.0252465
0.024668
0.0228175
0.0200047
0.0171117
0.0148158
0.0132763
0.0124073
0.0120423
0.012003
0.0121448
0.0123685
0.00823483
0.014686
0.0184794
0.0208179
0.0224754
0.0237821
0.0247955
0.0252396
0.0247622
0.0230409
0.0203514
0.0175244
0.0152345
0.0136667
0.012754
0.0123408
0.0122556
0.0123584
0.0125522
0.00809856
0.0143863
0.0181656
0.0205402
0.0222565
0.0236276
0.0247026
0.0252234
0.0248481
0.0232629
0.0207088
0.017959
0.0156813
0.0140883
0.0131319
0.0126691
0.012536
0.0125983
0.0127623
0.00796503
0.0140932
0.0178585
0.0202675
0.0220391
0.0234702
0.0246028
0.0251978
0.0249249
0.0234814
0.0210726
0.0184138
0.0161565
0.0145429
0.0135447
0.0130319
0.0128503
0.0128715
0.0130075
0.00783393
0.0138062
0.0175576
0.0199994
0.0218227
0.0233096
0.0244964
0.025163
0.0249921
0.0236945
0.02144
0.018886
0.0166602
0.0150317
0.0139956
0.0134344
0.0132047
0.013186
0.0132981
0.007705
0.0135251
0.0172626
0.0197355
0.0216073
0.0231462
0.0243839
0.025119
0.0250493
0.0239006
0.0218082
0.0193713
0.0171915
0.015557
0.0144879
0.0138815
0.0136054
0.0135517
0.0136452
0.007578
0.0132498
0.0169731
0.0194755
0.0213929
0.0229802
0.0242658
0.0250664
0.0250963
0.0240981
0.0221748
0.019867
0.0177479
0.016119
0.0150246
0.0143774
0.0140609
0.0139787
0.0140614
0.00745274
0.01298
0.016689
0.0192193
0.0211793
0.0228119
0.0241428
0.0250058
0.0251333
0.024286
0.0225373
0.0203706
0.0183273
0.0167178
0.0156075
0.0149266
0.0145789
0.0144779
0.0145606
0.00732902
0.0127154
0.0164099
0.0189667
0.0209669
0.022642
0.0240159
0.0249381
0.0251608
0.0244634
0.0228938
0.0208794
0.0189276
0.017353
0.0162366
0.0155346
0.0151682
0.0150617
0.0151592
0.00720671
0.012456
0.0161357
0.0187177
0.020756
0.0224712
0.0238859
0.0248641
0.0251796
0.0246304
0.0232426
0.0213909
0.0195466
0.0180227
0.0169146
0.0162072
0.0158384
0.0157438
0.0158757
0.00708566
0.0122016
0.0158663
0.0184722
0.0205468
0.0223003
0.0237541
0.0247854
0.0251909
0.0247874
0.023583
0.0219034
0.0201833
0.0187231
0.0176436
0.016951
0.0166008
0.0165413
0.0167331
0.00696577
0.011952
0.0156015
0.0182303
0.0203398
0.0221302
0.0236219
0.0247033
0.0251965
0.0249355
0.0239151
0.0224158
0.0208345
0.0194572
0.0184279
0.0177744
0.0174695
0.0174749
0.0177609
0.00684697
0.0117072
0.0153412
0.0179923
0.0201357
0.021962
0.0234906
0.0246197
0.0251985
0.0250767
0.0242398
0.0229289
0.0214969
0.0202256
0.0192734
0.0186888
0.0184631
0.0185714
0.01899
0.00672921
0.0114672
0.0150855
0.0177581
0.0199348
0.0217967
0.0233619
0.0245365
0.0251992
0.0252137
0.0245594
0.0234429
0.0221743
0.0210329
0.0201887
0.0197098
0.0196063
0.0198668
0.0204785
0.00661245
0.0112317
0.0148344
0.017528
0.0197378
0.0216353
0.0232371
0.0244557
0.0252013
0.0253496
0.0248773
0.0239586
0.0228705
0.0218863
0.0211866
0.020859
0.0209318
0.0214029
0.0222447
0.00649671
0.011001
0.0145878
0.0173023
0.0195452
0.0214785
0.0231171
0.0243794
0.0252078
0.0254882
0.0251978
0.0244807
0.0235919
0.0227961
0.022285
0.0221658
0.0224836
0.0232419
0.02424
0.00638202
0.010775
0.0143459
0.0170811
0.0193573
0.0213262
0.0229996
0.0243097
0.0252213
0.0256335
0.0255252
0.025017
0.0243479
0.0237769
0.0235086
0.0236698
0.0243144
0.0254329
0.0264051
0.00626843
0.0105537
0.0141089
0.0168648
0.0191745
0.0211787
0.0228862
0.024248
0.0252446
0.0257893
0.0258641
0.0255751
0.0251501
0.0248483
0.0248908
0.0254211
0.0264791
0.0278151
0.0284842
0.00615604
0.0103373
0.0138768
0.0166534
0.0189969
0.0210366
0.0227783
0.0241957
0.0252801
0.0259593
0.0262198
0.0261634
0.0260125
0.0260352
0.0264736
0.0274768
0.0290612
0.0302431
0.0300621
0.00604496
0.010126
0.0136498
0.0164471
0.0188247
0.0209002
0.022677
0.0241538
0.0253296
0.0261466
0.0265986
0.0267913
0.0269514
0.0273669
0.0283009
0.0298481
0.0317019
0.0321773
0.0304237
0.00593534
0.00991978
0.0134283
0.0162461
0.0186578
0.0207696
0.0225832
0.024123
0.0253944
0.0263537
0.0270053
0.0274676
0.0279837
0.0288738
0.0304099
0.0325786
0.0341593
0.0328121
0.0287518
0.00582735
0.00971904
0.0132123
0.0160503
0.018496
0.0206447
0.0224973
0.0241038
0.0254753
0.0265821
0.0274433
0.028199
0.0291223
0.0305677
0.0327489
0.0352609
0.0356739
0.0309987
0.0244635
0.00572117
0.00952403
0.0130022
0.01586
0.0183392
0.0205252
0.0224197
0.024096
0.0255717
0.0268316
0.0279128
0.0289863
0.0303634
0.0324089
0.0351376
0.037378
0.0351152
0.0261273
0.0181991
0.00561707
0.00933579
0.0127994
0.0156764
0.0181882
0.0204117
0.0223504
0.0240984
0.025681
0.0270974
0.0284059
0.0298138
0.0316639
0.0342613
0.0372309
0.038315
0.0317392
0.0191385
0.0108332
0.00553639
0.00919036
0.0126416
0.0155324
0.0180692
0.0203227
0.0222998
0.0241076
0.0257801
0.0273287
0.0288317
0.0305283
0.0327638
0.0356872
0.0384225
0.0374895
0.0261236
0.0123517
0.00454751
0.00545725
0.00904902
0.0124889
0.0153933
0.0179544
0.0202377
0.0222544
0.0241221
0.0258847
0.0275649
0.0292596
0.031227
0.0337551
0.0367107
0.0386801
0.0353428
0.0202474
0.00735905
0.00253853
0.00537955
0.00891069
0.0123393
0.0152562
0.0178407
0.0201539
0.0222128
0.0241418
0.0259967
0.0278111
0.0296967
0.0319072
0.0345952
0.0372293
0.0378171
0.0317946
0.014115
0.00501611
0.00250283
0.00170202
0.00149471
0.00142919
0.00142585
0.00144763
0.00148085
0.00151756
0.00155368
0.00158679
0.00161532
0.00163811
0.00165399
0.00166147
0.00165827
0.00164034
0.00159999
0.00152284
0.00138649
0.00118245
0.000866132
0.000198821
0.00362474
0.00321394
0.0030706
0.00304103
0.00307124
0.00312478
0.00318504
0.00324325
0.00329384
0.00333254
0.00335564
0.00335955
0.00334046
0.00329371
0.00321241
0.00308502
0.00289095
0.00258885
0.00214186
0.00151291
0.000543577
0.00466474
0.00436271
0.00424565
0.00420731
0.00423198
0.00428908
0.00435722
0.00442255
0.00447531
0.00450724
0.00451055
0.00447753
0.00440042
0.00427159
0.00408375
0.00382983
0.00350174
0.00308502
0.00254683
0.00185315
0.000806993
0.0054714
0.00523799
0.00513501
0.00510473
0.00513337
0.0052048
0.00529393
0.00538167
0.00545491
0.00550218
0.00551219
0.00547339
0.00537392
0.00520216
0.00494752
0.00460158
0.00415859
0.00361302
0.00295266
0.00215206
0.0010284
0.00605578
0.00587115
0.0057966
0.00578828
0.00584302
0.005939
0.0060585
0.00617931
0.00628607
0.006365
0.00640217
0.00638276
0.00629102
0.00611073
0.00582628
0.00542429
0.00489525
0.00423242
0.00342575
0.00245751
0.00121455
0.00645806
0.0063274
0.00628915
0.00631097
0.00639627
0.00652347
0.00667592
0.00683236
0.00697627
0.00709236
0.00716482
0.0071765
0.00710859
0.00694089
0.00665258
0.00622363
0.00563689
0.00487848
0.00393234
0.00278074
0.00137665
0.00676871
0.00667661
0.00666645
0.00672089
0.00683682
0.00699544
0.00717923
0.00737
0.00755005
0.00770298
0.00781166
0.00785726
0.00781877
0.00767298
0.00739489
0.00695847
0.00633794
0.00550828
0.00444013
0.00310687
0.00152228
0.0070257
0.0069609
0.00697432
0.00705746
0.00720138
0.00738898
0.00760166
0.00782369
0.00803652
0.00822293
0.00836486
0.00844229
0.00843262
0.00831052
0.00804792
0.00761419
0.0069762
0.00609713
0.00493103
0.00343125
0.00165617
0.00725134
0.00720521
0.00724078
0.00734954
0.00751876
0.00773219
0.00797158
0.00822128
0.0084626
0.00867784
0.00884826
0.008953
0.00896835
0.00886745
0.00862016
0.00819263
0.00754614
0.00663394
0.00539275
0.00374827
0.00178066
0.00746085
0.00742656
0.00748483
0.0076176
0.00781066
0.00804768
0.00831086
0.00858449
0.00884983
0.00908886
0.0092824
0.00940899
0.00944413
0.00935992
0.00912483
0.00870299
0.00805198
0.00711736
0.00582006
0.00405405
0.00189745
0.00766493
0.00764121
0.00772008
0.0078758
0.0080916
0.00835035
0.00863455
0.00892853
0.00921356
0.00947143
0.00968275
0.00982562
0.009875
0.00980226
0.00957505
0.0091564
0.00850177
0.0075513
0.00621244
0.00434634
0.00200781
0.00786874
0.00785608
0.00795481
0.00813281
0.0083703
0.00864908
0.00895174
0.0092627
0.00956335
0.00983548
0.0100596
0.0102135
0.0102719
0.0102055
0.00998165
0.00956301
0.00890418
0.00794177
0.00657215
0.0046244
0.00211275
0.00807469
0.00807483
0.0081934
0.00839305
0.00865102
0.00894809
0.00926674
0.00959148
0.00990399
0.0101862
0.0104186
0.0105791
0.0106418
0.0105772
0.0103526
0.00993094
0.00926691
0.00829506
0.00690268
0.00488858
0.00221314
0.00828366
0.00829897
0.00843746
0.00865784
0.00893481
0.00924821
0.00958031
0.00991572
0.0102366
0.0105251
0.0107621
0.0109252
0.0109884
0.0109221
0.0106934
0.0102662
0.00959615
0.00861682
0.00720783
0.00513981
0.00230968
0.00849634
0.00852862
0.00868664
0.00892639
0.00922046
0.0095479
0.00989076
0.0102337
0.0105596
0.0108512
0.0110895
0.0112522
0.0113131
0.0112422
0.0110071
0.0105728
0.00989668
0.00891178
0.00749118
0.00537935
0.00240304
0.0087138
0.00876303
0.00893939
0.00919655
0.00950534
0.00984412
0.0101948
0.0105422
0.0108699
0.0111616
0.0113986
0.0115586
0.0116153
0.0115383
0.0112955
0.0108536
0.010172
0.00918381
0.0077559
0.00560855
0.00249379
0.00893537
0.00900065
0.00919337
0.00946533
0.00978597
0.010133
0.0104884
0.010837
0.0111637
0.0114527
0.0116862
0.011842
0.0118934
0.0118096
0.011559
0.0111103
0.0104249
0.00943607
0.00800476
0.00582874
0.00258247
0.00915964
0.0092393
0.00944568
0.00972932
0.0100585
0.0104105
0.0107672
0.0111139
0.0114365
0.0117205
0.0119487
0.0120993
0.0121451
0.0120549
0.0117976
0.0113439
0.0106575
0.00967113
0.0082401
0.00604118
0.00266956
0.00938489
0.00947617
0.00969309
0.00998484
0.0103189
0.0106723
0.0110272
0.0113688
0.0116845
0.0119611
0.0121825
0.0123273
0.0123677
0.0122723
0.0120108
0.0115555
0.0108716
0.00989118
0.0084639
0.00624703
0.00275555
0.00960926
0.00970795
0.00993213
0.0102282
0.0105635
0.0109151
0.0112648
0.0115982
0.0119042
0.0121711
0.0123842
0.0125226
0.0125585
0.0124601
0.012198
0.0117457
0.0110687
0.010098
0.00867784
0.00644736
0.00284091
0.00983066
0.00993179
0.0101593
0.0104559
0.0107894
0.0111359
0.011477
0.011799
0.0120925
0.0123475
0.0125506
0.0126822
0.012715
0.0126167
0.0123589
0.0119153
0.0112501
0.010293
0.0088833
0.00664318
0.00292611
0.0100476
0.0101461
0.0103711
0.0106656
0.0109941
0.0113321
0.0116614
0.0119689
0.0122469
0.0124872
0.0126787
0.0128035
0.0128362
0.0127425
0.012493
0.0120641
0.0114164
0.0104771
0.00908143
0.00683541
0.00301164
0.0102588
0.0103496
0.0105675
0.010856
0.0111761
0.011502
0.0118162
0.012106
0.0123654
0.0125883
0.0127669
0.0128872
0.012923
0.0128387
0.0126024
0.0121932
0.011568
0.0106512
0.00927328
0.00702497
0.00309798
0.0104641
0.0105428
0.0107494
0.0110266
0.0113341
0.0116448
0.0119405
0.0122091
0.0124468
0.012651
0.0128172
0.0129333
0.0129747
0.012905
0.0126884
0.0123033
0.0117055
0.0108162
0.00945993
0.00721281
0.00318568
0.0106644
0.010727
0.0109178
0.0111789
0.0114687
0.0117596
0.0120333
0.0122782
0.0124926
0.0126766
0.0128291
0.0129416
0.0129918
0.0129422
0.0127521
0.0123957
0.0118304
0.0109733
0.0096425
0.00739984
0.00327528
0.0108608
0.010903
0.0110732
0.0113132
0.0115808
0.0118474
0.0120952
0.0123134
0.0125022
0.0126648
0.0128036
0.0129138
0.0129757
0.0129515
0.0127949
0.0124732
0.0119452
0.0111241
0.00982209
0.00758698
0.0033674
0.0110541
0.011071
0.0112152
0.0114288
0.0116691
0.0119071
0.0121254
0.0123147
0.0124771
0.0126183
0.0127439
0.0128528
0.0129289
0.0129348
0.0128182
0.0125375
0.0120517
0.0112697
0.00999977
0.00777515
0.00346273
0.011244
0.0112307
0.0113431
0.0115247
0.0117327
0.0119386
0.012125
0.0122845
0.0124206
0.0125411
0.0126544
0.0127628
0.0128546
0.0128939
0.0128231
0.0125897
0.0121508
0.0114113
0.0101766
0.0079652
0.00356202
0.011426
0.0113794
0.0114558
0.0116008
0.0117727
0.0119432
0.0120965
0.0122265
0.0123372
0.012438
0.0125397
0.0126482
0.0127563
0.0128311
0.0128107
0.0126307
0.0122435
0.0115496
0.0103534
0.00815799
0.00366617
0.0115962
0.0115131
0.0115507
0.0116563
0.0117897
0.011924
0.0120442
0.0121454
0.0122319
0.0123143
0.012405
0.0125135
0.0126376
0.0127485
0.0127819
0.012661
0.0123302
0.0116855
0.010531
0.00835437
0.00377626
0.0117545
0.0116293
0.0116259
0.011691
0.0117854
0.0118837
0.0119718
0.0120455
0.0121093
0.0121745
0.0122551
0.0123638
0.0125029
0.0126489
0.0127378
0.012681
0.012411
0.0118193
0.0107103
0.008555
0.00389357
0.0119013
0.0117304
0.0116819
0.0117047
0.0117609
0.0118249
0.0118824
0.0119303
0.011973
0.0120225
0.0120941
0.012203
0.0123562
0.0125358
0.0126802
0.0126911
0.0124856
0.0119514
0.010892
0.00876088
0.00401971
0.0120377
0.0118189
0.0117226
0.011701
0.0117178
0.0117483
0.0117782
0.0118022
0.0118259
0.0118614
0.0119251
0.0120347
0.0122011
0.0124126
0.0126117
0.012693
0.0125564
0.0120843
0.0110777
0.00897278
0.00415222
0.0121652
0.0118973
0.0117516
0.0116837
0.0116598
0.0116563
0.0116592
0.011663
0.01167
0.0116937
0.0117512
0.0118621
0.012041
0.0122823
0.0125343
0.012688
0.0126249
0.0122198
0.0112691
0.00919265
0.00429039
0.0122849
0.0119681
0.0117724
0.0116573
0.0115914
0.0115528
0.0115284
0.0115132
0.0115073
0.0115217
0.0115751
0.0116884
0.0118793
0.0121481
0.0124506
0.012677
0.012692
0.0123589
0.0114675
0.00942157
0.00443453
0.0123984
0.0120341
0.0117888
0.0116261
0.0115176
0.0114431
0.0113907
0.0113563
0.0113398
0.0113484
0.0114002
0.0115171
0.0117197
0.0120136
0.0123631
0.0126615
0.0127585
0.0125026
0.0116739
0.00966063
0.0045854
0.0125071
0.0120977
0.0118044
0.0115949
0.0114438
0.011333
0.0112521
0.0111978
0.0111708
0.0111776
0.0112299
0.0113519
0.0115658
0.0118823
0.0122746
0.0126429
0.012825
0.0126516
0.0118894
0.00991094
0.00474358
0.0126124
0.0121615
0.0118229
0.0115684
0.0113756
0.0112289
0.0111191
0.0110444
0.0110063
0.0110112
0.0110682
0.0111967
0.0114216
0.0117579
0.0121883
0.0126229
0.0128923
0.0128068
0.0121153
0.0101737
0.0049097
0.0127155
0.0122279
0.0118477
0.011551
0.0113186
0.0111369
0.0109986
0.0109031
0.0108533
0.0108557
0.0109194
0.0110559
0.0112911
0.0116445
0.0121076
0.0126036
0.0129614
0.0129691
0.012353
0.0104502
0.00508441
0.0128174
0.0122987
0.0118817
0.0115468
0.0112776
0.0110629
0.0108971
0.0107806
0.0107189
0.0107178
0.0107867
0.0109339
0.0111787
0.011546
0.0120363
0.0125876
0.0130333
0.0131391
0.0126039
0.0107417
0.00526842
0.0129189
0.0123754
0.0119273
0.011559
0.011257
0.0110122
0.0108207
0.0106841
0.0106099
0.0106046
0.0106772
0.0108351
0.0110886
0.0114667
0.0119781
0.0125777
0.0131089
0.0133175
0.0128694
0.0110497
0.00546248
0.0130202
0.0124589
0.0119861
0.01159
0.01126
0.0109889
0.0107744
0.0106195
0.0105327
0.0105222
0.0105967
0.0107628
0.011025
0.0114103
0.0119372
0.0125771
0.0131896
0.0135039
0.013151
0.0113754
0.00566753
0.0131215
0.0125495
0.0120589
0.0116412
0.0112887
0.0109959
0.010762
0.0105909
0.0104921
0.0104759
0.0105508
0.010722
0.010991
0.0113804
0.0119172
0.0125895
0.0132773
0.0137005
0.013451
0.0117205
0.00588468
0.0132223
0.0126471
0.0121457
0.0117131
0.011344
0.0110347
0.0107856
0.0106014
0.0104919
0.0104697
0.0105435
0.0107172
0.0109894
0.0113796
0.0119218
0.0126187
0.0133746
0.0139082
0.013771
0.0120866
0.00611521
0.0133222
0.0127509
0.012246
0.0118053
0.0114257
0.0111055
0.0108458
0.0106522
0.0105344
0.0105066
0.010578
0.010751
0.0110222
0.0114105
0.011954
0.0126685
0.0134834
0.0141266
0.0141109
0.0124743
0.00636048
0.0134202
0.0128597
0.0123583
0.0119162
0.0115326
0.011207
0.0109419
0.0107431
0.0106208
0.0105879
0.0106557
0.0108251
0.0110911
0.0114748
0.0120166
0.0127422
0.0136057
0.0143547
0.0144688
0.0128834
0.00662234
0.0135155
0.012972
0.0124808
0.0120439
0.0116623
0.0113372
0.0110717
0.0108723
0.010749
0.0107131
0.0107769
0.01094
0.011197
0.0115739
0.0121113
0.0128422
0.0137429
0.0145906
0.0148389
0.013313
0.00690382
0.0136073
0.013086
0.0126109
0.0121855
0.011812
0.0114928
0.0112321
0.0110366
0.0109161
0.0108802
0.0109402
0.0110947
0.0113404
0.0117088
0.0122391
0.0129694
0.0138961
0.0148336
0.0152232
0.013774
0.00721037
0.0136942
0.0132005
0.0127464
0.0123378
0.011978
0.0116701
0.0114191
0.011232
0.0111185
0.0110869
0.0111428
0.011286
0.0115209
0.0118796
0.0123994
0.0131232
0.0140657
0.0150834
0.01562
0.0142729
0.0075462
0.0137754
0.0133137
0.0128854
0.0124979
0.0121563
0.0118646
0.0116278
0.0114535
0.0113505
0.0113258
0.0113794
0.0115113
0.0117367
0.0120844
0.0125907
0.0133024
0.0142513
0.0153394
0.0160276
0.0148145
0.00791429
0.0138499
0.0134236
0.0130253
0.0126629
0.0123432
0.0120715
0.0118531
0.0116952
0.0116059
0.01159
0.0116445
0.011767
0.0119839
0.0123197
0.0128103
0.0135054
0.0144525
0.0156011
0.0164452
0.015406
0.0083156
0.0139167
0.0135283
0.0131632
0.0128296
0.0125349
0.0122859
0.0120891
0.0119507
0.0118773
0.0118713
0.0119258
0.0120458
0.0122561
0.0125805
0.0130543
0.0137303
0.0146693
0.0158684
0.0168753
0.0160615
0.00874315
0.0139745
0.0136257
0.013296
0.0129939
0.0127272
0.0125032
0.0123297
0.0122129
0.0121568
0.0121602
0.0122176
0.0123431
0.0125476
0.0128614
0.013319
0.013975
0.0149021
0.0161422
0.0173253
0.0167906
0.00916191
0.0140216
0.0137131
0.0134201
0.0131513
0.0129147
0.0127179
0.0125688
0.012474
0.0124353
0.0124451
0.0125087
0.0126384
0.0128484
0.0131558
0.0135991
0.014237
0.0151511
0.0164247
0.0177939
0.0175958
0.00957673
0.014055
0.013787
0.0135313
0.0132966
0.013091
0.0129226
0.0127989
0.0127259
0.0127025
0.0127207
0.0127907
0.0129239
0.0131353
0.0134457
0.0138881
0.0145158
0.0154193
0.0167198
0.0182695
0.018475
0.0100698
0.0140702
0.0138422
0.0136235
0.0134229
0.0132486
0.0131086
0.0130103
0.0129582
0.0129463
0.0129748
0.0130519
0.0131889
0.0134006
0.0137086
0.0141465
0.0147701
0.0156738
0.0170125
0.0187833
0.0195325
0.0108801
0.0140597
0.0138709
0.0136886
0.0135214
0.0133776
0.0132653
0.0131912
0.0131584
0.0131581
0.013196
0.01328
0.0134207
0.0136328
0.0139378
0.0143692
0.0149831
0.0158768
0.0172232
0.019151
0.0204982
0.0119179
0.0140129
0.0138622
0.0137151
0.0135801
0.0134655
0.0133792
0.0133274
0.0133098
0.0133216
0.0133689
0.0134595
0.0136038
0.0138162
0.0141179
0.0145422
0.0151451
0.0160252
0.017367
0.0194217
0.0214478
0.0130098
0.0139146
0.0138008
0.0136875
0.0135831
0.0134959
0.0134334
0.0134013
0.0133971
0.0134198
0.0134755
0.0135718
0.0137189
0.0139309
0.0142285
0.0146444
0.0152339
0.0160946
0.0174226
0.0195122
0.0221876
0.0144726
0.0137461
0.0136674
0.013586
0.01351
0.0134477
0.0134064
0.0133913
0.0133989
0.0134309
0.0134935
0.013594
0.0137425
0.0139525
0.014244
0.0146482
0.0152192
0.0160487
0.0173549
0.0194262
0.0233927
0.016125
0.00528355
0.00874222
0.0121581
0.0150905
0.0177033
0.0200537
0.0221667
0.0241713
0.02614
0.0281161
0.0302181
0.0326481
0.0353006
0.0371381
0.0356808
0.0265301
0.0112849
0.00483709
0.00267275
0.00519024
0.0085801
0.0119827
0.0149287
0.0175678
0.0199552
0.0221252
0.024206
0.02629
0.0284253
0.0307183
0.0332594
0.0356081
0.0362796
0.0326324
0.0222754
0.0107779
0.00599642
0.00445408
0.00509984
0.00842484
0.0118145
0.0147725
0.017436
0.01986
0.0220886
0.0242443
0.0264413
0.0287255
0.0311647
0.0336837
0.035513
0.0349478
0.0296029
0.0194006
0.0102182
0.0065461
0.00532768
0.0050125
0.00827634
0.0116533
0.0146218
0.0173077
0.0197682
0.0220562
0.0242849
0.0265913
0.0290092
0.031538
0.0339022
0.0350656
0.0332728
0.0270589
0.0176784
0.0100705
0.00695017
0.00594586
0.0049283
0.00813452
0.011499
0.0144765
0.0171831
0.0196799
0.0220273
0.024327
0.026737
0.029268
0.0318214
0.0339119
0.0343312
0.0315102
0.0249565
0.0165219
0.010116
0.00735931
0.00644694
0.00484733
0.00799874
0.0113514
0.0143366
0.017062
0.0195934
0.0219973
0.0243705
0.026875
0.0294927
0.0320018
0.0337246
0.0333837
0.0298198
0.0232444
0.0157094
0.0101593
0.00762454
0.00677463
0.0047696
0.00786886
0.0112104
0.0142019
0.0169443
0.0195078
0.0219653
0.0244145
0.0270015
0.0296743
0.0320722
0.0333634
0.0323307
0.0282491
0.0218357
0.0151173
0.0102185
0.00785605
0.00704056
0.0046951
0.00774486
0.0110759
0.0140723
0.01683
0.0194233
0.0219324
0.0244571
0.0271119
0.0298037
0.0320322
0.0328634
0.0312547
0.02685
0.0206667
0.014639
0.0102836
0.00807278
0.0072737
0.00462379
0.00762667
0.0109475
0.0139474
0.0167187
0.0193401
0.0218993
0.0244961
0.027202
0.0298748
0.0318896
0.0322671
0.030193
0.0256151
0.0197017
0.0142303
0.0103334
0.00827764
0.00748916
0.00455563
0.00751411
0.0108248
0.0138269
0.0166104
0.0192582
0.0218658
0.0245284
0.0272676
0.0298856
0.0316541
0.0316145
0.029181
0.0245362
0.0189087
0.0138794
0.0103679
0.00847034
0.00769529
0.00449053
0.00740692
0.0107074
0.0137105
0.0165048
0.0191771
0.0218284
0.0245458
0.0273078
0.0298384
0.0313385
0.0309271
0.0282263
0.0235987
0.0182599
0.0135912
0.0103995
0.00865131
0.00789672
0.00442841
0.0073048
0.0105948
0.0135977
0.0164015
0.0190967
0.0217869
0.0245493
0.0273189
0.0297342
0.0309631
0.0302302
0.0273405
0.0227883
0.0177269
0.0133708
0.0104277
0.00881658
0.00809481
0.00436915
0.0072074
0.0104866
0.0134883
0.0163004
0.0190166
0.0217408
0.0245379
0.0272981
0.0295763
0.030545
0.0295434
0.0265311
0.0220876
0.0172876
0.0132074
0.0104686
0.00897552
0.00829125
0.00431264
0.00711438
0.0103823
0.0133817
0.016201
0.0189362
0.0216891
0.0245087
0.0272402
0.0293687
0.0300936
0.028879
0.0257981
0.0214811
0.0169276
0.0130937
0.010529
0.0091322
0.00848672
0.00425873
0.00702539
0.0102815
0.0132778
0.0161029
0.0188551
0.0216308
0.024459
0.0271408
0.0291161
0.0296227
0.0282446
0.0251379
0.0209591
0.0166366
0.0130241
0.0106105
0.00929265
0.00868365
0.00420728
0.00694008
0.0101838
0.0131761
0.0160059
0.0187725
0.0215651
0.0243883
0.0270026
0.0288247
0.0291437
0.0276449
0.024547
0.0205124
0.0164054
0.0129935
0.0107119
0.00946096
0.00888436
0.00415814
0.00685809
0.0100888
0.0130762
0.0159096
0.018688
0.0214908
0.0242967
0.0268308
0.0285032
0.0286646
0.0270822
0.0240196
0.0201327
0.0162276
0.0129974
0.010832
0.00963824
0.00908969
0.00411115
0.0067791
0.00999604
0.0129778
0.0158135
0.0186006
0.0214071
0.0241846
0.0266297
0.02816
0.0281917
0.026557
0.0235503
0.0198125
0.0160966
0.0130316
0.0109689
0.0098244
0.00929974
0.00406615
0.0067028
0.0099053
0.0128806
0.0157171
0.0185098
0.0213131
0.0240527
0.0264036
0.0278019
0.0277295
0.0260687
0.0231337
0.0195451
0.0160068
0.0130925
0.011121
0.0100186
0.00951383
0.00402297
0.00662888
0.00981619
0.0127841
0.0156199
0.0184147
0.0212082
0.0239018
0.0261565
0.0274344
0.027281
0.0256162
0.0227651
0.0193243
0.0159531
0.0131768
0.0112863
0.0102197
0.00973056
0.00398145
0.00655706
0.0097284
0.0126881
0.0155215
0.0183146
0.0210919
0.0237329
0.0258917
0.0270614
0.0268468
0.0251993
0.0224402
0.0191449
0.0159308
0.0132816
0.0114634
0.0104264
0.00994841
0.00394142
0.00648706
0.00964163
0.0125921
0.0154212
0.0182088
0.0209638
0.0235473
0.0256122
0.0266857
0.026426
0.0248164
0.0221562
0.0190027
0.015936
0.0134043
0.011651
0.0106374
0.0101658
0.00390273
0.00641864
0.0095556
0.0124957
0.0153185
0.0180966
0.0208238
0.0233462
0.0253204
0.0263096
0.0260189
0.0244575
0.0219142
0.0188953
0.0159661
0.013543
0.0118478
0.0108524
0.010382
0.00386521
0.00635155
0.00947004
0.0123986
0.0152129
0.0179775
0.020672
0.0231306
0.0250186
0.0259345
0.0256253
0.0241204
0.0217003
0.0188249
0.0160203
0.0136965
0.0120532
0.0110711
0.010597
0.00382871
0.00628557
0.00938468
0.0123005
0.0151039
0.017851
0.0205083
0.0229017
0.0247083
0.0255614
0.0252448
0.0238032
0.0215077
0.0187777
0.0161031
0.0138658
0.0122677
0.0112937
0.0108114
0.00379305
0.0062205
0.00929926
0.0122008
0.0149909
0.0177166
0.0203329
0.0226605
0.024391
0.0251909
0.0248763
0.0235033
0.0213316
0.0187462
0.0162007
0.0140554
0.0124948
0.0115215
0.0110261
0.00375809
0.00615613
0.00921354
0.0120994
0.0148734
0.0175741
0.020146
0.0224079
0.0240675
0.0248232
0.0245187
0.0232186
0.0211698
0.0187277
0.0163092
0.0142523
0.0127308
0.0117572
0.0112426
0.00372367
0.00609231
0.00912728
0.0119957
0.0147511
0.0174231
0.0199479
0.0221447
0.0237387
0.0244581
0.0241707
0.0229467
0.02102
0.0187196
0.0164248
0.0144528
0.0129701
0.0119953
0.0114589
0.00368964
0.0060289
0.00904022
0.0118894
0.0146234
0.0172634
0.0197387
0.0218715
0.023405
0.0240952
0.0238309
0.0226855
0.0208796
0.0187186
0.0165443
0.0146534
0.0132085
0.0122321
0.0116714
0.00365584
0.00596581
0.00895212
0.0117803
0.0144901
0.0170949
0.0195189
0.0215889
0.0230668
0.0237342
0.0234978
0.0224324
0.0207457
0.0187205
0.0166646
0.0148522
0.0134424
0.0124643
0.0118775
0.00362213
0.005903
0.00886263
0.0116678
0.0143508
0.0169175
0.0192886
0.0212975
0.0227243
0.0233743
0.0231697
0.0221853
0.0206156
0.0187214
0.0167825
0.0150473
0.0136697
0.0126894
0.0120753
0.00358836
0.00583996
0.00877137
0.0115518
0.0142053
0.0167312
0.0190483
0.0209976
0.0223775
0.0230149
0.0228451
0.0219419
0.0204865
0.0187188
0.0168936
0.0152354
0.0138896
0.0129064
0.012264
0.00355438
0.00577633
0.00867812
0.0114319
0.0140533
0.016536
0.0187983
0.0206896
0.0220264
0.0226552
0.0225225
0.0217001
0.020356
0.0187103
0.0169946
0.0154124
0.0141006
0.0131148
0.0124437
0.00352004
0.0057119
0.00858273
0.011308
0.0138949
0.0163321
0.0185389
0.020374
0.021671
0.0222944
0.0222004
0.0214577
0.0202217
0.0186936
0.0170835
0.0155761
0.0142998
0.0133133
0.0126144
0.00348518
0.00564651
0.008485
0.0111799
0.0137298
0.0161197
0.0182706
0.0200511
0.0213113
0.0219319
0.0218773
0.0212129
0.0200816
0.0186666
0.0171585
0.0157249
0.0144856
0.0135007
0.0127761
0.00344963
0.00558002
0.00838474
0.0110474
0.0135582
0.015899
0.0179937
0.0197213
0.0209471
0.021567
0.0215521
0.0209641
0.0199337
0.0186276
0.017218
0.0158571
0.0146564
0.0136762
0.0129291
0.00341324
0.00551229
0.00828175
0.0109104
0.0133802
0.0156704
0.0177089
0.0193849
0.0205785
0.0211991
0.0212237
0.0207097
0.0197765
0.0185749
0.0172606
0.0159717
0.0148113
0.0138393
0.0130738
0.00337585
0.00544318
0.00817588
0.0107689
0.0131957
0.0154342
0.0174166
0.0190425
0.0202057
0.0208279
0.020891
0.0204485
0.0196085
0.0185073
0.0172853
0.0160675
0.0149494
0.0139897
0.0132106
0.00333729
0.00537256
0.00806699
0.0106227
0.013005
0.0151909
0.0171175
0.0186945
0.0198287
0.020453
0.0205535
0.0201795
0.0194287
0.0184238
0.0172911
0.0161439
0.0150702
0.0141269
0.0133397
0.00329739
0.00530031
0.00795495
0.0104718
0.0128084
0.014941
0.0168121
0.0183414
0.0194479
0.0200744
0.0202107
0.019902
0.0192363
0.0183236
0.0172775
0.0162004
0.0151733
0.014251
0.0134615
0.00325599
0.00522633
0.00783964
0.0103163
0.0126061
0.0146851
0.0165013
0.0179841
0.0190638
0.0196922
0.0198624
0.0196156
0.0190307
0.0182063
0.0172442
0.0162367
0.0152585
0.0143618
0.0135762
0.00321292
0.00515051
0.00772097
0.0101563
0.0123985
0.0144237
0.0161857
0.0176233
0.0186769
0.0193067
0.0195086
0.0193201
0.0188119
0.0180719
0.0171911
0.0162529
0.0153257
0.0144592
0.0136838
0.00316799
0.00507275
0.00759883
0.00999172
0.0121858
0.0141575
0.0158663
0.0172598
0.018288
0.0189186
0.0191497
0.019016
0.0185802
0.0179206
0.0171186
0.0162493
0.0153751
0.0145432
0.0137842
0.00312102
0.00499298
0.00747314
0.00982264
0.0119684
0.0138871
0.0155439
0.0168945
0.0178979
0.0185284
0.0187865
0.0187037
0.018336
0.0177531
0.0170273
0.0162262
0.015407
0.0146138
0.0138772
0.00307182
0.00491112
0.00734377
0.00964907
0.0117467
0.0136132
0.0152193
0.0165285
0.0175077
0.0181373
0.0184198
0.0183842
0.0180804
0.0175702
0.016918
0.0161845
0.0154218
0.0146711
0.0139624
0.0030202
0.00482707
0.0072106
0.00947097
0.0115207
0.0133362
0.0148933
0.0161626
0.0171183
0.0177462
0.0180509
0.0180588
0.0178147
0.0173733
0.016792
0.0161251
0.01542
0.0147152
0.0140396
0.00296593
0.00474079
0.0070735
0.00928822
0.0112906
0.0130567
0.0145667
0.0157979
0.0167309
0.0173565
0.017681
0.017729
0.0175405
0.0171641
0.0166508
0.0160493
0.0154026
0.0147464
0.0141085
0.00290881
0.00465219
0.00693226
0.0091006
0.0110563
0.0127747
0.0142398
0.015435
0.0163465
0.0169694
0.0173116
0.0173964
0.0172595
0.0169444
0.0164962
0.0159586
0.0153706
0.0147651
0.0141688
0.00284859
0.00456123
0.00678668
0.00890774
0.0108175
0.0124901
0.013913
0.0150744
0.0159659
0.016586
0.0169443
0.0170628
0.0169739
0.0167162
0.0163301
0.0158546
0.0153251
0.0147722
0.0142203
0.00278502
0.00446784
0.00663649
0.00870912
0.0105733
0.0122022
0.0135858
0.0147164
0.0155895
0.0162072
0.0165803
0.0167299
0.0166855
0.0164817
0.0161546
0.0157393
0.015268
0.0147682
0.0142627
0.00271782
0.00437197
0.00648143
0.00850393
0.0103227
0.0119097
0.013257
0.0143599
0.0152171
0.0158332
0.0162204
0.016399
0.016396
0.0162428
0.0159718
0.0156147
0.0152004
0.0147536
0.0142958
0.0026467
0.00427356
0.0063209
0.00828939
0.0100592
0.011608
0.0129247
0.0140028
0.014847
0.0154633
0.0158646
0.0160706
0.0161067
0.0160012
0.0157836
0.0154825
0.0151233
0.014729
0.0143195
0.00257132
0.00417244
0.00615354
0.00806242
0.0097808
0.0112917
0.0125813
0.0136418
0.0144759
0.0150948
0.0155112
0.0157443
0.0158177
0.0157576
0.0155911
0.0153433
0.0150374
0.0146945
0.0143334
0.00249129
0.00406836
0.00597802
0.00782016
0.00948596
0.010958
0.0122217
0.0132689
0.0140989
0.0147231
0.0151566
0.0154172
0.0155273
0.0155114
0.0153937
0.0151968
0.0149423
0.0146496
0.0143364
0.00240618
0.00396101
0.00579376
0.00756201
0.00917257
0.0106042
0.0118418
0.0128775
0.013709
0.0143419
0.0147946
0.0150844
0.0152318
0.0152593
0.0151886
0.0150409
0.0148361
0.0145925
0.0143262
0.00231548
0.00384999
0.00559998
0.00728722
0.0088384
0.010227
0.0114376
0.0124618
0.0132966
0.013945
0.014418
0.0147385
0.0149243
0.0149949
0.0149705
0.014871
0.0147148
0.0145188
0.0142984
0.00221856
0.00373421
0.00539299
0.00699468
0.00848111
0.00982312
0.0110043
0.0120159
0.012854
0.0135194
0.0140188
0.0143705
0.0145949
0.014709
0.0147311
0.0146792
0.0145707
0.0144215
0.014246
0.00211463
0.00361259
0.00517166
0.00668277
0.00809833
0.00938899
0.0105373
0.0115337
0.0123733
0.0130555
0.0135844
0.0139704
0.0142328
0.0143902
0.0144585
0.0144541
0.0143928
0.0142897
0.0141582
0.00200264
0.00348307
0.00493525
0.00635003
0.00768819
0.00892171
0.0100323
0.0110093
0.0118469
0.0125435
0.0131007
0.0135246
0.0138263
0.0140257
0.0141392
0.0141814
0.0141666
0.0141085
0.0140202
0.00188009
0.00333606
0.00468173
0.00599537
0.00725004
0.00842027
0.00948738
0.0104393
0.0112696
0.0119754
0.0125568
0.0130166
0.0133615
0.0136021
0.0137586
0.0138452
0.013875
0.0138604
0.0138135
0.0166369
0.0115865
0.00389891
0.00456095
0.00553447
0.00677401
0.00852426
0.0100071
0.0113098
0.0124511
0.0133639
0.0140829
0.0143612
0.014227
0.013965
0.0136364
0.0132898
0.0129729
0.0127274
0.0125658
0.018801
0.0184882
0.0197047
0.0217936
0.0248215
0.0286574
0.0325168
0.0357236
0.0379306
0.0392499
0.039871
0.039988
0.0396898
0.0392187
0.0386066
0.037905
0.0371582
0.0363195
0.0354811
0.0344405
0.0203935
0.0193355
0.0185689
0.0185205
0.0193589
0.0205626
0.0219122
0.0233776
0.0246085
0.0255412
0.0261947
0.0266135
0.0268726
0.0269984
0.027031
0.0269821
0.026862
0.0266737
0.026441
0.0261286
0.0193677
0.0193779
0.0188402
0.0182355
0.0177661
0.0173549
0.016985
0.0166466
0.016452
0.0163813
0.0164039
0.0164933
0.01663
0.0167941
0.0169446
0.0170562
0.0171327
0.0171758
0.0171975
0.0171838
0.0173398
0.0177972
0.0178309
0.0175779
0.0172027
0.0167797
0.0163533
0.0159476
0.0155798
0.0152533
0.0149695
0.0147264
0.0145204
0.0143462
0.0141964
0.0140638
0.0139436
0.013831
0.013727
0.0136261
0.0151008
0.0156555
0.0159497
0.0159723
0.0158232
0.0155776
0.0152843
0.014975
0.0146702
0.0143749
0.0140959
0.0138367
0.0135975
0.0133762
0.0131698
0.012975
0.0127898
0.0126116
0.0124426
0.0122808
0.0127621
0.0132496
0.0135958
0.0137654
0.0137692
0.0136679
0.0135033
0.0133055
0.0130955
0.0128837
0.012676
0.0124754
0.0122825
0.0120968
0.0119168
0.0117412
0.0115693
0.0113995
0.0112351
0.0110738
0.0102946
0.0106648
0.0109617
0.0111756
0.0112636
0.0112592
0.0111924
0.0110872
0.0109609
0.0108257
0.0106874
0.0105487
0.0104108
0.0102736
0.010137
0.0100004
0.009864
0.00972672
0.00959224
0.0094573
0.00757214
0.00782977
0.00804182
0.00820022
0.00829216
0.00832743
0.00831926
0.00828013
0.00821844
0.00814778
0.0080711
0.00799009
0.00790566
0.00781828
0.00772832
0.00763602
0.00754199
0.00744584
0.0073511
0.00725487
0.00440928
0.0045696
0.00472503
0.00486516
0.00498744
0.00509104
0.00517646
0.00524506
0.00529978
0.00534712
0.00538649
0.0054177
0.00544083
0.00545619
0.00546423
0.00546552
0.00546065
0.00545019
0.00543491
0.00541469
0.0134929
0.0134455
0.0133923
0.0133411
0.0133
0.013276
0.0132744
0.0132918
0.0133312
0.0133987
0.013501
0.013649
0.0138551
0.0141378
0.0145262
0.0150702
0.015853
0.0170809
0.0190348
0.0228915
0.0193094
0.0131329
0.0131136
0.0130855
0.0130561
0.013033
0.0130231
0.0130321
0.0130575
0.0131024
0.0131728
0.0132757
0.0134205
0.0136192
0.0138889
0.0142553
0.0147597
0.0154749
0.0165419
0.0182443
0.0211451
0.0213513
0.0126381
0.0126429
0.0126363
0.0126252
0.0126167
0.0126176
0.0126338
0.0126662
0.0127139
0.0127845
0.0128849
0.0130235
0.0132115
0.0134639
0.0138023
0.0142575
0.0148848
0.0157632
0.0170846
0.0190674
0.0206703
0.0119854
0.0120096
0.01202
0.0120231
0.0120254
0.0120333
0.0120528
0.0120879
0.0121379
0.0122054
0.0122999
0.0124289
0.0126025
0.0128333
0.0131387
0.0135413
0.0140764
0.014792
0.0157746
0.0171386
0.0186358
0.0111566
0.0111945
0.0112168
0.0112296
0.0112385
0.0112494
0.0112682
0.0113001
0.0113485
0.011414
0.0114982
0.0116134
0.0117683
0.0119735
0.0122424
0.0125921
0.0130438
0.0136275
0.0143771
0.0153417
0.0164588
0.0101442
0.0101885
0.0102165
0.0102333
0.0102443
0.0102543
0.0102685
0.0102923
0.010331
0.0103886
0.0104673
0.0105663
0.0106966
0.0108712
0.0111004
0.0113963
0.0117726
0.0122455
0.0128295
0.0135337
0.0143397
0.00895398
0.00899431
0.00901933
0.00903334
0.00904052
0.00904502
0.00905107
0.00906314
0.0090862
0.00912581
0.00918763
0.009272
0.0093838
0.00952501
0.00970858
0.00994771
0.010251
0.0106264
0.0110786
0.0116032
0.0121833
0.00760171
0.00762296
0.00763228
0.00763279
0.00762757
0.00761968
0.00761224
0.00760861
0.00761251
0.00762837
0.00766152
0.00771743
0.00780032
0.00791274
0.0080598
0.00824299
0.00847073
0.00874945
0.00908368
0.00946586
0.00987916
0.00592895
0.00592077
0.00590618
0.00588694
0.00586478
0.00584151
0.00581902
0.00579937
0.0057849
0.00577839
0.00578324
0.00580366
0.00584464
0.00591172
0.00600773
0.00613457
0.0062998
0.0065062
0.00674399
0.00700901
0.00729018
0.00321402
0.00323211
0.00324796
0.00326209
0.00327513
0.00328777
0.00330077
0.003315
0.00333144
0.00335123
0.00337573
0.00340654
0.00344555
0.00349494
0.00355693
0.00363361
0.00372716
0.00383827
0.00396295
0.00410125
0.00425095
0.00175108
0.00317612
0.00442184
0.00563643
0.00680681
0.00791079
0.00892974
0.00985073
0.0106662
0.0113727
0.0119691
0.0124567
0.012839
0.0131218
0.013317
0.0134429
0.013512
0.0135361
0.0135261
0.00160623
0.00299086
0.00413876
0.0052543
0.00633845
0.00737245
0.00833774
0.00922081
0.0100135
0.0107118
0.0113136
0.0118195
0.0122315
0.0125526
0.0127868
0.012949
0.0130537
0.0131124
0.0131355
0.00143937
0.00278339
0.00383231
0.00484839
0.00584526
0.00680631
0.00771206
0.00854922
0.00930988
0.00998897
0.0105842
0.0110957
0.011525
0.011874
0.0121433
0.0123382
0.012474
0.0125626
0.0126143
0.00124155
0.00256941
0.00351932
0.00442894
0.00533528
0.00621867
0.00705867
0.00784257
0.00856118
0.00920925
0.00978452
0.010287
0.0107182
0.0110798
0.011372
0.011592
0.0117528
0.0118657
0.0119405
0.00100268
0.00235814
0.00322959
0.00403388
0.00483478
0.00562834
0.00639327
0.00711373
0.00777895
0.00838322
0.00892427
0.00940213
0.00981834
0.0101745
0.0104704
0.0107017
0.0108772
0.011006
0.0110968
0.000719076
0.00213828
0.00297967
0.00369953
0.00439107
0.00507995
0.00575246
0.00639235
0.00698789
0.00753237
0.00802294
0.00845937
0.00884288
0.00917531
0.00945265
0.00967574
0.00984997
0.00998179
0.010078
0.000386623
0.00189534
0.00276058
0.003434
0.00404338
0.00463046
0.00519736
0.00573675
0.00624066
0.00670334
0.00712199
0.00749601
0.00782571
0.00810946
0.00834571
0.00853801
0.00869034
0.00880728
0.00889382
0.000343323
0.00157417
0.00251925
0.00321866
0.00380169
0.00431776
0.00478617
0.00521569
0.00560819
0.0059634
0.00628158
0.00656461
0.00681353
0.00702055
0.00718959
0.0073249
0.00743018
0.00750907
0.00756527
0.00034798
0.00101437
0.00213886
0.00293003
0.00353542
0.0040162
0.00439327
0.00470328
0.00496346
0.00518298
0.00536841
0.00551717
0.00563715
0.00573181
0.00580465
0.0058585
0.00589573
0.00591851
0.00592891
0.000314751
0.000576723
0.0010344
0.00161542
0.00195474
0.00220418
0.00240017
0.00254717
0.00266143
0.00275641
0.00283965
0.00291042
0.00297065
0.00302248
0.00306733
0.00310614
0.00313967
0.00316852
0.00319322
)
;

boundaryField
{
    inlet
    {
        type            fixedValue;
        value           uniform 2.84208;
    }
    outlet
    {
        type            zeroGradient;
    }
    walls
    {
        type            kqRWallFunction;
        value           nonuniform List<scalar> 
423
(
0.0457686
0.0493729
0.0534684
0.0581467
0.0635294
0.069774
0.0770878
0.0857489
0.0961378
0.108788
0.124467
0.144318
0.170104
0.204666
0.252823
0.323274
0.432926
0.617785
0.963612
1.70527
0.0144728
0.0152593
0.0160639
0.0168906
0.017744
0.0186293
0.0195522
0.0205197
0.0215394
0.0226201
0.0237719
0.0250064
0.0263365
0.0277771
0.0293452
0.0310575
0.0329287
0.0349853
0.0372584
0.0397839
0.0426038
0.00103214
0.000909073
0.000919332
0.00118462
0.00219314
0.00324914
0.0042364
0.00515821
0.00600382
0.00680976
0.0075931
0.00836217
0.00912249
0.00987806
0.0106321
0.0113873
0.0121464
0.0129118
0.0136863
0.00103214
0.00181732
0.00275803
0.00409999
0.00556019
0.00679153
0.00774087
0.00856309
0.00927234
0.00987443
0.0104165
0.0108817
0.0112864
0.0116252
0.0118989
0.0121128
0.0122708
0.0123773
0.0124367
0.0124538
0.0124334
0.0123805
0.0122996
0.012195
0.0120707
0.0119305
0.0117775
0.0116145
0.011444
0.0112679
0.0110882
0.0109062
0.0107231
0.0105399
0.0103574
0.010176
0.0099964
0.00981879
0.00964332
0.0094701
0.00929972
0.00913196
0.00897053
0.00881463
0.00866362
0.00851696
0.00837417
0.00823483
0.00809856
0.00796503
0.00783393
0.007705
0.007578
0.00745274
0.00732902
0.00720671
0.00708566
0.00696577
0.00684697
0.00672921
0.00661245
0.00649671
0.00638202
0.00626843
0.00615604
0.00604496
0.00593534
0.00582735
0.00572117
0.00561707
0.00553639
0.00545725
0.00537955
0.00528355
0.00519024
0.00509984
0.0050125
0.0049283
0.00484733
0.0047696
0.0046951
0.00462379
0.00455563
0.00449053
0.00442841
0.00436915
0.00431264
0.00425873
0.00420728
0.00415814
0.00411115
0.00406615
0.00402297
0.00398145
0.00394142
0.00390273
0.00386521
0.00382871
0.00379305
0.00375809
0.00372367
0.00368964
0.00365584
0.00362213
0.00358836
0.00355438
0.00352004
0.00348518
0.00344963
0.00341324
0.00337585
0.00333729
0.00329739
0.00325599
0.00321292
0.00316799
0.00312102
0.00307182
0.0030202
0.00296593
0.00290881
0.00284859
0.00278502
0.00271782
0.0026467
0.00257132
0.00249129
0.00240618
0.00231548
0.00221856
0.00211463
0.00200264
0.00188009
0.00175108
0.00160623
0.00143937
0.00124155
0.00100268
0.000719076
0.000386623
0.000343323
0.00034798
0.000314751
0.000314751
0.000576723
0.0010344
0.00161542
0.00195474
0.00220418
0.00240017
0.00254717
0.00266143
0.00275641
0.00283965
0.00291042
0.00297065
0.00302248
0.00306733
0.00310614
0.00313967
0.00316852
0.00319322
0.00321402
0.00323211
0.00324796
0.00326209
0.00327513
0.00328777
0.00330077
0.003315
0.00333144
0.00335123
0.00337573
0.00340654
0.00344555
0.00349494
0.00355693
0.00363361
0.00372716
0.00383827
0.00396295
0.00410125
0.00425095
0.00440928
0.0045696
0.00472503
0.00486516
0.00498744
0.00509104
0.00517646
0.00524506
0.00529978
0.00534712
0.00538649
0.0054177
0.00544083
0.00545619
0.00546423
0.00546552
0.00546065
0.00545019
0.00543491
0.00541469
0.0166369
0.0115865
0.00389891
0.00456095
0.00553447
0.00677401
0.00852426
0.0100071
0.0113098
0.0124511
0.0133639
0.0140829
0.0143612
0.014227
0.013965
0.0136364
0.0132898
0.0129729
0.0127274
0.0125658
0.000198821
0.000543577
0.000806993
0.0010284
0.00121455
0.00137665
0.00152228
0.00165617
0.00178066
0.00189745
0.00200781
0.00211275
0.00221314
0.00230968
0.00240304
0.00249379
0.00258247
0.00266956
0.00275555
0.00284091
0.00292611
0.00301164
0.00309798
0.00318568
0.00327528
0.0033674
0.00346273
0.00356202
0.00366617
0.00377626
0.00389357
0.00401971
0.00415222
0.00429039
0.00443453
0.0045854
0.00474358
0.0049097
0.00508441
0.00526842
0.00546248
0.00566753
0.00588468
0.00611521
0.00636048
0.00662234
0.00690382
0.00721037
0.0075462
0.00791429
0.0083156
0.00874315
0.00916191
0.00957673
0.0100698
0.0108801
0.0119179
0.0130098
0.0144726
0.016125
0.00767808
0.0013217
0.00103203
0.00116541
0.00132722
0.00149336
0.00165867
0.00182157
0.0019818
0.00213961
0.00229548
0.00244998
0.00260373
0.00275734
0.0029115
0.00306688
0.00322422
0.00338432
0.00354807
0.00371646
0.00389062
0.00407189
0.00426185
0.0044624
0.00467593
0.00490544
0.00515489
0.00542059
0.0056981
0.00598891
0.00629279
0.00660978
0.00693996
0.00728247
0.00763509
0.0079939
0.00835268
0.00870249
0.00903152
0.0093239
0.00955323
0.00972123
0.009806
0.00981028
0.00973391
0.00958465
0.0093323
0.00898475
0.00849665
0.00790821
0.00725468
0.0065619
0.00584068
0.00517174
0.00456113
0.00397842
0.00340265
0.00280788
0.00215
0.00130981
0.0456399
0.0492919
0.0534125
0.0581076
0.0635015
0.0697538
0.0770731
0.0857382
0.0961299
0.108782
0.124463
0.144315
0.170102
0.204664
0.252822
0.323273
0.432926
0.617785
0.963612
1.70527
)
;
    }
    baffle
    {
        type            kqRWallFunction;
        value           nonuniform List<scalar> 
45
(
0.00170202
0.00149471
0.00142919
0.00142585
0.00144763
0.00148085
0.00151756
0.00155368
0.00158679
0.00161532
0.00163811
0.00165399
0.00166147
0.00165827
0.00164034
0.00159999
0.00152284
0.00138649
0.00118245
0.000866132
0.000198821
0.00454751
0.00253853
0.00250283
0.0080803
0.00258838
0.00241995
0.00223672
0.00184469
0.00138769
0.00100624
0.000895099
0.000956666
0.00108325
0.00122936
0.00138099
0.00153551
0.00169548
0.00186819
0.00206707
0.00225911
0.00239418
0.00240088
0.00215299
0.00130981
)
;
    }
    frontAndBack
    {
        type            empty;
    }
}


// ************************************************************************* //
