/*--------------------------------*- C++ -*----------------------------------*\
| =========                 |                                                 |
| \\      /  F ield         | OpenFOAM: The Open Source CFD Toolbox           |
|  \\    /   O peration     | Version:  v2012                                 |
|   \\  /    A nd           | Website:  www.openfoam.com                      |
|    \\/     M anipulation  |                                                 |
\*---------------------------------------------------------------------------*/
FoamFile
{
    version     2.0;
    format      ascii;
    class       volScalarField;
    location    "617";
    object      p;
}
// * * * * * * * * * * * * * * * * * * * * * * * * * * * * * * * * * * * * * //

dimensions      [0 2 -2 0 0 0 0];


internalField   nonuniform List<scalar> 
6057
(
0.319755
0.320306
0.32078
0.321193
0.321558
0.321887
0.32219
0.322475
0.322746
0.323008
0.323264
0.323515
0.323763
0.324011
0.324261
0.324516
0.32478
0.325108
0.325649
0.326438
0.31976
0.320319
0.320796
0.321209
0.321575
0.321905
0.322209
0.322496
0.322771
0.323037
0.323298
0.323556
0.323811
0.324067
0.324325
0.324583
0.324841
0.325121
0.325448
0.325739
0.319801
0.320354
0.320822
0.321225
0.32158
0.321902
0.3222
0.322482
0.322753
0.323018
0.323278
0.323536
0.323792
0.324049
0.324307
0.324558
0.324802
0.325047
0.32526
0.325362
0.319939
0.320468
0.320909
0.321286
0.321619
0.321922
0.322207
0.322479
0.322742
0.323002
0.323258
0.323512
0.323765
0.324019
0.324271
0.324512
0.324745
0.324968
0.325143
0.325203
0.320181
0.320662
0.321058
0.321393
0.321692
0.32197
0.322236
0.322495
0.32275
0.323002
0.323254
0.323505
0.323756
0.324007
0.324254
0.324492
0.32472
0.324931
0.325088
0.325135
0.320534
0.320934
0.321262
0.321539
0.321794
0.32204
0.322284
0.322527
0.322771
0.323016
0.323263
0.323511
0.32376
0.32401
0.324256
0.324493
0.324721
0.324932
0.325089
0.325136
0.321018
0.321281
0.321515
0.321714
0.321915
0.322124
0.322343
0.32257
0.322804
0.323043
0.323285
0.32353
0.323777
0.324027
0.324276
0.324515
0.324747
0.32497
0.325144
0.325204
0.321688
0.3217
0.321802
0.321901
0.322042
0.322213
0.322409
0.322622
0.322847
0.32308
0.32332
0.323563
0.32381
0.324061
0.324315
0.324563
0.324806
0.32505
0.325262
0.325364
0.322537
0.322155
0.322064
0.322054
0.322139
0.322281
0.32246
0.322663
0.322881
0.32311
0.323347
0.323588
0.323832
0.324081
0.324334
0.324589
0.324845
0.325124
0.32545
0.325741
0.323382
0.322557
0.322181
0.322103
0.322153
0.322278
0.322448
0.322644
0.322857
0.323082
0.323312
0.323546
0.323783
0.324024
0.32427
0.324521
0.324784
0.325111
0.325652
0.32644
0.412418
0.393316
0.376542
0.362066
0.349812
0.339669
0.331488
0.325099
0.320314
0.316933
0.314748
0.313546
0.313124
0.31329
0.313866
0.314693
0.315645
0.316617
0.31754
0.318378
0.319115
0.412388
0.393247
0.376411
0.361864
0.349542
0.339333
0.331096
0.324662
0.319846
0.316451
0.314271
0.313093
0.312713
0.312934
0.313575
0.314475
0.315492
0.316519
0.317482
0.318346
0.319105
0.409674
0.390679
0.373988
0.359586
0.347409
0.337348
0.329262
0.322984
0.31833
0.315104
0.313102
0.312111
0.311916
0.312315
0.313121
0.31417
0.315316
0.316442
0.31747
0.318369
0.319143
0.404341
0.385641
0.369262
0.355186
0.343346
0.333631
0.325898
0.319976
0.315682
0.31282
0.311183
0.310553
0.310705
0.311426
0.312526
0.313828
0.315181
0.316461
0.317576
0.318509
0.31929
0.396348
0.378111
0.36223
0.348678
0.337378
0.328218
0.321049
0.315695
0.311963
0.309649
0.308559
0.308471
0.309134
0.31032
0.311839
0.3135
0.315136
0.316621
0.317842
0.318791
0.319558
0.385716
0.368119
0.352927
0.340099
0.329547
0.321155
0.314769
0.31018
0.307174
0.305571
0.305225
0.305885
0.307244
0.309042
0.311103
0.313238
0.315238
0.316991
0.318334
0.319239
0.319946
0.372525
0.355743
0.341431
0.329525
0.319922
0.312494
0.307059
0.30335
0.301202
0.300575
0.301234
0.302855
0.305161
0.307768
0.310472
0.313163
0.315608
0.317689
0.319132
0.319842
0.32044
0.35696
0.341176
0.327932
0.317132
0.308649
0.302323
0.297964
0.295373
0.294403
0.294917
0.29665
0.299351
0.302792
0.306489
0.309993
0.313288
0.316217
0.318597
0.320118
0.320578
0.321037
0.339456
0.324872
0.312885
0.303362
0.296141
0.291043
0.287889
0.286512
0.286704
0.288213
0.29095
0.294797
0.299414
0.304165
0.308605
0.312685
0.316177
0.318954
0.32126
0.322346
0.3216
0.320832
0.307672
0.297126
0.289015
0.283146
0.279331
0.277419
0.277269
0.278639
0.281217
0.285073
0.290122
0.29596
0.302153
0.308356
0.314184
0.319222
0.323117
0.326589
0.327002
0.319296
0.768557
0.767265
0.766516
0.76658
0.766471
0.764692
0.757432
0.741786
0.719673
0.693527
0.664758
0.634414
0.603336
0.572221
0.541664
0.512163
0.48414
0.457969
0.433965
0.767958
0.766229
0.766011
0.766898
0.767207
0.764628
0.755367
0.73885
0.717333
0.691794
0.663522
0.633578
0.602811
0.571931
0.541539
0.512146
0.484186
0.458035
0.433987
0.768233
0.766209
0.766174
0.766734
0.765464
0.760042
0.748618
0.731658
0.710425
0.685489
0.657897
0.628571
0.598327
0.567874
0.537825
0.508709
0.48098
0.455024
0.431132
0.77035
0.767864
0.766909
0.765246
0.760915
0.752596
0.739625
0.722247
0.700992
0.676422
0.649357
0.62057
0.590815
0.560779
0.531084
0.502276
0.474828
0.449141
0.42552
0.773659
0.770243
0.767088
0.762459
0.755004
0.744171
0.729643
0.711454
0.689851
0.665304
0.63845
0.609955
0.580505
0.550763
0.521351
0.49283
0.46569
0.440342
0.417102
0.776381
0.771276
0.765534
0.757939
0.747669
0.734548
0.718361
0.699087
0.676866
0.652046
0.625128
0.596691
0.567365
0.537793
0.508595
0.480346
0.453548
0.428624
0.405891
0.77671
0.769549
0.761487
0.751187
0.738452
0.723277
0.705476
0.685019
0.661998
0.636677
0.609465
0.580875
0.551498
0.521964
0.492903
0.464904
0.438482
0.414063
0.391962
0.773352
0.764448
0.754524
0.741976
0.727177
0.710206
0.690891
0.669227
0.645285
0.619283
0.591573
0.562631
0.53303
0.503406
0.474406
0.44664
0.420637
0.396822
0.375493
0.766569
0.755937
0.74452
0.730233
0.713758
0.695241
0.674533
0.651677
0.626743
0.599925
0.571552
0.542088
0.512117
0.482301
0.453322
0.425816
0.400323
0.377257
0.356885
0.756334
0.744077
0.731528
0.715938
0.698134
0.67831
0.656358
0.632363
0.606408
0.578688
0.549533
0.51943
0.489002
0.458963
0.430047
0.402922
0.37813
0.356054
0.336901
0.301939
0.290569
0.281755
0.275258
0.270842
0.268298
0.267466
0.268205
0.270273
0.273406
0.277558
0.282677
0.288455
0.294533
0.300337
0.305312
0.309479
0.313454
0.316515
0.313958
0.302294
0.284881
0.27571
0.268916
0.264221
0.261392
0.260246
0.260662
0.262543
0.265693
0.269852
0.274827
0.280633
0.287015
0.293461
0.299194
0.303794
0.307544
0.310918
0.312712
0.31075
0.306007
0.271421
0.264395
0.259441
0.256311
0.25482
0.254819
0.256166
0.258749
0.262396
0.266795
0.271851
0.277612
0.283851
0.290208
0.296148
0.301188
0.305206
0.308233
0.309526
0.308236
0.305727
0.261463
0.256248
0.252764
0.250792
0.250157
0.250711
0.252339
0.255003
0.258647
0.263106
0.268228
0.273905
0.279955
0.286062
0.291846
0.296981
0.301238
0.304381
0.305913
0.305493
0.304087
0.254148
0.250187
0.247563
0.246116
0.245747
0.246403
0.248055
0.250688
0.254241
0.258613
0.263686
0.269317
0.275296
0.281316
0.287052
0.292227
0.296594
0.299867
0.301773
0.302157
0.301453
0.248239
0.244927
0.242663
0.241388
0.241089
0.241764
0.243404
0.245996
0.249479
0.253761
0.258734
0.264252
0.270109
0.276017
0.281682
0.286867
0.291326
0.294777
0.297063
0.298081
0.297845
0.242807
0.239786
0.237668
0.236463
0.236192
0.236862
0.238467
0.240991
0.244381
0.248551
0.253395
0.258772
0.264486
0.270268
0.275859
0.28105
0.285591
0.28921
0.2918
0.293266
0.293337
0.237447
0.234569
0.23253
0.231364
0.231102
0.231751
0.233303
0.235744
0.239022
0.243063
0.247761
0.252982
0.258544
0.264203
0.269719
0.274897
0.279487
0.283232
0.286037
0.287787
0.288051
0.232048
0.229264
0.227285
0.22615
0.225887
0.226503
0.227992
0.230337
0.233494
0.237392
0.241934
0.246991
0.252395
0.257929
0.26336
0.268501
0.273109
0.276928
0.279861
0.281768
0.282144
0.226623
0.223922
0.221999
0.22089
0.220622
0.221199
0.222616
0.224859
0.227886
0.231633
0.236011
0.240899
0.24614
0.251539
0.256878
0.26196
0.26655
0.270394
0.273381
0.275353
0.275785
0.221223
0.218606
0.216739
0.215655
0.215378
0.215911
0.217253
0.219388
0.22228
0.225871
0.230079
0.234793
0.239869
0.245125
0.250358
0.255362
0.259901
0.263729
0.266713
0.268687
0.269137
0.215907
0.213377
0.211566
0.210505
0.210219
0.210708
0.211972
0.213997
0.216751
0.220181
0.224215
0.228751
0.233656
0.238763
0.243876
0.248783
0.253249
0.257029
0.259969
0.261905
0.262352
0.210729
0.208287
0.206533
0.205497
0.205202
0.205646
0.206832
0.208746
0.211361
0.214629
0.218486
0.222841
0.22757
0.232518
0.237498
0.242296
0.246672
0.250383
0.253258
0.255131
0.255564
0.205733
0.203381
0.201687
0.200677
0.200374
0.200775
0.201884
0.203689
0.206164
0.209271
0.212951
0.217122
0.221672
0.226456
0.231293
0.235971
0.240248
0.243878
0.246675
0.248474
0.248888
0.200957
0.198696
0.197063
0.196082
0.195773
0.196134
0.197169
0.198867
0.201207
0.204155
0.20766
0.211648
0.216018
0.220634
0.225323
0.229873
0.234046
0.237589
0.240305
0.242029
0.242426
0.196429
0.194262
0.192692
0.191742
0.191431
0.191755
0.19272
0.194316
0.196526
0.19932
0.202653
0.206462
0.210654
0.215102
0.21964
0.224063
0.228129
0.231585
0.234224
0.235876
0.236264
0.192174
0.190102
0.188597
0.18768
0.187369
0.187661
0.188561
0.190062
0.192149
0.194796
0.197966
0.201602
0.20562
0.209904
0.214294
0.21859
0.222553
0.225926
0.228497
0.230086
0.230473
0.188207
0.186231
0.184792
0.183912
0.183606
0.18387
0.184711
0.186125
0.188097
0.190608
0.193624
0.197097
0.20095
0.205077
0.209325
0.2135
0.217366
0.220664
0.22318
0.224716
0.225115
0.18454
0.182662
0.181292
0.18045
0.180152
0.180393
0.181183
0.182518
0.184386
0.186772
0.189648
0.192969
0.19667
0.20065
0.204767
0.208831
0.21261
0.215844
0.218319
0.219817
0.220242
0.181183
0.179402
0.178103
0.177302
0.177015
0.17724
0.177986
0.17925
0.181026
0.1833
0.18605
0.189236
0.192799
0.196648
0.200647
0.204615
0.208321
0.211505
0.213956
0.215431
0.215902
0.178145
0.176461
0.175232
0.174473
0.174201
0.174414
0.175123
0.176327
0.178023
0.1802
0.182839
0.185908
0.189352
0.193088
0.196988
0.200876
0.204528
0.207679
0.210126
0.211597
0.212137
0.175435
0.173847
0.172686
0.171969
0.171713
0.171918
0.172597
0.173751
0.175379
0.177474
0.180021
0.182992
0.186338
0.189983
0.193806
0.197637
0.201255
0.204396
0.206862
0.208351
0.208977
0.173027
0.171558
0.170473
0.169795
0.169553
0.169752
0.170406
0.171519
0.173092
0.175122
0.177595
0.18049
0.183763
0.187341
0.191113
0.194913
0.198524
0.201678
0.204191
0.205721
0.206448
0.170901
0.169551
0.168572
0.167955
0.167726
0.167917
0.16855
0.16963
0.17116
0.17314
0.175561
0.178402
0.181627
0.185168
0.188918
0.192718
0.196352
0.199549
0.202134
0.20372
0.204576
0.169095
0.167827
0.166941
0.166414
0.166226
0.166411
0.167022
0.168075
0.169576
0.171523
0.173911
0.176725
0.17993
0.183464
0.187226
0.191061
0.194756
0.198029
0.200709
0.202364
0.203411
0.167631
0.166425
0.165593
0.165135
0.165016
0.16522
0.165814
0.166848
0.168331
0.170263
0.172641
0.175453
0.178668
0.18223
0.186042
0.189952
0.193747
0.197134
0.199954
0.201756
0.203
0.166496
0.165348
0.164559
0.164134
0.164059
0.164307
0.164908
0.165933
0.167414
0.16935
0.171741
0.174578
0.177837
0.181464
0.185368
0.189397
0.193336
0.196877
0.199904
0.201958
0.203377
0.165674
0.164577
0.163827
0.163428
0.16337
0.163645
0.164274
0.165315
0.166813
0.168774
0.171202
0.174095
0.177431
0.181163
0.185204
0.189402
0.193534
0.197291
0.200579
0.202791
0.204502
0.165153
0.164095
0.163378
0.163003
0.162958
0.163241
0.163898
0.164982
0.166517
0.168523
0.171014
0.173991
0.177441
0.181321
0.185548
0.18997
0.194358
0.198415
0.201991
0.204343
0.20642
0.164924
0.163896
0.163203
0.162847
0.162811
0.163102
0.163795
0.164931
0.166519
0.168591
0.171168
0.17426
0.17786
0.181934
0.186401
0.191107
0.195816
0.200214
0.204053
0.206755
0.209224
0.164985
0.163976
0.163301
0.162956
0.162921
0.163235
0.16398
0.165165
0.166816
0.168971
0.171657
0.174895
0.178684
0.182999
0.187762
0.192818
0.197915
0.202692
0.206885
0.209988
0.212938
0.165337
0.16434
0.163675
0.163336
0.163301
0.16365
0.164448
0.165684
0.167406
0.169658
0.172476
0.175889
0.179907
0.184512
0.18963
0.195103
0.200659
0.205899
0.210591
0.214101
0.217572
0.165986
0.164992
0.164328
0.163987
0.163965
0.164354
0.165191
0.166482
0.168284
0.170647
0.173618
0.177235
0.181521
0.186465
0.192
0.19796
0.204049
0.209835
0.215061
0.21906
0.223133
0.166939
0.165939
0.165269
0.164917
0.164916
0.165347
0.166213
0.16756
0.169447
0.171934
0.175077
0.178926
0.183516
0.188849
0.194861
0.20138
0.208078
0.214485
0.220303
0.224852
0.229605
0.168203
0.167187
0.166506
0.166143
0.166158
0.166618
0.167512
0.168915
0.170893
0.173514
0.176845
0.180951
0.185882
0.19165
0.198199
0.205343
0.212718
0.219815
0.226277
0.231427
0.236928
0.169783
0.168742
0.168043
0.167672
0.167695
0.168163
0.169086
0.170545
0.172617
0.175379
0.178913
0.183299
0.188601
0.194848
0.201986
0.209817
0.217926
0.225775
0.23292
0.238688
0.244982
0.171692
0.170614
0.169883
0.169511
0.169538
0.169994
0.170937
0.17245
0.174615
0.177523
0.18127
0.185952
0.191652
0.198412
0.206184
0.214746
0.223634
0.232299
0.240131
0.246469
0.253558
0.173943
0.17282
0.172049
0.171666
0.171683
0.172115
0.173068
0.174628
0.176884
0.179938
0.183903
0.188891
0.195004
0.2023
0.210731
0.220045
0.229742
0.239281
0.24771
0.25452
0.262348
0.176549
0.175369
0.174556
0.174142
0.174119
0.174522
0.175477
0.177076
0.179417
0.182614
0.186794
0.192089
0.198618
0.206453
0.215538
0.22558
0.236086
0.246461
0.255308
0.262519
0.270931
0.179519
0.178269
0.177403
0.176934
0.176851
0.177217
0.178165
0.179794
0.18221
0.18554
0.189926
0.195515
0.202442
0.210787
0.220474
0.231167
0.242406
0.253383
0.262509
0.270039
0.278743
0.182865
0.181528
0.180594
0.180047
0.179887
0.180203
0.181132
0.182778
0.185256
0.188705
0.193276
0.199132
0.206415
0.215201
0.225379
0.236588
0.248344
0.259593
0.268917
0.276558
0.285134
0.186599
0.185157
0.184134
0.183489
0.183231
0.183483
0.18438
0.186029
0.188552
0.192096
0.196819
0.202895
0.210467
0.219602
0.230066
0.241583
0.253511
0.264769
0.274124
0.281675
0.289717
0.190737
0.189168
0.18803
0.187263
0.186891
0.187062
0.187912
0.189548
0.192095
0.195704
0.200529
0.206748
0.214513
0.223854
0.234304
0.245788
0.257522
0.268592
0.277728
0.285195
0.292645
0.195298
0.193576
0.192292
0.191375
0.190869
0.190945
0.191733
0.19334
0.195887
0.199524
0.204387
0.210664
0.21845
0.227543
0.237811
0.248847
0.25999
0.270606
0.27931
0.286696
0.293452
0.200301
0.198393
0.196927
0.195831
0.195172
0.195138
0.195853
0.197413
0.199932
0.203544
0.208354
0.214633
0.222165
0.230646
0.240288
0.250428
0.260622
0.270407
0.278498
0.285669
0.291787
0.205771
0.203634
0.201942
0.200637
0.199806
0.199652
0.200286
0.201786
0.204243
0.207744
0.21237
0.218429
0.225215
0.23305
0.241508
0.250293
0.259221
0.267847
0.275163
0.281905
0.288108
0.211736
0.209316
0.207346
0.205797
0.204777
0.204498
0.20505
0.206483
0.208832
0.212154
0.216548
0.221813
0.227827
0.23449
0.241366
0.248446
0.255837
0.263141
0.269663
0.27595
0.282405
0.218224
0.215454
0.213142
0.211305
0.210086
0.209687
0.210169
0.211515
0.213723
0.216912
0.220962
0.225032
0.229936
0.234891
0.239862
0.245137
0.250898
0.256924
0.262755
0.268495
0.274904
0.225249
0.222036
0.219308
0.217139
0.215721
0.215225
0.215643
0.216908
0.219083
0.222074
0.224838
0.227885
0.231197
0.234255
0.237343
0.240944
0.245207
0.2501
0.255299
0.260442
0.266789
0.232813
0.229019
0.225791
0.223253
0.221653
0.221087
0.221482
0.222838
0.224995
0.226596
0.22843
0.23053
0.231907
0.233012
0.234431
0.236565
0.239588
0.243503
0.248003
0.252583
0.258802
0.240878
0.236341
0.232498
0.22957
0.227811
0.22725
0.22786
0.229395
0.230209
0.231225
0.232471
0.232601
0.232089
0.231549
0.231553
0.23247
0.234494
0.237577
0.241424
0.24545
0.251132
0.249322
0.243839
0.239246
0.235938
0.234094
0.233789
0.234842
0.235231
0.23563
0.23628
0.235664
0.234046
0.232007
0.230114
0.228997
0.229012
0.230282
0.232711
0.236092
0.239642
0.244662
0.257915
0.251206
0.245768
0.242194
0.240429
0.240517
0.240815
0.240931
0.241292
0.240367
0.238181
0.235164
0.231907
0.229057
0.227166
0.226534
0.227289
0.229359
0.232492
0.235659
0.240208
0.26627
0.257979
0.251717
0.248074
0.246285
0.246068
0.246212
0.246591
0.245783
0.243501
0.24004
0.236059
0.232128
0.228686
0.226252
0.225236
0.225739
0.227723
0.230806
0.233871
0.238194
0.273683
0.263302
0.25627
0.252277
0.250829
0.250768
0.251195
0.250731
0.248757
0.245492
0.241408
0.237008
0.232691
0.228897
0.226213
0.22509
0.225597
0.227762
0.231089
0.234549
0.238967
0.278946
0.265682
0.257943
0.254258
0.253575
0.253944
0.253892
0.252647
0.250217
0.246831
0.242653
0.23804
0.233472
0.229547
0.226915
0.225991
0.226841
0.229494
0.233445
0.237853
0.242566
0.279878
0.264466
0.257224
0.25459
0.254247
0.254312
0.254031
0.25304
0.251035
0.247868
0.243704
0.23903
0.234457
0.230693
0.2284
0.227916
0.229369
0.232796
0.237788
0.243488
0.248279
0.274479
0.259421
0.254323
0.253086
0.252914
0.253104
0.253395
0.25307
0.251442
0.248416
0.24438
0.239924
0.235662
0.232303
0.230505
0.23063
0.23288
0.237349
0.243737
0.250507
0.254379
0.258949
0.251229
0.251
0.250573
0.251158
0.252262
0.252889
0.252593
0.251088
0.248361
0.244706
0.240615
0.23673
0.233797
0.232575
0.233518
0.236839
0.242529
0.250089
0.256568
0.258464
0.245765
0.247417
0.248161
0.249149
0.250427
0.251593
0.252094
0.251716
0.250361
0.248004
0.244798
0.241139
0.237674
0.235275
0.234775
0.236675
0.240933
0.247144
0.25454
0.259487
0.259927
0.741681
0.728382
0.715118
0.6986
0.679758
0.658826
0.635764
0.610679
0.583685
0.554997
0.52498
0.494176
0.463288
0.433115
0.404461
0.378027
0.354334
0.333698
0.316223
0.722599
0.708731
0.6952
0.678127
0.658539
0.636712
0.612692
0.586602
0.558601
0.528948
0.49808
0.466643
0.435469
0.405481
0.377562
0.352423
0.330514
0.31201
0.296849
0.700195
0.68618
0.672636
0.655343
0.635278
0.612795
0.588005
0.561064
0.532182
0.501698
0.470164
0.438387
0.407369
0.378169
0.351717
0.32865
0.309243
0.293439
0.280943
0.675385
0.661402
0.647963
0.630651
0.61034
0.587426
0.562062
0.534461
0.504902
0.473836
0.441988
0.410368
0.380166
0.352535
0.328348
0.308043
0.291604
0.278687
0.268786
0.648807
0.634971
0.621716
0.604483
0.584143
0.561009
0.535292
0.507271
0.477321
0.446049
0.414391
0.383582
0.354959
0.329661
0.308362
0.291174
0.277747
0.267488
0.259773
0.620956
0.607401
0.594373
0.577312
0.557134
0.533986
0.508163
0.480016
0.45004
0.419037
0.388174
0.358876
0.332529
0.310113
0.291975
0.277847
0.267084
0.25895
0.252803
0.592323
0.579172
0.566422
0.549659
0.529788
0.50683
0.481163
0.453215
0.423633
0.393424
0.363965
0.336792
0.313204
0.293894
0.278812
0.267346
0.258666
0.252009
0.246818
0.563397
0.55075
0.538361
0.522006
0.502564
0.479997
0.454752
0.427347
0.398589
0.36968
0.342148
0.317524
0.296898
0.280591
0.268177
0.258803
0.251584
0.245844
0.241181
0.534625
0.52256
0.510616
0.494759
0.475872
0.453891
0.42933
0.4028
0.375266
0.348085
0.322847
0.300967
0.283236
0.269597
0.259328
0.251467
0.245197
0.239999
0.235626
0.50639
0.494966
0.483537
0.468262
0.450055
0.428845
0.405208
0.379852
0.353872
0.328725
0.30597
0.286817
0.271719
0.260297
0.251645
0.244823
0.239152
0.234277
0.230084
0.479015
0.468271
0.457411
0.4428
0.425389
0.405112
0.382606
0.358663
0.334476
0.311534
0.291288
0.274681
0.26185
0.252178
0.244699
0.238574
0.233287
0.228627
0.224575
0.452758
0.442722
0.432475
0.418596
0.402079
0.382867
0.36165
0.339288
0.317028
0.296337
0.2785
0.264167
0.253207
0.244871
0.238227
0.232577
0.227556
0.223065
0.219148
0.427824
0.418508
0.408904
0.395812
0.380261
0.362208
0.342386
0.321695
0.301396
0.2829
0.267302
0.25494
0.245475
0.238138
0.232091
0.226779
0.221965
0.217633
0.213854
0.404358
0.395763
0.38682
0.374549
0.360009
0.343171
0.324796
0.305793
0.287393
0.270955
0.25743
0.24675
0.238435
0.23184
0.226229
0.221178
0.216549
0.212375
0.208739
0.382454
0.37457
0.366291
0.354859
0.341349
0.325744
0.308816
0.291447
0.274794
0.260299
0.248707
0.239399
0.231948
0.225902
0.220623
0.215792
0.211341
0.207331
0.203842
0.362164
0.354968
0.347345
0.336751
0.324268
0.309883
0.294362
0.278537
0.263525
0.250847
0.240867
0.232664
0.225918
0.220287
0.215276
0.210645
0.206374
0.202532
0.199192
0.3435
0.336963
0.329978
0.320206
0.308723
0.295522
0.281343
0.266941
0.253572
0.24251
0.233671
0.226384
0.220263
0.214969
0.210197
0.205761
0.201672
0.198002
0.194813
0.326443
0.320531
0.314155
0.305177
0.294655
0.282585
0.269676
0.256594
0.244767
0.235058
0.227064
0.220521
0.214927
0.209941
0.205398
0.201157
0.197255
0.193758
0.190721
0.310952
0.305626
0.299826
0.291604
0.281989
0.270981
0.259262
0.247441
0.236928
0.22828
0.221011
0.215073
0.209914
0.205216
0.200892
0.196847
0.193135
0.189814
0.186929
0.296966
0.292188
0.286924
0.279411
0.270643
0.260609
0.249952
0.239334
0.229954
0.222118
0.215477
0.210021
0.205241
0.200817
0.196694
0.192843
0.189322
0.186177
0.183446
0.284416
0.280144
0.275374
0.26852
0.260531
0.251384
0.241655
0.232138
0.223742
0.216545
0.210437
0.205367
0.200913
0.196747
0.192808
0.189149
0.185821
0.182859
0.180283
0.273231
0.269419
0.265102
0.258852
0.251573
0.243238
0.234351
0.225767
0.218176
0.211524
0.205878
0.201128
0.196927
0.192989
0.189247
0.185781
0.182639
0.179852
0.17744
0.263334
0.259935
0.256029
0.250331
0.243692
0.236093
0.227972
0.220158
0.213207
0.207037
0.20179
0.197316
0.193316
0.189579
0.186044
0.182767
0.179792
0.177155
0.174892
0.254643
0.251618
0.248081
0.242881
0.236813
0.229867
0.222431
0.215259
0.20883
0.203076
0.198168
0.193938
0.190127
0.186574
0.183229
0.180126
0.177302
0.174796
0.172648
0.247082
0.244391
0.241186
0.236431
0.230868
0.224492
0.217656
0.211028
0.205033
0.199635
0.195014
0.191001
0.187371
0.183987
0.18081
0.177863
0.17518
0.172798
0.170755
0.240578
0.238186
0.235275
0.230916
0.225796
0.219915
0.2136
0.207432
0.201797
0.196703
0.192324
0.188502
0.185037
0.181809
0.178783
0.175976
0.173422
0.171156
0.169211
0.235063
0.232936
0.230289
0.226278
0.221545
0.216092
0.210225
0.204443
0.199106
0.194268
0.190094
0.186438
0.183121
0.180033
0.177142
0.174461
0.172023
0.16986
0.168003
0.230475
0.228586
0.226174
0.222467
0.218067
0.212981
0.207498
0.202038
0.196946
0.192321
0.188319
0.184805
0.181617
0.178653
0.17588
0.173311
0.170974
0.168899
0.167119
0.226756
0.225058
0.222885
0.219435
0.215321
0.210548
0.205391
0.200201
0.195306
0.190856
0.186993
0.183599
0.180521
0.177664
0.174993
0.172519
0.170266
0.168266
0.166548
0.223873
0.222435
0.220392
0.217141
0.213272
0.208765
0.203882
0.198914
0.194176
0.189864
0.186113
0.182816
0.17983
0.177061
0.174475
0.172078
0.169894
0.167952
0.166281
0.221801
0.220609
0.218612
0.215547
0.211889
0.207604
0.202951
0.198166
0.193548
0.18934
0.185674
0.182452
0.179541
0.176842
0.174322
0.171985
0.169853
0.167954
0.166317
0.22042
0.219327
0.217465
0.214616
0.211141
0.207044
0.202583
0.197945
0.193415
0.189282
0.185675
0.182508
0.17965
0.177005
0.174534
0.172239
0.170142
0.16827
0.166654
0.21971
0.218639
0.216972
0.214325
0.211007
0.207069
0.202765
0.198241
0.193772
0.189688
0.186117
0.182983
0.18016
0.17755
0.17511
0.172842
0.170765
0.168907
0.1673
0.219687
0.218687
0.21717
0.214666
0.211472
0.207667
0.203488
0.19905
0.194618
0.19056
0.187002
0.18388
0.181073
0.17848
0.176056
0.173798
0.171727
0.16987
0.168259
0.220362
0.219454
0.218034
0.215624
0.212529
0.208828
0.204747
0.200368
0.195952
0.191898
0.188334
0.185204
0.182394
0.179802
0.177377
0.175115
0.173036
0.171166
0.169539
0.221683
0.220914
0.219524
0.217179
0.214164
0.210545
0.206537
0.202197
0.197777
0.193706
0.190115
0.18696
0.18413
0.181522
0.179082
0.176802
0.1747
0.172805
0.171149
0.223591
0.222965
0.22159
0.21931
0.216363
0.212808
0.208854
0.204537
0.200098
0.195991
0.192355
0.189156
0.18629
0.183652
0.181182
0.178869
0.176731
0.174796
0.173097
0.226054
0.22552
0.224199
0.221998
0.219112
0.21561
0.211696
0.20739
0.20292
0.198761
0.195064
0.191805
0.188887
0.186204
0.18369
0.181331
0.179143
0.177153
0.175399
0.229075
0.228613
0.227356
0.225232
0.222401
0.218946
0.215064
0.21076
0.206253
0.202029
0.198256
0.194921
0.191935
0.189193
0.186622
0.184202
0.181949
0.179892
0.178071
0.232649
0.232259
0.231059
0.229004
0.226225
0.222813
0.218957
0.214652
0.210105
0.205807
0.201946
0.198522
0.195454
0.192637
0.189994
0.187499
0.185165
0.183028
0.181126
0.23676
0.23644
0.235294
0.233304
0.230578
0.22721
0.223379
0.219073
0.214488
0.210112
0.206153
0.202628
0.199463
0.196557
0.193826
0.19124
0.188813
0.186581
0.184576
0.241384
0.241132
0.24004
0.238121
0.235452
0.232133
0.22833
0.22403
0.219415
0.21496
0.210898
0.207262
0.203988
0.200977
0.198142
0.195449
0.192916
0.190567
0.188433
0.246501
0.246315
0.245281
0.243439
0.240838
0.237577
0.233811
0.229529
0.224897
0.220373
0.216206
0.212452
0.209058
0.205927
0.20297
0.200159
0.1975
0.195004
0.192717
0.252086
0.251968
0.250998
0.249243
0.246724
0.243538
0.239824
0.235577
0.23095
0.22637
0.222105
0.218229
0.214705
0.211438
0.208349
0.205406
0.20259
0.199916
0.197449
0.258115
0.258067
0.257169
0.255516
0.253096
0.250005
0.246365
0.242178
0.237585
0.232973
0.228624
0.22463
0.22097
0.217556
0.214327
0.211226
0.208216
0.205335
0.202655
0.264559
0.264583
0.263769
0.262233
0.259935
0.256969
0.25343
0.249335
0.244813
0.240205
0.235795
0.231696
0.227897
0.22434
0.220958
0.21766
0.214423
0.211299
0.208367
0.271383
0.271483
0.270765
0.269367
0.26722
0.264411
0.26101
0.257048
0.252645
0.248087
0.243653
0.239471
0.235544
0.23185
0.228295
0.224766
0.221269
0.217857
0.214625
0.278549
0.278729
0.278122
0.276885
0.274921
0.272308
0.269091
0.265309
0.261085
0.256635
0.252229
0.247999
0.243982
0.240157
0.2364
0.232619
0.228823
0.225068
0.22147
0.286012
0.286278
0.285796
0.284747
0.283
0.280631
0.277648
0.274108
0.27013
0.265864
0.261555
0.257333
0.253271
0.249327
0.245359
0.241306
0.237165
0.232998
0.228947
0.293724
0.294079
0.29374
0.292904
0.291413
0.289335
0.286648
0.283422
0.27977
0.275775
0.271649
0.267522
0.263471
0.259429
0.255267
0.250922
0.24638
0.24171
0.23709
0.301626
0.302076
0.301896
0.301301
0.300104
0.298367
0.296044
0.293217
0.289978
0.286355
0.282517
0.278592
0.274631
0.270541
0.266214
0.261564
0.25655
0.251258
0.245911
0.309659
0.310207
0.310202
0.309874
0.30901
0.307654
0.305777
0.303451
0.300708
0.29757
0.294147
0.290546
0.286776
0.282727
0.278282
0.273313
0.267742
0.261665
0.255381
0.317755
0.318404
0.318588
0.318553
0.318062
0.31713
0.315772
0.314036
0.311885
0.309353
0.30649
0.303353
0.299906
0.296016
0.291523
0.286228
0.279987
0.272919
0.265396
0.325844
0.326596
0.32698
0.327257
0.327178
0.326722
0.325934
0.324853
0.323399
0.321596
0.319443
0.316933
0.313971
0.310388
0.305942
0.300323
0.293269
0.284962
0.275726
0.333852
0.334705
0.335297
0.335899
0.336257
0.336322
0.336143
0.335771
0.335111
0.334153
0.332855
0.331139
0.32885
0.325749
0.321472
0.315533
0.307515
0.297724
0.285984
0.341704
0.342654
0.343456
0.344386
0.345192
0.345803
0.346263
0.346643
0.346847
0.346831
0.34651
0.345751
0.344329
0.341905
0.337954
0.331722
0.322647
0.311176
0.295573
0.349323
0.350366
0.351371
0.352623
0.353871
0.355036
0.356146
0.357294
0.358397
0.359384
0.360132
0.360463
0.360087
0.358543
0.355085
0.348675
0.338531
0.324721
0.30251
0.356637
0.357766
0.358962
0.360517
0.362185
0.36389
0.365638
0.367536
0.369531
0.37153
0.373386
0.374887
0.375686
0.375202
0.372438
0.36617
0.354857
0.336444
0.302383
0.363572
0.364792
0.366153
0.36798
0.37003
0.372238
0.37458
0.377174
0.380004
0.382962
0.385889
0.388552
0.39056
0.391239
0.389436
0.383889
0.371654
0.347762
0.298401
0.370053
0.371396
0.372878
0.374937
0.377313
0.379965
0.38283
0.386028
0.389584
0.393383
0.397254
0.400955
0.404056
0.405835
0.405257
0.400973
0.389929
0.365418
0.300983
0.375653
0.376902
0.378407
0.38063
0.383233
0.386213
0.38946
0.393087
0.397162
0.401552
0.406084
0.410504
0.414353
0.416929
0.417559
0.414676
0.406748
0.379778
0.312785
0.380318
0.381352
0.382886
0.385211
0.387963
0.39117
0.394681
0.398592
0.403
0.407764
0.412698
0.41753
0.421775
0.424845
0.42647
0.425888
0.42162
0.385122
0.300114
0.384445
0.385409
0.387018
0.389411
0.392271
0.395646
0.399349
0.403449
0.408069
0.413052
0.418194
0.423188
0.427539
0.430816
0.433111
0.435462
0.434225
0.395833
0.293906
0.39578
0.404788
0.40869
0.410447
0.411613
0.412804
0.414319
0.416318
0.418877
0.422029
0.425772
0.430085
0.434926
0.44021
0.445713
0.450998
0.455637
0.459368
0.46121
0.461073
0.460854
0.410022
0.409812
0.410535
0.411023
0.411606
0.412454
0.413725
0.415514
0.417879
0.420837
0.424377
0.428463
0.433042
0.438028
0.443254
0.448437
0.453265
0.457352
0.459967
0.460783
0.460762
0.417166
0.413904
0.412315
0.411639
0.411575
0.412019
0.413017
0.414599
0.416785
0.419569
0.422926
0.426807
0.431141
0.435829
0.440722
0.445629
0.450336
0.454582
0.45802
0.460068
0.460364
0.420149
0.415918
0.413231
0.411743
0.411126
0.411184
0.411891
0.413239
0.415217
0.4178
0.420949
0.424604
0.428688
0.433094
0.437691
0.442325
0.44682
0.451033
0.454898
0.457897
0.458899
0.420657
0.4163
0.413217
0.411291
0.410283
0.410034
0.410488
0.411614
0.413382
0.415755
0.418682
0.422099
0.425919
0.430037
0.434334
0.438679
0.442926
0.446988
0.450895
0.454257
0.455777
0.419683
0.41553
0.41239
0.41027
0.409039
0.408572
0.40882
0.409746
0.411315
0.41348
0.416187
0.419365
0.422926
0.426767
0.430774
0.434824
0.438793
0.442613
0.446337
0.449666
0.451318
0.417825
0.41398
0.41094
0.408787
0.407454
0.406847
0.406937
0.407694
0.409079
0.411047
0.413539
0.416484
0.419795
0.42337
0.427096
0.430856
0.434531
0.438048
0.441443
0.444493
0.446078
0.415444
0.41192
0.409061
0.406973
0.405607
0.404918
0.404892
0.405507
0.406729
0.408512
0.4108
0.413522
0.416593
0.419912
0.423368
0.426844
0.430222
0.433415
0.436423
0.439083
0.440495
0.412762
0.409549
0.406907
0.404931
0.403574
0.402843
0.402735
0.403234
0.404311
0.405925
0.408021
0.410532
0.413373
0.416448
0.419644
0.422847
0.425934
0.428804
0.431425
0.433675
0.434872
0.409925
0.407006
0.404593
0.402738
0.401421
0.400678
0.400513
0.400917
0.401867
0.403327
0.405245
0.407557
0.410182
0.413025
0.415975
0.418917
0.421726
0.424291
0.426555
0.428424
0.429404
0.407049
0.404401
0.402204
0.400467
0.399209
0.398472
0.398269
0.398595
0.399435
0.400755
0.402509
0.404635
0.407057
0.409682
0.412401
0.415098
0.417648
0.419935
0.421883
0.423423
0.424204
0.404219
0.401817
0.399805
0.398181
0.396988
0.396268
0.39604
0.396303
0.397046
0.398239
0.399842
0.401797
0.404031
0.406453
0.408958
0.411428
0.413742
0.415779
0.417458
0.418721
0.419333
0.401486
0.399299
0.397443
0.395925
0.394797
0.394102
0.393858
0.394068
0.394726
0.395806
0.397271
0.399069
0.401129
0.403365
0.405673
0.407938
0.410038
0.411857
0.413309
0.414346
0.414818
0.398874
0.396875
0.395154
0.393734
0.39267
0.392001
0.391748
0.391915
0.392498
0.393477
0.394817
0.396471
0.398373
0.40044
0.40257
0.40465
0.406562
0.408191
0.409455
0.41031
0.41067
0.396402
0.394564
0.392961
0.391633
0.39063
0.389989
0.389732
0.389863
0.390381
0.391269
0.392497
0.394021
0.395781
0.397696
0.399667
0.401583
0.403329
0.404797
0.405905
0.406615
0.406888
0.394084
0.392382
0.390886
0.389642
0.388697
0.388085
0.387826
0.387927
0.388389
0.389196
0.390324
0.391732
0.393366
0.395147
0.396979
0.398751
0.400353
0.401682
0.402663
0.403259
0.403466
0.39193
0.390345
0.388943
0.387776
0.386886
0.386302
0.386045
0.386121
0.386534
0.38727
0.388308
0.389614
0.391138
0.392804
0.394516
0.396163
0.39764
0.398853
0.39973
0.400235
0.400394
0.389941
0.388462
0.387145
0.386048
0.385207
0.384651
0.384398
0.384455
0.384825
0.385498
0.386458
0.387674
0.389103
0.390675
0.392288
0.393827
0.395197
0.396311
0.397102
0.397537
0.397661
0.388118
0.386734
0.385498
0.384464
0.383671
0.383141
0.382894
0.382935
0.383269
0.383888
0.384777
0.385913
0.387265
0.388768
0.390304
0.39175
0.393025
0.394054
0.394776
0.395155
0.395256
0.386462
0.385161
0.384008
0.383033
0.382282
0.381779
0.381539
0.381568
0.38187
0.382439
0.383261
0.384326
0.385627
0.3871
0.388587
0.389946
0.391128
0.392081
0.392745
0.39308
0.393166
0.384984
0.383743
0.38267
0.381758
0.381047
0.380569
0.380338
0.380358
0.380632
0.381152
0.381912
0.382936
0.384223
0.38568
0.387136
0.388422
0.389504
0.390385
0.390999
0.391299
0.391377
0.383696
0.38249
0.381475
0.380633
0.379969
0.379515
0.379294
0.379306
0.379554
0.380036
0.380781
0.381807
0.383068
0.384474
0.385901
0.38714
0.388139
0.388952
0.389527
0.389801
0.389878
0.3826
0.38142
0.380437
0.379647
0.379038
0.378619
0.378409
0.378417
0.378658
0.379147
0.379907
0.380915
0.382111
0.383445
0.384833
0.386053
0.387011
0.38777
0.388315
0.388573
0.388655
0.381697
0.380541
0.379578
0.378815
0.378248
0.377869
0.377688
0.377718
0.377978
0.378484
0.379228
0.38018
0.381311
0.382584
0.383925
0.38515
0.386105
0.386826
0.387353
0.387604
0.387698
0.38099
0.379855
0.378912
0.378169
0.377625
0.377278
0.377134
0.377197
0.377474
0.377971
0.37868
0.379585
0.380666
0.381892
0.383195
0.384433
0.385402
0.386107
0.386631
0.386885
0.387
0.380479
0.379357
0.378432
0.377708
0.377184
0.376859
0.376735
0.376812
0.377092
0.377578
0.378263
0.379136
0.380181
0.381372
0.382655
0.383904
0.384891
0.385605
0.386143
0.386411
0.386555
0.380157
0.37904
0.378122
0.377411
0.3769
0.376588
0.376474
0.376556
0.376838
0.377318
0.37799
0.378843
0.379863
0.381031
0.382302
0.383566
0.384581
0.385321
0.385886
0.386179
0.38636
0.38001
0.378893
0.377973
0.377262
0.376758
0.376453
0.376347
0.376435
0.376722
0.377202
0.37787
0.378714
0.379721
0.380876
0.382144
0.383427
0.384478
0.385257
0.385864
0.386193
0.386417
0.380023
0.378913
0.377982
0.377263
0.376756
0.376456
0.376357
0.376455
0.37675
0.377238
0.37791
0.378755
0.37976
0.380913
0.382185
0.383493
0.38459
0.38542
0.386079
0.386456
0.386731
0.38017
0.379073
0.378148
0.377421
0.376907
0.376608
0.376515
0.376624
0.376932
0.377433
0.378117
0.378972
0.379988
0.38115
0.382434
0.383767
0.384922
0.385819
0.386538
0.38697
0.387311
0.380468
0.379351
0.378437
0.377723
0.377221
0.376926
0.376835
0.376953
0.377277
0.377795
0.378498
0.379374
0.38041
0.381592
0.382896
0.384254
0.385483
0.386466
0.387251
0.387748
0.388158
0.380956
0.379784
0.378849
0.378146
0.377667
0.3774
0.377329
0.377454
0.377791
0.378331
0.379059
0.379965
0.381033
0.382247
0.38358
0.384969
0.386282
0.387361
0.388224
0.388796
0.389282
0.381649
0.380411
0.379433
0.378708
0.37823
0.377992
0.377971
0.378131
0.378482
0.379044
0.379805
0.380749
0.381861
0.383119
0.384496
0.385931
0.387327
0.388505
0.389464
0.390124
0.390694
0.382551
0.381238
0.380205
0.379445
0.378949
0.378714
0.378732
0.378958
0.379354
0.37994
0.380736
0.38173
0.382898
0.384216
0.385651
0.387148
0.38863
0.389911
0.390981
0.391739
0.392419
0.38367
0.382271
0.381172
0.380365
0.379843
0.379598
0.379628
0.379912
0.380388
0.381023
0.381859
0.38291
0.384149
0.385543
0.387053
0.388627
0.390203
0.391595
0.392791
0.393663
0.394466
0.385016
0.383517
0.38234
0.381476
0.380917
0.380657
0.380688
0.381001
0.381561
0.382287
0.383179
0.384296
0.38562
0.387108
0.388711
0.390378
0.392061
0.393572
0.39491
0.395914
0.396854
0.386599
0.384986
0.383718
0.382785
0.38218
0.381895
0.381922
0.382252
0.382868
0.38371
0.384704
0.385895
0.387316
0.388915
0.390633
0.392413
0.394216
0.395859
0.397356
0.39851
0.399607
0.38843
0.386689
0.385316
0.384302
0.38364
0.383323
0.383341
0.383684
0.384338
0.385281
0.386413
0.387708
0.389242
0.390973
0.392827
0.394744
0.396685
0.398474
0.400146
0.40147
0.402746
0.39052
0.388635
0.387144
0.386037
0.385308
0.384949
0.384952
0.385307
0.385998
0.387009
0.388284
0.389735
0.391401
0.393285
0.395302
0.397383
0.39948
0.401438
0.403304
0.404817
0.406297
0.39288
0.390836
0.389212
0.388
0.387193
0.386783
0.386765
0.387127
0.387853
0.388927
0.390329
0.391956
0.393791
0.395857
0.398065
0.40034
0.402615
0.404775
0.406855
0.408572
0.410282
0.39552
0.393302
0.39153
0.390199
0.389303
0.388834
0.388786
0.389152
0.389913
0.391055
0.392556
0.394361
0.396411
0.398692
0.401121
0.403619
0.406094
0.408499
0.410821
0.412752
0.414719
0.398451
0.396041
0.394107
0.392644
0.391646
0.391108
0.391024
0.391387
0.392182
0.393391
0.394988
0.396963
0.399254
0.401783
0.404471
0.407228
0.409942
0.412618
0.415198
0.417361
0.419622
0.401681
0.399062
0.39695
0.39534
0.394229
0.393611
0.393483
0.393838
0.394662
0.39594
0.397642
0.399775
0.402308
0.405124
0.408115
0.411176
0.414183
0.417138
0.419978
0.422401
0.425004
0.405218
0.402374
0.400066
0.398294
0.397055
0.396346
0.396164
0.396504
0.397356
0.398701
0.400516
0.402805
0.405581
0.408712
0.412046
0.415458
0.418814
0.422062
0.425176
0.427883
0.430879
0.40907
0.40598
0.40346
0.401509
0.400127
0.399314
0.399066
0.399383
0.400256
0.401668
0.403596
0.406051
0.409077
0.412541
0.416248
0.420055
0.423804
0.42737
0.430805
0.433817
0.437247
0.413238
0.409885
0.407133
0.404985
0.403443
0.40251
0.402184
0.402467
0.403353
0.404826
0.406867
0.409501
0.412788
0.416592
0.420691
0.424923
0.429102
0.433016
0.436829
0.440182
0.444089
0.417725
0.414088
0.411084
0.408719
0.406999
0.405928
0.405508
0.405742
0.406628
0.408156
0.410307
0.413136
0.416692
0.420833
0.42533
0.430008
0.434647
0.43898
0.443193
0.446911
0.451362
0.422527
0.418586
0.415309
0.412707
0.410787
0.409556
0.409022
0.409188
0.410058
0.411627
0.413884
0.416915
0.420738
0.425209
0.430104
0.435247
0.44039
0.445231
0.449851
0.453947
0.459044
0.427638
0.423372
0.4198
0.416936
0.414792
0.413378
0.412704
0.41278
0.41361
0.415195
0.417556
0.420773
0.424842
0.429631
0.434931
0.440559
0.446251
0.451683
0.456753
0.461272
0.467129
0.433048
0.428435
0.424545
0.421394
0.418998
0.417372
0.416529
0.416483
0.417244
0.41882
0.421268
0.424628
0.42891
0.433999
0.439707
0.445838
0.452122
0.458214
0.463798
0.468858
0.47559
0.43874
0.433759
0.429525
0.42606
0.423382
0.421511
0.420464
0.420258
0.420912
0.422453
0.424929
0.428366
0.432826
0.438193
0.444297
0.450941
0.457849
0.464655
0.470824
0.476587
0.484226
0.444694
0.439322
0.434719
0.430909
0.427917
0.425763
0.424469
0.424057
0.424553
0.426009
0.428421
0.431874
0.436456
0.442059
0.448529
0.455674
0.463222
0.470776
0.477601
0.484155
0.492476
0.450883
0.445097
0.440098
0.435914
0.43257
0.430091
0.428502
0.42783
0.428118
0.429379
0.431625
0.435037
0.439664
0.44542
0.452183
0.459784
0.467957
0.476285
0.483899
0.491305
0.499846
0.457273
0.451052
0.445631
0.441039
0.437305
0.434454
0.432514
0.431519
0.431516
0.432467
0.434468
0.437735
0.442286
0.448063
0.45499
0.462937
0.471668
0.48078
0.48939
0.49792
0.506737
0.463828
0.457151
0.451279
0.446247
0.442081
0.438809
0.436459
0.435076
0.434653
0.435181
0.43686
0.439845
0.44415
0.449757
0.456639
0.464721
0.473824
0.483603
0.49324
0.503055
0.512117
0.470503
0.463349
0.457002
0.451496
0.446857
0.443111
0.440284
0.438423
0.437471
0.437487
0.438711
0.441234
0.445076
0.450256
0.456791
0.464664
0.473774
0.483876
0.494209
0.504944
0.514459
0.47725
0.469601
0.462755
0.456742
0.451589
0.447318
0.443955
0.441499
0.439917
0.439341
0.439947
0.441793
0.444906
0.449322
0.455085
0.462226
0.47071
0.48042
0.490669
0.501449
0.512107
0.484017
0.475857
0.468489
0.461941
0.456235
0.451387
0.447422
0.444284
0.441987
0.440698
0.440511
0.44145
0.44353
0.446777
0.451222
0.45689
0.463754
0.471755
0.480344
0.489351
0.499274
0.490747
0.482064
0.474157
0.467049
0.460756
0.455281
0.450635
0.446759
0.443686
0.441553
0.440392
0.440191
0.44092
0.442554
0.445046
0.448318
0.452197
0.456425
0.460025
0.462171
0.458128
0.497381
0.488167
0.479709
0.472023
0.465114
0.458977
0.453591
0.448927
0.445015
0.44192
0.439623
0.438075
0.43716
0.436755
0.436656
0.436545
0.435789
0.43361
0.426948
0.417074
0.369366
0.388516
0.389591
0.391297
0.393731
0.39667
0.400163
0.403995
0.4082
0.412913
0.417963
0.42311
0.428001
0.432148
0.435279
0.437899
0.441643
0.440964
0.417156
0.3662
0.392562
0.393781
0.39552
0.397955
0.400908
0.404439
0.408297
0.41247
0.417108
0.42201
0.426891
0.431359
0.434967
0.437618
0.440216
0.44341
0.441454
0.427858
0.4108
0.396284
0.397447
0.39911
0.401485
0.404373
0.407844
0.411613
0.415622
0.420023
0.424593
0.429013
0.432887
0.435877
0.438102
0.440667
0.443436
0.441242
0.431942
0.421997
0.399508
0.400562
0.402107
0.404368
0.40712
0.410442
0.414034
0.417785
0.421832
0.425954
0.429818
0.433059
0.435494
0.437398
0.439639
0.441649
0.439707
0.43331
0.425867
0.402175
0.403148
0.404557
0.406667
0.40923
0.412323
0.415684
0.41913
0.422739
0.426352
0.429624
0.432245
0.434188
0.435808
0.437568
0.438725
0.436932
0.432049
0.426077
0.40432
0.405206
0.406491
0.408431
0.410768
0.41357
0.416667
0.419782
0.4229
0.425975
0.428652
0.43068
0.432159
0.433529
0.434869
0.435338
0.433559
0.429558
0.424558
0.406006
0.406763
0.407952
0.409709
0.411803
0.414286
0.417074
0.419825
0.422443
0.424976
0.427081
0.428562
0.429638
0.430762
0.43176
0.431744
0.429942
0.426501
0.422182
0.407301
0.407924
0.409009
0.410563
0.412403
0.41456
0.417
0.419361
0.421497
0.423502
0.425076
0.426059
0.426861
0.427746
0.428362
0.428022
0.426216
0.423159
0.419357
0.408261
0.40877
0.409726
0.411058
0.412635
0.414464
0.416532
0.418505
0.420196
0.421697
0.422786
0.423362
0.423964
0.424621
0.424832
0.424252
0.422477
0.419687
0.416292
0.408928
0.40934
0.410149
0.411253
0.412564
0.414064
0.415741
0.417358
0.418664
0.41968
0.420314
0.420629
0.421052
0.421433
0.421313
0.42053
0.418794
0.416197
0.413124
0.409342
0.409668
0.410323
0.411206
0.412255
0.413436
0.414723
0.416007
0.416972
0.417545
0.41777
0.417914
0.418173
0.418256
0.417875
0.416907
0.415206
0.412782
0.40996
0.409544
0.409793
0.410298
0.410969
0.411767
0.412649
0.413577
0.414523
0.415163
0.415367
0.41528
0.415252
0.415323
0.415138
0.414545
0.413428
0.411743
0.409485
0.40687
0.409582
0.409759
0.410121
0.410596
0.411155
0.411757
0.412356
0.412958
0.413297
0.4132
0.412897
0.412704
0.412545
0.412127
0.411359
0.410131
0.408438
0.406321
0.403904
0.409499
0.409612
0.409839
0.410133
0.410467
0.410806
0.411101
0.41136
0.411426
0.411101
0.410643
0.410289
0.409884
0.409262
0.408344
0.407032
0.405329
0.403322
0.40109
0.409338
0.409392
0.409497
0.409624
0.409749
0.409843
0.409863
0.409806
0.409608
0.409121
0.408528
0.407989
0.407364
0.406566
0.405518
0.404138
0.402437
0.400513
0.39844
0.409139
0.40914
0.409133
0.409109
0.409042
0.408913
0.408688
0.408361
0.407911
0.407271
0.406542
0.405813
0.405003
0.404053
0.402893
0.401459
0.399768
0.397911
0.395968
0.40894
0.408894
0.408786
0.408626
0.408384
0.408052
0.407608
0.40705
0.406376
0.405568
0.404691
0.403789
0.40282
0.401736
0.400477
0.398997
0.397317
0.395517
0.393681
0.408779
0.408688
0.408491
0.408208
0.407807
0.407289
0.406646
0.405882
0.405008
0.404031
0.403
0.401942
0.400828
0.399623
0.398275
0.396754
0.395082
0.393331
0.391579
0.408687
0.408557
0.408281
0.407885
0.407338
0.40665
0.405823
0.40487
0.403813
0.402674
0.401491
0.400286
0.399039
0.39772
0.39629
0.394729
0.393063
0.391351
0.389666
0.408696
0.408531
0.408184
0.407685
0.407003
0.406158
0.40516
0.404032
0.402805
0.401508
0.400178
0.398832
0.397458
0.396032
0.394524
0.392923
0.391257
0.389578
0.387946
0.408836
0.408639
0.408228
0.407635
0.406826
0.405835
0.404678
0.403385
0.401994
0.400545
0.399072
0.39759
0.396092
0.394563
0.392979
0.391337
0.389665
0.38801
0.386422
0.409135
0.408908
0.408439
0.407758
0.406831
0.405702
0.404392
0.402942
0.401395
0.399796
0.39818
0.396565
0.394948
0.393316
0.391655
0.389969
0.388287
0.386648
0.385095
0.409618
0.409365
0.408843
0.408078
0.407038
0.405776
0.404321
0.402717
0.401018
0.39927
0.397513
0.395766
0.394029
0.392294
0.390555
0.388821
0.387122
0.385492
0.383967
0.410311
0.410033
0.409462
0.408616
0.407468
0.406077
0.404479
0.402726
0.400875
0.398978
0.397079
0.395197
0.39334
0.391501
0.38968
0.387892
0.38617
0.384542
0.383037
0.411238
0.410937
0.410319
0.409395
0.40814
0.406624
0.404884
0.402981
0.400977
0.39893
0.396885
0.394866
0.392884
0.390939
0.389032
0.387184
0.38543
0.383798
0.382309
0.412423
0.4121
0.411437
0.410435
0.409075
0.407432
0.40555
0.403497
0.401337
0.399135
0.39694
0.394779
0.392667
0.390609
0.388612
0.386697
0.384904
0.383258
0.381781
0.413888
0.413545
0.412836
0.411757
0.410291
0.40852
0.406494
0.404286
0.401967
0.399604
0.397252
0.394943
0.392694
0.390517
0.388421
0.386432
0.384587
0.382919
0.381447
0.415658
0.415294
0.414541
0.413381
0.411806
0.409904
0.407731
0.405363
0.402878
0.400348
0.397831
0.395365
0.39297
0.390664
0.388461
0.386387
0.38448
0.382774
0.381294
0.417755
0.417373
0.416571
0.415326
0.41364
0.411603
0.409277
0.406743
0.404084
0.401378
0.398687
0.396053
0.393503
0.391057
0.388736
0.386564
0.384581
0.382818
0.381303
0.4202
0.419807
0.41895
0.417613
0.415811
0.413634
0.411147
0.40844
0.405598
0.402706
0.399831
0.397019
0.394301
0.391703
0.389249
0.386967
0.384892
0.383054
0.381477
0.423013
0.422639
0.421697
0.420259
0.418337
0.416013
0.413359
0.410469
0.407435
0.404346
0.401274
0.398271
0.395374
0.39261
0.39001
0.387603
0.38542
0.383492
0.381837
0.426204
0.425857
0.42482
0.423284
0.421236
0.418757
0.415928
0.412846
0.409609
0.406311
0.40303
0.399824
0.396732
0.393789
0.391028
0.38848
0.386176
0.384144
0.382401
0.429784
0.429433
0.428326
0.426701
0.424523
0.421884
0.418872
0.415588
0.412136
0.408616
0.405113
0.401688
0.398388
0.395252
0.392314
0.389609
0.387169
0.38502
0.383176
0.433779
0.433406
0.432244
0.43053
0.428218
0.425412
0.422207
0.41871
0.415031
0.411277
0.407536
0.403879
0.400356
0.39701
0.393881
0.391004
0.388412
0.386131
0.384173
0.438222
0.437825
0.436604
0.434793
0.432338
0.429358
0.42595
0.422229
0.418311
0.414307
0.410316
0.40641
0.402648
0.399077
0.39574
0.392675
0.389916
0.387487
0.3854
0.443134
0.442716
0.441427
0.439508
0.436904
0.43374
0.43012
0.426162
0.421991
0.417725
0.413466
0.409297
0.40528
0.401468
0.397906
0.394636
0.391692
0.389099
0.386869
0.448533
0.448091
0.446728
0.444694
0.441933
0.438576
0.434731
0.430525
0.426087
0.421544
0.417003
0.412554
0.408266
0.404195
0.400392
0.3969
0.393754
0.39098
0.388589
0.454435
0.453967
0.452523
0.450368
0.447442
0.44388
0.4398
0.435333
0.430616
0.42578
0.420942
0.416197
0.41162
0.407273
0.403211
0.399479
0.396114
0.393141
0.390573
0.460857
0.46036
0.458829
0.456545
0.453444
0.449669
0.445342
0.440601
0.43559
0.430448
0.425297
0.420239
0.415356
0.410716
0.406377
0.402387
0.398784
0.395594
0.392832
0.467815
0.467286
0.46566
0.463239
0.459955
0.455955
0.451369
0.446342
0.441024
0.43556
0.430081
0.424694
0.419489
0.414538
0.409904
0.405636
0.401777
0.398352
0.395378
0.475322
0.474757
0.473029
0.470462
0.466985
0.462749
0.457892
0.452567
0.446928
0.441129
0.435307
0.429575
0.42403
0.418751
0.413803
0.40924
0.405104
0.401426
0.398221
0.483391
0.482787
0.480947
0.478224
0.474542
0.470059
0.46492
0.459284
0.453312
0.447164
0.440984
0.434892
0.428992
0.423366
0.418086
0.413209
0.408778
0.404827
0.401372
0.492031
0.491382
0.489421
0.48653
0.482633
0.477891
0.472458
0.466499
0.460182
0.453672
0.44712
0.440654
0.434381
0.428393
0.422763
0.417552
0.412808
0.408564
0.404842
0.501249
0.500548
0.498455
0.495384
0.491259
0.486246
0.480508
0.474213
0.46754
0.460657
0.45372
0.446865
0.440206
0.433839
0.427842
0.42228
0.417203
0.412647
0.408637
0.511047
0.510288
0.50805
0.504784
0.500419
0.495122
0.489065
0.482426
0.475385
0.468117
0.460785
0.453529
0.44647
0.439708
0.433328
0.427397
0.421968
0.417082
0.412765
0.521423
0.520599
0.518201
0.514725
0.510103
0.504509
0.498124
0.491129
0.483711
0.47605
0.468312
0.460644
0.453173
0.446003
0.439223
0.432906
0.427108
0.421873
0.41723
0.532372
0.531475
0.5289
0.525194
0.5203
0.514395
0.507669
0.500309
0.492507
0.484444
0.476293
0.468204
0.460309
0.452719
0.445526
0.438807
0.432623
0.42702
0.422032
0.543881
0.542901
0.540131
0.536175
0.530988
0.524756
0.51768
0.509949
0.501755
0.493286
0.484715
0.476198
0.467871
0.45985
0.452231
0.445097
0.43851
0.432522
0.42717
0.555931
0.554858
0.551873
0.547642
0.54214
0.535565
0.528129
0.520021
0.511433
0.502553
0.493559
0.484609
0.475844
0.467383
0.459329
0.451765
0.444761
0.438371
0.432636
0.568494
0.567318
0.564098
0.559563
0.553716
0.546781
0.538982
0.530495
0.52151
0.512218
0.502799
0.493415
0.484208
0.475301
0.466802
0.458799
0.451364
0.444556
0.438421
0.581533
0.580245
0.576768
0.5719
0.565682
0.55837
0.550196
0.54133
0.53195
0.522248
0.512406
0.502587
0.492936
0.48358
0.47463
0.466178
0.458301
0.451061
0.444508
0.594998
0.593588
0.58984
0.584614
0.578009
0.570301
0.561736
0.552486
0.542712
0.532603
0.522341
0.51209
0.501996
0.49219
0.482785
0.473877
0.465547
0.457863
0.450876
0.60882
0.607281
0.603246
0.597649
0.590653
0.582529
0.573558
0.563913
0.553749
0.543236
0.53256
0.521882
0.51135
0.501095
0.491234
0.481865
0.473074
0.464933
0.457497
0.622912
0.621235
0.616892
0.610911
0.603518
0.594985
0.585604
0.575556
0.565
0.554099
0.543014
0.531917
0.520953
0.510253
0.499935
0.490103
0.480845
0.472236
0.464338
0.637163
0.635335
0.630658
0.624279
0.616491
0.607569
0.597794
0.587356
0.576413
0.565127
0.553651
0.542144
0.530756
0.519616
0.508844
0.498547
0.488817
0.479733
0.47136
0.651437
0.649439
0.644406
0.637621
0.629454
0.620176
0.610043
0.599242
0.587934
0.576272
0.564415
0.552511
0.540706
0.529133
0.51791
0.507148
0.496943
0.487377
0.478518
0.665574
0.66338
0.657976
0.650794
0.64228
0.632686
0.622245
0.611131
0.599498
0.587488
0.575258
0.562966
0.550753
0.53875
0.527079
0.515852
0.505169
0.495115
0.48576
0.679379
0.676945
0.671178
0.663631
0.654824
0.644969
0.634279
0.622916
0.611014
0.598708
0.586133
0.573458
0.560843
0.548414
0.536295
0.524602
0.513438
0.502891
0.493033
0.69263
0.689886
0.683784
0.67595
0.66693
0.656893
0.646031
0.634489
0.622383
0.609832
0.596967
0.583937
0.57092
0.558069
0.545501
0.533339
0.521689
0.510645
0.500279
0.705042
0.701922
0.695546
0.687548
0.678436
0.668328
0.657387
0.645745
0.6335
0.620761
0.607656
0.594324
0.580926
0.56765
0.554633
0.541997
0.529858
0.518312
0.507434
-0.274755
-0.25007
-0.2321
-0.228472
-0.223113
-0.214857
-0.203351
-0.188561
-0.170974
-0.150861
-0.12905
-0.106512
-0.084226
-0.0638981
-0.0473268
-0.0342782
-0.0238899
-0.0152605
-0.00863689
-0.0012193
-0.12795
-0.211403
-0.224721
-0.221304
-0.218301
-0.212656
-0.202956
-0.18957
-0.172846
-0.153077
-0.131228
-0.108602
-0.0862122
-0.0660616
-0.0496327
-0.0368628
-0.0266314
-0.0179111
-0.0108612
-0.00276353
0.013455
-0.102172
-0.148768
-0.175063
-0.189895
-0.194026
-0.189217
-0.17784
-0.162262
-0.144007
-0.124142
-0.103792
-0.0836332
-0.0653111
-0.050037
-0.0376314
-0.0272422
-0.0182624
-0.0102941
-0.00314179
0.066066
-0.030015
-0.0860213
-0.121507
-0.143398
-0.154534
-0.156791
-0.151771
-0.14204
-0.129195
-0.114152
-0.0978237
-0.0812921
-0.0652188
-0.0511608
-0.0391175
-0.0286174
-0.0193745
-0.0107434
-0.00404631
0.0843783
0.00651068
-0.0481399
-0.0841327
-0.108975
-0.125009
-0.132555
-0.132751
-0.127555
-0.118485
-0.106616
-0.0930058
-0.078711
-0.0646002
-0.0516419
-0.0400642
-0.0296444
-0.020275
-0.0113019
-0.00453017
0.100264
0.0350857
-0.0170453
-0.0548072
-0.0824093
-0.101516
-0.112345
-0.115918
-0.113895
-0.107758
-0.0986423
-0.0875682
-0.0754833
-0.0631961
-0.0513834
-0.0403907
-0.0301897
-0.020818
-0.0116504
-0.00476932
0.112296
0.0556031
0.00647736
-0.0321294
-0.0614088
-0.0825287
-0.09584
-0.102185
-0.102893
-0.0992929
-0.0924913
-0.0834506
-0.0730569
-0.0620875
-0.0511539
-0.0406459
-0.0306443
-0.0212883
-0.0119669
-0.00498115
0.120206
0.0690495
0.0228265
-0.0154661
-0.0455408
-0.0679886
-0.0831235
-0.0915755
-0.0943484
-0.0926714
-0.0876525
-0.0801635
-0.0710601
-0.0611129
-0.05091
-0.040848
-0.0310653
-0.0217671
-0.0123368
-0.00521934
0.125772
0.077957
0.0336713
-0.00427612
-0.0349386
-0.0583565
-0.0747626
-0.0847083
-0.0888797
-0.0884808
-0.0847107
-0.0782895
-0.070054
-0.0607772
-0.0510441
-0.0412652
-0.0316275
-0.0223786
-0.0129365
-0.00547733
0.13089
0.0848172
0.0414595
0.00347328
-0.0278247
-0.0521155
-0.0695465
-0.0805534
-0.0858273
-0.0864023
-0.0833617
-0.0775641
-0.06984
-0.060939
-0.0514531
-0.0418093
-0.0322665
-0.0230314
-0.0140792
-0.00617275
0.503672
0.493939
0.48494
0.476683
0.469164
0.46236
0.456223
0.450752
0.44597
0.441861
0.438352
0.435324
0.432598
0.42991
0.42683
0.422707
0.416084
0.405164
0.38066
0.335662
0.154599
0.509578
0.499346
0.489824
0.481014
0.4729
0.465445
0.45857
0.452286
0.446623
0.441489
0.436748
0.432204
0.427619
0.422591
0.416464
0.408253
0.395814
0.376217
0.338335
0.273243
0.130233
0.515229
0.504507
0.494474
0.485122
0.476425
0.468331
0.460749
0.45364
0.447044
0.440869
0.434891
0.428847
0.42241
0.415081
0.406068
0.39417
0.377205
0.35207
0.31227
0.251071
0.167793
0.520555
0.509363
0.498839
0.488968
0.479714
0.471015
0.462775
0.45489
0.447342
0.440094
0.43292
0.425456
0.417286
0.407852
0.396329
0.381496
0.361511
0.333767
0.294909
0.23968
0.170099
0.52547
0.513841
0.502859
0.492504
0.482734
0.473474
0.464627
0.456063
0.447668
0.439355
0.430977
0.422189
0.41249
0.401258
0.387678
0.370627
0.34858
0.319489
0.280968
0.229583
0.16513
0.529885
0.517861
0.506467
0.495678
0.485443
0.475683
0.466291
0.457132
0.448044
0.438852
0.429358
0.419288
0.408207
0.395491
0.380315
0.361652
0.33823
0.308485
0.270722
0.223145
0.166034
0.533682
0.521316
0.509567
0.498406
0.487775
0.477589
0.467733
0.458065
0.448408
0.438552
0.428216
0.417092
0.404794
0.390778
0.374325
0.354526
0.330302
0.300475
0.263925
0.219826
0.168763
0.53687
0.524228
0.512193
0.500732
0.489782
0.479253
0.469025
0.458951
0.448843
0.438474
0.42756
0.415741
0.402589
0.387597
0.370148
0.349477
0.324725
0.295007
0.259572
0.218054
0.171072
0.539157
0.52631
0.514076
0.502408
0.491236
0.48047
0.46999
0.459641
0.449233
0.438531
0.427247
0.415025
0.401435
0.385954
0.367974
0.346829
0.321824
0.292251
0.257584
0.217713
0.17329
0.541333
0.52828
0.515869
0.50403
0.492684
0.481741
0.471081
0.460549
0.449953
0.439056
0.427571
0.415145
0.401357
0.385705
0.367608
0.346426
0.321513
0.292257
0.258234
0.219452
0.176555
0.715999
0.712454
0.705909
0.69792
0.688878
0.678842
0.66794
0.656286
0.643969
0.631095
0.617793
0.604208
0.590489
0.576813
0.563362
0.550261
0.537642
0.525609
0.514232
0.724993
0.721239
0.714737
0.706964
0.698194
0.688403
0.677668
0.666092
0.653763
0.640791
0.627317
0.613499
0.599503
0.585481
0.571619
0.558073
0.544989
0.532484
0.520627
0.731566
0.728381
0.722199
0.714852
0.706602
0.697262
0.686841
0.675436
0.663147
0.6501
0.636459
0.622407
0.60813
0.593794
0.579551
0.56558
0.552047
0.539082
0.526755
0.735186
0.733441
0.728159
0.72153
0.714063
0.705387
0.695422
0.684276
0.672073
0.658966
0.645155
0.630857
0.616284
0.60163
0.587032
0.572666
0.558712
0.545312
0.532538
0.736379
0.735982
0.732368
0.727007
0.720614
0.712785
0.703391
0.692564
0.680472
0.667309
0.653316
0.638755
0.623875
0.608884
0.593941
0.579209
0.564872
0.551071
0.53788
0.736538
0.736646
0.734859
0.731308
0.726312
0.71949
0.710735
0.700244
0.688252
0.675008
0.66081
0.645969
0.630773
0.61544
0.600161
0.585092
0.57041
0.556247
0.54268
0.736495
0.73649
0.736054
0.734472
0.731129
0.725469
0.71741
0.707246
0.695312
0.681934
0.667487
0.652343
0.636816
0.621151
0.605548
0.590171
0.575182
0.560703
0.546809
0.736488
0.736292
0.736511
0.736525
0.73485
0.730441
0.723133
0.713321
0.701425
0.687872
0.673147
0.657703
0.64188
0.625932
0.610052
0.594413
0.579167
0.564427
0.550268
0.736645
0.736405
0.736891
0.73784
0.737448
0.734102
0.727485
0.718054
0.70617
0.69239
0.677384
0.661677
0.645612
0.629434
0.613337
0.597495
0.582053
0.567118
0.552763
0.736893
0.73678
0.737519
0.738864
0.739322
0.736745
0.730732
0.721931
0.710322
0.696496
0.68134
0.665454
0.64919
0.632794
0.616481
0.600433
0.584791
0.569664
0.555131
)
;

boundaryField
{
    inlet
    {
        type            zeroGradient;
    }
    outlet
    {
        type            fixedValue;
        value           uniform 0;
    }
    walls
    {
        type            zeroGradient;
    }
    baffle
    {
        type            zeroGradient;
    }
    frontAndBack
    {
        type            empty;
    }
}


// ************************************************************************* //
