/*--------------------------------*- C++ -*----------------------------------*\
| =========                 |                                                 |
| \\      /  F ield         | OpenFOAM: The Open Source CFD Toolbox           |
|  \\    /   O peration     | Version:  2012                                  |
|   \\  /    A nd           | Website:  www.openfoam.com                      |
|    \\/     M anipulation  |                                                 |
\*---------------------------------------------------------------------------*/
FoamFile
{
    version     2.0;
    format      ascii;
    class       volScalarField;
    location    "672";
    object      k;
}
// * * * * * * * * * * * * * * * * * * * * * * * * * * * * * * * * * * * * * //

dimensions      [0 2 -2 0 0 0 0];


internalField   nonuniform List<scalar> 
6084
(
0.0487391
0.0526959
0.0571887
0.0623227
0.0682335
0.0750964
0.0831421
0.09268
0.104134
0.118099
0.135435
0.157426
0.186062
0.224569
0.278468
0.357828
0.482499
0.695511
1.10179
1.9974
0.120351
0.130331
0.141633
0.154499
0.169243
0.186261
0.206068
0.229335
0.256959
0.290155
0.330612
0.380725
0.443992
0.525663
0.633892
0.781783
0.99119
1.29979
1.7737
2.5239
0.160258
0.173536
0.188558
0.205632
0.225155
0.247625
0.273678
0.304135
0.340068
0.382904
0.434572
0.49773
0.576119
0.675119
0.80265
0.970645
1.19751
1.51227
1.96153
2.62192
0.183524
0.19872
0.2159
0.235406
0.257672
0.283246
0.312815
0.347255
0.387696
0.435613
0.49296
0.562371
0.647459
0.753279
0.887071
1.05947
1.28657
1.59368
2.02264
2.64798
0.194531
0.21063
0.228825
0.24947
0.273017
0.300029
0.331213
0.36746
0.409911
0.460037
0.519768
0.591668
0.679206
0.78718
0.922388
1.0948
1.31964
1.62144
2.04235
2.66017
0.194538
0.210635
0.228828
0.249472
0.273018
0.30003
0.331214
0.367461
0.409911
0.460037
0.519768
0.591668
0.679207
0.78718
0.922388
1.0948
1.31964
1.62144
2.04235
2.66017
0.183537
0.198729
0.215906
0.23541
0.257675
0.283248
0.312816
0.347256
0.387697
0.435614
0.492961
0.562372
0.647459
0.753279
0.887071
1.05947
1.28657
1.59368
2.02264
2.64798
0.160256
0.17354
0.188563
0.205637
0.225159
0.247628
0.27368
0.304136
0.340069
0.382905
0.434572
0.49773
0.576119
0.67512
0.80265
0.970645
1.19751
1.51227
1.96153
2.62192
0.120293
0.130321
0.141632
0.154502
0.169246
0.186264
0.20607
0.229337
0.25696
0.290156
0.330613
0.380726
0.443992
0.525664
0.633892
0.781783
0.99119
1.29979
1.7737
2.5239
0.0487315
0.0526944
0.0571893
0.062324
0.0682348
0.0750975
0.083143
0.0926806
0.104134
0.118099
0.135436
0.157426
0.186062
0.224569
0.278468
0.357828
0.482499
0.695511
1.10179
1.9974
0.0236221
0.0248783
0.0262256
0.0276771
0.0292474
0.030953
0.0328128
0.0348486
0.0370859
0.0395544
0.0422896
0.0453338
0.0563417
0.0595729
0.0630319
0.0667536
0.0707747
0.0751366
0.0798869
0.0850802
0.0907799
0.09706
0.104007
0.111725
0.0751195
0.0793805
0.083953
0.0888839
0.0942213
0.100019
0.10634
0.113256
0.12085
0.129219
0.138478
0.148761
0.0861467
0.0909832
0.0961855
0.101807
0.107901
0.11453
0.121763
0.12968
0.138378
0.147966
0.158573
0.170352
0.0915002
0.0965712
0.102042
0.107969
0.114407
0.121419
0.129078
0.137466
0.146682
0.156843
0.168085
0.180569
0.0918136
0.0967899
0.102187
0.10806
0.114463
0.121457
0.129109
0.137497
0.146712
0.156867
0.168102
0.180581
0.0872353
0.091723
0.0966431
0.102052
0.108003
0.114557
0.121778
0.12973
0.138445
0.148024
0.158615
0.170378
0.0781672
0.0815993
0.0854481
0.089782
0.0946654
0.100163
0.106335
0.113238
0.120878
0.129269
0.138511
0.148775
0.0667915
0.0682638
0.0699676
0.0720225
0.0745429
0.0776503
0.0813982
0.0858362
0.0910877
0.0971484
0.104004
0.111699
0.0587492
0.0578462
0.0563312
0.0541032
0.0510827
0.0481758
0.0456602
0.0437699
0.042706
0.0426515
0.0435783
0.0455199
0.000979676
0.000865239
0.000907864
0.00122515
0.00229855
0.00329053
0.00424099
0.00513475
0.00596321
0.0067619
0.00754288
0.00831384
0.00908003
0.00984538
0.0106131
0.0113862
0.0121675
0.0129597
0.0137661
0.01459
0.0154352
0.016306
0.0172074
0.0181449
0.0191247
0.0201539
0.0212403
0.0223931
0.00174372
0.00222206
0.00382784
0.00566738
0.00712175
0.0083995
0.00980269
0.0114365
0.0131562
0.0148567
0.0165611
0.0182776
0.0200133
0.0217746
0.0235682
0.0254005
0.0272778
0.0292064
0.0311929
0.033244
0.0353673
0.0375713
0.0398662
0.0422637
0.0447773
0.0474227
0.0502179
0.0531843
0.00267754
0.00518097
0.00704804
0.0088421
0.0104423
0.0122568
0.014496
0.0169879
0.019469
0.021873
0.0242126
0.0265013
0.0287594
0.0310077
0.0332667
0.0355553
0.0378909
0.0402894
0.042765
0.0453316
0.0480026
0.0507919
0.0537141
0.0567856
0.0600249
0.063453
0.0670939
0.0709756
0.00399215
0.0078104
0.00974887
0.0115321
0.0134999
0.0159994
0.0189645
0.0220488
0.0250115
0.0278106
0.030458
0.0329835
0.0354262
0.0378252
0.0402167
0.042633
0.0451019
0.0476474
0.05029
0.053048
0.0559384
0.0589779
0.0621839
0.0655752
0.0691729
0.073001
0.0770869
0.0814616
0.0054624
0.0102696
0.0121798
0.0141082
0.0165522
0.0196562
0.0231165
0.0265404
0.0297389
0.0326853
0.0354024
0.0379385
0.0403499
0.0426915
0.0450127
0.047356
0.0497573
0.0522457
0.0548458
0.0575782
0.060462
0.0635152
0.0667569
0.0702076
0.0738902
0.0778309
0.082059
0.0866082
0.00661778
0.0124276
0.0144789
0.0166796
0.0195925
0.0231356
0.0268665
0.0304211
0.0336561
0.0365594
0.0391696
0.0415508
0.0437735
0.0459047
0.0480037
0.0501205
0.0522954
0.0545608
0.0569423
0.0594611
0.062136
0.0649856
0.0680294
0.0712892
0.07479
0.0785601
0.0826318
0.0870414
0.00754356
0.0143655
0.0166872
0.0192309
0.0225304
0.0263364
0.0301517
0.0336692
0.0367824
0.0394951
0.0418616
0.0439592
0.0458698
0.0476702
0.0494271
0.0511951
0.0530166
0.0549232
0.0569382
0.059079
0.0613606
0.063798
0.0664086
0.0692134
0.0722386
0.0755155
0.0790807
0.0829761
0.00835092
0.0160909
0.0187939
0.0216966
0.0252757
0.0291852
0.0329395
0.0362856
0.0391516
0.0415578
0.0435731
0.0452874
0.046794
0.0481791
0.0495166
0.0508645
0.0522646
0.0537438
0.0553168
0.0569901
0.0587661
0.0606472
0.0626392
0.0647538
0.0670105
0.069438
0.0720742
0.0749669
0.00904652
0.0176352
0.020778
0.0240121
0.0277592
0.0316443
0.0352204
0.0382896
0.0408085
0.0428184
0.0444035
0.0456692
0.0467237
0.0476671
0.048584
0.0495379
0.0505697
0.0516984
0.0529238
0.0542323
0.055602
0.057008
0.058427
0.0598406
0.0612372
0.0626148
0.0639823
0.0653625
0.00963977
0.0190281
0.0226197
0.0261288
0.0299404
0.0336969
0.037005
0.0397118
0.0418072
0.043357
0.0444658
0.0452612
0.0458745
0.0464273
0.0470204
0.0477253
0.0485807
0.0495934
0.0507431
0.051991
0.0532877
0.0545794
0.0558127
0.0569346
0.0578913
0.0586245
0.0590672
0.0591399
0.0573099
0.0567972
0.0558328
0.0542712
0.0518958
0.0486495
0.0442507
0.0383829
0.0303358
0.0220123
0.0142864
0.00809824
0.0410889
0.0379053
0.0343042
0.0303513
0.0262213
0.0217113
0.0164895
0.0118411
0.00796739
0.00517614
0.00289285
0.00114045
0.0210512
0.0182107
0.0154979
0.0128937
0.0106923
0.00885288
0.00715489
0.00566264
0.00440817
0.00332203
0.00210813
0.000835276
0.0111045
0.00985252
0.00882363
0.0079094
0.00711764
0.00638762
0.00565904
0.00490341
0.00410414
0.00321124
0.00212261
0.000870502
0.00826105
0.00783501
0.00745064
0.00706433
0.00665537
0.0062003
0.00567371
0.00505139
0.00430285
0.00338887
0.00226379
0.000953676
0.00770689
0.00754103
0.00735257
0.00711922
0.0068227
0.00644237
0.00595972
0.00535296
0.00459376
0.00364462
0.00246191
0.00104771
0.00774436
0.00767304
0.00755467
0.00737326
0.00711329
0.00675814
0.00628957
0.00568504
0.00491437
0.00393511
0.00268905
0.00114812
0.00794717
0.00791519
0.00782656
0.00766796
0.00742534
0.00708322
0.00662334
0.00602184
0.005245
0.0042416
0.00293263
0.00125301
0.00820007
0.00818711
0.00811336
0.00796694
0.00773494
0.00740251
0.00695118
0.00635547
0.00557741
0.00455558
0.00318717
0.00136149
0.0084693
0.00846596
0.00840009
0.00826099
0.00803672
0.00771295
0.00727089
0.00668337
0.00590802
0.00487295
0.00345
0.0014732
0.00874433
0.00874535
0.00868336
0.00854879
0.00833063
0.00801504
0.00758289
0.00700535
0.00623577
0.00519204
0.00371983
0.00158806
0.00902255
0.00902448
0.00896361
0.00883157
0.00861831
0.0083105
0.00788869
0.00732246
0.00656105
0.00551255
0.00399621
0.0017062
0.00930435
0.00930456
0.00924258
0.00911134
0.00890187
0.00860142
0.00819027
0.0076364
0.0068851
0.00583507
0.00427917
0.00182789
0.0095912
0.00958747
0.00952235
0.00939025
0.00918349
0.00888999
0.00848979
0.00794923
0.00720966
0.0061607
0.00456911
0.00195355
0.009885
0.00987524
0.00980499
0.00967039
0.00946525
0.00917834
0.00878945
0.00826313
0.00753673
0.00649087
0.00486663
0.00208377
0.0101877
0.0101699
0.0100925
0.00995367
0.00974906
0.00946844
0.00909131
0.00858029
0.00786838
0.00682722
0.00517249
0.00221932
0.0105014
0.0104733
0.0103866
0.0102418
0.0100366
0.00976205
0.00939733
0.00890279
0.00820672
0.00717147
0.00548753
0.00236128
0.0108278
0.0107872
0.0106889
0.0105363
0.0103294
0.0100607
0.0097092
0.00923252
0.00855372
0.00752531
0.00581266
0.00251114
0.0111688
0.0111131
0.0110009
0.0108384
0.0106286
0.0103658
0.0100284
0.00957114
0.00891115
0.00789038
0.00614889
0.00267103
0.0115259
0.0114525
0.0113236
0.0111491
0.0109353
0.0106782
0.010356
0.00991994
0.00928047
0.00826801
0.00649686
0.00284402
0.0119007
0.0118064
0.011658
0.0114692
0.0112499
0.0109987
0.0106928
0.0102798
0.00966277
0.00865918
0.00685738
0.0030348
0.0122942
0.0121755
0.0120043
0.0117989
0.0115729
0.0113276
0.0110391
0.0106511
0.0100586
0.00906758
0.00723563
0.00324096
0.0127071
0.01256
0.0123626
0.0121382
0.011904
0.0116649
0.0113964
0.0110368
0.0104723
0.00949466
0.00763047
0.00345535
0.0131393
0.0129593
0.0127323
0.0124869
0.0122448
0.0120118
0.0117641
0.0114355
0.0109024
0.00994029
0.0080421
0.003678
0.01359
0.0133734
0.0131143
0.0128453
0.0125927
0.0123653
0.0121399
0.0118452
0.0113475
0.010404
0.00847047
0.00390805
0.0140598
0.0138017
0.0135058
0.0132097
0.0129444
0.0127221
0.0125206
0.0122628
0.0118055
0.0108843
0.00891471
0.00414497
0.0145461
0.0142403
0.0139025
0.0135757
0.0132958
0.013078
0.0128996
0.012684
0.0122729
0.0113788
0.00937276
0.00438746
0.0150445
0.014684
0.0142988
0.0139377
0.013641
0.0134259
0.0132737
0.0131035
0.0127442
0.0118828
0.00984085
0.00463322
0.0155481
0.0151252
0.0146869
0.014288
0.0139734
0.0137602
0.0136351
0.0135136
0.0132123
0.0123895
0.0103128
0.00487867
0.0160473
0.0155536
0.0150565
0.0146167
0.0142803
0.0140708
0.0139745
0.0139051
0.0136672
0.012889
0.0107791
0.00511853
0.0165288
0.015956
0.0153944
0.0149128
0.0145518
0.0143471
0.0142807
0.0142658
0.0140957
0.013367
0.0112255
0.00534552
0.0169758
0.0163158
0.0156845
0.0151558
0.0147747
0.0145759
0.0145394
0.0145795
0.0144801
0.0138043
0.0116331
0.00555086
0.0173674
0.016613
0.0159087
0.0153261
0.0149328
0.0147408
0.0147318
0.0148248
0.0147961
0.0141783
0.0119816
0.0057262
0.017679
0.0168245
0.0160472
0.0154215
0.0150112
0.014823
0.0148368
0.0149716
0.0150248
0.0144669
0.0122568
0.00586524
0.0178837
0.0169259
0.0160777
0.0154171
0.0149908
0.014806
0.0148338
0.0150184
0.0151567
0.0146724
0.0124777
0.00596554
0.0179537
0.0168939
0.0159791
0.0152902
0.0148569
0.0146784
0.0147215
0.0149593
0.0151825
0.0147787
0.0126161
0.00602251
0.017863
0.0167079
0.015744
0.0150338
0.0146019
0.0144282
0.0144984
0.0147923
0.0150965
0.0147751
0.0126612
0.00606802
0.017591
0.0163534
0.0153568
0.0146432
0.0142253
0.0140636
0.0141683
0.0145178
0.0148939
0.0146489
0.0125982
0.00608043
0.0171262
0.0158376
0.0148276
0.0141278
0.0137318
0.0135932
0.0137375
0.014139
0.0145713
0.0143763
0.0124058
0.00603541
0.0164693
0.0151624
0.0141708
0.0135049
0.0131366
0.0130299
0.013215
0.0136609
0.0141275
0.0139628
0.0121014
0.00593507
0.0156468
0.0143617
0.0134175
0.0127996
0.0124612
0.0123871
0.0126095
0.0130867
0.0135395
0.0134377
0.0116982
0.00577118
0.0146884
0.0134725
0.0125993
0.0120339
0.0117186
0.0116717
0.0119259
0.012421
0.0128875
0.0128323
0.0112201
0.00555558
0.0136582
0.0125372
0.011738
0.0112051
0.0109025
0.0108795
0.0111645
0.0116553
0.0121655
0.0121665
0.0106906
0.00530666
0.0125856
0.0115694
0.0108247
0.0102886
0.00999432
0.0100062
0.0103388
0.0108757
0.0114197
0.0114664
0.0101239
0.00503382
0.0114886
0.0105471
0.00979457
0.00924859
0.00898951
0.00907322
0.00946126
0.010096
0.0106798
0.0107601
0.0095368
0.00474333
0.0103379
0.00938692
0.00861083
0.00810392
0.00794841
0.00816206
0.0086631
0.00936393
0.00996944
0.010075
0.0089501
0.00444205
0.00904591
0.00806427
0.00734068
0.00697021
0.0069678
0.00732201
0.00794375
0.00869931
0.00931338
0.00942921
0.00837933
0.00413573
0.00759392
0.00669927
0.0061596
0.00597442
0.00613692
0.00660494
0.00732856
0.00811469
0.00872115
0.00883084
0.00783197
0.00382859
0.00615002
0.00550061
0.00519959
0.00520762
0.00551373
0.00607439
0.0068323
0.00761045
0.00818835
0.00827548
0.00730659
0.00352313
0.00496111
0.00460465
0.00453077
0.00469652
0.00509271
0.00569089
0.00643247
0.00716867
0.00769676
0.00774319
0.00678074
0.00323283
0.00414599
0.00404791
0.00414187
0.0043979
0.00482917
0.00541517
0.00609776
0.00675692
0.00721294
0.00720635
0.006239
0.00296846
0.00369855
0.00377145
0.00395389
0.00423935
0.00464839
0.00518014
0.00578359
0.00635376
0.00672707
0.00665644
0.00567864
0.00271894
0.00351183
0.00365663
0.00385437
0.0041273
0.004495
0.00495912
0.00547447
0.00594751
0.00622803
0.00608379
0.00509939
0.00247709
0.00342842
0.0035844
0.00377327
0.00402003
0.00433963
0.00473133
0.00515411
0.00552339
0.00570213
0.00547948
0.00450552
0.00223786
0.00334964
0.00349565
0.0036681
0.00388527
0.0041548
0.00447276
0.00480027
0.00506103
0.0051339
0.00483931
0.00390795
0.00199716
0.00322096
0.0033478
0.00350101
0.00368743
0.00390644
0.00415093
0.00438336
0.00453737
0.0045131
0.00417155
0.00332499
0.00175059
0.00299564
0.00309638
0.00322712
0.00338166
0.00355188
0.00372806
0.00387522
0.00394021
0.00384893
0.00350378
0.00277905
0.00149225
0.00262021
0.00268319
0.00279029
0.00291917
0.00305397
0.00318191
0.0032745
0.00329524
0.00319487
0.00290284
0.0023148
0.00120818
0.0020137
0.00203382
0.00212603
0.00224397
0.00237071
0.00248893
0.00258246
0.00262807
0.0025868
0.00238501
0.00189089
0.000884029
0.000908644
0.000967021
0.00103743
0.00111741
0.00120739
0.00128875
0.00135524
0.0013947
0.001385
0.00128793
0.00104055
0.000468343
0.0101775
0.0203405
0.0243772
0.0280945
0.0318769
0.0354085
0.0383606
0.0406241
0.0422234
0.043256
0.0438592
0.0441913
0.0444155
0.0446792
0.0450966
0.0457365
0.0466187
0.0477186
0.0489801
0.0503307
0.0516957
0.0530084
0.0542149
0.0552738
0.0561534
0.0568271
0.0572691
0.05745
0.0106415
0.0214839
0.0259186
0.0297634
0.033437
0.0366765
0.0392182
0.0409963
0.0420722
0.0425823
0.0427048
0.0426367
0.0425707
0.042667
0.0430268
0.0436788
0.0445819
0.0456424
0.0467393
0.0477498
0.048567
0.0491081
0.0493133
0.0491438
0.0485629
0.0475319
0.0460043
0.0439065
0.0110417
0.0224473
0.0272275
0.0311228
0.0346185
0.0375182
0.0396149
0.0408883
0.0414427
0.0414587
0.0411574
0.0407713
0.040505
0.0404964
0.0407869
0.0413175
0.0419506
0.0425091
0.0428171
0.0427311
0.0421555
0.0410412
0.0393729
0.0371611
0.0344272
0.0312031
0.0276296
0.0241281
0.0113687
0.0232187
0.0282976
0.0321663
0.0354416
0.0379694
0.0396047
0.0403752
0.0404331
0.0400066
0.0393555
0.0387285
0.0383095
0.0381685
0.0382448
0.0383705
0.038323
0.0378867
0.0369008
0.0352887
0.0330507
0.0302572
0.0270349
0.0235468
0.0200041
0.0169472
0.0145877
0.0126585
0.0116298
0.0238154
0.0291209
0.0329121
0.0359352
0.0380745
0.0392497
0.0395395
0.0391473
0.0383472
0.0374246
0.0366154
0.0360412
0.0356696
0.0353267
0.0347625
0.0337339
0.0320777
0.0297489
0.0268235
0.0234787
0.0199758
0.01663
0.0137534
0.0117669
0.0104142
0.00947544
0.00878701
0.0118292
0.0242442
0.029699
0.0333858
0.036135
0.0378846
0.0386183
0.0384684
0.0376905
0.0365964
0.0354753
0.0345173
0.033749
0.0330249
0.0320878
0.0306736
0.0286122
0.025888
0.0226456
0.01916
0.0157989
0.0129294
0.0108041
0.00952723
0.00879863
0.00836314
0.00808285
0.00788034
0.0119713
0.0245199
0.0300598
0.0336166
0.0360826
0.0374553
0.0377816
0.0372492
0.0361627
0.034857
0.0335991
0.032503
0.0314864
0.0303107
0.028695
0.0264465
0.0235555
0.0202083
0.0167531
0.0136137
0.0111483
0.00950487
0.00858883
0.00815662
0.00795361
0.00785941
0.00781646
0.00778661
0.0120608
0.0246583
0.0302293
0.0336376
0.0358225
0.0368434
0.0368096
0.0359637
0.0346519
0.0332131
0.0318655
0.0306272
0.0293136
0.0276367
0.0253631
0.0224507
0.0190926
0.0156738
0.0126566
0.0103907
0.00896182
0.00820876
0.00788904
0.00778825
0.00779115
0.00783648
0.00789221
0.0079354
0.0121024
0.024676
0.0302342
0.0334833
0.0353991
0.0361038
0.0357669
0.0346834
0.0332291
0.0317265
0.0303223
0.0289312
0.02729
0.0251168
0.0222938
0.0189733
0.0155433
0.0125022
0.0102334
0.00882455
0.00809691
0.0077934
0.00772818
0.00777563
0.00787169
0.00798197
0.00808488
0.00816273
0.0121011
0.0245897
0.0301008
0.0331876
0.034855
0.0352865
0.0347097
0.033466
0.0319468
0.0304377
0.0289977
0.0274428
0.0254656
0.0228456
0.0196302
0.0161672
0.0129785
0.0105267
0.00897111
0.00815572
0.00780821
0.00772581
0.00778418
0.00790521
0.00804994
0.00819521
0.00832311
0.00841898
0.012062
0.0244155
0.0298541
0.0327825
0.0342286
0.0344346
0.0336833
0.032354
0.0308386
0.0293677
0.0279035
0.0261767
0.0238741
0.0208843
0.0174419
0.0140536
0.0112736
0.00940603
0.00837869
0.0079162
0.00777722
0.00781259
0.00793719
0.00810037
0.00827465
0.00844046
0.00858249
0.00868784
0.0119902
0.0241689
0.0295176
0.0322969
0.0335527
0.0335835
0.0327215
0.0313752
0.0299215
0.0285214
0.0270381
0.0251349
0.0225308
0.0192591
0.0157334
0.0125566
0.0102184
0.00882279
0.0081432
0.0078902
0.00787128
0.0079748
0.00814042
0.00833174
0.00852546
0.00870424
0.00885435
0.00896413
0.0118904
0.0238639
0.0291122
0.0317557
0.0328548
0.03276
0.0318475
0.0305442
0.0291982
0.0278904
0.0263858
0.0243042
0.0214312
0.0179622
0.0144599
0.0115547
0.00961101
0.00855914
0.00810009
0.00797702
0.00803212
0.00817979
0.00837469
0.00858653
0.0087941
0.00898154
0.00913606
0.00924697
0.0117671
0.0235132
0.0286562
0.0311801
0.0321563
0.0319832
0.0310742
0.0298644
0.0286603
0.0274541
0.0259181
0.0236479
0.0205477
0.0169618
0.013553
0.0109246
0.00929879
0.00848413
0.00816913
0.00812951
0.00823371
0.00841358
0.00863133
0.00885923
0.00907752
0.00927102
0.00942756
0.00953722
0.0116246
0.023128
0.0281651
0.0305869
0.0314732
0.0312653
0.030407
0.029331
0.0282907
0.0271811
0.0255616
0.0230977
0.0198344
0.0162134
0.0129409
0.0105642
0.0091812
0.00852613
0.00830754
0.00832462
0.00846451
0.00866988
0.00890642
0.00914791
0.0093751
0.00957305
0.00972992
0.00983647
0.0114666
0.0227176
0.0276516
0.0299894
0.0308169
0.0306132
0.0298452
0.0289328
0.028065
0.0270059
0.0252915
0.0226505
0.0192567
0.0156659
0.0125574
0.0103966
0.00919263
0.00864867
0.00849499
0.00855188
0.00871935
0.00894578
0.00919881
0.0094525
0.00968754
0.00988887
0.0100448
0.0101466
0.0112965
0.0222902
0.0271261
0.0293977
0.0301947
0.0300291
0.0293832
0.0286539
0.0279533
0.0269076
0.0250965
0.0222984
0.018806
0.0152851
0.0123472
0.0103671
0.00929434
0.00882787
0.00871957
0.00880602
0.00899582
0.00924066
0.00950888
0.00977401
0.0100163
0.0102202
0.0103741
0.0104695
0.0111173
0.0218522
0.0265967
0.0288189
0.0296108
0.0295121
0.029012
0.0284746
0.0279073
0.0268708
0.024968
0.0220336
0.0184733
0.0150336
0.0122625
0.0104367
0.00946147
0.00905037
0.00897509
0.00908465
0.00929358
0.00955535
0.00983801
0.0101142
0.0103633
0.0105692
0.0107198
0.0108073
0.0109315
0.0214091
0.0260694
0.028258
0.0290672
0.0290587
0.0287208
0.028375
0.0279121
0.0268855
0.024899
0.0218479
0.0182463
0.0148846
0.0122701
0.0105786
0.00967797
0.00930842
0.00925855
0.00938733
0.00961353
0.0098916
0.0101883
0.0104754
0.010731
0.0109381
0.0110843
0.011162
0.0107414
0.020965
0.025549
0.0277181
0.0285636
0.0286636
0.0284978
0.0283375
0.0279598
0.0269438
0.0248823
0.0217337
0.0181102
0.0148244
0.0123503
0.0107749
0.00993378
0.00959764
0.00956894
0.00971479
0.00995738
0.0102515
0.0105624
0.0108603
0.011122
0.0113295
0.0114697
0.0115354
0.0105488
0.0205232
0.0250386
0.0272011
0.0280986
0.0283204
0.0283306
0.0283423
0.0280423
0.0270387
0.0249115
0.0216836
0.0180542
0.0148444
0.012485
0.0110113
0.0102233
0.00991604
0.00990651
0.0100687
0.0103276
0.0106381
0.0109634
0.0112722
0.0115395
0.0117461
0.0118784
0.0119295
0.0103551
0.0200863
0.0245407
0.0267074
0.0276697
0.0280224
0.0282068
0.0283691
0.0281516
0.0271638
0.024981
0.0216917
0.0180689
0.0149325
0.012669
0.0112825
0.0105445
0.0102635
0.0102726
0.0104514
0.0107273
0.011055
0.0113952
0.0117147
0.0119868
0.0121908
0.0123126
0.0123459
0.0101618
0.0196562
0.0240565
0.026237
0.0272742
0.0277627
0.0281163
0.0284141
0.0282819
0.027314
0.0250856
0.0217525
0.0181477
0.0150798
0.0128985
0.0115849
0.0108948
0.0106406
0.0106691
0.010866
0.0111602
0.0115062
0.0118619
0.0121918
0.0124674
0.0126664
0.0127744
0.0127858
0.00996967
0.0192342
0.0235871
0.0257893
0.0269089
0.0275352
0.028051
0.0284734
0.0284281
0.0274845
0.0252218
0.0218613
0.0182833
0.0152804
0.0131718
0.0119165
0.011273
0.0110483
0.0110987
0.011316
0.0116304
0.0119964
0.0123681
0.0127079
0.0129849
0.0131757
0.0132655
0.01325
0.00977967
0.0188215
0.0231327
0.0253632
0.0265705
0.0273342
0.0280045
0.0285432
0.0285862
0.0276715
0.0253864
0.022014
0.0184701
0.0155295
0.0134861
0.0122805
0.0116817
0.0114894
0.011565
0.0118057
0.0121429
0.0125307
0.012919
0.0132674
0.0135429
0.013721
0.0137868
0.0137382
0.00959238
0.0184186
0.0226934
0.0249575
0.0262557
0.0271547
0.0279714
0.0286203
0.0287523
0.0278716
0.025577
0.0222068
0.0187034
0.0158237
0.01384
0.0126783
0.0121227
0.0119671
0.0120722
0.0123401
0.0127031
0.0131148
0.0135196
0.0138745
0.0141443
0.0143035
0.0143382
0.0142501
0.0094082
0.018026
0.0222691
0.0245708
0.0259617
0.0269923
0.0279474
0.0287021
0.0289235
0.0280821
0.0257913
0.0224367
0.0189797
0.0161607
0.0142335
0.0131129
0.012599
0.0124857
0.0126254
0.012925
0.0133171
0.0137546
0.0141754
0.0145333
0.0147909
0.014923
0.0149196
0.0147853
0.00922739
0.0176436
0.0218593
0.0242015
0.0256856
0.0268433
0.0279291
0.028786
0.0290971
0.0283008
0.0260272
0.0227011
0.0192962
0.0165389
0.014667
0.0135881
0.0131178
0.0130509
0.0132305
0.0135667
0.013992
0.0144564
0.014891
0.0152445
0.0154817
0.0155794
0.0155298
0.0153407
0.00905035
0.0172712
0.0214635
0.0238484
0.025425
0.0267046
0.0279136
0.0288699
0.0292709
0.0285258
0.026283
0.0229978
0.0196509
0.0169573
0.0151397
0.0141077
0.0136846
0.0136683
0.0138936
0.0142725
0.0147362
0.0152251
0.0156652
0.0160079
0.0162172
0.0162714
0.016165
0.0159107
0.00887731
0.016909
0.0210809
0.0235102
0.0251778
0.0265738
0.0278987
0.0289519
0.0294428
0.0287556
0.0265564
0.0233251
0.0200433
0.0174156
0.0156527
0.0146733
0.0143036
0.0143428
0.0146215
0.0150495
0.0155543
0.0160596
0.0165001
0.0168241
0.0169953
0.0169938
0.0168182
0.0164865
0.00870832
0.016557
0.020711
0.0231859
0.0249423
0.0264495
0.0278831
0.0290297
0.0296097
0.0289885
0.0268459
0.0236823
0.0204732
0.0179146
0.0162084
0.015288
0.01498
0.015081
0.0154211
0.0158972
0.0164401
0.0169611
0.0173951
0.0176898
0.0178098
0.0177382
0.0174785
0.0170558
0.00854339
0.0162151
0.0203535
0.0228753
0.0247179
0.0263298
0.0278646
0.0291013
0.0297679
0.0292183
0.027152
0.024072
0.0209414
0.0184561
0.0168104
0.0159575
0.0157208
0.0158918
0.0162947
0.0168201
0.0173982
0.0179292
0.0183466
0.0185982
0.0186506
0.0184915
0.0181309
0.0176021
0.00838294
0.0158843
0.0200083
0.0225762
0.0245021
0.0262129
0.0278421
0.0291655
0.0299168
0.0294438
0.0274658
0.0244897
0.0214529
0.0190436
0.0174658
0.0166895
0.0165334
0.0167786
0.0172469
0.0178223
0.0184301
0.0189609
0.0193472
0.0195379
0.0195029
0.019236
0.0187555
0.0181044
0.00822887
0.0155631
0.0196741
0.0222875
0.0242938
0.0260977
0.0278151
0.0292219
0.0300558
0.0296649
0.0277868
0.0249297
0.022
0.0196762
0.0181837
0.0174931
0.0174217
0.0177449
0.0182812
0.0189086
0.0195336
0.0200489
0.0203852
0.0204928
0.0203468
0.019949
0.0193277
0.0185378
0.00808059
0.0152511
0.0193502
0.0220086
0.0240918
0.0259833
0.0277829
0.0292698
0.0301848
0.0298814
0.0281144
0.0253912
0.0225833
0.0203565
0.0189625
0.0183691
0.0183882
0.0187929
0.0193976
0.0200749
0.0207008
0.0211811
0.0214435
0.0214416
0.0211573
0.0206027
0.0198185
0.0188734
0.0079376
0.0149481
0.0190363
0.0217388
0.0238955
0.0258691
0.0277455
0.029309
0.0303038
0.0300931
0.0284478
0.02587
0.0232003
0.0210897
0.0198061
0.019319
0.0194348
0.0199234
0.020593
0.0213047
0.021918
0.0223401
0.0225003
0.0223579
0.0219045
0.0211651
0.0201956
0.0190804
0.00779946
0.0146539
0.018732
0.0214773
0.023704
0.0257546
0.0277028
0.0293396
0.0304129
0.0303
0.0287866
0.0263654
0.0238489
0.0218739
0.0207154
0.0203443
0.0205626
0.0211363
0.0218656
0.0225933
0.0231707
0.0235048
0.0235289
0.0232105
0.0225539
0.0216005
0.0204244
0.0191276
0.0076658
0.0143682
0.0184369
0.0212236
0.0235169
0.0256395
0.0276549
0.0293616
0.0305125
0.0305024
0.0291302
0.0268775
0.0245292
0.0227082
0.0216903
0.0214456
0.0217718
0.0224303
0.0232154
0.0239298
0.0244396
0.0246495
0.0244981
0.0239638
0.0230677
0.0218713
0.0204705
0.0189866
0.00753627
0.0140908
0.0181506
0.0209774
0.0233337
0.0255238
0.027602
0.0293756
0.0306032
0.0307006
0.0294788
0.0274061
0.0252414
0.0235923
0.0227309
0.0226231
0.023061
0.0237985
0.0246228
0.0252946
0.0257001
0.0257441
0.0253724
0.0245787
0.0234055
0.0219395
0.0203022
0.0186357
0.0074106
0.0138213
0.0178726
0.0207381
0.0231541
0.0254076
0.0275448
0.029382
0.0306859
0.0308951
0.0298324
0.0279517
0.025986
0.0245265
0.0238372
0.0238764
0.0244272
0.0252321
0.026064
0.0266631
0.0269233
0.0267541
0.0261126
0.0250131
0.023526
0.0217697
0.0198948
0.0180637
0.00728853
0.0135597
0.0176028
0.0205054
0.0229779
0.025291
0.0274836
0.0293815
0.0307615
0.0310869
0.0301916
0.0285145
0.0267634
0.025511
0.0250092
0.0252042
0.0258666
0.0267242
0.0275267
0.0280127
0.0280797
0.0276422
0.026676
0.0252228
0.023389
0.0213323
0.019235
0.017275
0.00716984
0.0133056
0.0173408
0.020279
0.0228052
0.0251743
0.0274192
0.0293752
0.0308314
0.031277
0.030557
0.0290953
0.0275743
0.0265464
0.0262467
0.0266042
0.0273728
0.0282701
0.0289891
0.029316
0.0291346
0.0283683
0.0270179
0.0251633
0.0229585
0.020608
0.0183262
0.0162926
0.00705433
0.0130588
0.0170863
0.0200589
0.0226359
0.0250578
0.0273524
0.0293641
0.0308968
0.0314665
0.0309297
0.0296952
0.0284198
0.0276333
0.0275488
0.0280712
0.0289304
0.0298285
0.030422
0.0305383
0.0300463
0.0288862
0.0270905
0.0247913
0.0222065
0.0195944
0.0171925
0.0151734
0.00694184
0.0128192
0.0168392
0.0198447
0.0224702
0.0249422
0.027284
0.0293494
0.0309595
0.0316572
0.0313111
0.0303152
0.0293011
0.0287723
0.0289136
0.0295975
0.0305224
0.0313691
0.0317974
0.0316412
0.0307694
0.0291436
0.0268418
0.0240678
0.0211197
0.0183108
0.0158829
0.0139722
0.00683221
0.0125865
0.0165992
0.0196364
0.0223081
0.024828
0.027215
0.0293324
0.031021
0.0318507
0.0317026
0.0309571
0.0302194
0.0299635
0.030338
0.0311733
0.0321318
0.0328737
0.0330802
0.032582
0.0312534
0.0290843
0.0262192
0.022962
0.0197054
0.0168043
0.0144785
0.01273
0.00672533
0.0123606
0.0163662
0.0194341
0.02215
0.0247156
0.0271463
0.0293146
0.0310832
0.0320489
0.0321062
0.0316226
0.0311762
0.0312063
0.0318158
0.032785
0.0337413
0.0343193
0.0342333
0.033314
0.0314423
0.0286489
0.0251758
0.0214633
0.0180001
0.0151498
0.0130154
0.0114719
0.00662109
0.0121413
0.0161401
0.0192376
0.021996
0.0246056
0.0270788
0.0292973
0.0311479
0.0322539
0.0325239
0.0323137
0.0321726
0.0324985
0.0333373
0.0344118
0.035325
0.0356678
0.0352132
0.0337844
0.0312735
0.027777
0.023679
0.0195916
0.0160741
0.0134286
0.0115606
0.0101799
0.0065194
0.0119285
0.0159209
0.019047
0.0218463
0.0244981
0.0270121
0.0292822
0.0312171
0.0324678
0.0329581
0.0330323
0.033209
0.0338349
0.0348858
0.0360193
0.0368105
0.0368687
0.0359711
0.0339316
0.0306781
0.0264154
0.0217254
0.0174055
0.0140464
0.0117298
0.0101059
0.00875079
0.00642019
0.0117221
0.0157083
0.0188623
0.0217012
0.0243935
0.0269473
0.0292708
0.0312927
0.032693
0.0334109
0.0337803
0.034284
0.0352063
0.036439
0.0375746
0.0381741
0.0378779
0.0364541
0.0336894
0.0295903
0.0245341
0.0193551
0.0150395
0.0120371
0.0100833
0.00855173
0.00718693
0.00632342
0.0115219
0.0155024
0.0186837
0.0215609
0.0242923
0.0268853
0.0292642
0.0313765
0.0329315
0.0338847
0.0345587
0.0353943
0.0365981
0.0379671
0.0390356
0.0393719
0.0386468
0.0366038
0.0329894
0.0279613
0.022148
0.0166778
0.0126189
0.0101267
0.00841766
0.00691058
0.00569588
0.00622903
0.011328
0.0153033
0.0185111
0.0214255
0.0241949
0.026827
0.0292637
0.0314702
0.0331854
0.0343814
0.0353675
0.036533
0.0379895
0.0394328
0.0403565
0.0403566
0.0391232
0.036359
0.0317717
0.0257817
0.0193469
0.0138787
0.0103442
0.00834669
0.00674685
0.00538549
0.00453165
0.00613701
0.0111402
0.0151108
0.0183447
0.0212953
0.0241018
0.0267733
0.0292704
0.0315753
0.0334566
0.0349023
0.0362049
0.0376884
0.0393528
0.0407956
0.0414952
0.0410779
0.0392518
0.0356615
0.0300051
0.0231165
0.0163268
0.0111775
0.00833782
0.00668055
0.00521953
0.00421867
0.00378491
0.00604734
0.0109585
0.0149249
0.0181844
0.0211703
0.0240134
0.0267251
0.0292854
0.0316933
0.0337466
0.0354481
0.0370662
0.0388429
0.0406524
0.0420069
0.0423969
0.0414822
0.0389771
0.0344658
0.0277141
0.0201306
0.013378
0.00881937
0.00667269
0.00524528
0.00404464
0.00349
0.00341547
0.00596001
0.0107828
0.0147458
0.0180304
0.0210507
0.02393
0.0266831
0.0293094
0.0318253
0.0340566
0.0360179
0.0379432
0.0399728
0.0418463
0.0430153
0.0430097
0.04152
0.0382533
0.0327591
0.0250117
0.0171045
0.0108545
0.0070489
0.00542463
0.00414671
0.00329157
0.00314806
0.00327784
0.00587503
0.0106132
0.0145734
0.0178825
0.0209366
0.0238519
0.0266478
0.0293434
0.0319723
0.0343871
0.0366093
0.0388239
0.0410489
0.0428902
0.0437724
0.0432886
0.0411521
0.037055
0.0305812
0.0221191
0.014397
0.0090342
0.00593963
0.00462143
0.00339456
0.00292226
0.00301878
0.00319942
0.0057924
0.0104495
0.0144078
0.017741
0.0208281
0.0237794
0.02662
0.0293879
0.0321349
0.034738
0.0372177
0.0396922
0.0420386
0.043743
0.044241
0.0432011
0.0403561
0.0353877
0.0280348
0.0193464
0.0124344
0.00798157
0.00545184
0.00423816
0.00300843
0.0027723
0.00292473
0.00309249
0.00571215
0.0102918
0.0142488
0.0176057
0.0207251
0.0237127
0.0265999
0.0294433
0.0323135
0.0351082
0.0378361
0.0405281
0.0429085
0.044371
0.0443986
0.0427332
0.0391324
0.0332888
0.0252768
0.0170139
0.0113214
0.00761553
0.0054801
0.00430686
0.00297419
0.00266414
0.00278749
0.00290965
0.00563429
0.0101401
0.0140967
0.0174766
0.0206276
0.0236519
0.0265879
0.02951
0.0325079
0.0354952
0.0384549
0.0413091
0.0436281
0.0447514
0.0442377
0.0418933
0.0375059
0.0308156
0.0227202
0.0155218
0.0108657
0.00772388
0.00580037
0.00470064
0.00320763
0.0025403
0.00255897
0.0026029
0.00555883
0.00999448
0.0139513
0.0173537
0.0205358
0.0235972
0.0265843
0.0295879
0.0327171
0.0358945
0.0390609
0.0420111
0.0441729
0.0448758
0.0437713
0.0407147
0.0355204
0.028464
0.0207819
0.0146935
0.010866
0.00818299
0.00631819
0.00527223
0.0038633
0.00240587
0.00216871
0.00206922
0.00548586
0.00985561
0.0138136
0.0172378
0.0204503
0.023549
0.0265888
0.0296757
0.0329373
0.0362966
0.0396354
0.0426094
0.0445281
0.0447528
0.0430331
0.039252
0.0335399
0.0264391
0.0194294
0.0143399
0.0111718
0.00883611
0.0069541
0.00586239
0.00499332
0.00265401
0.0012668
0.00099767
0.00542997
0.0097496
0.013708
0.0171486
0.0203847
0.0235141
0.0265986
0.0297554
0.0331272
0.0366308
0.0400855
0.0430233
0.0446726
0.044447
0.0421778
0.0378807
0.0318712
0.0249252
0.0185966
0.0143043
0.0116649
0.00959873
0.00774786
0.00641412
0.00594152
0.00512874
0.00165294
0.000830485
0.00537567
0.00964789
0.0136072
0.0170641
0.0203235
0.0234837
0.0266138
0.0298404
0.0333202
0.0369549
0.0404901
0.0433397
0.044688
0.0440311
0.0412941
0.0366615
0.0305216
0.0238522
0.0181208
0.0144005
0.0121416
0.0103412
0.00858427
0.00695023
0.00598617
0.00553411
0.00479303
0.000883282
0.00532284
0.00954943
0.0135096
0.0169823
0.020265
0.0234571
0.0266349
0.0299338
0.0335221
0.0372779
0.0408605
0.0435724
0.0445847
0.0434901
0.0403603
0.0354899
0.0293516
0.0230069
0.0178263
0.0145779
0.0126449
0.0111385
0.00962533
0.00804224
0.00649283
0.00534389
0.00448942
0.00296024
0.00343044
0.00312645
0.00289991
0.00275411
0.00263965
0.002535
0.00241818
0.00226348
0.00203612
0.00172129
0.00125311
0.000281436
0.00717325
0.00653926
0.00608328
0.00571105
0.00538852
0.00507685
0.00474302
0.00434903
0.00383102
0.003131
0.00218718
0.000786506
0.00901136
0.00846415
0.00798361
0.00751248
0.00703441
0.00652436
0.00596339
0.00533495
0.00461526
0.00375568
0.00269546
0.00115999
0.010354
0.00992325
0.00949147
0.00902805
0.00850557
0.00790089
0.00719776
0.00638598
0.00545652
0.00438951
0.00314553
0.00147387
0.0113554
0.01106
0.0107347
0.0103417
0.00984865
0.00922856
0.00846028
0.00752926
0.00642516
0.00513122
0.00361835
0.00173928
0.0121258
0.0119649
0.0117519
0.0114477
0.0110166
0.0104257
0.0096448
0.00864827
0.00741412
0.0059155
0.00412032
0.00197135
0.0127813
0.0127234
0.0126045
0.0123828
0.0120186
0.011473
0.0107072
0.00968284
0.00836044
0.00669166
0.00462545
0.00218071
0.0133804
0.0133978
0.0133506
0.0131951
0.0128884
0.0123868
0.0116449
0.010613
0.00923401
0.00743343
0.0051248
0.00237337
0.0139633
0.0140327
0.0140355
0.0139273
0.0136629
0.0131955
0.0124746
0.0114421
0.0100261
0.00812571
0.00560942
0.00255248
0.0145523
0.0146553
0.0146895
0.0146105
0.0143722
0.0139258
0.0132176
0.0121836
0.0107405
0.008764
0.0060737
0.00272028
0.0151569
0.0152791
0.0153294
0.0152641
0.015037
0.0145985
0.0138929
0.0128527
0.0113862
0.00934988
0.00651473
0.00287848
0.0157774
0.0159079
0.0159624
0.0158982
0.0156696
0.0152271
0.0145146
0.0134625
0.0119734
0.00988794
0.00693188
0.00302844
0.0164086
0.016539
0.0165885
0.0165157
0.0162757
0.0158197
0.0150921
0.0140229
0.0125107
0.0103837
0.00732594
0.00317132
0.0170418
0.0171661
0.017204
0.0171153
0.0168563
0.0163797
0.0156311
0.0145409
0.0130054
0.0108424
0.0076985
0.00330815
0.0176672
0.017781
0.0178026
0.017693
0.0174101
0.016908
0.0161344
0.0150211
0.013463
0.0112689
0.00805151
0.00343984
0.0182744
0.0183746
0.0183771
0.0182438
0.0179339
0.0174037
0.0166035
0.0154669
0.0138878
0.0116674
0.00838705
0.00356723
0.0188538
0.0189385
0.0189204
0.0187622
0.0184243
0.0178654
0.0170388
0.0158805
0.0142834
0.0120413
0.00870715
0.0036911
0.0193965
0.0194646
0.0194258
0.019243
0.0188778
0.0182914
0.0174406
0.0162637
0.0146526
0.0123938
0.00901379
0.0038122
0.0198951
0.0199463
0.0198873
0.0196814
0.0192911
0.0186802
0.0178091
0.0166182
0.014998
0.0127276
0.00930885
0.00393125
0.0203438
0.0203779
0.0203001
0.0200736
0.0196617
0.0190309
0.0181447
0.0169456
0.0153218
0.0130451
0.00959407
0.00404893
0.0207383
0.0207551
0.0206601
0.0204161
0.0199874
0.019343
0.0184486
0.0172477
0.0156263
0.0133486
0.00987112
0.00416598
0.0210755
0.0210751
0.0209648
0.0207071
0.020267
0.0196165
0.0187218
0.0175262
0.0159132
0.0136398
0.0101416
0.00428309
0.021353
0.0213364
0.0212132
0.0209452
0.0204988
0.0198505
0.0189648
0.0177823
0.0161842
0.0139206
0.010407
0.004401
0.0215695
0.0215384
0.0214067
0.0211349
0.0206874
0.0200467
0.0191782
0.018017
0.0164406
0.0141927
0.0106688
0.00452051
0.021725
0.02168
0.0215434
0.0212747
0.0208357
0.0202075
0.0193631
0.0182321
0.0166843
0.0144577
0.0109285
0.00464243
0.0218186
0.0217616
0.0216249
0.0213668
0.0209454
0.0203387
0.019525
0.01843
0.016917
0.0147174
0.0111877
0.00476765
0.0218545
0.0217881
0.0216558
0.0214154
0.0210205
0.0204437
0.0196675
0.0186138
0.0171412
0.0149739
0.0114478
0.00489716
0.0218389
0.0217655
0.0216414
0.0214247
0.0210645
0.020526
0.0197933
0.0187858
0.0173588
0.0152288
0.0117101
0.00503208
0.0217781
0.0216992
0.021586
0.0213979
0.0210798
0.0205878
0.0199044
0.0189479
0.0175718
0.0154838
0.0119762
0.0051737
0.0216772
0.021594
0.0214933
0.0213373
0.0210678
0.0206309
0.0200017
0.0191012
0.0177817
0.0157404
0.0122471
0.00532357
0.0215404
0.0214537
0.0213666
0.0212451
0.0210295
0.0206555
0.0200873
0.0192484
0.01799
0.0159996
0.0125239
0.00548355
0.0213717
0.0212827
0.0212099
0.0211241
0.020966
0.0206618
0.0201619
0.0193907
0.0181981
0.0162628
0.0128082
0.00565601
0.0211746
0.0210849
0.0210272
0.0209779
0.0208801
0.0206518
0.0202277
0.0195305
0.018408
0.0165319
0.0131017
0.00583609
0.0209527
0.0208643
0.0208226
0.0208102
0.0207741
0.0206267
0.0202859
0.0196692
0.0186213
0.0168089
0.0134061
0.00602389
0.0207095
0.020625
0.0206003
0.0206245
0.0206506
0.0205878
0.0203373
0.019808
0.0188396
0.0170951
0.0137227
0.00621979
0.0204492
0.0203715
0.0203649
0.0204251
0.0205124
0.0205364
0.0203825
0.0199475
0.0190638
0.0173921
0.0140532
0.00642484
0.0201769
0.0201087
0.0201213
0.0202165
0.0203629
0.020474
0.0204224
0.0200884
0.0192952
0.0177015
0.0143991
0.00663979
0.0198966
0.0198417
0.0198748
0.0200037
0.020206
0.0204028
0.0204575
0.0202313
0.0195352
0.0180252
0.014762
0.00686551
0.0196143
0.0195766
0.0196311
0.0197919
0.0200461
0.0203251
0.0204888
0.0203765
0.0197852
0.0183652
0.0151436
0.00710293
0.0193376
0.0193181
0.019396
0.0195867
0.0198881
0.020244
0.0205172
0.0205248
0.0200475
0.0187238
0.0155459
0.00735305
0.0190738
0.0190722
0.0191753
0.0193939
0.019737
0.0201632
0.0205442
0.0206788
0.0203253
0.0191038
0.0159707
0.00761698
0.01883
0.0188463
0.0189749
0.0192193
0.0195984
0.0200868
0.0205717
0.0208397
0.0206207
0.0195075
0.0164201
0.00789583
0.0186129
0.0186469
0.0187991
0.0190679
0.0194775
0.0200196
0.0206022
0.0210083
0.0209347
0.0199368
0.0168957
0.00819085
0.0184287
0.0184795
0.0186525
0.0189439
0.0193791
0.0199666
0.0206387
0.021185
0.021267
0.0203928
0.0173988
0.0085035
0.018283
0.0183494
0.0185402
0.0188505
0.0193074
0.019933
0.0206847
0.0213693
0.0216147
0.020875
0.017931
0.00883582
0.0181804
0.0182606
0.0184658
0.0187907
0.0192658
0.0199237
0.0207441
0.0215599
0.0219752
0.0213855
0.0184952
0.00919066
0.0181242
0.0182162
0.0184319
0.0187668
0.0192572
0.0199423
0.0208205
0.0217561
0.0223472
0.021927
0.0190938
0.00957136
0.018116
0.0182176
0.0184399
0.0187807
0.0192836
0.0199909
0.0209155
0.0219558
0.0227253
0.0224969
0.0197262
0.0099817
0.0181554
0.0182646
0.0184892
0.0188341
0.0193462
0.0200695
0.0210292
0.0221576
0.0231049
0.0230855
0.0203881
0.0104281
0.0182401
0.0183552
0.0185785
0.0189269
0.0194443
0.0201764
0.0211601
0.0223608
0.0234808
0.0236937
0.0211061
0.0109237
0.0183655
0.0184856
0.0187062
0.0190564
0.0195748
0.0203083
0.0213052
0.0225639
0.0238486
0.0243146
0.0218942
0.0114775
0.0185228
0.0186456
0.0188665
0.0192168
0.0197319
0.0204602
0.0214608
0.0227637
0.0242047
0.0249464
0.0227676
0.0120944
0.018702
0.0188269
0.0190504
0.0193992
0.0199077
0.0206262
0.0216226
0.0229571
0.0245442
0.0255904
0.0237511
0.0127697
0.0188843
0.0190172
0.0192443
0.0195912
0.0200919
0.0207981
0.021785
0.0231396
0.0248592
0.0262505
0.024878
0.0134602
0.0190579
0.0192014
0.019433
0.019778
0.0202712
0.0209646
0.0219386
0.0233035
0.0251366
0.0269145
0.0261333
0.0140891
0.0192061
0.0193585
0.0195961
0.0199415
0.0204283
0.0211093
0.0220686
0.0234351
0.025361
0.0275327
0.0274983
0.0148521
0.0193124
0.0194712
0.019711
0.0200546
0.0205349
0.0212035
0.0221456
0.0235024
0.0254927
0.0280798
0.0291607
0.016443
0.0193554
0.0195179
0.019757
0.0200946
0.0205633
0.0212139
0.0221316
0.0234632
0.0254661
0.0283487
0.030576
0.0180188
0.0193109
0.0194737
0.0197082
0.0200357
0.0204878
0.021114
0.0219981
0.0232874
0.0252654
0.0282686
0.0315959
0.0201154
0.0191494
0.0193081
0.0195335
0.0198458
0.0202749
0.0208675
0.021704
0.0229241
0.0248411
0.0278533
0.0333324
0.0224541
0.00525813
0.00943077
0.0133931
0.0168859
0.0201976
0.0234301
0.0266683
0.0300568
0.0337742
0.037656
0.0412477
0.0437408
0.0443343
0.0427557
0.0392641
0.034229
0.0282032
0.0222664
0.0176407
0.0148047
0.0131475
0.0119162
0.0107261
0.00945304
0.00809435
0.0066699
0.0053435
0.00421562
0.00519582
0.00931741
0.0132819
0.0167939
0.0201345
0.023409
0.0267108
0.0301909
0.0340338
0.0380185
0.0415676
0.0437821
0.0439199
0.0418886
0.0381011
0.0329953
0.0271777
0.0216803
0.0175703
0.0150942
0.013685
0.0127181
0.0118797
0.0110658
0.0102554
0.00945494
0.0086709
0.00790338
0.00513595
0.00920967
0.0131765
0.0167072
0.0200766
0.0233944
0.0267612
0.0303321
0.0342913
0.0383481
0.0418021
0.0436971
0.0433858
0.0409729
0.0369794
0.0318921
0.02635
0.0212913
0.0175706
0.015335
0.0140681
0.0132331
0.0125583
0.011948
0.0113702
0.0108022
0.0102205
0.00961414
0.00507851
0.00910734
0.0130768
0.0166256
0.0200238
0.0233859
0.026819
0.0304786
0.0345417
0.038637
0.0419482
0.0434956
0.0427646
0.0400394
0.0359115
0.0309054
0.0256828
0.0210345
0.0176095
0.0155246
0.014334
0.0135686
0.0129843
0.0124894
0.01205
0.0116412
0.0112333
0.0108021
0.00502346
0.00901021
0.0129824
0.016549
0.0199758
0.0233833
0.0268831
0.0306281
0.0347799
0.038879
0.0420075
0.0431908
0.0420848
0.0391116
0.0349081
0.0300397
0.0251367
0.0208514
0.0176706
0.0156879
0.014535
0.0138079
0.0132799
0.0128598
0.0125119
0.0122108
0.0119281
0.0116461
0.00497077
0.00891809
0.0128931
0.016477
0.0199325
0.0233852
0.0269507
0.0307792
0.0350011
0.0390704
0.0419802
0.0428018
0.0413702
0.0382068
0.0339811
0.0292842
0.0246818
0.0207131
0.0177373
0.0158334
0.0147117
0.0140079
0.0135185
0.0131494
0.0128611
0.0126313
0.0124395
0.0122762
0.00492038
0.00883071
0.0128086
0.0164095
0.0198934
0.0233911
0.0270214
0.0309289
0.035201
0.039209
0.0418688
0.0423478
0.0406406
0.0373373
0.0331332
0.0286231
0.0242988
0.0206069
0.0178135
0.0159823
0.0148894
0.014206
0.0137474
0.0134171
0.0131699
0.0129923
0.0128816
0.012821
0.00487234
0.00874774
0.0127287
0.0163461
0.0198583
0.0234006
0.0270942
0.0310747
0.0353777
0.0392878
0.0416833
0.0418465
0.0399128
0.0365198
0.0323581
0.0280316
0.0239695
0.0205268
0.0179041
0.0161482
0.0150864
0.014432
0.0139993
0.0136989
0.013489
0.0133673
0.0133246
0.0133412
0.00482677
0.00866882
0.0126529
0.0162866
0.0198269
0.0234133
0.0271683
0.0312147
0.0355242
0.0393071
0.0414349
0.0413142
0.0392005
0.0357556
0.0316557
0.0274975
0.0236778
0.0204713
0.0180138
0.0163399
0.0153166
0.014694
0.0142909
0.0140177
0.0138508
0.0137804
0.0137946
0.0138687
0.00478347
0.00859416
0.0125806
0.0162306
0.0197988
0.0234287
0.0272431
0.0313444
0.0356363
0.0392701
0.0411349
0.0407646
0.0385139
0.0350415
0.0310171
0.0270208
0.0234254
0.0204417
0.0181472
0.0165633
0.0155878
0.0150026
0.0146295
0.0143894
0.0142652
0.0142424
0.0143034
0.0144201
0.00474228
0.00852339
0.0125121
0.0161776
0.0197738
0.0234468
0.0273161
0.03146
0.0357123
0.0391809
0.0407941
0.040209
0.0378569
0.0343796
0.0304424
0.0266081
0.0232103
0.0204351
0.018306
0.0168193
0.0158986
0.0153542
0.0150149
0.0148127
0.014732
0.0147528
0.0148524
0.0150004
0.00470296
0.00845615
0.012447
0.0161277
0.0197513
0.0234659
0.0273854
0.031559
0.0357516
0.0390449
0.0404225
0.0396569
0.0372309
0.0337689
0.0299317
0.0262576
0.0230413
0.020459
0.0184898
0.0171047
0.0162443
0.0157423
0.0154426
0.0152827
0.0152449
0.0153048
0.0154359
0.0156066
0.00466536
0.00839209
0.012385
0.0160805
0.0197308
0.0234851
0.0274492
0.031639
0.0357547
0.0388679
0.0400295
0.039116
0.0366376
0.0332097
0.0294839
0.0259688
0.0229283
0.0205154
0.0186943
0.0174146
0.0166191
0.0161615
0.0159059
0.0157916
0.0157936
0.015888
0.0160447
0.0162311
0.00462928
0.00833084
0.0123257
0.0160356
0.0197118
0.0235032
0.0275054
0.0316983
0.0357227
0.0386556
0.0396227
0.0385905
0.0360814
0.0327043
0.0290982
0.0257401
0.0228683
0.0206109
0.018924
0.0177457
0.017017
0.016607
0.0163962
0.0163271
0.0163661
0.0164902
0.0166671
0.0168636
0.00459455
0.00827209
0.0122692
0.0159929
0.0196939
0.0235197
0.0275529
0.0317346
0.0356568
0.0384135
0.0392084
0.038084
0.0355646
0.0322534
0.0287729
0.0255692
0.0228568
0.0207432
0.0191786
0.0180949
0.0174319
0.0170705
0.0169038
0.0168761
0.0169496
0.0170989
0.0172909
0.0174928
0.00456105
0.0082161
0.0122149
0.0159518
0.0196763
0.0235334
0.0275903
0.0317489
0.0355574
0.0381463
0.0387922
0.0375964
0.0350866
0.0318563
0.0285052
0.0254516
0.0228888
0.0209073
0.0194552
0.0184592
0.0178584
0.0175446
0.0174195
0.017429
0.0175324
0.0177019
0.0179043
0.0181073
0.00452897
0.00816236
0.0121624
0.0159118
0.0196585
0.0235432
0.0276163
0.0317404
0.0354284
0.0378576
0.0383779
0.0371305
0.0346479
0.0315109
0.0282914
0.0253822
0.0229591
0.0210972
0.0197491
0.0188346
0.0182914
0.0180221
0.0179347
0.0179761
0.018104
0.0182883
0.0184963
0.0186966
0.00449821
0.0081106
0.0121114
0.0158726
0.0196398
0.0235479
0.027629
0.0317085
0.0352733
0.037551
0.0379681
0.0366884
0.0342483
0.0312144
0.0281272
0.0253559
0.0230639
0.0213083
0.020054
0.0192158
0.0187252
0.0184957
0.0184412
0.0185085
0.0186548
0.0188484
0.0190574
0.0192515
0.00446864
0.00806059
0.0120617
0.0158338
0.0196194
0.0235461
0.0276256
0.0316511
0.0350953
0.0372306
0.0375643
0.0362707
0.0338866
0.0309632
0.0280075
0.0253674
0.0231968
0.021538
0.0203672
0.0195986
0.0191549
0.0189589
0.0189318
0.0190187
0.0191771
0.0193743
0.0195796
0.0197641
0.00444014
0.00801208
0.0120129
0.0157949
0.0195965
0.0235364
0.0276053
0.0315695
0.0348955
0.0368989
0.0371644
0.0358761
0.0335604
0.0307531
0.0279274
0.0254112
0.0233514
0.0217843
0.0206874
0.0199787
0.0195759
0.0194068
0.0194006
0.0195003
0.0196643
0.0198595
0.0200566
0.0202284
0.0044126
0.00796482
0.0119648
0.0157554
0.0195703
0.0235177
0.0275672
0.0314641
0.0346746
0.0365575
0.0367691
0.0355048
0.0332673
0.0305795
0.0278814
0.0254824
0.0235239
0.0220426
0.0210123
0.0203532
0.0199842
0.0198355
0.0198426
0.0199485
0.0201117
0.0202994
0.020484
0.02064
0.00438589
0.00791857
0.0119169
0.0157148
0.0195398
0.0234889
0.0275109
0.0313333
0.0344296
0.0362054
0.0363784
0.035155
0.0330045
0.0304368
0.0278644
0.0255768
0.0237127
0.0223102
0.0213387
0.0207197
0.0203766
0.0202416
0.0202539
0.0203597
0.020516
0.020691
0.0208588
0.0209959
0.00435988
0.00787308
0.0118691
0.0156727
0.0195044
0.023449
0.0274357
0.0311777
0.034162
0.035844
0.0359926
0.0348198
0.0327712
0.0303208
0.0278711
0.0256905
0.0239156
0.0225846
0.0216633
0.0210769
0.0207519
0.0206235
0.0206335
0.0207316
0.020875
0.0210321
0.0211787
0.0212936
0.00433445
0.00782813
0.0118209
0.0156284
0.0194632
0.0233972
0.0273414
0.0309988
0.0338748
0.035475
0.0356117
0.0344977
0.0325557
0.0302309
0.0278974
0.02582
0.0241292
0.0228617
0.0219833
0.0214223
0.0211088
0.0209802
0.0209812
0.0210637
0.0211877
0.021321
0.0214416
0.0215311
0.00430946
0.00778346
0.011772
0.0155815
0.0194154
0.0233327
0.0272279
0.0307976
0.0335701
0.0350996
0.035235
0.0341864
0.0323532
0.0301548
0.0279429
0.0259623
0.0243492
0.0231376
0.0222955
0.0217536
0.0214451
0.0213101
0.0212959
0.0213566
0.0214541
0.0215574
0.0216474
0.0217087
0.00428479
0.00773883
0.0117222
0.0155314
0.0193603
0.0232547
0.0270949
0.0305754
0.0332498
0.0347187
0.0348617
0.0338835
0.0321604
0.030087
0.0279941
0.0261133
0.0245729
0.0234082
0.0225957
0.022067
0.0217573
0.0216097
0.021574
0.0216065
0.0216712
0.0217392
0.0217945
0.0218249
0.00426031
0.007694
0.0116709
0.0154776
0.019297
0.0231626
0.0269426
0.0303331
0.0329152
0.0343326
0.0344905
0.0335866
0.031974
0.0300236
0.0280464
0.0262613
0.02479
0.0236693
0.0228792
0.0223575
0.0220405
0.0218742
0.0218108
0.0218092
0.021836
0.021865
0.0218833
0.0218824
0.00423587
0.00764873
0.0116179
0.0154193
0.0192249
0.0230558
0.0267712
0.0300718
0.0325674
0.0339414
0.0341201
0.0332929
0.0317906
0.0299605
0.0280952
0.026401
0.0249938
0.0239114
0.0231369
0.0226175
0.0222891
0.0220989
0.0220028
0.0219629
0.0219488
0.0219373
0.0219185
0.021887
0.00421135
0.00760275
0.0115627
0.0153562
0.0191432
0.022934
0.0265808
0.0297922
0.032207
0.0335446
0.0337488
0.0329999
0.0316066
0.0298938
0.0281359
0.0265275
0.0251792
0.0241292
0.0233645
0.0228399
0.0224959
0.022279
0.0221479
0.0220681
0.0220123
0.0219608
0.0219057
0.0218448
0.00418661
0.00755581
0.011505
0.0152877
0.0190515
0.0227969
0.0263717
0.0294952
0.0318344
0.0331416
0.033375
0.0327049
0.0314187
0.0298196
0.0281645
0.0266367
0.025342
0.0243192
0.0235592
0.0230231
0.0226572
0.0224115
0.022245
0.0221258
0.0220296
0.0219395
0.02185
0.0217613
0.0041615
0.00750765
0.0114444
0.0152131
0.0189492
0.0226443
0.0261444
0.0291812
0.0314498
0.0327317
0.0329968
0.0324053
0.0312238
0.0297344
0.0281773
0.0267252
0.0254792
0.0244791
0.0237195
0.0231677
0.0227755
0.0224967
0.0222939
0.022137
0.0220029
0.021877
0.0217553
0.0216407
0.00413587
0.007458
0.0113805
0.0151321
0.0188359
0.0224761
0.0258991
0.0288509
0.0310532
0.032314
0.0326125
0.0320985
0.0310187
0.0296349
0.0281712
0.0267901
0.0255887
0.0246074
0.0238449
0.0232742
0.0228527
0.0225387
0.022298
0.0221031
0.0219335
0.021775
0.0216242
0.0214863
0.00410959
0.00740657
0.0113128
0.0150441
0.0187112
0.0222923
0.0256364
0.0285046
0.0306445
0.0318875
0.0322202
0.0317822
0.0308007
0.0295182
0.0281433
0.0268289
0.0256684
0.0247029
0.0239352
0.0233434
0.0228906
0.0225396
0.0222601
0.0220273
0.0218229
0.0216349
0.0214588
0.0213009
0.00408249
0.00735306
0.0112411
0.0149489
0.0185748
0.0220931
0.0253566
0.0281428
0.0302235
0.0314512
0.0318183
0.0314541
0.0305673
0.0293817
0.0280913
0.02684
0.0257172
0.0247653
0.0239905
0.0233764
0.0228914
0.0225025
0.0221836
0.021913
0.0216746
0.0214586
0.0212617
0.0210876
0.00405443
0.00729712
0.0111651
0.014846
0.0184268
0.0218785
0.0250603
0.0277659
0.0297901
0.0310042
0.0314052
0.0311121
0.0303162
0.0292232
0.0280133
0.0268216
0.0257343
0.0247943
0.0240116
0.0233749
0.0228574
0.0224307
0.0220725
0.0217644
0.021493
0.0212505
0.0210345
0.0208492
0.00402522
0.00723874
0.0110845
0.0147352
0.0182669
0.021649
0.024748
0.0273742
0.0293442
0.0305457
0.0309794
0.0307545
0.0300453
0.0290408
0.0279077
0.026773
0.0257194
0.0247906
0.024
0.0233411
0.022792
0.0223282
0.0219315
0.0215868
0.0212834
0.0210157
0.0207825
0.0205897
0.00399472
0.00717892
0.0109993
0.0146162
0.0180951
0.0214049
0.0244202
0.0269682
0.0288856
0.030075
0.0305398
0.0303796
0.0297531
0.0288329
0.0277734
0.0266934
0.0256725
0.024755
0.0239573
0.0232776
0.0226985
0.0221994
0.0217657
0.0213858
0.0210517
0.0207604
0.0205118
0.0203131
0.00396281
0.00711811
0.010909
0.0144887
0.0179116
0.0211466
0.0240777
0.0265485
0.0284145
0.0295917
0.0300855
0.0299864
0.0294383
0.0285986
0.0276096
0.0265827
0.0255942
0.0246888
0.0238858
0.0231876
0.022581
0.022049
0.0215806
0.0211675
0.0208046
0.0204914
0.0202292
0.0200263
0.0039293
0.00705438
0.0108127
0.0143525
0.0177164
0.0208747
0.0237212
0.0261157
0.0279311
0.0290954
0.0296158
0.029574
0.0291
0.0283371
0.0274161
0.0264411
0.0254854
0.0245937
0.023788
0.0230744
0.0224435
0.021882
0.021382
0.0209384
0.020549
0.0202156
0.0199418
0.0197366
0.00389404
0.00698719
0.0107104
0.0142075
0.0175098
0.0205898
0.0233517
0.0256706
0.0274359
0.0285864
0.0291304
0.029142
0.0287378
0.0280482
0.027193
0.0262693
0.0253474
0.0244717
0.0236665
0.0229412
0.0222904
0.0217035
0.0211758
0.0207051
0.0202918
0.0199405
0.019657
0.0194512
0.00385682
0.00691629
0.0106018
0.0140538
0.0172924
0.020293
0.0229702
0.0252143
0.0269296
0.028065
0.0286297
0.0286903
0.0283519
0.0277321
0.0269407
0.0260683
0.0251815
0.0243248
0.023524
0.0227917
0.0221257
0.0215184
0.0209677
0.020474
0.0200403
0.019673
0.0193823
0.0191775
0.00381746
0.00684149
0.0104868
0.0138914
0.0170647
0.019985
0.0225778
0.0247478
0.0264133
0.027532
0.0281141
0.0282197
0.0279428
0.0273896
0.0266604
0.0258393
0.0249897
0.0241553
0.0233634
0.0226292
0.0219535
0.0213315
0.0207631
0.0202514
0.0198013
0.0194216
0.0191254
0.018923
0.00377575
0.00676258
0.010365
0.0137204
0.0168271
0.019667
0.022176
0.0242727
0.0258883
0.0269886
0.0275848
0.0277311
0.0275116
0.0270219
0.0263535
0.025584
0.0247737
0.0239655
0.0231874
0.0224569
0.0217776
0.021147
0.020567
0.0200427
0.0195812
0.0191931
0.0188935
0.0186947
0.00373148
0.00667934
0.0102363
0.0135408
0.0165802
0.0193399
0.0217661
0.0237905
0.0253561
0.0264364
0.0270434
0.0272262
0.0270601
0.0266309
0.0260217
0.0253045
0.0245359
0.0237578
0.0229988
0.022278
0.0216013
0.0209687
0.0203837
0.0198529
0.0193853
0.0189931
0.0186929
0.0184992
0.00368443
0.00659158
0.0101003
0.0133525
0.0163246
0.0190048
0.0213497
0.0233029
0.0248187
0.0258773
0.0264919
0.0267072
0.0265904
0.0262187
0.0256676
0.0250031
0.0242787
0.0235348
0.0228002
0.0220951
0.0214277
0.0207998
0.0202166
0.0196859
0.0192181
0.0188265
0.018529
0.018342
0.00363438
0.00649908
0.00995664
0.0131556
0.0160605
0.0186628
0.0209282
0.0228119
0.0242782
0.0253138
0.025933
0.0261768
0.0261054
0.0257883
0.0252938
0.0246825
0.0240047
0.023299
0.0225941
0.021911
0.0212592
0.0206429
0.0200685
0.0195446
0.0190826
0.0186969
0.0184058
0.0182278
0.00358108
0.00640166
0.0098051
0.0129498
0.0157884
0.0183147
0.0205031
0.0223193
0.0237369
0.0247484
0.0253696
0.0256381
0.0256086
0.0253431
0.0249037
0.024346
0.0237167
0.023053
0.0223833
0.0217279
0.0210978
0.0204997
0.0199409
0.0194306
0.0189809
0.0186067
0.0183261
0.0181597
0.00352428
0.00629912
0.00964519
0.0127348
0.0155081
0.017961
0.0200757
0.0218271
0.0231972
0.0241841
0.0248049
0.025095
0.0251036
0.0248869
0.0245009
0.0239968
0.023418
0.0228
0.0221704
0.0215478
0.0209447
0.0203709
0.0198344
0.0193444
0.0189133
0.0185564
0.0182916
0.0181393
0.00346371
0.00619129
0.00947647
0.0125098
0.015219
0.0176016
0.0196467
0.0213368
0.0226615
0.0236238
0.0242425
0.0245511
0.0245946
0.0244239
0.0240897
0.0236389
0.0231121
0.0225432
0.021957
0.0213714
0.0208009
0.0202569
0.0197485
0.0192852
0.018879
0.018545
0.0183011
0.018166
0.00339907
0.00607801
0.00929834
0.0122733
0.014919
0.0172359
0.0192157
0.020849
0.0221312
0.0230698
0.0236855
0.0240104
0.0240859
0.0239585
0.0236743
0.0232764
0.0228031
0.0222846
0.0217439
0.0211998
0.020667
0.0201576
0.0196823
0.0192511
0.0188753
0.0185697
0.0183514
0.0182372
0.00333005
0.00595912
0.00910975
0.0120212
0.0146007
0.016859
0.0187822
0.0203628
0.0216066
0.0225238
0.0231365
0.0234762
0.0235815
0.023495
0.0232591
0.0229139
0.0224937
0.0220258
0.0215329
0.0210334
0.0205425
0.0200724
0.0196342
0.0192391
0.0188984
0.0186259
0.0184376
0.0183481
0.00325629
0.0058343
0.00890758
0.0117489
0.014263
0.0164653
0.0183394
0.0198761
0.021086
0.0219854
0.0225967
0.0229509
0.0230846
0.0230372
0.0228483
0.0225544
0.022186
0.0217689
0.0213251
0.0208727
0.0204265
0.019999
0.0196017
0.0192458
0.0189434
0.0187076
0.0185524
0.0184897
0.00317741
0.00570317
0.00869073
0.0114547
0.013904
0.0160511
0.0178814
0.0193845
0.0205658
0.0214521
0.0220651
0.022435
0.0225967
0.0225876
0.0224446
0.0221999
0.0218819
0.0215154
0.0211213
0.0207172
0.0203175
0.0199349
0.0195808
0.0192666
0.0190044
0.0188071
0.0186868
0.018652
0.00309298
0.00556537
0.00845844
0.0111376
0.0135208
0.0156131
0.0174016
0.0188773
0.0200417
0.0209191
0.0215379
0.0219261
0.022117
0.0221466
0.0220479
0.0218507
0.0215821
0.0212656
0.0209211
0.0205655
0.0202131
0.0198762
0.0195664
0.019295
0.0190739
0.0189154
0.0188298
0.0188219
0.00300249
0.00542058
0.00820977
0.0107961
0.0131102
0.0151471
0.0168957
0.0183483
0.0195047
0.0203799
0.0210086
0.0214188
0.0216419
0.0217107
0.0216555
0.0215051
0.0212851
0.0210177
0.0207222
0.0204147
0.0201091
0.0198177
0.0195518
0.0193229
0.0191425
0.0190219
0.0189692
0.0189851
0.0029054
0.00526846
0.00794359
0.0104284
0.0126686
0.0146485
0.0163575
0.0177894
0.0189431
0.0198277
0.0204691
0.020905
0.0211631
0.0212722
0.0212614
0.021158
0.0209861
0.0207672
0.0205196
0.0202591
0.0199991
0.0197518
0.0195284
0.0193402
0.0191983
0.0191129
0.0190892
0.0191208
0.002801
0.00510783
0.0076555
0.0100321
0.0121917
0.0141115
0.0157801
0.017192
0.0183456
0.0192461
0.0199101
0.0203738
0.0206685
0.0208201
0.0208553
0.0207995
0.020676
0.020505
0.0203044
0.0200893
0.0198731
0.0196677
0.0194842
0.0193337
0.0192269
0.0191724
0.0191728
0.0192171
0.00268846
0.0049385
0.00734457
0.00960441
0.0116749
0.0135295
0.0151551
0.0165457
0.0176996
0.0186195
0.0193162
0.019812
0.0201444
0.0203399
0.0204224
0.0204153
0.0203403
0.020217
0.0200623
0.0198911
0.0197164
0.01955
0.0194029
0.0192862
0.0192097
0.0191806
0.0191963
0.0192524
0.00256675
0.00476004
0.00701047
0.00914256
0.011114
0.0128963
0.0144739
0.0158396
0.0169911
0.0179305
0.0186636
0.0192038
0.0195749
0.0198142
0.0199443
0.019986
0.0199594
0.019883
0.019773
0.0196438
0.019508
0.0193774
0.0192627
0.0191749
0.0191233
0.0191137
0.0191401
0.0192039
0.00243438
0.00457106
0.00665359
0.00864566
0.0105066
0.0122076
0.0137301
0.0150646
0.0162086
0.0171626
0.0179299
0.0185176
0.0189388
0.0192225
0.0193988
0.0194879
0.0195083
0.0194771
0.0194098
0.01932
0.0192202
0.0191215
0.0190349
0.0189707
0.0189379
0.018942
0.018975
0.0190425
0.0229746
0.0173448
0.0112643
0.00700086
0.00530231
0.00559335
0.00849936
0.0103743
0.0113675
0.0118555
0.0120351
0.0120056
0.011918
0.011803
0.0116568
0.0114838
0.0113002
0.0111134
0.0109628
0.0108364
0.0262838
0.0240255
0.0248492
0.026437
0.0283355
0.0306761
0.0324464
0.0336826
0.0345145
0.0350059
0.0352276
0.0352355
0.0350681
0.0347604
0.0343502
0.0338593
0.0333064
0.0326881
0.0320618
0.0313072
0.0275014
0.0258715
0.0246
0.0237692
0.0234062
0.0234985
0.0238636
0.0243834
0.0249577
0.0255303
0.0260068
0.0263597
0.0265973
0.0267414
0.0268093
0.0268085
0.0267472
0.0266278
0.0264686
0.0262504
0.0253424
0.0250995
0.0243555
0.0235151
0.0227351
0.0220773
0.0215571
0.0211882
0.0209415
0.0207797
0.0206797
0.0206221
0.0205914
0.0205762
0.0205679
0.02056
0.0205476
0.0205255
0.0204959
0.0204516
0.0223074
0.0227113
0.0225606
0.0221517
0.0216354
0.0210946
0.0205749
0.0201006
0.0196829
0.0193183
0.0190025
0.0187288
0.0184902
0.0182802
0.0180935
0.0179258
0.0177731
0.0176314
0.0175001
0.0173794
0.0191273
0.0196835
0.0198598
0.019763
0.0195165
0.0191915
0.0188349
0.0184774
0.0181372
0.0178172
0.0175191
0.0172416
0.0169827
0.01674
0.0165116
0.0162955
0.0160901
0.0158936
0.0157068
0.0155335
0.0159313
0.0164136
0.0167135
0.016795
0.016735
0.016586
0.0163864
0.0161638
0.0159367
0.0157117
0.0154919
0.0152779
0.0150697
0.0148668
0.0146688
0.0144751
0.0142854
0.0140989
0.0139174
0.0137446
0.0126882
0.0130536
0.0133422
0.0134903
0.0135312
0.0134954
0.0134087
0.013292
0.0131579
0.0130172
0.0128736
0.0127278
0.0125805
0.0124323
0.0122834
0.0121339
0.0119843
0.0118341
0.0116854
0.0115399
0.00912667
0.0093642
0.00956065
0.00968826
0.0097548
0.00977148
0.00975087
0.00970173
0.00963442
0.00955726
0.00947409
0.00938601
0.0092938
0.00919809
0.0090995
0.00899852
0.00889574
0.00879127
0.00868714
0.00858363
0.0049797
0.00511678
0.00524023
0.00534561
0.00543159
0.00549862
0.00554765
0.00558154
0.00560497
0.0056226
0.00563415
0.0056397
0.00563951
0.00563399
0.00562356
0.00560869
0.00558986
0.0055675
0.00554215
0.00551393
0.0188446
0.0189949
0.0192068
0.0194989
0.0198986
0.0204481
0.0212196
0.0223378
0.0240887
0.0268848
0.0321137
0.0270414
0.0183734
0.0185114
0.0187054
0.018972
0.0193351
0.0198306
0.0205162
0.0214945
0.0229556
0.0252827
0.0290548
0.0294725
0.0176932
0.0178152
0.0179869
0.0182229
0.0185433
0.0189767
0.0195647
0.0203787
0.021524
0.0232272
0.025691
0.0277694
0.0167705
0.0168728
0.0170186
0.0172203
0.0174941
0.0178618
0.0183524
0.0190089
0.0198922
0.0210963
0.0227297
0.0245099
0.0155792
0.0156609
0.0157765
0.0159408
0.0161661
0.0164684
0.0168682
0.0173905
0.0180702
0.0189434
0.0200525
0.0213163
0.0140803
0.0141493
0.0142453
0.0143723
0.0145466
0.014785
0.0151009
0.0155095
0.0160278
0.0166696
0.0174383
0.0183044
0.0122651
0.0123122
0.0123867
0.0124913
0.0126314
0.0128119
0.0130458
0.0133522
0.0137379
0.0142057
0.014747
0.0153382
0.0101243
0.0101405
0.0101804
0.0102506
0.0103539
0.0104934
0.0106786
0.0109057
0.0111822
0.0115096
0.0118811
0.0122798
0.00749318
0.0074819
0.00748622
0.00751124
0.00756255
0.00764607
0.00776774
0.00792092
0.00811048
0.00833661
0.00859163
0.00885939
0.00407694
0.00408733
0.0041041
0.00412916
0.00416469
0.00421305
0.00427666
0.00435678
0.00445421
0.00456851
0.00469715
0.00483517
0.00229641
0.0043688
0.00629217
0.00814027
0.00988411
0.0114962
0.0129561
0.0142518
0.0153789
0.0163372
0.0171284
0.0177569
0.0182294
0.0185603
0.0187798
0.0189117
0.0189742
0.0189835
0.0189541
0.0188991
0.0188302
0.0187585
0.0186942
0.0186475
0.0186273
0.0186388
0.0186747
0.0187418
0.00214242
0.00413898
0.00590465
0.00760265
0.00922031
0.0107333
0.01212
0.0133673
0.0144673
0.0154184
0.0162218
0.0168808
0.0173992
0.0177828
0.0180459
0.0182184
0.0183196
0.0183656
0.0183705
0.0183467
0.0183053
0.0182567
0.0182107
0.0181772
0.0181646
0.0181791
0.018215
0.0182783
0.00196811
0.00387508
0.00548584
0.00703163
0.00851648
0.00991997
0.0112216
0.0124061
0.0134647
0.0143937
0.0151931
0.015866
0.0164153
0.0168431
0.0171509
0.0173624
0.0174993
0.0175784
0.0176136
0.0176171
0.0175993
0.0175703
0.017539
0.0175147
0.0175057
0.0175189
0.0175544
0.0176096
0.00176611
0.00357954
0.00503632
0.00643036
0.00777916
0.00906559
0.0102693
0.0113759
0.0123758
0.0132642
0.0140405
0.0147068
0.015266
0.0157191
0.016062
0.0163076
0.0164761
0.016584
0.0166454
0.016672
0.0166741
0.0166609
0.0166411
0.0166228
0.0166141
0.0166223
0.0166521
0.0167023
0.00152468
0.00327341
0.00457841
0.00581765
0.00702552
0.00818548
0.00927954
0.0102923
0.0112145
0.0120416
0.0127726
0.0134091
0.0139535
0.0144079
0.014763
0.015029
0.0152201
0.0153503
0.0154323
0.0154774
0.0154951
0.0154943
0.0154828
0.0154683
0.0154578
0.0154584
0.0154771
0.0155179
0.00123032
0.00297268
0.00415446
0.00524225
0.00629625
0.0073164
0.0082843
0.00918455
0.0100082
0.0107511
0.0114125
0.0119936
0.0124976
0.0129197
0.0132595
0.0135232
0.01372
0.01386
0.0139535
0.01401
0.014038
0.0140453
0.0140391
0.014026
0.0140126
0.0140049
0.0140096
0.0140335
0.000878199
0.00266362
0.00378996
0.00475457
0.00566191
0.00652947
0.00734988
0.00811304
0.00881188
0.0094433
0.0100068
0.0105033
0.010929
0.0112863
0.0115786
0.0118106
0.0119879
0.0121176
0.0122068
0.0122626
0.0122917
0.0123006
0.0122951
0.0122807
0.0122628
0.0122467
0.0122378
0.0122421
0.000473259
0.00233048
0.00346746
0.00437893
0.00517977
0.00590346
0.00656374
0.00716441
0.0077059
0.00818931
0.00861851
0.00899121
0.00930223
0.00955942
0.00976817
0.00993295
0.0100582
0.0101486
0.0102088
0.0102437
0.0102577
0.0102554
0.0102408
0.0102182
0.0101913
0.0101641
0.0101408
0.0101259
0.000411709
0.00188002
0.00307077
0.00398601
0.00473002
0.00532095
0.00580494
0.00621145
0.00655445
0.00684306
0.00707338
0.00726147
0.00741247
0.00753202
0.00762419
0.0076921
0.00773843
0.0077657
0.00777638
0.00777287
0.00775756
0.00773278
0.00770083
0.007664
0.0076246
0.00758503
0.00754782
0.00751587
0.000418005
0.000842199
0.00163581
0.00220918
0.00259238
0.00289112
0.00311693
0.00328915
0.00342921
0.00354936
0.00364747
0.00372931
0.00379821
0.0038564
0.00390539
0.00394623
0.00397974
0.00400663
0.00402758
0.00404325
0.00405433
0.00406154
0.00406565
0.00406748
0.00406793
0.00406798
0.00406871
0.00407131
)
;

boundaryField
{
    inlet
    {
        type            fixedValue;
        value           uniform 3.37969;
    }
    outlet
    {
        type            zeroGradient;
    }
    walls
    {
        type            kqRWallFunction;
        value           nonuniform List<scalar> 
423
(
0.0487391
0.0526959
0.0571887
0.0623227
0.0682335
0.0750964
0.0831421
0.09268
0.104134
0.118099
0.135435
0.157426
0.186062
0.224569
0.278468
0.357828
0.482499
0.695511
1.10179
1.9974
0.0236221
0.0248783
0.0262256
0.0276771
0.0292474
0.030953
0.0328128
0.0348486
0.0370859
0.0395544
0.0422896
0.0453338
0.000979676
0.000865239
0.000907864
0.00122515
0.00229855
0.00329053
0.00424099
0.00513475
0.00596321
0.0067619
0.00754288
0.00831384
0.00908003
0.00984538
0.0106131
0.0113862
0.0121675
0.0129597
0.0137661
0.01459
0.0154352
0.016306
0.0172074
0.0181449
0.0191247
0.0201539
0.0212403
0.0223931
0.000979676
0.00174372
0.00267754
0.00399215
0.0054624
0.00661778
0.00754356
0.00835092
0.00904652
0.00963977
0.0101775
0.0106415
0.0110417
0.0113687
0.0116298
0.0118292
0.0119713
0.0120608
0.0121024
0.0121011
0.012062
0.0119902
0.0118904
0.0117671
0.0116246
0.0114666
0.0112965
0.0111173
0.0109315
0.0107414
0.0105488
0.0103551
0.0101618
0.00996967
0.00977967
0.00959238
0.0094082
0.00922739
0.00905035
0.00887731
0.00870832
0.00854339
0.00838294
0.00822887
0.00808059
0.0079376
0.00779946
0.0076658
0.00753627
0.0074106
0.00728853
0.00716984
0.00705433
0.00694184
0.00683221
0.00672533
0.00662109
0.0065194
0.00642019
0.00632342
0.00622903
0.00613701
0.00604734
0.00596001
0.00587503
0.0057924
0.00571215
0.00563429
0.00555883
0.00548586
0.00542997
0.00537567
0.00532284
0.00525813
0.00519582
0.00513595
0.00507851
0.00502346
0.00497077
0.00492038
0.00487234
0.00482677
0.00478347
0.00474228
0.00470296
0.00466536
0.00462928
0.00459455
0.00456105
0.00452897
0.00449821
0.00446864
0.00444014
0.0044126
0.00438589
0.00435988
0.00433445
0.00430946
0.00428479
0.00426031
0.00423587
0.00421135
0.00418661
0.0041615
0.00413587
0.00410959
0.00408249
0.00405443
0.00402522
0.00399472
0.00396281
0.0039293
0.00389404
0.00385682
0.00381746
0.00377575
0.00373148
0.00368443
0.00363438
0.00358108
0.00352428
0.00346371
0.00339907
0.00333005
0.00325629
0.00317741
0.00309298
0.00300249
0.0029054
0.002801
0.00268846
0.00256675
0.00243438
0.00229641
0.00214242
0.00196811
0.00176611
0.00152468
0.00123032
0.000878199
0.000473259
0.000411709
0.000418005
0.000418005
0.000842199
0.00163581
0.00220918
0.00259238
0.00289112
0.00311693
0.00328915
0.00342921
0.00354936
0.00364747
0.00372931
0.00379821
0.0038564
0.00390539
0.00394623
0.00397974
0.00400663
0.00402758
0.00404325
0.00405433
0.00406154
0.00406565
0.00406748
0.00406793
0.00406798
0.00406871
0.00407131
0.00407694
0.00408733
0.0041041
0.00412916
0.00416469
0.00421305
0.00427666
0.00435678
0.00445421
0.00456851
0.00469715
0.00483517
0.0049797
0.00511678
0.00524023
0.00534561
0.00543159
0.00549862
0.00554765
0.00558154
0.00560497
0.0056226
0.00563415
0.0056397
0.00563951
0.00563399
0.00562356
0.00560869
0.00558986
0.0055675
0.00554215
0.00551393
0.0229746
0.0173448
0.0112643
0.00700086
0.00530231
0.00559335
0.00849936
0.0103743
0.0113675
0.0118555
0.0120351
0.0120056
0.011918
0.011803
0.0116568
0.0114838
0.0113002
0.0111134
0.0109628
0.0108364
0.000281436
0.000786506
0.00115999
0.00147387
0.00173928
0.00197135
0.00218071
0.00237337
0.00255248
0.00272028
0.00287848
0.00302844
0.00317132
0.00330815
0.00343984
0.00356723
0.0036911
0.0038122
0.00393125
0.00404893
0.00416598
0.00428309
0.004401
0.00452051
0.00464243
0.00476765
0.00489716
0.00503208
0.0051737
0.00532357
0.00548355
0.00565601
0.00583609
0.00602389
0.00621979
0.00642484
0.00663979
0.00686551
0.00710293
0.00735305
0.00761698
0.00789583
0.00819085
0.0085035
0.00883582
0.00919066
0.00957136
0.0099817
0.0104281
0.0109237
0.0114775
0.0120944
0.0127697
0.0134602
0.0140891
0.0148521
0.016443
0.0180188
0.0201154
0.0224541
0.00809824
0.00114045
0.000835276
0.000870502
0.000953676
0.00104771
0.00114812
0.00125301
0.00136149
0.0014732
0.00158806
0.0017062
0.00182789
0.00195355
0.00208377
0.00221932
0.00236128
0.00251114
0.00267103
0.00284402
0.0030348
0.00324096
0.00345535
0.003678
0.00390805
0.00414497
0.00438746
0.00463322
0.00487867
0.00511853
0.00534552
0.00555086
0.0057262
0.00586524
0.00596554
0.00602251
0.00606802
0.00608043
0.00603541
0.00593507
0.00577118
0.00555558
0.00530666
0.00503382
0.00474333
0.00444205
0.00413573
0.00382859
0.00352313
0.00323283
0.00296846
0.00271894
0.00247709
0.00223786
0.00199716
0.00175059
0.00149225
0.00120818
0.000884029
0.000468343
0.0487315
0.0526944
0.0571893
0.062324
0.0682348
0.0750975
0.083143
0.0926806
0.104134
0.118099
0.135436
0.157426
0.186062
0.224569
0.278468
0.357828
0.482499
0.695511
1.10179
1.9974
)
;
    }
    baffle
    {
        type            kqRWallFunction;
        value           nonuniform List<scalar> 
27
(
0.00343044
0.00312645
0.00289991
0.00275411
0.00263965
0.002535
0.00241818
0.00226348
0.00203612
0.00172129
0.00125311
0.000281436
0.000830485
0.000883282
0.00296024
0.000908644
0.000967021
0.00103743
0.00111741
0.00120739
0.00128875
0.00135524
0.0013947
0.001385
0.00128793
0.00104055
0.000468343
)
;
    }
    frontAndBack
    {
        type            empty;
    }
}


// ************************************************************************* //
