/*--------------------------------*- C++ -*----------------------------------*\
| =========                 |                                                 |
| \\      /  F ield         | OpenFOAM: The Open Source CFD Toolbox           |
|  \\    /   O peration     | Version:  v2012                                 |
|   \\  /    A nd           | Website:  www.openfoam.com                      |
|    \\/     M anipulation  |                                                 |
\*---------------------------------------------------------------------------*/
FoamFile
{
    version     2.0;
    format      ascii;
    class       volScalarField;
    location    "593";
    object      p;
}
// * * * * * * * * * * * * * * * * * * * * * * * * * * * * * * * * * * * * * //

dimensions      [0 2 -2 0 0 0 0];


internalField   nonuniform List<scalar> 
6598
(
0.354306
0.353585
0.353196
0.353032
0.352961
0.352961
0.353031
0.353195
0.353583
0.354305
0.353491
0.353282
0.353089
0.352969
0.352912
0.352912
0.352968
0.353088
0.353281
0.353489
0.352932
0.352944
0.352869
0.352788
0.352749
0.352749
0.352787
0.352867
0.352942
0.35293
0.352595
0.352657
0.352616
0.352557
0.352531
0.35253
0.352556
0.352614
0.352654
0.352592
0.352323
0.352393
0.352367
0.352318
0.352296
0.352295
0.352316
0.352363
0.352389
0.35232
0.352063
0.352129
0.35211
0.352071
0.352052
0.352051
0.352068
0.352105
0.352123
0.352057
0.351808
0.351867
0.351847
0.351814
0.351797
0.351795
0.351809
0.351839
0.351857
0.351799
0.351558
0.351609
0.351587
0.351555
0.351539
0.351537
0.351548
0.351575
0.351595
0.351545
0.351312
0.351355
0.351331
0.351299
0.351282
0.351278
0.351287
0.351313
0.351334
0.351291
0.351067
0.351103
0.351077
0.351045
0.351026
0.35102
0.351027
0.35105
0.351071
0.351035
0.350824
0.350854
0.350826
0.350792
0.350771
0.350762
0.350765
0.350785
0.350806
0.350775
0.350584
0.350609
0.350579
0.350543
0.350517
0.350503
0.350502
0.350517
0.350537
0.350511
0.350351
0.350372
0.350338
0.350297
0.350265
0.350244
0.350236
0.350246
0.350263
0.35024
0.350127
0.350144
0.350105
0.350057
0.350015
0.349983
0.349965
0.349967
0.34998
0.34996
0.349917
0.34993
0.349884
0.349825
0.349768
0.34972
0.349687
0.349676
0.349684
0.349666
0.349728
0.349736
0.349681
0.349605
0.349525
0.349451
0.349396
0.349369
0.349369
0.349353
0.349571
0.349573
0.349504
0.349403
0.349291
0.349179
0.349087
0.349032
0.349024
0.349014
0.34946
0.349455
0.349365
0.349228
0.349068
0.348899
0.348746
0.348648
0.348635
0.348641
0.349416
0.349404
0.349286
0.349097
0.348861
0.3486
0.348345
0.348162
0.34814
0.348265
0.349468
0.349447
0.349296
0.349038
0.348701
0.348306
0.347882
0.347562
0.347526
0.347977
0.349654
0.349626
0.349433
0.349091
0.348621
0.34803
0.347304
0.346527
0.345606
0.341362
0.350012
0.34998
0.349745
0.349318
0.348715
0.347943
0.346933
0.345558
0.34472
0.346535
0.350584
0.350557
0.350288
0.349782
0.349058
0.348143
0.347009
0.345345
0.343299
0.344977
0.351421
0.351406
0.351108
0.350528
0.349685
0.348608
0.34731
0.345476
0.342355
0.342855
0.352575
0.352575
0.352248
0.351594
0.35063
0.349379
0.347868
0.345943
0.342446
0.342128
0.354092
0.35411
0.353754
0.353022
0.351936
0.350518
0.34879
0.346728
0.342989
0.341509
0.356025
0.356059
0.355672
0.354858
0.353642
0.352048
0.350087
0.347829
0.343937
0.341181
0.358451
0.358509
0.358091
0.357184
0.355819
0.354025
0.351802
0.349275
0.34538
0.341451
0.361465
0.361548
0.361098
0.360081
0.358541
0.356516
0.353991
0.351071
0.347081
0.342753
0.365141
0.36525
0.36474
0.363587
0.361845
0.359558
0.356722
0.353396
0.349148
0.344743
0.369548
0.369681
0.369086
0.367773
0.365793
0.363201
0.36002
0.356305
0.351745
0.347082
0.374748
0.374893
0.374206
0.372708
0.370446
0.367485
0.363877
0.359695
0.354825
0.349746
0.38085
0.381
0.380204
0.378484
0.375884
0.372475
0.36833
0.363548
0.358209
0.352571
0.387979
0.388132
0.387204
0.385219
0.382218
0.378276
0.373481
0.367964
0.361914
0.355578
0.396273
0.396424
0.395341
0.39305
0.389588
0.385032
0.379477
0.373083
0.366124
0.358913
0.405875
0.406023
0.404765
0.402133
0.398156
0.39291
0.386497
0.379097
0.371053
0.362777
0.416938
0.417082
0.415633
0.412632
0.408096
0.402099
0.394746
0.386234
0.37695
0.367428
0.429611
0.429752
0.428102
0.424713
0.41959
0.4128
0.404449
0.394745
0.384108
0.373181
0.444033
0.444173
0.442315
0.438531
0.432811
0.425211
0.415836
0.404899
0.392841
0.380387
0.460315
0.460456
0.458389
0.454214
0.447906
0.439507
0.429121
0.416957
0.403463
0.389411
0.478532
0.478672
0.476398
0.471846
0.464978
0.455823
0.444476
0.431141
0.416255
0.400602
0.498711
0.498842
0.49636
0.491452
0.484068
0.474223
0.462005
0.447606
0.431437
0.414258
0.52081
0.520918
0.518226
0.512982
0.505137
0.494689
0.481722
0.466409
0.44913
0.430584
0.544705
0.54477
0.541859
0.536298
0.528049
0.517098
0.503524
0.487486
0.46932
0.449645
0.570192
0.570188
0.567037
0.561167
0.552567
0.541212
0.527185
0.51063
0.491835
0.471332
0.596985
0.596874
0.59345
0.587261
0.57835
0.566685
0.552353
0.53549
0.516341
0.495343
0.624713
0.624446
0.620696
0.614162
0.604963
0.593067
0.578567
0.561593
0.54235
0.521192
0.652915
0.652433
0.648289
0.641365
0.631888
0.619828
0.605278
0.588368
0.569268
0.548254
0.681043
0.680276
0.675658
0.668293
0.658545
0.646384
0.631895
0.615202
0.596444
0.575832
0.708446
0.707315
0.702141
0.694301
0.684313
0.672129
0.657817
0.641485
0.623239
0.60323
0.734337
0.73275
0.726976
0.718687
0.708547
0.69647
0.682481
0.666662
0.64908
0.629834
0.757742
0.7556
0.749311
0.740736
0.730628
0.71886
0.705395
0.690271
0.673507
0.655153
0.777318
0.774709
0.768212
0.759705
0.749975
0.738839
0.726177
0.711969
0.696191
0.678846
0.790812
0.789127
0.783152
0.775099
0.766172
0.756094
0.744581
0.731548
0.716934
0.700705
0.796799
0.796889
0.792988
0.786451
0.779016
0.770511
0.760531
0.74894
0.735663
0.720639
0.798209
0.798893
0.797487
0.793604
0.788501
0.782124
0.77406
0.764153
0.752335
0.738552
0.798259
0.798523
0.798415
0.797227
0.794938
0.79113
0.785335
0.777338
0.767075
0.754533
0.798192
0.797701
0.797832
0.798552
0.798876
0.797723
0.794377
0.788441
0.779785
0.768461
0.798901
0.797913
0.797867
0.799355
0.80159
0.802731
0.801478
0.79723
0.789926
0.779637
0.800093
0.799525
0.799721
0.801603
0.804637
0.807231
0.807831
0.805164
0.799419
0.790741
0.320988
0.324746
0.327209
0.329261
0.33053
0.330816
0.330271
0.32903
0.327235
0.325245
0.323218
0.321231
0.319481
0.318129
0.317219
0.316747
0.316723
0.317152
0.318015
0.319242
0.320698
0.322157
0.323278
0.323808
0.32395
0.328525
0.325564
0.325752
0.327141
0.32826
0.328651
0.328114
0.326816
0.32507
0.323147
0.321249
0.319503
0.318039
0.316931
0.316205
0.315858
0.315887
0.316306
0.317105
0.318256
0.31968
0.321225
0.322665
0.323607
0.323977
0.329009
0.325805
0.325093
0.325748
0.326487
0.326695
0.326117
0.324886
0.323266
0.321494
0.319774
0.318236
0.316976
0.316049
0.315464
0.315201
0.315242
0.31559
0.31624
0.317179
0.318374
0.319748
0.321185
0.32242
0.323164
0.32773
0.324697
0.323812
0.324255
0.324887
0.32505
0.324459
0.323227
0.321646
0.319959
0.318353
0.316967
0.315876
0.315097
0.314617
0.314414
0.314472
0.314791
0.315363
0.316171
0.31719
0.318366
0.319613
0.320779
0.321655
0.327998
0.323526
0.322089
0.322443
0.3232
0.323427
0.32294
0.321815
0.32033
0.318763
0.317296
0.316051
0.315088
0.314412
0.314
0.313832
0.313893
0.314186
0.314702
0.315425
0.316329
0.317367
0.318454
0.319456
0.320314
0.32911
0.323295
0.320914
0.321056
0.321879
0.322215
0.321873
0.32091
0.319548
0.318093
0.316731
0.315589
0.314714
0.314101
0.313724
0.313573
0.313634
0.313911
0.314396
0.315073
0.315915
0.316883
0.317886
0.318724
0.319396
0.330042
0.323933
0.321044
0.32083
0.321436
0.321794
0.321511
0.320683
0.31941
0.318025
0.316708
0.315604
0.314763
0.314173
0.313811
0.313667
0.31373
0.314001
0.314477
0.315142
0.315974
0.316948
0.317983
0.318762
0.319026
0.331151
0.325549
0.322622
0.321938
0.322212
0.322515
0.322252
0.321389
0.320077
0.318662
0.31731
0.31617
0.315303
0.314696
0.314322
0.314165
0.31422
0.314485
0.314966
0.315652
0.316526
0.317574
0.31878
0.319762
0.31952
0.333348
0.32815
0.325269
0.324241
0.3242
0.324318
0.323975
0.322979
0.321636
0.320118
0.318648
0.317377
0.316396
0.31571
0.315287
0.315099
0.315132
0.315386
0.31587
0.316581
0.317496
0.318571
0.319851
0.321477
0.323175
0.33639
0.331463
0.328615
0.327392
0.327123
0.327039
0.326518
0.325423
0.324061
0.322444
0.320803
0.319314
0.318106
0.317228
0.316668
0.316393
0.316368
0.316566
0.316984
0.317616
0.318454
0.319511
0.320894
0.32275
0.324858
0.3397
0.335049
0.332281
0.330988
0.33059
0.330379
0.329795
0.328693
0.327239
0.325574
0.323822
0.32213
0.320642
0.319455
0.318611
0.318112
0.317935
0.318012
0.318324
0.318878
0.319681
0.320741
0.322062
0.323565
0.325342
0.342993
0.33854
0.335875
0.334565
0.334087
0.333816
0.33324
0.33219
0.330811
0.329248
0.327561
0.32585
0.324238
0.32283
0.321718
0.32096
0.320564
0.320497
0.320754
0.321344
0.322255
0.323385
0.32469
0.326178
0.328165
0.346119
0.341756
0.339118
0.337772
0.337239
0.336951
0.336432
0.335491
0.334277
0.33293
0.331465
0.329947
0.328483
0.327153
0.326098
0.325352
0.324871
0.324699
0.324884
0.325437
0.326314
0.327367
0.328736
0.330409
0.331966
0.349083
0.34462
0.341878
0.340434
0.339828
0.339514
0.339044
0.338211
0.337166
0.336065
0.334857
0.333548
0.332308
0.331232
0.330375
0.329759
0.329378
0.329245
0.329473
0.330056
0.330797
0.331613
0.332543
0.33354
0.334474
0.352039
0.347227
0.344211
0.342562
0.341811
0.341439
0.340999
0.340263
0.339311
0.33838
0.337449
0.336418
0.33538
0.334484
0.333797
0.333331
0.333075
0.333027
0.333207
0.333572
0.334038
0.334584
0.33518
0.335788
0.3364
0.355207
0.349782
0.346284
0.344284
0.343284
0.342789
0.342357
0.341714
0.340832
0.339937
0.33916
0.338397
0.337605
0.336897
0.336333
0.335945
0.335742
0.335712
0.33583
0.336055
0.336363
0.336747
0.337175
0.337609
0.338028
0.358868
0.352557
0.348335
0.345792
0.344411
0.343692
0.343205
0.342636
0.341875
0.341012
0.340228
0.339569
0.338972
0.338439
0.338011
0.337707
0.337539
0.337509
0.337606
0.337801
0.338061
0.338363
0.338683
0.338996
0.339283
0.363365
0.355886
0.35067
0.347352
0.345416
0.344338
0.343686
0.343122
0.342466
0.341716
0.340976
0.340323
0.339783
0.339339
0.338993
0.338753
0.338624
0.338614
0.338721
0.338919
0.339169
0.339444
0.339718
0.339971
0.340189
0.369085
0.360166
0.353662
0.349299
0.34658
0.344971
0.344007
0.34333
0.342703
0.34204
0.341381
0.34079
0.340283
0.339869
0.339564
0.339367
0.339272
0.339276
0.339374
0.339558
0.339814
0.340102
0.340378
0.34062
0.340819
0.376447
0.365841
0.35775
0.352041
0.348266
0.345894
0.344436
0.343494
0.342782
0.34214
0.341533
0.340989
0.340535
0.340183
0.339934
0.339785
0.339729
0.339754
0.339845
0.340005
0.340234
0.340508
0.340794
0.341054
0.341263
0.385874
0.373385
0.363429
0.356055
0.350912
0.347494
0.345298
0.343895
0.342945
0.342221
0.341609
0.341089
0.340669
0.340358
0.340155
0.340054
0.340047
0.340121
0.340257
0.340438
0.340643
0.340875
0.341135
0.341396
0.341619
0.397757
0.383274
0.371228
0.361884
0.355035
0.350242
0.347008
0.344879
0.343479
0.342516
0.3418
0.341241
0.340812
0.340509
0.340329
0.340263
0.340298
0.340419
0.340604
0.340828
0.341066
0.3413
0.34153
0.341758
0.341965
0.412409
0.395935
0.381671
0.370105
0.361223
0.354701
0.350085
0.346912
0.344775
0.343337
0.34235
0.341645
0.341138
0.340792
0.340594
0.340532
0.34059
0.340746
0.340971
0.341232
0.341497
0.341748
0.341979
0.342176
0.342336
0.430009
0.411682
0.395207
0.381278
0.370099
0.361507
0.355139
0.350562
0.347353
0.345141
0.343628
0.342588
0.341875
0.341403
0.341128
0.34103
0.341087
0.341261
0.341509
0.341783
0.342034
0.34225
0.342436
0.342589
0.342713
0.450546
0.430641
0.412132
0.395857
0.382237
0.371308
0.362845
0.356487
0.351832
0.348496
0.346144
0.344505
0.343378
0.342626
0.342174
0.34198
0.342004
0.342147
0.342314
0.342479
0.342636
0.342779
0.342903
0.343014
0.343115
0.473785
0.452693
0.432491
0.414079
0.398057
0.384663
0.37385
0.365375
0.358899
0.354059
0.350505
0.347938
0.346112
0.344852
0.344055
0.343637
0.343445
0.343348
0.34329
0.343268
0.343302
0.343376
0.34346
0.34354
0.343612
0.499267
0.477447
0.45602
0.435869
0.417691
0.401904
0.388643
0.377824
0.369213
0.362503
0.357367
0.353494
0.350615
0.348515
0.347087
0.346152
0.345449
0.344917
0.344571
0.344375
0.344279
0.344244
0.34424
0.34425
0.344262
0.526346
0.504261
0.48214
0.460775
0.440883
0.422993
0.407402
0.39419
0.38326
0.3744
0.367339
0.361786
0.357458
0.354109
0.351621
0.349802
0.348421
0.347397
0.346675
0.346174
0.345827
0.345584
0.345413
0.345287
0.345187
0.554266
0.532328
0.510022
0.488012
0.466963
0.447443
0.429856
0.414421
0.401185
0.390056
0.380847
0.373318
0.367204
0.362234
0.358234
0.355203
0.353008
0.351334
0.350024
0.349018
0.348257
0.347677
0.347227
0.34687
0.346577
0.582257
0.560788
0.538716
0.516575
0.494937
0.474346
0.455249
0.43796
0.422645
0.409331
0.397938
0.388304
0.380215
0.373423
0.367688
0.363045
0.3596
0.357032
0.354961
0.353271
0.351909
0.350816
0.349938
0.349223
0.348627
0.60963
0.588848
0.567306
0.545422
0.52367
0.502535
0.482456
0.463789
0.44678
0.431556
0.418138
0.406459
0.396383
0.387731
0.380294
0.373952
0.368756
0.364682
0.361532
0.359032
0.356945
0.355197
0.353746
0.352531
0.351498
0.635835
0.615869
0.595028
0.573642
0.552102
0.530824
0.510215
0.490634
0.472368
0.45561
0.440465
0.42695
0.415014
0.404557
0.395445
0.387546
0.38072
0.374954
0.37024
0.366399
0.363243
0.36066
0.358542
0.356749
0.35519
0.66049
0.641401
0.621331
0.600551
0.57939
0.558209
0.537379
0.517243
0.498102
0.480185
0.463653
0.448588
0.435011
0.422886
0.412144
0.402694
0.394435
0.387281
0.381092
0.375787
0.371341
0.367622
0.364482
0.361814
0.359537
0.683359
0.665159
0.645858
0.625693
0.604952
0.583963
0.563068
0.542596
0.522846
0.504068
0.486452
0.470127
0.455164
0.441581
0.429357
0.41844
0.408762
0.400244
0.392787
0.386306
0.380703
0.375836
0.371597
0.367955
0.364855
0.704322
0.686979
0.668392
0.648782
0.628416
0.607607
0.586681
0.565965
0.545754
0.526307
0.507832
0.490488
0.474379
0.459562
0.446051
0.43383
0.422856
0.413068
0.404391
0.39674
0.390023
0.384141
0.379004
0.374539
0.370664
0.723239
0.706691
0.688724
0.669564
0.649484
0.628788
0.607805
0.586863
0.566259
0.546258
0.527079
0.508898
0.491843
0.475996
0.4614
0.448063
0.435965
0.425063
0.415297
0.406596
0.39888
0.392063
0.386058
0.380781
0.376153
0.74015
0.724265
0.706766
0.687897
0.667926
0.647184
0.626039
0.604827
0.583844
0.563349
0.543568
0.524686
0.506846
0.490148
0.474653
0.460387
0.447348
0.435509
0.424824
0.415233
0.406664
0.399039
0.392277
0.386297
0.381018
0.754923
0.739552
0.722314
0.703551
0.683592
0.662765
0.641423
0.619931
0.598594
0.577669
0.557381
0.537923
0.519444
0.502057
0.485835
0.470817
0.457013
0.444409
0.432969
0.422643
0.413367
0.40507
0.397675
0.391105
0.385281
0.766642
0.751508
0.734378
0.715612
0.695549
0.674575
0.65305
0.631306
0.609643
0.588331
0.567603
0.547657
0.528653
0.510711
0.493914
0.478312
0.463922
0.450738
0.438732
0.42786
0.418063
0.409274
0.401418
0.394416
0.388184
0.778797
0.764051
0.74709
0.728358
0.708191
0.686991
0.665143
0.642995
0.620862
0.599026
0.577735
0.557195
0.537575
0.519005
0.501577
0.485347
0.470339
0.456559
0.443987
0.432582
0.422288
0.41304
0.404765
0.397391
0.390847
0.318078
0.31756
0.316845
0.323274
0.322901
0.325283
0.326415
0.328403
0.331427
0.327253
0.329803
0.332694
0.330345
0.332176
0.333816
0.333261
0.334354
0.335349
0.335279
0.336018
0.336707
0.336959
0.337448
0.337888
0.338391
0.33869
0.338946
0.339516
0.339696
0.339838
0.340354
0.340472
0.340552
0.340961
0.341055
0.341108
0.341407
0.341498
0.341547
0.341771
0.341867
0.341917
0.342113
0.342207
0.342255
0.342457
0.342536
0.342573
0.342805
0.342865
0.342889
0.34319
0.343233
0.343244
0.34366
0.343681
0.343675
0.344262
0.344245
0.344208
0.345098
0.34501
0.344914
0.346334
0.346124
0.345924
0.348144
0.347742
0.347377
0.350661
0.349975
0.349366
0.353914
0.352863
0.35193
0.357697
0.356197
0.354875
0.362359
0.36032
0.358512
0.367503
0.364894
0.362558
0.372351
0.369204
0.366381
0.376656
0.373037
0.369786
0.380456
0.376429
0.372798
0.382975
0.378652
0.374785
0.385296
0.380606
0.376475
0.362089
0.362043
0.361908
0.361475
0.36055
0.359199
0.35757
0.355787
0.353952
0.352135
0.350384
0.348728
0.347182
0.345754
0.344443
0.343248
0.342164
0.341184
0.340302
0.339512
0.338808
0.338185
0.337638
0.337163
0.336756
0.336415
0.336137
0.33592
0.335763
0.335664
0.335625
0.335648
0.33573
0.335872
0.336075
0.336342
0.336671
0.337059
0.337521
0.338062
0.338677
0.339369
0.34014
0.340992
0.341927
0.342947
0.34405
0.345237
0.346504
0.347844
0.349249
0.350703
0.352185
0.353661
0.355088
0.356399
0.357494
0.358254
0.358627
0.358633
0.358171
0.357157
0.355647
0.353582
0.350846
0.347607
0.344139
0.340546
0.336994
0.333801
0.33128
0.329608
0.32887
0.329137
0.330407
0.332488
0.334969
0.337161
0.338383
0.338776
0.3622
0.362068
0.361867
0.361251
0.360183
0.358794
0.357177
0.355438
0.353659
0.351902
0.350209
0.348604
0.347103
0.345712
0.344432
0.343261
0.342195
0.341228
0.340355
0.339571
0.33887
0.338246
0.337696
0.337216
0.336802
0.336452
0.336162
0.335933
0.335761
0.335647
0.33559
0.335587
0.335641
0.335753
0.335926
0.336169
0.336475
0.336819
0.337223
0.337713
0.338273
0.338901
0.339602
0.340376
0.341225
0.342148
0.343144
0.34421
0.345341
0.346531
0.347767
0.349035
0.350313
0.351571
0.352772
0.353866
0.354786
0.355462
0.355839
0.355887
0.355527
0.35466
0.353135
0.350934
0.348136
0.344856
0.341335
0.337796
0.33444
0.331527
0.329275
0.327805
0.327173
0.327435
0.328591
0.330569
0.333143
0.33587
0.337869
0.338724
0.362304
0.361811
0.361197
0.360287
0.359091
0.357688
0.356134
0.354501
0.352846
0.351214
0.349638
0.348138
0.346728
0.345415
0.3442
0.343083
0.34206
0.341129
0.340285
0.339522
0.338837
0.338225
0.337683
0.337207
0.336794
0.336441
0.336147
0.335909
0.335727
0.3356
0.335528
0.335509
0.335543
0.335632
0.335775
0.335982
0.336253
0.33658
0.336956
0.337394
0.3379
0.338473
0.339112
0.339819
0.340593
0.341433
0.342337
0.343303
0.344323
0.34539
0.346493
0.347616
0.348738
0.349832
0.350864
0.351795
0.352579
0.353174
0.353524
0.35353
0.353119
0.35225
0.350824
0.348778
0.346133
0.342985
0.339552
0.336102
0.332894
0.330154
0.32808
0.326793
0.326273
0.326463
0.327337
0.328867
0.330971
0.333454
0.335741
0.33726
0.361484
0.360671
0.359783
0.358743
0.357526
0.35617
0.354719
0.353222
0.351715
0.350232
0.348796
0.347424
0.346127
0.344912
0.343782
0.342737
0.341775
0.340894
0.340091
0.339361
0.338703
0.338112
0.337585
0.337119
0.336712
0.336362
0.336066
0.335824
0.335635
0.335497
0.335411
0.335375
0.335391
0.335458
0.335578
0.335752
0.335981
0.336266
0.336606
0.337003
0.33746
0.337978
0.338557
0.339198
0.339901
0.340663
0.341484
0.34236
0.343285
0.344252
0.345249
0.346264
0.347278
0.348268
0.349205
0.350059
0.350793
0.351381
0.351796
0.351931
0.351619
0.350765
0.349334
0.347321
0.344741
0.341661
0.338264
0.334838
0.331724
0.329136
0.327196
0.326008
0.325574
0.325784
0.326566
0.32786
0.329602
0.331677
0.333736
0.335306
0.35945
0.358469
0.357582
0.356621
0.355513
0.354284
0.352986
0.351657
0.350322
0.349005
0.347725
0.346496
0.345327
0.344225
0.343193
0.342232
0.341343
0.340522
0.33977
0.339084
0.33846
0.337897
0.337392
0.336943
0.336548
0.336205
0.335914
0.335672
0.335479
0.335334
0.335237
0.335188
0.335187
0.335235
0.335332
0.33548
0.335678
0.335927
0.33623
0.336586
0.336997
0.337465
0.337989
0.33857
0.339208
0.339901
0.340648
0.341444
0.342285
0.343163
0.34407
0.344992
0.345915
0.346817
0.347668
0.348449
0.349126
0.349665
0.350036
0.350168
0.349927
0.349207
0.347958
0.34614
0.343761
0.340903
0.337706
0.334409
0.331366
0.328866
0.327051
0.325964
0.325602
0.325858
0.326629
0.327844
0.329427
0.331239
0.33296
0.334234
0.355102
0.35466
0.354322
0.353755
0.352954
0.351981
0.350922
0.349827
0.348705
0.347582
0.346478
0.345406
0.344377
0.343398
0.342473
0.341605
0.340795
0.340043
0.339349
0.338711
0.338128
0.337598
0.33712
0.336692
0.336313
0.335982
0.335697
0.335458
0.335264
0.335115
0.33501
0.334949
0.334934
0.334964
0.335039
0.335162
0.335332
0.33555
0.335816
0.336133
0.336501
0.336921
0.337393
0.337918
0.338495
0.339123
0.339799
0.340521
0.341284
0.342082
0.342905
0.343744
0.344588
0.345414
0.346182
0.346886
0.347512
0.348017
0.348366
0.348481
0.348282
0.347725
0.346757
0.345283
0.343273
0.340791
0.338012
0.335095
0.332265
0.329817
0.328001
0.326924
0.326568
0.326842
0.327623
0.328839
0.330396
0.332087
0.333491
0.33437
0.347451
0.349353
0.350039
0.350182
0.349898
0.349331
0.348624
0.347825
0.346954
0.346048
0.345132
0.344226
0.343341
0.342488
0.341673
0.340901
0.340173
0.339492
0.338858
0.338272
0.337732
0.337238
0.33679
0.336385
0.336025
0.335707
0.335431
0.335196
0.335003
0.334851
0.33474
0.33467
0.334641
0.334655
0.334711
0.33481
0.334953
0.335141
0.335375
0.335654
0.335981
0.336356
0.33678
0.337252
0.337772
0.338339
0.33895
0.339604
0.340296
0.341019
0.341767
0.34253
0.343299
0.344062
0.344775
0.345426
0.346018
0.3465
0.346849
0.347013
0.346927
0.346555
0.34585
0.344763
0.343274
0.341376
0.339166
0.336788
0.334309
0.332018
0.330174
0.328993
0.328545
0.328794
0.329623
0.330914
0.332549
0.334241
0.335429
0.335705
0.331368
0.34097
0.34438
0.345977
0.346495
0.346497
0.346233
0.345764
0.345158
0.344475
0.34375
0.343008
0.342266
0.341537
0.340831
0.340152
0.339506
0.338896
0.338322
0.337788
0.337291
0.336834
0.336416
0.336036
0.335694
0.335391
0.335125
0.334896
0.334705
0.334551
0.334435
0.334356
0.334316
0.334314
0.334351
0.334429
0.334547
0.334707
0.334909
0.335154
0.335443
0.335776
0.336154
0.336577
0.337044
0.337555
0.338108
0.3387
0.339328
0.339987
0.340669
0.341365
0.342064
0.342762
0.343462
0.344116
0.344692
0.345167
0.345509
0.345729
0.345799
0.345652
0.345243
0.34454
0.343609
0.342448
0.340907
0.339089
0.337157
0.335272
0.333587
0.332287
0.331495
0.331279
0.331734
0.332848
0.334292
0.335754
0.337013
0.336975
0.331552
0.337109
0.340376
0.342472
0.343505
0.343965
0.344043
0.343844
0.343467
0.34298
0.342424
0.341829
0.341216
0.340601
0.339993
0.339402
0.338831
0.338287
0.33777
0.337284
0.33683
0.336408
0.336018
0.335662
0.335339
0.33505
0.334794
0.334571
0.334383
0.334228
0.334107
0.33402
0.333969
0.333953
0.333973
0.33403
0.334125
0.334259
0.334432
0.334645
0.334899
0.335194
0.335531
0.335911
0.336331
0.336794
0.337296
0.337836
0.33841
0.339016
0.339647
0.340296
0.340955
0.341616
0.34227
0.342901
0.343488
0.34401
0.344445
0.344781
0.345001
0.345075
0.34498
0.344694
0.344218
0.343579
0.34274
0.341694
0.340622
0.339608
0.338584
0.337568
0.336741
0.336202
0.33603
0.336367
0.337433
0.339555
0.34261
0.344628
0.334464
0.337164
0.339168
0.340661
0.341612
0.342144
0.342331
0.342269
0.342035
0.341684
0.341255
0.340775
0.340266
0.339744
0.339219
0.338701
0.338196
0.337708
0.337241
0.336798
0.33638
0.335989
0.335625
0.33529
0.334984
0.334707
0.33446
0.334243
0.334056
0.3339
0.333775
0.333681
0.33362
0.333591
0.333596
0.333635
0.333709
0.33382
0.333967
0.334152
0.334376
0.334638
0.33494
0.335282
0.335664
0.336086
0.336547
0.337045
0.337579
0.338145
0.338739
0.339356
0.339991
0.340636
0.341282
0.341919
0.342533
0.34311
0.343637
0.344101
0.344491
0.344792
0.344994
0.345092
0.345089
0.344994
0.344818
0.344575
0.344315
0.344081
0.343948
0.343898
0.343916
0.344228
0.34491
0.345823
0.347088
0.34934
0.353281
0.358514
0.33512
0.3371
0.338599
0.339714
0.34047
0.340903
0.341081
0.341065
0.340901
0.34063
0.340283
0.339884
0.339451
0.338998
0.338538
0.338078
0.337624
0.337183
0.336756
0.336348
0.335961
0.335595
0.335253
0.334936
0.334644
0.334377
0.334138
0.333925
0.333739
0.333581
0.333452
0.333352
0.333281
0.333241
0.333232
0.333255
0.333311
0.333401
0.333526
0.333687
0.333884
0.334119
0.334392
0.334704
0.335054
0.335444
0.335873
0.33634
0.336844
0.337383
0.337953
0.338553
0.339177
0.33982
0.340476
0.341138
0.341796
0.342442
0.343067
0.343663
0.344223
0.34474
0.34521
0.345633
0.346016
0.34637
0.346711
0.34707
0.347483
0.347989
0.348654
0.349521
0.35056
0.351815
0.353417
0.355478
0.358029
0.361169
0.365197
0.370149
0.335464
0.336983
0.338207
0.339123
0.339724
0.340064
0.340205
0.340189
0.34005
0.339818
0.339518
0.339168
0.338785
0.338381
0.337966
0.337548
0.337134
0.336727
0.336331
0.33595
0.335586
0.335241
0.334916
0.334612
0.334331
0.334072
0.333838
0.333627
0.333442
0.333282
0.333148
0.333042
0.332963
0.332912
0.33289
0.332899
0.332939
0.333011
0.333117
0.333257
0.333433
0.333645
0.333894
0.334182
0.334508
0.334874
0.33528
0.335725
0.336209
0.336731
0.337289
0.337882
0.338507
0.339161
0.339839
0.340536
0.341248
0.341969
0.342694
0.343418
0.344138
0.344851
0.345557
0.34626
0.346966
0.347689
0.348443
0.349253
0.350148
0.351159
0.352325
0.353683
0.355267
0.357132
0.359329
0.361891
0.364835
0.368104
0.371646
0.375442
0.336382
0.337379
0.338233
0.338898
0.339334
0.339566
0.339646
0.339601
0.339456
0.339232
0.33895
0.338625
0.33827
0.337896
0.33751
0.33712
0.336732
0.336349
0.335975
0.335614
0.335266
0.334936
0.334622
0.334328
0.334054
0.333801
0.333569
0.33336
0.333173
0.333011
0.332872
0.332759
0.332672
0.332612
0.332579
0.332575
0.332601
0.332657
0.332747
0.332869
0.333027
0.333221
0.333452
0.333721
0.334029
0.334377
0.334766
0.335197
0.33567
0.336184
0.336739
0.337334
0.337969
0.33864
0.339347
0.340086
0.340855
0.34165
0.34247
0.343311
0.344174
0.345056
0.345962
0.346894
0.347861
0.348873
0.349944
0.351094
0.352346
0.353726
0.355269
0.357019
0.358997
0.361134
0.363384
0.365802
0.368428
0.371244
0.374234
0.377449
0.337374
0.337994
0.338531
0.338952
0.339224
0.339346
0.339348
0.339253
0.339081
0.338845
0.338562
0.338243
0.337899
0.337538
0.337168
0.336794
0.336421
0.336053
0.335692
0.335343
0.335006
0.334684
0.334378
0.33409
0.33382
0.333569
0.333338
0.333128
0.33294
0.332774
0.33263
0.332511
0.332416
0.332346
0.332303
0.332288
0.332301
0.332345
0.33242
0.332528
0.332671
0.33285
0.333066
0.333321
0.333616
0.333952
0.334331
0.334753
0.33522
0.335733
0.33629
0.336894
0.337543
0.338238
0.338976
0.339758
0.340582
0.341447
0.342352
0.343296
0.34428
0.345303
0.34637
0.347483
0.348649
0.349876
0.351175
0.352559
0.354044
0.355651
0.357415
0.359365
0.361434
0.363521
0.365632
0.367861
0.37026
0.372804
0.375475
0.378271
0.338299
0.338666
0.338967
0.339189
0.339311
0.33933
0.339251
0.339098
0.338886
0.338625
0.338327
0.338001
0.337656
0.337297
0.336932
0.336564
0.336198
0.335836
0.335482
0.335139
0.334807
0.33449
0.334187
0.333901
0.333632
0.333382
0.33315
0.332938
0.332747
0.332576
0.332428
0.332302
0.332199
0.332121
0.332069
0.332043
0.332045
0.332077
0.332141
0.332237
0.332367
0.332534
0.332739
0.332983
0.333268
0.333596
0.333969
0.334387
0.334853
0.335368
0.335932
0.336547
0.337214
0.337932
0.338703
0.339525
0.340399
0.341326
0.342304
0.343333
0.344416
0.345551
0.346743
0.347992
0.349304
0.350683
0.352136
0.353669
0.355293
0.357024
0.358884
0.360853
0.362822
0.364798
0.366853
0.368992
0.371214
0.373522
0.375913
0.378368
0.339173
0.339359
0.339488
0.339556
0.339546
0.339464
0.339311
0.339094
0.338835
0.338541
0.33822
0.337879
0.337524
0.33716
0.336792
0.336423
0.336057
0.335697
0.335344
0.335001
0.334671
0.334354
0.334052
0.333765
0.333496
0.333243
0.333009
0.332794
0.332598
0.332423
0.332269
0.332136
0.332026
0.33194
0.331878
0.331843
0.331836
0.331857
0.33191
0.331996
0.332116
0.332273
0.332468
0.332705
0.332983
0.333306
0.333675
0.334092
0.33456
0.335079
0.335652
0.33628
0.336964
0.337706
0.338505
0.339364
0.340282
0.341259
0.342297
0.343395
0.344554
0.345775
0.347058
0.348405
0.349818
0.351297
0.352846
0.354466
0.35616
0.357938
0.359804
0.361691
0.363574
0.365512
0.367506
0.369531
0.371587
0.373687
0.375838
0.378026
0.339948
0.340013
0.340028
0.339988
0.339885
0.339713
0.339483
0.339205
0.338897
0.338567
0.338219
0.337858
0.337489
0.337115
0.336739
0.336365
0.335995
0.335631
0.335275
0.334931
0.334598
0.334279
0.333975
0.333686
0.333413
0.333158
0.33292
0.3327
0.3325
0.332319
0.332158
0.332019
0.331901
0.331807
0.331736
0.331692
0.331675
0.331688
0.331731
0.331808
0.331919
0.332067
0.332255
0.332485
0.332758
0.333078
0.333445
0.333863
0.334333
0.334859
0.33544
0.336081
0.336781
0.337543
0.338368
0.339257
0.340211
0.341229
0.342313
0.343463
0.344678
0.34596
0.347307
0.34872
0.350197
0.351737
0.353339
0.355001
0.356723
0.358504
0.360323
0.362132
0.363964
0.365858
0.367777
0.369693
0.371609
0.373544
0.375514
0.377517
0.340595
0.340588
0.340532
0.340427
0.340267
0.340036
0.339739
0.339403
0.339047
0.338681
0.338307
0.337925
0.33754
0.337154
0.336768
0.336386
0.33601
0.33564
0.33528
0.33493
0.334593
0.33427
0.333962
0.333668
0.333391
0.33313
0.332888
0.332663
0.332457
0.33227
0.332102
0.331955
0.33183
0.331727
0.331648
0.331595
0.331569
0.331572
0.331607
0.331674
0.331778
0.331919
0.3321
0.332324
0.332593
0.33291
0.333276
0.333695
0.334169
0.3347
0.33529
0.335941
0.336656
0.337435
0.338281
0.339194
0.340175
0.341225
0.342343
0.343529
0.344783
0.346105
0.347494
0.348947
0.350461
0.352032
0.353659
0.355337
0.35706
0.358817
0.360566
0.362312
0.364109
0.365953
0.367803
0.369633
0.371442
0.373255
0.375103
0.376995
0.34112
0.341077
0.340981
0.340837
0.340645
0.340386
0.340045
0.339658
0.339264
0.33887
0.338473
0.338073
0.337673
0.337275
0.336879
0.336489
0.336106
0.335731
0.335365
0.33501
0.334668
0.334338
0.334023
0.333722
0.333438
0.333171
0.332922
0.332691
0.332478
0.332284
0.332109
0.331953
0.331819
0.331706
0.331618
0.331555
0.33152
0.331514
0.33154
0.331599
0.331694
0.331828
0.332004
0.332222
0.332488
0.332802
0.333168
0.333587
0.334064
0.3346
0.335197
0.335858
0.336584
0.337377
0.338239
0.33917
0.340171
0.341243
0.342384
0.343594
0.344872
0.346219
0.347633
0.34911
0.350641
0.352223
0.353854
0.355528
0.357219
0.358911
0.360596
0.362309
0.364078
0.365877
0.367673
0.369439
0.371173
0.372902
0.374671
0.376483
0.34155
0.341493
0.341379
0.341215
0.341005
0.34072
0.340347
0.339935
0.339524
0.339113
0.338701
0.338289
0.337877
0.337469
0.337065
0.336667
0.336278
0.335899
0.335531
0.335173
0.334826
0.33449
0.334167
0.333859
0.333568
0.333292
0.333034
0.332793
0.332573
0.332371
0.332187
0.332021
0.331876
0.331752
0.331653
0.331579
0.331533
0.331517
0.331533
0.331584
0.331671
0.331797
0.331966
0.33218
0.332441
0.332753
0.333118
0.333539
0.334018
0.334558
0.335161
0.33583
0.336566
0.33737
0.338245
0.339189
0.340205
0.341291
0.342447
0.343671
0.344962
0.346321
0.347749
0.349238
0.350769
0.352331
0.353924
0.355544
0.357181
0.358822
0.360484
0.362189
0.363934
0.365698
0.367455
0.369179
0.370864
0.372537
0.374248
0.375973
0.341921
0.34186
0.341737
0.341559
0.341326
0.341013
0.340628
0.34022
0.339807
0.33939
0.33897
0.338549
0.33813
0.337715
0.337305
0.336903
0.33651
0.336129
0.335758
0.335398
0.335049
0.334711
0.334385
0.334073
0.333777
0.333496
0.333229
0.33298
0.332754
0.332548
0.332356
0.332179
0.332021
0.331884
0.331772
0.331685
0.331625
0.331596
0.331599
0.331638
0.331714
0.33183
0.33199
0.332197
0.332453
0.332761
0.333125
0.333546
0.334028
0.334572
0.335182
0.335858
0.336603
0.337417
0.338302
0.339258
0.340283
0.341378
0.342539
0.343765
0.345052
0.346397
0.347798
0.34925
0.350746
0.352277
0.353833
0.355412
0.357023
0.358664
0.360333
0.362032
0.363759
0.365498
0.36723
0.368931
0.370591
0.372232
0.373896
0.375562
0.342255
0.34219
0.342059
0.341865
0.341604
0.341276
0.340901
0.340505
0.340097
0.33968
0.339259
0.338836
0.338414
0.337996
0.337583
0.337179
0.336784
0.336401
0.336028
0.335666
0.335315
0.334975
0.334648
0.334337
0.334044
0.333767
0.333499
0.333242
0.333001
0.332777
0.332571
0.332384
0.332218
0.332074
0.331954
0.331861
0.331795
0.331759
0.331756
0.331788
0.331859
0.33197
0.332125
0.332327
0.332578
0.332883
0.333242
0.333659
0.334137
0.334677
0.335282
0.335953
0.336692
0.3375
0.338378
0.339325
0.34034
0.341424
0.342572
0.343783
0.345052
0.346374
0.347741
0.349155
0.350624
0.352143
0.353701
0.355292
0.356913
0.35856
0.360232
0.361928
0.363644
0.365371
0.367091
0.368787
0.370444
0.372076
0.373714
0.375363
0.342564
0.342492
0.342354
0.342148
0.341869
0.341529
0.34116
0.340776
0.340379
0.339969
0.339551
0.339131
0.338711
0.338294
0.337883
0.337479
0.337084
0.336703
0.336334
0.335976
0.335625
0.335285
0.334957
0.33464
0.334336
0.334045
0.333767
0.3335
0.333245
0.333005
0.332789
0.332597
0.33243
0.332286
0.332168
0.332077
0.332014
0.331982
0.331983
0.332019
0.332093
0.332207
0.332364
0.332566
0.332816
0.333117
0.333471
0.33388
0.334348
0.334876
0.335466
0.336121
0.336842
0.33763
0.338486
0.339411
0.340405
0.341466
0.342594
0.343786
0.345041
0.346354
0.347722
0.349143
0.350618
0.352141
0.353704
0.355302
0.356929
0.358582
0.360257
0.361955
0.36367
0.365395
0.367117
0.368824
0.370501
0.37215
0.373791
0.375454
0.342869
0.34279
0.342649
0.342444
0.342168
0.341831
0.341463
0.341077
0.340679
0.340271
0.339859
0.339445
0.339031
0.33862
0.338213
0.337812
0.337419
0.337035
0.33666
0.336294
0.335939
0.335595
0.33526
0.334933
0.334613
0.334304
0.334013
0.333742
0.333487
0.33325
0.333036
0.332845
0.332678
0.332536
0.332421
0.332333
0.332274
0.332247
0.332253
0.332294
0.332372
0.33249
0.332649
0.332852
0.333102
0.333401
0.333752
0.334157
0.334619
0.33514
0.335723
0.336368
0.337079
0.337856
0.338701
0.339615
0.340597
0.341648
0.342767
0.343952
0.345201
0.346511
0.34788
0.349304
0.350781
0.352306
0.353873
0.355476
0.35711
0.35877
0.360454
0.362161
0.363886
0.365623
0.367363
0.369097
0.370816
0.37251
0.37419
0.375898
0.343216
0.343131
0.34299
0.342789
0.342529
0.342211
0.341849
0.341458
0.341054
0.340644
0.340231
0.339816
0.339402
0.338989
0.338581
0.338177
0.337777
0.337382
0.336992
0.336612
0.336246
0.335891
0.335548
0.335216
0.334896
0.334589
0.334299
0.334027
0.333773
0.333539
0.333327
0.333139
0.332975
0.332837
0.332725
0.332642
0.332588
0.332566
0.332576
0.332622
0.332704
0.332825
0.332987
0.333193
0.333444
0.333745
0.334097
0.334503
0.334965
0.335485
0.336067
0.336711
0.33742
0.338195
0.339038
0.339949
0.340928
0.341977
0.343093
0.344275
0.345522
0.346831
0.348199
0.349623
0.351102
0.35263
0.354202
0.355813
0.357458
0.359133
0.360835
0.362562
0.364311
0.366076
0.367853
0.369636
0.371417
0.373188
0.37495
0.376737
0.343633
0.343539
0.343392
0.34319
0.342934
0.342626
0.342274
0.34189
0.341488
0.341074
0.340654
0.340231
0.339807
0.339384
0.338964
0.33855
0.338141
0.337738
0.337343
0.336958
0.336585
0.336225
0.335877
0.335543
0.335222
0.334917
0.334628
0.334358
0.334108
0.333878
0.33367
0.333486
0.333327
0.333194
0.333088
0.33301
0.332962
0.332945
0.332961
0.333011
0.333098
0.333223
0.333389
0.333599
0.333855
0.334159
0.334515
0.334925
0.33539
0.335914
0.336499
0.337146
0.337858
0.338635
0.33948
0.340392
0.341372
0.342421
0.343538
0.344721
0.345968
0.347279
0.348649
0.350078
0.351561
0.353097
0.354679
0.356304
0.357967
0.359666
0.361397
0.363158
0.364947
0.36676
0.368595
0.370448
0.372316
0.374194
0.376077
0.37798
0.344139
0.344023
0.343858
0.343643
0.34338
0.343069
0.342718
0.342334
0.34193
0.341512
0.341085
0.340655
0.340223
0.339792
0.339365
0.338943
0.338527
0.338119
0.33772
0.337332
0.336956
0.336593
0.336245
0.335911
0.335591
0.335288
0.335003
0.334736
0.33449
0.334265
0.334063
0.333885
0.333732
0.333605
0.333504
0.333432
0.33339
0.333378
0.333399
0.333454
0.333547
0.333678
0.333851
0.334067
0.33433
0.334641
0.335004
0.33542
0.335892
0.336422
0.337013
0.337666
0.338382
0.339164
0.340013
0.340929
0.341913
0.342966
0.344086
0.345272
0.346524
0.34784
0.349218
0.350655
0.352149
0.353697
0.355297
0.356944
0.358635
0.360367
0.362138
0.363948
0.365794
0.367674
0.369588
0.371535
0.373514
0.375523
0.377562
0.379612
0.344793
0.344632
0.344429
0.344185
0.343899
0.343574
0.343212
0.34282
0.342407
0.341981
0.341546
0.341107
0.340667
0.340229
0.339795
0.339367
0.338946
0.338534
0.338132
0.337742
0.337364
0.337001
0.336652
0.336319
0.336002
0.335702
0.335421
0.335158
0.334916
0.334696
0.334498
0.334325
0.334176
0.334054
0.333958
0.333891
0.333854
0.333849
0.333877
0.33394
0.334041
0.334181
0.334362
0.334588
0.33486
0.335181
0.335553
0.335978
0.33646
0.336999
0.337598
0.338259
0.338984
0.339773
0.340629
0.341553
0.342544
0.343603
0.34473
0.345924
0.347185
0.348511
0.3499
0.351351
0.352862
0.354432
0.356056
0.357734
0.359462
0.361239
0.363064
0.364936
0.366855
0.368821
0.370833
0.372893
0.375004
0.377169
0.379382
0.381601
0.34571
0.345465
0.345192
0.344892
0.344563
0.344203
0.343814
0.343402
0.342972
0.342529
0.34208
0.341628
0.341176
0.340727
0.340283
0.339847
0.339419
0.339001
0.338594
0.3382
0.33782
0.337454
0.337104
0.33677
0.336453
0.336154
0.335874
0.335614
0.335375
0.335158
0.334963
0.334793
0.334648
0.33453
0.33444
0.33438
0.33435
0.334353
0.33439
0.334462
0.334573
0.334724
0.334916
0.335153
0.335437
0.33577
0.336153
0.336591
0.337084
0.337635
0.338246
0.338918
0.339654
0.340454
0.341321
0.342255
0.343257
0.344327
0.345465
0.346672
0.347947
0.349288
0.350695
0.352167
0.353702
0.3553
0.356958
0.358675
0.360451
0.362284
0.364173
0.366121
0.368128
0.370194
0.372322
0.374514
0.376779
0.379121
0.381488
0.383863
0.347009
0.346626
0.346239
0.345844
0.345438
0.345015
0.344577
0.344124
0.343659
0.343188
0.342714
0.34224
0.341768
0.341302
0.340844
0.340394
0.339955
0.339527
0.339111
0.338709
0.338322
0.337951
0.337596
0.337259
0.336939
0.336639
0.336358
0.336099
0.335861
0.335645
0.335454
0.335287
0.335147
0.335035
0.334951
0.334898
0.334877
0.334889
0.334936
0.335019
0.335141
0.335304
0.335509
0.335759
0.336056
0.336402
0.3368
0.337252
0.337759
0.338324
0.338949
0.339636
0.340386
0.341201
0.342082
0.34303
0.344047
0.345132
0.346287
0.347511
0.348804
0.350167
0.351598
0.353097
0.354664
0.356297
0.357997
0.359762
0.361594
0.363492
0.365457
0.367492
0.369599
0.371777
0.37403
0.376371
0.378797
0.381272
0.383759
0.386327
0.34877
0.348179
0.347619
0.34708
0.346554
0.346032
0.345513
0.344993
0.344473
0.343956
0.343443
0.342935
0.342435
0.341944
0.341464
0.340995
0.340539
0.340096
0.339669
0.339257
0.338861
0.338482
0.338121
0.337778
0.337454
0.337151
0.336869
0.336609
0.336372
0.336159
0.335971
0.335808
0.335673
0.335567
0.33549
0.335445
0.335433
0.335455
0.335512
0.335608
0.335742
0.335918
0.336137
0.336402
0.336714
0.337076
0.33749
0.337957
0.338481
0.339062
0.339704
0.340407
0.341174
0.342005
0.342904
0.343869
0.344904
0.346008
0.347182
0.348428
0.349745
0.351133
0.352594
0.354127
0.355732
0.357407
0.359154
0.360973
0.362866
0.364834
0.366879
0.369006
0.371223
0.373522
0.375893
0.37834
0.380865
0.383448
0.38612
0.38896
0.351025
0.350153
0.349355
0.348613
0.347914
0.347249
0.346611
0.345994
0.345394
0.34481
0.344241
0.343686
0.343146
0.342622
0.342113
0.34162
0.341143
0.340684
0.340241
0.339817
0.33941
0.339022
0.338655
0.338308
0.337981
0.337677
0.337394
0.337134
0.336898
0.336687
0.336502
0.336344
0.336215
0.336115
0.336047
0.336011
0.33601
0.336044
0.336115
0.336223
0.336372
0.336562
0.336796
0.337077
0.337405
0.337783
0.338214
0.338699
0.33924
0.339839
0.340498
0.341219
0.342003
0.342853
0.343769
0.344753
0.345807
0.346931
0.348127
0.349395
0.350737
0.352154
0.353648
0.35522
0.356867
0.358587
0.360383
0.362256
0.364208
0.366241
0.368356
0.370556
0.372842
0.375218
0.377684
0.380234
0.382879
0.385651
0.388582
0.391704
0.35361
0.352416
0.351354
0.350381
0.349476
0.348634
0.347846
0.347103
0.346398
0.345725
0.345081
0.344465
0.343873
0.343305
0.34276
0.342237
0.341736
0.341256
0.340797
0.340358
0.33994
0.339544
0.339172
0.338821
0.338493
0.338188
0.337906
0.337647
0.337413
0.337205
0.337025
0.336874
0.336751
0.33666
0.3366
0.336575
0.336586
0.336636
0.336725
0.33685
0.337013
0.337217
0.337466
0.337761
0.338104
0.338498
0.338944
0.339444
0.34
0.340614
0.341289
0.342026
0.342826
0.343692
0.344624
0.345626
0.346697
0.347839
0.349054
0.350342
0.351705
0.353143
0.354658
0.356251
0.357923
0.359675
0.36151
0.363428
0.365431
0.367522
0.369702
0.371971
0.374328
0.376787
0.379367
0.382072
0.384912
0.38791
0.391087
0.394468
0.356773
0.355118
0.353657
0.352358
0.351189
0.350127
0.349154
0.348257
0.347422
0.346642
0.345909
0.345218
0.344565
0.343946
0.343359
0.342801
0.342271
0.341768
0.34129
0.340837
0.340408
0.340004
0.339624
0.339269
0.338938
0.338631
0.33835
0.338094
0.337864
0.337661
0.337487
0.337341
0.337226
0.337141
0.337089
0.337071
0.337088
0.337141
0.337232
0.337363
0.337536
0.337752
0.338013
0.338321
0.338677
0.339084
0.339544
0.340058
0.340629
0.341258
0.341948
0.342699
0.343515
0.344395
0.345344
0.346361
0.347448
0.348607
0.349839
0.351146
0.352528
0.353986
0.35552
0.357132
0.358827
0.360611
0.362484
0.364447
0.366503
0.368654
0.370906
0.373262
0.375728
0.378315
0.381036
0.383901
0.386924
0.390123
0.39352
0.397141
0.360293
0.358128
0.356224
0.354556
0.353083
0.351764
0.350573
0.34949
0.348499
0.347586
0.346742
0.345957
0.345225
0.344541
0.343899
0.343295
0.342728
0.342193
0.34169
0.341217
0.340771
0.340354
0.339964
0.339601
0.339264
0.338954
0.338671
0.338415
0.338186
0.337986
0.337815
0.337674
0.337563
0.337485
0.337439
0.337427
0.337448
0.337503
0.337597
0.337734
0.337916
0.338142
0.338414
0.338735
0.339104
0.339524
0.339998
0.340526
0.341111
0.341754
0.342458
0.343224
0.344054
0.34495
0.345913
0.346946
0.348049
0.349225
0.350475
0.3518
0.353203
0.354685
0.356247
0.357893
0.359625
0.361449
0.363365
0.365377
0.367488
0.369704
0.37203
0.374473
0.37704
0.379742
0.382592
0.385602
0.388788
0.39217
0.395769
0.399608
0.363645
0.361044
0.35877
0.356774
0.355007
0.35343
0.352014
0.350736
0.349577
0.34852
0.347553
0.346664
0.345844
0.345085
0.344381
0.343725
0.343114
0.342544
0.342011
0.341513
0.341048
0.340614
0.340211
0.339838
0.339493
0.339178
0.338891
0.338632
0.338403
0.338204
0.338035
0.337897
0.337791
0.337717
0.337677
0.337672
0.337702
0.337769
0.337876
0.338025
0.338218
0.338455
0.338738
0.339069
0.339449
0.33988
0.340365
0.340905
0.341501
0.342156
0.342872
0.34365
0.344492
0.345401
0.346377
0.347423
0.34854
0.349731
0.350997
0.35234
0.353762
0.355265
0.356852
0.358525
0.360288
0.362146
0.3641
0.366156
0.368319
0.370594
0.372988
0.375509
0.378166
0.380971
0.383936
0.387076
0.390408
0.393951
0.397725
0.401751
0.366633
0.363633
0.361011
0.358706
0.356664
0.354849
0.353228
0.351774
0.350464
0.34928
0.348204
0.347224
0.346326
0.345503
0.344744
0.344044
0.343396
0.342795
0.342237
0.341719
0.341237
0.340791
0.340378
0.339996
0.339646
0.339326
0.339036
0.338777
0.338549
0.338351
0.338186
0.338051
0.337949
0.337881
0.337846
0.337847
0.337884
0.33796
0.338075
0.338231
0.338431
0.338675
0.338966
0.339305
0.339693
0.340133
0.340627
0.341175
0.34178
0.342444
0.343169
0.343956
0.344808
0.345726
0.346712
0.347768
0.348896
0.350098
0.351377
0.352733
0.35417
0.355691
0.357297
0.358993
0.360781
0.362667
0.364654
0.366748
0.368954
0.371279
0.37373
0.376317
0.37905
0.38194
0.385001
0.388248
0.391699
0.395372
0.399288
0.403469
0.369267
0.365916
0.36299
0.360431
0.358177
0.356166
0.354356
0.352732
0.351276
0.349969
0.348789
0.347719
0.346746
0.345858
0.345047
0.344303
0.343619
0.342987
0.342403
0.341863
0.341364
0.340902
0.340477
0.340086
0.339728
0.339401
0.339105
0.338841
0.338609
0.338411
0.338245
0.33811
0.338009
0.337942
0.33791
0.337914
0.337955
0.338034
0.338153
0.338314
0.338518
0.338768
0.339063
0.339407
0.3398
0.340245
0.340743
0.341297
0.341907
0.342576
0.343306
0.344098
0.344955
0.345879
0.34687
0.347932
0.349067
0.350276
0.351562
0.352927
0.354374
0.355906
0.357525
0.359236
0.361042
0.362948
0.364959
0.36708
0.369318
0.37168
0.374173
0.376809
0.379597
0.38255
0.385681
0.389007
0.392545
0.396313
0.400334
0.404626
0.371043
0.36745
0.36426
0.361475
0.359089
0.356979
0.355056
0.353315
0.351756
0.35036
0.349103
0.347969
0.346943
0.346012
0.345165
0.344391
0.343683
0.343032
0.342433
0.341881
0.341372
0.340902
0.34047
0.340074
0.339712
0.339383
0.339086
0.338822
0.338595
0.3384
0.338237
0.338106
0.338008
0.337944
0.337915
0.337922
0.337966
0.338048
0.338171
0.338335
0.338542
0.338794
0.339092
0.339438
0.339835
0.340282
0.340783
0.341339
0.341952
0.342623
0.343355
0.34415
0.345009
0.345935
0.346929
0.347994
0.349131
0.350344
0.351634
0.353003
0.354456
0.355994
0.357621
0.359341
0.361158
0.363076
0.365102
0.36724
0.369498
0.371884
0.374405
0.377072
0.379896
0.38289
0.386067
0.389443
0.393035
0.396863
0.400952
0.40532
0.372567
0.368858
0.365501
0.362529
0.359934
0.35765
0.35561
0.353787
0.352161
0.35071
0.349411
0.348244
0.347189
0.346231
0.345358
0.34456
0.343826
0.343153
0.342534
0.341965
0.341442
0.340962
0.340521
0.340116
0.339748
0.339414
0.339115
0.338851
0.33862
0.33842
0.338252
0.338115
0.338013
0.337945
0.337911
0.337915
0.337955
0.338035
0.338154
0.338316
0.33852
0.338769
0.339065
0.339408
0.339802
0.340246
0.340744
0.341297
0.341907
0.342576
0.343305
0.344097
0.344953
0.345875
0.346866
0.347928
0.349062
0.350272
0.351559
0.352926
0.354377
0.355913
0.357539
0.359258
0.361076
0.362995
0.365023
0.367164
0.369427
0.371818
0.374347
0.377024
0.37986
0.382866
0.386058
0.389451
0.39306
0.396903
0.400997
0.405353
0.333378
0.325727
0.31677
0.343906
0.349585
0.360088
0.364524
0.373727
0.384425
0.375301
0.38063
0.386569
0.379104
0.382706
0.386558
0.380617
0.383641
0.386662
0.380953
0.383463
0.385942
0.380671
0.382789
0.384878
0.380067
0.381944
0.383806
0.379391
0.381132
0.382851
0.378768
0.380373
0.381899
0.378134
0.379581
0.380972
0.377517
0.378892
0.380251
0.377066
0.378436
0.379806
0.37688
0.378279
0.379695
0.377017
0.378476
0.379971
0.377529
0.379074
0.380675
0.378455
0.380106
0.381838
0.379806
0.381586
0.383472
0.381572
0.383503
0.385567
0.383721
0.385828
0.388093
0.386184
0.388502
0.390994
0.388897
0.391457
0.394196
0.391801
0.394614
0.397613
0.394812
0.397878
0.401139
0.39783
0.401142
0.404659
0.400741
0.404285
0.408043
0.403424
0.407179
0.411155
0.405755
0.409693
0.413859
0.407628
0.411718
0.41604
0.408899
0.413105
0.417542
0.409706
0.41402
0.418528
0.409823
0.414271
0.418847
0.457842
0.457466
0.45622
0.453587
0.450069
0.446512
0.443562
0.441609
0.440842
0.441288
0.442851
0.445409
0.448875
0.453077
0.457771
0.462557
0.467017
0.471178
0.474733
0.476739
0.476196
0.470644
0.454524
0.41176
0.3272
0.458187
0.457306
0.455332
0.452091
0.448394
0.444884
0.44201
0.440045
0.439113
0.439228
0.440317
0.442281
0.444958
0.44824
0.451941
0.455758
0.459346
0.462665
0.4655
0.466842
0.465138
0.458646
0.44471
0.41746
0.375264
0.457015
0.454961
0.452162
0.448906
0.445593
0.442573
0.440118
0.438398
0.437496
0.437417
0.438114
0.439519
0.441526
0.44403
0.446884
0.44983
0.452521
0.45483
0.45657
0.457116
0.455282
0.449573
0.438173
0.41849
0.388318
0.452776
0.450212
0.447521
0.444783
0.44202
0.439489
0.437413
0.435926
0.435093
0.434924
0.435391
0.436445
0.438023
0.440061
0.442421
0.444747
0.446835
0.448643
0.449931
0.450024
0.447991
0.442832
0.433436
0.418698
0.398019
0.446365
0.443803
0.441679
0.439749
0.437681
0.435706
0.434072
0.432895
0.432233
0.432098
0.432473
0.433334
0.434651
0.436366
0.43824
0.440043
0.441688
0.443
0.443722
0.443335
0.441221
0.436733
0.429204
0.418085
0.403192
0.434568
0.433859
0.433807
0.433406
0.432558
0.431472
0.430392
0.429576
0.429134
0.4291
0.429464
0.430214
0.43133
0.432739
0.434273
0.435747
0.436978
0.437888
0.43823
0.437636
0.435681
0.431925
0.425961
0.417519
0.406626
0.414225
0.421118
0.424167
0.42578
0.426507
0.426698
0.426504
0.42616
0.425952
0.426043
0.42643
0.427115
0.428095
0.429318
0.430684
0.431915
0.432848
0.433475
0.433613
0.432981
0.431276
0.428208
0.423538
0.417139
0.409075
0.367787
0.400493
0.411464
0.416878
0.419583
0.421129
0.422046
0.422499
0.422725
0.422968
0.423381
0.424066
0.425049
0.426255
0.427458
0.428423
0.429154
0.429632
0.429701
0.429149
0.427767
0.425372
0.421819
0.417051
0.41113
0.380426
0.395721
0.404595
0.410431
0.413863
0.416004
0.417466
0.418523
0.419279
0.419869
0.420499
0.421298
0.422321
0.423436
0.424412
0.4252
0.425842
0.426286
0.426396
0.426022
0.425024
0.423282
0.420711
0.417282
0.413048
0.393066
0.39846
0.403319
0.407095
0.409862
0.411933
0.413528
0.414779
0.415796
0.416714
0.417647
0.418638
0.419659
0.420619
0.421464
0.422216
0.422877
0.423381
0.423626
0.423511
0.422939
0.421831
0.420134
0.417834
0.414966
0.392316
0.396896
0.400733
0.403771
0.406226
0.408244
0.409895
0.411259
0.412445
0.413554
0.414644
0.415716
0.416739
0.417688
0.418573
0.419411
0.420185
0.420843
0.421316
0.421534
0.42143
0.42095
0.420058
0.418745
0.417032
0.390625
0.394504
0.397793
0.400527
0.402821
0.404755
0.406385
0.407797
0.409082
0.410305
0.411492
0.412636
0.413728
0.414778
0.415803
0.416812
0.417785
0.418686
0.41947
0.420087
0.420489
0.420637
0.420506
0.420084
0.41938
0.389748
0.392767
0.395443
0.397778
0.399799
0.401541
0.403064
0.404454
0.405784
0.407086
0.408363
0.409607
0.41083
0.412057
0.4133
0.414552
0.415794
0.417009
0.418169
0.419236
0.420173
0.42095
0.421545
0.421944
0.422145
0.388481
0.390985
0.393262
0.395296
0.397087
0.398655
0.40007
0.401417
0.40276
0.404117
0.405494
0.406889
0.408307
0.409769
0.411286
0.412837
0.414406
0.415992
0.41758
0.41913
0.420607
0.421997
0.423283
0.424443
0.425466
0.387054
0.389247
0.391277
0.393087
0.394678
0.396131
0.397528
0.398905
0.400288
0.401703
0.403178
0.404729
0.40636
0.408078
0.409898
0.411815
0.413802
0.415831
0.417882
0.419927
0.42194
0.42392
0.425856
0.427717
0.429483
0.385766
0.387729
0.389498
0.391091
0.392578
0.394026
0.395452
0.396887
0.398361
0.399902
0.401534
0.403271
0.405125
0.40711
0.409241
0.411522
0.413932
0.416423
0.418969
0.421558
0.424169
0.42677
0.429335
0.431846
0.434287
0.384592
0.386293
0.387867
0.389379
0.390853
0.392315
0.393793
0.39532
0.396925
0.398635
0.400471
0.402452
0.404589
0.406892
0.409367
0.41201
0.414805
0.417731
0.420772
0.423916
0.427132
0.430362
0.433567
0.436737
0.439855
0.383431
0.384989
0.38651
0.388004
0.389496
0.391013
0.392587
0.394246
0.396021
0.397935
0.400011
0.402265
0.40471
0.407354
0.410199
0.413242
0.416469
0.419864
0.423406
0.427074
0.430835
0.434653
0.438493
0.442327
0.446125
0.382433
0.383957
0.38547
0.386992
0.388548
0.390166
0.391877
0.393709
0.39569
0.397844
0.400191
0.402749
0.40553
0.408539
0.411779
0.415244
0.418923
0.422799
0.426852
0.431054
0.435374
0.439777
0.444225
0.448682
0.453113
0.381699
0.383236
0.384792
0.386389
0.388054
0.389817
0.391706
0.393749
0.395973
0.398401
0.401053
0.403945
0.407089
0.410489
0.414146
0.418055
0.422204
0.426575
0.431146
0.435887
0.440767
0.445747
0.450789
0.45585
0.46089
0.381284
0.382881
0.384525
0.386242
0.388061
0.390009
0.392115
0.394406
0.396908
0.399643
0.402632
0.405888
0.409421
0.413237
0.417334
0.421707
0.426341
0.431219
0.436316
0.441602
0.44704
0.452593
0.458218
0.463868
0.469498
0.381243
0.382942
0.384717
0.386596
0.388608
0.390779
0.393138
0.395712
0.398526
0.401601
0.404955
0.408603
0.412552
0.416806
0.421364
0.426217
0.431352
0.436748
0.442378
0.44821
0.454208
0.460329
0.466527
0.472756
0.478964
0.381624
0.383463
0.385408
0.387487
0.389727
0.392157
0.394804
0.397694
0.40085
0.404294
0.408041
0.412105
0.416492
0.421206
0.426243
0.431592
0.437239
0.443161
0.44933
0.455711
0.462266
0.46895
0.475717
0.482514
0.48929
0.382465
0.384478
0.386627
0.388939
0.391442
0.394163
0.397128
0.400363
0.40389
0.407728
0.411892
0.416394
0.421241
0.426431
0.431961
0.437819
0.443988
0.450442
0.457152
0.464083
0.471193
0.478436
0.485763
0.493121
0.500457
0.383792
0.38601
0.388393
0.390968
0.393763
0.396803
0.400113
0.403719
0.40764
0.411895
0.416497
0.421456
0.426777
0.432459
0.438493
0.444868
0.451563
0.458553
0.465806
0.473284
0.480945
0.488741
0.496622
0.504534
0.512424
0.385617
0.388066
0.39071
0.393575
0.396686
0.400069
0.403748
0.407745
0.412081
0.41677
0.421826
0.427257
0.433064
0.439245
0.445791
0.452688
0.459912
0.467437
0.47523
0.483251
0.491456
0.499797
0.508225
0.516685
0.525124
0.387928
0.390634
0.393562
0.39674
0.40019
0.403936
0.408002
0.412408
0.417172
0.422309
0.42783
0.43374
0.440041
0.446726
0.453786
0.461204
0.468956
0.477012
0.485339
0.493895
0.502636
0.511514
0.520479
0.529481
0.538466
0.390692
0.393677
0.396912
0.400422
0.404228
0.408353
0.412819
0.417646
0.422849
0.428442
0.434433
0.440827
0.447622
0.454812
0.462384
0.470319
0.478592
0.487172
0.496023
0.505104
0.51437
0.523773
0.533268
0.542801
0.55232
0.393852
0.397138
0.400698
0.404555
0.408731
0.413246
0.418121
0.423374
0.42902
0.435071
0.441533
0.448409
0.455696
0.463385
0.471463
0.479907
0.488692
0.497786
0.50715
0.516744
0.526522
0.53644
0.54645
0.556491
0.566517
0.397333
0.400935
0.404833
0.409048
0.413601
0.41851
0.423797
0.429478
0.435567
0.442072
0.449001
0.456353
0.464123
0.472303
0.480875
0.489818
0.499104
0.508698
0.518563
0.528659
0.538939
0.549354
0.559852
0.570392
0.580913
0.401039
0.404966
0.409208
0.413785
0.418715
0.424019
0.429714
0.435818
0.442342
0.449294
0.456678
0.464495
0.472738
0.481394
0.490448
0.499875
0.509647
0.51973
0.530085
0.540671
0.551428
0.562318
0.573308
0.584329
0.595269
0.404857
0.40911
0.413693
0.418627
0.423929
0.429618
0.435713
0.442228
0.449174
0.456558
0.464384
0.47265
0.481348
0.490466
0.499984
0.509879
0.520123
0.530682
0.541509
0.552555
0.563787
0.575163
0.586616
0.59805
0.609366
0.408661
0.413228
0.418142
0.423421
0.42908
0.43514
0.441617
0.448524
0.455873
0.463671
0.471918
0.480612
0.489745
0.499302
0.509265
0.519608
0.530306
0.541315
0.552595
0.564116
0.57583
0.587668
0.599552
0.61138
0.623044
0.412312
0.417176
0.422399
0.428001
0.433996
0.440402
0.447235
0.454511
0.462237
0.470421
0.479063
0.48816
0.497703
0.507676
0.518057
0.528821
0.539946
0.551405
0.563158
0.575157
0.587344
0.59964
0.611941
0.624139
0.636128
0.415666
0.420798
0.426302
0.432196
0.438495
0.445216
0.452374
0.459984
0.468054
0.476591
0.485598
0.495068
0.504994
0.515357
0.526132
0.537303
0.548861
0.560779
0.57301
0.585495
0.598152
0.610886
0.623589
0.636147
0.648453
0.418579
0.423941
0.429686
0.435835
0.4424
0.449396
0.456839
0.464741
0.473115
0.481966
0.491299
0.501109
0.511389
0.522123
0.533287
0.544866
0.556857
0.569244
0.581959
0.594915
0.608023
0.621183
0.634286
0.647211
0.659835
0.420927
0.426472
0.43241
0.438765
0.445548
0.45277
0.460446
0.468591
0.477218
0.486336
0.495948
0.506053
0.516648
0.527722
0.539261
0.551244
0.563656
0.576467
0.58962
0.60303
0.616594
0.630203
0.643739
0.657067
0.670042
0.422547
0.428214
0.43429
0.440811
0.447777
0.455175
0.463021
0.471348
0.480173
0.489503
0.499342
0.509694
0.520555
0.531922
0.543781
0.556117
0.568909
0.582116
0.595679
0.609522
0.623546
0.637637
0.651661
0.665464
0.678873
0.423565
0.429266
0.435402
0.442037
0.449176
0.456725
0.464697
0.473153
0.482122
0.491611
0.501624
0.512165
0.523236
0.534832
0.546945
0.559556
0.572641
0.586161
0.600063
0.614273
0.628695
0.643212
0.657686
0.671948
0.68579
0.423853
0.429505
0.435726
0.442435
0.449576
0.457145
0.465171
0.473689
0.482722
0.492279
0.502367
0.512992
0.524157
0.535858
0.548085
0.560823
0.574044
0.587711
0.601769
0.616147
0.630753
0.645474
0.660173
0.674684
0.688811
-0.000158552
-0.00152331
-0.00187832
-0.00251775
-0.00283979
-0.00303877
-0.00320884
-0.00341898
-0.00363284
-0.00416426
-0.0048314
-0.00653708
-0.00601999
-0.00632274
-0.00670585
-0.00705486
-0.00737426
-0.00777041
-0.00830015
-0.00918396
-0.00814588
-0.0104688
-0.0106045
-0.0113948
-0.0120818
-0.0126639
-0.0131751
-0.0137405
-0.0143495
-0.0149213
-0.012955
-0.0154976
-0.0158063
-0.0168829
-0.0177417
-0.0184446
-0.0190371
-0.0196568
-0.020298
-0.0208972
-0.0188578
-0.0215786
-0.0219796
-0.0232434
-0.0241477
-0.0248412
-0.025401
-0.0259757
-0.0265917
-0.0271675
-0.0262739
-0.0290754
-0.0293662
-0.0305941
-0.0313388
-0.0318268
-0.0321929
-0.0325925
-0.0331053
-0.0336407
-0.0352687
-0.0380962
-0.0381243
-0.039034
-0.0393785
-0.0394309
-0.0394084
-0.0394689
-0.0397696
-0.0402041
-0.0459269
-0.04868
-0.0482951
-0.0485736
-0.0482715
-0.0476188
-0.0469598
-0.0464678
-0.0464126
-0.0466634
-0.0589234
-0.0612013
-0.0601878
-0.0594958
-0.0581152
-0.0563396
-0.0547004
-0.0533911
-0.0528046
-0.0527326
-0.075209
-0.0768913
-0.0746165
-0.0720665
-0.0688751
-0.065371
-0.0622998
-0.0598601
-0.0585383
-0.057934
-0.0957069
-0.0968329
-0.0921301
-0.0861337
-0.0801335
-0.0741887
-0.0691483
-0.0651484
-0.0627606
-0.0614785
-0.120215
-0.120452
-0.111709
-0.100988
-0.0911128
-0.0819668
-0.0743911
-0.0683027
-0.0643808
-0.0624388
-0.14608
-0.145685
-0.132075
-0.115159
-0.100494
-0.0874602
-0.0768999
-0.06849
-0.0630807
-0.0600516
-0.17097
-0.1696
-0.150279
-0.126003
-0.106129
-0.0888783
-0.0751199
-0.0643887
-0.0574558
-0.053067
-0.192013
-0.189418
-0.162646
-0.130046
-0.105227
-0.0841254
-0.0673925
-0.0544701
-0.0458614
-0.0403354
-0.207028
-0.203131
-0.165863
-0.124713
-0.0958901
-0.0717177
-0.0525333
-0.0378149
-0.0278675
-0.0212368
-0.217489
-0.211984
-0.159597
-0.111612
-0.0784449
-0.0510246
-0.0297339
-0.0137295
-0.00282439
0.00469761
-0.229596
-0.219
-0.142538
-0.0872353
-0.0505803
-0.0202085
0.00233277
0.0184594
0.0294367
0.0373202
-0.263438
-0.209191
-0.101532
-0.0397481
-0.0042827
0.0247987
0.0452004
0.0588083
0.0681799
0.0754654
-0.305557
-0.141578
0.00228195
0.0479135
0.0661147
0.0834787
0.0962582
0.104779
0.111117
0.116863
0.11785
0.100505
0.141961
0.144688
0.141288
0.144105
0.148096
0.151278
0.154393
0.158393
0.298294
0.239006
0.220521
0.210991
0.202453
0.197645
0.195587
0.194729
0.195322
0.197839
0.345148
0.304183
0.280205
0.264566
0.252067
0.243141
0.237398
0.233858
0.232741
0.234094
0.371511
0.343306
0.320391
0.303313
0.290059
0.279956
0.272676
0.267836
0.265809
0.266382
0.384738
0.364766
0.346684
0.331608
0.319259
0.309435
0.301934
0.296775
0.294429
0.294538
0.393436
0.378936
0.364941
0.352446
0.341776
0.332998
0.326025
0.321206
0.318958
0.31884
0.399417
0.388722
0.378082
0.368176
0.359413
0.351973
0.345908
0.341815
0.33993
0.339785
0.404087
0.396239
0.388274
0.380658
0.373747
0.36771
0.362767
0.359564
0.358117
0.358017
0.408015
0.402371
0.396566
0.39092
0.385685
0.38101
0.377287
0.374995
0.373949
0.373935
0.41153
0.407638
0.403587
0.399592
0.395806
0.392411
0.389878
0.388431
0.387754
0.387885
0.414918
0.41247
0.40988
0.407272
0.404741
0.402573
0.401115
0.400369
0.400051
0.400358
0.418399
0.41718
0.415827
0.414395
0.413
0.411983
0.411442
0.411267
0.411296
0.411789
0.422162
0.42201
0.421715
0.421311
0.421003
0.420999
0.42119
0.421515
0.421867
0.422549
0.426375
0.427156
0.427787
0.428356
0.429054
0.429872
0.430647
0.431426
0.432079
0.432949
0.431184
0.432792
0.43429
0.435792
0.437329
0.438784
0.44007
0.441261
0.442192
0.443247
0.436704
0.439092
0.441426
0.443724
0.445911
0.447902
0.449654
0.451224
0.452416
0.453659
0.442985
0.446124
0.449187
0.452122
0.454866
0.457365
0.459558
0.461488
0.462931
0.464362
0.449956
0.453786
0.457488
0.461014
0.464306
0.467299
0.469918
0.472194
0.473882
0.475508
0.457593
0.462076
0.466401
0.470511
0.47434
0.477817
0.48085
0.483464
0.485392
0.487219
0.465992
0.4711
0.476027
0.480706
0.485061
0.48901
0.492449
0.495393
0.49756
0.499594
0.475203
0.480917
0.48643
0.491665
0.496536
0.500948
0.504786
0.508055
0.510458
0.512705
0.485257
0.491564
0.497651
0.503432
0.50881
0.513678
0.517908
0.521497
0.524133
0.5266
0.496162
0.503051
0.509703
0.516022
0.5219
0.527218
0.531835
0.535739
0.538608
0.5413
0.507899
0.515364
0.522574
0.529425
0.535795
0.541556
0.546555
0.550772
0.553874
0.556798
0.52043
0.528465
0.53623
0.543605
0.550457
0.556652
0.56203
0.566557
0.569894
0.573056
0.533694
0.5423
0.550617
0.558507
0.565823
0.572436
0.578186
0.583023
0.586598
0.590006
0.547599
0.556772
0.565628
0.574012
0.581771
0.588784
0.594903
0.600057
0.603881
0.607547
0.561993
0.571707
0.581071
0.589911
0.598091
0.60551
0.612014
0.617508
0.621602
0.625541
0.576709
0.586914
0.596711
0.605964
0.614567
0.622409
0.629327
0.635188
0.639579
0.643808
0.591559
0.602163
0.612345
0.621999
0.631027
0.639299
0.646645
0.652882
0.657595
0.662118
0.606293
0.61727
0.627821
0.637852
0.647271
0.655946
0.663718
0.670338
0.675394
0.680195
0.620744
0.632059
0.642936
0.653292
0.663042
0.672064
0.680205
0.687194
0.692618
0.697652
0.634739
0.646348
0.65749
0.66809
0.678068
0.687312
0.695694
0.70295
0.708681
0.713793
0.648112
0.659967
0.671301
0.682035
0.692091
0.701372
0.709776
0.717049
0.722802
0.727589
0.660707
0.672763
0.684202
0.694931
0.70486
0.713913
0.722031
0.728969
0.734319
0.738327
0.672343
0.684555
0.696008
0.706564
0.7161
0.724572
0.731972
0.738102
0.742653
0.745902
0.682822
0.695172
0.706574
0.71681
0.725716
0.733241
0.739339
0.743907
0.747003
0.749193
0.692008
0.704552
0.715896
0.725742
0.733949
0.740274
0.744404
0.746608
0.747779
0.748777
0.699281
0.71206
0.723419
0.732945
0.740415
0.745154
0.747012
0.747219
0.747291
0.747746
0.702531
0.715532
0.727149
0.736668
0.743185
0.746222
0.746998
0.747131
0.747268
0.747488
)
;

boundaryField
{
    inlet
    {
        type            zeroGradient;
    }
    outlet
    {
        type            fixedValue;
        value           uniform 0;
    }
    walls
    {
        type            zeroGradient;
    }
    baffle
    {
        type            zeroGradient;
    }
    front
    {
        type            empty;
    }
    back
    {
        type            empty;
    }
}


// ************************************************************************* //
