/*--------------------------------*- C++ -*----------------------------------*\
| =========                 |                                                 |
| \\      /  F ield         | OpenFOAM: The Open Source CFD Toolbox           |
|  \\    /   O peration     | Version:  v2012                                 |
|   \\  /    A nd           | Website:  www.openfoam.com                      |
|    \\/     M anipulation  |                                                 |
\*---------------------------------------------------------------------------*/
FoamFile
{
    version     2.0;
    format      ascii;
    class       volScalarField;
    location    "625";
    object      age;
}
// * * * * * * * * * * * * * * * * * * * * * * * * * * * * * * * * * * * * * //

dimensions      [0 0 1 0 0 0 0];


internalField   nonuniform List<scalar> 
6057
(
0.489169
0.464035
0.4389
0.413765
0.388633
0.363505
0.338381
0.313264
0.288153
0.263049
0.237952
0.212864
0.187783
0.162712
0.137651
0.112599
0.087558
0.0625281
0.0375096
0.0125018
0.487425
0.462447
0.437461
0.41247
0.387476
0.362479
0.337481
0.312481
0.287481
0.262481
0.237481
0.212481
0.187482
0.162483
0.137485
0.112487
0.0874905
0.062494
0.0374973
0.0124996
0.486987
0.462049
0.437103
0.412151
0.387193
0.362231
0.337266
0.312298
0.287328
0.262355
0.23738
0.212403
0.187424
0.162443
0.137459
0.112473
0.0874839
0.0624922
0.0374974
0.0124998
0.486825
0.461902
0.436971
0.412032
0.387089
0.36214
0.337188
0.312233
0.287274
0.262312
0.237347
0.212379
0.187407
0.162432
0.137453
0.11247
0.0874836
0.0624927
0.0374978
0.0124998
0.486776
0.461856
0.436927
0.411992
0.387053
0.362109
0.337161
0.31221
0.287256
0.262298
0.237336
0.212371
0.187402
0.162429
0.137452
0.11247
0.087484
0.0624931
0.037498
0.0124999
0.486801
0.461874
0.43694
0.412001
0.387059
0.362113
0.337164
0.312212
0.287257
0.262299
0.237337
0.212372
0.187403
0.162429
0.137452
0.11247
0.087484
0.0624931
0.037498
0.0124999
0.486899
0.461956
0.437008
0.412058
0.387106
0.362152
0.337196
0.312238
0.287278
0.262314
0.237349
0.21238
0.187408
0.162432
0.137453
0.112471
0.0874836
0.0624927
0.0374978
0.0124998
0.487113
0.462137
0.437164
0.412192
0.38722
0.362249
0.337278
0.312306
0.287333
0.262359
0.237383
0.212405
0.187425
0.162443
0.137459
0.112473
0.087484
0.0624922
0.0374974
0.0124998
0.487601
0.462576
0.437544
0.412526
0.387512
0.362503
0.337496
0.312491
0.287488
0.262485
0.237484
0.212483
0.187483
0.162484
0.137485
0.112488
0.0874906
0.062494
0.0374973
0.0124996
0.485372
0.465158
0.438781
0.413887
0.388665
0.363536
0.338399
0.313276
0.28816
0.263054
0.237955
0.212865
0.187784
0.162713
0.137651
0.112599
0.087558
0.0625281
0.0375096
0.0125018
1.02291
0.994989
0.967738
0.941036
0.914782
0.888893
0.863295
0.837928
0.812739
0.787683
0.762723
0.737829
0.712975
0.688143
0.663317
0.638488
0.61365
0.5888
0.563937
0.539063
0.514179
1.0156
0.988115
0.96127
0.93495
0.909058
0.88351
0.858237
0.833178
0.80828
0.783501
0.758804
0.734158
0.70954
0.684932
0.660319
0.635692
0.611047
0.586382
0.561696
0.536993
0.512274
1.01233
0.985218
0.958697
0.932659
0.907011
0.881676
0.856589
0.831691
0.806935
0.78228
0.757692
0.733142
0.70861
0.684077
0.659532
0.634967
0.610378
0.585764
0.561127
0.536469
0.511794
1.0108
0.983855
0.957473
0.931556
0.906017
0.880781
0.855784
0.83097
0.806291
0.781708
0.757185
0.732694
0.708214
0.683726
0.65922
0.634688
0.610126
0.585536
0.560918
0.536277
0.511618
1.00979
0.982941
0.956652
0.930823
0.905367
0.88021
0.855287
0.830542
0.805928
0.781404
0.756934
0.732491
0.708052
0.683598
0.659118
0.634606
0.610058
0.585475
0.560862
0.536224
0.511567
1.00919
0.982444
0.956241
0.930488
0.905098
0.879997
0.855123
0.830422
0.805845
0.781355
0.756916
0.7325
0.708082
0.683645
0.659176
0.634668
0.61012
0.585533
0.560913
0.536265
0.511599
1.00942
0.982799
0.956686
0.930986
0.905618
0.880516
0.855623
0.830892
0.80628
0.78175
0.757273
0.732822
0.708374
0.683913
0.659425
0.634897
0.610328
0.585718
0.561073
0.536402
0.511714
1.01203
0.985334
0.9591
0.933249
0.90771
0.882422
0.857334
0.832397
0.807567
0.782816
0.75812
0.733463
0.708833
0.684242
0.659704
0.635163
0.6106
0.585997
0.56135
0.536664
0.511953
1.01077
0.984856
0.959732
0.935194
0.911065
0.887341
0.863637
0.839337
0.814563
0.789387
0.763998
0.738771
0.713525
0.688183
0.662838
0.637577
0.612401
0.587314
0.56231
0.537381
0.512526
1.04927
1.03482
1.02163
1.00869
0.994948
0.979452
0.961475
0.940604
0.916693
0.889861
0.8605
0.829107
0.796238
0.76248
0.728386
0.694425
0.660848
0.62779
0.595333
0.563375
0.531792
10.4976
10.9892
11.7023
12.2072
2.54616
1.88445
1.68422
1.56179
1.4767
1.40933
1.35285
1.30358
1.25947
1.2192
1.1819
1.14693
1.11384
1.08226
1.05193
9.61183
11.2164
11.0869
6.47247
2.06175
1.77318
1.62639
1.52675
1.4515
1.38953
1.3364
1.28939
1.2469
1.20786
1.17153
1.13735
1.10493
1.07395
1.04415
9.20058
10.5442
7.42399
3.09737
1.87002
1.69803
1.58412
1.49999
1.43215
1.37466
1.32441
1.27943
1.23846
1.20061
1.16524
1.13187
1.10014
1.06974
1.04044
8.31495
7.75197
4.13764
2.03678
1.79175
1.65287
1.5582
1.48283
1.41988
1.36549
1.31731
1.2738
1.2339
1.19686
1.16211
1.12923
1.09787
1.06777
1.03872
6.98811
5.21631
2.58418
1.87911
1.74438
1.62622
1.54221
1.47198
1.41228
1.35997
1.31316
1.27058
1.23132
1.19473
1.1603
1.12765
1.09648
1.06653
1.0376
5.91267
3.62194
2.08635
1.83387
1.71507
1.61005
1.53192
1.465
1.40748
1.35653
1.31061
1.26859
1.2297
1.19334
1.15909
1.12659
1.09554
1.06571
1.0369
5.15021
2.80618
1.97156
1.81107
1.69619
1.59994
1.52527
1.46071
1.40466
1.35453
1.30902
1.2672
1.22845
1.19225
1.15821
1.12594
1.09514
1.06555
1.03695
4.56677
2.40595
1.93241
1.79704
1.68396
1.59366
1.52101
1.45775
1.40214
1.35216
1.30696
1.26584
1.22805
1.19282
1.15955
1.12786
1.09745
1.06808
1.03957
4.14072
2.24878
1.91316
1.78751
1.67627
1.58977
1.5182
1.45599
1.4018
1.35412
1.3115
1.27187
1.23353
1.19621
1.16093
1.12777
1.09635
1.06648
1.03793
3.84081
2.17952
1.90381
1.78103
1.67176
1.58767
1.5172
1.45661
1.40346
1.35394
1.30437
1.25404
1.20803
1.17624
1.15201
1.12853
1.10659
1.08597
1.06619
15.1359
23.2871
32.5553
42.4336
52.3366
61.7487
70.2538
77.558
83.4934
88.0003
91.1611
93.4557
94.9501
95.7917
96.2159
96.4733
96.6288
96.7449
97.0927
97.2716
95.4295
63.2427
78.3
91.0514
101.235
108.642
113.501
116.233
117.426
117.6
117.389
116.979
116.344
115.594
114.829
114.125
113.531
113.08
112.81
112.645
112.53
112.469
108.709
118.796
125.15
128.706
130.41
131.034
131.049
130.649
129.754
128.196
126.182
123.851
121.381
118.959
116.756
114.916
113.554
112.711
112.3
112.137
112.055
136.776
142.468
146.437
149.345
151.359
152.361
152.212
150.891
148.525
145.241
141.197
136.597
131.692
126.778
122.176
118.219
115.2
113.282
112.357
112.028
111.915
159.181
165.551
170.813
174.706
177.026
177.733
176.89
174.586
170.905
165.959
159.905
152.958
145.407
137.628
130.09
123.342
117.95
114.342
112.546
111.956
111.75
183.976
191.95
198.127
202.371
204.7
205.156
203.773
200.601
195.707
189.195
181.215
171.978
161.78
151.033
140.302
130.331
121.991
116.081
112.95
111.951
111.632
210.731
219.665
226.434
231.054
233.518
233.806
231.919
227.898
221.814
213.776
203.936
192.507
179.777
166.159
152.251
138.914
127.282
118.573
113.612
111.998
111.547
237.993
247.85
255.396
260.55
263.222
263.352
260.936
256.017
248.682
239.068
227.355
213.771
198.611
182.271
165.336
148.696
133.647
121.804
114.584
112.092
111.471
265.503
276.564
285.092
290.892
293.817
293.78
290.771
284.848
276.135
264.818
251.128
235.34
217.77
198.816
179.026
159.252
140.838
125.689
115.871
112.232
111.401
293.447
305.978
315.666
322.229
325.458
325.23
321.533
314.456
304.18
290.966
275.126
257.004
236.968
215.431
192.914
170.199
148.579
130.113
117.457
112.416
111.338
322.005
336.256
347.308
354.776
358.367
357.913
353.403
344.974
332.894
317.531
299.308
278.667
256.049
231.898
206.721
181.227
156.604
134.925
119.31
112.638
111.281
351.313
367.572
380.236
388.781
392.8
392.068
386.585
376.558
362.375
344.552
323.663
300.277
274.92
248.082
220.264
192.112
164.686
139.972
121.383
112.894
111.227
381.495
400.101
414.67
424.488
429.008
427.934
421.283
409.359
392.717
372.068
348.181
321.785
293.511
263.892
233.426
202.698
172.649
145.112
123.621
113.176
111.178
412.654
433.994
450.794
462.105
467.202
465.702
457.651
443.488
423.98
400.093
372.839
343.14
311.752
279.254
246.121
212.881
180.362
150.221
125.967
113.477
111.131
444.854
469.345
488.729
501.769
507.516
505.487
495.771
478.984
456.166
428.596
397.582
364.276
329.574
294.096
258.284
222.587
187.729
155.197
128.363
113.79
111.087
478.096
506.174
528.512
543.522
549.989
547.304
535.624
515.792
489.193
457.485
422.317
385.104
346.894
308.35
269.857
231.762
194.684
159.959
130.757
114.108
111.046
512.304
544.409
570.079
587.305
594.546
591.057
577.082
553.757
522.892
486.593
446.899
405.507
363.622
321.942
280.784
240.365
201.182
164.445
133.099
114.423
111.006
547.324
583.885
613.258
632.937
640.996
636.523
619.892
592.609
556.996
515.682
471.134
425.337
379.651
334.798
291.013
248.358
207.188
168.608
135.345
114.73
110.968
582.917
624.334
657.762
680.116
689.009
683.347
663.674
631.96
591.143
544.44
494.773
444.415
394.86
346.84
300.492
255.709
212.68
172.415
137.458
115.021
110.93
618.758
665.38
703.178
728.397
738.116
731.027
707.907
671.303
624.874
572.485
517.525
462.536
409.115
357.983
309.171
262.387
217.636
175.84
139.404
115.291
110.894
654.431
706.533
748.956
777.19
787.686
778.903
751.923
710.007
657.642
599.378
539.064
479.473
422.272
368.143
316.998
268.361
222.041
178.864
141.154
115.534
110.859
689.412
747.172
794.4
825.738
836.92
826.145
794.904
747.322
688.82
624.634
559.036
494.988
434.181
377.231
323.925
273.602
225.875
181.475
142.683
115.745
110.825
723.061
786.528
838.633
873.079
884.793
871.72
835.879
782.395
717.719
647.734
577.076
508.837
444.69
385.16
329.901
278.081
229.122
183.658
143.967
115.92
110.791
754.664
823.7
880.584
918.002
930.013
914.365
873.727
814.289
743.611
668.152
592.821
520.781
453.65
391.841
334.878
281.769
231.763
185.404
144.986
116.055
110.757
783.499
857.71
919.018
959.062
971.031
952.598
907.21
842.027
765.768
685.372
605.922
530.594
460.919
397.191
338.806
284.634
233.776
186.697
145.721
116.145
110.724
808.877
887.635
952.708
994.7
1006.14
984.845
935.058
864.656
783.506
698.922
616.064
538.07
466.368
401.129
341.637
286.644
235.137
187.524
146.154
116.185
110.69
830.15
912.451
980.201
1023.33
1033.32
1009.65
956.098
881.324
796.234
708.4
622.979
543.033
469.88
403.582
343.322
287.764
235.82
187.866
146.273
116.171
110.657
846.755
931.685
1001.83
1042.96
1049.98
1025.88
969.411
891.37
803.498
713.497
626.458
545.342
471.361
404.481
343.811
287.957
235.793
187.699
146.072
116.084
110.624
858.295
944.579
1014.64
1049.57
1055.19
1032.94
974.431
894.385
805.018
714.018
626.362
544.895
470.733
403.767
343.058
287.184
235.028
187.005
145.55
115.888
110.59
864.416
950.459
1019.28
1051
1053.92
1030.96
970.967
890.237
800.7
709.89
622.627
541.635
467.942
401.39
341.016
285.404
233.483
185.75
144.692
115.59
110.556
865.007
949.274
1015.74
1047.58
1049.36
1020.59
959.161
878.981
790.604
701.149
615.264
535.551
462.961
397.311
337.639
282.567
231.113
183.896
143.477
115.188
110.521
860.082
941.086
1003.78
1035.96
1035.68
1001.11
939.444
861.076
775.023
687.974
604.373
526.683
455.788
391.501
332.882
278.621
227.868
181.402
141.874
114.679
110.486
849.829
926.245
983.834
1012.79
1008.65
972.946
912.762
837.179
754.399
670.657
590.129
515.119
446.451
383.943
326.701
273.509
223.694
178.232
139.869
114.07
110.45
834.599
905.351
956.897
981.022
973.991
938.158
880.144
808.066
729.309
649.591
572.779
500.995
435.002
374.636
319.056
267.173
218.534
174.348
137.45
113.373
110.411
814.871
879.186
924.181
943.107
933.545
898.09
842.732
774.645
700.422
625.244
552.626
484.485
421.522
363.591
309.911
259.555
212.334
169.714
134.608
112.607
110.37
791.215
848.625
886.92
900.827
889.025
854.195
801.705
737.848
668.451
598.133
530.016
465.797
406.112
350.83
299.236
250.599
205.046
164.31
131.353
111.804
110.326
764.246
814.559
846.278
855.488
841.734
807.689
758.139
698.581
634.119
568.796
505.319
445.16
388.893
336.387
287.004
240.26
196.638
158.136
127.722
111
110.278
734.599
777.856
803.314
808.245
792.81
759.643
713.006
657.691
598.122
537.765
478.908
422.816
369.998
320.303
273.197
228.509
187.108
151.234
123.793
110.213
110.238
702.898
739.327
758.961
760.04
743.186
710.957
667.155
615.944
561.103
505.532
451.137
399.003
349.558
302.621
257.812
215.35
176.506
143.702
119.712
109.551
110.278
669.729
699.693
714.004
711.67
693.646
662.399
621.321
574.004
523.613
472.53
422.331
373.947
327.7
283.383
240.873
200.85
164.963
135.735
115.759
109.136
110.397
635.622
659.568
669.084
663.767
644.814
614.588
576.101
532.404
486.095
439.109
392.769
347.845
304.524
262.642
222.463
185.18
152.745
127.671
112.507
109.058
110.621
601.034
619.468
624.7
616.819
597.177
568.005
531.942
491.527
448.865
405.544
362.677
320.848
280.111
240.486
202.782
168.688
140.318
120.066
110.062
108.972
110.987
566.353
579.796
581.265
571.218
551.102
522.983
489.121
451.595
412.125
372.03
332.22
293.045
254.531
217.107
182.234
151.978
128.429
113.72
108.72
109.141
111.583
531.884
540.859
539.052
527.206
506.792
479.671
447.736
412.699
375.99
338.695
301.475
264.471
227.92
192.924
161.545
136.002
118.173
109.809
108.57
109.97
112.389
497.844
502.849
498.219
484.889
464.29
438.046
407.752
374.846
340.515
305.577
270.429
235.178
200.641
168.746
141.893
122.144
111.149
108.312
109.578
111.688
113.278
464.351
465.851
458.794
444.22
423.468
397.962
369.073
338.008
305.678
272.606
239.034
205.423
173.535
145.936
124.943
112.244
108.217
109.546
112.156
113.986
114.208
431.42
429.824
420.655
404.999
384.108
359.254
331.61
302.107
271.351
239.649
207.413
175.993
148.151
126.501
112.842
108.174
109.635
113.265
116.478
117.058
115.246
398.969
394.613
383.579
366.99
346.028
321.806
295.24
266.951
237.324
206.724
176.27
148.593
126.852
112.909
107.991
109.751
114.797
120.518
123.014
121.006
116.358
366.877
360.039
347.385
330.062
309.13
285.477
259.719
232.267
203.548
174.452
147.382
125.959
112.448
107.673
109.88
116.544
125.389
131.517
131.444
125.532
117.66
335.057
326.021
312.031
294.155
273.252
249.974
224.715
197.993
170.643
144.677
123.938
111.504
107.348
110.044
118.262
130.17
140.872
145.209
140.823
130.137
118.848
303.543
292.609
277.487
259.071
238.059
214.948
190.19
164.871
140.554
120.951
110.133
106.999
110.17
119.736
134.096
149.074
159.148
159.747
149.986
134.287
119.753
272.449
259.756
243.484
224.423
203.264
180.458
157.11
135.149
117.091
108.31
106.565
110.216
120.854
136.689
154.548
169.873
177.191
172.81
157.601
137.471
120.322
241.625
227.083
209.644
190.096
169.219
147.744
128.268
112.977
105.995
105.993
110.371
121.694
137.789
156.374
174.776
188.364
191.78
182.193
162.527
139.352
120.544
210.583
194.397
176.187
156.913
137.607
120.226
108.64
103.992
105.168
111.117
122.764
137.608
154.577
172.787
189.964
200.806
201.155
186.476
163.856
139.405
120.626
179.507
162.612
144.36
127.179
112.388
104.353
102.543
104.882
112.42
123.923
136.392
149.603
165.156
181.761
196.303
204.752
198.448
183.648
161.126
137.425
120.703
150.324
133.418
116.713
105.629
100.815
101.537
105.874
114.885
125.708
134.382
142.85
153.849
167.46
180.611
190.167
193.287
187.875
174.166
154.26
133.664
120.782
125.017
108.714
99.6136
98.6965
101.794
109.16
118.883
127.434
131.971
135.141
141.996
150.668
159.956
168.514
174.298
175.297
170.334
159.334
144.104
128.96
120.866
103.57
94.7576
97.2267
105.762
115.691
124.614
127.612
127.744
129.188
131.999
135.764
140.535
145.627
150.101
152.857
152.833
149.341
142.362
133.199
124.717
120.966
87.6138
97.5448
111.029
124.504
126.401
125.764
125.522
125.534
125.807
126.492
127.651
129.195
130.9
132.401
133.253
133.05
131.512
128.671
125.12
122.136
121.09
82.406
125.601
125.313
124.876
124.718
124.469
124.246
124.045
123.862
123.704
123.569
123.45
123.343
123.242
123.144
123.039
122.837
122.477
122.046
121.77
121.782
3.634
2.14272
1.89998
1.77698
1.66968
1.58738
1.51808
1.45784
1.40201
1.34766
1.29957
1.27342
1.27973
1.36851
1.60881
2.1337
3.19138
5.23394
8.97911
3.49209
2.12222
1.89939
1.77512
1.6698
1.58902
1.5202
1.45772
1.39708
1.34395
1.32212
1.38529
1.66758
2.37881
4.19943
8.73739
17.6387
30.6158
46.5716
3.39392
2.11133
1.90098
1.77542
1.67202
1.59201
1.52089
1.4517
1.38734
1.35759
1.43372
1.78751
3.01457
7.25581
17.1019
33.3334
53.8442
74.9305
93.9833
3.32355
2.10639
1.90423
1.77773
1.67595
1.59505
1.51884
1.44483
1.39374
1.39603
1.55714
3.22894
9.49391
23.5566
45.0634
70.3827
94.6157
114.116
127.926
3.27156
2.10544
1.90892
1.78188
1.68094
1.59671
1.51348
1.44019
1.4174
1.53171
2.62049
9.47716
25.4123
50.224
79.27
106.229
127.095
141.536
151.548
3.2326
2.10739
1.91493
1.78757
1.68618
1.5969
1.5096
1.44944
1.45634
1.63159
6.86991
22.5756
48.5822
80.5631
110.922
134.544
151.256
163.779
174.485
3.2034
2.11159
1.92218
1.79446
1.69129
1.59629
1.50879
1.47171
1.55549
3.53395
16.0875
41.0361
74.5912
108.81
136.593
156.797
172.53
186.609
199.582
3.18181
2.11764
1.93057
1.8022
1.69589
1.59572
1.5167
1.49957
1.62452
8.09064
29.3319
62.1401
99.576
132.581
157.426
176.809
194.349
210.907
225.679
3.16631
2.12523
1.94
1.81055
1.70035
1.59687
1.52867
1.56716
2.73206
15.8448
45.0297
83.3224
121.558
152.282
175.944
196.909
217.092
235.689
251.9
3.15579
2.13416
1.95032
1.81931
1.70509
1.60227
1.55377
1.61975
5.33881
25.9437
61.5666
102.936
140.27
169.407
193.921
217.518
240.063
260.373
278.204
3.1494
2.14423
1.96143
1.82855
1.7109
1.61093
1.57879
1.66784
9.50748
37.2768
77.7106
120.314
156.353
185.29
211.968
238.232
262.794
284.948
304.79
3.14648
2.15531
1.97324
1.83809
1.71696
1.62625
1.6219
2.06204
15.155
48.9766
92.7252
135.469
170.649
200.672
230.006
258.652
285.211
309.575
331.812
3.14651
2.16729
1.98566
1.84816
1.72522
1.6419
1.66032
3.10449
21.8426
60.4172
106.298
148.739
183.825
215.785
247.772
278.613
307.403
334.377
359.363
3.14903
2.18005
1.99865
1.85887
1.73562
1.66243
1.69177
4.73794
28.8913
71.2187
118.397
160.527
196.278
230.588
265.057
298.104
329.459
359.406
387.5
3.15369
2.19351
2.01216
1.87033
1.74797
1.68491
1.72233
6.86389
35.9217
81.1818
129.134
171.179
208.182
244.956
281.756
317.158
351.411
384.666
416.25
3.16022
2.20759
2.02617
1.88259
1.76194
1.70792
1.75301
9.36478
42.6962
90.2295
138.666
180.935
219.573
258.766
297.829
335.795
373.239
410.124
445.595
3.16837
2.22223
2.04066
1.89567
1.77727
1.73139
1.78376
12.1222
49.0675
98.3655
147.157
189.947
230.425
271.932
313.261
354
394.887
435.707
475.462
3.17796
2.23737
2.05563
1.90959
1.79349
1.75388
1.81398
15.015
54.9518
105.635
154.752
198.305
240.696
284.402
328.039
371.727
416.264
461.304
505.716
3.1888
2.25297
2.07104
1.92404
1.81096
1.78076
1.96389
17.9886
60.3117
112.104
161.567
206.06
250.351
296.149
342.139
388.906
437.257
486.76
536.157
3.20074
2.26899
2.08686
1.93893
1.83089
1.81058
2.2073
20.8392
65.1406
117.841
167.691
213.234
259.359
307.151
355.526
405.451
457.727
511.878
566.524
3.21367
2.2854
2.10307
1.95449
1.84995
1.83682
2.51239
23.4828
69.4478
122.91
173.189
219.835
267.699
317.394
368.153
421.258
477.509
536.418
596.486
3.22748
2.30215
2.11967
1.97072
1.86901
1.86109
2.85154
25.884
73.2523
127.364
178.106
225.863
275.353
326.852
379.951
436.19
496.388
560.069
625.627
3.24208
2.31923
2.13663
1.98756
1.88828
1.88463
3.20164
28.0271
76.5775
131.252
182.476
231.314
282.302
335.493
390.839
450.099
514.124
582.473
653.449
3.2574
2.33662
2.15394
2.00494
1.90778
1.90781
3.54375
29.9057
79.4476
134.613
186.322
236.182
288.533
343.289
400.746
462.847
530.489
603.273
679.429
3.27336
2.35428
2.17158
2.02279
1.92748
1.93074
3.86281
31.5192
81.886
137.481
189.663
240.467
294.038
350.216
409.609
474.31
545.269
622.127
703.058
3.28991
2.37222
2.18954
2.04106
1.94734
1.95349
4.14719
32.8703
83.9145
139.885
192.514
244.168
298.813
356.256
417.373
484.38
558.27
638.721
723.853
3.30702
2.39041
2.2078
2.05971
1.96736
1.97608
4.3883
33.9641
85.5528
141.846
194.886
247.288
302.858
361.393
423.992
492.961
569.325
652.776
741.387
3.32464
2.40885
2.22635
2.07871
1.98746
1.99855
4.58023
34.807
86.8183
143.386
196.791
249.831
306.173
365.615
429.43
499.978
578.294
664.064
755.285
3.34277
2.42752
2.24517
2.09802
2.00806
2.02091
4.71932
35.406
87.7267
144.521
198.238
251.802
308.764
368.919
433.66
505.374
585.075
672.404
765.262
3.36137
2.44643
2.26427
2.11763
2.02885
2.04318
4.80398
35.7685
88.2908
145.263
199.236
253.208
310.634
371.301
436.668
509.112
589.594
677.673
771.117
3.38037
2.46558
2.28364
2.13754
2.04973
2.06536
4.83413
35.9023
88.5254
145.626
199.793
254.054
311.792
372.763
438.448
511.173
591.813
679.802
772.765
3.39983
2.48492
2.30326
2.15773
2.07073
2.08739
4.83987
35.8049
88.4265
145.61
199.917
254.348
312.244
373.314
439.001
511.556
591.732
678.804
770.208
3.41931
2.5049
2.32306
2.17817
2.09186
2.10925
4.8248
35.4836
88.0014
145.215
199.614
254.103
311.996
372.958
438.343
510.283
589.383
674.728
763.544
3.43882
2.52559
2.34301
2.19887
2.11313
2.13097
4.79063
34.9488
87.2577
144.445
198.886
253.327
311.055
371.708
436.495
507.388
584.825
667.681
752.968
3.45835
2.54696
2.36313
2.21983
2.13455
2.15255
4.73907
34.2128
86.2017
143.304
197.738
252.027
309.43
369.577
433.486
502.922
578.149
657.823
738.76
3.47793
2.56901
2.38342
2.24104
2.15611
2.17403
4.67199
33.2893
84.8397
141.794
196.172
250.21
307.132
366.584
429.349
496.95
569.47
645.356
721.267
3.49757
2.59172
2.40388
2.26251
2.17784
2.1954
4.59136
32.1934
83.1777
139.917
194.189
247.883
304.173
362.746
424.124
489.549
558.927
630.521
700.884
3.51727
2.61509
2.42453
2.28422
2.19975
2.21668
4.49929
30.9416
81.2221
137.673
191.789
245.052
300.567
358.084
417.854
480.808
546.677
613.579
678.036
3.53704
2.63912
2.44537
2.3062
2.22184
2.2379
4.39791
29.5519
78.9805
135.063
188.97
241.723
296.327
352.622
410.585
470.822
532.889
594.814
653.16
3.55689
2.66384
2.46643
2.32843
2.24413
2.25907
4.28939
28.0433
76.4619
132.086
185.732
237.902
291.47
346.383
402.368
459.69
517.742
574.512
626.685
3.57684
2.68925
2.48771
2.35092
2.26663
2.28021
4.1759
26.4366
73.678
128.743
182.07
233.594
286.013
339.394
393.251
447.512
501.412
552.953
599.014
3.59689
2.71535
2.50922
2.37366
2.28937
2.30134
4.05954
24.7535
70.6432
125.035
177.982
228.805
279.974
331.684
383.284
434.384
484.07
530.401
570.517
3.61706
2.74215
2.53098
2.39667
2.31236
2.32248
3.94237
23.0168
67.3759
120.965
173.465
223.539
273.371
323.283
372.516
420.395
465.87
507.091
541.513
3.63735
2.76965
2.553
2.41992
2.33561
2.34365
3.8263
21.2503
63.8987
116.541
168.516
217.798
266.224
314.224
360.992
405.622
446.943
483.225
512.268
3.65778
2.79786
2.5753
2.44344
2.35914
2.36489
3.71311
19.4778
60.2392
111.774
163.135
211.585
258.552
304.542
348.761
390.131
427.395
458.957
482.982
3.67835
2.82677
2.59788
2.46721
2.38297
2.38621
3.60439
17.7235
56.4293
106.68
157.324
204.903
250.374
294.276
335.869
373.98
407.302
434.396
453.78
3.69908
2.85638
2.62077
2.49123
2.40711
2.40765
3.50154
16.0113
52.5115
101.284
151.089
197.755
241.708
283.464
322.366
357.217
386.719
409.596
424.711
3.71997
2.88668
2.64396
2.5155
2.43157
2.42924
3.40573
14.3622
48.5079
95.6188
144.444
190.145
232.573
272.147
308.305
339.899
365.687
384.579
395.756
3.74104
2.91763
2.66748
2.54001
2.45636
2.451
3.31787
12.8186
44.447
89.7236
137.413
182.084
222.985
260.366
293.751
322.088
344.252
359.352
366.867
3.76229
2.94923
2.69133
2.56476
2.48149
2.47298
3.23863
11.4161
40.3884
83.6476
130.034
173.593
212.965
248.166
278.773
303.867
322.48
333.943
338.01
3.78372
2.98135
2.71549
2.58973
2.50696
2.49519
3.16846
10.1645
36.4009
77.4536
122.355
164.704
202.541
235.59
263.446
285.33
300.466
308.423
309.209
3.80536
3.01432
2.74009
2.61492
2.53277
2.51767
3.10756
9.06339
32.5538
71.2184
114.448
155.467
191.75
222.688
247.847
266.583
278.325
282.889
280.578
3.82719
3.04779
2.76517
2.64032
2.5589
2.54043
3.05594
8.10707
28.9112
65.0313
106.4
145.959
180.652
209.519
232.054
247.722
256.165
257.442
252.201
3.84923
3.08154
2.79075
2.66593
2.58534
2.56351
3.01338
7.28669
25.5277
58.9901
98.3224
136.282
169.334
196.163
216.149
228.837
234.058
232.177
223.849
3.87148
3.11544
2.8168
2.69173
2.61208
2.5869
2.97952
6.59143
22.4458
53.1954
90.3424
126.57
157.924
182.733
200.234
210.002
212.117
206.873
194.998
3.89394
3.14938
2.84329
2.71772
2.63908
2.61063
2.95385
6.00917
19.6935
47.7431
82.6015
116.987
146.587
169.39
184.466
191.355
190.397
181.112
166.348
3.9166
3.18325
2.87018
2.74389
2.66632
2.63469
2.93575
5.52729
17.2829
42.7164
75.2442
107.718
135.537
156.364
169.044
173.276
168.645
155.984
140.767
3.93947
3.21694
2.89741
2.77021
2.69376
2.65907
2.92455
5.13312
15.2118
38.1802
68.4075
98.9623
125.022
143.949
154.395
155.807
147.886
135.106
120.211
3.9625
3.25034
2.9249
2.79667
2.72137
2.68375
2.91951
4.81459
13.4632
34.1702
62.2004
90.9014
115.296
132.458
141.192
139.194
132.128
120.484
102.871
3.98612
3.28334
2.95259
2.82325
2.74912
2.70876
2.92005
4.56012
12.0197
30.7183
56.7313
83.7268
106.647
122.324
129.645
126.235
124.558
109.224
88.2033
4.00474
3.31241
2.9774
2.84704
2.77395
2.73101
2.9239
4.3825
10.9414
28.0519
52.4376
78.0707
99.8745
114.644
120.137
121.285
122.885
100.021
81.6517
4.02317
3.33768
2.99925
2.868
2.79582
2.75179
2.93028
4.25264
10.1566
26.0532
49.18
73.7858
94.8169
109.305
112.7
124.179
122.665
94.4767
80.1458
4.04141
3.36264
3.02112
2.889
2.81771
2.77255
2.93899
4.14691
9.50048
24.344
46.3756
70.1241
90.5973
105.087
108.491
131.428
122.945
95.378
79.9619
79.9042
79.3414
79.029
78.8837
78.7773
78.6836
78.5886
78.4857
78.372
78.2474
78.1141
77.9768
77.8432
77.7242
77.6139
77.4846
77.352
78.3503
81.6049
95.1913
151.29
97.7401
95.5804
94.1498
93.6678
93.3102
92.9828
92.5362
91.9082
91.0604
89.9769
88.6561
87.1105
85.372
83.5162
81.6462
79.8547
78.2215
76.9441
76.5474
76.6876
78.5438
131.438
128.896
127.644
127.222
126.887
126.373
125.444
123.969
121.867
119.1
115.656
111.553
106.837
101.591
95.9623
90.201
84.7182
80.1063
77.0255
75.875
75.6381
170.893
170.749
171.17
171.723
171.918
171.48
170.141
167.732
164.149
159.338
153.289
146.026
137.615
128.174
117.907
107.163
96.5414
86.9905
79.8008
76.2097
75.3228
212.525
216.431
219.711
222.13
223.42
223.384
221.784
218.45
213.28
206.232
197.316
186.587
174.152
160.175
144.912
128.777
112.468
97.1475
84.607
77.155
75.1862
255.037
263.857
270.798
275.756
278.65
279.35
277.652
273.411
266.55
257.061
245.002
230.493
213.72
194.936
174.482
152.841
130.767
109.519
91.193
78.8724
75.0716
297.873
312.104
323.273
331.319
336.273
338.022
336.397
331.292
322.664
310.554
295.087
276.474
255.013
231.09
205.188
177.904
150.055
122.929
98.7663
81.2621
74.9748
340.603
360.513
376.287
387.842
395.221
398.295
396.915
391.013
380.59
365.745
346.682
323.713
297.268
267.897
236.265
203.153
169.502
136.619
106.749
84.0456
74.8897
382.857
408.546
429.156
444.533
454.626
459.257
458.278
451.648
439.419
421.763
398.978
371.491
339.872
304.837
267.253
228.133
188.619
150.11
114.799
87.0329
74.8129
424.309
455.806
481.415
500.864
513.923
520.32
519.876
512.56
498.489
477.928
451.301
419.177
382.27
341.46
297.809
252.569
207.145
163.112
122.646
90.0931
74.7423
464.7
502.023
532.8
556.565
572.847
581.223
581.435
573.443
557.438
533.82
503.184
466.281
423.999
377.375
327.642
276.269
224.938
175.486
130.141
93.1314
74.6763
503.845
547.033
583.18
611.537
631.336
641.929
642.916
634.226
616.139
589.236
554.35
512.476
464.716
412.27
356.51
299.077
241.916
187.169
137.206
96.0866
74.6139
541.61
590.738
632.489
665.76
689.418
702.498
704.387
694.956
674.59
644.108
604.658
557.562
504.185
445.911
384.221
320.874
258.026
198.139
143.807
98.9198
74.5543
577.897
633.06
680.674
719.22
747.117
762.986
765.92
755.692
732.816
698.41
654.032
601.413
542.251
478.134
410.635
341.568
273.233
208.395
149.935
101.607
74.4971
612.618
673.914
727.655
771.856
804.4
823.386
827.522
816.438
790.797
752.095
702.398
643.938
578.807
508.827
435.65
361.089
287.514
217.947
155.597
104.136
74.4417
645.669
713.183
773.298
823.528
861.139
883.591
889.1
877.102
848.433
805.054
749.648
685.037
613.766
537.913
459.2
379.393
300.855
226.808
160.804
106.498
74.3878
676.923
750.705
817.402
874.011
917.1
943.379
950.447
937.48
905.52
857.092
795.613
724.584
647.04
565.329
481.237
396.447
313.249
234.993
165.573
108.691
74.3352
706.218
786.265
859.691
922.977
971.936
1002.4
1011.23
997.246
961.74
907.918
840.059
762.413
678.527
591.019
501.73
412.235
324.695
242.518
169.921
110.714
74.2838
733.36
819.598
899.815
970.001
1025.17
1060.18
1070.97
1055.94
1016.66
957.146
882.68
798.314
708.108
614.924
520.653
426.748
335.195
249.4
173.868
112.57
74.2333
758.123
850.387
937.35
1014.56
1076.22
1116.11
1129.09
1113
1069.72
1004.29
923.1
832.035
735.636
636.978
537.984
439.984
344.758
255.655
177.431
114.26
74.1837
780.254
878.272
971.807
1056.02
1124.36
1169.44
1184.86
1167.7
1120.24
1048.78
960.892
863.289
760.949
657.107
553.707
451.951
353.401
261.305
180.629
115.79
74.1348
799.494
902.867
1002.65
1093.69
1168.78
1219.32
1237.44
1219.23
1167.46
1089.98
995.607
891.795
783.897
675.26
567.826
462.674
361.148
266.37
183.482
117.164
74.0865
815.59
923.776
1029.29
1126.8
1208.52
1264.73
1285.83
1266.64
1210.51
1127.24
1026.82
917.335
804.407
691.447
580.385
472.201
368.035
270.874
186.006
118.387
74.0388
828.31
940.634
1051.18
1154.53
1242.53
1304.41
1328.72
1308.75
1248.49
1159.95
1054.2
939.752
822.44
705.698
591.441
480.583
374.096
274.84
188.219
119.464
73.9916
837.467
953.147
1067.86
1176.23
1269.95
1337.3
1364.32
1343.97
1280.62
1187.62
1077.45
958.891
837.92
717.99
601.009
487.849
379.355
278.283
190.132
120.398
73.9448
842.94
961.125
1079.04
1191.44
1289.87
1360.34
1386.2
1369.62
1306.15
1209.83
1096.29
974.564
850.737
728.274
609.08
494.009
383.825
281.214
191.755
121.193
73.8985
844.664
964.474
1084.54
1199.81
1301.66
1373.85
1399.22
1386.06
1324.31
1226.11
1110.4
986.553
860.753
736.473
615.621
499.056
387.509
283.638
193.093
121.848
73.8525
842.626
963.168
1084.29
1201.09
1305.02
1379.48
1409.6
1394.6
1334.46
1235.97
1119.45
994.635
867.819
742.492
620.578
502.962
390.394
285.547
194.144
122.362
73.8066
836.822
957.23
1078.32
1195.32
1299.91
1375.96
1408.67
1395.12
1336.16
1239
1123.16
998.612
871.79
746.233
623.889
505.693
392.461
286.931
194.906
122.733
73.7602
827.246
946.676
1066.68
1182.6
1286.4
1362.91
1399.27
1387.84
1328.96
1234.93
1121.33
998.329
872.545
747.601
625.489
507.208
393.685
287.774
195.371
122.957
73.7137
813.906
931.548
1049.46
1163.09
1264.75
1340.53
1377.89
1367.9
1312.72
1223.74
1113.83
993.676
869.988
746.511
625.308
507.457
394.033
288.054
195.528
123.027
73.6673
796.852
911.957
1026.86
1137.13
1235.47
1309.42
1346.83
1339.64
1289.39
1205.69
1100.74
984.639
864.07
742.893
623.278
506.389
393.469
287.746
195.363
122.945
73.6207
776.173
888.091
999.214
1105.26
1199.37
1270.61
1307.67
1303.31
1258.39
1181.09
1082.23
971.27
854.773
736.701
619.339
503.95
391.953
286.821
194.858
122.722
73.555
752.002
860.195
966.926
1068.13
1157.42
1225.31
1261.73
1260.15
1220.87
1150.55
1058.6
953.689
842.117
727.902
613.436
500.081
389.439
285.25
193.996
122.354
73.463
724.496
828.552
930.454
1026.41
1110.57
1174.76
1210.3
1211.38
1177.75
1114.71
1030.24
932.072
826.149
716.475
605.514
494.719
385.871
282.995
192.756
121.83
73.3418
693.84
793.462
890.263
980.761
1059.7
1120.11
1154.62
1158.15
1130.03
1074.31
997.583
906.633
806.945
702.411
595.521
487.795
381.188
280.013
191.114
121.141
73.1902
660.24
755.23
846.806
931.809
1005.61
1062.29
1095.71
1101.46
1078.58
1030
961.063
877.612
784.598
685.712
583.406
479.239
375.324
276.256
189.043
120.276
73.0057
623.918
714.158
800.505
880.106
948.954
1002.08
1034.38
1042.11
1024.12
982.372
921.107
845.262
759.22
666.391
569.122
468.978
368.213
271.676
186.513
119.222
72.7856
585.106
670.544
751.741
826.132
890.283
940.059
971.268
980.741
967.225
931.943
878.11
809.835
730.933
644.469
552.621
456.937
359.784
266.224
183.495
117.963
72.5267
544.022
624.68
700.86
770.289
830.043
876.712
906.864
917.833
908.37
879.121
832.414
771.569
699.861
619.969
533.857
443.038
349.967
259.849
179.958
116.486
72.2255
500.854
576.831
648.175
712.912
768.582
812.383
841.522
853.769
847.932
824.243
784.299
730.677
666.122
592.914
512.783
427.201
338.688
252.504
175.874
114.776
71.8779
455.747
527.216
593.956
654.29
706.178
747.337
775.506
788.828
786.206
767.587
733.995
687.334
629.812
563.322
489.355
409.351
325.879
244.144
171.221
112.82
71.479
408.842
475.985
538.406
594.648
643.05
681.778
709.012
723.223
723.428
709.39
681.701
641.685
591.017
531.206
463.532
389.425
311.482
234.738
165.983
110.609
71.0223
360.393
423.267
481.641
534.128
579.349
615.85
642.188
657.12
659.789
649.856
627.595
593.849
549.787
496.561
435.282
367.388
295.469
224.271
160.15
108.133
70.5048
310.936
369.302
423.752
472.775
515.12
549.606
575.103
590.615
595.417
589.128
571.8
543.897
506.141
459.378
404.595
343.241
277.844
212.743
153.715
105.379
69.9211
261.475
314.687
365.004
410.652
450.334
482.995
507.714
523.696
530.338
527.265
514.38
491.865
460.094
419.678
371.517
317.043
258.651
200.17
146.673
102.335
69.2647
213.548
260.61
306.146
348.133
385.107
415.989
439.936
456.277
464.501
464.259
455.368
437.807
411.721
377.574
336.195
288.946
237.997
186.598
139.033
98.9948
68.5287
169.058
208.912
248.68
286.281
320.099
348.943
371.937
388.435
397.96
400.197
394.901
381.913
361.273
333.367
298.945
259.227
216.072
172.111
130.817
95.3528
67.7053
129.856
161.819
194.843
227.075
256.91
283.076
304.624
320.862
331.298
335.595
333.5
324.753
309.366
287.673
260.321
228.326
193.168
156.852
122.057
91.3925
66.7793
97.2137
121.35
147.133
173.172
198.094
220.697
240.014
255.31
266.057
271.874
272.482
267.582
257.173
241.535
221.178
196.867
169.673
141.006
112.792
87.0894
65.7238
71.4266
88.6509
107.502
127.134
146.565
164.83
181.072
194.592
204.858
211.464
214.055
212.399
206.468
196.447
182.68
165.664
146.078
124.8
103.079
82.4169
64.492
51.8079
63.6181
76.6402
90.4676
104.534
118.198
130.829
141.867
150.847
157.381
161.107
161.837
159.529
154.269
146.236
135.689
122.971
108.519
92.9913
77.3478
63.0098
37.0895
45.0843
53.7902
63.0479
72.5941
82.0882
91.1553
99.4296
106.578
112.287
116.279
118.385
118.567
116.847
113.287
107.973
101.006
92.4984
82.6414
71.8702
61.2217
26.0086
31.4556
37.2609
43.3446
49.5945
55.8609
61.9664
67.7236
72.9422
77.4244
81.0051
83.5798
85.1026
85.5743
85.0153
83.4401
80.83
77.1178
72.1914
66.0315
59.2413
17.7207
21.4011
25.2916
29.314
33.3984
37.4748
41.4697
45.3063
48.8985
52.1565
55.0106
57.4207
59.3764
60.8908
61.9874
62.6827
62.962
62.7434
61.8322
59.9274
57.317
11.822
14.1608
16.6829
19.3116
21.9832
24.6472
27.2643
29.8014
32.2248
34.507
36.6355
38.6149
40.4697
42.2424
43.9902
45.7774
47.6606
49.6615
51.7068
53.553
55.1105
8.06747
9.36932
10.8409
12.4301
14.0878
15.7732
17.4562
19.1144
20.7315
22.3021
23.8343
25.351
26.8928
28.5202
30.3177
32.3978
34.9062
38.0211
41.9339
46.7163
52.4349
6.06046
6.6517
7.36771
8.18726
9.08505
10.0365
11.0217
12.0252
13.0372
14.0574
15.0961
16.1769
17.3396
18.6449
20.1831
22.0876
24.5603
27.9094
32.6275
39.4396
49.4743
5.26209
5.43468
5.66972
5.97213
6.34405
6.78236
7.26603
7.78505
8.3348
8.91667
9.53936
10.2212
10.9932
11.9051
13.0353
14.5083
16.5344
19.463
24.0239
31.3166
45.1372
5.11227
5.17614
5.2486
5.31771
5.3898
5.48543
5.60844
5.75994
5.94173
6.15827
6.41803
6.73537
7.13761
7.66032
8.35188
9.30679
10.7056
12.841
16.5116
22.7898
41.1021
4.06479
3.39062
3.04596
2.9129
2.84263
2.79601
2.95242
4.05086
8.89932
22.7466
43.7504
66.7545
86.8801
101.761
106.632
141.153
129.535
106.337
86.3654
4.08883
3.42136
3.07369
2.9397
2.87055
2.82156
2.96944
3.97238
8.36476
21.3032
41.3883
63.8003
83.8224
99.2798
108.609
150.729
142.421
126.703
108.112
4.11289
3.45144
3.10127
2.96648
2.89844
2.84896
2.98878
3.91708
7.95179
20.1713
39.5577
61.5992
81.759
98.0073
114.632
158.141
156.014
149.258
138.434
4.13706
3.48085
3.12866
2.99323
2.92628
2.87697
3.0102
3.88042
7.64016
19.3007
38.1822
60.0444
80.538
97.7404
124.429
167.669
173.375
175.222
172.634
4.16131
3.50964
3.15585
3.01993
2.95406
2.90523
3.03337
3.8588
7.41158
18.6467
37.1872
59.032
80.0081
98.8314
135.544
178.639
192.28
202.567
208.122
4.18565
3.53786
3.18281
3.04658
2.98178
2.93364
3.058
3.8493
7.24866
18.1702
36.5062
58.4694
79.9309
101.562
146.918
190.934
212.28
230.698
244.148
4.21005
3.56554
3.20955
3.07317
3.00943
2.96215
3.08385
3.84955
7.13716
17.8378
36.0814
58.27
80.2202
105.802
158.338
204.265
232.965
259.202
280.331
4.23451
3.59273
3.23606
3.09969
3.03702
2.99072
3.1107
3.85764
7.06578
17.6207
35.8614
58.3411
80.8799
111.24
169.692
218.221
254.015
287.755
316.36
4.25901
3.61948
3.26238
3.12616
3.06455
3.01933
3.13836
3.87197
7.02553
17.4946
35.8062
58.5978
81.9279
117.529
180.908
232.58
275.199
316.111
351.967
4.28355
3.64585
3.28851
3.15257
3.09203
3.04796
3.16667
3.89117
7.00903
17.4384
35.8797
58.9775
83.3628
124.357
191.942
247.172
296.327
344.051
386.893
4.30813
3.67191
3.3145
3.17894
3.11946
3.07661
3.19548
3.91409
7.01017
17.435
36.0448
59.4379
85.1515
131.467
202.748
261.824
317.207
371.373
420.903
4.33272
3.6977
3.34035
3.20527
3.14687
3.10526
3.22467
3.93976
7.02409
17.4706
36.2701
59.9525
87.2368
138.647
213.266
276.35
337.652
397.908
453.814
4.35734
3.7233
3.36612
3.23158
3.17424
3.13392
3.25411
3.96732
7.04663
17.5324
36.5292
60.5009
89.5414
145.731
223.428
290.578
357.484
423.496
485.476
4.38197
3.74877
3.39182
3.25786
3.2016
3.16257
3.2837
3.99596
7.07389
17.6075
36.7982
61.0641
91.976
152.578
233.155
304.34
376.527
447.988
515.771
4.40661
3.77416
3.41749
3.28415
3.22896
3.19123
3.31335
4.02498
7.10247
17.6846
37.0583
61.624
94.448
159.076
242.366
317.482
394.623
471.245
544.592
4.43128
3.79954
3.44316
3.31044
3.25631
3.21987
3.34298
4.05379
7.12955
17.7544
37.2945
62.1617
96.8682
165.129
250.98
329.869
411.637
493.135
571.829
4.45595
3.82495
3.46886
3.33675
3.28368
3.24852
3.37249
4.08188
7.1527
17.8084
37.4946
62.6577
99.1529
170.658
258.918
341.378
427.444
513.537
597.365
4.48065
3.85045
3.49462
3.36309
3.31106
3.27716
3.40184
4.10879
7.16973
17.8387
37.6485
63.0908
101.226
175.594
266.103
351.9
441.933
532.334
621.07
4.50536
3.87608
3.52046
3.38947
3.33848
3.30579
3.43096
4.13414
7.17867
17.8392
37.7453
63.4403
103.018
179.873
272.464
361.333
454.998
549.408
642.798
4.5301
3.90191
3.5464
3.41591
3.36593
3.33442
3.45979
4.15757
7.17777
17.8044
37.7765
63.6843
104.466
183.44
277.929
369.587
466.54
564.638
662.388
4.55487
3.92796
3.57249
3.4424
3.39342
3.36305
3.4883
4.17878
7.16553
17.7288
37.7291
63.8076
105.518
186.242
282.434
376.575
476.465
577.907
679.671
4.57968
3.95429
3.59874
3.46898
3.42097
3.39168
3.51644
4.19753
7.14067
17.6075
37.5899
63.8043
106.121
188.228
285.915
382.221
484.684
589.099
694.479
4.60453
3.98093
3.62518
3.49565
3.44857
3.42031
3.54418
4.21363
7.10221
17.436
37.3491
63.6328
106.26
189.363
288.314
386.452
491.115
598.108
706.652
4.62942
4.00793
3.65184
3.52242
3.47625
3.44895
3.57149
4.22693
7.04944
17.2108
36.9986
63.2743
105.95
189.556
289.584
389.205
495.685
604.835
716.042
4.65438
4.03534
3.67875
3.54931
3.504
3.47761
3.59836
4.23734
6.98199
16.9292
36.5315
62.7167
105.188
188.782
289.642
390.419
498.329
609.197
722.532
4.6794
4.06318
3.70594
3.57633
3.53185
3.5063
3.62478
4.24485
6.89977
16.5892
35.942
61.9513
103.967
187.023
288.404
390.067
498.985
611.133
726.037
4.70451
4.09151
3.73344
3.60349
3.55979
3.53502
3.65075
4.24949
6.80308
16.1901
35.2255
60.9719
102.284
184.263
285.817
388.119
497.598
610.589
726.507
4.7297
4.12036
3.76129
3.63089
3.58784
3.56378
3.67628
4.25135
6.69253
15.7319
34.379
59.7746
100.142
180.499
281.832
384.531
494.133
607.524
723.916
4.755
4.14979
3.78953
3.65856
3.61603
3.59261
3.70138
4.2506
6.56909
15.2162
33.4007
58.3579
97.5535
175.743
276.412
379.259
488.564
601.901
718.239
4.78041
4.17983
3.81821
3.68645
3.64437
3.62151
3.7261
4.24745
6.43408
14.6456
32.2907
56.7226
94.5385
170.024
269.523
372.254
480.872
593.69
709.454
4.80596
4.21054
3.84736
3.71458
3.67287
3.65051
3.75047
4.24219
6.28913
14.0241
31.0508
54.8719
91.1249
163.389
261.148
363.464
471.042
582.869
697.543
4.83166
4.24196
3.87706
3.74297
3.70156
3.67963
3.77455
4.23515
6.13618
13.3575
29.6853
52.8114
87.3482
155.905
251.287
352.842
459.066
569.432
682.514
4.85752
4.27414
3.90736
3.77165
3.73045
3.70889
3.7984
4.22672
5.97742
12.6529
28.2009
50.549
83.2509
147.664
239.97
340.344
444.937
553.399
664.399
4.88357
4.30714
3.93834
3.80066
3.75958
3.73834
3.8221
4.21734
5.81524
11.9188
26.6073
48.0949
78.8803
138.781
227.263
325.941
428.651
534.808
643.264
4.90982
4.34102
3.97007
3.83003
3.78896
3.76798
3.84575
4.20747
5.65218
11.1657
24.9174
45.462
74.2877
129.391
213.281
309.632
410.204
513.716
619.203
4.93631
4.37585
4.00263
3.85982
3.81862
3.79787
3.86944
4.19761
5.49082
10.4049
23.1478
42.6657
69.5252
119.651
198.191
291.458
389.594
490.191
592.337
4.96306
4.41169
4.03612
3.89008
3.8486
3.82804
3.89329
4.18828
5.33373
9.64905
21.319
39.7251
64.6437
109.729
182.22
271.525
366.831
464.298
562.809
4.99009
4.4486
4.07064
3.92088
3.87893
3.85854
3.91741
4.17998
5.18334
8.91146
19.4549
36.6626
59.6902
99.801
165.657
250.024
341.961
436.1
530.773
5.01745
4.48666
4.10631
3.95229
3.90966
3.88939
3.94194
4.17322
5.04191
8.20532
17.586
33.5064
54.7063
90.0341
148.838
227.253
315.097
405.657
496.371
5.04515
4.52592
4.14326
3.98442
3.94082
3.92066
3.96699
4.16847
4.91137
7.54417
15.7339
30.289
49.7275
80.5791
132.137
203.631
286.465
373.059
459.728
5.07326
4.56647
4.18164
4.01736
3.97246
3.95238
3.99272
4.16618
4.79323
6.94778
13.9325
27.0486
44.7834
71.5566
115.931
179.691
256.449
338.472
420.957
5.1018
4.60839
4.22162
4.05127
4.00466
3.98462
4.01922
4.16671
4.68863
6.42565
12.2244
23.8321
39.9008
63.0482
100.572
156.053
225.627
302.216
380.205
5.13084
4.65176
4.26337
4.08631
4.03748
4.0174
4.04679
4.17042
4.59838
5.97857
10.6517
20.6966
35.1083
55.0925
86.3431
133.374
194.771
264.848
337.747
5.16042
4.69665
4.30711
4.12268
4.071
4.05081
4.07419
4.17766
4.52315
5.60352
9.25027
17.7079
30.4431
47.6892
73.4289
112.267
164.804
227.218
294.118
5.19062
4.74316
4.35306
4.16064
4.10534
4.08497
4.1013
4.18818
4.46315
5.29575
8.04598
14.9369
25.9584
40.8129
61.8954
93.2151
136.689
190.453
250.224
5.22151
4.79138
4.40147
4.20049
4.14059
4.11989
4.13126
4.20202
4.41805
5.04859
7.0512
12.4521
21.7265
34.4344
51.6955
76.4969
111.282
155.839
207.378
5.25317
4.84141
4.45261
4.24265
4.17696
4.15563
4.1631
4.21949
4.38743
4.85525
6.26486
10.3117
17.8372
28.5447
42.7022
62.1507
89.1655
124.602
167.169
5.28569
4.89334
4.50679
4.28742
4.2145
4.19225
4.19659
4.24083
4.37014
4.71065
5.66834
8.55161
14.388
23.1737
34.7628
49.9993
70.5424
97.6435
131.165
5.31921
4.94727
4.56432
4.33629
4.25396
4.22985
4.23167
4.2659
4.36459
4.61058
5.24056
7.17739
11.4638
18.3929
27.7593
39.7347
55.2245
75.3268
100.522
5.35382
5.00331
4.62554
4.3892
4.29602
4.26866
4.26832
4.2945
4.36919
4.54699
4.95375
6.17692
9.12281
14.2992
21.6495
31.0384
42.7459
57.4277
75.6687
5.38976
5.06159
4.69083
4.44661
4.34138
4.30906
4.30656
4.32643
4.3825
4.5117
4.77254
5.50002
7.37532
10.982
16.4702
23.6878
32.5595
43.286
56.2366
5.42698
5.12214
4.76057
4.5092
4.3909
4.35164
4.34647
4.36147
4.40332
4.49769
4.66858
5.08034
6.17614
8.4826
12.2976
17.601
24.2311
32.1035
41.298
5.46635
5.18524
4.83517
4.57777
4.44563
4.39722
4.38832
4.39942
4.43067
4.49967
4.61668
4.84627
5.43258
6.76477
9.17877
12.7968
17.5369
23.2395
29.7979
5.50653
5.25064
4.915
4.65323
4.50682
4.44698
4.43262
4.44013
4.4637
4.51403
4.59785
4.73227
5.02522
5.71154
7.07047
9.29424
12.4185
16.3477
20.9398
5.55114
5.31908
5.00038
4.73648
4.57593
4.50245
4.48033
4.4837
4.50169
4.53848
4.60004
4.68767
4.83467
5.15192
5.81838
7.01253
8.83928
11.2994
14.3129
5.59482
5.38975
5.09167
4.82853
4.65463
4.56562
4.53297
4.5307
4.5441
4.57136
4.61682
4.68003
4.76429
4.90554
5.18953
5.73359
6.64427
7.97853
9.73206
5.64646
5.46389
5.189
4.93028
4.74476
4.63897
4.5928
4.58241
4.59088
4.61142
4.64511
4.69275
4.75138
4.82467
4.93899
5.14829
5.52092
6.11718
6.9718
5.70376
5.54233
5.29259
5.04247
4.84821
4.72538
4.66294
4.64119
4.64292
4.65787
4.68317
4.71928
4.7646
4.81544
4.87301
4.95096
5.07849
5.28579
5.60277
5.76725
5.62591
5.40267
5.16561
4.96667
4.82798
4.74732
4.71071
4.70257
4.71104
4.72987
4.75733
4.79282
4.83392
4.87701
4.91989
4.97073
5.04276
5.13728
5.83892
5.71591
5.51962
5.29996
5.1016
4.95009
4.85083
4.79634
4.77443
4.77358
4.78557
4.80612
4.83365
4.867
4.90409
4.94128
4.97716
5.01181
5.05712
37.6007
42.3904
44.0376
43.7325
43.4342
43.2438
43.0733
42.8916
42.6879
42.4326
42.0471
41.3844
40.6834
40.095
39.593
39.1518
38.7516
38.3795
38.0327
37.6108
25.0231
31.5494
35.6268
38.0698
39.4697
40.1344
40.3584
40.1972
39.6874
38.9139
37.9487
36.8248
35.6478
34.5143
33.4615
32.4958
31.6144
30.774
30.1064
28.9208
11.5411
16.2903
20.3089
23.3448
25.4646
26.7824
27.4234
27.5713
27.3139
26.7425
25.9491
25.0195
24.022
23.0367
22.1005
21.2298
20.4309
19.6762
19.0607
18.0439
6.17854
7.18301
8.57328
10.0262
11.3306
12.3123
12.9116
13.1542
13.1324
12.9056
12.5379
12.0908
11.612
11.1449
10.711
10.3191
9.97097
9.65599
9.40262
9.04244
5.86289
5.90043
5.92845
5.95304
6.02239
6.11416
6.1891
6.23012
6.2493
6.26289
6.27315
6.28171
6.28981
6.29837
6.30785
6.31841
6.32999
6.3426
6.35574
6.37175
5.88535
5.89872
5.9137
5.93097
5.95085
5.97123
5.99514
6.01749
6.03825
6.05825
6.07788
6.0973
6.11661
6.13587
6.1551
6.17419
6.19391
6.21526
6.23311
6.26752
5.99288
5.99261
5.99695
6.00575
6.01757
6.03142
6.04791
6.06628
6.08589
6.10633
6.12743
6.14908
6.17117
6.19361
6.21632
6.23927
6.26227
6.28632
6.3068
6.34431
6.27635
6.2656
6.25936
6.25805
6.26148
6.2693
6.28105
6.29622
6.31449
6.33459
6.35596
6.3783
6.4014
6.4251
6.44937
6.4742
6.49917
6.52561
6.54761
6.59004
6.7635
6.74916
6.73957
6.73534
6.73643
6.74257
6.75329
6.76808
6.78605
6.8093
6.83736
6.86914
6.90358
6.93988
6.97737
7.01539
7.05299
7.09202
7.12382
7.18254
8.32267
8.31037
8.30322
8.30152
8.30503
8.31339
8.32615
8.34276
8.36225
8.38184
8.40151
8.42128
8.44119
8.46124
8.48144
8.50178
8.52228
8.54292
8.56368
8.58509
5.10879
5.14354
5.18516
5.23109
5.27866
5.32706
5.38008
5.4363
5.4908
5.54437
5.59958
5.65653
5.72857
5.84595
6.04459
6.38931
7.02054
8.17515
10.6661
13.9345
30.4622
5.14927
5.18003
5.21131
5.24409
5.27859
5.31366
5.34978
5.38831
5.42879
5.47005
5.51189
5.55459
5.59796
5.64665
5.70274
5.76407
5.82622
6.04449
7.00836
7.88906
16.0983
5.19813
5.2291
5.26009
5.29108
5.32225
5.35364
5.38514
5.41684
5.44894
5.48149
5.5144
5.54773
5.58109
5.61451
5.65026
5.68907
5.72781
5.77939
5.85099
5.94602
7.55448
5.26162
5.28939
5.31824
5.34777
5.37772
5.40792
5.43823
5.4685
5.49862
5.5285
5.55805
5.58715
5.61571
5.64343
5.67023
5.69643
5.72263
5.74717
5.77911
5.812
5.86741
5.36052
5.38212
5.40555
5.43042
5.45636
5.48309
5.51035
5.5379
5.56555
5.59309
5.62032
5.647
5.67291
5.6978
5.72138
5.74321
5.76356
5.78112
5.79831
5.81268
5.82701
5.52601
5.53979
5.55596
5.57409
5.59377
5.61466
5.63643
5.65878
5.68143
5.70408
5.72647
5.7483
5.76926
5.78908
5.80748
5.8242
5.83909
5.85206
5.86269
5.87175
5.87841
5.79715
5.80373
5.81294
5.82434
5.83753
5.85213
5.86774
5.88401
5.90054
5.91697
5.93287
5.94782
5.96139
5.97315
5.98273
5.98987
5.99447
5.99676
5.99704
5.99609
5.99514
6.21357
6.21881
6.22616
6.23533
6.24599
6.2578
6.27042
6.28347
6.29655
6.3092
6.32093
6.33122
6.33947
6.34509
6.34751
6.34626
6.34108
6.33208
6.31978
6.30527
6.29024
6.67853
6.68906
6.7009
6.71386
6.72772
6.74224
6.75715
6.77214
6.78686
6.80091
6.81384
6.82515
6.83428
6.84063
6.84362
6.84274
6.83763
6.82822
6.81488
6.79854
6.78074
8.27694
8.2838
8.29277
8.30342
8.31537
8.32822
8.34158
8.35505
8.36818
8.38052
8.39154
8.40069
8.40739
8.41106
8.41118
8.40745
8.39968
8.38805
8.37316
8.35617
8.3387
5.91917
5.811
5.64004
5.44067
5.24849
5.08916
4.97354
4.90032
4.86167
4.84799
4.85085
4.86432
4.88509
4.91152
4.94253
4.97633
5.01089
5.04331
5.07558
6.01261
5.91346
5.76432
5.58668
5.406
5.24513
5.11764
5.02721
4.97051
4.94092
4.93123
4.93525
4.94853
4.9683
4.99301
5.02155
5.05284
5.08529
5.11766
6.13143
6.03126
5.89797
5.74178
5.57709
5.42144
5.28841
5.18473
5.11101
5.06393
5.03848
5.02943
5.03228
5.0436
5.06104
5.0831
5.10873
5.1371
5.16727
6.30059
6.17459
6.04399
5.90612
5.76063
5.61696
5.48619
5.37605
5.28977
5.22695
5.18501
5.16042
5.14957
5.14926
5.15688
5.17051
5.18872
5.21052
5.23514
6.5741
6.37808
6.21576
6.07987
5.95099
5.82494
5.70591
5.5995
5.50956
5.43757
5.38302
5.34426
5.31908
5.30518
5.3004
5.30294
5.31131
5.32431
5.34104
7.24476
6.66677
6.44265
6.29213
6.16839
6.05403
5.94758
5.85112
5.76662
5.69511
5.63666
5.59064
5.55597
5.53135
5.51539
5.50686
5.5046
5.50763
5.51507
19.7313
10.2272
6.90528
6.47093
6.36008
6.28577
6.21111
6.13668
6.06717
6.00537
5.95232
5.90806
5.87216
5.84397
5.82273
5.80774
5.79832
5.79383
5.79366
22.8701
16.63
9.8015
7.14134
6.57169
6.47574
6.43364
6.40104
6.36901
6.33781
6.30895
6.28342
6.26171
6.24397
6.23016
6.22013
6.21372
6.21067
6.21074
21.16
20.9215
14.9027
10.1928
7.92078
7.01802
6.80321
6.73571
6.70318
6.68331
6.66996
6.66087
6.65499
6.65182
6.65108
6.65259
6.65623
6.66187
6.6694
20.3721
18.3447
16.8483
13.8369
11.8635
10.454
9.60946
9.09732
8.77874
8.58999
8.47622
8.40318
8.35382
8.31997
8.29715
8.28261
8.2745
8.27149
8.27263
)
;

boundaryField
{
    inlet
    {
        type            fixedValue;
        value           uniform 0;
    }
    outlet
    {
        type            inletOutlet;
        inletValue      uniform 0;
        value           nonuniform List<scalar> 10(37.6108 28.9208 18.0439 9.04244 6.37175 6.26752 6.34431 6.59004 7.18254 8.58509);
    }
    walls
    {
        type            zeroGradient;
    }
    baffle
    {
        type            zeroGradient;
    }
    frontAndBack
    {
        type            empty;
    }
}


// ************************************************************************* //
