/*--------------------------------*- C++ -*----------------------------------*\
| =========                 |                                                 |
| \\      /  F ield         | OpenFOAM: The Open Source CFD Toolbox           |
|  \\    /   O peration     | Version:  v2012                                 |
|   \\  /    A nd           | Website:  www.openfoam.com                      |
|    \\/     M anipulation  |                                                 |
\*---------------------------------------------------------------------------*/
FoamFile
{
    version     2.0;
    format      ascii;
    class       volScalarField;
    location    "625";
    object      k;
}
// * * * * * * * * * * * * * * * * * * * * * * * * * * * * * * * * * * * * * //

dimensions      [0 2 -2 0 0 0 0];


internalField   nonuniform List<scalar> 
6057
(
0.047806
0.0516329
0.0559844
0.0609617
0.0666931
0.0733476
0.0811477
0.0903921
0.10149
0.115016
0.131799
0.153075
0.180759
0.217948
0.269929
0.346308
0.465943
0.669476
1.05526
1.89819
0.117795
0.127445
0.13837
0.15081
0.165068
0.181523
0.200666
0.223142
0.249806
0.281824
0.320806
0.369039
0.429851
0.508228
0.611885
0.753175
0.952599
1.24529
1.69241
2.39566
0.156751
0.169604
0.184135
0.200645
0.219513
0.241219
0.266369
0.295747
0.330373
0.371605
0.421278
0.481912
0.557047
0.651762
0.773504
0.933453
1.14878
1.4464
1.86931
2.48775
0.179428
0.19415
0.210775
0.229637
0.251154
0.275845
0.304367
0.337553
0.376476
0.422535
0.47758
0.544099
0.625499
0.726533
0.85399
1.01781
1.23298
1.52299
1.92647
2.51198
0.19011
0.205723
0.22334
0.243309
0.266063
0.292139
0.322209
0.35712
0.397952
0.446099
0.503384
0.572223
0.655884
0.758867
0.887545
1.05123
1.26411
1.54897
1.94469
2.52265
0.190035
0.205668
0.223299
0.243278
0.26604
0.292122
0.322196
0.357111
0.397945
0.446094
0.50338
0.572221
0.655882
0.758866
0.887544
1.05123
1.26411
1.54896
1.94469
2.52265
0.179205
0.193989
0.210657
0.22955
0.25109
0.275798
0.304333
0.337529
0.376459
0.422522
0.477571
0.544093
0.625494
0.72653
0.853988
1.01781
1.23298
1.52299
1.92647
2.51198
0.156383
0.169352
0.183954
0.200516
0.219422
0.241154
0.266323
0.295713
0.330348
0.371587
0.421265
0.481902
0.557041
0.651757
0.7735
0.933451
1.14878
1.4464
1.86931
2.48775
0.117289
0.127138
0.138159
0.150667
0.164968
0.181452
0.200615
0.223105
0.249779
0.281804
0.320792
0.369029
0.429844
0.508223
0.611881
0.753172
0.952597
1.24529
1.69241
2.39566
0.0476562
0.051538
0.0559204
0.0609171
0.0666613
0.0733247
0.081131
0.0903799
0.101481
0.115009
0.131794
0.153071
0.180756
0.217946
0.269927
0.346307
0.465942
0.669476
1.05526
1.89819
0.0148123
0.0156287
0.0164653
0.0173265
0.0182169
0.019142
0.0201079
0.0211217
0.0221917
0.0233271
0.0245386
0.0258385
0.0272407
0.0287613
0.0304184
0.032226
0.034203
0.0363778
0.0387836
0.0414587
0.0444482
0.0334901
0.0355439
0.0376671
0.0398692
0.0421597
0.0445493
0.0470509
0.0496796
0.052453
0.0553921
0.0585212
0.0618688
0.065468
0.0693572
0.0735788
0.078177
0.083216
0.0887628
0.094895
0.101703
0.109293
0.045473
0.0480355
0.0507021
0.0534865
0.0564026
0.0594657
0.0626934
0.0661059
0.0697266
0.073583
0.0777067
0.0821347
0.0869096
0.092081
0.0977003
0.103839
0.110572
0.117986
0.126182
0.135277
0.145409
0.0530151
0.055768
0.0586545
0.0616913
0.0648945
0.068282
0.071874
0.0756935
0.0797672
0.0841256
0.0888043
0.0938445
0.0992938
0.105207
0.111648
0.118692
0.126425
0.134941
0.144354
0.154796
0.166422
0.057314
0.0600379
0.0629158
0.0659659
0.0692064
0.0726569
0.0763396
0.0802799
0.0845065
0.089052
0.093954
0.0992554
0.105006
0.111261
0.118095
0.125581
0.133803
0.14286
0.152866
0.163961
0.176307
0.0588906
0.0613863
0.0640428
0.0668791
0.0699149
0.0731719
0.076675
0.0804525
0.0845359
0.0889603
0.0937648
0.0989932
0.104694
0.110929
0.117771
0.125288
0.133556
0.14266
0.152707
0.163836
0.176209
0.0580878
0.0601698
0.0623986
0.0647915
0.0673677
0.0701506
0.073168
0.0764526
0.080042
0.0839785
0.0883055
0.0930705
0.0983249
0.104135
0.110579
0.117721
0.125628
0.134314
0.143864
0.154417
0.166129
0.0554049
0.056956
0.0586142
0.0603869
0.062285
0.0643257
0.0665337
0.0689419
0.0715949
0.0745482
0.0778619
0.0816031
0.0858363
0.0906243
0.0960607
0.102212
0.109141
0.116852
0.125332
0.134638
0.144924
0.0517936
0.0528917
0.0540476
0.0552448
0.0564685
0.0577085
0.0589609
0.0602302
0.0615315
0.0628939
0.0643628
0.0660865
0.0681824
0.0707472
0.0738752
0.0776728
0.082198
0.087595
0.0938486
0.100892
0.108713
0.0482714
0.0491681
0.0500968
0.05102
0.0518991
0.0526925
0.0533524
0.0538203
0.0540237
0.0538771
0.0532882
0.0521728
0.0504201
0.0479064
0.0453221
0.0431312
0.0415643
0.0408104
0.0410277
0.0422012
0.0443165
0.00102496
0.000904591
0.000943766
0.0012574
0.00236453
0.00339345
0.00437311
0.0052917
0.00613958
0.00695405
0.0077483
0.00853035
0.00930553
0.0100778
0.0108503
0.011626
0.0124073
0.0131969
0.0139976
0.00182018
0.00230378
0.00396851
0.00588139
0.00736927
0.00867256
0.0100824
0.0117307
0.0134678
0.0151794
0.0168906
0.0186108
0.0203472
0.0221063
0.0238947
0.0257185
0.027584
0.0294971
0.031464
0.00279189
0.00539229
0.00732304
0.00916504
0.0107813
0.0126042
0.0148583
0.0173737
0.0198723
0.0222836
0.024623
0.0269048
0.0291498
0.0313792
0.0336138
0.0358725
0.0381729
0.0405308
0.0429605
0.00415993
0.00812265
0.0101141
0.0119222
0.0138959
0.0164083
0.0193968
0.0225034
0.0254756
0.0282711
0.0309036
0.0334044
0.0358138
0.0381718
0.0405155
0.0428777
0.0452866
0.0477663
0.0503375
0.00568399
0.010662
0.0126031
0.0145484
0.0169981
0.0201202
0.0236028
0.0270385
0.0302312
0.0331557
0.035837
0.0383254
0.0406792
0.0429548
0.045203
0.047467
0.0497833
0.0521814
0.054686
0.00687975
0.0128813
0.0149517
0.0171649
0.0200848
0.0236448
0.0273871
0.0309352
0.0341425
0.0369992
0.0395469
0.0418524
0.0439888
0.0460251
0.0480223
0.0500313
0.0520934
0.0542413
0.0565011
0.00783526
0.0148681
0.0172029
0.0197581
0.0230633
0.0268769
0.0306845
0.0341703
0.0372273
0.0398623
0.0421329
0.0441201
0.0459088
0.0475781
0.0491966
0.0508203
0.0524929
0.054247
0.0561067
0.00866662
0.0166323
0.0193477
0.022262
0.0258403
0.0297402
0.0334605
0.0367434
0.0395177
0.0418074
0.0436852
0.0452448
0.0465828
0.047788
0.0489363
0.0500881
0.0512872
0.0525631
0.0539332
0.00938115
0.0182087
0.0213652
0.0246093
0.0283443
0.0321961
0.0357057
0.0386733
0.0410573
0.0429028
0.0442979
0.0453516
0.0461751
0.0468711
0.0475266
0.0482081
0.0489602
0.0498067
0.0507538
0.00998921
0.0196284
0.0232344
0.0267479
0.0305335
0.0342268
0.0374299
0.0399899
0.041899
0.0432263
0.04408
0.0445902
0.0448903
0.0451036
0.0453322
0.0456505
0.0461013
0.0466984
0.0474311
0.0446156
0.045266
0.0458805
0.046426
0.0468814
0.0472375
0.047485
0.047613
0.0475993
0.04739
0.0468384
0.0460699
0.0450759
0.0437555
0.0418995
0.0390525
0.03445
0.0271397
0.0193406
0.013309
0.00801225
0.0393281
0.0389411
0.0382578
0.037249
0.0359089
0.0342471
0.0322796
0.0300258
0.0275258
0.0251725
0.0231132
0.0210708
0.0188696
0.0166986
0.0146937
0.0129173
0.0108981
0.00829648
0.00567784
0.00311564
0.00134697
0.0317475
0.0297971
0.0274495
0.0248039
0.0220041
0.0192153
0.01662
0.0144676
0.0129919
0.011821
0.0108983
0.0100477
0.00921737
0.00842053
0.00763172
0.00681265
0.00590858
0.0048768
0.00374202
0.00243257
0.00104426
0.0232503
0.0203419
0.01743
0.0147615
0.0125436
0.0108967
0.00983703
0.00926036
0.00889697
0.00862763
0.00839224
0.00814026
0.00783778
0.00745832
0.0069741
0.00636919
0.00564541
0.00478283
0.00375028
0.00252516
0.00117752
0.0161516
0.0135411
0.011444
0.00995318
0.00903198
0.00855782
0.00839231
0.00835551
0.00836104
0.00836407
0.00833524
0.00824757
0.00807374
0.00778424
0.00735053
0.00677639
0.00605104
0.00515332
0.00405472
0.0027796
0.00133919
0.011698
0.010051
0.00900923
0.00845417
0.008237
0.00822974
0.0083295
0.0084572
0.0085773
0.00866644
0.00870363
0.00866655
0.00853048
0.00826807
0.00785229
0.00727892
0.00653419
0.00559036
0.00442985
0.00307211
0.00150498
0.00948697
0.00865906
0.00826574
0.00816027
0.00822585
0.00838154
0.00857004
0.00875553
0.00891808
0.00904048
0.0091045
0.00908983
0.00897331
0.00872964
0.00832956
0.00776229
0.00700944
0.00603545
0.00482294
0.00337411
0.00166985
0.00855456
0.00821222
0.00814415
0.00823829
0.00841891
0.0086377
0.00886159
0.00907136
0.00925255
0.00939021
0.00946798
0.00946686
0.00936482
0.00913749
0.00875687
0.00820338
0.00745415
0.00646681
0.00521446
0.00367712
0.00183231
0.00822311
0.00814547
0.00823901
0.0084262
0.00865839
0.0089052
0.0091459
0.00936754
0.00955761
0.00970295
0.0097885
0.00979644
0.00970589
0.00949338
0.0091327
0.00859793
0.00786043
0.00687398
0.00559553
0.00397873
0.00199217
0.00816123
0.00822985
0.00840839
0.00864339
0.00890202
0.00916403
0.00941449
0.00964239
0.00983676
0.00998556
0.0100748
0.0100879
0.0100054
0.00980494
0.00946215
0.00894798
0.00822827
0.00725341
0.00596248
0.00427856
0.0021497
0.00822178
0.00837573
0.0086034
0.00886647
0.00914165
0.00941417
0.0096712
0.00990281
0.0100989
0.0102483
0.0103378
0.0103522
0.0102736
0.0100815
0.00975228
0.00925796
0.0085603
0.00760525
0.00631447
0.00457697
0.00230541
0.00834052
0.00854852
0.00880812
0.00909072
0.00937879
0.00965984
0.00992201
0.010156
0.0103521
0.0104998
0.0105868
0.010599
0.0105202
0.0103319
0.0100125
0.0095351
0.0088612
0.00793184
0.00665225
0.0048747
0.00245988
0.00848969
0.00873532
0.00901854
0.0093172
0.00961653
0.00990509
0.0101716
0.010407
0.0106019
0.0107461
0.0108282
0.0108351
0.0107524
0.0105635
0.0102497
0.00978624
0.00913599
0.0082364
0.00697742
0.00517259
0.00261374
0.00865754
0.00893189
0.00923479
0.00954773
0.00985716
0.0101524
0.0104224
0.0106582
0.0108506
0.01099
0.0110653
0.0110646
0.0109748
0.0107816
0.0104692
0.0100165
0.00938917
0.00852241
0.00729204
0.0054716
0.00276763
0.00883935
0.00913757
0.00945777
0.00978339
0.0101018
0.0104026
0.0106749
0.0109098
0.0110986
0.0112317
0.0112989
0.0112889
0.0111897
0.0109891
0.0106747
0.0102301
0.00962471
0.00879323
0.00759834
0.00577275
0.0029222
0.00903356
0.00935237
0.00968773
0.0100244
0.0103502
0.0106549
0.0109277
0.0111602
0.0113439
0.0114697
0.0115278
0.0115074
0.0113973
0.0111874
0.0108687
0.0104299
0.0098459
0.00905198
0.00789858
0.0060771
0.00307816
0.00923932
0.00957596
0.00992428
0.0102699
0.0106009
0.0109073
0.0111785
0.0114066
0.0115837
0.0117012
0.0117495
0.011718
0.0115965
0.0113763
0.011052
0.0106179
0.0100553
0.00930138
0.00819496
0.00638576
0.00323625
0.00945572
0.00980748
0.0101663
0.0105183
0.0108519
0.0111571
0.0114241
0.0116456
0.0118145
0.0119226
0.0119606
0.0119181
0.0117852
0.0115548
0.0112246
0.0107952
0.0102548
0.00954376
0.00848958
0.00669984
0.00339728
0.00968127
0.0100453
0.0104117
0.0107671
0.0111001
0.0114011
0.011661
0.0118737
0.0120326
0.0121304
0.0121578
0.0121046
0.0119611
0.0117212
0.011386
0.0109621
0.0104458
0.00978114
0.00878444
0.00702054
0.00356211
0.00991349
0.0102869
0.0106579
0.0110134
0.0113424
0.0116357
0.0118857
0.0120873
0.0122348
0.0123212
0.0123379
0.0122745
0.0121215
0.0118738
0.0115353
0.011119
0.0106294
0.0100153
0.00908143
0.00734904
0.00373175
0.0101486
0.0105287
0.0109013
0.0112537
0.0115754
0.0118579
0.0120953
0.0122836
0.0124181
0.0124925
0.0124983
0.0124255
0.0122645
0.012011
0.0116716
0.0112656
0.0108064
0.0102477
0.00938237
0.0076866
0.00390735
0.0103816
0.0107665
0.0111383
0.0114847
0.0117961
0.0120648
0.0122871
0.0124603
0.0125807
0.0126423
0.0126373
0.0125558
0.0123884
0.0121316
0.0117944
0.0114022
0.0109778
0.0104799
0.00968905
0.00803451
0.00409024
0.0106079
0.010996
0.0113652
0.0117033
0.0120019
0.0122542
0.0124594
0.0126161
0.0127211
0.0127696
0.0127539
0.0126646
0.0124927
0.0122352
0.0119034
0.0115291
0.0111444
0.0107134
0.0100032
0.00839425
0.00428201
0.0108235
0.0112137
0.0115792
0.0119072
0.0121907
0.012425
0.0126115
0.0127502
0.0128392
0.0128741
0.012848
0.0127521
0.0125776
0.012322
0.0119992
0.0116471
0.0113075
0.0109498
0.0103266
0.00876714
0.00448458
0.0110289
0.0114178
0.0117775
0.0120948
0.0123617
0.0125766
0.012743
0.0128629
0.0129354
0.0129566
0.0129207
0.0128194
0.0126442
0.0123933
0.012083
0.0117574
0.0114687
0.0111907
0.0106608
0.00915447
0.00470033
0.0112243
0.011609
0.0119597
0.0122636
0.0125138
0.0127083
0.0128541
0.0129549
0.0130106
0.0130187
0.012974
0.0128687
0.0126949
0.0124513
0.0121566
0.0118622
0.01163
0.0114382
0.0110075
0.00955698
0.00493228
0.0114093
0.0117871
0.0121263
0.0124142
0.0126451
0.0128197
0.012945
0.013027
0.0130669
0.013063
0.0130109
0.0129036
0.0127331
0.012499
0.0122231
0.011964
0.0117939
0.0116943
0.0113685
0.00997559
0.00518439
0.0115836
0.0119517
0.0122767
0.0125464
0.0127565
0.0129102
0.0130165
0.0130811
0.0131069
0.0130931
0.0130359
0.0129285
0.0127631
0.0125405
0.0122861
0.0120664
0.0119634
0.0119617
0.011747
0.0104173
0.0054533
0.0117466
0.0121024
0.012411
0.0126608
0.0128492
0.0129823
0.0130706
0.0131203
0.0131349
0.0131142
0.0130547
0.0129492
0.0127904
0.0125809
0.0123507
0.0121735
0.0121419
0.0122445
0.0121484
0.0108864
0.00573421
0.0118988
0.0122398
0.0125303
0.0127592
0.0129259
0.0130397
0.0131118
0.01315
0.0131576
0.0131339
0.0130752
0.0129737
0.0128227
0.0126265
0.0124207
0.0122879
0.0123319
0.0125459
0.0125773
0.0113826
0.00602863
0.0120416
0.0123653
0.0126357
0.0128432
0.0129904
0.0130878
0.0131476
0.0131788
0.0131837
0.013161
0.0131059
0.0130099
0.0128665
0.0126829
0.0125007
0.0124136
0.0125371
0.0128682
0.0130364
0.011911
0.00633646
0.0121743
0.0124793
0.0127301
0.0129185
0.0130492
0.0131338
0.0131867
0.0132159
0.0132228
0.0132049
0.0131556
0.0130657
0.0129289
0.0127559
0.0125962
0.0125553
0.0127616
0.0132155
0.013526
0.0124734
0.00665765
0.0123
0.0125862
0.012819
0.0129914
0.0131099
0.0131866
0.0132385
0.0132711
0.0132847
0.0132748
0.0132331
0.0131488
0.0130166
0.0128515
0.0127123
0.012718
0.0130095
0.013591
0.0140508
0.0130715
0.00699235
0.0124229
0.012691
0.0129082
0.0130686
0.0131795
0.0132553
0.0133124
0.0133543
0.0133791
0.0133801
0.0133465
0.0132664
0.0131359
0.0129753
0.0128542
0.0129063
0.0132848
0.0139971
0.0146116
0.0137061
0.00733974
0.0125477
0.0127992
0.0130043
0.0131577
0.0132668
0.0133493
0.0134185
0.0134753
0.0135155
0.0135294
0.0135035
0.0134249
0.0132918
0.0131316
0.0130262
0.0131249
0.0135912
0.0144357
0.0152079
0.0143757
0.00769768
0.0126802
0.0129174
0.0131146
0.0132671
0.0133816
0.0134785
0.0135667
0.013644
0.013703
0.0137304
0.0137101
0.0136288
0.0134879
0.0133235
0.0132317
0.0133773
0.0139314
0.0149067
0.015836
0.0150752
0.00806231
0.0128264
0.0130524
0.0132472
0.0134062
0.0135341
0.0136535
0.0137672
0.0138697
0.0139493
0.013989
0.0139703
0.0138803
0.0137254
0.0135521
0.0134726
0.0136659
0.0143064
0.0154071
0.0164865
0.0157943
0.0084275
0.0129935
0.0132124
0.0134106
0.0135829
0.0137351
0.0138849
0.01403
0.0141607
0.0142605
0.0143087
0.014285
0.0141785
0.0140023
0.0138159
0.0137486
0.0139911
0.0147146
0.0159289
0.0171413
0.0165161
0.00878433
0.0131898
0.0134065
0.0136154
0.0138107
0.0139965
0.0141836
0.0143643
0.0145234
0.0146397
0.0146891
0.0146509
0.0145181
0.0143129
0.0141102
0.0140569
0.0143509
0.0151512
0.0164566
0.017769
0.0172157
0.009121
0.0134257
0.0136458
0.0138737
0.014102
0.01433
0.0145596
0.0147769
0.014961
0.0150858
0.0151252
0.0150598
0.0148889
0.014647
0.0144269
0.014392
0.0147402
0.0156069
0.0169678
0.0183365
0.0178623
0.0094219
0.0137123
0.0139435
0.0142008
0.0144713
0.0147475
0.0150217
0.0152723
0.0154724
0.0155925
0.0156058
0.0154972
0.0152754
0.0149904
0.0147552
0.0147462
0.0151515
0.0160693
0.0174381
0.0188534
0.0184202
0.00966189
0.0140627
0.0143148
0.0146165
0.0149348
0.0152609
0.0155761
0.0158503
0.0160509
0.0161466
0.016113
0.0159422
0.0156567
0.0153255
0.0150832
0.0151108
0.0155754
0.0165264
0.0178884
0.0193079
0.0188776
0.00983806
0.0144915
0.0147754
0.0151316
0.0155054
0.01588
0.016225
0.0165047
0.0166822
0.0167271
0.0166211
0.0163682
0.016009
0.0156349
0.0154016
0.0154792
0.0160007
0.016949
0.0183041
0.0196886
0.0192252
0.00993312
0.0150162
0.0153458
0.015766
0.0161969
0.0166102
0.0169653
0.0172213
0.0173428
0.0173042
0.0170981
0.016745
0.0163095
0.0159067
0.0157107
0.0158501
0.0164222
0.017351
0.0186655
0.0199696
0.0194086
0.00994424
0.0156569
0.0160545
0.0165405
0.017019
0.0174494
0.0177824
0.0179754
0.0179989
0.0178398
0.0175071
0.017044
0.0165438
0.0161461
0.0159989
0.0162226
0.0168214
0.0177118
0.0189411
0.0201128
0.0193872
0.00986849
0.016436
0.0169224
0.0174681
0.017972
0.0183829
0.0186475
0.0187277
0.0186058
0.0182895
0.0178129
0.017247
0.0167191
0.0163747
0.016322
0.0166221
0.0171936
0.0179987
0.0190851
0.0200697
0.0191405
0.00971899
0.0173803
0.0179594
0.0185504
0.0190419
0.0193795
0.0195145
0.0194227
0.019109
0.0186097
0.0179928
0.0173631
0.0168849
0.0166382
0.0167024
0.017039
0.0175091
0.018151
0.0190299
0.0197719
0.0185527
0.00947043
0.0185381
0.0191898
0.0197805
0.0201968
0.0203869
0.0203181
0.0199927
0.0194514
0.0187711
0.0180587
0.0174512
0.017085
0.0170068
0.0171582
0.0174094
0.017673
0.0180622
0.0186798
0.0191249
0.0177176
0.00912741
0.0199081
0.0206034
0.0211222
0.0213748
0.0213255
0.0209736
0.0203651
0.0195931
0.018784
0.0180821
0.0176238
0.0174677
0.0175173
0.0176113
0.0175881
0.0175139
0.0175832
0.0179282
0.0180838
0.0166563
0.00864014
0.0215011
0.0221642
0.0225033
0.0224772
0.0220863
0.0213837
0.020482
0.0195411
0.0187334
0.0182089
0.0180208
0.0180375
0.0180371
0.0177986
0.0173153
0.0168103
0.0165799
0.0167085
0.0168131
0.0154581
0.00804512
0.0232979
0.0237872
0.0238011
0.0233608
0.0225355
0.0214614
0.0203393
0.019391
0.0187973
0.0186124
0.018657
0.01862
0.0182064
0.0173496
0.0162959
0.0154323
0.0150541
0.0150997
0.015325
0.0141717
0.00738104
0.0251934
0.025313
0.0248233
0.0238383
0.0225414
0.0211824
0.0200425
0.0193516
0.0191996
0.0193146
0.0192844
0.018671
0.0174457
0.0158939
0.0144566
0.0134694
0.0131446
0.0133718
0.0137855
0.0128575
0.00667534
0.0270083
0.0264966
0.0253086
0.0237143
0.0220478
0.0206648
0.0198369
0.0197206
0.0199637
0.0199326
0.0191357
0.0174873
0.0154131
0.0135123
0.012093
0.0112921
0.011133
0.0116987
0.0123001
0.0115554
0.00594064
0.0283854
0.0269596
0.0249693
0.0228878
0.0211958
0.0202063
0.0201174
0.0204894
0.0204992
0.0195118
0.0173819
0.0147339
0.0124184
0.0107784
0.00976747
0.00934306
0.00950042
0.0102498
0.0108957
0.0101786
0.00525433
0.0288026
0.0262773
0.0236465
0.0215223
0.020349
0.0203265
0.0207621
0.0208317
0.0196637
0.016979
0.0137203
0.0110335
0.00932512
0.00840532
0.00793334
0.00788694
0.00827207
0.0089941
0.00949991
0.00873929
0.00462997
0.0276446
0.0242008
0.0215462
0.0201029
0.020185
0.020649
0.0206842
0.0192983
0.0160806
0.0122049
0.00926364
0.00759798
0.00692299
0.0067536
0.0067141
0.00685299
0.00728033
0.00784033
0.00812195
0.00731302
0.00403567
0.0245278
0.0210057
0.0193954
0.0193952
0.0197997
0.019673
0.0178375
0.0142574
0.0101351
0.00699254
0.005746
0.00544413
0.00551326
0.00567024
0.00581379
0.00602163
0.00636361
0.00671493
0.00677756
0.00598489
0.00344983
0.0197074
0.017669
0.01748
0.0176397
0.0169823
0.0147559
0.0107072
0.00729175
0.00501415
0.00401788
0.00394428
0.00416347
0.00443404
0.00467493
0.004891
0.00511751
0.00537534
0.00557929
0.00553603
0.00485661
0.0028462
0.0144101
0.0133746
0.0133158
0.0118365
0.00920472
0.00673929
0.00446444
0.00292618
0.00234781
0.00235507
0.00258384
0.00287096
0.00316275
0.00344111
0.00370909
0.00397869
0.00424574
0.0044528
0.00446035
0.00393313
0.0021798
0.00841298
0.00266515
0.00248844
0.0023118
0.00191287
0.00144813
0.00104747
0.000914717
0.000966611
0.00109054
0.00123659
0.00138919
0.00154527
0.00170727
0.00188245
0.00208437
0.0022805
0.00241922
0.00242842
0.00217996
0.00132933
0.0105394
0.0209644
0.0250126
0.028721
0.032465
0.0358962
0.0386974
0.04076
0.0421105
0.0428492
0.0431151
0.0430677
0.0428697
0.0426669
0.042572
0.0426526
0.0429297
0.0433832
0.0439654
0.0110139
0.0221279
0.0265703
0.0303936
0.0340059
0.0371037
0.0394439
0.0409605
0.0417176
0.0418526
0.0415433
0.0409847
0.0403652
0.0398377
0.0394946
0.0393556
0.0393725
0.0394499
0.0394717
0.0114277
0.0231149
0.0278931
0.0317533
0.0351566
0.0378706
0.0397116
0.0406589
0.0408194
0.0403736
0.0395397
0.0385446
0.037584
0.0367821
0.0361638
0.0356555
0.0351133
0.034369
0.0332758
0.011769
0.0239079
0.0289818
0.0328027
0.0359397
0.0382373
0.0395603
0.0399382
0.039526
0.0385509
0.0372683
0.0359191
0.0346741
0.0335859
0.0325781
0.0314804
0.0300954
0.0282743
0.0259679
0.0120443
0.0245276
0.0298304
0.0335428
0.0363887
0.038252
0.0390581
0.0388898
0.0379544
0.0365251
0.0348831
0.0332557
0.031751
0.0303239
0.0288054
0.0269894
0.0247387
0.0220561
0.0191022
0.0122583
0.0249782
0.0304278
0.0340061
0.0365414
0.0379694
0.0382791
0.0376095
0.0362223
0.0344298
0.0325183
0.0306706
0.028906
0.0270878
0.0250137
0.02255
0.0197321
0.0167744
0.0139974
0.0124151
0.0252731
0.030802
0.034224
0.036441
0.0374483
0.0372993
0.0361917
0.0344391
0.0323792
0.0302778
0.0282462
0.0262117
0.023989
0.0214332
0.0185779
0.0156583
0.0130128
0.0109195
0.0125191
0.025428
0.0309813
0.0342307
0.0361336
0.0367482
0.0361925
0.034723
0.0326978
0.030461
0.0282313
0.0260339
0.0237259
0.0211428
0.0182803
0.0153631
0.0127412
0.0106996
0.00933064
0.012575
0.02546
0.0309933
0.0340617
0.0356649
0.0359257
0.0350257
0.0332769
0.0310701
0.0287332
0.0264164
0.0240594
0.0214928
0.0186446
0.0156899
0.0129848
0.0108538
0.00941584
0.0085934
0.0125878
0.0253859
0.030865
0.0337514
0.0350781
0.035032
0.0338557
0.0319107
0.0296045
0.0272267
0.0248448
0.0223303
0.0195407
0.0165486
0.0136884
0.0113448
0.00971387
0.00875119
0.00829017
0.0125625
0.0252221
0.030622
0.0333321
0.034412
0.0341105
0.0327275
0.0306646
0.0283282
0.0259499
0.0235103
0.0208417
0.017879
0.0148599
0.0122156
0.0102665
0.00905605
0.00843178
0.00820446
0.0125039
0.024984
0.0302877
0.0328327
0.0336997
0.0331962
0.0316737
0.0295628
0.0272506
0.0248954
0.022396
0.0195797
0.0165004
0.013545
0.0111687
0.00957955
0.00869267
0.00830428
0.00823045
0.0124169
0.024686
0.0298831
0.0322782
0.0329682
0.0323152
0.0307157
0.0286162
0.026368
0.024046
0.0214791
0.0185262
0.0153823
0.0125473
0.0104426
0.00915396
0.00850837
0.00828606
0.00831676
0.0123059
0.0243407
0.0294266
0.0316894
0.0322387
0.031486
0.0298647
0.0278247
0.0256668
0.0233776
0.0207338
0.0176584
0.0144925
0.0118057
0.00994956
0.00890139
0.00843613
0.00833353
0.00843881
0.0121751
0.0239592
0.0289336
0.0310831
0.0315267
0.0307197
0.0291241
0.0271806
0.0251279
0.0228629
0.0201242
0.0169474
0.0137964
0.0112653
0.00962467
0.00876567
0.00843707
0.0084236
0.00858496
0.012028
0.023551
0.0284168
0.0304725
0.0308431
0.0300221
0.0284912
0.0266709
0.0247291
0.0224511
0.0196015
0.0163633
0.0132616
0.0108813
0.00942197
0.00871257
0.0084891
0.00854408
0.00874975
0.011868
0.0231242
0.0278865
0.0298672
0.0301947
0.0293945
0.0279596
0.0262795
0.0244419
0.0221179
0.0191596
0.0158801
0.0128537
0.0106188
0.00931063
0.00872014
0.00857907
0.00868842
0.0089305
0.011698
0.0226853
0.0273508
0.0292744
0.0295853
0.0288352
0.0275198
0.0259894
0.02422
0.0218453
0.0187916
0.0154857
0.01255
0.010452
0.00926931
0.00877421
0.00869904
0.00885275
0.00912547
0.0115205
0.0222396
0.0268159
0.0286989
0.0290164
0.0283403
0.0271607
0.0257808
0.024054
0.021627
0.0184907
0.0151716
0.0123329
0.0103612
0.00928291
0.00886524
0.00884364
0.00903415
0.00933289
0.0113375
0.0217916
0.0262865
0.0281437
0.0284876
0.0279042
0.0268707
0.0256363
0.0239361
0.0214579
0.0182513
0.0149296
0.0121878
0.0103305
0.00934054
0.00898594
0.00900795
0.00922923
0.00955007
0.0111509
0.0213444
0.0257658
0.0276106
0.0279972
0.0275204
0.0266382
0.0255343
0.0238572
0.0213334
0.0180683
0.0147543
0.0120974
0.0103447
0.00943216
0.00912869
0.00918581
0.0094329
0.00977272
0.0109622
0.0209008
0.0252562
0.0271
0.0275428
0.0271822
0.0264518
0.0254615
0.0238109
0.0212495
0.0179374
0.0146375
0.0120546
0.0103944
0.00954794
0.0092845
0.00936943
0.00963859
0.0099951
0.0107724
0.0204626
0.0247593
0.0266119
0.0271214
0.026883
0.0263017
0.0254133
0.0237929
0.0212021
0.0178549
0.014574
0.0120559
0.0104698
0.00967611
0.00944503
0.00955287
0.00984036
0.0102118
0.0105827
0.0200312
0.0242759
0.0261457
0.0267298
0.0266168
0.0261798
0.0253855
0.0237999
0.0211889
0.0178174
0.0145579
0.0120952
0.0105678
0.00981543
0.00961025
0.00973655
0.0100386
0.010421
0.0103938
0.0196079
0.0238065
0.0257003
0.0263648
0.0263778
0.0260797
0.0253747
0.023829
0.0212076
0.0178217
0.0145846
0.0121681
0.010686
0.00996486
0.00977953
0.00992004
0.0102332
0.0106232
0.0102062
0.0191931
0.0233512
0.0252745
0.0260232
0.0261611
0.0259961
0.0253777
0.0238776
0.0212562
0.0178651
0.0146501
0.0122709
0.0108224
0.0101236
0.00995241
0.010103
0.0104237
0.0108182
0.0100205
0.0187874
0.0229098
0.0248669
0.025702
0.0259624
0.0259244
0.0253918
0.0239434
0.0213326
0.0179448
0.014751
0.012401
0.0109757
0.0102913
0.0101286
0.0102851
0.01061
0.0110059
0.009837
0.018391
0.0224819
0.0244761
0.0253985
0.025778
0.0258612
0.0254143
0.0240242
0.0214351
0.0180584
0.0148847
0.0125562
0.011145
0.0104675
0.010308
0.0104662
0.0107916
0.0111857
0.00965574
0.0180037
0.0220671
0.0241006
0.0251101
0.0256048
0.0258034
0.0254432
0.0241181
0.0215617
0.0182038
0.0150489
0.0127352
0.0113297
0.0106522
0.0104906
0.0106462
0.0109683
0.0113573
0.00947704
0.0176254
0.0216647
0.0237392
0.0248347
0.02544
0.0257487
0.0254763
0.024223
0.0217108
0.0183792
0.0152419
0.012937
0.0115297
0.0108457
0.0106766
0.0108252
0.0111404
0.0115209
0.00930135
0.0172561
0.021274
0.0233907
0.0245703
0.0252814
0.0256946
0.0255114
0.0243367
0.0218808
0.0185833
0.0154627
0.0131612
0.0117455
0.0110488
0.0108672
0.0110045
0.0113088
0.0116782
0.00912846
0.0168967
0.0208946
0.023054
0.0243153
0.0251266
0.0256376
0.0255427
0.0244536
0.0220711
0.0188202
0.0157132
0.013409
0.0119787
0.0112634
0.011065
0.0111871
0.0114762
0.0118287
0.00896218
0.0165456
0.0205251
0.0227272
0.0240674
0.0249739
0.0255765
0.025569
0.0245693
0.0222719
0.019081
0.0159967
0.0136871
0.0122358
0.0114965
0.0112746
0.0113747
0.0116428
0.0119744
0.00880172
0.0162025
0.0201652
0.0224093
0.0238255
0.0248218
0.0255103
0.0255891
0.0246823
0.0224805
0.0193637
0.0163102
0.0139951
0.0125191
0.0117498
0.0114975
0.0115691
0.0118109
0.0121184
0.0086464
0.0158675
0.0198143
0.0220994
0.0235885
0.0246693
0.0254383
0.0256021
0.0247913
0.022695
0.0196661
0.016652
0.0143328
0.0128292
0.0120246
0.0117359
0.0117731
0.011984
0.0122648
0.00849566
0.0155404
0.0194719
0.0217969
0.0233554
0.0245154
0.02536
0.0256072
0.0248952
0.0229136
0.0199858
0.0170205
0.0146997
0.013167
0.0123229
0.0119924
0.0119901
0.0121664
0.0124186
0.00834901
0.0152212
0.0191376
0.021501
0.0231253
0.0243595
0.0252749
0.025604
0.0249926
0.0231344
0.0203206
0.0174138
0.0150954
0.0135334
0.012647
0.0122705
0.0122245
0.0123631
0.0125855
0.00820603
0.0149094
0.0188106
0.0212111
0.0228975
0.024201
0.0251831
0.0255919
0.0250827
0.0233553
0.020668
0.0178302
0.0155194
0.0139297
0.0129994
0.0125741
0.0124814
0.01258
0.0127716
0.00806633
0.0146044
0.0184907
0.0209267
0.0226716
0.0240398
0.0250844
0.0255706
0.0251645
0.0235745
0.0210256
0.0182682
0.0159712
0.0143574
0.0133833
0.0129076
0.0127662
0.0128234
0.0129843
0.00792956
0.014306
0.0181774
0.0206473
0.0224472
0.0238757
0.0249791
0.0255402
0.0252372
0.0237899
0.0213886
0.0187261
0.0164517
0.014818
0.0138022
0.013276
0.0130853
0.0131004
0.0132325
0.00779543
0.0140138
0.0178705
0.0203726
0.022224
0.0237087
0.0248674
0.0255007
0.0253004
0.0239996
0.0217546
0.0192003
0.0169606
0.015313
0.0142593
0.0136843
0.0134446
0.013419
0.0135263
0.00766364
0.0137276
0.0175695
0.0201022
0.0220018
0.023539
0.0247497
0.0254523
0.0253536
0.024202
0.0221208
0.0196868
0.0174962
0.0158443
0.0147579
0.0141373
0.0138505
0.0137891
0.0138769
0.00753397
0.0134472
0.0172742
0.0198358
0.0217807
0.0233668
0.0246267
0.0253956
0.0253968
0.0243955
0.0224847
0.020183
0.0180563
0.0164119
0.0153008
0.0146392
0.0143114
0.0142207
0.0142966
0.0074062
0.0131723
0.0169842
0.0195732
0.0215607
0.0231926
0.0244991
0.025331
0.02543
0.0245792
0.0228439
0.0206861
0.0186385
0.0170156
0.0158896
0.0151943
0.0148349
0.0147246
0.0147996
0.00728013
0.0129027
0.0166994
0.0193144
0.021342
0.023017
0.0243676
0.0252595
0.025454
0.0247525
0.0231965
0.0211935
0.0192406
0.0176551
0.0165242
0.0158082
0.0154296
0.015313
0.0154017
0.00715562
0.0126384
0.0164196
0.0190592
0.0211248
0.0228406
0.0242334
0.0251821
0.0254695
0.0249153
0.0235411
0.0217028
0.0198604
0.0183281
0.0172072
0.0164862
0.016105
0.0159995
0.0161214
0.00703252
0.0123791
0.0161446
0.0188078
0.0209096
0.0226643
0.0240976
0.0251002
0.0254779
0.0250681
0.0238768
0.0222121
0.0204968
0.0190311
0.0179404
0.0172349
0.016872
0.0168006
0.0169809
0.00691073
0.0121247
0.0158743
0.01856
0.0206968
0.022489
0.0239615
0.0250153
0.0254809
0.0252124
0.0242039
0.0227206
0.0211467
0.0197668
0.0187281
0.0180623
0.0177444
0.0177368
0.018009
0.00679016
0.0118752
0.0156087
0.0183162
0.020487
0.0223159
0.0238266
0.0249291
0.0254806
0.02535
0.0245237
0.0232291
0.021807
0.0205357
0.0195758
0.0189796
0.0187404
0.018834
0.0192367
0.00667076
0.0116305
0.0153477
0.0180764
0.0202806
0.0221458
0.0236945
0.0248435
0.0254793
0.0254838
0.0248385
0.0237383
0.0224815
0.0213424
0.0204922
0.020002
0.019884
0.0201276
0.0207181
0.0065525
0.0113906
0.0150914
0.0178408
0.0200783
0.02198
0.0235667
0.0247607
0.0254799
0.025617
0.025152
0.0242491
0.0231742
0.0221942
0.0214896
0.0211507
0.0212075
0.0216596
0.0224859
0.00643538
0.0111555
0.0148398
0.0176097
0.0198806
0.021819
0.0234441
0.0246826
0.0254852
0.0257533
0.0254683
0.0247664
0.0238915
0.0231011
0.0225859
0.0224546
0.022754
0.0234869
0.0244837
0.00631942
0.0109252
0.0145929
0.0173834
0.0196878
0.0216627
0.0233241
0.0246113
0.0254978
0.0258968
0.0257921
0.0252981
0.0246429
0.0240778
0.0238053
0.0239529
0.0245774
0.0256825
0.0266684
0.00620468
0.0106998
0.014351
0.0171619
0.0195002
0.0215113
0.0232082
0.0245482
0.0255204
0.0260512
0.0261277
0.0258515
0.0254399
0.0251437
0.0251807
0.0256948
0.0267257
0.0280756
0.0287877
0.00609125
0.0104794
0.0141143
0.0169456
0.019318
0.0213654
0.0230978
0.0244945
0.0255552
0.0262199
0.0264805
0.0264353
0.0262963
0.0263231
0.0267538
0.0277412
0.0293197
0.0305463
0.030439
0.00597923
0.0102642
0.0138827
0.0167346
0.0191412
0.0212252
0.022994
0.0244513
0.0256041
0.026406
0.0268565
0.0270583
0.0272281
0.0276447
0.0285678
0.0301018
0.0319842
0.03256
0.0309059
0.00586877
0.0100544
0.0136567
0.0165288
0.0189698
0.0210908
0.0228976
0.0244191
0.0256683
0.0266119
0.0272603
0.0277291
0.0282517
0.0291384
0.0306602
0.0328163
0.0345021
0.0333241
0.0293481
0.00576002
0.00985019
0.0134365
0.0163285
0.0188035
0.0209621
0.0228091
0.0243983
0.0257481
0.0268388
0.027695
0.0284541
0.0293792
0.0308162
0.0329878
0.0355404
0.0361562
0.0316623
0.0251211
0.00565316
0.00965191
0.0132223
0.0161337
0.0186423
0.0208387
0.0227285
0.0243885
0.0258432
0.0270863
0.0281606
0.0292336
0.0306069
0.0326395
0.0353709
0.0377183
0.0357948
0.0268838
0.0187771
0.00554846
0.00946062
0.0130155
0.0159457
0.018487
0.0207213
0.0226564
0.0243888
0.0259508
0.0273496
0.0286487
0.0300519
0.0318923
0.0344759
0.0374713
0.0387551
0.032636
0.0199002
0.0112637
0.00546735
0.00931287
0.0128546
0.0157982
0.0183644
0.020629
0.0226031
0.024396
0.0260482
0.0275784
0.02907
0.0307581
0.0329801
0.0358961
0.0386934
0.0380681
0.0272117
0.0130273
0.00471535
0.0053878
0.00916931
0.012699
0.0156558
0.0182461
0.0205407
0.0225551
0.0244083
0.0261506
0.0278115
0.0294927
0.0314482
0.0339629
0.036928
0.0390118
0.0360637
0.0214165
0.0077753
0.00256504
0.00530973
0.00902883
0.0125464
0.0155153
0.0181289
0.0204537
0.0225107
0.0244255
0.0262601
0.0280542
0.029924
0.0321205
0.0348001
0.0374721
0.0382405
0.0326625
0.0151597
0.00510871
0.00246597
0.00165812
0.00145228
0.00138774
0.0013848
0.00140693
0.00144032
0.00147731
0.00151381
0.0015474
0.00157655
0.00160011
0.00161695
0.00162563
0.00162392
0.00160787
0.00156996
0.00149611
0.00136427
0.00116517
0.000855939
0.00019281
0.00356865
0.0031601
0.003018
0.00298826
0.00301751
0.00307027
0.00312963
0.00318701
0.00323689
0.00327506
0.00329789
0.00330186
0.0032833
0.00323768
0.00315834
0.00303408
0.00284471
0.00254973
0.00211095
0.00149169
0.00053776
0.00459353
0.00429292
0.00417669
0.00413888
0.00416297
0.00421934
0.00428687
0.00435175
0.00440434
0.00443647
0.00444049
0.00440876
0.00433368
0.00420772
0.00402368
0.00377458
0.00345231
0.00304245
0.00251244
0.00182729
0.00079479
0.0053902
0.00515702
0.00505442
0.00502411
0.00505214
0.00512235
0.00521092
0.0052984
0.00537177
0.0054197
0.00543106
0.00539444
0.00529814
0.00513064
0.00488138
0.00454187
0.00410617
0.00356839
0.0029159
0.00212326
0.00101077
0.00596415
0.00577921
0.00570504
0.00569681
0.00575109
0.00584638
0.00596523
0.00608567
0.0061925
0.00627211
0.00631075
0.00629383
0.00620579
0.00603057
0.00575262
0.00535846
0.00483825
0.0041847
0.00338698
0.00242644
0.00119223
0.00636171
0.00622941
0.00619109
0.00621273
0.00629739
0.00642376
0.00657527
0.0067311
0.00687484
0.00699137
0.00706512
0.00707916
0.00701496
0.00685256
0.00657128
0.00615109
0.00557451
0.004827
0.00389138
0.00274819
0.00135046
0.00667076
0.00657552
0.00656482
0.00661869
0.00673383
0.00689161
0.00707386
0.00726372
0.00744332
0.00759638
0.007706
0.00775361
0.00771853
0.00757784
0.00730681
0.00687952
0.00627003
0.00545269
0.00439686
0.00307328
0.00149278
0.00692844
0.0068587
0.00687089
0.00695308
0.00709588
0.0072822
0.00749358
0.00771454
0.00792666
0.00811289
0.00825539
0.0083344
0.00832768
0.00821025
0.00795442
0.00752976
0.00690317
0.00603741
0.00488524
0.00339672
0.00162376
0.00715642
0.0071035
0.00713703
0.00724447
0.00741237
0.00762439
0.00786239
0.00811088
0.00835129
0.00856607
0.0087367
0.00884259
0.00886039
0.00876366
0.00852265
0.00810387
0.00746876
0.00657036
0.00534434
0.00371272
0.00174568
0.00736921
0.00732645
0.00738175
0.00751287
0.00770445
0.00793996
0.00820166
0.00847398
0.00873824
0.00897658
0.00917003
0.00929738
0.0093345
0.00925393
0.00902459
0.00861104
0.00797112
0.00705041
0.00576906
0.00401736
0.00186018
0.00757688
0.00754316
0.00761829
0.00777202
0.00798619
0.00824337
0.00852603
0.00881862
0.00910245
0.00935947
0.00957043
0.00971373
0.00976467
0.00969509
0.00947311
0.00906225
0.00841829
0.00748153
0.00615899
0.00430839
0.00196849
0.0077843
0.00776041
0.00785462
0.00803028
0.00826601
0.00854317
0.00884426
0.00915379
0.00945318
0.00972433
0.00994788
0.010102
0.0101615
0.0100979
0.00987879
0.00946746
0.00881883
0.00786976
0.00651647
0.00458512
0.00207158
0.00799357
0.00798158
0.00809493
0.00829188
0.00854796
0.00884338
0.00916047
0.00948378
0.009795
0.0100761
0.0103079
0.0104682
0.0105318
0.0104696
0.0102494
0.00983461
0.0091803
0.00822131
0.00684503
0.00484793
0.00217028
0.00820529
0.00820794
0.00834064
0.008558
0.00883295
0.00914469
0.00947527
0.00980928
0.0101289
0.0104163
0.0106525
0.0108153
0.0108791
0.0108148
0.0105902
0.0101695
0.00950878
0.00854176
0.00714847
0.00509779
0.00226532
0.00842028
0.00843951
0.0085913
0.00882773
0.00911967
0.00944545
0.00978687
0.0101285
0.0104532
0.0107437
0.0109811
0.0111434
0.0112047
0.0111356
0.0109043
0.0104762
0.00980893
0.00883578
0.00743034
0.005336
0.00235731
0.00863972
0.00867555
0.0088453
0.00909886
0.00940543
0.0097426
0.0100919
0.0104381
0.0107648
0.0110554
0.0112915
0.011451
0.0115079
0.0114325
0.0111932
0.0107573
0.0100842
0.00910717
0.00769381
0.00556392
0.00244682
0.00886328
0.00891459
0.00910029
0.0093684
0.00968673
0.0100322
0.0103864
0.010734
0.0110597
0.0113479
0.0115805
0.0117358
0.0117873
0.0117049
0.0114576
0.0110145
0.0103373
0.00935902
0.0079416
0.00578288
0.00253438
0.00908979
0.00915458
0.00935343
0.00963294
0.00995971
0.0103102
0.0106659
0.0110118
0.0113338
0.0116171
0.0118445
0.0119946
0.0120404
0.0119514
0.0116973
0.011249
0.0105703
0.00959388
0.00817604
0.00599417
0.00262046
0.00931727
0.00939284
0.00960156
0.00988889
0.0102205
0.0105725
0.0109266
0.0112677
0.011583
0.0118591
0.01208
0.0122243
0.0122647
0.0121704
0.0119118
0.0114615
0.0107849
0.00981386
0.00839909
0.00619894
0.00270556
0.00954401
0.00962621
0.00984133
0.0101326
0.0104654
0.0108156
0.0111648
0.0114979
0.0118038
0.0120707
0.0122836
0.0124216
0.0124576
0.0123602
0.0121007
0.011653
0.0109827
0.0100208
0.00861242
0.00639827
0.00279012
0.00976797
0.0098517
0.0100694
0.0103608
0.0106915
0.0110367
0.0113775
0.0116996
0.0119934
0.0122488
0.0124521
0.0125836
0.0126167
0.0125193
0.0122637
0.0118241
0.011165
0.010216
0.00881739
0.00659316
0.00287461
0.00998768
0.010068
0.0102825
0.0105711
0.0108967
0.0112334
0.0115625
0.0118705
0.0121493
0.0123906
0.0125827
0.0127079
0.0127407
0.0126477
0.0124003
0.0119748
0.0113324
0.0104005
0.00901516
0.00678455
0.00295952
0.0102019
0.0102737
0.0104802
0.0107623
0.0110791
0.0114038
0.0117182
0.0120088
0.0122694
0.012494
0.0126738
0.0127949
0.0128309
0.0127468
0.0125121
0.0121059
0.0114853
0.0105751
0.00920677
0.00697336
0.00304533
0.0104105
0.0104693
0.0106638
0.010934
0.0112379
0.0115473
0.0118432
0.012113
0.0123527
0.0125591
0.0127273
0.0128447
0.0128864
0.0128166
0.0126007
0.0122183
0.0116244
0.0107407
0.00939331
0.00716052
0.00313256
0.0106142
0.0106562
0.010834
0.0110875
0.0113734
0.0116628
0.0119368
0.0121835
0.0124004
0.0125873
0.0127425
0.0128569
0.0129076
0.0128575
0.0126674
0.0123128
0.0117506
0.0108985
0.00957589
0.00734695
0.00322179
0.0108142
0.0108352
0.0109915
0.0112233
0.0114866
0.0117517
0.012
0.0122204
0.0124123
0.0125785
0.0127206
0.0128332
0.0128959
0.0128709
0.0127134
0.0123927
0.0118669
0.0110501
0.00975561
0.00753357
0.00331362
0.0110112
0.0110063
0.0111359
0.0113407
0.0115763
0.0118127
0.0120317
0.0122235
0.0123894
0.0125348
0.0126645
0.0127765
0.0128538
0.0128586
0.0127402
0.0124595
0.0119749
0.0111966
0.00993355
0.00772128
0.00340872
0.0112042
0.0111689
0.0112663
0.0114386
0.0116417
0.0118459
0.0120331
0.0121954
0.0123354
0.0124607
0.0125785
0.0126907
0.0127842
0.0128225
0.012749
0.0125145
0.0120758
0.0113393
0.0101107
0.00791096
0.00350789
0.0113889
0.0113203
0.0113816
0.011517
0.0116837
0.0118526
0.0120068
0.0121397
0.0122547
0.0123607
0.0124675
0.0125803
0.0126906
0.0127646
0.0127409
0.0125586
0.0121705
0.011479
0.010288
0.00810345
0.00361201
0.0115628
0.0114565
0.0114791
0.011575
0.0117032
0.0118359
0.0119571
0.0120613
0.0121523
0.0122401
0.0123363
0.0124497
0.0125766
0.012687
0.0127168
0.0125923
0.0122596
0.0116165
0.0104663
0.00829959
0.00372216
0.0117253
0.0115765
0.011557
0.0116123
0.0117017
0.0117984
0.0118876
0.0119644
0.0120327
0.0121035
0.01219
0.0123039
0.0124464
0.0125924
0.0126775
0.0126161
0.0123432
0.0117521
0.0106464
0.00850005
0.00383966
0.0118769
0.0116823
0.011617
0.0116294
0.0116801
0.0117426
0.0118012
0.0118523
0.0118996
0.0119547
0.0120323
0.012147
0.0123041
0.0124843
0.012625
0.0126303
0.0124212
0.0118863
0.0108289
0.00870584
0.00396613
0.0120188
0.0117762
0.0116628
0.01163
0.0116407
0.0116691
0.0116999
0.0117273
0.0117557
0.0117968
0.0118667
0.0119823
0.0121532
0.0123659
0.0125616
0.0126366
0.0124951
0.0120211
0.0110155
0.00891786
0.0040989
0.0121519
0.0118607
0.0116977
0.011618
0.0115872
0.0115808
0.0115842
0.0115914
0.011603
0.0116324
0.0116962
0.0118132
0.0119971
0.0122403
0.0124895
0.0126362
0.012567
0.0121584
0.0112081
0.00913796
0.00423742
0.0122774
0.0119381
0.0117251
0.0115976
0.0115242
0.011482
0.0114575
0.0114449
0.0114438
0.0114639
0.0115236
0.0116431
0.0118393
0.0121107
0.0124109
0.0126302
0.0126377
0.0122997
0.0114078
0.00936724
0.00438202
0.0123968
0.0120109
0.0117485
0.0115733
0.0114567
0.0113779
0.0113246
0.011292
0.0112797
0.0112942
0.0113523
0.0114755
0.0116836
0.0119806
0.0123285
0.0126197
0.012708
0.0124458
0.0116156
0.00960681
0.00453344
0.0125113
0.0120815
0.0117716
0.0115496
0.01139
0.0112744
0.0111918
0.0111386
0.011115
0.0111272
0.0111859
0.0113141
0.0115336
0.0118535
0.012245
0.0126063
0.0127788
0.0125977
0.0118329
0.0098578
0.00469229
0.0126221
0.0121524
0.0117979
0.0115311
0.0113296
0.0111775
0.0110654
0.010991
0.0109555
0.0109652
0.0110284
0.011163
0.0113933
0.0117334
0.0121635
0.0125917
0.0128508
0.0127561
0.0120609
0.0101214
0.00485917
0.0127305
0.0122256
0.0118305
0.0115219
0.0112808
0.0110934
0.0109522
0.0108563
0.0108084
0.0108147
0.0108838
0.0110265
0.0112669
0.0116241
0.0120876
0.0125779
0.012925
0.0129221
0.012301
0.0103989
0.00503476
0.0128373
0.012303
0.0118723
0.011526
0.0112483
0.0110277
0.0108586
0.0107409
0.0106805
0.0106826
0.0107561
0.0109091
0.0111588
0.0115299
0.0120209
0.0125674
0.0130022
0.0130963
0.0125546
0.0106916
0.00521975
0.0129432
0.0123859
0.0119253
0.0115464
0.0112362
0.0109855
0.0107904
0.0106523
0.0105786
0.0105757
0.0106521
0.0108152
0.0110732
0.0114548
0.0119673
0.0125629
0.0130836
0.0132795
0.0128232
0.0110009
0.00541488
0.0130486
0.0124751
0.011991
0.0115852
0.0112474
0.0109707
0.0107525
0.0105957
0.0105087
0.0104998
0.0105773
0.0107476
0.0110142
0.0114027
0.0119308
0.0125676
0.0131704
0.0134716
0.0131082
0.0113281
0.00562106
0.0131534
0.0125708
0.0120702
0.0116438
0.011284
0.0109858
0.0107482
0.0105751
0.0104756
0.0104602
0.0105373
0.0107119
0.0109848
0.011377
0.0119151
0.0125851
0.0132642
0.0136736
0.0134116
0.0116749
0.00583941
0.0132574
0.012673
0.0121629
0.0117225
0.0113467
0.0110323
0.0107795
0.0105931
0.0104826
0.0104607
0.0105361
0.0107123
0.0109877
0.0113805
0.011924
0.0126194
0.0133676
0.0138872
0.0137353
0.0120428
0.00607124
0.0133601
0.0127809
0.0122685
0.0118208
0.0114353
0.0111102
0.010847
0.0106512
0.0105322
0.0105042
0.0105765
0.0107513
0.011025
0.0114155
0.0119605
0.0126741
0.0134826
0.0141119
0.0140795
0.0124326
0.00631794
0.0134607
0.0128935
0.0123855
0.0119373
0.0115483
0.0112183
0.0109498
0.0107488
0.0106253
0.0105918
0.01066
0.0108305
0.0110983
0.0114839
0.0120272
0.0127526
0.013611
0.0143467
0.0144424
0.0128442
0.00658136
0.0135584
0.0130092
0.0125122
0.01207
0.0116837
0.0113545
0.0110858
0.0108842
0.0107595
0.0107229
0.0107867
0.0109504
0.0112086
0.0115871
0.012126
0.0128572
0.0137541
0.0145896
0.0148186
0.0132765
0.00686447
0.0136527
0.0131265
0.0126464
0.0122163
0.0118385
0.0115157
0.011252
0.0110543
0.0109324
0.0108957
0.0109554
0.01111
0.0113563
0.0117261
0.0122579
0.012989
0.0139132
0.0148399
0.0152093
0.0137401
0.00717273
0.0137424
0.0132443
0.0127858
0.012373
0.0120094
0.0116981
0.0114443
0.0112552
0.0111403
0.0111083
0.0111633
0.0113062
0.0115414
0.0119011
0.0124224
0.0131474
0.0140886
0.0150971
0.015613
0.014242
0.00751064
0.0138267
0.013361
0.0129288
0.0125376
0.0121925
0.0118977
0.0116584
0.011482
0.0113776
0.0113521
0.0114051
0.0115365
0.011762
0.0121104
0.0126182
0.0133314
0.01428
0.0153608
0.0160283
0.0147874
0.00788134
0.0139049
0.0134749
0.013073
0.0127073
0.0123844
0.0121099
0.011889
0.0117292
0.0116385
0.0116217
0.011676
0.0117977
0.0120144
0.0123508
0.0128426
0.0135394
0.0144873
0.0156306
0.0164547
0.0153839
0.00828585
0.013976
0.0135842
0.0132158
0.0128791
0.0125814
0.0123299
0.0121308
0.0119906
0.0119157
0.0119086
0.0119624
0.0120826
0.0122925
0.0126172
0.0130921
0.0137699
0.0147106
0.0159065
0.0168948
0.0160461
0.00871717
0.0140389
0.0136868
0.0133541
0.0130491
0.0127797
0.0125533
0.0123777
0.0122592
0.0122017
0.0122038
0.0122603
0.0123856
0.0125906
0.0129046
0.0133631
0.0140211
0.0149504
0.0161894
0.0173561
0.0167845
0.00914006
0.0140918
0.0137803
0.0134845
0.013213
0.0129739
0.0127749
0.0126238
0.0125274
0.0124873
0.0124958
0.0125584
0.0126877
0.012898
0.0132069
0.0136508
0.0142906
0.0152076
0.016482
0.017838
0.017601
0.00955805
0.0141319
0.0138611
0.0136027
0.0133655
0.0131577
0.0129873
0.012862
0.0127874
0.0127625
0.0127795
0.0128485
0.0129812
0.0131925
0.0135037
0.0139487
0.0145798
0.0154874
0.016791
0.0183322
0.0184951
0.0100551
0.0141544
0.0139238
0.0137027
0.0134999
0.0133236
0.0131819
0.0130821
0.0130287
0.0130153
0.0130426
0.0131188
0.0132553
0.0134669
0.0137755
0.0142149
0.014841
0.0157485
0.0170908
0.0188569
0.0195841
0.010898
0.0141519
0.0139607
0.0137762
0.0136071
0.0134617
0.0133479
0.0132726
0.0132385
0.0132369
0.0132737
0.0133569
0.0134973
0.0137094
0.0140149
0.0144476
0.0150639
0.0159613
0.0173122
0.0192389
0.0205602
0.0119282
0.0141132
0.0139604
0.0138114
0.0136749
0.013559
0.0134715
0.0134187
0.0133998
0.0134106
0.013457
0.0135471
0.0136913
0.0139039
0.0142064
0.0146322
0.0152374
0.0161213
0.0174683
0.0195253
0.0215303
0.0130257
0.0140232
0.0139074
0.0137925
0.0136869
0.0135986
0.0135354
0.0135027
0.0134974
0.0135193
0.0135744
0.0136705
0.0138178
0.0140303
0.014329
0.0147467
0.0153389
0.0162038
0.0175377
0.0196326
0.0222956
0.0145012
0.0138622
0.0137818
0.013699
0.0136221
0.0135592
0.0135175
0.0135021
0.0135089
0.0135404
0.0136028
0.0137036
0.0138526
0.0140636
0.0143567
0.0147632
0.0153374
0.0161718
0.017485
0.0195648
0.0235252
0.0161669
0.0052133
0.00885784
0.0123616
0.0153454
0.017987
0.0203492
0.0224609
0.0244515
0.0263996
0.028354
0.0304378
0.0328532
0.0355105
0.0374265
0.0362153
0.0275646
0.0118963
0.00485959
0.00263174
0.00511958
0.00869339
0.0121828
0.0151795
0.0178471
0.0202464
0.0224155
0.0244824
0.0265451
0.0286573
0.0309302
0.0334596
0.0358322
0.0366245
0.0332876
0.0231536
0.0112176
0.00599647
0.004398
0.00502881
0.008536
0.0120112
0.0150191
0.0177107
0.0201468
0.0223748
0.0245163
0.0266914
0.0289509
0.031369
0.0338823
0.035757
0.0353433
0.0303022
0.0201835
0.0105542
0.00653253
0.0052589
0.00494111
0.00838545
0.0118466
0.0148644
0.017578
0.0200506
0.0223381
0.0245523
0.0268356
0.0292274
0.0317354
0.034103
0.0353347
0.0337223
0.0277338
0.0183429
0.01034
0.00693671
0.00587036
0.00485657
0.00824103
0.0116889
0.0147151
0.0174489
0.0199578
0.0223045
0.0245893
0.0269751
0.0294787
0.0320131
0.0341187
0.0346308
0.0319842
0.0255906
0.0170928
0.0103525
0.00734373
0.00636409
0.00477525
0.00810263
0.0115382
0.0145713
0.0173234
0.0198664
0.0222689
0.0246277
0.0271064
0.0296959
0.0321894
0.0339402
0.0337101
0.030305
0.0238312
0.0162026
0.0103752
0.00761382
0.00669113
0.00469715
0.00797033
0.0113943
0.0144328
0.0172014
0.0197759
0.0222314
0.0246662
0.0272257
0.0298701
0.0322573
0.0335906
0.0326753
0.0287326
0.0223686
0.0155475
0.0104184
0.00785283
0.00695976
0.00462226
0.00784413
0.011257
0.0142995
0.0170827
0.0196865
0.0221931
0.024703
0.0273289
0.0299925
0.0322165
0.0331024
0.0316098
0.0273209
0.0211547
0.0150227
0.0104675
0.00807839
0.0071986
0.00455056
0.00772392
0.0111258
0.0141709
0.0169671
0.0195983
0.0221546
0.0247357
0.0274116
0.0300572
0.0320742
0.0325163
0.0305527
0.0260701
0.0201565
0.0145706
0.0104957
0.0082893
0.00742082
0.00448199
0.00760949
0.0110004
0.0140468
0.0168545
0.0195113
0.0221147
0.0247598
0.0274704
0.0300621
0.0318408
0.0318712
0.0295412
0.0249747
0.0193332
0.0141862
0.0105128
0.00848479
0.0076331
0.00441648
0.00750055
0.0108804
0.0139269
0.0167446
0.0194252
0.022071
0.0247695
0.0275036
0.030009
0.031529
0.0311893
0.0285857
0.0240199
0.0186553
0.0138736
0.0105269
0.00866406
0.00783939
0.00435394
0.00739677
0.0107653
0.0138107
0.0166371
0.0193397
0.0220232
0.0247656
0.0275076
0.0299004
0.0311561
0.0304953
0.0276946
0.0231918
0.0180993
0.0136328
0.0105431
0.00882805
0.00804157
0.00429426
0.00729783
0.0106546
0.0136978
0.0165317
0.0192545
0.0219708
0.0247468
0.0274791
0.0297392
0.0307394
0.029809
0.0268778
0.0224747
0.0176404
0.0134524
0.0105752
0.00898556
0.00824118
0.00423731
0.00720334
0.010548
0.013588
0.0164282
0.019169
0.0219127
0.0247092
0.0274113
0.029529
0.0302872
0.029143
0.0261361
0.0218527
0.0172629
0.0133247
0.0106303
0.00913978
0.00843826
0.00418297
0.00711295
0.0104449
0.0134809
0.0163261
0.0190828
0.021848
0.0246512
0.0273031
0.0292715
0.029815
0.0285054
0.0254667
0.0213159
0.016956
0.0132433
0.0107075
0.00929977
0.00863683
0.00413108
0.00702629
0.0103449
0.013376
0.0162251
0.0189953
0.0217759
0.0245727
0.0271576
0.028975
0.0293335
0.0279011
0.0248661
0.020855
0.0167103
0.0132026
0.0108057
0.00946846
0.00883888
0.00408151
0.00694302
0.0102478
0.0132731
0.0161249
0.0189058
0.0216954
0.0244738
0.0269792
0.0286491
0.0288512
0.0273328
0.0243286
0.0204615
0.0165187
0.0131976
0.0109233
0.00964677
0.00904594
0.00403408
0.00686279
0.010153
0.0131718
0.0160249
0.0188136
0.0216056
0.0243548
0.0267723
0.0283018
0.0283744
0.0268011
0.0238487
0.0201278
0.016375
0.0132241
0.0110585
0.00983434
0.00925823
0.00398866
0.00678529
0.0100602
0.0130717
0.0159248
0.018718
0.0215056
0.0242164
0.0265408
0.0279399
0.0279077
0.0263055
0.0234213
0.0198473
0.0162732
0.013278
0.0112093
0.0100303
0.00947478
0.00394507
0.00671021
0.00996907
0.0129724
0.015824
0.0186181
0.0213948
0.0240594
0.0262888
0.0275686
0.0274542
0.0258454
0.0230417
0.0196137
0.0162081
0.0133559
0.0113738
0.0102333
0.00969421
0.00390315
0.00663725
0.00987934
0.0128736
0.0157219
0.0185134
0.0212728
0.0238849
0.0260195
0.0271918
0.0270138
0.0254208
0.022706
0.0194218
0.0161748
0.0134548
0.0115502
0.0104422
0.00991496
0.00386275
0.00656614
0.00979067
0.0127749
0.0156181
0.018403
0.0211394
0.023694
0.0257359
0.0268124
0.026587
0.0250288
0.0224115
0.0192674
0.0161696
0.0135721
0.0117374
0.0106558
0.0101355
0.0038237
0.00649662
0.00970278
0.0126759
0.0155119
0.0182863
0.0209943
0.023488
0.0254403
0.0264325
0.0261738
0.0246601
0.0221589
0.0191483
0.0161895
0.0137055
0.0119341
0.0108735
0.0103551
0.00378586
0.00642844
0.00961538
0.0125763
0.0154029
0.0181629
0.0208375
0.0232679
0.0251349
0.0260537
0.0257741
0.0243133
0.0219325
0.0190673
0.0162342
0.0138543
0.0121395
0.0110952
0.0105736
0.00374905
0.00636138
0.00952819
0.0124756
0.0152906
0.0180322
0.0206692
0.0230349
0.0248213
0.0256769
0.0253874
0.0239862
0.0217266
0.0190074
0.016309
0.01402
0.0123543
0.0113209
0.0107918
0.00371313
0.00629521
0.00944097
0.0123735
0.0151743
0.0178939
0.0204895
0.0227899
0.0245008
0.0253027
0.0250127
0.0236767
0.0215377
0.0189635
0.0163978
0.0142052
0.0125824
0.0115519
0.0110104
0.00367795
0.00622974
0.00935346
0.0122696
0.0150537
0.0177475
0.0202987
0.0225338
0.0241745
0.0249313
0.024649
0.0233824
0.0213636
0.0189328
0.0164969
0.0143971
0.0128185
0.0117909
0.011231
0.00364334
0.00616478
0.0092654
0.0121636
0.0149283
0.0175929
0.0200968
0.0222674
0.0238429
0.0245626
0.024295
0.0231013
0.0212019
0.0189127
0.016603
0.0145922
0.0130575
0.0120317
0.011451
0.00360917
0.00610017
0.00917657
0.012055
0.0147977
0.0174298
0.0198843
0.0219914
0.0235068
0.0241963
0.0239493
0.022831
0.02105
0.0189
0.016713
0.0147872
0.0132953
0.0122707
0.0116671
0.00357529
0.00603578
0.00908673
0.0119436
0.0146616
0.0172581
0.0196614
0.0217063
0.0231663
0.023832
0.0236105
0.0225692
0.020905
0.01889
0.0168239
0.0149809
0.0135287
0.012505
0.0118766
0.00354154
0.0059715
0.00899563
0.0118291
0.0145196
0.0170777
0.0194284
0.0214127
0.0228218
0.023469
0.0232769
0.0223138
0.0207642
0.0188796
0.0169326
0.0151707
0.0137549
0.0127323
0.0120782
0.00350779
0.00590731
0.00890301
0.011711
0.0143716
0.0168886
0.0191856
0.0211109
0.0224732
0.0231067
0.0229472
0.0220624
0.0206249
0.0188661
0.0170346
0.0153535
0.0139735
0.0129511
0.012271
0.00347391
0.00584315
0.00880853
0.0115891
0.0142172
0.0166909
0.0189333
0.0208014
0.0221206
0.0227444
0.0226197
0.021813
0.0204847
0.0188473
0.0171267
0.015525
0.0141828
0.0131613
0.012455
0.00343973
0.00577822
0.00871176
0.0114633
0.0140563
0.0164846
0.018672
0.0204845
0.0217639
0.0223813
0.0222931
0.0215636
0.0203414
0.0188208
0.017207
0.0156833
0.0143803
0.0133615
0.0126299
0.00340512
0.00571225
0.0086126
0.0113332
0.013889
0.0162701
0.0184021
0.0201606
0.0214032
0.0220168
0.021966
0.0213124
0.0201929
0.0187847
0.0172738
0.0158265
0.014564
0.0135503
0.0127957
0.00336992
0.00564507
0.00851092
0.0111987
0.0137153
0.0160474
0.0181239
0.01983
0.0210384
0.0216502
0.0216373
0.0210578
0.0200373
0.0187371
0.0173256
0.0159533
0.0147326
0.013727
0.0129528
0.00333398
0.00557654
0.00840652
0.0110599
0.0135351
0.015817
0.017838
0.0194932
0.0206695
0.0212811
0.0213058
0.0207982
0.019873
0.0186766
0.017361
0.0160626
0.0148852
0.013891
0.0131012
0.00329714
0.00550653
0.00829923
0.0109165
0.0133487
0.0155793
0.0175449
0.0191507
0.0202967
0.0209091
0.0209707
0.0205325
0.0196988
0.0186019
0.0173789
0.0161534
0.015021
0.0140419
0.0132413
0.00325924
0.0054349
0.00818889
0.0107685
0.0131563
0.0153346
0.0172452
0.0188028
0.0199201
0.0205339
0.0206313
0.0202597
0.0195135
0.018512
0.0173786
0.016225
0.0151394
0.0141796
0.0133735
0.00322012
0.00536154
0.00807537
0.010616
0.012958
0.0150836
0.0169395
0.0184503
0.0195401
0.0201554
0.0202872
0.0199791
0.0193164
0.0184062
0.0173595
0.0162771
0.0152401
0.0143038
0.0134981
0.00317962
0.00528631
0.00795854
0.0104588
0.0127542
0.0148266
0.0166285
0.0180937
0.019157
0.0197738
0.0199382
0.0196904
0.0191071
0.0182842
0.0173213
0.0163095
0.015323
0.0144146
0.0136151
0.00313758
0.00520913
0.0078383
0.0102972
0.0125451
0.0145645
0.0163131
0.0177339
0.0187716
0.0193893
0.0195843
0.0193934
0.0188854
0.0181459
0.0172642
0.0163223
0.0153882
0.0145119
0.0137247
0.00309381
0.00512989
0.00771454
0.010131
0.0123312
0.0142976
0.015994
0.0173717
0.0183844
0.0190026
0.0192261
0.0190885
0.0186516
0.0179916
0.0171884
0.0163158
0.0154359
0.0145958
0.0138268
0.00304816
0.0050485
0.00758714
0.00996038
0.0121126
0.0140268
0.0156721
0.0170079
0.0179963
0.0186144
0.018864
0.0187763
0.0184062
0.017822
0.0170946
0.0162905
0.0154663
0.0146663
0.0139213
0.00300044
0.00496488
0.00745599
0.00978531
0.0118897
0.0137525
0.0153482
0.0166435
0.0176084
0.0182256
0.0184991
0.0184576
0.0181504
0.0176379
0.0169836
0.0162472
0.0154801
0.0147237
0.014008
0.00295046
0.00487893
0.00732095
0.00960573
0.0116627
0.0134754
0.0150231
0.0162795
0.0172216
0.0178373
0.0181324
0.0181337
0.0178852
0.0174408
0.0168568
0.0161869
0.0154779
0.0147681
0.0140866
0.00289802
0.00479059
0.00718186
0.00942153
0.0114318
0.0131958
0.0146975
0.0159168
0.016837
0.0174506
0.0177653
0.0178061
0.0176123
0.0172321
0.0167157
0.016111
0.0154606
0.0148
0.014157
0.00284293
0.00469978
0.00703849
0.00923246
0.0111968
0.0129139
0.0143718
0.0155561
0.0164555
0.0170669
0.0173993
0.0174763
0.0173336
0.0170139
0.016562
0.016021
0.0154294
0.0148199
0.0142191
0.00278494
0.00460644
0.00689062
0.00903816
0.0109573
0.0126296
0.0140462
0.0151979
0.016078
0.0166871
0.0170357
0.0171461
0.0170508
0.016788
0.0163978
0.0159186
0.0153855
0.0148288
0.0142728
0.00272384
0.0045105
0.00673795
0.00883807
0.0107127
0.0123422
0.0137206
0.0148423
0.015705
0.0163122
0.0166757
0.0168171
0.0167659
0.0165566
0.016225
0.0158057
0.0153307
0.0148273
0.0143179
0.00265936
0.00441191
0.00658016
0.00863139
0.0104617
0.0120504
0.0133935
0.0144886
0.0153362
0.0159424
0.0163202
0.0164906
0.0164807
0.0163217
0.0160458
0.0156845
0.0152663
0.0148159
0.0143544
0.00259121
0.00431059
0.00641667
0.00841553
0.0101988
0.0117501
0.0130633
0.0141345
0.01497
0.0155769
0.0159692
0.0161672
0.0161962
0.0160846
0.015862
0.0155564
0.0151933
0.0147953
0.0143822
0.00251909
0.00420641
0.00624628
0.00818761
0.00992072
0.0114355
0.0127226
0.0137769
0.014603
0.0152133
0.0156211
0.0158462
0.0159125
0.0158463
0.0156745
0.0154222
0.0151122
0.0147656
0.014401
0.00244263
0.00409914
0.00606732
0.00794405
0.00962624
0.0111038
0.0123661
0.0134079
0.0142307
0.0148467
0.015272
0.0155249
0.015628
0.015606
0.0154829
0.0152813
0.0150227
0.0147264
0.0144098
0.00236144
0.0039885
0.00587921
0.00768416
0.00931306
0.0107519
0.0119895
0.0130208
0.0138457
0.0144712
0.0149161
0.0151983
0.0153389
0.0153603
0.0152842
0.0151318
0.014923
0.0146757
0.014406
0.00227502
0.00387417
0.00568121
0.00740708
0.00897878
0.0103766
0.0115887
0.0126096
0.0134388
0.0140803
0.0145459
0.0148591
0.0150382
0.0151028
0.0150731
0.0149689
0.0148086
0.0146091
0.0143855
0.00218281
0.00375537
0.00547084
0.00711172
0.0086209
0.00997417
0.0111587
0.0121684
0.0130016
0.0136608
0.0141535
0.0144981
0.0147159
0.0148242
0.014841
0.0147845
0.0146721
0.0145194
0.0143409
0.00208407
0.00363119
0.00524578
0.00679652
0.00823687
0.00954096
0.0106945
0.0116906
0.0125264
0.0132029
0.0137255
0.0141052
0.0143612
0.0145128
0.0145759
0.014567
0.0145019
0.0143954
0.0142611
0.00197785
0.00350029
0.00500563
0.00646
0.00782453
0.00907358
0.0101915
0.0111698
0.0120048
0.0126967
0.0132482
0.013666
0.0139619
0.0141556
0.014264
0.0143018
0.0142833
0.014222
0.014131
0.00186236
0.00335474
0.00474921
0.00610136
0.00738315
0.00857057
0.00964683
0.0106018
0.0114311
0.0121333
0.0127096
0.0131639
0.0135032
0.0137387
0.0138903
0.0139726
0.0139987
0.0139811
0.0139316
0.0166872
0.0115161
0.00393789
0.00460927
0.00558659
0.00682618
0.0085624
0.0100532
0.0113779
0.0125482
0.0134849
0.0142089
0.0145246
0.0143991
0.0141269
0.0137934
0.0134328
0.0131042
0.0128497
0.0126819
0.0188927
0.0185948
0.0198217
0.0219427
0.0250218
0.0289175
0.0328458
0.0361098
0.0383534
0.0396887
0.0403107
0.0404295
0.0401126
0.0396205
0.0389901
0.0382637
0.0374972
0.0366386
0.0357812
0.0347197
0.0205494
0.0194692
0.0186922
0.0186759
0.0195531
0.0208117
0.0222273
0.0237241
0.0249782
0.0259239
0.0265817
0.0269983
0.0272514
0.0273679
0.0273912
0.0273332
0.0272035
0.0270046
0.0267612
0.026437
0.0195691
0.0195648
0.0190101
0.0183959
0.0179236
0.0175124
0.0171439
0.0168062
0.0166138
0.0165474
0.0165756
0.0166714
0.0168147
0.0169861
0.0171455
0.0172636
0.0173446
0.0173903
0.0174133
0.0173993
0.017554
0.0180096
0.0180364
0.0177745
0.0173901
0.016959
0.0165255
0.0161137
0.0157408
0.0154103
0.0151234
0.0148781
0.0146707
0.0144958
0.0143459
0.0142136
0.0140938
0.0139815
0.0138778
0.0137769
0.0153081
0.0158678
0.0161623
0.0161813
0.0160265
0.0157743
0.0154743
0.0151586
0.0148477
0.0145466
0.0142624
0.0139984
0.013755
0.0135302
0.0133205
0.0131229
0.0129352
0.0127546
0.0125834
0.0124195
0.0129478
0.013443
0.0137936
0.0139645
0.013966
0.0138608
0.0136913
0.0134885
0.0132731
0.0130562
0.0128437
0.0126385
0.0124414
0.0122517
0.012068
0.0118889
0.0117136
0.0115406
0.011373
0.0112088
0.010444
0.0108218
0.0111241
0.0113416
0.0114308
0.0114254
0.0113563
0.0112482
0.0111185
0.0109797
0.0108377
0.0106954
0.0105539
0.0104133
0.0102733
0.0101333
0.00999366
0.00985311
0.00971548
0.00957741
0.0076649
0.00792852
0.0081459
0.0083078
0.00840177
0.00843743
0.00842841
0.00838758
0.00832394
0.00825035
0.0081704
0.00808594
0.00799798
0.00790707
0.0078136
0.00771784
0.00762042
0.00752096
0.0074231
0.00732391
0.00434606
0.00450456
0.00465806
0.00479516
0.00491342
0.00501215
0.00509204
0.00515459
0.00520292
0.00524422
0.00527794
0.00530389
0.00532214
0.00533301
0.00533696
0.00533451
0.00532626
0.00531275
0.00529472
0.00527211
0.0136149
0.0135661
0.0135118
0.01346
0.0134185
0.0133946
0.0133931
0.0134101
0.0134494
0.013517
0.0136204
0.0137694
0.0139768
0.0142616
0.0146528
0.0152008
0.0159893
0.0172256
0.0191909
0.0230559
0.0193904
0.013259
0.0132384
0.0132095
0.0131797
0.0131566
0.0131471
0.0131566
0.0131821
0.0132273
0.0132983
0.0134023
0.0135486
0.0137494
0.0140219
0.0143919
0.0149011
0.0156228
0.0166993
0.0184153
0.0213324
0.02149
0.0127652
0.0127691
0.0127619
0.0127507
0.0127426
0.0127443
0.0127614
0.0127941
0.0128427
0.0129145
0.0130165
0.0131572
0.0133479
0.0136038
0.0139464
0.0144071
0.0150417
0.0159297
0.0172651
0.019266
0.0208586
0.0121095
0.0121331
0.0121434
0.0121468
0.0121498
0.0121588
0.0121798
0.0122163
0.0122671
0.0123364
0.012433
0.0125647
0.0127414
0.0129763
0.0132866
0.0136953
0.0142379
0.0149632
0.0159585
0.0173388
0.0188446
0.0112719
0.0113098
0.0113324
0.0113459
0.011356
0.0113686
0.0113894
0.0114237
0.0114741
0.0115411
0.0116278
0.0117462
0.0119049
0.0121146
0.0123889
0.012745
0.0132045
0.0137977
0.0145588
0.0155374
0.0166676
0.0102427
0.0102878
0.0103168
0.0103351
0.0103479
0.01036
0.0103768
0.0104036
0.0104456
0.0105061
0.0105875
0.0106894
0.010824
0.0110036
0.0112385
0.0115411
0.0119252
0.0124073
0.0130019
0.0137184
0.0145371
0.00902539
0.00906742
0.00909444
0.00911073
0.00912046
0.00912782
0.00913705
0.00915268
0.00917973
0.00922366
0.00928966
0.00937828
0.00949355
0.00963916
0.00982877
0.0100747
0.0103858
0.0107698
0.0112319
0.0117673
0.0123587
0.00763395
0.007658
0.00767034
0.00767407
0.00767226
0.00766796
0.00766434
0.00766479
0.0076731
0.00769375
0.00773211
0.00779366
0.00788157
0.00799959
0.00815147
0.0083404
0.00857478
0.00886161
0.0092047
0.00959632
0.0100193
0.00591513
0.00591022
0.005899
0.00588319
0.00586455
0.00584487
0.00582607
0.00581026
0.00579982
0.00579759
0.00580707
0.00583258
0.0058791
0.00595224
0.00605366
0.00618665
0.00635871
0.00657106
0.00681551
0.00708763
0.00737601
0.00316385
0.00318061
0.00319516
0.00320804
0.00321989
0.00323139
0.00324333
0.00325657
0.00327212
0.00329113
0.00331501
0.00334536
0.00338412
0.00343348
0.00349563
0.00357266
0.00366679
0.0037777
0.00390212
0.00403999
0.00418895
0.00174118
0.0031974
0.00448771
0.00573883
0.00693595
0.00805783
0.00908727
0.0100129
0.0108289
0.011533
0.0121253
0.0126079
0.0129852
0.0132633
0.0134539
0.0135757
0.0136413
0.0136624
0.01365
0.00160566
0.00301644
0.00420441
0.00535365
0.00646299
0.00751447
0.00849078
0.00937977
0.0101744
0.0108715
0.0114703
0.0119721
0.0123797
0.0126965
0.0129267
0.0130851
0.0131864
0.0132423
0.0132633
0.00145088
0.00281014
0.00389665
0.0049444
0.00596458
0.00694166
0.007858
0.00870144
0.00946484
0.010144
0.0107373
0.0112457
0.0116715
0.0120168
0.0122826
0.0124741
0.012607
0.0126931
0.0127429
0.0012684
0.00259206
0.00357533
0.00451869
0.00544697
0.00634523
0.0071949
0.00798446
0.00870578
0.00935442
0.0099287
0.0104291
0.0108577
0.0112164
0.0115057
0.0117229
0.0118814
0.0119923
0.0120656
0.0010477
0.0023788
0.00327029
0.00410485
0.00493157
0.00574035
0.00651498
0.00724066
0.00790817
0.00851292
0.0090533
0.00952979
0.00994416
0.0102982
0.0105917
0.010821
0.0109949
0.0111225
0.0112124
0.000784775
0.00216127
0.00300444
0.00374446
0.00445981
0.00516609
0.00584987
0.00649598
0.00709426
0.00763939
0.00812948
0.00856487
0.008947
0.009278
0.00955326
0.00977499
0.0099484
0.0100798
0.0101761
0.000456956
0.00192361
0.00277503
0.00345503
0.00407938
0.00468059
0.00525828
0.00580466
0.00631237
0.00677662
0.00719556
0.00756912
0.0078981
0.00817977
0.00841464
0.00860634
0.00875871
0.00887625
0.00896383
0.000352314
0.00163395
0.00254041
0.00322743
0.00380995
0.00432962
0.00480283
0.00523646
0.00563173
0.00598861
0.00630772
0.00659151
0.00683916
0.0070448
0.00721353
0.00734937
0.00745588
0.00753656
0.00759498
0.000350776
0.00114769
0.00218403
0.00294101
0.00353082
0.00399798
0.00436916
0.00467659
0.00493553
0.00515477
0.00534005
0.00548738
0.00560746
0.00570295
0.00577731
0.00583321
0.00587292
0.0058985
0.00591195
0.000311877
0.000579754
0.00106745
0.00163863
0.00195323
0.00219296
0.00237974
0.0025206
0.00263141
0.00272437
0.00280606
0.00287413
0.00293208
0.00298188
0.00302488
0.00306197
0.00309389
0.00312121
0.00314444
)
;

boundaryField
{
    inlet
    {
        type            fixedValue;
        value           uniform 3.19634;
    }
    outlet
    {
        type            zeroGradient;
    }
    walls
    {
        type            kqRWallFunction;
        value           nonuniform List<scalar> 
423
(
0.047806
0.0516329
0.0559844
0.0609617
0.0666931
0.0733476
0.0811477
0.0903921
0.10149
0.115016
0.131799
0.153075
0.180759
0.217948
0.269929
0.346308
0.465943
0.669476
1.05526
1.89819
0.0148123
0.0156287
0.0164653
0.0173265
0.0182169
0.019142
0.0201079
0.0211217
0.0221917
0.0233271
0.0245386
0.0258385
0.0272407
0.0287613
0.0304184
0.032226
0.034203
0.0363778
0.0387836
0.0414587
0.0444482
0.00102496
0.000904591
0.000943766
0.0012574
0.00236453
0.00339345
0.00437311
0.0052917
0.00613958
0.00695405
0.0077483
0.00853035
0.00930553
0.0100778
0.0108503
0.011626
0.0124073
0.0131969
0.0139976
0.00102496
0.00182018
0.00279189
0.00415993
0.00568399
0.00687975
0.00783526
0.00866662
0.00938115
0.00998921
0.0105394
0.0110139
0.0114277
0.011769
0.0120443
0.0122583
0.0124151
0.0125191
0.012575
0.0125878
0.0125625
0.0125039
0.0124169
0.0123059
0.0121751
0.012028
0.011868
0.011698
0.0115205
0.0113375
0.0111509
0.0109622
0.0107724
0.0105827
0.0103938
0.0102062
0.0100205
0.009837
0.00965574
0.00947704
0.00930135
0.00912846
0.00896218
0.00880172
0.0086464
0.00849566
0.00834901
0.00820603
0.00806633
0.00792956
0.00779543
0.00766364
0.00753397
0.0074062
0.00728013
0.00715562
0.00703252
0.00691073
0.00679016
0.00667076
0.0065525
0.00643538
0.00631942
0.00620468
0.00609125
0.00597923
0.00586877
0.00576002
0.00565316
0.00554846
0.00546735
0.0053878
0.00530973
0.0052133
0.00511958
0.00502881
0.00494111
0.00485657
0.00477525
0.00469715
0.00462226
0.00455056
0.00448199
0.00441648
0.00435394
0.00429426
0.00423731
0.00418297
0.00413108
0.00408151
0.00403408
0.00398866
0.00394507
0.00390315
0.00386275
0.0038237
0.00378586
0.00374905
0.00371313
0.00367795
0.00364334
0.00360917
0.00357529
0.00354154
0.00350779
0.00347391
0.00343973
0.00340512
0.00336992
0.00333398
0.00329714
0.00325924
0.00322012
0.00317962
0.00313758
0.00309381
0.00304816
0.00300044
0.00295046
0.00289802
0.00284293
0.00278494
0.00272384
0.00265936
0.00259121
0.00251909
0.00244263
0.00236144
0.00227502
0.00218281
0.00208407
0.00197785
0.00186236
0.00174118
0.00160566
0.00145088
0.0012684
0.0010477
0.000784775
0.000456956
0.000352314
0.000350776
0.000311877
0.000311877
0.000579754
0.00106745
0.00163863
0.00195323
0.00219296
0.00237974
0.0025206
0.00263141
0.00272437
0.00280606
0.00287413
0.00293208
0.00298188
0.00302488
0.00306197
0.00309389
0.00312121
0.00314444
0.00316385
0.00318061
0.00319516
0.00320804
0.00321989
0.00323139
0.00324333
0.00325657
0.00327212
0.00329113
0.00331501
0.00334536
0.00338412
0.00343348
0.00349563
0.00357266
0.00366679
0.0037777
0.00390212
0.00403999
0.00418895
0.00434606
0.00450456
0.00465806
0.00479516
0.00491342
0.00501215
0.00509204
0.00515459
0.00520292
0.00524422
0.00527794
0.00530389
0.00532214
0.00533301
0.00533696
0.00533451
0.00532626
0.00531275
0.00529472
0.00527211
0.0166872
0.0115161
0.00393789
0.00460927
0.00558659
0.00682618
0.0085624
0.0100532
0.0113779
0.0125482
0.0134849
0.0142089
0.0145246
0.0143991
0.0141269
0.0137934
0.0134328
0.0131042
0.0128497
0.0126819
0.00019281
0.00053776
0.00079479
0.00101077
0.00119223
0.00135046
0.00149278
0.00162376
0.00174568
0.00186018
0.00196849
0.00207158
0.00217028
0.00226532
0.00235731
0.00244682
0.00253438
0.00262046
0.00270556
0.00279012
0.00287461
0.00295952
0.00304533
0.00313256
0.00322179
0.00331362
0.00340872
0.00350789
0.00361201
0.00372216
0.00383966
0.00396613
0.0040989
0.00423742
0.00438202
0.00453344
0.00469229
0.00485917
0.00503476
0.00521975
0.00541488
0.00562106
0.00583941
0.00607124
0.00631794
0.00658136
0.00686447
0.00717273
0.00751064
0.00788134
0.00828585
0.00871717
0.00914006
0.00955805
0.0100551
0.010898
0.0119282
0.0130257
0.0145012
0.0161669
0.00801225
0.00134697
0.00104426
0.00117752
0.00133919
0.00150498
0.00166985
0.00183231
0.00199217
0.0021497
0.00230541
0.00245988
0.00261374
0.00276763
0.0029222
0.00307816
0.00323625
0.00339728
0.00356211
0.00373175
0.00390735
0.00409024
0.00428201
0.00448458
0.00470033
0.00493228
0.00518439
0.0054533
0.00573421
0.00602863
0.00633646
0.00665765
0.00699235
0.00733974
0.00769768
0.00806231
0.0084275
0.00878433
0.009121
0.0094219
0.00966189
0.00983806
0.00993312
0.00994424
0.00986849
0.00971899
0.00947043
0.00912741
0.00864014
0.00804512
0.00738104
0.00667534
0.00594064
0.00525433
0.00462997
0.00403567
0.00344983
0.0028462
0.0021798
0.00132933
0.0476562
0.051538
0.0559204
0.0609171
0.0666613
0.0733247
0.081131
0.0903799
0.101481
0.115009
0.131794
0.153071
0.180756
0.217946
0.269927
0.346307
0.465942
0.669476
1.05526
1.89819
)
;
    }
    baffle
    {
        type            kqRWallFunction;
        value           nonuniform List<scalar> 
45
(
0.00165812
0.00145228
0.00138774
0.0013848
0.00140693
0.00144032
0.00147731
0.00151381
0.0015474
0.00157655
0.00160011
0.00161695
0.00162563
0.00162392
0.00160787
0.00156996
0.00149611
0.00136427
0.00116517
0.000855939
0.00019281
0.00471535
0.00256504
0.00246597
0.00841298
0.00266515
0.00248844
0.0023118
0.00191287
0.00144813
0.00104747
0.000914717
0.000966611
0.00109054
0.00123659
0.00138919
0.00154527
0.00170727
0.00188245
0.00208437
0.0022805
0.00241922
0.00242842
0.00217996
0.00132933
)
;
    }
    frontAndBack
    {
        type            empty;
    }
}


// ************************************************************************* //
