/*--------------------------------*- C++ -*----------------------------------*\
| =========                 |                                                 |
| \\      /  F ield         | OpenFOAM: The Open Source CFD Toolbox           |
|  \\    /   O peration     | Version:  v2012                                 |
|   \\  /    A nd           | Website:  www.openfoam.com                      |
|    \\/     M anipulation  |                                                 |
\*---------------------------------------------------------------------------*/
FoamFile
{
    version     2.0;
    format      ascii;
    class       volScalarField;
    location    "625";
    object      p;
}
// * * * * * * * * * * * * * * * * * * * * * * * * * * * * * * * * * * * * * //

dimensions      [0 2 -2 0 0 0 0];


internalField   nonuniform List<scalar> 
6057
(
0.32121
0.32177
0.322248
0.322659
0.323018
0.323338
0.323631
0.323903
0.324161
0.324409
0.32465
0.324886
0.325119
0.325352
0.325587
0.325825
0.326073
0.326381
0.326888
0.327623
0.32121
0.321781
0.322262
0.322674
0.323033
0.323354
0.323647
0.323922
0.324183
0.324435
0.324681
0.324924
0.325164
0.325404
0.325646
0.325889
0.326131
0.326395
0.3267
0.326967
0.321257
0.321821
0.322292
0.322692
0.323041
0.323353
0.323639
0.323909
0.324166
0.324416
0.324662
0.324904
0.325145
0.325386
0.325628
0.325865
0.326094
0.326324
0.326521
0.326613
0.321408
0.321945
0.322388
0.32276
0.323084
0.323377
0.323649
0.323907
0.324157
0.324401
0.324642
0.324881
0.325119
0.325357
0.325593
0.32582
0.326039
0.326248
0.326409
0.326463
0.321671
0.322157
0.32255
0.322876
0.323165
0.32343
0.323682
0.323926
0.324166
0.324403
0.324639
0.324874
0.32511
0.325345
0.325577
0.325801
0.326015
0.326212
0.326357
0.3264
0.322055
0.322452
0.322771
0.323034
0.323275
0.323506
0.323733
0.32396
0.324189
0.324418
0.324649
0.324881
0.325114
0.325348
0.325579
0.325802
0.326016
0.326212
0.326358
0.3264
0.322582
0.322829
0.323045
0.323223
0.323405
0.323595
0.323796
0.324006
0.324223
0.324445
0.324671
0.3249
0.325132
0.325366
0.325599
0.325824
0.326041
0.32625
0.32641
0.326464
0.323311
0.323281
0.323354
0.323423
0.323539
0.323689
0.323864
0.324059
0.324266
0.324483
0.324706
0.324933
0.325164
0.325399
0.325637
0.32587
0.326098
0.326327
0.326522
0.326614
0.324231
0.323773
0.323633
0.323585
0.323641
0.323759
0.323916
0.3241
0.324301
0.324513
0.324733
0.324958
0.325186
0.325419
0.325656
0.325895
0.326136
0.326398
0.326702
0.326969
0.325126
0.324203
0.323759
0.323639
0.323658
0.323758
0.323906
0.324084
0.32428
0.324487
0.324701
0.32492
0.325141
0.325366
0.325596
0.325831
0.326077
0.326384
0.32689
0.327626
0.412432
0.393403
0.376708
0.362311
0.350138
0.340075
0.331975
0.325667
0.320965
0.317666
0.315564
0.314445
0.314104
0.314348
0.314998
0.315896
0.316913
0.31794
0.318909
0.319784
0.320551
0.412449
0.393375
0.376613
0.36214
0.349891
0.339757
0.331594
0.325236
0.320497
0.31718
0.315079
0.313981
0.313679
0.313977
0.314693
0.315665
0.316747
0.317832
0.318844
0.319749
0.320535
0.409797
0.390864
0.374239
0.359903
0.347792
0.337798
0.329781
0.323572
0.318989
0.315837
0.31391
0.312994
0.312876
0.313352
0.314234
0.315355
0.316567
0.317754
0.318834
0.319774
0.320578
0.404524
0.38588
0.369559
0.355542
0.343761
0.334107
0.326435
0.320577
0.31635
0.313557
0.311993
0.311436
0.311665
0.312463
0.31364
0.315016
0.316438
0.317781
0.318951
0.319927
0.320739
0.396592
0.378404
0.362574
0.349072
0.337825
0.328719
0.321605
0.316308
0.312639
0.310391
0.309373
0.309357
0.310096
0.311362
0.31296
0.314699
0.316409
0.31796
0.319239
0.320233
0.32103
0.386023
0.368467
0.353318
0.340533
0.330026
0.32168
0.315341
0.310801
0.307852
0.306316
0.306043
0.306779
0.308218
0.310096
0.312237
0.314458
0.316535
0.31836
0.319765
0.320716
0.321452
0.372899
0.356152
0.341875
0.330001
0.320432
0.313041
0.307644
0.303974
0.301892
0.301337
0.302052
0.303748
0.306144
0.308842
0.311631
0.314412
0.31694
0.3191
0.32061
0.321366
0.321991
0.357415
0.341657
0.328437
0.317659
0.309198
0.302905
0.29858
0.296014
0.295087
0.295664
0.297458
0.300231
0.303757
0.307561
0.311172
0.314562
0.317583
0.320052
0.32165
0.322161
0.32265
0.340009
0.325439
0.313463
0.30395
0.296741
0.291662
0.288529
0.287174
0.287407
0.288969
0.291751
0.295657
0.300365
0.305247
0.309811
0.313986
0.317574
0.32045
0.32285
0.324019
0.323297
0.321492
0.308332
0.297784
0.289669
0.283799
0.279988
0.278081
0.277945
0.279347
0.281965
0.285847
0.290938
0.296856
0.303154
0.309462
0.31539
0.32056
0.324624
0.328269
0.328799
0.321045
0.772226
0.770987
0.770295
0.770333
0.770073
0.767738
0.759381
0.74287
0.720288
0.693834
0.664844
0.63435
0.603178
0.572014
0.541443
0.511957
0.483971
0.457854
0.433914
0.771687
0.770036
0.769864
0.770704
0.770787
0.767497
0.757293
0.740153
0.718126
0.692223
0.663706
0.633599
0.602731
0.571795
0.541385
0.512003
0.484076
0.457973
0.433984
0.77207
0.770089
0.770061
0.770474
0.768802
0.762699
0.750581
0.733092
0.711374
0.686074
0.658224
0.628721
0.598363
0.567844
0.537769
0.508656
0.480952
0.455037
0.431198
0.774237
0.77177
0.770698
0.768762
0.76399
0.75512
0.741606
0.72374
0.702052
0.677142
0.649819
0.620847
0.590967
0.560856
0.531124
0.502311
0.474881
0.449228
0.425652
0.777457
0.773974
0.770631
0.765691
0.757846
0.746567
0.731586
0.712966
0.690979
0.666118
0.639015
0.610335
0.580756
0.550933
0.52148
0.492948
0.46582
0.440501
0.417301
0.779959
0.774664
0.76873
0.760858
0.750267
0.736782
0.720219
0.700576
0.678018
0.652912
0.625762
0.597149
0.567698
0.538045
0.508805
0.480543
0.453756
0.428856
0.406157
0.779835
0.772495
0.764278
0.753768
0.740787
0.725321
0.70721
0.686443
0.663132
0.637559
0.610138
0.581386
0.551895
0.522288
0.49319
0.465181
0.438769
0.414374
0.392303
0.776036
0.766945
0.756898
0.74421
0.729235
0.712037
0.692472
0.670552
0.646367
0.620149
0.592259
0.563179
0.533481
0.503799
0.474773
0.447005
0.421015
0.397223
0.375922
0.768909
0.75803
0.746506
0.732131
0.715536
0.696845
0.675941
0.65288
0.627747
0.600753
0.572234
0.542663
0.512622
0.482769
0.45378
0.426284
0.40081
0.377768
0.357418
0.758213
0.745764
0.733149
0.717516
0.699634
0.679686
0.657583
0.63343
0.607322
0.579468
0.550208
0.520033
0.489567
0.459519
0.430615
0.403513
0.378747
0.356692
0.337554
0.302687
0.291296
0.282459
0.275941
0.27151
0.268959
0.268126
0.268874
0.270968
0.27414
0.278328
0.283491
0.289332
0.295488
0.301389
0.306456
0.310698
0.314809
0.31803
0.3155
0.303654
0.285637
0.276416
0.269574
0.264839
0.26198
0.260817
0.261225
0.26311
0.266286
0.270491
0.27552
0.28138
0.28784
0.294389
0.300241
0.304946
0.308773
0.312251
0.314157
0.31221
0.307385
0.272114
0.265022
0.260012
0.25684
0.255324
0.255314
0.256665
0.259261
0.262942
0.267398
0.27251
0.278328
0.284643
0.291088
0.297133
0.302279
0.306395
0.30952
0.310895
0.309622
0.307078
0.262064
0.256783
0.253249
0.251246
0.250596
0.251151
0.252792
0.255478
0.259154
0.263662
0.268841
0.274583
0.280706
0.286898
0.292774
0.298005
0.302356
0.305589
0.307193
0.3068
0.30538
0.254659
0.250643
0.247983
0.246514
0.246137
0.246797
0.248463
0.251121
0.254708
0.259124
0.264251
0.269945
0.275995
0.282096
0.287917
0.293178
0.297632
0.300984
0.302954
0.303372
0.302669
0.248678
0.245323
0.243029
0.241739
0.241435
0.242114
0.243768
0.246384
0.249901
0.254226
0.25925
0.264828
0.270755
0.276737
0.28248
0.287743
0.292279
0.2958
0.298143
0.299197
0.29897
0.243187
0.24013
0.237988
0.236769
0.236493
0.237168
0.238787
0.241335
0.244757
0.248968
0.253862
0.259295
0.265074
0.270925
0.276587
0.281849
0.286458
0.290138
0.292778
0.294277
0.29436
0.237774
0.234865
0.232804
0.231626
0.23136
0.232013
0.23358
0.236042
0.239352
0.243431
0.248176
0.25345
0.259072
0.264795
0.270375
0.275616
0.280268
0.284065
0.286913
0.288693
0.288969
0.232326
0.229514
0.227515
0.226368
0.226102
0.226722
0.228224
0.230591
0.233776
0.237711
0.242296
0.247403
0.252863
0.258455
0.263944
0.269142
0.273804
0.277669
0.280638
0.28257
0.282957
0.226853
0.224126
0.222185
0.221064
0.220793
0.221374
0.222804
0.225067
0.228121
0.231903
0.236321
0.241255
0.246547
0.251999
0.25739
0.262523
0.26716
0.271046
0.274062
0.276055
0.276497
0.221407
0.218766
0.216881
0.215786
0.215506
0.216044
0.217397
0.219551
0.222469
0.226091
0.230337
0.235094
0.240215
0.24552
0.250801
0.25585
0.260432
0.264294
0.267303
0.269294
0.269753
0.216046
0.213492
0.211665
0.210594
0.210304
0.210797
0.212072
0.214115
0.216892
0.220353
0.224421
0.228997
0.233944
0.239094
0.244251
0.249199
0.253702
0.257512
0.260474
0.262423
0.262877
0.210823
0.208359
0.20659
0.205544
0.205245
0.205693
0.206889
0.20882
0.211456
0.214752
0.218642
0.223032
0.2278
0.232789
0.237808
0.242643
0.247053
0.25079
0.253683
0.255566
0.256003
0.205784
0.203411
0.201701
0.200683
0.200376
0.200781
0.201899
0.203719
0.206215
0.209347
0.213057
0.217261
0.221847
0.226668
0.231541
0.236252
0.240559
0.244213
0.247024
0.248832
0.249249
0.200965
0.198685
0.197037
0.196047
0.195735
0.196099
0.197142
0.198855
0.201214
0.204186
0.207718
0.211737
0.21614
0.220789
0.225511
0.230092
0.234292
0.237856
0.240585
0.242315
0.242715
0.196397
0.194211
0.192627
0.191668
0.191354
0.19168
0.192653
0.194262
0.19649
0.199306
0.202666
0.206503
0.210725
0.215204
0.219772
0.224223
0.228314
0.231788
0.23444
0.236096
0.236485
0.192102
0.190012
0.188493
0.187568
0.187254
0.187548
0.188455
0.189968
0.192072
0.19474
0.197934
0.201597
0.205643
0.209955
0.214374
0.218695
0.22268
0.22607
0.228653
0.230245
0.230633
0.188098
0.186104
0.184653
0.183764
0.183454
0.18372
0.184568
0.185993
0.187981
0.190511
0.19355
0.197048
0.200928
0.205081
0.209355
0.213554
0.21744
0.220754
0.22328
0.224819
0.225219
0.184396
0.1825
0.181117
0.180267
0.179965
0.180208
0.181005
0.18235
0.184233
0.186637
0.189534
0.192879
0.196605
0.20061
0.204751
0.208837
0.212635
0.215884
0.218368
0.219868
0.220295
0.181005
0.179207
0.177895
0.177086
0.176796
0.177022
0.177774
0.179048
0.180838
0.183129
0.185899
0.189107
0.192694
0.196566
0.200588
0.204577
0.208301
0.211498
0.213958
0.215435
0.215907
0.177934
0.176234
0.174993
0.174227
0.173951
0.174165
0.174879
0.176093
0.177802
0.179995
0.182653
0.185743
0.18921
0.192968
0.19689
0.200798
0.204466
0.207631
0.210086
0.211559
0.212098
0.175195
0.173591
0.172418
0.171694
0.171435
0.17164
0.172324
0.173487
0.175128
0.177238
0.179803
0.182794
0.186162
0.189828
0.193672
0.197522
0.201156
0.204309
0.206783
0.208274
0.2089
0.17276
0.171275
0.170179
0.169494
0.169249
0.169449
0.170108
0.171229
0.172814
0.174858
0.177349
0.180263
0.183556
0.187155
0.190947
0.194765
0.198392
0.201557
0.204077
0.205609
0.206337
0.170608
0.169244
0.168254
0.167629
0.167398
0.16759
0.168227
0.169315
0.170857
0.17285
0.175288
0.178148
0.181392
0.184953
0.188723
0.19254
0.19619
0.199398
0.20199
0.20358
0.204436
0.168778
0.167497
0.166601
0.166067
0.165877
0.166063
0.166678
0.167739
0.16925
0.171211
0.173615
0.176447
0.179671
0.183225
0.187006
0.190858
0.194567
0.197851
0.20054
0.202203
0.203246
0.167294
0.166075
0.165233
0.164768
0.164647
0.164855
0.165453
0.166493
0.167986
0.169931
0.172325
0.175154
0.178388
0.181969
0.1858
0.189726
0.193536
0.196933
0.199761
0.201565
0.202811
0.166142
0.164982
0.164183
0.163751
0.163673
0.163924
0.164532
0.165562
0.167052
0.169001
0.171408
0.174263
0.177539
0.181186
0.185107
0.189153
0.193105
0.196656
0.199687
0.201741
0.203166
0.165306
0.164196
0.163437
0.163031
0.16297
0.163248
0.163883
0.16493
0.166437
0.168411
0.170855
0.173765
0.177119
0.180871
0.184929
0.189144
0.193289
0.197053
0.200346
0.202564
0.204277
0.164772
0.163703
0.162977
0.162595
0.162547
0.162832
0.163494
0.164585
0.16613
0.16815
0.170656
0.173651
0.177119
0.181018
0.185263
0.189701
0.194101
0.198169
0.201765
0.204112
0.206185
0.164533
0.163494
0.162793
0.16243
0.162391
0.162682
0.163378
0.164524
0.166123
0.168209
0.170802
0.173912
0.177532
0.181625
0.186109
0.190832
0.195553
0.199965
0.203818
0.206516
0.208981
0.164587
0.163567
0.162883
0.162533
0.162495
0.162807
0.163555
0.164751
0.166415
0.168583
0.171287
0.174543
0.178353
0.182687
0.187469
0.19254
0.197651
0.20244
0.206633
0.209741
0.212694
0.164934
0.163926
0.163252
0.162908
0.162869
0.163216
0.164019
0.165266
0.167001
0.169269
0.172105
0.175537
0.179576
0.184201
0.189339
0.194828
0.200397
0.205649
0.210347
0.21386
0.217334
0.165581
0.164576
0.163903
0.163556
0.163529
0.163918
0.164762
0.166064
0.16788
0.17026
0.17325
0.176888
0.181195
0.186161
0.191716
0.197693
0.203797
0.209594
0.214829
0.218832
0.222909
0.166534
0.165522
0.164844
0.164485
0.164479
0.164912
0.165787
0.167145
0.169047
0.171552
0.174715
0.178587
0.1832
0.188556
0.19459
0.201127
0.207841
0.214261
0.220091
0.224647
0.229405
0.167799
0.166772
0.166083
0.165712
0.165724
0.166187
0.167091
0.168506
0.1705
0.17314
0.176494
0.180625
0.185581
0.191374
0.197946
0.205112
0.212505
0.219617
0.226094
0.231256
0.236767
0.169385
0.168333
0.167624
0.167247
0.167268
0.167741
0.168673
0.170146
0.172235
0.175019
0.178577
0.18299
0.18832
0.194594
0.201759
0.209614
0.217746
0.225612
0.232778
0.238566
0.244877
0.171302
0.170213
0.169472
0.169093
0.169121
0.169583
0.170536
0.172064
0.174249
0.17718
0.180954
0.185666
0.191396
0.198188
0.20599
0.214582
0.223497
0.232181
0.240044
0.246418
0.253534
0.173565
0.172431
0.171649
0.171261
0.171279
0.171718
0.172683
0.174259
0.176536
0.179617
0.183611
0.188633
0.194781
0.202113
0.210581
0.219931
0.22966
0.239224
0.247705
0.254564
0.262433
0.176186
0.174995
0.174173
0.173752
0.173731
0.174143
0.175111
0.176729
0.179093
0.182319
0.186533
0.191865
0.198434
0.206312
0.215442
0.225532
0.236079
0.246501
0.255416
0.26268
0.271157
0.179176
0.177914
0.17704
0.176564
0.176483
0.176859
0.177823
0.179472
0.181914
0.185277
0.1897
0.195332
0.202304
0.210701
0.220446
0.231201
0.2425
0.253553
0.262751
0.270348
0.279148
0.182545
0.181196
0.180255
0.179702
0.179544
0.179872
0.180818
0.182486
0.184994
0.188478
0.193091
0.198997
0.20633
0.215181
0.225431
0.236717
0.248564
0.259915
0.26932
0.277051
0.285759
0.186308
0.184855
0.183824
0.183173
0.182919
0.183183
0.184099
0.185773
0.188328
0.191912
0.196683
0.202815
0.210444
0.219671
0.230216
0.241832
0.253876
0.265251
0.274712
0.282363
0.290564
0.190482
0.188902
0.187757
0.186984
0.186614
0.186799
0.187669
0.189332
0.191915
0.195568
0.200449
0.206732
0.214567
0.224047
0.234576
0.246177
0.258051
0.269252
0.278505
0.286063
0.293668
0.195087
0.193353
0.192062
0.191139
0.190635
0.190725
0.191535
0.193171
0.195756
0.199442
0.204368
0.210718
0.218598
0.227817
0.238216
0.249397
0.2607
0.271465
0.280292
0.287761
0.294673
0.200144
0.198222
0.196748
0.195646
0.194989
0.194969
0.195706
0.197297
0.199857
0.203522
0.208402
0.214753
0.222417
0.23099
0.240827
0.251149
0.261517
0.27147
0.279691
0.286967
0.293175
0.205678
0.203525
0.201823
0.200511
0.199681
0.19954
0.200196
0.201728
0.20423
0.207794
0.212501
0.218632
0.225567
0.233543
0.242194
0.251176
0.260287
0.26909
0.276536
0.283389
0.289623
0.21172
0.209281
0.207299
0.20574
0.204719
0.20445
0.205023
0.206487
0.208886
0.212286
0.21678
0.222176
0.228311
0.235134
0.242197
0.249469
0.25704
0.26451
0.271151
0.277544
0.284062
0.218295
0.215504
0.213175
0.211324
0.210101
0.209711
0.210209
0.211584
0.213847
0.217119
0.221273
0.225518
0.23056
0.235655
0.24081
0.246256
0.252176
0.258342
0.264273
0.270113
0.276585
0.225423
0.222182
0.219431
0.217243
0.215818
0.215327
0.215759
0.21705
0.219289
0.222343
0.225246
0.228476
0.231916
0.235125
0.238367
0.242101
0.246485
0.251488
0.256775
0.262
0.268399
0.233103
0.229273
0.226014
0.22345
0.221838
0.221277
0.221681
0.223068
0.225306
0.226968
0.228923
0.231221
0.232741
0.233963
0.235479
0.237706
0.240814
0.244814
0.249393
0.254053
0.260372
0.241299
0.236715
0.232833
0.229865
0.228089
0.227526
0.228137
0.229697
0.230562
0.231701
0.233134
0.233407
0.233003
0.232537
0.232599
0.233566
0.235643
0.238788
0.2427
0.246803
0.252606
0.249893
0.244344
0.239702
0.236331
0.234469
0.234158
0.235181
0.235562
0.236107
0.236957
0.236465
0.234939
0.232975
0.231111
0.230007
0.230042
0.231343
0.23381
0.237241
0.240856
0.245984
0.258646
0.25185
0.246348
0.242647
0.24093
0.241089
0.241261
0.241423
0.241968
0.241169
0.23907
0.236123
0.23289
0.230032
0.228128
0.227495
0.22826
0.230348
0.233519
0.236737
0.241378
0.267173
0.258769
0.25243
0.248587
0.247
0.246728
0.246796
0.24729
0.246594
0.244407
0.241005
0.237045
0.233103
0.229638
0.227176
0.226137
0.226634
0.228626
0.231737
0.234837
0.239233
0.274774
0.264246
0.25715
0.253091
0.251582
0.251418
0.251921
0.25156
0.249677
0.246466
0.242402
0.237998
0.233663
0.229836
0.227109
0.225951
0.22644
0.228603
0.231948
0.23543
0.239908
0.28025
0.266806
0.25896
0.255218
0.254309
0.254703
0.254745
0.253565
0.25117
0.247809
0.243652
0.239035
0.234444
0.230474
0.227789
0.226822
0.227649
0.230298
0.234264
0.238691
0.243461
0.281411
0.26573
0.258216
0.25544
0.255066
0.25517
0.254912
0.253945
0.251974
0.248847
0.244707
0.240026
0.23542
0.231602
0.229253
0.228731
0.230162
0.23359
0.2386
0.244333
0.249184
0.276192
0.260595
0.255228
0.253911
0.253745
0.25393
0.254223
0.253945
0.252379
0.249399
0.245376
0.240904
0.236606
0.233196
0.231349
0.231442
0.233675
0.238154
0.244577
0.251406
0.255339
0.260414
0.251985
0.251767
0.251331
0.2519
0.253033
0.253712
0.253474
0.252018
0.249323
0.245677
0.241574
0.237657
0.23468
0.233417
0.234335
0.23765
0.243365
0.250986
0.257545
0.259485
0.246429
0.248054
0.248813
0.249833
0.251136
0.25235
0.252914
0.252585
0.251267
0.248938
0.245745
0.242081
0.238592
0.236157
0.235624
0.237507
0.241775
0.248026
0.255494
0.260517
0.260977
0.743061
0.729665
0.716383
0.699861
0.680981
0.659969
0.6368
0.611603
0.584504
0.555729
0.525653
0.494821
0.463933
0.433782
0.40516
0.378758
0.355089
0.334464
0.316985
0.723573
0.709667
0.696134
0.679086
0.659496
0.637629
0.613543
0.587387
0.55933
0.529641
0.498764
0.467347
0.436213
0.406272
0.378397
0.353284
0.331377
0.312853
0.297653
0.700904
0.686845
0.673291
0.656044
0.635999
0.613508
0.588691
0.561728
0.532839
0.50237
0.470879
0.439164
0.408214
0.379072
0.352651
0.329583
0.310141
0.294278
0.281709
0.675882
0.661846
0.648394
0.631127
0.610857
0.587964
0.562608
0.535027
0.505508
0.474508
0.442745
0.411218
0.381095
0.35351
0.329324
0.308976
0.292464
0.279458
0.269466
0.649118
0.635232
0.621967
0.604771
0.584492
0.561399
0.535725
0.507766
0.4779
0.446734
0.415195
0.384492
0.355937
0.330655
0.309318
0.29205
0.278524
0.268163
0.260358
0.621113
0.60752
0.594477
0.577456
0.55735
0.534263
0.508515
0.480464
0.450609
0.419744
0.389014
0.359816
0.333512
0.311074
0.292862
0.278632
0.267762
0.259529
0.253303
0.592365
0.579185
0.56642
0.549706
0.529908
0.507028
0.481461
0.453639
0.424204
0.39415
0.364824
0.33773
0.314151
0.294785
0.279606
0.268031
0.259249
0.252505
0.247247
0.563359
0.55069
0.538293
0.521989
0.502621
0.480144
0.45502
0.42776
0.399166
0.370416
0.343002
0.318429
0.297778
0.281391
0.268872
0.259393
0.252082
0.24627
0.24155
0.534534
0.522452
0.510508
0.494701
0.47589
0.454011
0.429583
0.403212
0.375848
0.348816
0.323673
0.301813
0.284031
0.2703
0.259926
0.251971
0.245624
0.240363
0.235942
0.506268
0.494829
0.483403
0.46818
0.450053
0.428953
0.405457
0.380265
0.354451
0.329437
0.30675
0.287588
0.272422
0.260904
0.252157
0.245251
0.239514
0.234586
0.230349
0.478877
0.468121
0.457268
0.442709
0.425381
0.405219
0.382857
0.359076
0.335043
0.312212
0.292006
0.275369
0.262461
0.252696
0.245132
0.238935
0.233591
0.228883
0.224792
0.452618
0.442572
0.432334
0.418508
0.402075
0.382978
0.361905
0.339697
0.317575
0.29697
0.279148
0.26477
0.253731
0.245309
0.23859
0.232877
0.227805
0.22327
0.219317
0.42769
0.418366
0.408774
0.395734
0.380265
0.362326
0.342642
0.322095
0.301915
0.283481
0.267876
0.255458
0.245916
0.238503
0.232389
0.227022
0.222163
0.21779
0.213976
0.404235
0.395635
0.386704
0.374484
0.360025
0.343297
0.325051
0.306178
0.28788
0.271484
0.257927
0.247182
0.238801
0.232137
0.226468
0.221368
0.216696
0.212485
0.208817
0.382347
0.374458
0.366192
0.354809
0.341376
0.325874
0.309066
0.291816
0.275247
0.260763
0.249119
0.239756
0.232244
0.226138
0.220807
0.215931
0.211441
0.207396
0.203876
0.362073
0.354874
0.347264
0.336717
0.324304
0.310014
0.294602
0.278889
0.26393
0.251225
0.241206
0.232961
0.226155
0.220467
0.215409
0.210737
0.206428
0.202553
0.199184
0.343425
0.336885
0.329912
0.320184
0.308766
0.29565
0.281565
0.267259
0.253913
0.242818
0.233956
0.226626
0.220446
0.215099
0.210283
0.205807
0.201683
0.197981
0.194764
0.326383
0.320468
0.314104
0.305165
0.294701
0.282705
0.269873
0.256859
0.24505
0.23532
0.2273
0.220709
0.21506
0.210024
0.205438
0.20116
0.197225
0.193698
0.190634
0.310907
0.305575
0.299787
0.2916
0.282036
0.271092
0.259437
0.24766
0.237157
0.228497
0.221196
0.215208
0.209999
0.205255
0.200891
0.19681
0.193066
0.189715
0.186805
0.296936
0.292147
0.286895
0.279413
0.270688
0.260712
0.250116
0.239516
0.230128
0.222287
0.215611
0.210105
0.205281
0.200816
0.196653
0.192768
0.189216
0.186044
0.183288
0.2844
0.280113
0.275355
0.268526
0.260574
0.251475
0.241804
0.232289
0.223872
0.21667
0.210525
0.205405
0.200911
0.196707
0.19273
0.189038
0.185681
0.182691
0.180092
0.273223
0.269397
0.26509
0.258861
0.251611
0.243313
0.234467
0.225887
0.218278
0.211614
0.205926
0.201128
0.196885
0.19291
0.189134
0.185637
0.182467
0.179654
0.177219
0.263328
0.25992
0.256023
0.250341
0.243725
0.236152
0.22806
0.22025
0.213286
0.207093
0.201802
0.197281
0.193238
0.189465
0.185899
0.182592
0.179588
0.176927
0.174642
0.254641
0.251608
0.24808
0.242892
0.236842
0.229914
0.222497
0.215328
0.208883
0.203101
0.198148
0.193873
0.190019
0.18643
0.183054
0.179921
0.17707
0.174541
0.172372
0.247084
0.244387
0.241189
0.236444
0.230894
0.224531
0.217707
0.211077
0.205062
0.199633
0.194965
0.190908
0.187236
0.183817
0.180608
0.177631
0.174922
0.172518
0.170455
0.240585
0.238186
0.235284
0.230932
0.225822
0.219949
0.213639
0.207465
0.201806
0.196677
0.192251
0.188385
0.184879
0.181615
0.178557
0.175722
0.173143
0.170854
0.16889
0.235075
0.232942
0.230307
0.226301
0.221571
0.216122
0.210255
0.204463
0.1991
0.194223
0.190001
0.1863
0.182942
0.179818
0.176895
0.174187
0.171724
0.169539
0.167665
0.230494
0.228586
0.226206
0.222498
0.218097
0.21301
0.207522
0.20205
0.196928
0.192261
0.18821
0.18465
0.181421
0.178421
0.175617
0.17302
0.170659
0.168563
0.166765
0.226794
0.225108
0.222946
0.219477
0.215359
0.210581
0.205414
0.200207
0.19528
0.190784
0.186872
0.18343
0.180312
0.177418
0.174716
0.172214
0.169938
0.167917
0.166181
0.223939
0.222555
0.220476
0.217197
0.213321
0.208804
0.203908
0.19892
0.194146
0.189786
0.185983
0.182638
0.17961
0.176805
0.174187
0.171763
0.169555
0.167593
0.165905
0.221879
0.220711
0.218692
0.215615
0.21195
0.207652
0.202984
0.198175
0.193519
0.18926
0.18554
0.182269
0.179314
0.176579
0.174027
0.171663
0.169507
0.167587
0.165933
0.220505
0.219406
0.217545
0.214697
0.211216
0.207104
0.202625
0.197962
0.193392
0.189205
0.185541
0.182322
0.17942
0.176737
0.174234
0.171912
0.169791
0.167899
0.166265
0.219815
0.218744
0.217073
0.214426
0.211098
0.207146
0.202822
0.198271
0.19376
0.189619
0.185988
0.1828
0.179931
0.177282
0.174809
0.172513
0.170411
0.168533
0.166908
0.219818
0.218824
0.217297
0.214791
0.211587
0.207765
0.203565
0.199097
0.194621
0.190503
0.186883
0.183704
0.180848
0.178215
0.175757
0.17347
0.171374
0.169496
0.167867
0.220516
0.219603
0.218182
0.215778
0.212672
0.208954
0.204849
0.200439
0.195976
0.191859
0.188228
0.185039
0.182178
0.179544
0.177083
0.174791
0.172686
0.170795
0.16915
0.221865
0.221043
0.219694
0.217366
0.21434
0.210703
0.206669
0.202297
0.197828
0.19369
0.190029
0.186811
0.183927
0.181275
0.178798
0.176486
0.174357
0.172439
0.170765
0.223824
0.223136
0.221809
0.219538
0.216578
0.213004
0.209023
0.204671
0.200181
0.196003
0.192294
0.189028
0.186105
0.18342
0.180911
0.178565
0.176399
0.17444
0.172722
0.226356
0.225811
0.224493
0.222278
0.219375
0.215851
0.211908
0.207564
0.203042
0.198809
0.195034
0.191703
0.188724
0.185992
0.183436
0.181042
0.178824
0.176811
0.175037
0.229437
0.228987
0.227714
0.22557
0.222719
0.219238
0.215324
0.210981
0.206419
0.202118
0.198263
0.194852
0.191801
0.189006
0.18639
0.183933
0.181649
0.179566
0.177724
0.233062
0.232682
0.23147
0.229401
0.226602
0.223162
0.219271
0.214926
0.210323
0.205945
0.201997
0.198493
0.195355
0.19248
0.189789
0.187255
0.184888
0.182723
0.180799
0.237227
0.236915
0.235762
0.233763
0.231017
0.22762
0.223752
0.219407
0.214764
0.210305
0.206256
0.202645
0.199406
0.196437
0.193655
0.191026
0.188563
0.186302
0.184273
0.241915
0.241672
0.240576
0.238647
0.235958
0.232609
0.228769
0.224428
0.219755
0.215217
0.21106
0.207334
0.20398
0.200902
0.198012
0.195272
0.192701
0.19032
0.188161
0.247102
0.246927
0.24589
0.244039
0.241417
0.238126
0.234322
0.229999
0.22531
0.2207
0.216436
0.212587
0.209107
0.205904
0.202887
0.200027
0.197327
0.194797
0.192482
0.252764
0.252657
0.251686
0.249921
0.247381
0.244164
0.240412
0.236124
0.231441
0.226775
0.222411
0.218436
0.214821
0.211477
0.208324
0.205328
0.202466
0.199757
0.19726
0.258875
0.258838
0.25794
0.256277
0.253837
0.250715
0.247036
0.242809
0.238161
0.233464
0.229015
0.224919
0.221164
0.217668
0.214369
0.211211
0.208153
0.205233
0.202521
0.265406
0.26544
0.264626
0.263082
0.260765
0.257768
0.254191
0.250056
0.245481
0.24079
0.23628
0.232076
0.228179
0.224535
0.221079
0.21772
0.214432
0.211266
0.2083
0.272321
0.272431
0.271714
0.270309
0.268143
0.265304
0.261865
0.257864
0.253411
0.248773
0.244241
0.239954
0.235926
0.232141
0.228507
0.224914
0.221362
0.217906
0.214636
0.279582
0.279773
0.279167
0.277924
0.275942
0.273301
0.270045
0.266227
0.261954
0.25743
0.252929
0.248596
0.244476
0.240556
0.236717
0.232868
0.229015
0.225212
0.221573
0.287144
0.287419
0.286941
0.285886
0.284123
0.281726
0.278706
0.275131
0.271108
0.266773
0.262375
0.258052
0.253888
0.249848
0.245797
0.241673
0.237472
0.233253
0.229157
0.294956
0.295322
0.294987
0.294147
0.292641
0.290538
0.287815
0.284554
0.280861
0.276803
0.272595
0.268373
0.264222
0.260085
0.25584
0.251424
0.246819
0.242093
0.237422
0.302961
0.303422
0.303248
0.30265
0.30144
0.299681
0.297323
0.294461
0.291185
0.287507
0.283595
0.279583
0.275526
0.271346
0.266937
0.262215
0.257138
0.251786
0.246382
0.311099
0.311659
0.31166
0.311331
0.310455
0.309079
0.307169
0.304809
0.302034
0.298848
0.295361
0.291681
0.287824
0.283691
0.279169
0.27413
0.268496
0.262356
0.25601
0.319302
0.319964
0.320154
0.320117
0.319616
0.318666
0.317278
0.315512
0.313331
0.310757
0.307839
0.304634
0.301111
0.297147
0.292584
0.287225
0.280923
0.273791
0.2662
0.327498
0.328263
0.328655
0.32893
0.328841
0.328369
0.327555
0.326446
0.324965
0.323125
0.320926
0.31836
0.315335
0.31169
0.307184
0.301512
0.294402
0.286031
0.276724
0.335614
0.33648
0.33708
0.337681
0.33803
0.338079
0.337877
0.337479
0.336792
0.335803
0.334467
0.332706
0.330368
0.327218
0.322896
0.316919
0.308857
0.299011
0.287211
0.343573
0.344537
0.345346
0.346276
0.347074
0.34767
0.348107
0.348462
0.348639
0.348597
0.348244
0.34745
0.345993
0.343536
0.339557
0.333308
0.324208
0.312724
0.297103
0.3513
0.352356
0.353367
0.35462
0.35586
0.357011
0.358099
0.359221
0.360297
0.361258
0.36198
0.362285
0.361885
0.360323
0.356863
0.350459
0.340318
0.32659
0.304386
0.358719
0.359862
0.361064
0.362619
0.36428
0.365971
0.367696
0.369567
0.371533
0.373506
0.375339
0.37682
0.377606
0.377119
0.374378
0.368145
0.356876
0.338653
0.304464
0.365758
0.366993
0.36836
0.370186
0.372228
0.374423
0.376742
0.379306
0.382105
0.385037
0.387942
0.390589
0.39259
0.393279
0.391518
0.386051
0.373917
0.35042
0.300893
0.372342
0.3737
0.375187
0.377245
0.379613
0.382251
0.385094
0.388259
0.391784
0.395554
0.399403
0.40309
0.406191
0.407991
0.407461
0.403295
0.392409
0.368805
0.304207
0.378035
0.379298
0.380806
0.383028
0.385623
0.388589
0.391813
0.395407
0.399448
0.40381
0.40832
0.412729
0.416582
0.419181
0.419857
0.41706
0.409391
0.383923
0.317491
0.382782
0.383828
0.385364
0.387687
0.390431
0.393625
0.397113
0.40099
0.405365
0.4101
0.415014
0.419838
0.424095
0.427188
0.42885
0.428254
0.424468
0.389684
0.305478
0.386988
0.387962
0.389573
0.391964
0.394816
0.398178
0.401859
0.405927
0.410514
0.415471
0.420596
0.425589
0.429961
0.433267
0.435578
0.437879
0.437249
0.400394
0.299914
0.400377
0.409147
0.412926
0.414603
0.415713
0.416839
0.418283
0.4202
0.422664
0.425707
0.429329
0.433509
0.438209
0.443348
0.448713
0.453881
0.458435
0.462115
0.46395
0.463824
0.463609
0.414304
0.414062
0.414731
0.415173
0.415709
0.416502
0.417709
0.419422
0.421695
0.424549
0.427973
0.431931
0.436374
0.441221
0.446309
0.451369
0.456099
0.460122
0.462714
0.463536
0.463521
0.421265
0.418054
0.41647
0.41578
0.415681
0.416083
0.417023
0.418535
0.420635
0.42332
0.426564
0.430323
0.434527
0.439081
0.443842
0.448627
0.453227
0.457393
0.460782
0.462817
0.463121
0.424164
0.420015
0.417363
0.415882
0.415248
0.415274
0.415932
0.417216
0.419114
0.421603
0.424645
0.428184
0.432143
0.43642
0.440889
0.445402
0.449787
0.453907
0.4577
0.460657
0.461655
0.424647
0.42038
0.417349
0.415442
0.41443
0.414159
0.414571
0.415639
0.417334
0.419619
0.422446
0.425751
0.429453
0.433448
0.437622
0.441847
0.445982
0.449944
0.453763
0.457062
0.458563
0.423686
0.419623
0.41654
0.414449
0.413222
0.41274
0.412953
0.413828
0.415329
0.417412
0.420024
0.423097
0.426546
0.43027
0.434158
0.438092
0.441949
0.445666
0.449295
0.452548
0.454172
0.421867
0.418107
0.415126
0.413005
0.411681
0.411065
0.411126
0.411837
0.413161
0.415052
0.417456
0.420302
0.423506
0.426969
0.430581
0.434229
0.437796
0.441211
0.444509
0.447479
0.449031
0.419541
0.416096
0.413292
0.411239
0.409885
0.40919
0.409141
0.409715
0.410881
0.412593
0.414799
0.417428
0.420397
0.42361
0.426957
0.430326
0.4336
0.436695
0.43961
0.44219
0.443569
0.416924
0.413783
0.411193
0.40925
0.407908
0.407175
0.407046
0.407509
0.408535
0.410084
0.412103
0.414526
0.417272
0.420246
0.42334
0.426439
0.429427
0.432205
0.43474
0.436916
0.43808
0.414155
0.411303
0.408939
0.407116
0.405815
0.405071
0.404889
0.40526
0.406164
0.407564
0.40941
0.41164
0.414175
0.416922
0.419775
0.42262
0.425336
0.427815
0.429999
0.431802
0.432751
0.411349
0.408763
0.406611
0.404906
0.403664
0.402927
0.402709
0.403007
0.403804
0.405068
0.406755
0.408805
0.411143
0.413678
0.416305
0.41891
0.421373
0.423579
0.425457
0.426937
0.42769
0.40859
0.406245
0.404274
0.402681
0.401503
0.400785
0.400544
0.400781
0.401484
0.402627
0.404168
0.406052
0.408206
0.410544
0.412962
0.415347
0.417578
0.419542
0.421157
0.422367
0.422954
0.405927
0.403791
0.401974
0.400484
0.399371
0.398677
0.398422
0.398609
0.399231
0.400265
0.401673
0.403404
0.405391
0.407547
0.409774
0.411958
0.413982
0.415733
0.417128
0.418119
0.418568
0.403379
0.401428
0.399742
0.398349
0.397299
0.396633
0.39637
0.396516
0.397067
0.398003
0.399291
0.400884
0.402717
0.404709
0.406762
0.408767
0.410607
0.412174
0.413386
0.414201
0.414542
0.400968
0.399174
0.397604
0.3963
0.395312
0.394674
0.394408
0.39452
0.395009
0.395858
0.397038
0.398505
0.400201
0.402046
0.403946
0.40579
0.40747
0.40888
0.409941
0.410616
0.410873
0.398707
0.397044
0.395579
0.394358
0.393427
0.392818
0.392553
0.392637
0.393072
0.393844
0.394927
0.396283
0.397857
0.399573
0.401337
0.403042
0.404582
0.405858
0.406797
0.407361
0.407554
0.396603
0.395053
0.393682
0.392537
0.391659
0.391079
0.390816
0.390878
0.391266
0.39197
0.392968
0.394226
0.395694
0.397299
0.398947
0.400531
0.401951
0.403114
0.403952
0.404429
0.404575
0.39466
0.393211
0.391923
0.390848
0.39002
0.389467
0.389209
0.389253
0.389601
0.390245
0.391168
0.392341
0.393718
0.395232
0.396784
0.398264
0.39958
0.400648
0.401404
0.401814
0.401927
0.39288
0.391522
0.390312
0.389299
0.388517
0.387991
0.38774
0.387769
0.388083
0.388676
0.389532
0.390629
0.391933
0.39338
0.394858
0.396248
0.397473
0.39846
0.399149
0.399506
0.399597
0.391262
0.389984
0.388853
0.387897
0.387157
0.386658
0.386415
0.386433
0.386718
0.387263
0.388055
0.389085
0.390342
0.391759
0.393187
0.394495
0.395632
0.396546
0.39718
0.397495
0.397572
0.389816
0.388598
0.387543
0.386647
0.385946
0.385472
0.385237
0.385248
0.385506
0.386005
0.386738
0.387729
0.388974
0.390381
0.391779
0.393013
0.394056
0.394902
0.395489
0.395771
0.395841
0.388555
0.387371
0.386373
0.385543
0.384887
0.384437
0.384213
0.384216
0.38445
0.384913
0.385631
0.386624
0.387846
0.389211
0.390586
0.391771
0.39273
0.393514
0.394063
0.394321
0.394391
0.38748
0.386321
0.385355
0.384575
0.383972
0.383556
0.383342
0.383342
0.38357
0.384039
0.384774
0.385751
0.386914
0.38821
0.389554
0.390722
0.391636
0.392369
0.392892
0.393135
0.393211
0.386593
0.385458
0.38451
0.383758
0.383194
0.382816
0.382632
0.382653
0.382899
0.383387
0.384108
0.385033
0.386133
0.387372
0.388673
0.389849
0.390762
0.391457
0.391964
0.3922
0.392289
0.385897
0.384782
0.383854
0.383119
0.382579
0.382232
0.382084
0.382138
0.382402
0.382881
0.383569
0.384449
0.385502
0.386696
0.387962
0.389156
0.390086
0.390765
0.391269
0.39151
0.391619
0.385392
0.38429
0.383379
0.382663
0.382142
0.381817
0.381688
0.381756
0.382024
0.382493
0.383158
0.384008
0.385027
0.386189
0.387437
0.388645
0.389596
0.390285
0.390802
0.391057
0.391196
0.385071
0.383976
0.383072
0.382367
0.38186
0.381546
0.381428
0.381501
0.381771
0.382234
0.382887
0.383718
0.384715
0.385856
0.387095
0.388321
0.389301
0.390016
0.390561
0.390842
0.391017
0.384921
0.383832
0.382924
0.382219
0.381716
0.38141
0.381298
0.381378
0.381652
0.382118
0.382767
0.383589
0.384573
0.385704
0.386943
0.38819
0.389208
0.389962
0.390549
0.390867
0.391084
0.384922
0.383845
0.382932
0.382218
0.381712
0.381409
0.381305
0.381394
0.381677
0.38215
0.382803
0.383627
0.384611
0.38574
0.386985
0.38826
0.389323
0.390128
0.390769
0.391133
0.391402
0.38506
0.383984
0.383085
0.382371
0.381861
0.381558
0.381458
0.381558
0.381854
0.382339
0.383004
0.383839
0.384833
0.385972
0.387231
0.388535
0.389655
0.390524
0.391226
0.391646
0.39198
0.385358
0.38425
0.383354
0.382658
0.382164
0.38187
0.381773
0.381881
0.382191
0.382692
0.383376
0.384231
0.385246
0.386404
0.387685
0.38902
0.39021
0.39116
0.391931
0.392417
0.392821
0.385845
0.38468
0.383755
0.38306
0.382589
0.382326
0.382256
0.382373
0.382694
0.383216
0.383925
0.384809
0.385855
0.387045
0.388356
0.389722
0.390997
0.392045
0.392893
0.393454
0.393933
0.386533
0.385302
0.384331
0.383611
0.383135
0.382898
0.382879
0.383034
0.383371
0.383914
0.384655
0.385576
0.386665
0.3879
0.389253
0.390663
0.392026
0.393178
0.394119
0.394766
0.395329
0.387427
0.386121
0.385094
0.384336
0.38384
0.383602
0.383614
0.383837
0.384225
0.384793
0.385568
0.386537
0.387681
0.388975
0.390385
0.391856
0.393308
0.394565
0.395616
0.39636
0.397032
0.388535
0.387142
0.386047
0.385242
0.384718
0.384468
0.384488
0.384762
0.385234
0.385856
0.38667
0.387695
0.388908
0.390276
0.391761
0.393307
0.394856
0.396224
0.3974
0.398258
0.399051
0.389868
0.388374
0.3872
0.386336
0.385774
0.385507
0.385527
0.385826
0.386375
0.387093
0.387966
0.389055
0.390351
0.391811
0.393388
0.395027
0.396682
0.398171
0.399488
0.400477
0.401407
0.391436
0.389828
0.388561
0.387627
0.387018
0.386724
0.38674
0.387054
0.387652
0.388481
0.389461
0.390625
0.392015
0.393586
0.395275
0.397026
0.398801
0.400422
0.401896
0.403035
0.40412
0.393249
0.391512
0.39014
0.389124
0.388457
0.38813
0.388134
0.388461
0.389094
0.390016
0.391132
0.392405
0.393906
0.395606
0.39743
0.399316
0.401228
0.402995
0.404644
0.405951
0.407214
0.395318
0.393438
0.391947
0.390838
0.390102
0.389732
0.38972
0.390057
0.390725
0.39171
0.392965
0.394392
0.396026
0.397877
0.399862
0.401909
0.403977
0.40591
0.407751
0.409247
0.410713
0.397654
0.395616
0.393992
0.392777
0.391961
0.39154
0.391505
0.391847
0.392549
0.393596
0.394968
0.396568
0.398372
0.400405
0.402577
0.404816
0.407061
0.40919
0.411242
0.412944
0.414638
0.400267
0.398055
0.396285
0.39495
0.394044
0.393562
0.393497
0.39384
0.394575
0.395687
0.397152
0.398926
0.400946
0.403191
0.405581
0.408041
0.410486
0.412853
0.415142
0.417059
0.419009
0.403168
0.400765
0.398832
0.397365
0.396358
0.395806
0.395703
0.396042
0.396808
0.397984
0.399542
0.401479
0.403735
0.406226
0.408874
0.411589
0.414267
0.416905
0.419451
0.421598
0.423839
0.406364
0.403754
0.401643
0.400029
0.398908
0.398275
0.398126
0.398455
0.399249
0.400491
0.402153
0.404241
0.406731
0.409505
0.412453
0.415468
0.418431
0.421348
0.424155
0.426559
0.429138
0.409863
0.407028
0.404723
0.402947
0.401698
0.400974
0.400769
0.401082
0.4019
0.403207
0.404978
0.407218
0.409944
0.413028
0.416314
0.419675
0.42298
0.426186
0.429264
0.431951
0.434918
0.41367
0.410593
0.408076
0.406122
0.40473
0.4039
0.40363
0.403917
0.404754
0.406124
0.408005
0.410407
0.413376
0.416786
0.42044
0.424189
0.427881
0.431399
0.434792
0.437782
0.441181
0.41779
0.41445
0.411704
0.409553
0.408002
0.407051
0.406702
0.406953
0.407801
0.409229
0.411219
0.413795
0.41702
0.420762
0.424799
0.428967
0.433082
0.436941
0.440705
0.444033
0.447907
0.422221
0.418601
0.415604
0.413238
0.411509
0.41042
0.409975
0.410176
0.411021
0.412501
0.414597
0.417363
0.420851
0.424922
0.429347
0.433954
0.438521
0.442789
0.446946
0.450637
0.455051
0.426962
0.42304
0.419773
0.41717
0.415241
0.413993
0.413433
0.413565
0.414391
0.415908
0.418106
0.42107
0.424817
0.42921
0.434024
0.439085
0.444147
0.448913
0.45347
0.457536
0.46259
0.432004
0.427761
0.424201
0.421339
0.419187
0.417755
0.417054
0.417093
0.417878
0.419408
0.421704
0.424848
0.428836
0.433537
0.438747
0.444281
0.449882
0.455226
0.460224
0.46471
0.470515
0.437338
0.432752
0.428875
0.425728
0.423326
0.421683
0.420812
0.420728
0.421441
0.422958
0.425338
0.428618
0.432811
0.437804
0.443411
0.449438
0.455617
0.461609
0.467108
0.472125
0.478792
0.442946
0.437995
0.433779
0.43032
0.427637
0.42575
0.424674
0.42443
0.425033
0.426512
0.428914
0.432265
0.436628
0.441891
0.447883
0.45441
0.461201
0.467892
0.473962
0.479663
0.487212
0.448808
0.44347
0.438888
0.435088
0.432092
0.429923
0.428601
0.42815
0.428593
0.429984
0.432316
0.435677
0.440155
0.445644
0.451991
0.459007
0.466423
0.473848
0.480558
0.487033
0.495235
0.454897
0.44915
0.444176
0.440004
0.436659
0.434166
0.43255
0.431839
0.432073
0.433265
0.435426
0.43874
0.443256
0.448888
0.455517
0.462974
0.471
0.479183
0.486667
0.493985
0.502418
0.46118
0.455001
0.449609
0.445033
0.441301
0.438439
0.436474
0.435439
0.435382
0.436259
0.438171
0.441335
0.445769
0.451412
0.458192
0.465979
0.474544
0.48349
0.491947
0.500375
0.509077
0.467618
0.460989
0.455151
0.450139
0.445979
0.442699
0.440325
0.438904
0.438425
0.438877
0.440465
0.443342
0.447523
0.452987
0.459711
0.467617
0.476533
0.486119
0.495572
0.505245
0.514158
0.47417
0.467069
0.460762
0.45528
0.450651
0.4469
0.444053
0.442156
0.441147
0.441086
0.442217
0.444629
0.44834
0.45337
0.459735
0.467417
0.476317
0.486199
0.496307
0.506845
0.516245
0.480788
0.473197
0.466395
0.460412
0.455275
0.451003
0.447626
0.445134
0.443494
0.442842
0.443355
0.445088
0.448066
0.452325
0.457908
0.464842
0.473095
0.482551
0.492533
0.503066
0.513617
0.487418
0.479323
0.472006
0.465494
0.459808
0.454965
0.45099
0.447819
0.445465
0.444103
0.443825
0.444649
0.446593
0.449679
0.453936
0.459387
0.466001
0.473719
0.481996
0.490684
0.500383
0.494008
0.485396
0.477546
0.47048
0.464213
0.458748
0.454096
0.450192
0.447069
0.444866
0.443616
0.4433
0.443894
0.445367
0.447669
0.450716
0.454334
0.458254
0.4615
0.46323
0.458783
0.500498
0.491362
0.482967
0.47533
0.468454
0.462332
0.456946
0.452259
0.448302
0.445144
0.442764
0.4411
0.440053
0.43949
0.439204
0.43887
0.43785
0.435353
0.428315
0.417974
0.369671
0.391143
0.392231
0.393939
0.396371
0.399302
0.402783
0.406595
0.410769
0.415452
0.420479
0.425615
0.430514
0.434692
0.43786
0.440467
0.444241
0.444038
0.421217
0.371333
0.39528
0.396519
0.398258
0.40069
0.403636
0.407157
0.410997
0.415143
0.419754
0.424638
0.429516
0.434001
0.437646
0.440326
0.442877
0.446171
0.444612
0.431633
0.415054
0.399095
0.400285
0.401942
0.404313
0.407196
0.410659
0.414414
0.418401
0.422779
0.427335
0.431759
0.435655
0.438681
0.440919
0.44343
0.446323
0.444476
0.435621
0.425982
0.402405
0.403506
0.405029
0.407287
0.410036
0.413352
0.416935
0.420671
0.424699
0.428812
0.432684
0.43595
0.438417
0.440323
0.442534
0.444672
0.443021
0.436943
0.429742
0.405145
0.406149
0.407556
0.409674
0.412236
0.415323
0.418685
0.422125
0.425718
0.429325
0.432609
0.435257
0.437226
0.43885
0.440612
0.441891
0.440338
0.435703
0.429928
0.407363
0.408236
0.409563
0.411523
0.413863
0.416662
0.419766
0.422883
0.425989
0.429062
0.431754
0.433809
0.435307
0.436685
0.438061
0.43865
0.437063
0.433265
0.428434
0.40914
0.409876
0.411114
0.412887
0.414988
0.417473
0.42027
0.423027
0.42564
0.428177
0.430299
0.431807
0.432898
0.434038
0.43509
0.435193
0.43355
0.430279
0.426109
0.410536
0.411151
0.412269
0.41383
0.415678
0.417841
0.42029
0.422662
0.424804
0.426816
0.428409
0.429419
0.430239
0.43115
0.431818
0.431594
0.429935
0.427021
0.423349
0.411591
0.412102
0.413078
0.414413
0.415999
0.417835
0.419909
0.421904
0.423614
0.425123
0.426232
0.426834
0.42746
0.428148
0.428413
0.42794
0.426305
0.423636
0.420358
0.412343
0.412761
0.413584
0.414693
0.416015
0.417525
0.419207
0.420853
0.422188
0.423215
0.423873
0.424214
0.424663
0.425082
0.42502
0.424327
0.42272
0.420238
0.417267
0.412835
0.413167
0.413836
0.414727
0.415789
0.416985
0.418283
0.419594
0.42059
0.421183
0.421438
0.421609
0.421897
0.42202
0.4217
0.420815
0.419226
0.416912
0.414179
0.413112
0.413367
0.413886
0.414569
0.415382
0.416282
0.417226
0.418197
0.418871
0.419107
0.419053
0.419055
0.419157
0.419013
0.418482
0.417447
0.415856
0.413698
0.411166
0.413222
0.413406
0.413783
0.414272
0.414848
0.415469
0.416087
0.416708
0.41709
0.417038
0.416771
0.416614
0.416484
0.416108
0.4154
0.414252
0.41264
0.410614
0.408279
0.413207
0.413328
0.413571
0.413881
0.414234
0.414595
0.414912
0.415187
0.415295
0.415031
0.414618
0.414298
0.413921
0.413341
0.412482
0.411243
0.409616
0.407691
0.405537
0.413111
0.413173
0.413295
0.41344
0.413587
0.413706
0.413753
0.41372
0.413557
0.413132
0.412591
0.412082
0.41149
0.410736
0.409746
0.408436
0.406807
0.404952
0.402949
0.412973
0.412983
0.412994
0.41299
0.412948
0.412846
0.412653
0.412359
0.411946
0.411359
0.410678
0.409984
0.409212
0.408308
0.407204
0.405836
0.404212
0.402416
0.400538
0.412831
0.412795
0.412706
0.412568
0.412353
0.412051
0.411642
0.411122
0.410489
0.409729
0.408896
0.408034
0.407105
0.406068
0.404864
0.403447
0.40183
0.400087
0.398308
0.412722
0.412643
0.412466
0.412205
0.411833
0.411348
0.410743
0.41002
0.40919
0.40826
0.407273
0.406255
0.405184
0.404025
0.402731
0.401269
0.399656
0.39796
0.396259
0.412678
0.412561
0.412305
0.411933
0.411416
0.410764
0.409977
0.409067
0.408056
0.406963
0.405826
0.404662
0.403458
0.402186
0.400808
0.399303
0.397691
0.396031
0.394393
0.412731
0.412579
0.412252
0.411779
0.411128
0.410321
0.409366
0.408283
0.407102
0.405853
0.404568
0.403266
0.401935
0.400555
0.399097
0.397549
0.395934
0.394302
0.392713
0.412909
0.412726
0.412334
0.411768
0.410993
0.410042
0.408928
0.407682
0.40634
0.404939
0.403511
0.402073
0.40062
0.399136
0.3976
0.396007
0.394383
0.392771
0.391223
0.413239
0.413028
0.412578
0.411925
0.411033
0.409945
0.408681
0.40728
0.405783
0.404232
0.402664
0.401093
0.39952
0.397933
0.396319
0.394679
0.39304
0.391441
0.389925
0.413748
0.413511
0.413008
0.412273
0.411269
0.41005
0.408642
0.40709
0.405441
0.403744
0.402034
0.400332
0.398639
0.396949
0.395255
0.393563
0.391904
0.390311
0.38882
0.41446
0.414199
0.413646
0.412832
0.411722
0.410376
0.408827
0.407127
0.405328
0.403483
0.401631
0.399796
0.397982
0.396188
0.39441
0.392662
0.390975
0.389382
0.387908
0.415399
0.415116
0.414516
0.413626
0.41241
0.41094
0.409252
0.407404
0.405454
0.40346
0.401463
0.399491
0.397554
0.395651
0.393786
0.391976
0.390255
0.388653
0.387192
0.416588
0.416283
0.415639
0.414673
0.413354
0.41176
0.409933
0.407935
0.405832
0.403684
0.401539
0.399425
0.397358
0.395342
0.393385
0.391506
0.389742
0.388123
0.386671
0.418049
0.417724
0.417036
0.415995
0.414572
0.412853
0.410884
0.408734
0.406473
0.404167
0.401866
0.399605
0.397401
0.395265
0.393208
0.391252
0.389435
0.38779
0.386339
0.419806
0.41946
0.418728
0.417611
0.416082
0.414235
0.412122
0.409815
0.407391
0.404918
0.402455
0.400037
0.397688
0.395424
0.393258
0.391215
0.389334
0.387647
0.386179
0.42188
0.421514
0.420738
0.419541
0.417904
0.415926
0.413662
0.411192
0.408597
0.405951
0.403315
0.400732
0.398228
0.395824
0.393539
0.391397
0.389437
0.387691
0.386183
0.424293
0.423907
0.423085
0.421804
0.420056
0.417941
0.415521
0.412881
0.410106
0.407276
0.404459
0.401699
0.399029
0.396473
0.394055
0.391802
0.38975
0.387928
0.386359
0.427068
0.426666
0.425793
0.424422
0.422556
0.420298
0.417714
0.414895
0.411931
0.408908
0.405897
0.402948
0.400099
0.397379
0.394815
0.392437
0.390277
0.388365
0.38672
0.430225
0.429819
0.428881
0.427411
0.425423
0.423015
0.420259
0.417252
0.414089
0.41086
0.407642
0.404493
0.401452
0.398554
0.395829
0.393311
0.39103
0.389014
0.387281
0.433781
0.433405
0.432368
0.430791
0.428674
0.426108
0.423172
0.419967
0.416592
0.413146
0.409709
0.406345
0.403098
0.400008
0.397108
0.394434
0.392017
0.389884
0.388052
0.437741
0.437392
0.436256
0.434577
0.432326
0.429595
0.42647
0.423055
0.419458
0.415781
0.412112
0.408518
0.405051
0.401754
0.398664
0.395819
0.393251
0.390987
0.389041
0.442118
0.441753
0.440554
0.438784
0.436395
0.433491
0.430168
0.426534
0.422702
0.418781
0.414865
0.411027
0.407325
0.403805
0.40051
0.397478
0.394743
0.392332
0.390258
0.446946
0.446553
0.445297
0.443432
0.440899
0.437815
0.434284
0.43042
0.42634
0.422162
0.417984
0.413886
0.409933
0.406174
0.402658
0.399423
0.396505
0.393931
0.391713
0.452254
0.451834
0.450513
0.44854
0.445855
0.442584
0.438835
0.434727
0.430388
0.425937
0.421483
0.417111
0.41289
0.408877
0.405121
0.401667
0.398549
0.395795
0.393418
0.458059
0.457614
0.456218
0.454128
0.451282
0.447813
0.443835
0.439473
0.43486
0.430124
0.425378
0.420715
0.41621
0.411925
0.407914
0.404222
0.400887
0.397936
0.395383
0.464375
0.463902
0.462424
0.46021
0.457195
0.453519
0.449299
0.444671
0.439771
0.434735
0.429682
0.424713
0.419908
0.415334
0.41105
0.407103
0.403533
0.400367
0.39762
0.471216
0.470712
0.469145
0.466799
0.463607
0.459712
0.455241
0.450334
0.445134
0.439784
0.43441
0.429118
0.423996
0.419116
0.414541
0.410321
0.406497
0.403098
0.400141
0.478597
0.478059
0.476395
0.473908
0.470529
0.466406
0.461672
0.456473
0.450961
0.445283
0.439572
0.433942
0.428487
0.423284
0.418399
0.413888
0.409791
0.406142
0.402956
0.48653
0.485953
0.484183
0.481547
0.47797
0.473607
0.468599
0.463097
0.457259
0.45124
0.445179
0.439196
0.433391
0.427848
0.422637
0.417815
0.413428
0.409508
0.406076
0.495025
0.494404
0.492519
0.489722
0.485937
0.481323
0.476028
0.470211
0.464036
0.457663
0.451238
0.444888
0.438718
0.432818
0.427262
0.422112
0.417415
0.413207
0.409509
0.504087
0.503418
0.501406
0.498436
0.494431
0.489554
0.483962
0.477818
0.471295
0.464556
0.457755
0.451023
0.444473
0.438201
0.432284
0.426787
0.421762
0.417245
0.413263
0.513721
0.512996
0.510846
0.507689
0.503452
0.498299
0.492397
0.485917
0.479034
0.471918
0.464729
0.457604
0.450661
0.444
0.437705
0.431845
0.426473
0.42163
0.417345
0.523926
0.523139
0.520836
0.517476
0.512992
0.507551
0.501327
0.494499
0.487247
0.479746
0.472158
0.464628
0.45728
0.450217
0.44353
0.437289
0.431553
0.426365
0.421757
0.534698
0.533838
0.531366
0.527787
0.523039
0.517295
0.51074
0.503555
0.495925
0.48803
0.480036
0.472091
0.464326
0.45685
0.449755
0.443118
0.437001
0.43145
0.426501
0.546024
0.545084
0.542425
0.538605
0.533574
0.527512
0.520614
0.513065
0.505051
0.496755
0.488348
0.479982
0.471791
0.463889
0.456375
0.449328
0.442813
0.436882
0.431574
0.557889
0.556858
0.553993
0.549907
0.544572
0.538176
0.530926
0.523006
0.514603
0.505902
0.497077
0.488284
0.47966
0.471325
0.46338
0.455909
0.448982
0.442654
0.436968
0.570268
0.569136
0.566042
0.561665
0.555995
0.549247
0.54164
0.533347
0.524552
0.515444
0.506199
0.496975
0.487913
0.479138
0.470753
0.462848
0.455495
0.448755
0.442673
0.583126
0.581883
0.578541
0.573841
0.56781
0.560693
0.552717
0.544049
0.534864
0.525349
0.515682
0.506027
0.496525
0.487305
0.478473
0.470124
0.462334
0.455167
0.448671
0.596417
0.595054
0.591446
0.5864
0.57999
0.572485
0.564124
0.555074
0.545496
0.535576
0.525491
0.515406
0.505464
0.495796
0.486514
0.477713
0.469475
0.461867
0.454943
0.61008
0.608589
0.604699
0.59929
0.592497
0.584582
0.575819
0.566375
0.556407
0.546083
0.535583
0.525071
0.514692
0.504576
0.49484
0.485582
0.476888
0.468827
0.461459
0.624034
0.622405
0.618213
0.612427
0.605244
0.596921
0.587747
0.577899
0.567537
0.55682
0.54591
0.534976
0.524164
0.513604
0.503413
0.493694
0.484536
0.476014
0.468187
0.638174
0.636396
0.631876
0.625698
0.61812
0.609407
0.599835
0.589592
0.578834
0.567726
0.556419
0.545071
0.533832
0.522831
0.512187
0.502005
0.492379
0.483385
0.475088
0.652373
0.65043
0.645555
0.638972
0.631011
0.621935
0.611998
0.601381
0.590248
0.578753
0.567056
0.555304
0.543644
0.532207
0.521112
0.510467
0.500367
0.490895
0.482117
0.666478
0.664349
0.659102
0.652114
0.643795
0.634391
0.624131
0.613187
0.601714
0.589858
0.577774
0.565625
0.553549
0.541679
0.530134
0.519025
0.50845
0.498493
0.489225
0.680304
0.677961
0.67234
0.664968
0.656335
0.646649
0.636119
0.624904
0.613142
0.600971
0.588528
0.575982
0.563495
0.551193
0.539198
0.527623
0.516569
0.506123
0.496357
0.69363
0.691027
0.685055
0.677359
0.66848
0.65858
0.647845
0.636423
0.62443
0.611993
0.599242
0.586327
0.573427
0.560696
0.548248
0.536202
0.524665
0.513726
0.503456
0.706197
0.703267
0.697001
0.689094
0.680075
0.670056
0.659199
0.647637
0.635473
0.62282
0.609807
0.596575
0.583284
0.570119
0.557219
0.544699
0.532674
0.521238
0.510461
-0.275385
-0.251322
-0.233553
-0.229978
-0.224588
-0.216342
-0.204962
-0.190379
-0.172955
-0.152862
-0.130939
-0.10828
-0.0858067
-0.0651023
-0.0481445
-0.0348235
-0.0242546
-0.0155022
-0.00877008
-0.00124978
-0.128867
-0.213105
-0.226015
-0.222654
-0.219714
-0.214159
-0.204638
-0.19148
-0.174904
-0.155151
-0.133191
-0.110381
-0.0877809
-0.067302
-0.0504642
-0.0374066
-0.0270204
-0.018186
-0.0110279
-0.00281244
0.0129416
-0.103488
-0.15021
-0.176755
-0.191714
-0.195899
-0.191143
-0.179854
-0.16434
-0.146047
-0.126048
-0.105508
-0.0851359
-0.0665106
-0.0508907
-0.0382227
-0.0276687
-0.0185583
-0.0104664
-0.0031916
0.0661735
-0.0305083
-0.0870113
-0.122818
-0.144876
-0.156171
-0.158499
-0.153541
-0.143862
-0.131002
-0.115865
-0.099381
-0.0826583
-0.0663243
-0.0519943
-0.0397202
-0.029048
-0.0196662
-0.0109052
-0.00410302
0.084692
0.00632633
-0.04875
-0.0850375
-0.110109
-0.126349
-0.134032
-0.134324
-0.12919
-0.120121
-0.10818
-0.0944376
-0.0799697
-0.0656475
-0.0524672
-0.0406863
-0.0300966
-0.0205843
-0.0114758
-0.00460022
0.100664
0.0350406
-0.0174767
-0.055546
-0.0834006
-0.102716
-0.113696
-0.117367
-0.115394
-0.109256
-0.100079
-0.0888924
-0.0766578
-0.0641933
-0.0521904
-0.0410142
-0.0306486
-0.0211326
-0.0118267
-0.00484137
0.112782
0.0556862
0.00619173
-0.0327302
-0.0622699
-0.0836006
-0.0970675
-0.103513
-0.104273
-0.100678
-0.0938276
-0.0846917
-0.0741676
-0.0630429
-0.0519409
-0.0412654
-0.0311064
-0.0216072
-0.0121466
-0.00505517
0.120758
0.0692257
0.0226464
-0.0159593
-0.0462992
-0.0689631
-0.0842602
-0.0928163
-0.0956447
-0.0939791
-0.0889217
-0.0813495
-0.0721285
-0.0620405
-0.0516839
-0.0414657
-0.0315314
-0.022091
-0.0125205
-0.00529428
0.126373
0.0782001
0.0335694
-0.00468784
-0.0356195
-0.0592605
-0.075836
-0.0858973
-0.0901276
-0.0897391
-0.0859401
-0.0794473
-0.0711049
-0.0616972
-0.0518196
-0.0418911
-0.0321052
-0.0227147
-0.0131319
-0.00555553
0.13153
0.0851132
0.0414198
0.00312475
-0.0284435
-0.0529588
-0.0705606
-0.0816919
-0.0870373
-0.0876298
-0.0845681
-0.0787076
-0.0708845
-0.0618595
-0.0522344
-0.0424446
-0.0327554
-0.0233785
-0.0142907
-0.00625648
0.506648
0.496999
0.488071
0.479869
0.472389
0.465608
0.459475
0.453987
0.449168
0.445
0.441412
0.438281
0.435427
0.432585
0.429322
0.424981
0.418103
0.406877
0.381995
0.336566
0.154641
0.512418
0.502276
0.492832
0.484084
0.476016
0.468589
0.461724
0.455431
0.449739
0.444552
0.439733
0.4351
0.430395
0.425216
0.418914
0.410497
0.397814
0.377932
0.339687
0.274194
0.130486
0.517933
0.507309
0.497361
0.488079
0.479433
0.471374
0.463804
0.456694
0.450085
0.443865
0.437817
0.431685
0.425134
0.417665
0.408486
0.396394
0.3792
0.3538
0.313672
0.252086
0.16829
0.523127
0.512042
0.50161
0.491816
0.482621
0.473962
0.465739
0.457856
0.450303
0.443027
0.435792
0.428244
0.419966
0.410401
0.398723
0.383707
0.363507
0.335513
0.29636
0.240774
0.170793
0.527919
0.516404
0.505522
0.495252
0.485547
0.476335
0.467513
0.458952
0.450548
0.442217
0.433796
0.424938
0.415138
0.403781
0.390052
0.372827
0.350578
0.321249
0.282451
0.230735
0.165906
0.532222
0.520319
0.509032
0.498334
0.488173
0.478467
0.469108
0.45996
0.450862
0.441646
0.432116
0.421991
0.410827
0.397996
0.382677
0.363846
0.340228
0.310255
0.272224
0.224333
0.166859
0.535922
0.523685
0.51205
0.500987
0.490435
0.480309
0.470492
0.460842
0.451183
0.441302
0.430925
0.419744
0.407371
0.393257
0.376679
0.35672
0.332308
0.302257
0.265446
0.221043
0.169636
0.539034
0.526526
0.51461
0.503252
0.492387
0.481923
0.47174
0.461689
0.451584
0.441198
0.430244
0.418363
0.405132
0.390044
0.372474
0.351654
0.326725
0.296794
0.261107
0.219298
0.171987
0.54127
0.528561
0.516451
0.50489
0.493807
0.48311
0.472679
0.462358
0.451957
0.441242
0.429923
0.417645
0.403977
0.388393
0.370288
0.348998
0.323818
0.294036
0.259125
0.218975
0.174237
0.543401
0.530492
0.518209
0.50648
0.495227
0.484356
0.473749
0.46325
0.452665
0.441758
0.430241
0.417763
0.403901
0.388152
0.369932
0.348605
0.323517
0.29405
0.259786
0.22073
0.177528
0.717451
0.714086
0.70762
0.699665
0.690653
0.680644
0.669771
0.65815
0.645875
0.633055
0.619821
0.606318
0.592696
0.579125
0.565787
0.552802
0.540301
0.528381
0.517111
0.72692
0.723253
0.716776
0.708973
0.700153
0.69031
0.679536
0.667937
0.655605
0.642652
0.62922
0.615468
0.601557
0.587635
0.573884
0.560456
0.547493
0.535106
0.523362
0.734206
0.730811
0.724595
0.717175
0.708787
0.699304
0.688763
0.67727
0.664925
0.651859
0.638233
0.624229
0.610026
0.595787
0.581653
0.567803
0.554394
0.541554
0.529348
0.738691
0.736498
0.730983
0.724186
0.716492
0.707581
0.697413
0.686106
0.673788
0.660619
0.646795
0.632527
0.61802
0.603458
0.58897
0.574728
0.560906
0.547639
0.534992
0.740436
0.739759
0.735721
0.730013
0.723287
0.715135
0.705453
0.694392
0.682127
0.668857
0.654821
0.640274
0.625451
0.610548
0.595719
0.581117
0.566919
0.553258
0.540203
0.740771
0.740835
0.73867
0.734664
0.72923
0.721989
0.712862
0.702066
0.689845
0.676453
0.662185
0.647343
0.632196
0.616952
0.601789
0.586856
0.572321
0.558306
0.544882
0.740772
0.740824
0.740183
0.738165
0.734306
0.728122
0.719596
0.709054
0.696837
0.683276
0.66874
0.653583
0.638102
0.622528
0.607046
0.591812
0.576976
0.562651
0.548909
0.740772
0.740633
0.740811
0.740509
0.738297
0.733268
0.725397
0.715125
0.702887
0.689117
0.674291
0.658832
0.643058
0.627203
0.611447
0.595955
0.580867
0.566287
0.552285
0.740909
0.740718
0.741248
0.742011
0.741111
0.737091
0.729847
0.719875
0.707583
0.69356
0.678449
0.662729
0.646713
0.630628
0.614659
0.598967
0.583687
0.568917
0.554724
0.741153
0.741096
0.741873
0.743117
0.74313
0.73984
0.733214
0.723812
0.711721
0.697619
0.682348
0.666441
0.650218
0.633915
0.617733
0.601839
0.586365
0.571408
0.557042
)
;

boundaryField
{
    inlet
    {
        type            zeroGradient;
    }
    outlet
    {
        type            fixedValue;
        value           uniform 0;
    }
    walls
    {
        type            zeroGradient;
    }
    baffle
    {
        type            zeroGradient;
    }
    frontAndBack
    {
        type            empty;
    }
}


// ************************************************************************* //
