/*--------------------------------*- C++ -*----------------------------------*\
| =========                 |                                                 |
| \\      /  F ield         | OpenFOAM: The Open Source CFD Toolbox           |
|  \\    /   O peration     | Version:  v2012                                 |
|   \\  /    A nd           | Website:  www.openfoam.com                      |
|    \\/     M anipulation  |                                                 |
\*---------------------------------------------------------------------------*/
FoamFile
{
    version     2.0;
    format      ascii;
    class       volScalarField;
    location    "500";
    object      age;
}
// * * * * * * * * * * * * * * * * * * * * * * * * * * * * * * * * * * * * * //

dimensions      [0 0 1 0 0 0 0];


internalField   nonuniform List<scalar> 
6556
(
0.0125016
0.0124997
0.0124998
0.0124998
0.0124999
0.0124999
0.0124998
0.0124998
0.0124997
0.0125016
0.0375089
0.0374975
0.0374976
0.037498
0.0374982
0.0374982
0.037498
0.0374976
0.0374975
0.0375089
0.0625262
0.0624945
0.0624928
0.0624931
0.0624935
0.0624935
0.0624931
0.0624928
0.0624945
0.0625262
0.0875541
0.0874914
0.0874851
0.0874846
0.0874849
0.0874849
0.0874846
0.0874851
0.0874914
0.0875541
0.112592
0.112489
0.112475
0.112472
0.112472
0.112472
0.112472
0.112475
0.112489
0.112592
0.137641
0.137487
0.137462
0.137456
0.137455
0.137455
0.137456
0.137462
0.137487
0.137641
0.162698
0.162485
0.162447
0.162437
0.162434
0.162434
0.162436
0.162447
0.162485
0.162698
0.187765
0.187485
0.18743
0.187413
0.187408
0.187408
0.187413
0.18743
0.187484
0.187765
0.212841
0.212485
0.212411
0.212387
0.212379
0.212379
0.212387
0.21241
0.212484
0.21284
0.237924
0.237485
0.23739
0.237358
0.237347
0.237347
0.237357
0.237389
0.237484
0.237923
0.263015
0.262486
0.262367
0.262326
0.262311
0.262311
0.262325
0.262366
0.262485
0.263014
0.288114
0.287488
0.287343
0.287291
0.287272
0.287271
0.28729
0.287341
0.287486
0.288112
0.31322
0.31249
0.312317
0.312253
0.312229
0.312229
0.312252
0.312314
0.312487
0.313217
0.338334
0.337493
0.33729
0.337213
0.337184
0.337184
0.337211
0.337286
0.337488
0.338327
0.363455
0.362497
0.362261
0.362171
0.362136
0.362135
0.362167
0.362255
0.362489
0.36345
0.388584
0.387501
0.387231
0.387127
0.387086
0.387084
0.387121
0.387222
0.38749
0.388556
0.413721
0.412507
0.412201
0.41208
0.412032
0.412029
0.412071
0.412187
0.41249
0.413762
0.438866
0.437516
0.43717
0.437032
0.436976
0.436971
0.437017
0.437148
0.437489
0.438576
0.464022
0.462527
0.462139
0.461983
0.461917
0.461909
0.461959
0.462104
0.462488
0.465085
0.489189
0.487543
0.48711
0.486933
0.486856
0.486842
0.486893
0.487051
0.487471
0.484449
0.51437
0.512565
0.512085
0.511885
0.511793
0.511771
0.511819
0.511985
0.512446
0.534207
0.539569
0.537598
0.537067
0.536841
0.536732
0.536698
0.536741
0.536914
0.537426
0.568063
0.56479
0.562646
0.562059
0.561805
0.561677
0.56163
0.561667
0.561855
0.562414
0.601287
0.590041
0.587714
0.587069
0.586784
0.586634
0.586572
0.586605
0.586821
0.587427
0.633884
0.615328
0.612811
0.612101
0.611784
0.611611
0.611532
0.611565
0.611831
0.612488
0.665868
0.640661
0.637945
0.637166
0.636813
0.636615
0.636521
0.636559
0.636899
0.637612
0.697078
0.66605
0.663126
0.662273
0.661883
0.661658
0.661549
0.661601
0.662042
0.662815
0.727446
0.691509
0.688367
0.687433
0.687003
0.68675
0.686629
0.686702
0.687276
0.688109
0.756813
0.717052
0.713683
0.712661
0.712188
0.711906
0.711773
0.711878
0.712619
0.713495
0.784991
0.742698
0.739091
0.737972
0.737453
0.737141
0.736999
0.737147
0.73809
0.738985
0.811904
0.768467
0.76461
0.763386
0.762818
0.762475
0.762327
0.762529
0.763709
0.764601
0.837568
0.794386
0.790267
0.788925
0.788304
0.787929
0.787778
0.788043
0.789495
0.790364
0.862015
0.820481
0.816088
0.814615
0.813938
0.813528
0.813376
0.813713
0.815466
0.816301
0.885345
0.846789
0.842107
0.840487
0.839748
0.839303
0.839149
0.839562
0.841639
0.842435
0.907693
0.87335
0.868365
0.866579
0.865771
0.865286
0.865131
0.865617
0.86803
0.868791
0.929223
0.900213
0.894908
0.892933
0.892048
0.89152
0.891358
0.891909
0.894655
0.895395
0.950126
0.927436
0.921793
0.919604
0.918629
0.918051
0.917876
0.918475
0.921531
0.922283
0.970666
0.955089
0.949087
0.946652
0.945574
0.944939
0.94474
0.945361
0.948684
0.949495
0.991163
0.983256
0.976873
0.974155
0.972955
0.972253
0.972017
0.972625
0.97615
0.977088
1.01197
1.01204
1.00525
1.0022
1.00086
1.00008
0.999789
1.00034
1.00398
1.00513
1.03348
1.04156
1.03433
1.03091
1.02939
1.02851
1.02816
1.02861
1.03225
1.03368
1.056
1.07196
1.06425
1.0604
1.05867
1.05768
1.05724
1.05755
1.06105
1.06289
1.0785
1.10344
1.0952
1.09085
1.08886
1.08774
1.08719
1.08732
1.09053
1.09295
1.10128
1.13622
1.12738
1.12245
1.12014
1.11885
1.11818
1.1181
1.12087
1.12406
1.12449
1.17058
1.16105
1.15545
1.15273
1.15124
1.15042
1.15013
1.15227
1.15655
1.1478
1.20689
1.19655
1.19015
1.18693
1.18516
1.18417
1.18367
1.18502
1.19073
1.17383
1.24564
1.2343
1.22693
1.22307
1.22095
1.21974
1.21906
1.21949
1.22597
1.21187
1.28747
1.27486
1.26631
1.26162
1.25901
1.25749
1.25665
1.25623
1.26215
1.2553
1.33332
1.31902
1.30893
1.30316
1.29986
1.29792
1.29687
1.29585
1.30002
1.29968
1.38455
1.36789
1.35573
1.34848
1.34421
1.34164
1.34026
1.33893
1.34094
1.34376
1.4433
1.42313
1.40802
1.39867
1.393
1.3895
1.38754
1.38602
1.38629
1.38914
1.51343
1.48759
1.46785
1.45533
1.44756
1.44265
1.43974
1.4379
1.4371
1.43857
1.60201
1.56589
1.53846
1.52093
1.50984
1.50272
1.49828
1.49564
1.49418
1.49432
1.72945
1.66959
1.62601
1.59942
1.58307
1.57259
1.56579
1.56158
1.55917
1.55828
1.93676
1.82217
1.74465
1.69811
1.67073
1.65418
1.6439
1.63755
1.63388
1.63217
2.61392
2.11943
1.9228
1.84231
1.79373
1.76375
1.7445
1.73208
1.72441
1.7202
12.5714
6.64408
3.1711
2.09499
1.9339
1.88758
1.8645
1.85043
1.84095
1.83472
12.2164
11.5199
7.63949
4.2425
2.65044
2.14726
2.03124
1.99163
1.97241
1.96344
11.4378
11.696
10.9325
7.9908
5.36152
3.7241
2.88939
2.48087
2.32163
2.25181
10.9313
10.0044
9.56892
8.62058
7.23552
6.12277
5.33664
4.73548
4.29568
3.98869
134.328
157.681
157.611
157.979
158.608
159.605
161.131
163.302
166.731
170.316
174.268
178.445
182.129
184.994
186.971
188.092
188.332
188.488
188.643
188.799
188.965
189.151
189.379
189.703
191.647
132.525
155.894
154.237
154.264
154.338
154.811
156.333
159.975
168.654
179.988
192.931
206.588
219.875
231.743
241.257
247.668
250.586
248.836
242.297
231.735
218.823
206.094
196.394
191.4
191.293
126.61
155.051
153.934
153.771
153.676
153.784
154.473
157.096
168.287
187.029
210.134
236.043
263.017
288.677
310.34
325.588
332.621
330.652
319.547
299.791
272.993
242.82
215.563
197.469
191.631
119.809
154.847
154.105
153.868
153.525
153.447
153.684
154.907
165.516
189.69
222.539
261.734
305.281
348.939
387.065
414.474
427.52
424.652
406.382
374.82
333.083
285.557
239.946
206.514
192.538
112.456
155.091
155.008
154.764
153.838
153.339
153.282
153.671
161.285
187.528
228.061
279.709
340.71
404.552
461.433
502.795
522.986
519.457
493.115
448.038
390.215
325.994
263.757
215.888
193.624
104.129
155.551
156.846
157.041
155.284
153.628
153.139
153.268
157.08
180.942
225.561
286.54
362.675
445.53
520.55
575.797
603.766
600.598
567.569
510.449
438.015
359.243
283.404
223.79
194.565
95.3593
155.15
159.413
160.897
158.473
155.029
153.192
152.922
154.027
171.569
215.692
281.097
366.998
464.199
554.179
621.699
657.84
656.857
619.722
554.379
471.614
382.464
297.165
229.434
195.248
86.3701
153.53
162.128
165.912
163.54
158.219
154.022
152.829
152.786
162.421
200.42
264.244
353.018
457.331
557.258
633.976
677.071
678.644
643.962
575.39
488.254
394.371
304.483
232.594
195.656
77.2122
150.554
164.342
171.279
170.063
163.416
156.406
153.009
152.557
155.787
182.951
239.137
322.923
427.063
530.719
612.235
659.65
668.126
637.465
572.384
487.662
395.024
305.527
233.334
195.855
67.9986
145.991
165.833
176.19
177.304
170.412
160.982
154.25
152.455
152.418
167.018
210.623
282.362
378.321
479.676
562.783
613.819
627.967
603.695
547.966
471.527
385.465
300.915
231.854
196.045
58.9066
139.825
166.824
180.14
184.539
178.724
167.911
157.723
152.748
152.191
156.692
183.903
238.449
319.092
411.891
493.118
545.262
564.373
550.424
507.074
442.882
367.501
291.604
228.561
196.235
50.0887
131.472
166.708
182.804
191.186
187.706
176.901
164.307
155.071
152.118
152.073
163.781
198.519
258.416
336.268
412.626
466.353
489.99
485.559
455.377
405.374
343.315
278.753
224.007
196.43
41.6922
121.516
164.939
184.358
196.777
196.894
187.576
173.89
161.021
153.483
151.815
153.886
168.997
205.616
262.373
327.933
382.511
411.832
415.812
398.249
362.788
315.377
263.929
219.141
196.634
33.8376
110.297
161.18
184.885
201.501
205.804
199.516
186.611
171.677
159.144
152.77
151.724
154.491
168.864
201.32
248.406
297.984
333.345
346.548
340.198
318.601
285.9
248.285
214.366
196.843
26.6269
98.1417
155.218
184.156
204.289
214.042
211.953
201.662
186.89
171.43
158.94
152.751
151.644
153.33
163.14
186.738
221.538
255.979
279.147
284.512
275.56
257.17
233.811
211.743
198.121
20.0916
85.0129
146.845
181.897
205.614
220.938
224.126
218.005
205.679
190.127
174.234
160.982
153.481
151.164
151.294
155.152
167.76
189.136
212.858
230.446
236.975
233.295
225.147
214.645
203.243
14.5779
71.0113
135.791
177.571
205.091
225.928
235.088
234.211
226.148
213.278
197.742
181.564
166.945
156.583
150.974
149.274
149.221
152.064
159.858
170.402
180.139
185.192
181.841
171.087
156.847
10.3061
56.6952
121.84
170.4
202.391
228.084
243.667
248.826
246.094
237.713
225.474
210.863
195.207
179.844
166.296
156.409
149.827
146.099
144.714
144.636
144.573
144.505
144.369
142.95
141.149
7.14874
42.7996
105.039
159.462
196.877
226.634
248.728
260.404
263.719
260.696
253.059
242.169
229.159
215.009
200.624
186.886
174.648
164.525
156.957
152.233
149.512
148.234
148.156
149.607
154.578
4.90541
30.1238
85.8644
143.866
187.448
221.125
248.749
267.427
277.402
280.415
278.074
271.742
262.489
251.275
238.952
226.28
213.942
202.565
192.734
184.985
179.766
177.357
178.039
182.391
190.707
3.38236
19.4
65.584
123.348
172.672
210.863
242.652
267.817
284.883
294.64
298.344
297.246
292.565
285.19
275.982
265.822
255.423
245.517
236.662
229.333
224.02
221.201
221.261
224.574
231.045
2.40569
11.2071
45.1439
98.3402
151.262
194.584
230.04
259.853
283.428
300.268
310.662
315.559
316.006
312.977
307.311
300.008
291.557
282.86
274.846
268.279
263.464
260.532
259.689
261.139
264.914
1.81176
6.25412
27.2951
70.8731
122.913
170.533
210.129
243.348
271.341
294.011
311.033
323.452
330.568
330.965
329.681
326.001
320.828
314.186
306.38
298.902
293.237
289.576
287.895
287.973
289.615
1.47908
3.63101
14.2344
44.7993
89.8682
137.977
181.282
217.978
249.012
275.27
296.864
314.405
326.818
334.212
338.405
336.117
334.185
332.416
329.719
324.367
317.662
311.574
306.752
303.874
303.378
1.31584
2.31723
6.49047
23.4055
56.5885
99.1597
142.786
182.326
216.324
245.182
269.488
289.868
306.283
318.665
327.606
332.209
333.381
333.98
333.841
332.246
329.923
327.796
326.344
325.418
324.456
1.25044
1.66964
3.21298
9.95944
29.2707
60.3905
98.1128
136.664
172.266
203.427
230.004
252.396
271.032
286.174
297.896
306.732
312.432
315.376
316.331
315.864
314.49
312.689
310.85
309.281
308.242
1.24059
1.38605
1.97323
3.77048
11.5231
29.1849
55.4993
86.8963
119.475
150.381
178.102
202.123
222.494
239.467
253.179
263.883
271.824
277.277
280.645
282.384
282.931
282.671
281.925
280.955
279.985
1.25736
1.30399
1.47545
1.9469
3.68295
10.2264
23.8381
43.7133
67.6485
93.1361
118.117
141.245
161.826
179.617
194.557
206.699
216.252
223.496
228.743
232.321
234.554
235.75
236.186
236.1
235.672
1.29519
1.30507
1.33529
1.45208
1.59556
2.52949
6.37478
14.7654
27.8119
44.0473
61.9007
80.002
97.3301
113.224
127.286
139.312
149.293
157.338
163.63
168.385
171.832
174.196
175.692
176.511
176.822
1.34201
1.34112
1.34353
1.36228
1.40876
1.52971
1.64453
2.72773
6.04363
12.056
20.9155
31.427
42.6123
53.7424
64.2723
73.8258
82.2004
89.3265
95.2256
99.9757
103.69
106.5
108.54
109.943
110.821
1.39088
1.39096
1.3873
1.38359
1.39151
1.42098
1.46424
1.55012
1.63875
1.7137
2.84822
5.18349
8.63754
13.0054
18.0123
23.3511
28.4675
33.1229
37.2109
40.6929
43.5768
45.9003
47.7166
49.0884
50.0737
1.44134
1.44401
1.44452
1.44167
1.43865
1.44007
1.44995
1.4741
1.51059
1.54895
1.6107
1.66098
1.71096
1.76137
1.89535
2.36573
3.07666
3.93188
4.84731
5.75458
6.60424
7.36426
8.01643
8.55419
8.98049
1.49629
1.49957
1.50324
1.50569
1.5064
1.50497
1.50541
1.50796
1.52065
1.53473
1.55745
1.5853
1.61541
1.64511
1.68125
1.72016
1.75302
1.78421
1.81504
1.8456
1.87589
1.9059
1.93561
1.96504
1.99421
1.55902
1.56141
1.56532
1.57014
1.57511
1.57906
1.58238
1.58527
1.58809
1.59415
1.60288
1.6142
1.63188
1.64888
1.66757
1.68954
1.71339
1.73785
1.76256
1.78742
1.81235
1.83732
1.8623
1.88729
1.91228
1.63208
1.6335
1.63648
1.64099
1.64682
1.65351
1.66055
1.66778
1.67461
1.6818
1.68967
1.69854
1.70838
1.72011
1.73341
1.74808
1.76416
1.7815
1.79992
1.81912
1.83943
1.86084
1.88243
1.90373
1.92501
1.71854
1.71886
1.72083
1.72437
1.72943
1.73592
1.74363
1.75238
1.7619
1.772
1.78261
1.79381
1.80548
1.81784
1.83099
1.84495
1.8597
1.87525
1.89157
1.90861
1.92628
1.94453
1.96331
1.98258
2.00229
1.83114
1.82978
1.83026
1.83241
1.83612
1.84129
1.84785
1.85571
1.86479
1.87495
1.88606
1.89803
1.91078
1.92422
1.93831
1.95304
1.96835
1.98424
2.00066
2.01759
2.03499
2.05281
2.07103
2.0896
2.10851
1.96009
1.95991
1.96174
1.96509
1.96972
1.97551
1.9824
1.99034
1.9993
2.00924
2.02011
2.03187
2.04445
2.05779
2.07184
2.08653
2.10182
2.11765
2.13397
2.15075
2.16794
2.1855
2.2034
2.22159
2.24005
2.21645
2.19686
2.18593
2.1806
2.17916
2.1806
2.18429
2.18981
2.19688
2.20528
2.21488
2.22555
2.23717
2.24968
2.26298
2.27701
2.29169
2.30697
2.32279
2.3391
2.35584
2.37297
2.39044
2.40822
2.42634
3.78584
3.65066
3.55533
3.48512
3.43204
3.39147
3.36051
3.33716
3.31999
3.30792
3.30014
3.296
3.29499
3.29665
3.30063
3.30665
3.31446
3.32384
3.33461
3.34659
3.35965
3.37364
3.38846
3.40399
3.42025
197.357
197.642
136.119
178.672
152.024
134.108
143.281
136.366
140.602
141.075
148.209
162.683
163.638
178.511
195.316
201.817
215.168
229.762
239.599
249.366
260.374
270.35
276.915
284.688
292.658
296.763
301.942
304.701
307.042
310.372
322.245
319.722
318.068
307.866
308.15
308.898
279.212
278.726
278.532
235.115
234.56
234.045
176.803
176.579
176.226
111.285
111.46
111.455
50.7188
51.1057
51.3258
9.28024
9.49267
9.64336
2.01964
2.04479
2.06977
1.93573
1.95763
1.97952
1.9454
1.9649
1.9842
2.0211
2.03893
2.05697
2.1265
2.14352
2.16072
2.25759
2.27414
2.29084
2.4431
2.45925
2.47551
3.43493
3.44988
3.46503
156.787
136.509
128.107
127.31
126.947
126.757
126.61
126.48
126.365
126.26
126.164
126.074
125.991
125.912
125.836
125.764
125.695
125.628
125.563
125.5
125.438
125.378
125.319
125.261
125.204
125.148
125.092
125.038
124.984
124.93
124.877
124.825
124.773
124.721
124.669
124.618
124.567
124.516
124.465
124.414
124.362
124.3
124.228
124.146
124.052
123.945
123.826
123.695
123.55
123.392
123.221
123.039
122.848
122.65
122.45
122.254
122.072
121.915
121.798
121.709
121.609
121.492
121.353
121.212
121.186
121.277
121.553
122.229
123.009
123.998
125.137
126.522
127.709
128.397
128.592
128.745
128.898
129.066
129.259
130.187
139.462
130.688
127.815
127.475
127.434
127.656
128.094
128.763
129.65
130.717
131.899
133.143
134.417
135.699
136.971
138.221
139.439
140.62
141.758
142.852
143.9
144.9
145.853
146.759
147.617
148.428
149.191
149.907
150.576
151.196
151.767
152.288
152.757
153.173
153.532
153.833
154.072
154.245
154.347
154.376
154.328
154.202
153.983
153.666
153.241
152.702
152.039
151.245
150.309
149.222
147.975
146.56
144.97
143.199
141.246
139.113
136.814
134.377
131.886
129.43
127.065
124.9
123.048
121.563
120.675
120.426
120.258
120.827
122.563
125.557
129.85
135.01
140.064
143.909
145.332
143.505
139.132
134.232
130.903
130.294
133.504
128.574
127.938
128.184
129.216
131.034
133.62
136.834
140.471
144.337
148.287
152.249
156.162
159.978
163.666
167.207
170.593
173.818
176.883
179.79
182.543
185.148
187.61
189.935
192.128
194.193
196.134
197.955
199.658
201.245
202.715
204.069
205.305
206.421
207.412
208.274
209.002
209.587
210.021
210.294
210.397
210.32
210.054
209.58
208.881
207.939
206.733
205.242
203.444
201.314
198.828
195.96
192.686
188.984
184.834
180.222
175.145
169.612
163.652
157.326
150.734
144.029
137.438
131.278
126.008
122.392
120.341
119.893
121.055
124.839
131.679
141.207
151.784
160.971
166.617
164.92
156.333
144.333
134.564
130.751
131.345
128.441
128.542
130.147
133.228
137.768
143.499
150.031
157.005
164.153
171.29
178.293
185.072
191.575
197.773
203.655
209.219
214.475
219.432
224.105
228.508
232.656
236.565
240.247
243.714
246.977
250.047
252.929
255.63
258.155
260.506
262.684
264.689
266.517
268.165
269.627
270.894
271.958
272.805
273.423
273.795
273.905
273.735
273.262
272.46
271.302
269.757
267.792
265.369
262.452
258.997
254.961
250.301
244.97
238.925
232.128
224.547
216.168
206.996
197.071
186.48
175.378
164.008
152.724
142.016
132.539
125.171
120.991
119.699
121.823
128.553
140.126
155.095
170.389
182.134
180.656
170.134
153.425
138.224
131.275
130.616
128.59
129.84
133.398
139.239
147.073
156.307
166.349
176.738
187.151
197.363
207.231
216.667
225.631
234.107
242.1
249.624
256.702
263.358
269.618
275.508
281.053
286.276
291.197
295.835
300.206
304.324
308.2
311.845
315.264
318.462
321.44
324.2
326.739
329.051
331.13
332.966
334.547
335.858
336.882
337.6
337.988
338.023
337.679
336.927
335.732
334.055
331.854
329.084
325.695
321.632
316.839
311.253
304.81
297.444
289.089
279.682
269.17
257.517
244.716
230.805
215.887
200.164
183.965
167.789
152.349
138.624
127.859
121.552
119.567
122.807
132.653
148.545
167.149
182.725
189.098
177.229
158.504
140.57
131.668
130.301
128.946
131.739
137.703
146.696
158.018
170.773
184.221
197.828
211.234
224.207
236.613
248.386
259.503
269.971
279.81
289.052
297.732
305.888
313.556
320.772
327.569
333.976
340.02
345.727
351.116
356.205
361.01
365.542
369.809
373.819
377.573
381.073
384.315
387.294
390.002
392.427
394.554
396.366
397.843
398.96
399.691
400.005
399.87
399.253
398.115
396.414
394.102
391.13
387.442
382.981
377.682
371.48
364.3
356.067
346.698
336.111
324.223
310.956
296.251
280.074
262.446
243.468
223.365
202.542
181.656
161.683
143.944
130.069
121.908
119.417
123.626
135.915
154.059
171.983
181.289
176.142
159.219
141.36
131.894
130.194
129.602
134.101
142.772
155.074
169.86
185.979
202.58
219.088
235.137
250.516
265.121
278.912
291.892
304.085
315.533
326.281
336.379
345.875
354.816
363.247
371.207
378.734
385.861
392.615
399.023
405.104
410.875
416.351
421.54
426.449
431.079
435.431
439.498
443.273
446.743
449.892
452.701
455.145
457.197
458.826
459.997
460.673
460.811
460.369
459.306
457.573
455.121
451.898
447.851
442.926
437.065
430.21
422.297
413.258
403.02
391.501
378.614
364.264
348.356
330.804
311.545
290.568
267.952
243.928
218.959
193.836
169.765
148.384
131.73
122.016
119.191
124.04
137.491
155.084
168.124
168.641
156.427
140.923
132.089
130.226
130.389
136.823
148.373
163.996
182.103
201.336
220.772
239.826
258.163
275.61
292.098
307.621
322.206
335.903
348.769
360.869
372.265
383.018
393.186
402.822
411.973
420.682
428.986
436.917
444.502
451.762
458.716
465.374
471.746
477.835
483.638
489.15
494.361
499.254
503.809
508
511.796
515.162
518.057
520.436
522.249
523.443
523.963
523.752
522.751
520.909
518.171
514.484
509.801
504.078
497.276
489.359
480.295
470.047
458.579
445.844
431.782
416.32
399.364
380.806
360.533
338.448
314.497
288.725
261.343
232.837
204.092
176.467
151.9
132.835
121.84
118.82
123.889
137.322
152.13
158.064
151.705
139.77
132.283
130.358
131.258
139.856
154.378
173.248
194.464
216.511
238.436
259.683
279.967
299.164
317.25
334.251
350.228
365.253
379.408
392.776
405.434
417.457
428.914
439.865
450.363
460.456
470.183
479.577
488.665
497.467
505.998
514.267
522.277
530.023
537.499
544.687
551.566
558.109
564.281
570.038
575.332
580.105
584.295
587.831
590.638
592.636
593.744
593.882
592.968
590.932
587.71
583.247
577.503
570.45
562.077
552.387
541.397
529.131
515.618
500.881
484.929
467.748
449.293
429.479
408.185
385.266
360.575
334.003
305.547
275.385
244.003
212.285
181.721
154.502
133.401
121.387
118.216
123.31
136.183
147.29
146.42
138.476
132.485
130.502
132.187
143.214
160.766
182.763
206.832
231.362
255.417
278.504
300.404
321.052
340.471
358.73
375.921
392.149
407.519
422.136
436.094
449.48
462.373
474.84
486.94
498.721
510.224
521.481
532.517
543.349
553.985
564.428
574.673
584.708
594.511
604.055
613.3
622.202
630.703
638.737
646.226
653.082
659.205
664.486
668.809
672.052
674.092
674.808
674.086
671.821
667.933
662.358
655.063
646.042
635.324
622.965
609.052
593.693
577.013
559.138
540.182
520.233
499.337
477.481
454.585
430.505
405.043
377.986
349.155
318.481
286.097
252.44
218.419
185.577
156.255
133.515
120.67
117.373
122.598
135.037
142.346
137.161
132.701
130.631
133.343
147.02
167.65
192.615
219.237
245.886
271.694
296.259
319.444
341.251
361.754
381.068
399.325
416.661
433.208
449.09
464.419
479.296
493.804
508.02
522.003
535.805
549.465
563.014
576.473
589.854
603.16
616.386
629.516
642.526
655.382
668.037
680.435
692.504
704.161
715.306
725.824
735.583
744.433
752.208
758.73
763.814
767.274
768.93
768.614
766.177
761.501
754.512
745.182
733.538
719.656
703.67
685.758
666.139
645.061
622.779
599.542
575.571
551.032
526.025
500.556
474.531
447.755
419.957
390.835
360.126
327.693
293.615
258.301
222.626
188.157
157.278
133.256
119.729
116.32
122.017
134.315
136.705
132.937
130.742
134.817
151.484
175.282
203.013
231.827
260.178
287.327
312.988
337.115
359.783
381.124
401.299
420.479
438.831
456.512
473.666
490.419
506.88
523.144
539.288
555.378
571.464
587.588
603.777
620.051
636.417
652.873
669.405
685.99
702.592
719.16
735.632
751.928
767.951
783.583
798.688
813.104
826.644
839.094
850.212
859.734
867.385
872.888
875.976
876.406
873.968
868.481
859.854
848.068
833.19
815.375
794.856
771.933
746.967
720.353
692.5
663.81
634.647
605.318
576.043
546.939
518.001
489.086
459.925
430.149
399.354
367.189
333.46
298.22
261.852
225.193
189.713
157.809
132.797
118.586
115.015
122.178
134.731
133.15
130.84
137.069
157.173
184.155
214.337
244.864
274.41
302.425
328.758
353.461
376.678
398.598
419.426
439.366
458.612
477.341
495.712
513.861
531.907
549.949
568.071
586.338
604.807
623.517
642.498
661.769
681.334
701.189
721.316
741.684
762.249
782.949
803.707
824.422
844.973
865.21
884.957
904.005
922.106
938.97
954.261
967.603
978.6
986.849
991.96
993.579
991.409
985.188
974.811
960.285
941.723
919.383
893.637
864.946
833.838
800.881
766.653
731.713
696.572
661.667
627.336
593.799
561.141
529.3
498.058
467.053
435.811
403.827
370.676
336.134
300.264
263.457
226.495
190.734
158.348
132.574
117.333
113.176
121.287
133.547
131.029
140.225
164.683
194.894
227.048
258.648
288.764
317.091
343.623
368.502
391.933
414.151
435.391
455.884
475.841
495.45
514.879
534.271
553.751
573.42
593.366
613.659
634.356
655.501
677.125
699.248
721.877
745.008
768.622
792.687
817.157
841.964
867.023
892.223
917.423
942.452
967.099
991.116
1014.2
1035.99
1056.03
1073.84
1088.84
1100.47
1108.16
1111.41
1109.79
1102.95
1090.77
1073.39
1051.06
1024.06
992.911
958.264
920.843
881.401
840.682
799.391
758.169
717.564
678.011
639.812
603.124
567.955
534.156
501.419
469.291
437.21
404.596
370.986
336.163
300.246
263.679
227.225
192.052
159.99
133.743
116.803
110.842
111.353
132.468
147.761
176.268
208.689
241.702
273.427
303.343
331.356
357.573
382.2
405.484
427.685
449.055
469.833
490.236
510.454
530.657
550.988
571.572
592.512
613.897
635.799
658.276
681.375
705.131
729.564
754.685
780.492
806.969
834.086
861.798
890.04
918.727
947.744
976.945
1006.15
1035.13
1063.62
1091.29
1117.74
1142.45
1164.76
1183.9
1199
1209.31
1214.29
1213.51
1206.67
1193.26
1173.07
1147.52
1116.61
1080.85
1041.1
998.267
953.278
907.024
860.326
813.915
768.418
724.34
682.042
641.737
603.483
567.187
532.608
499.357
466.916
434.676
402.037
368.547
334.052
298.773
263.265
228.332
195.007
164.669
139.146
120.542
110.219
139.388
162.939
193.602
226.191
258.437
289.121
317.995
345.06
370.454
394.402
417.166
439.01
460.183
480.918
501.421
521.876
542.444
563.263
584.452
606.112
628.328
651.17
674.698
698.956
723.978
749.787
776.393
803.795
831.977
860.911
890.553
920.841
951.691
982.994
1014.61
1046.36
1078.05
1109.44
1140.26
1170.15
1198.5
1224.18
1244.47
1258.58
1267.47
1271.87
1272.24
1268.57
1259.32
1239.88
1213.11
1180.22
1142.04
1099.49
1053.59
1005.4
955.919
906.033
856.519
808.037
761.131
716.205
673.515
633.161
595.104
559.161
525.017
492.236
460.279
428.55
396.495
363.747
330.267
296.409
262.868
230.579
200.641
174.282
152.777
137.243
157.407
185.317
215.539
246.393
276.468
305.103
332.2
357.774
381.915
404.807
426.696
447.835
468.457
488.773
508.969
529.212
549.646
570.398
591.573
613.263
635.547
658.488
682.138
706.539
731.719
757.696
784.476
812.049
840.393
869.477
899.257
929.669
960.631
992.034
1023.74
1055.58
1087.35
1118.84
1149.78
1179.84
1208.46
1234.98
1254.75
1267.03
1274.94
1278.99
1281.74
1280.96
1273.57
1256.21
1230.88
1199.02
1161.72
1119.93
1074.62
1026.87
977.679
927.949
878.455
829.859
782.712
737.441
694.341
653.554
615.096
578.85
544.576
511.927
480.463
449.679
419.052
388.144
356.739
324.952
293.25
262.376
233.227
206.766
183.981
165.783
184.901
212.072
239.723
267.502
294.518
320.449
345.241
368.889
391.43
412.963
433.671
453.78
473.501
493.015
512.478
532.029
551.787
571.857
592.335
613.298
634.811
656.928
679.689
703.126
727.259
752.095
777.631
803.847
830.712
858.185
886.214
914.737
943.668
972.892
1002.27
1031.63
1060.78
1089.47
1117.44
1144.36
1169.74
1193.2
1213.26
1228.54
1239.4
1245.64
1247.16
1243.15
1233.04
1216.68
1194.26
1166.18
1133.04
1095.61
1054.74
1011.35
966.318
920.445
874.459
828.989
784.572
741.639
700.506
661.357
624.262
589.17
555.923
524.269
493.869
464.326
435.213
406.132
376.816
347.239
317.677
288.682
261.001
235.449
212.786
193.619
216.418
239.931
263.831
287.831
311.359
334.236
356.395
377.796
398.437
418.347
437.623
456.428
474.928
493.266
511.572
529.956
548.509
567.314
586.448
605.97
625.932
646.372
667.318
688.791
710.797
733.335
756.389
779.934
803.927
828.323
853.062
878.08
903.287
928.571
953.797
978.805
1003.41
1027.39
1050.49
1072.42
1092.81
1111.25
1127.29
1140.34
1149.83
1155.29
1156.3
1152.61
1144.02
1130.48
1112.1
1089.12
1061.96
1031.13
997.237
960.928
922.863
883.681
843.985
804.327
765.191
726.983
690.011
654.487
620.514
588.098
557.155
527.519
498.951
471.158
443.818
416.622
389.335
361.883
334.421
307.322
281.152
256.588
234.265
214.62
246.942
266.072
285.879
305.937
325.891
345.598
364.962
383.918
402.434
420.49
438.101
455.351
472.348
489.19
505.975
522.782
539.682
556.732
573.987
591.491
609.28
627.379
645.804
664.565
683.66
703.079
722.802
742.795
763.018
783.421
803.946
824.526
845.078
865.502
885.68
905.478
924.743
943.301
960.952
977.467
992.585
1006.01
1017.43
1026.53
1032.98
1036.42
1036.58
1033.27
1026.39
1015.88
1001.78
984.229
963.454
939.754
913.502
885.117
855.046
823.748
791.674
759.255
726.879
694.881
663.527
633.009
603.443
574.87
547.262
520.518
494.486
468.961
443.713
418.523
393.233
367.791
342.309
317.05
292.424
268.937
247.106
227.314
273.43
288.436
304.296
320.601
337.119
353.71
370.263
386.699
402.952
418.961
434.697
450.169
465.421
480.506
495.481
510.403
525.317
540.265
555.279
570.389
585.617
600.978
616.482
632.131
647.918
663.831
679.848
695.94
712.067
728.183
744.238
760.174
775.922
791.402
806.524
821.184
835.273
848.664
861.222
872.791
883.202
892.266
899.787
905.562
909.393
911.091
910.485
907.462
901.938
893.875
883.284
870.232
854.841
837.278
817.757
796.535
773.887
750.105
725.488
700.326
674.886
649.405
624.077
599.05
574.421
550.237
526.49
503.121
480.027
457.069
434.101
410.993
387.661
364.104
340.423
316.834
293.662
271.296
250.119
230.485
294.267
305.651
317.951
330.855
344.195
357.836
371.661
385.565
399.478
413.317
427.01
440.513
453.822
466.953
479.928
492.775
505.523
518.194
530.808
543.382
555.929
568.456
580.97
593.469
605.948
618.395
630.793
643.117
655.335
667.412
679.308
690.979
702.376
713.443
724.115
734.326
743.999
753.055
761.406
768.959
775.611
781.251
785.764
789.033
790.943
791.378
790.255
787.498
783.053
776.89
769.007
759.437
748.244
735.515
721.37
705.953
689.418
671.928
653.655
634.77
615.43
595.782
575.944
556.011
536.043
516.07
496.079
476.025
455.833
435.414
414.683
393.58
372.086
350.249
328.195
306.131
284.334
263.119
242.789
223.623
308.64
316.88
326.045
335.907
346.334
357.185
368.368
379.78
391.331
402.922
414.455
425.861
437.105
448.174
459.067
469.788
480.346
490.751
501.012
511.136
521.131
531.002
540.75
550.376
559.876
569.242
578.459
587.513
596.38
605.036
613.454
621.605
629.457
636.975
644.12
650.849
657.119
662.881
668.084
672.675
676.597
679.787
682.182
683.719
684.333
683.967
682.57
680.097
676.514
671.797
665.938
658.947
650.849
641.681
631.501
620.379
608.391
595.617
582.144
568.058
553.441
538.365
522.891
507.06
490.892
474.386
457.515
440.234
422.488
404.225
385.41
366.041
346.161
325.867
305.313
284.706
264.294
244.339
225.084
206.759
314.931
320.738
327.371
334.664
342.526
350.854
359.568
368.585
377.806
387.128
396.458
405.719
414.86
423.853
432.68
441.329
449.798
458.083
466.185
474.107
481.852
489.419
496.813
504.033
511.078
517.94
524.61
531.077
537.328
543.347
549.117
554.622
559.843
564.76
569.352
573.595
577.465
580.935
583.978
586.565
588.665
590.246
591.275
591.717
591.544
590.722
589.217
587.001
584.05
580.344
575.87
570.623
564.605
557.823
550.298
542.054
533.12
523.526
513.308
502.497
491.123
479.208
466.762
453.786
440.267
426.18
411.491
396.164
380.17
363.495
346.157
328.208
309.742
290.892
271.833
252.766
233.909
215.481
197.674
180.671
317.869
319.324
322.228
326.285
331.242
336.903
343.12
349.768
356.722
363.862
371.087
378.313
385.481
392.55
399.489
406.278
412.902
419.352
425.623
431.714
437.623
443.349
448.894
454.258
459.439
464.429
469.221
473.808
478.18
482.328
486.245
489.919
493.342
496.503
499.39
501.991
504.294
506.284
507.947
509.268
510.231
510.818
511.011
510.794
510.14
509.028
507.438
505.349
502.745
499.609
495.927
491.688
486.883
481.506
475.552
469.021
461.91
454.217
445.939
437.072
427.606
417.531
406.829
395.48
383.461
370.752
357.335
343.203
328.369
312.865
296.756
280.138
263.134
245.895
228.591
211.402
194.509
178.084
162.27
147.208
310.055
311.445
313.046
315.006
317.466
320.385
323.747
327.526
331.67
336.105
340.753
345.539
350.403
355.293
360.166
364.991
369.74
374.393
378.936
383.358
387.653
391.812
395.829
399.701
403.419
406.974
410.358
413.563
416.582
419.409
422.037
424.458
426.667
428.658
430.422
431.954
433.244
434.286
435.069
435.585
435.825
435.784
435.448
434.803
433.833
432.524
430.857
428.816
426.383
423.539
420.265
416.542
412.349
407.668
402.477
396.757
390.487
383.647
376.216
368.175
359.506
350.194
340.228
329.598
318.305
306.355
293.768
280.577
266.831
252.601
237.977
223.07
208.004
192.918
177.955
163.255
148.955
135.178
122.022
109.583
278.789
279.604
280.913
282.602
284.652
287.014
289.637
292.476
295.488
298.632
301.864
305.147
308.451
311.751
315.028
318.266
321.452
324.573
327.621
330.588
333.468
336.254
338.938
341.514
343.973
346.308
348.511
350.575
352.493
354.258
355.864
357.307
358.58
359.678
360.594
361.323
361.858
362.192
362.32
362.232
361.918
361.363
360.553
359.477
358.119
356.462
354.49
352.184
349.524
346.49
343.061
339.216
334.933
330.19
324.969
319.25
313.016
306.253
298.952
291.104
282.708
273.77
264.299
254.314
243.839
232.909
221.567
209.865
197.869
185.653
173.305
160.919
148.597
136.445
124.566
113.059
102.014
91.509
81.6022
72.3527
233.629
233.387
233.402
233.7
234.298
235.194
236.375
237.819
239.498
241.371
243.393
245.521
247.714
249.941
252.175
254.397
256.589
258.738
260.832
262.863
264.823
266.705
268.5
270.202
271.805
273.3
274.681
275.942
277.077
278.081
278.946
279.67
280.245
280.668
280.926
281.01
280.913
280.627
280.145
279.458
278.556
277.429
276.069
274.462
272.597
270.462
268.043
265.325
262.296
258.942
255.249
251.204
246.797
242.016
236.854
231.305
225.366
219.038
212.326
205.239
197.79
189.997
181.884
173.477
164.812
155.927
146.865
137.678
128.422
119.159
109.955
100.882
92.0102
83.4112
75.1517
67.293
59.8829
52.9593
46.5478
40.6791
175.786
175.311
174.882
174.535
174.309
174.219
174.272
174.473
174.817
175.295
175.889
176.578
177.344
178.167
179.033
179.925
180.831
181.737
182.634
183.511
184.36
185.172
185.938
186.651
187.303
187.886
188.393
188.816
189.147
189.379
189.505
189.519
189.416
189.188
188.835
188.354
187.738
186.983
186.082
185.029
183.816
182.438
180.887
179.156
177.236
175.12
172.8
170.268
167.517
164.54
161.332
157.887
154.201
150.274
146.104
141.694
137.049
132.178
127.087
121.792
116.306
110.649
104.846
98.9241
92.9137
86.8498
80.7708
74.7177
68.7342
62.8657
57.1579
51.6556
46.4014
41.4333
36.7841
32.4776
28.5103
24.9008
21.662
18.8032
111.296
111.008
110.644
110.243
109.842
109.461
109.116
108.82
108.58
108.397
108.266
108.184
108.144
108.137
108.156
108.193
108.241
108.294
108.345
108.389
108.42
108.433
108.423
108.385
108.314
108.206
108.055
107.857
107.608
107.306
106.946
106.524
106.037
105.479
104.849
104.141
103.352
102.479
101.518
100.466
99.3177
98.0706
96.7209
95.2647
93.6986
92.0191
90.2231
88.3081
86.2724
84.1147
81.835
79.4339
76.9131
74.2757
71.5266
68.6731
65.7198
62.6656
59.5211
56.3017
53.0262
49.7156
46.3929
43.0823
39.8088
36.598
33.475
30.4638
27.587
24.8651
22.3153
19.9515
17.7838
15.8181
14.0558
12.4939
11.1313
9.97319
8.99954
8.18643
51.4161
51.3881
51.2507
51.0311
50.7565
50.4474
50.1202
49.7903
49.4656
49.1511
48.8489
48.5604
48.2851
48.0215
47.7674
47.5202
47.2771
47.0355
46.793
46.5471
46.2956
46.0363
45.7671
45.4859
45.1905
44.8788
44.5489
44.1988
43.8266
43.4305
43.0086
42.5595
42.0819
41.5743
41.0351
40.4632
39.8574
39.217
38.5411
37.8289
37.0799
36.2935
35.4696
34.6078
33.7083
32.7711
31.797
30.787
29.7429
28.6665
27.5605
26.4278
25.2717
24.0964
22.9063
21.7071
20.504
19.3083
18.1364
16.9967
15.8955
14.8381
13.8292
12.8728
11.9722
11.1296
10.3468
9.62469
8.96321
8.36169
7.8187
7.33221
6.89964
6.51798
6.18385
5.89364
5.64356
5.42965
5.24818
5.09576
9.74724
9.80367
9.82679
9.82584
9.8072
9.77592
9.73588
9.69045
9.64188
9.59182
9.54125
9.49088
9.44106
9.39187
9.34329
9.29509
9.24702
9.19883
9.15027
9.10108
9.05103
8.99986
8.94734
8.89324
8.83733
8.77939
8.71921
8.65658
8.59132
8.52323
8.45212
8.37792
8.3006
8.22009
8.13622
8.04896
7.9583
7.86424
7.76682
7.66609
7.56211
7.45498
7.34483
7.2318
7.11604
6.99771
6.87708
6.75443
6.6301
6.50447
6.37795
6.25098
6.12401
5.99753
5.87209
5.74826
5.62661
5.50772
5.39213
5.28038
5.17302
5.07053
4.97337
4.88194
4.79658
4.71754
4.64502
4.57913
4.51992
4.46735
4.42132
4.38167
4.34818
4.32058
4.29857
4.2818
4.2699
4.2625
4.2592
4.25968
2.09854
2.12729
2.15584
2.18414
2.21225
2.24022
2.26806
2.29582
2.3235
2.35112
2.3787
2.40623
2.43372
2.46117
2.48858
2.51596
2.54329
2.57058
2.59781
2.62499
2.65212
2.67918
2.70618
2.7331
2.75994
2.78671
2.81338
2.83997
2.86645
2.89283
2.9191
2.94526
2.9713
2.99722
3.02301
3.04867
3.07419
3.09956
3.12478
3.14985
3.17475
3.19949
3.22406
3.24846
3.27267
3.29671
3.32055
3.34421
3.36768
3.39096
3.41404
3.43694
3.45965
3.48218
3.50453
3.52671
3.54874
3.57062
3.59237
3.61401
3.63556
3.65703
3.67845
3.69985
3.72125
3.74268
3.76416
3.78573
3.80742
3.82925
3.85126
3.87347
3.89591
3.91862
3.9416
3.9649
3.98852
4.01248
4.0368
4.0615
2.00318
2.02858
2.05413
2.07991
2.10575
2.13157
2.15735
2.18308
2.20876
2.23442
2.26005
2.28566
2.31125
2.33683
2.36201
2.38714
2.41227
2.43741
2.46257
2.48773
2.51289
2.53806
2.56323
2.5884
2.61358
2.63875
2.66392
2.68908
2.71423
2.73938
2.76452
2.78964
2.81475
2.83985
2.86493
2.88999
2.91504
2.94004
2.96512
2.9902
3.01527
3.0403
3.06532
3.09031
3.11527
3.1402
3.16511
3.18998
3.21483
3.23965
3.26444
3.2892
3.31395
3.33867
3.36337
3.38806
3.41274
3.43742
3.4621
3.48679
3.5115
3.53624
3.56101
3.58584
3.61073
3.63569
3.66075
3.6859
3.71116
3.73656
3.7621
3.7878
3.81367
3.83973
3.86599
3.89246
3.91915
3.94608
3.97324
4.00065
2.00548
2.02858
2.05181
2.07514
2.09854
2.122
2.14551
2.16907
2.19267
2.2163
2.23995
2.26363
2.28734
2.31106
2.33481
2.35857
2.38236
2.40617
2.42999
2.45384
2.47771
2.50159
2.5255
2.54943
2.57338
2.59736
2.62135
2.64537
2.66942
2.69348
2.71757
2.74168
2.76582
2.78998
2.81416
2.83837
2.8626
2.88686
2.91114
2.93545
2.95979
2.98416
3.00855
3.03297
3.05743
3.08191
3.10643
3.13098
3.15557
3.1802
3.20486
3.22958
3.25433
3.27914
3.30399
3.3289
3.35388
3.37891
3.40402
3.4292
3.45446
3.4798
3.50524
3.53077
3.55641
3.58217
3.60804
3.63405
3.66019
3.68647
3.71291
3.73951
3.76628
3.79322
3.82035
3.84768
3.8752
3.90293
3.93088
3.95905
2.07669
2.0981
2.11967
2.14139
2.16324
2.1852
2.20723
2.22934
2.2515
2.27372
2.29598
2.31827
2.3406
2.36297
2.38536
2.40778
2.43022
2.45269
2.47519
2.49772
2.52027
2.54285
2.56546
2.5881
2.61077
2.63347
2.65621
2.67897
2.70177
2.72461
2.74748
2.77038
2.79333
2.81631
2.83934
2.8624
2.88551
2.90866
2.93186
2.95511
2.9784
3.00174
3.02513
3.04858
3.07208
3.09563
3.11925
3.14293
3.16667
3.19048
3.21436
3.23832
3.26234
3.28645
3.31064
3.33491
3.35928
3.38374
3.40829
3.43294
3.4577
3.48257
3.50755
3.53265
3.55787
3.58322
3.6087
3.63432
3.66008
3.68598
3.71204
3.73826
3.76464
3.7912
3.81794
3.84486
3.87198
3.8993
3.92683
3.95459
2.17949
2.19984
2.22035
2.241
2.26175
2.28261
2.30355
2.32456
2.34562
2.36674
2.38791
2.40911
2.43034
2.45161
2.4729
2.49423
2.51558
2.53695
2.55836
2.57979
2.60124
2.62273
2.64424
2.66579
2.68736
2.70897
2.73061
2.75228
2.77398
2.79573
2.81751
2.83932
2.86118
2.88308
2.90502
2.92701
2.94904
2.97112
2.99324
3.01542
3.03765
3.05993
3.08227
3.10466
3.12712
3.14963
3.17221
3.19486
3.21757
3.24035
3.26321
3.28615
3.30916
3.33225
3.35543
3.37869
3.40205
3.42549
3.44904
3.47268
3.49643
3.52028
3.54424
3.56832
3.59252
3.61683
3.64129
3.6659
3.69067
3.71562
3.74074
3.76605
3.79155
3.81725
3.84316
3.86929
3.89565
3.92226
3.94911
3.97627
2.30904
2.32875
2.34859
2.36854
2.38859
2.40872
2.42892
2.44918
2.46948
2.48984
2.51022
2.53065
2.5511
2.57158
2.59209
2.61261
2.63315
2.65371
2.6743
2.6949
2.71552
2.73616
2.75682
2.77751
2.79822
2.81895
2.83971
2.8605
2.88131
2.90216
2.92303
2.94394
2.96488
2.98585
3.00686
3.02791
3.04901
3.07014
3.09132
3.11254
3.13382
3.15515
3.17653
3.19796
3.21946
3.24102
3.26265
3.28435
3.30612
3.32797
3.34991
3.37193
3.39404
3.41624
3.43855
3.46097
3.4835
3.50615
3.52892
3.55182
3.57487
3.59806
3.6214
3.64491
3.66859
3.69243
3.71661
3.741
3.76558
3.79036
3.81534
3.84053
3.86594
3.89156
3.91748
3.94374
3.97038
3.99742
4.02488
4.05289
2.49377
2.51313
2.53255
2.55208
2.57169
2.59139
2.61115
2.63096
2.65082
2.67072
2.69065
2.7106
2.73059
2.75059
2.77061
2.79066
2.81073
2.83081
2.85092
2.87106
2.89121
2.91141
2.93165
2.95195
2.9723
2.99271
3.01318
3.03371
3.05431
3.07498
3.09572
3.11655
3.13746
3.15845
3.17954
3.20073
3.22203
3.24343
3.26494
3.28658
3.30835
3.33025
3.35229
3.37448
3.39683
3.41935
3.44204
3.46491
3.48797
3.51124
3.53471
3.55841
3.58234
3.60651
3.63094
3.65563
3.6806
3.70585
3.73141
3.75727
3.78347
3.80999
3.83687
3.8641
3.8917
3.91969
3.94808
3.97687
4.00608
4.03573
4.06582
4.09638
4.12742
4.15891
4.19112
4.22396
4.25731
4.29117
4.32554
4.36048
3.48302
3.50145
3.52013
3.53902
3.5581
3.57733
3.59669
3.61615
3.63569
3.65531
3.67498
3.6947
3.71446
3.73425
3.75406
3.7739
3.79376
3.81364
3.83355
3.85347
3.87342
3.89338
3.91333
3.93328
3.95324
3.9732
3.99316
4.01313
4.03311
4.05309
4.07308
4.09308
4.11309
4.13311
4.15315
4.17319
4.19325
4.21333
4.23343
4.25354
4.27368
4.29384
4.31402
4.33423
4.35447
4.37474
4.39505
4.41539
4.43576
4.45618
4.47664
4.49715
4.5177
4.53831
4.55898
4.5797
4.60049
4.62135
4.64227
4.66327
4.68435
4.70551
4.72677
4.74811
4.76955
4.7911
4.81276
4.83452
4.85641
4.87843
4.90057
4.92286
4.94528
4.96786
4.9906
5.01351
5.03659
5.05985
5.08329
5.10718
105.815
104.086
103.142
128.597
124.593
123.044
153.41
145.68
140.694
179.223
168.904
160.933
198.931
186.787
176.585
210.823
197.374
185.508
213.68
199.51
186.589
206.911
192.535
179.168
190.608
176.55
163.329
165.624
152.461
140.024
133.896
122.264
111.284
98.6613
89.1777
80.2822
64.325
57.439
51.0584
35.6847
31.4908
27.6881
16.4584
14.5643
12.9107
7.55296
7.05568
6.63262
4.97736
4.88467
4.80676
4.26294
4.26832
4.27567
4.08466
4.1068
4.12958
4.02636
4.05033
4.07449
3.98544
4.01004
4.03481
3.98059
4.00485
4.02933
4.0017
4.02576
4.04995
4.07897
4.10382
4.12909
4.39346
4.42449
4.45606
5.12789
5.14854
5.16922
92.8595
89.8004
89.1176
88.8566
88.6253
88.419
88.2249
88.0343
87.8356
87.549
87.0173
86.2244
85.1654
83.948
82.6435
81.1549
79.5183
77.6785
75.4714
72.7755
69.609
65.7665
61.1995
55.3413
49.038
92.2357
90.1383
90.5884
91.9916
93.9768
96.0049
97.5673
98.3436
98.2148
97.2902
95.7993
93.7256
91.09
87.9204
84.2777
80.2295
75.8141
70.953
65.576
59.4727
52.6444
44.9684
36.6258
27.4828
18.2888
92.0383
91.1183
93.5403
97.2993
101.339
104.514
106.347
106.868
106.256
104.651
102.122
98.7452
94.5758
89.676
84.1205
78.005
71.3915
64.2879
56.6832
48.588
40.1196
31.5727
23.413
16.3072
10.958
92.13
92.518
96.8929
102.497
107.627
111.137
112.952
113.253
112.125
109.675
106.097
101.528
96.0425
89.725
82.6897
75.0608
66.9175
58.3039
49.3187
40.1828
31.2731
23.1076
16.2638
11.2103
8.04831
92.4399
94.0483
99.9457
106.749
112.403
116.12
118.041
118.1
116.224
112.837
108.266
102.679
96.1204
88.6867
80.5127
71.7358
62.4532
52.795
43.0191
33.5454
24.9155
17.6876
12.2861
8.81109
6.97907
92.7846
95.2881
102.435
109.976
116.007
120.17
122.489
122.169
118.693
114.385
108.994
102.598
95.1964
86.8849
77.8184
68.1509
58.0354
47.7238
37.6312
28.3093
20.3386
14.1758
10.0031
7.60799
6.55048
93.1197
96.3706
104.344
112.346
118.72
123.423
126.23
126.038
119.758
114.635
108.664
101.662
93.5992
84.5905
74.8203
64.4754
53.7918
43.1478
33.0791
24.1927
17.0183
11.8506
8.63957
6.96954
6.35894
93.4327
97.2564
105.772
114.073
120.789
126.16
129.284
126.347
119.595
113.982
107.648
100.192
91.5999
82.0301
71.6994
60.8495
49.8138
39.0812
29.26
20.9504
14.581
10.2737
7.79136
6.61531
6.2552
93.7262
97.9897
106.875
115.394
122.451
128.457
131.507
124.881
118.443
112.816
106.257
98.4272
89.3922
79.3574
68.5772
57.362
46.1436
35.4965
26.0576
18.3773
12.7616
9.17366
7.23969
6.40336
6.17556
94.0087
98.6457
107.853
116.582
123.969
130.646
134.32
122.232
116.959
111.476
104.698
96.526
87.0953
76.655
65.5074
54.0395
42.7709
32.3317
23.3523
16.307
11.3743
8.3819
6.86335
6.26208
6.10612
94.3055
99.4197
109.024
117.989
125.917
133.409
135.38
120.025
115.634
110.112
103.082
94.5659
84.7552
73.9436
62.4915
50.8637
39.6501
29.508
21.0336
14.6092
10.2902
7.79281
6.59349
6.15757
6.0438
94.6413
100.487
110.675
120.15
129.224
134.067
126.678
118.582
114.506
108.789
101.441
92.546
82.3466
71.1849
59.4847
47.7816
36.7149
26.9431
19.0062
13.1852
9.42015
7.33949
6.3906
6.07228
5.98432
95.2143
102.394
113.963
125.238
131.678
129.276
119.976
117.942
113.543
107.491
99.722
90.3892
79.7823
68.2927
56.4066
44.7171
33.8897
24.5596
17.1922
11.9616
8.70324
6.97927
6.23298
5.99677
5.92677
96.0384
107.421
122.085
128.935
128.848
122.955
120.397
117.493
112.721
106.119
97.7917
87.9494
76.9208
65.1422
53.1523
41.5826
31.0997
22.291
15.5315
10.8863
8.09827
6.6849
6.10361
5.92532
5.87061
107.689
121.377
127.06
126.958
124.539
122.813
121.241
117.436
111.852
104.476
95.454
85.0362
73.5894
61.5893
49.6097
38.2942
28.2817
20.0875
13.9825
9.92409
7.57833
6.43887
5.99329
5.85876
5.81534
124.764
128.147
127.916
127.657
127.06
125.599
122.285
117.339
110.642
102.295
92.4687
81.4455
69.6235
57.5087
45.6898
34.7928
25.3974
17.9219
12.5226
9.05508
7.12707
6.23014
5.89564
5.79408
5.75984
138.006
136.798
135.713
134.345
131.829
128.168
123.158
116.647
108.638
99.2119
88.5582
76.9816
64.9013
52.8357
41.3658
31.0733
22.4505
15.7973
11.1497
8.27225
6.73581
6.05174
5.80556
5.73121
5.7043
154.63
149.563
145.192
140.708
135.668
129.768
122.801
114.643
105.284
94.8124
83.4346
71.4698
59.3446
47.5678
36.6835
27.1997
19.4987
13.753
9.88253
7.57921
6.40088
5.89895
5.72453
5.6704
5.64846
167.514
159.278
151.879
144.645
137.145
129.087
120.264
110.577
100.024
88.7121
76.8605
64.7957
52.9351
41.7536
31.7288
23.2673
16.6248
11.8455
8.74981
6.98405
6.12049
5.76827
5.64845
5.60919
5.5922
174.388
163.798
154.005
144.501
134.935
125.064
114.724
103.843
92.4481
80.6695
68.7375
56.9729
45.7639
35.5259
26.6429
19.3995
13.9185
10.1273
7.77345
6.49007
5.89078
5.65569
5.57591
5.54781
5.53588
174.076
161.846
150.342
139.203
128.157
117.022
105.69
94.1367
82.4231
70.6981
59.1934
48.2073
38.0759
29.13
21.6392
15.7571
11.4816
8.64871
6.96849
6.0951
5.70545
5.55697
5.50541
5.48619
5.47974
165.952
152.82
140.363
128.315
116.495
104.789
93.1485
81.5912
70.2059
59.1499
48.6393
38.9286
30.2789
22.9162
16.9867
12.5198
9.41334
7.44941
6.34051
5.79169
5.55665
5.46807
5.43606
5.42466
5.42415
150.106
136.856
124.247
112.104
100.322
88.8475
77.6779
66.8626
56.503
46.7462
37.7716
29.7681
22.9036
17.2917
12.9627
9.84782
7.7844
6.54469
5.87989
5.56597
5.43534
5.38563
5.36761
5.36375
5.36947
127.533
114.986
103.075
91.6985
80.8089
70.3951
60.4831
51.1342
42.4415
34.5203
27.4922
21.4646
16.5076
12.6336
9.78501
7.83668
6.61269
5.91587
5.56066
5.39917
5.33269
5.30745
5.30046
5.30413
5.31604
100.274
89.2533
78.8746
69.0919
59.8907
51.2811
43.2956
35.9853
29.4131
23.6435
18.729
14.6961
11.5329
9.18209
7.54301
6.48218
5.85195
5.51164
5.34541
5.27156
5.24179
5.23278
5.23542
5.24639
5.26411
71.426
62.648
54.5006
46.9672
40.0454
33.7446
28.0829
23.0821
18.7611
15.129
12.177
9.87308
8.15937
6.95467
6.16137
5.67643
5.40332
5.26224
5.19547
5.16724
5.15885
5.16206
5.17337
5.19097
5.21387
44.7963
38.6999
33.171
28.1979
23.7716
19.8846
16.5286
13.691
11.3521
9.48252
8.04157
6.97757
6.23006
5.73395
5.42505
5.24566
5.14902
5.10135
5.08129
5.07707
5.08297
5.09613
5.11483
5.13804
5.1655
24.0505
20.6136
17.6043
15.0017
12.7829
10.9222
9.3917
8.1614
7.19898
6.46984
5.93763
5.56541
5.31738
5.16081
5.06789
5.01685
4.99227
4.98431
4.98725
4.99795
5.01445
5.03539
5.05988
5.08771
5.11926
11.3938
10.0229
8.87897
7.93779
7.17494
6.5631
6.08093
5.70942
5.43079
5.22832
5.08652
4.99151
4.93139
4.89649
4.87945
4.87505
4.87981
4.89141
4.90826
4.92912
4.95305
4.97951
5.00842
5.04023
5.07557
6.25062
5.91327
5.63575
5.40925
5.22498
5.07769
4.96437
4.88009
4.81991
4.77939
4.75466
4.74246
4.74014
4.7456
4.75718
4.77358
4.79375
4.8168
4.84206
4.86906
4.89765
4.92802
4.96064
4.99611
5.03499
4.73813
4.67963
4.63401
4.59929
4.57458
4.55925
4.55216
4.55214
4.5581
4.56908
4.58423
4.6028
4.62414
4.64769
4.67296
4.69956
4.7272
4.75572
4.78513
4.81559
4.84744
4.88116
4.91724
4.95614
4.99832
4.28574
4.29851
4.31321
4.33013
4.3494
4.37066
4.39363
4.41802
4.44359
4.47012
4.49743
4.52536
4.55379
4.58265
4.61191
4.64163
4.6719
4.70291
4.73489
4.76817
4.80311
4.84007
4.87936
4.9214
4.96713
4.15448
4.18147
4.20889
4.2367
4.26484
4.29327
4.32194
4.35083
4.37993
4.40923
4.43876
4.46855
4.49866
4.52918
4.56021
4.59188
4.62435
4.6578
4.69247
4.72863
4.76651
4.80637
4.84859
4.89417
4.94516
4.10053
4.1285
4.15671
4.18514
4.21383
4.24276
4.27198
4.30149
4.33132
4.36152
4.39212
4.42317
4.45475
4.48693
4.5198
4.55348
4.5881
4.62386
4.66095
4.69962
4.74008
4.78279
4.82889
4.88059
4.94131
4.06154
4.09025
4.11922
4.14845
4.17797
4.20778
4.23791
4.26838
4.29921
4.33045
4.36215
4.39438
4.42721
4.46075
4.49511
4.53046
4.56698
4.60487
4.64436
4.68567
4.72953
4.77745
4.83178
4.89574
4.97316
4.05569
4.08401
4.1126
4.14148
4.17067
4.20019
4.23006
4.26037
4.29118
4.32259
4.35469
4.38756
4.42133
4.45615
4.49227
4.53
4.56936
4.61065
4.65427
4.70088
4.75325
4.81368
4.88447
4.96814
5.06708
4.07568
4.10369
4.13214
4.16103
4.1904
4.22029
4.2507
4.282
4.31413
4.34711
4.38098
4.41583
4.45212
4.49026
4.53065
4.5737
4.61958
4.66961
4.72489
4.78697
4.85874
4.93972
5.03068
5.1327
5.24659
4.15705
4.18725
4.21818
4.24997
4.28273
4.31658
4.35167
4.38817
4.42626
4.46617
4.50814
4.55248
4.60009
4.65069
4.70447
4.76177
4.82299
4.88857
4.95895
5.03462
5.11596
5.20334
5.29711
5.39751
5.50449
4.49049
4.52786
4.566
4.60499
4.64489
4.68578
4.72775
4.77088
4.81526
4.86097
4.90812
4.9568
5.00711
5.05915
5.11304
5.16887
5.22676
5.28683
5.34918
5.41388
5.48118
5.55081
5.62351
5.69833
5.77667
5.19301
5.21734
5.24189
5.26674
5.2919
5.31742
5.3433
5.36959
5.39632
5.42354
5.45129
5.47962
5.50861
5.53833
5.56885
5.60029
5.63276
5.66638
5.70138
5.73778
5.77632
5.81595
5.86001
5.90336
5.9554
40.9848
31.1784
19.3937
9.7552
6.87327
6.69568
6.69703
6.79742
7.29353
8.50456
41.4239
32.4787
20.5445
10.1661
6.86236
6.67131
6.66372
6.76416
7.23847
8.48348
41.7921
33.2138
21.2523
10.4594
6.85459
6.65197
6.64359
6.74256
7.20882
8.46314
42.1868
34.1439
22.129
10.8262
6.84822
6.6325
6.62168
6.71922
7.17235
8.44291
42.6167
35.1276
23.0732
11.2381
6.84381
6.61329
6.60038
6.69652
7.13712
8.42282
43.0893
36.2105
24.12
11.7108
6.84161
6.59431
6.57929
6.67406
7.10154
8.40288
43.6181
37.3969
25.2706
12.2478
6.8419
6.57556
6.55837
6.65188
7.06644
8.38309
44.2316
38.6973
26.521
12.8471
6.84451
6.55691
6.53765
6.62989
7.03187
8.36345
44.9633
40.0911
27.8393
13.4917
6.84895
6.53831
6.51714
6.60821
6.99848
8.34395
45.8264
41.5019
29.1626
14.1443
6.85391
6.51984
6.49686
6.58694
6.96702
8.32459
46.2671
42.7621
30.3714
14.7346
6.85707
6.50132
6.47681
6.56619
6.9384
8.30536
46.5126
43.8157
31.3596
15.183
6.85524
6.48249
6.45701
6.54611
6.91382
8.28623
46.6924
44.6117
31.9912
15.3879
6.84426
6.46305
6.43745
6.5269
6.89426
8.2672
46.8459
45.0672
32.1262
15.2459
6.81686
6.44291
6.41819
6.50898
6.87852
8.24996
46.9916
45.0799
31.649
14.6568
6.7283
6.42159
6.39949
6.49276
6.86649
8.23636
47.1379
44.7548
30.3251
13.5078
6.59392
6.39724
6.38205
6.4786
6.85907
8.22722
47.3392
43.8035
27.8681
11.8259
6.46504
6.3701
6.36504
6.46699
6.85691
8.22281
47.5496
41.4093
24.0482
9.90956
6.43152
6.34703
6.34838
6.45864
6.86059
8.22342
47.3433
36.8828
18.9518
8.05601
6.39372
6.32277
6.33218
6.45455
6.87032
8.2291
44.1424
28.73
12.8277
6.73428
6.34861
6.29806
6.31596
6.4556
6.88556
8.23937
34.1
16.5807
7.91927
6.40042
6.30317
6.27313
6.29902
6.46166
6.90441
8.25282
10.9056
7.37133
6.49478
6.32922
6.2716
6.24801
6.28307
6.4706
6.92476
8.26745
7.61511
6.42069
6.30489
6.26997
6.23635
6.22101
6.26824
6.48086
6.94429
8.28152
6.62153
6.34963
6.27617
6.23221
6.19843
6.19444
6.25477
6.49051
6.96114
8.29365
6.38209
6.27241
6.22552
6.18669
6.16213
6.16944
6.24183
6.49805
6.97413
8.30271
6.29552
6.22092
6.17858
6.14354
6.12752
6.14491
6.22851
6.50263
6.9827
8.30808
6.22104
6.16868
6.13035
6.10147
6.0939
6.12032
6.21443
6.50373
6.98671
8.30952
6.16216
6.11837
6.08326
6.06097
6.06078
6.09337
6.19949
6.50123
6.98637
8.30707
6.10613
6.06792
6.03721
6.02148
6.02766
6.06621
6.18305
6.49541
6.98211
8.30101
6.05261
6.01832
5.99224
5.98262
5.99434
6.03892
6.16491
6.4867
6.97441
8.29175
5.99995
5.96919
5.94807
5.94408
5.96073
6.0109
6.14538
6.47549
6.96381
8.27971
5.94755
5.92062
5.9045
5.90567
5.92679
5.98224
6.12468
6.46225
6.95088
8.26538
5.89559
5.8725
5.86133
5.86727
5.89252
5.95306
6.10307
6.44745
6.93612
8.24922
5.84385
5.8247
5.81844
5.82883
5.85798
5.92351
6.08086
6.43157
6.92002
8.23164
5.79211
5.77718
5.77574
5.79032
5.82324
5.89376
6.05835
6.41503
6.903
8.21304
5.74034
5.72991
5.73319
5.75177
5.78838
5.86399
6.03585
6.39826
6.88545
8.19377
5.68857
5.68287
5.69078
5.71319
5.7535
5.83438
6.01366
6.38162
6.8677
8.17414
5.63684
5.6361
5.64851
5.67464
5.71871
5.80514
5.99211
6.36549
6.85006
8.15443
5.58531
5.58962
5.60641
5.63617
5.68413
5.77651
5.97153
6.35021
6.83283
8.13492
5.53412
5.54349
5.56451
5.59787
5.64992
5.74876
5.95228
6.33616
6.81627
8.11586
5.48342
5.49777
5.52289
5.55984
5.6163
5.72224
5.9348
6.3237
6.80064
8.09752
5.43338
5.45255
5.48165
5.52224
5.58354
5.69736
5.91954
6.3132
6.7862
8.08015
5.38416
5.40795
5.4409
5.48526
5.55197
5.67464
5.90706
6.30507
6.7732
8.06404
5.33591
5.36408
5.40081
5.44915
5.52207
5.65471
5.89796
6.29968
6.76189
8.04949
5.28879
5.32112
5.36159
5.4143
5.49447
5.63838
5.89294
6.29746
6.75252
8.03685
5.24297
5.27928
5.32352
5.38123
5.47004
5.62666
5.89277
6.2988
6.74536
8.02651
5.19871
5.23883
5.28706
5.35078
5.44999
5.62078
5.89834
6.30413
6.74074
8.01897
5.15634
5.2002
5.25291
5.32418
5.43596
5.62229
5.91059
6.31384
6.739
8.01488
5.11629
5.16401
5.22229
5.30335
5.43015
5.63299
5.93053
6.32837
6.74045
8.01514
5.07924
5.13146
5.19728
5.29112
5.43545
5.65495
5.95917
6.34812
6.74506
8.02192
5.04646
5.10485
5.18136
5.29158
5.45542
5.69042
5.99746
6.37352
6.7534
8.03807
5.02067
5.08852
5.18009
5.31025
5.49422
5.74159
6.04617
6.40505
6.76614
8.06923
5.00773
5.09013
5.20158
5.35388
5.55601
5.81016
6.10569
6.44329
6.7843
8.12976
5.01885
5.12161
5.25611
5.42929
5.64379
5.89645
6.17572
6.48906
6.80957
8.2542
5.07181
5.19799
5.3537
5.54084
5.75752
5.99849
6.25502
6.54371
6.84582
8.49615
5.18738
5.33205
5.49889
5.6867
5.89217
6.11146
6.34206
6.61038
6.9087
8.90981
5.37667
5.52366
5.68364
5.85519
6.03674
6.2286
6.43728
6.69893
7.10885
9.76967
5.62128
5.7482
5.8824
6.02446
6.17634
6.34481
6.54855
6.83696
8.19776
11.5064
5.86181
5.95511
6.05622
6.16846
6.29815
6.46227
6.69776
7.16753
11.4824
14.3791
6.01553
6.08523
6.16614
6.26437
6.3918
6.58108
6.90703
8.04242
19.4678
17.8285
)
;

boundaryField
{
    inlet
    {
        type            fixedValue;
        value           uniform 0;
    }
    outlet
    {
        type            inletOutlet;
        inletValue      uniform 0;
        value           nonuniform List<scalar> 10(40.9848 31.1784 19.3937 9.7552 6.87327 6.69568 6.69703 6.79742 7.29353 8.50456);
    }
    walls
    {
        type            zeroGradient;
    }
    baffle
    {
        type            zeroGradient;
    }
    front
    {
        type            empty;
    }
    back
    {
        type            empty;
    }
}


// ************************************************************************* //
