/*--------------------------------*- C++ -*----------------------------------*\
| =========                 |                                                 |
| \\      /  F ield         | OpenFOAM: The Open Source CFD Toolbox           |
|  \\    /   O peration     | Version:  v2012                                 |
|   \\  /    A nd           | Website:  www.openfoam.com                      |
|    \\/     M anipulation  |                                                 |
\*---------------------------------------------------------------------------*/
FoamFile
{
    version     2.0;
    format      ascii;
    class       volScalarField;
    location    "500";
    object      k;
}
// * * * * * * * * * * * * * * * * * * * * * * * * * * * * * * * * * * * * * //

dimensions      [0 2 -2 0 0 0 0];


internalField   nonuniform List<scalar> 
6556
(
2.069
2.6165
2.71882
2.74622
2.75954
2.75954
2.74622
2.71882
2.6165
2.069
1.13512
1.83212
2.02787
2.09186
2.11266
2.11266
2.09186
2.02787
1.83212
1.13512
0.714088
1.33883
1.5595
1.64442
1.67347
1.67347
1.64442
1.5595
1.33883
0.714088
0.494285
1.01876
1.23237
1.32493
1.35939
1.35939
1.32493
1.23237
1.01876
0.494285
0.366019
0.802177
0.997188
1.08922
1.12592
1.12592
1.08922
0.997189
0.802178
0.366019
0.284535
0.649556
0.823414
0.910653
0.947233
0.947234
0.910653
0.823415
0.649557
0.284535
0.22927
0.538057
0.691734
0.772313
0.807333
0.807333
0.772314
0.691736
0.538059
0.22927
0.189825
0.454033
0.589667
0.663063
0.695781
0.695782
0.663065
0.589669
0.454035
0.189826
0.160513
0.389016
0.508954
0.575337
0.605466
0.605467
0.57534
0.508957
0.389019
0.160514
0.138014
0.337563
0.443995
0.503861
0.531379
0.531381
0.503864
0.443999
0.337567
0.138016
0.120285
0.296057
0.390906
0.444872
0.469903
0.469905
0.444877
0.390911
0.296064
0.120287
0.106008
0.262023
0.346929
0.395633
0.418367
0.418369
0.395639
0.346937
0.262032
0.106011
0.0943013
0.233719
0.310067
0.354113
0.374765
0.374768
0.354121
0.310078
0.233731
0.0943053
0.0845558
0.209891
0.278846
0.318783
0.337568
0.337572
0.318794
0.278861
0.209908
0.0845612
0.0763369
0.189617
0.252155
0.288473
0.305593
0.305599
0.288488
0.252176
0.18964
0.0763442
0.0693278
0.172205
0.229149
0.262277
0.277917
0.277925
0.262298
0.229177
0.172235
0.0693376
0.0632921
0.157126
0.209171
0.239483
0.253809
0.25382
0.239512
0.209209
0.157165
0.063305
0.0580503
0.143969
0.191705
0.219525
0.232684
0.232699
0.219566
0.191756
0.144018
0.0580666
0.0534634
0.132414
0.176341
0.201952
0.214073
0.214094
0.202008
0.176411
0.132471
0.0534831
0.0494222
0.122201
0.16275
0.186396
0.197594
0.197623
0.186473
0.16284
0.12223
0.0494433
0.0458397
0.113124
0.150663
0.172556
0.182932
0.182973
0.172667
0.1508
0.113229
0.0461307
0.0426458
0.105014
0.139861
0.160187
0.169829
0.169885
0.160343
0.140067
0.105228
0.0443003
0.0397832
0.0977312
0.130162
0.149082
0.158068
0.158144
0.149293
0.130457
0.0981721
0.0436662
0.0372048
0.0911609
0.121414
0.13907
0.147469
0.147566
0.139338
0.121775
0.0920114
0.0442392
0.0348716
0.0852074
0.113493
0.130008
0.137879
0.137996
0.130313
0.113916
0.0867669
0.0460599
0.0327509
0.0797899
0.106291
0.121775
0.129171
0.129307
0.122107
0.106871
0.0824407
0.0489333
0.0308152
0.0748401
0.0997184
0.114267
0.121237
0.121403
0.114696
0.100626
0.0788842
0.0525165
0.029041
0.0703
0.0936976
0.107398
0.113986
0.114197
0.107997
0.0951127
0.0760561
0.056448
0.0274083
0.0661192
0.0881627
0.101092
0.107342
0.107617
0.101936
0.0902594
0.0738603
0.0599865
0.0258999
0.062255
0.0830565
0.0952847
0.101237
0.101596
0.0964501
0.0859928
0.0721612
0.0627023
0.0245007
0.0586698
0.0783295
0.0899205
0.0956126
0.0960774
0.0914783
0.0822398
0.0708276
0.0646948
0.0231976
0.0553307
0.0739389
0.0849506
0.0904187
0.0910087
0.0869647
0.0789208
0.0696721
0.0660423
0.0219791
0.0522089
0.0698468
0.0803324
0.08561
0.0863435
0.0828554
0.0759551
0.0685957
0.0668183
0.0208349
0.0492792
0.0660199
0.0760283
0.0811466
0.0820392
0.0791007
0.073273
0.0675296
0.0670858
0.0197561
0.0465192
0.062429
0.0720052
0.0769929
0.0780574
0.0756542
0.0708142
0.0664204
0.0668943
0.0187343
0.0439092
0.0590478
0.0682336
0.0731172
0.0743632
0.0724745
0.0685267
0.0652296
0.0662859
0.0177623
0.0414315
0.0558534
0.0646873
0.0694912
0.0709253
0.0695243
0.0663676
0.0639342
0.0653024
0.0168335
0.0390708
0.0528251
0.0613431
0.0660896
0.0677159
0.0667718
0.0643043
0.0625267
0.0639892
0.0159419
0.0368135
0.0499448
0.0581803
0.0628901
0.0647104
0.0641907
0.062315
0.0610155
0.0624027
0.015082
0.0346474
0.047196
0.0551802
0.0598723
0.0618875
0.0617599
0.0603884
0.0594235
0.0606116
0.014249
0.0325623
0.044564
0.0523257
0.0570178
0.0592281
0.0594632
0.0585222
0.0577856
0.0586962
0.0134385
0.0305492
0.0420348
0.0496001
0.0543086
0.0567145
0.0572875
0.0567202
0.0561435
0.0567434
0.0126465
0.0286004
0.0395951
0.0469868
0.0517266
0.054329
0.0552209
0.0549888
0.0545398
0.0548398
0.0118696
0.0267089
0.0372313
0.0444679
0.0492513
0.0520517
0.0532494
0.053331
0.0530098
0.0530603
0.0111044
0.024868
0.0349291
0.0420231
0.0468592
0.0498583
0.0513536
0.0517419
0.0515732
0.051457
0.010348
0.0230712
0.032673
0.039629
0.0445216
0.0477182
0.0495058
0.0502033
0.0502279
0.050049
0.00959742
0.0213124
0.0304459
0.0372583
0.0422036
0.0455924
0.0476668
0.0486803
0.0489452
0.0488153
0.00884969
0.0195849
0.0282289
0.0348792
0.0398634
0.0434323
0.0457847
0.0471197
0.047669
0.047694
0.00810149
0.0178823
0.0260021
0.0324561
0.0374526
0.0411803
0.0437953
0.0454512
0.0463183
0.0465869
0.00734886
0.016198
0.0237449
0.0299509
0.0349177
0.038771
0.041624
0.0435904
0.0447935
0.0453696
0.0065866
0.0145253
0.0214377
0.0273258
0.0322043
0.0361368
0.0391918
0.0414461
0.0429857
0.0439053
0.00580709
0.0128559
0.019068
0.024553
0.0292674
0.033217
0.0364248
0.0389312
0.0407893
0.0420613
0.0049985
0.0111671
0.0166242
0.0216232
0.0260877
0.0299778
0.033274
0.0359807
0.0381211
0.0397282
0.00412612
0.00956499
0.0141745
0.018581
0.022696
0.0264362
0.0297409
0.032579
0.0349423
0.0368393
0.0031995
0.00818804
0.0119761
0.0156639
0.019281
0.0227378
0.0259354
0.0288018
0.031299
0.033405
0.00223442
0.00693669
0.0101916
0.0132052
0.0162236
0.0192379
0.0221594
0.0248994
0.027388
0.0295777
0.00118818
0.00551172
0.00861665
0.0112652
0.0138125
0.0163614
0.0188929
0.0213422
0.0236436
0.0257409
0.000885798
0.00373651
0.00687152
0.00951861
0.011916
0.0141882
0.0163731
0.0184582
0.0204207
0.0222319
0.000844033
0.00216811
0.00506765
0.00763592
0.0100438
0.012161
0.0140638
0.0157583
0.0172752
0.0186345
0.000950469
0.00169048
0.00260653
0.00389021
0.00533198
0.00644907
0.00735
0.00813554
0.00880896
0.0093773
0.00965293
0.00338362
0.00348783
0.00370828
0.00389102
0.00400469
0.00403968
0.00398916
0.00383625
0.00365536
0.00344595
0.00321027
0.00295442
0.00269141
0.00242891
0.00217151
0.00191766
0.00169623
0.00149529
0.00130646
0.00112427
0.000943581
0.000758049
0.000557638
0.000308014
0.0186407
0.00836995
0.00742859
0.00759273
0.00786165
0.0080526
0.00810416
0.00798875
0.00767458
0.00722822
0.00672474
0.00619314
0.00565585
0.00513497
0.00464393
0.00418788
0.00376352
0.00333874
0.00291695
0.00250191
0.0021008
0.00172393
0.00139077
0.00109086
0.000570292
0.0278045
0.0137118
0.0105374
0.00990932
0.00983748
0.00980481
0.00966705
0.00938411
0.008924
0.0082985
0.0076268
0.006954
0.00630163
0.00568859
0.00512998
0.00463123
0.00418643
0.00377066
0.00336833
0.00296612
0.00255401
0.0021334
0.00172696
0.00134387
0.000683356
0.0378016
0.0205678
0.0142194
0.0123049
0.0115441
0.0110532
0.0105603
0.00999232
0.00931882
0.00853877
0.00773259
0.00697238
0.00626364
0.00561956
0.00505321
0.00456638
0.00414931
0.00377834
0.00343116
0.00308593
0.0027206
0.00232143
0.00189561
0.00145214
0.000727246
0.0476505
0.0294327
0.0192705
0.0152688
0.0134647
0.0123043
0.0113308
0.0103957
0.00946144
0.00853183
0.00761685
0.00676984
0.00601059
0.00534713
0.00478613
0.00432335
0.0039437
0.0036219
0.00333085
0.00304426
0.00273423
0.00237655
0.00196206
0.00148573
0.000729879
0.0551134
0.0386216
0.0254855
0.0189731
0.0158229
0.013817
0.0122396
0.0108712
0.00963345
0.00850869
0.00748826
0.00655873
0.00574243
0.00504985
0.00448499
0.00403819
0.00368951
0.0034105
0.00316809
0.00293194
0.00267109
0.00235554
0.00196454
0.00147648
0.000709402
0.0603426
0.0476003
0.0326084
0.0235608
0.0187448
0.0157128
0.0134453
0.0115678
0.00996924
0.00860651
0.0074393
0.0064335
0.00556539
0.00481996
0.00423063
0.00378018
0.00344678
0.00319811
0.00299322
0.0027967
0.002575
0.00229497
0.00192844
0.00144084
0.000675995
0.0642282
0.0548622
0.0397125
0.0289715
0.0223657
0.0180934
0.014979
0.0125275
0.0105277
0.00888442
0.0075311
0.0064133
0.00548001
0.00469791
0.00406417
0.00358353
0.00324281
0.00300886
0.00282952
0.00266191
0.00246932
0.00221652
0.00187046
0.00138864
0.00063404
0.0671686
0.0607304
0.0464626
0.0347819
0.026555
0.020981
0.0169079
0.0137723
0.0112943
0.0093377
0.00777926
0.00652313
0.00550198
0.0046601
0.00397134
0.00344574
0.00308457
0.00285108
0.00268453
0.00253558
0.00236362
0.00213131
0.00180159
0.00132711
0.000588346
0.0693371
0.0652776
0.0527093
0.0405376
0.0310759
0.0242753
0.0192169
0.0153361
0.0123149
0.00998707
0.00817728
0.00675862
0.00563245
0.00471418
0.0039551
0.00336333
0.00295753
0.0027097
0.00254807
0.00241197
0.00225548
0.00203911
0.00172308
0.00125753
0.000547827
0.0708653
0.0687149
0.0581883
0.046037
0.0357397
0.0278501
0.021832
0.0172063
0.0136296
0.0108772
0.0087646
0.00713577
0.00587634
0.00487072
0.00403138
0.00335112
0.00286815
0.00257867
0.0024121
0.00228453
0.0021412
0.00193901
0.00163586
0.00118032
0.000509264
0.071876
0.0712436
0.0627267
0.0511118
0.0404606
0.0315781
0.02467
0.0193375
0.0152186
0.0120293
0.00959459
0.00769868
0.00626444
0.00515781
0.00423712
0.00345018
0.00284927
0.00247435
0.00227691
0.00214855
0.00201617
0.00182897
0.00154122
0.00109931
0.000471206
0.0724085
0.0729566
0.0662104
0.0556127
0.0447674
0.0352439
0.0276205
0.0216738
0.0170697
0.013489
0.0106925
0.00851567
0.00685562
0.00560939
0.00461224
0.00372078
0.00297012
0.00244702
0.00215976
0.00200716
0.00187941
0.00170917
0.00144468
0.00102704
0.00043402
0.0724703
0.0739179
0.068743
0.0593331
0.0485968
0.0387577
0.0306039
0.0241625
0.0191553
0.015243
0.0121478
0.00967498
0.00773898
0.00628336
0.00517516
0.00422117
0.00333047
0.00260666
0.00213152
0.00188783
0.0017445
0.00159247
0.00136287
0.000990603
0.000401808
0.0720624
0.0741707
0.0703736
0.0621953
0.0519371
0.0420996
0.0335562
0.0267496
0.0214458
0.0172885
0.0139652
0.0112462
0.0090345
0.00729301
0.00596994
0.00493231
0.00399561
0.00311711
0.00240817
0.0019308
0.00168843
0.00153646
0.00135885
0.00106663
0.000512013
0.0711911
0.0737606
0.0711404
0.0641652
0.0547297
0.045013
0.0363827
0.0293752
0.0238972
0.0195952
0.0161421
0.0132725
0.0108524
0.00882623
0.00717305
0.00587339
0.00483861
0.00393579
0.00313477
0.00246393
0.00195524
0.00166651
0.00147251
0.00125196
0.00103959
0.0698799
0.0727418
0.0711366
0.0653496
0.0569352
0.047581
0.0391174
0.0320143
0.0264736
0.0221207
0.0186246
0.0157409
0.0132676
0.0110794
0.00910984
0.00741124
0.00599042
0.00486157
0.00398792
0.00331449
0.00284793
0.00255707
0.00245885
0.00253693
0.00274417
0.0681621
0.0711534
0.070406
0.0657736
0.0584462
0.0498553
0.0416121
0.0346335
0.0290884
0.0248085
0.0214044
0.0186016
0.0162275
0.0141012
0.0120699
0.0100883
0.00821068
0.00654796
0.00517445
0.00416395
0.00352446
0.00322058
0.00317659
0.00327663
0.0035065
0.0660929
0.0690642
0.0690118
0.0654829
0.059297
0.0517156
0.043901
0.0371377
0.0316884
0.0275084
0.0242972
0.0217239
0.0195771
0.0176873
0.0158861
0.0140456
0.0121301
0.010194
0.00837132
0.00681582
0.00566801
0.00498678
0.00472516
0.00473447
0.00493483
0.0637503
0.0665604
0.0670348
0.0645136
0.0594861
0.05297
0.0460206
0.0395073
0.0342337
0.0301528
0.0270718
0.0247473
0.0229194
0.0213892
0.0199872
0.018584
0.0170734
0.015417
0.013643
0.0118511
0.0101966
0.00884739
0.0079268
0.00745143
0.00730524
0.0612332
0.0637516
0.0645746
0.0629338
0.0590349
0.0536221
0.0476036
0.0417769
0.0366593
0.0327252
0.0297643
0.0275557
0.025955
0.0247432
0.0237453
0.0228294
0.0218808
0.0208079
0.0195508
0.0181141
0.0165547
0.0149742
0.0134888
0.0123367
0.01155
0.0586563
0.0607702
0.0617561
0.0608289
0.0579658
0.0536621
0.0486231
0.0435485
0.0389677
0.035191
0.0323251
0.0302582
0.0287624
0.0277207
0.0269755
0.0263932
0.0258725
0.0253168
0.0246311
0.0237582
0.0226867
0.0214365
0.0200453
0.0186666
0.0174596
0.0561419
0.0577671
0.0587325
0.058318
0.0563446
0.0530852
0.0490505
0.0447968
0.0408082
0.0374114
0.0347347
0.0327542
0.0313767
0.030452
0.0298337
0.0294394
0.02916
0.0289099
0.0285991
0.0281503
0.0275225
0.0267041
0.0257055
0.0245489
0.0233884
0.053806
0.0549006
0.0556828
0.0555606
0.0542786
0.0519334
0.0488527
0.045453
0.0421298
0.0391872
0.0367957
0.0349957
0.0337432
0.0329317
0.0324337
0.0321347
0.0319868
0.0319172
0.0318413
0.0316882
0.0314004
0.0309502
0.030332
0.0295505
0.028641
0.0517417
0.0523175
0.0527975
0.052754
0.0519303
0.0503085
0.0480644
0.0454778
0.0428479
0.0404311
0.0384027
0.0368427
0.0357488
0.035055
0.0346639
0.0344823
0.0344385
0.0344842
0.034581
0.0346515
0.0346354
0.0344951
0.0342135
0.0337842
0.0332114
0.0500025
0.0501289
0.0502527
0.0501148
0.0495138
0.0483831
0.0467929
0.0449078
0.0429322
0.0410599
0.0394432
0.0381756
0.0372832
0.0367304
0.0364478
0.0363572
0.0364261
0.0366106
0.0368462
0.0370876
0.037292
0.0374142
0.0374262
0.0373246
0.0370956
0.0485884
0.0483858
0.0481752
0.0478418
0.0472678
0.0463923
0.0452327
0.0438734
0.0424368
0.0410546
0.0398434
0.0388865
0.0382201
0.0378304
0.0376651
0.0376697
0.03783
0.0381143
0.0384799
0.0388797
0.0392671
0.0396099
0.039883
0.0400674
0.0401478
0.0474409
0.047063
0.0466094
0.0460682
0.0454038
0.0445931
0.0436442
0.0425997
0.041529
0.0405131
0.0396303
0.0389424
0.0384832
0.03825
0.0382019
0.0382934
0.0385191
0.0388624
0.0392987
0.0397973
0.0403239
0.0408452
0.0413287
0.0417529
0.0421013
0.0464475
0.046057
0.0454985
0.0448191
0.0440443
0.0431929
0.042289
0.041368
0.0404753
0.0396611
0.0389741
0.0384548
0.0381282
0.0379961
0.038035
0.0381814
0.038439
0.0387972
0.039243
0.0397598
0.0403269
0.0409215
0.0415198
0.0420996
0.0426384
0.0454561
0.0452001
0.0446901
0.0439959
0.0431744
0.0422749
0.041344
0.0404266
0.039565
0.0387989
0.0381625
0.0376824
0.0373755
0.0372453
0.0372789
0.0374379
0.037676
0.0379972
0.0383928
0.0388531
0.0393674
0.039923
0.0405056
0.0410999
0.0416883
0.0442946
0.0442883
0.0439645
0.043392
0.0426364
0.0417612
0.0408266
0.0398881
0.0389943
0.0381863
0.0374964
0.0369481
0.0365554
0.036323
0.036247
0.0363098
0.0364817
0.0367174
0.0370095
0.0373561
0.0377507
0.0381851
0.0386516
0.0391417
0.0396439
0.0427947
0.0431114
0.0430737
0.0427398
0.0421704
0.0414283
0.0405758
0.0396722
0.0387711
0.0379177
0.0371482
0.0364892
0.0359577
0.0355622
0.035304
0.0351777
0.0351712
0.0352617
0.0354285
0.0356371
0.0358787
0.0361514
0.0364525
0.0367782
0.0371206
0.0408106
0.0414794
0.0417821
0.0417637
0.0414739
0.0409664
0.0402976
0.0395233
0.0386963
0.0378631
0.037063
0.0363265
0.0356756
0.0351244
0.0346801
0.0343441
0.0341137
0.033981
0.0339349
0.033958
0.0340369
0.0341593
0.0343069
0.0344679
0.0346406
0.0382397
0.0392484
0.0398997
0.0402255
0.0402634
0.0400558
0.0396491
0.0390914
0.0384298
0.0377081
0.0369651
0.0362331
0.0355375
0.034897
0.0343242
0.0338264
0.033407
0.0330656
0.0327992
0.0326015
0.0324654
0.0323824
0.0323414
0.0323323
0.032348
0.0350581
0.0363562
0.0373209
0.0379722
0.0383362
0.0384446
0.0383334
0.0380414
0.0376082
0.037072
0.0364683
0.0358281
0.0351775
0.0345376
0.0339244
0.0333493
0.0328202
0.0323416
0.0319155
0.0315418
0.0312188
0.030943
0.0307101
0.030515
0.0303535
0.0313766
0.0328711
0.0340695
0.0349808
0.0356207
0.0360104
0.0361764
0.0361487
0.0359593
0.0356398
0.0352207
0.0347299
0.0341919
0.0336278
0.0330547
0.0324862
0.0319328
0.031402
0.0308992
0.0304275
0.0299889
0.0295836
0.0292111
0.0288703
0.0285606
0.0275244
0.0290655
0.0303594
0.0314041
0.032207
0.0327823
0.0331476
0.0333248
0.0333379
0.0332121
0.0329717
0.0326404
0.0322395
0.0317882
0.0313029
0.0307974
0.0302829
0.0297685
0.0292611
0.0287659
0.0282865
0.0278256
0.0273847
0.0269649
0.026568
0.0238008
0.0251929
0.0264014
0.0274196
0.0282338
0.0288471
0.029277
0.0295405
0.0296559
0.0296421
0.0295181
0.0293022
0.0290118
0.0286626
0.0282686
0.0278422
0.0273937
0.0269317
0.0264635
0.0259946
0.0255295
0.0250716
0.0246234
0.024187
0.0237653
0.0197899
0.0208054
0.0216754
0.0223932
0.0229678
0.0234038
0.023711
0.0239002
0.0239831
0.0239716
0.0238777
0.0237134
0.0234898
0.0232176
0.0229065
0.022565
0.0222007
0.0218202
0.0214289
0.0210314
0.0206316
0.0202326
0.0198368
0.0194464
0.019064
0.00984382
0.0102545
0.0106118
0.0109094
0.0111522
0.0113436
0.0114867
0.0115845
0.0116406
0.0116585
0.0116419
0.0115946
0.0115202
0.0114224
0.0113046
0.0111701
0.011022
0.010863
0.0106956
0.010522
0.0103442
0.0101639
0.0099826
0.00980145
0.00962158
0.000477416
0.000509091
0.00182263
0.00225978
0.00256849
0.00258981
0.00301837
0.0031092
0.00346377
0.00379711
0.00415636
0.00470166
0.00523821
0.00561093
0.00607456
0.00738867
0.00757755
0.00783001
0.0110867
0.010856
0.0107585
0.0165067
0.0158132
0.0152917
0.0223427
0.0214627
0.0206968
0.0277451
0.0269136
0.0261125
0.0325619
0.0319019
0.0312048
0.0367626
0.0363518
0.0358652
0.04012
0.0400053
0.0398003
0.0423456
0.0425035
0.0425819
0.0430844
0.043468
0.0438001
0.0422112
0.0427055
0.0431746
0.0401057
0.0405627
0.0410203
0.0374422
0.0377695
0.0381066
0.034806
0.0349782
0.03516
0.03238
0.0324256
0.0324832
0.0302329
0.0301331
0.0300499
0.0283067
0.0280749
0.0278601
0.0262311
0.0259127
0.0256077
0.0234013
0.0230506
0.022709
0.0187317
0.0184076
0.0180896
0.00946512
0.00931123
0.00915988
0.000113997
0.000238583
0.000382948
0.000507636
0.00061995
0.000720818
0.000814094
0.000901421
0.000983916
0.00106232
0.00113714
0.00120879
0.00127757
0.00134376
0.0014076
0.00146933
0.00152916
0.00158729
0.00164392
0.00169927
0.00175351
0.00180686
0.00185952
0.00191168
0.00196356
0.00201538
0.00206735
0.0021197
0.00217269
0.00222655
0.00228156
0.00233803
0.00239627
0.00245666
0.00251959
0.00258555
0.00265508
0.00272886
0.00280768
0.00289254
0.00298416
0.00308015
0.00318062
0.00328571
0.00339556
0.00351046
0.00363068
0.00375645
0.00388795
0.00402531
0.00416861
0.00431783
0.00447283
0.00463328
0.00479866
0.00496809
0.00514028
0.00531334
0.00548455
0.0056501
0.00580473
0.00594122
0.00604996
0.00611904
0.00613722
0.00609628
0.00599624
0.00583691
0.00561534
0.00532021
0.00495338
0.00450585
0.00399587
0.00345382
0.00291254
0.0024445
0.00201724
0.00161111
0.0012012
0.00071916
0.000389061
0.00074354
0.000950967
0.00113689
0.00133954
0.00155542
0.00177303
0.00199103
0.00220704
0.00241916
0.00262589
0.00282622
0.00301959
0.0032058
0.00338488
0.00355702
0.00372251
0.00388172
0.00403504
0.00418291
0.00432577
0.00446409
0.00459833
0.004729
0.00485658
0.00498158
0.00510452
0.00522593
0.00534634
0.00546632
0.00558641
0.00570719
0.00582925
0.00595319
0.00607961
0.00620914
0.00634241
0.00648008
0.00662268
0.00677091
0.00692605
0.00709151
0.00726527
0.00744736
0.00763823
0.00783844
0.00804857
0.00826918
0.00850076
0.00874377
0.00899852
0.00926517
0.00954364
0.00983354
0.010134
0.0104435
0.0107598
0.0110793
0.0113969
0.0117053
0.0119944
0.0122501
0.012454
0.0125854
0.0126253
0.0125701
0.0123852
0.01205
0.0115486
0.0108213
0.00995862
0.00896046
0.00789745
0.00682024
0.00573794
0.004649
0.0036284
0.00274403
0.00201588
0.00104601
0.000581901
0.00112212
0.00137967
0.00164244
0.00194869
0.00227904
0.00261618
0.00295154
0.00327871
0.00359398
0.00389551
0.00418282
0.00445622
0.00471643
0.00496431
0.00520072
0.0054265
0.00564237
0.00584903
0.00604707
0.00623708
0.00641959
0.00659515
0.00676428
0.00692751
0.00708537
0.00723842
0.00738721
0.00753235
0.00767443
0.00781408
0.00795197
0.00808876
0.00822517
0.00836192
0.00849978
0.00863954
0.008782
0.00892796
0.0090782
0.00923355
0.00939562
0.00956701
0.00974671
0.009935
0.0101325
0.0103398
0.0105578
0.010787
0.011028
0.0112813
0.0115469
0.0118249
0.0121147
0.012415
0.0127241
0.0130389
0.0133553
0.0136673
0.013967
0.014244
0.0144846
0.0146716
0.014784
0.0147935
0.0146867
0.0144415
0.0140351
0.0134446
0.0126534
0.0116577
0.0104404
0.00915149
0.0078374
0.00658009
0.00537448
0.00424029
0.00319805
0.0022834
0.0011303
0.000713481
0.00141588
0.00174878
0.00209637
0.00249597
0.00292042
0.003348
0.00376553
0.00416584
0.00454604
0.00490582
0.00524628
0.00556911
0.00587603
0.0061686
0.00644812
0.00671561
0.00697189
0.00721759
0.00745324
0.00767929
0.00789613
0.00810416
0.00830375
0.00849531
0.00867924
0.00885598
0.00902599
0.00918979
0.00934789
0.00950086
0.00964932
0.00979392
0.00993534
0.0100743
0.0102116
0.0103481
0.0104845
0.0106218
0.0107609
0.0109027
0.0110482
0.0111999
0.011359
0.0115252
0.0116989
0.0118808
0.0120716
0.012272
0.0124824
0.0127033
0.0129348
0.0131764
0.0134274
0.0136865
0.0139513
0.0142186
0.014484
0.0147415
0.0149833
0.0151999
0.0153797
0.0155087
0.0155699
0.0155392
0.0153953
0.015124
0.0147075
0.0141256
0.0133622
0.0124092
0.0112412
0.00989241
0.00840427
0.00699056
0.00568146
0.00449594
0.00338932
0.00235358
0.00110983
0.000810139
0.00164093
0.00207005
0.00250515
0.00298574
0.00348292
0.00397297
0.00444313
0.00488815
0.00530751
0.00570308
0.00607762
0.00643392
0.00677437
0.00710084
0.00741467
0.0077168
0.00800785
0.00828819
0.0085581
0.00881773
0.00906723
0.00930674
0.0095364
0.00975641
0.00996697
0.0101683
0.0103609
0.0105448
0.0107207
0.0108889
0.0110499
0.0112044
0.0113528
0.0114959
0.0116344
0.0117691
0.0119009
0.0120307
0.0121593
0.0122879
0.0124174
0.012549
0.0126861
0.0128285
0.0129763
0.0131304
0.0132912
0.0134596
0.013636
0.0138206
0.0140135
0.0142143
0.0144221
0.0146352
0.0148514
0.0150673
0.0152783
0.0154787
0.015661
0.0158165
0.0159344
0.0160023
0.016006
0.0159301
0.0157606
0.0154849
0.0150911
0.0145618
0.0138836
0.0130264
0.0119619
0.0106793
0.00920626
0.00764495
0.00611035
0.00475814
0.00353712
0.00236973
0.00104405
0.000881512
0.00182513
0.00235596
0.00287314
0.00341972
0.00396831
0.00449747
0.00499767
0.00546723
0.00590856
0.00632565
0.0067226
0.00710294
0.00746935
0.00782367
0.00816708
0.00850021
0.00882331
0.00913641
0.00943938
0.00973205
0.0100142
0.0102858
0.0105465
0.0107964
0.0110355
0.0112638
0.0114814
0.0116886
0.0118856
0.0120726
0.0122501
0.0124184
0.0125782
0.01273
0.0128744
0.0130122
0.0131443
0.0132714
0.0133947
0.0135152
0.0136339
0.0137522
0.0138716
0.0139949
0.0141221
0.0142537
0.0143904
0.0145329
0.0146819
0.0148378
0.0150007
0.0151702
0.0153456
0.0155254
0.0157072
0.0158878
0.0160628
0.0162265
0.0163717
0.0164897
0.0165701
0.0166008
0.0165687
0.0164602
0.0162645
0.0159742
0.0155855
0.0150946
0.0144935
0.0137604
0.0128523
0.0117136
0.0103001
0.00864327
0.00689337
0.00525823
0.00380398
0.00242486
0.000961042
0.000938977
0.00198573
0.00261388
0.00320239
0.00379845
0.00437922
0.00492857
0.00544199
0.00592186
0.00637342
0.00680247
0.00721407
0.00761214
0.00799938
0.00837743
0.00874711
0.00910862
0.00946178
0.00980617
0.0101413
0.0104665
0.0107813
0.0110853
0.0113779
0.0116589
0.0119281
0.0121852
0.0124303
0.0126634
0.0128845
0.0130937
0.0132914
0.0134779
0.0136534
0.0138186
0.013974
0.0141202
0.0142581
0.0143885
0.0145125
0.0146311
0.0147456
0.0148571
0.0149669
0.0150786
0.0151925
0.0153096
0.0154306
0.0155567
0.0156885
0.0158268
0.015972
0.0161242
0.0162828
0.0164467
0.0166139
0.0167814
0.0169452
0.0170995
0.0172374
0.0173499
0.0174264
0.0174544
0.0174203
0.0173099
0.0171107
0.0168145
0.0164195
0.0159299
0.0153521
0.0146863
0.0139071
0.0129448
0.011682
0.0100281
0.00804836
0.00600526
0.0042091
0.0025508
0.000911796
0.000990978
0.00213392
0.00284969
0.00349609
0.00412522
0.00472145
0.00527595
0.0057899
0.00626967
0.00672303
0.00715717
0.00757778
0.00798889
0.00839303
0.00879146
0.00918455
0.00957204
0.00995324
0.0103273
0.0106932
0.01105
0.0113969
0.011733
0.0120575
0.0123701
0.0126701
0.0129573
0.0132313
0.0134921
0.0137396
0.0139738
0.0141947
0.0144025
0.0145976
0.0147803
0.0149511
0.0151105
0.0152593
0.0153984
0.0155288
0.0156517
0.0157682
0.0158799
0.015988
0.0160946
0.0162026
0.0163129
0.0164265
0.0165447
0.0166687
0.0167996
0.0169383
0.0170852
0.0172404
0.0174034
0.0175726
0.0177457
0.0179191
0.0180875
0.0182441
0.0183801
0.0184843
0.0185437
0.0185431
0.018466
0.0182959
0.0180186
0.0176252
0.0171201
0.0165155
0.015834
0.0150869
0.0142422
0.0131775
0.0116886
0.00962311
0.00712876
0.00479809
0.00275496
0.000892745
0.00104358
0.00227928
0.00307072
0.00376034
0.0044068
0.00500393
0.00555128
0.0060558
0.00652751
0.0069763
0.00741031
0.00783557
0.00825598
0.00867369
0.00908952
0.00950331
0.00991427
0.0103212
0.0107229
0.0111178
0.0115046
0.0118822
0.0122493
0.0126051
0.0129487
0.0132795
0.0135969
0.0139005
0.01419
0.0144652
0.0147259
0.0149721
0.0152039
0.0154213
0.0156248
0.0158145
0.0159911
0.0161551
0.0163075
0.0164492
0.0165814
0.0167054
0.0168228
0.016935
0.0170436
0.0171523
0.0172623
0.0173753
0.0174926
0.0176161
0.0177472
0.0178872
0.0180374
0.0181983
0.01837
0.0185519
0.0187424
0.0189385
0.0191358
0.0193282
0.0195071
0.019662
0.0197792
0.0198425
0.0198333
0.019731
0.0195161
0.0191618
0.0186674
0.0180333
0.0172846
0.0164605
0.0155919
0.0146335
0.0133931
0.0115109
0.00883892
0.00577396
0.00314627
0.000915636
0.00110246
0.00243282
0.0032873
0.00400472
0.00465317
0.00523808
0.00576776
0.00625467
0.00671202
0.00715125
0.00758108
0.00800748
0.00843403
0.00886236
0.00929273
0.00972443
0.0101561
0.0105862
0.0110129
0.0114344
0.0118491
0.0122553
0.0126517
0.0130372
0.0134106
0.0137712
0.0141182
0.014451
0.0147693
0.0150725
0.0153606
0.0156333
0.0158905
0.0161324
0.0163589
0.0165704
0.0167672
0.0169499
0.0171193
0.0172763
0.0174222
0.0175583
0.0176863
0.0178076
0.0179241
0.0180387
0.0181538
0.0182713
0.0183931
0.0185213
0.0186577
0.0188043
0.0189627
0.0191343
0.0193199
0.0195197
0.0197329
0.0199577
0.0201906
0.0204266
0.0206581
0.0208755
0.0210657
0.0212128
0.0212971
0.0212955
0.0211817
0.0209284
0.020512
0.019909
0.0191264
0.0181897
0.0171609
0.0160977
0.0149472
0.0133956
0.0109282
0.00736672
0.00389993
0.00101428
0.00117725
0.00261073
0.00351369
0.00424263
0.00487784
0.00543799
0.00594049
0.00640282
0.00684062
0.0072663
0.00768866
0.00811328
0.00854313
0.00897925
0.00942125
0.00986787
0.0103173
0.0107674
0.0112161
0.0116613
0.0121009
0.0125331
0.0129564
0.0133693
0.0137706
0.0141594
0.0145346
0.0148957
0.0152419
0.015573
0.0158884
0.016188
0.0164714
0.0167387
0.0169899
0.0172251
0.0174445
0.0176485
0.0178379
0.0180136
0.0181768
0.0183289
0.0184715
0.0186064
0.0187353
0.0188603
0.018985
0.0191114
0.0192417
0.0193783
0.0195236
0.0196799
0.0198493
0.020034
0.0202354
0.0204545
0.0206916
0.0209458
0.021215
0.0214953
0.0217808
0.0220632
0.0223311
0.02257
0.0227613
0.0228823
0.0229054
0.0227987
0.0225269
0.0220533
0.0213482
0.0203903
0.019211
0.0178928
0.0165225
0.0150582
0.0130514
0.00980665
0.00522254
0.00123402
0.00127863
0.00283444
0.0037669
0.00449259
0.00509888
0.0056216
0.0060876
0.00651896
0.00693276
0.00734153
0.00775355
0.00817367
0.00860407
0.00904501
0.00949551
0.00995372
0.0104174
0.0108841
0.0113512
0.0118165
0.0122777
0.0127328
0.0131799
0.0136175
0.0140441
0.0144588
0.0148603
0.015248
0.015621
0.0159788
0.016321
0.016647
0.0169568
0.01725
0.0175266
0.0177866
0.0180302
0.0182576
0.0184695
0.0186665
0.01885
0.0190214
0.0191822
0.0193341
0.019479
0.0196187
0.0197569
0.0198959
0.0200381
0.0201861
0.0203428
0.0205107
0.0206927
0.0208911
0.0211083
0.021346
0.0216054
0.0218867
0.0221891
0.02251
0.0228453
0.0231885
0.0235305
0.0238589
0.0241577
0.0244067
0.0245805
0.0246484
0.0245726
0.0243079
0.0238026
0.0230037
0.0218709
0.0203975
0.0186649
0.0168305
0.0148552
0.0121256
0.00743542
0.00159888
0.00143429
0.00312053
0.00406001
0.00476829
0.00533699
0.00581097
0.00623095
0.0066253
0.00701102
0.00739977
0.00779868
0.00821146
0.00863933
0.00908177
0.00953714
0.0100031
0.0104771
0.0109562
0.0114378
0.0119192
0.0123982
0.0128723
0.0133398
0.0137988
0.0142479
0.0146857
0.0151112
0.0155233
0.0159212
0.0163043
0.016672
0.0170237
0.0173591
0.0176779
0.01798
0.0182653
0.0185339
0.018786
0.019022
0.0192428
0.0194492
0.0196427
0.0198247
0.0199969
0.0201611
0.0203192
0.0204741
0.0206287
0.0207857
0.0209477
0.0211178
0.0212989
0.021494
0.0217063
0.0219384
0.0221928
0.0224716
0.0227759
0.0231062
0.0234614
0.0238391
0.0242347
0.0246414
0.0250497
0.0254467
0.0258158
0.0261359
0.0263806
0.0265168
0.0265025
0.0262845
0.0257956
0.024954
0.0236741
0.0218925
0.0196399
0.0170984
0.0142902
0.0106218
0.00232535
0.00165655
0.0035706
0.00444256
0.00509146
0.00560677
0.00602813
0.00639502
0.00674769
0.00710177
0.00746745
0.00785019
0.00825233
0.00867401
0.00911395
0.00956991
0.0100392
0.0105188
0.0110058
0.0114973
0.0119905
0.0124828
0.012972
0.013456
0.0139329
0.014401
0.014859
0.0153056
0.0157397
0.0161603
0.0165667
0.0169582
0.0173341
0.017694
0.0180375
0.0183643
0.0186745
0.0189681
0.0192453
0.0195067
0.019753
0.0199846
0.0202027
0.0204085
0.0206037
0.0207901
0.0209695
0.021144
0.0213171
0.0214914
0.0216696
0.0218548
0.0220502
0.0222591
0.0224848
0.0227305
0.0229994
0.023294
0.0236167
0.0239687
0.0243505
0.0247612
0.0251983
0.0256573
0.0261314
0.0266108
0.027083
0.0275316
0.0279363
0.0282713
0.0285041
0.0285924
0.0284799
0.0280896
0.0273154
0.0260137
0.0240221
0.021244
0.0177615
0.0138621
0.00930711
0.00226699
0.00410582
0.00490186
0.00546802
0.00591212
0.00627907
0.00660241
0.0069125
0.00723379
0.00757418
0.00793768
0.00832536
0.00873648
0.00916913
0.00962067
0.0100881
0.0105682
0.011058
0.0115543
0.0120543
0.0125555
0.0130554
0.0135517
0.0140426
0.0145261
0.0150009
0.0154655
0.0159187
0.0163595
0.0167868
0.0171999
0.0175979
0.0179804
0.018347
0.0186972
0.0190311
0.0193488
0.0196512
0.0199388
0.0202116
0.0204698
0.0207142
0.0209459
0.0211664
0.0213772
0.0215801
0.021777
0.0219711
0.0221649
0.0223612
0.0225632
0.022774
0.022997
0.0232358
0.0234939
0.0237748
0.0240818
0.0244177
0.0247849
0.025185
0.0256187
0.0260851
0.026582
0.0271049
0.0276473
0.0282001
0.0287514
0.0292866
0.0297873
0.0302309
0.0305891
0.0308255
0.0308911
0.0307178
0.0302049
0.0292032
0.0275016
0.024856
0.0212036
0.0170092
0.00322684
0.00472746
0.00542171
0.00588789
0.00625758
0.0065732
0.00686161
0.00714269
0.00743532
0.00775131
0.00809368
0.00846324
0.00885906
0.00927908
0.00972056
0.0101804
0.0106555
0.0111424
0.0116382
0.01214
0.0126451
0.0131509
0.0136552
0.0141559
0.014651
0.0151389
0.015618
0.0160871
0.0165448
0.01699
0.0174218
0.0178393
0.0182418
0.0186289
0.0190002
0.0193561
0.0196975
0.0200248
0.020338
0.020637
0.020922
0.0211937
0.0214526
0.0217
0.021937
0.0221652
0.0223865
0.0226036
0.0228189
0.0230351
0.0232551
0.0234822
0.0237196
0.0239712
0.0242405
0.0245313
0.0248471
0.0251914
0.0255673
0.0259775
0.0264237
0.0269069
0.0274264
0.0279802
0.0285639
0.0291717
0.0297954
0.0304248
0.0310474
0.031648
0.0322087
0.0327079
0.0331191
0.0334096
0.0335378
0.033451
0.0330869
0.032377
0.0312873
0.0299585
0.00432511
0.00541969
0.00597699
0.00634898
0.00665465
0.00692807
0.00719191
0.00745853
0.00773538
0.00803266
0.00835469
0.00870358
0.00907969
0.00948167
0.00990731
0.0103538
0.010818
0.0112965
0.0117861
0.0122841
0.0127879
0.0132947
0.0138021
0.014308
0.0148102
0.015307
0.0157966
0.0162776
0.0167485
0.0172077
0.0176544
0.0180875
0.0185064
0.0189105
0.0193003
0.0196767
0.0200403
0.0203909
0.0207282
0.0210523
0.0213634
0.0216618
0.0219481
0.0222229
0.0224872
0.0227421
0.0229893
0.0232308
0.023469
0.0237063
0.0239454
0.0241894
0.0244415
0.0247055
0.024985
0.0252837
0.0256052
0.0259533
0.0263317
0.0267439
0.0271926
0.0276799
0.0282069
0.0287731
0.0293762
0.0300123
0.0306762
0.0313611
0.0320585
0.0327578
0.0334465
0.0341102
0.0347312
0.0352881
0.0357549
0.0361001
0.0362924
0.036295
0.0360262
0.0354061
0.00542401
0.00616379
0.00658808
0.00688952
0.00714924
0.00739483
0.00764343
0.00790314
0.00817745
0.00846443
0.00876804
0.00909434
0.00944691
0.00982575
0.0102298
0.0106574
0.0111056
0.0115695
0.0120469
0.0125353
0.0130319
0.0135341
0.0140392
0.0145449
0.0150489
0.0155491
0.0160438
0.0165311
0.0170096
0.0174775
0.0179338
0.0183773
0.0188077
0.0192252
0.0196313
0.0200259
0.0204089
0.0207801
0.0211393
0.0214864
0.0218215
0.0221448
0.0224569
0.0227584
0.0230498
0.0233318
0.0236055
0.0238724
0.0241342
0.0243933
0.0246521
0.0249135
0.0251804
0.0254562
0.0257445
0.0260488
0.0263729
0.0267204
0.0270956
0.0275024
0.0279442
0.0284237
0.0289433
0.0295049
0.030106
0.030744
0.0314163
0.0321186
0.0328453
0.0335875
0.0343355
0.0350779
0.0357998
0.0364824
0.0371023
0.0376301
0.0380343
0.0382742
0.0382853
0.0379942
0.00656593
0.00704802
0.00737267
0.00762856
0.00786181
0.00809317
0.00833335
0.00858594
0.00885157
0.00912846
0.00941008
0.0097078
0.0100326
0.0103825
0.0107585
0.0111593
0.0115823
0.0120244
0.0124829
0.0129551
0.0134381
0.0139291
0.0144253
0.014924
0.015423
0.0159198
0.0164125
0.0168992
0.0173781
0.0178474
0.0183057
0.018753
0.0191905
0.0196185
0.0200367
0.020445
0.0208434
0.0212316
0.0216091
0.0219758
0.0223315
0.0226765
0.0230112
0.0233362
0.0236521
0.0239595
0.0242586
0.0245504
0.0248358
0.0251164
0.0253945
0.0256726
0.0259535
0.0262402
0.026536
0.0268442
0.0271681
0.0275118
0.0278796
0.0282757
0.0287033
0.0291656
0.029665
0.0302032
0.0307802
0.0313949
0.0320457
0.0327298
0.0334448
0.03418
0.0349271
0.035678
0.03642
0.0371376
0.0378102
0.03841
0.0389031
0.0392432
0.0393716
0.0392359
0.00810478
0.0083978
0.00863638
0.00884815
0.00905271
0.00926341
0.00948345
0.0097101
0.00994168
0.0101767
0.0104135
0.0106648
0.0109446
0.0112534
0.0115909
0.0119554
0.0123445
0.0127556
0.0131861
0.013633
0.0140934
0.0145643
0.0150426
0.0155256
0.0160094
0.016492
0.0169718
0.0174468
0.0179152
0.0183756
0.0188282
0.019274
0.0197126
0.020144
0.0205679
0.020984
0.021392
0.0217915
0.022182
0.0225632
0.0229348
0.0232967
0.0236494
0.0239931
0.0243284
0.024656
0.0249767
0.0252901
0.0255961
0.0258964
0.0261923
0.0264852
0.026778
0.0270734
0.0273743
0.0276837
0.028005
0.0283417
0.0286984
0.0290784
0.0294853
0.0299222
0.0303915
0.030895
0.0314333
0.0320059
0.0326112
0.0332465
0.0339079
0.0345897
0.0352869
0.0359963
0.0367105
0.0374139
0.0380791
0.0386827
0.0391929
0.0395684
0.03976
0.039724
0.0107456
0.0108024
0.0108915
0.011
0.0111129
0.0112314
0.011356
0.0114862
0.0116207
0.0117554
0.0118992
0.0120759
0.0122893
0.0125385
0.0128213
0.0131352
0.0134776
0.0138456
0.0142364
0.0146469
0.0150738
0.0155139
0.0159634
0.0164184
0.0168761
0.0173354
0.0177932
0.0182471
0.0186956
0.0191387
0.019577
0.0200106
0.0204399
0.0208653
0.0212859
0.021701
0.0221103
0.0225134
0.0229095
0.0232981
0.0236787
0.024051
0.0244151
0.0247712
0.0251195
0.0254607
0.0257953
0.0261223
0.0264429
0.0267573
0.0270657
0.0273696
0.0276712
0.0279719
0.0282743
0.0285816
0.0288968
0.0292234
0.0295649
0.0299241
0.0303043
0.0307086
0.0311392
0.0315977
0.0320848
0.0325999
0.0331412
0.0337059
0.0342916
0.034897
0.0355222
0.0361617
0.0368068
0.0374443
0.0380559
0.0386198
0.0391076
0.039484
0.0397084
0.0397435
0.0148969
0.0146198
0.0144324
0.0142932
0.0141844
0.0140986
0.0140333
0.0139903
0.013965
0.0139537
0.0139797
0.0140553
0.0141788
0.014347
0.0145557
0.0148013
0.0150801
0.0153889
0.0157241
0.0160824
0.0164602
0.0168542
0.0172608
0.017677
0.0181005
0.0185272
0.0189528
0.0193751
0.0197944
0.020211
0.0206253
0.0210374
0.0214479
0.0218562
0.0222614
0.0226636
0.023063
0.0234591
0.0238508
0.0242372
0.0246176
0.0249914
0.0253583
0.0257182
0.0260715
0.0264185
0.0267578
0.0270893
0.0274135
0.0277309
0.0280427
0.0283499
0.028653
0.0289527
0.0292515
0.029552
0.0298565
0.0301678
0.0304883
0.0308211
0.0311693
0.0315348
0.0319195
0.0323248
0.0327507
0.0331968
0.0336619
0.0341443
0.0346459
0.0351663
0.0357031
0.0362523
0.0368069
0.0373565
0.0378871
0.0383805
0.0388141
0.0391596
0.0393856
0.0394617
0.0200089
0.0194027
0.0188939
0.0184545
0.0180755
0.0177567
0.0174875
0.0172606
0.017068
0.0169122
0.016814
0.0167728
0.0167869
0.0168524
0.0169647
0.0171193
0.0173119
0.0175388
0.017796
0.01808
0.0183874
0.0187147
0.0190587
0.0194157
0.0197817
0.0201522
0.0205243
0.0208991
0.0212768
0.0216564
0.022037
0.0224181
0.022799
0.0231788
0.0235578
0.0239363
0.0243143
0.024691
0.0250655
0.0254378
0.0258062
0.0261699
0.0265282
0.026881
0.0272283
0.0275694
0.0279022
0.0282268
0.0285436
0.0288531
0.0291559
0.0294527
0.0297445
0.030033
0.0303195
0.030605
0.0308908
0.0311786
0.0314714
0.0317718
0.0320814
0.0324019
0.0327348
0.0330803
0.0334384
0.0338097
0.0341946
0.0345939
0.0350075
0.0354352
0.0358754
0.0363249
0.0367781
0.0372272
0.0376614
0.0380671
0.0384268
0.0387194
0.0389208
0.039007
0.0253065
0.0245066
0.0237869
0.0231521
0.022591
0.0220955
0.0216584
0.0212764
0.0209457
0.0206689
0.020449
0.0202866
0.0201808
0.0201289
0.0201269
0.0201706
0.0202562
0.0203795
0.0205369
0.0207246
0.0209393
0.0211772
0.0214344
0.0217074
0.0219916
0.0222836
0.0225843
0.0228939
0.0232112
0.0235349
0.0238643
0.0241982
0.0245359
0.0248765
0.0252194
0.0255638
0.025909
0.0262541
0.0265993
0.0269441
0.0272867
0.0276263
0.027962
0.0282939
0.0286209
0.0289401
0.0292513
0.0295546
0.02985
0.030138
0.0304189
0.0306932
0.0309618
0.0312254
0.0314851
0.0317419
0.031997
0.0322521
0.0325086
0.0327678
0.0330312
0.0333002
0.0335753
0.033857
0.0341461
0.0344431
0.0347481
0.0350617
0.0353847
0.035717
0.0360574
0.0364036
0.0367514
0.037095
0.0374265
0.0377359
0.0380103
0.0382342
0.03839
0.0384589
0.0304321
0.0296261
0.028865
0.0281569
0.027506
0.026912
0.0263714
0.0258834
0.0254537
0.0250793
0.0247589
0.0244885
0.0242683
0.024099
0.0239789
0.0239049
0.0238737
0.0238817
0.0239256
0.0240019
0.0241071
0.0242375
0.024388
0.0245567
0.0247415
0.0249416
0.0251575
0.0253872
0.0256294
0.0258828
0.0261461
0.026418
0.0266974
0.0269832
0.0272745
0.0275702
0.0278692
0.0281707
0.028474
0.0287768
0.0290781
0.0293772
0.0296745
0.0299676
0.0302538
0.0305328
0.0308047
0.0310693
0.0313268
0.0315772
0.0318209
0.0320581
0.0322893
0.0325151
0.032736
0.0329528
0.033166
0.0333767
0.0335859
0.0337946
0.0340035
0.0342134
0.034425
0.034639
0.0348558
0.0350755
0.0352986
0.035526
0.0357583
0.0359953
0.0362365
0.0364802
0.0367235
0.0369623
0.0371908
0.0374018
0.0375862
0.0377327
0.0378286
0.0378598
0.0352699
0.0345902
0.0338968
0.033216
0.0325678
0.0319555
0.0313771
0.0308328
0.0303297
0.0298773
0.0294739
0.0291164
0.0288046
0.0285383
0.0283161
0.0281362
0.0279959
0.0278925
0.0278234
0.0277861
0.0277777
0.0277958
0.0278365
0.0278992
0.0279836
0.0280893
0.0282143
0.0283569
0.0285154
0.0286883
0.0288742
0.0290716
0.0292794
0.0294964
0.029722
0.0299547
0.0301923
0.0304333
0.0306759
0.0309182
0.0311603
0.031401
0.0316375
0.0318686
0.0320942
0.032314
0.0325279
0.0327358
0.0329377
0.0331335
0.0333234
0.0335075
0.0336859
0.0338589
0.0340269
0.0341901
0.0343489
0.0345038
0.0346553
0.0348038
0.0349499
0.035094
0.0352365
0.0353778
0.0355184
0.0356587
0.0357995
0.0359413
0.0360843
0.0362287
0.0363742
0.0365198
0.0366633
0.036802
0.0369318
0.0370475
0.0371427
0.0372094
0.0372386
0.0372199
0.0394836
0.0390562
0.038561
0.0380242
0.0374665
0.036906
0.0363527
0.0358124
0.0352912
0.0347968
0.034336
0.0339163
0.0335399
0.0332036
0.0329046
0.0326411
0.0324117
0.0322146
0.0320484
0.0319115
0.0318024
0.0317199
0.0316645
0.0316334
0.0316249
0.031638
0.0316722
0.0317257
0.0317966
0.0318833
0.0319843
0.032098
0.0322229
0.0323577
0.032501
0.0326509
0.0328058
0.0329645
0.0331256
0.0332875
0.0334476
0.0336049
0.0337594
0.0339106
0.0340581
0.0342017
0.0343411
0.0344761
0.0346065
0.0347321
0.0348529
0.0349687
0.0350797
0.0351857
0.035287
0.0353835
0.0354754
0.0355628
0.035646
0.0357251
0.0358005
0.0358722
0.0359406
0.0360059
0.0360686
0.0361291
0.0361879
0.0362455
0.0363025
0.0363589
0.0364146
0.0364689
0.0365202
0.0365667
0.0366055
0.0366329
0.0366444
0.0366343
0.0365964
0.0365231
0.0425806
0.0424826
0.0422888
0.0420149
0.0416735
0.0412847
0.0408662
0.0404306
0.039986
0.039541
0.0391044
0.0386836
0.0382839
0.0379089
0.0375605
0.0372392
0.0369454
0.0366789
0.0364393
0.0362258
0.0360374
0.0358732
0.0357321
0.0356131
0.0355148
0.035436
0.0353757
0.0353329
0.0353063
0.0352947
0.0352967
0.035311
0.0353362
0.035371
0.0354141
0.0354636
0.0355182
0.0355762
0.0356355
0.035696
0.0357571
0.0358182
0.0358786
0.035938
0.0359957
0.0360514
0.0361046
0.0361551
0.0362024
0.0362464
0.0362867
0.0363232
0.0363557
0.0363841
0.0364082
0.0364282
0.0364438
0.0364552
0.0364624
0.0364655
0.0364646
0.0364598
0.0364514
0.0364395
0.0364244
0.0364066
0.0363864
0.0363644
0.0363408
0.0363159
0.0362896
0.0362614
0.0362304
0.036195
0.0361533
0.0361025
0.0360394
0.0359601
0.03586
0.0357341
0.0440852
0.0442866
0.0444033
0.044442
0.0444011
0.044288
0.0441143
0.0438906
0.0436265
0.0433317
0.0430162
0.0426881
0.0423533
0.0420185
0.0416896
0.0413705
0.041064
0.040772
0.0404959
0.0402362
0.0399933
0.0397671
0.0395575
0.039364
0.0391861
0.0390231
0.0388732
0.0387369
0.0386138
0.0385031
0.0384041
0.0383158
0.0382372
0.038167
0.0381031
0.038045
0.0379924
0.0379444
0.0379003
0.0378592
0.0378206
0.0377837
0.0377479
0.0377126
0.0376773
0.0376415
0.0376048
0.0375667
0.0375268
0.0374848
0.0374403
0.0373931
0.0373429
0.0372896
0.0372331
0.0371733
0.0371101
0.0370435
0.0369735
0.0369001
0.0368235
0.0367439
0.0366612
0.0365759
0.036488
0.0363978
0.0363058
0.0362122
0.0361173
0.0360212
0.0359237
0.0358247
0.0357234
0.0356186
0.035509
0.0353925
0.0352667
0.0351289
0.0349756
0.0348033
0.0436521
0.0440788
0.0444398
0.0447331
0.0449549
0.0451105
0.0452039
0.045237
0.0452144
0.0451419
0.0450258
0.0448733
0.0446913
0.0444861
0.0442636
0.044029
0.0437867
0.0435403
0.0432927
0.0430464
0.0428031
0.0425643
0.042331
0.0421041
0.0418843
0.0416718
0.0414667
0.0412687
0.0410778
0.0408941
0.0407178
0.0405486
0.0403863
0.0402304
0.0400803
0.0399356
0.0397958
0.0396604
0.0395289
0.0394007
0.0392753
0.0391521
0.0390308
0.0389107
0.0387914
0.0386724
0.0385535
0.0384342
0.0383141
0.038193
0.0380705
0.0379464
0.0378205
0.0376926
0.0375628
0.037431
0.0372971
0.037161
0.0370229
0.0368828
0.0367406
0.0365966
0.0364508
0.0363034
0.0361546
0.0360046
0.0358536
0.0357017
0.0355491
0.0353959
0.0352419
0.0350868
0.0349302
0.034771
0.0346083
0.0344405
0.0342659
0.0340823
0.0338869
0.0336775
0.0415242
0.042013
0.0424684
0.0428852
0.0432589
0.0435861
0.043866
0.0440948
0.0442747
0.0444071
0.0444944
0.0445389
0.0445439
0.0445133
0.0444511
0.0443612
0.0442475
0.0441138
0.0439631
0.0437985
0.0436226
0.0434377
0.0432457
0.0430485
0.0428475
0.042644
0.0424391
0.0422338
0.0420286
0.0418243
0.0416214
0.0414202
0.0412211
0.041024
0.0408292
0.0406368
0.0404467
0.0402588
0.040073
0.039889
0.0397068
0.0395261
0.0393465
0.0391679
0.0389899
0.0388124
0.0386351
0.0384579
0.0382804
0.0381027
0.0379244
0.0377454
0.0375656
0.037385
0.0372033
0.0370206
0.0368369
0.036652
0.0364661
0.0362786
0.0360897
0.0358998
0.035709
0.0355177
0.035326
0.0351341
0.034942
0.0347501
0.0345582
0.0343662
0.0341739
0.0339806
0.033786
0.0335895
0.0333903
0.0331874
0.0329793
0.0327641
0.0325395
0.0323025
0.0384915
0.0388828
0.039271
0.0396475
0.0400079
0.0403484
0.0406656
0.0409567
0.0412192
0.0414512
0.0416524
0.0418214
0.0419585
0.0420643
0.0421398
0.0421866
0.0422065
0.0422012
0.0421728
0.0421232
0.0420544
0.0419683
0.0418667
0.0417513
0.0416238
0.0414856
0.0413381
0.0411826
0.0410203
0.0408521
0.040679
0.0405015
0.0403198
0.0401349
0.0399479
0.0397591
0.039569
0.0393777
0.0391854
0.0389924
0.0387987
0.0386045
0.0384099
0.0382148
0.0380193
0.0378235
0.0376273
0.0374305
0.0372331
0.0370349
0.0368359
0.0366359
0.0364343
0.0362307
0.0360256
0.0358192
0.0356118
0.0354034
0.0351941
0.034984
0.0347729
0.0345611
0.0343489
0.0341363
0.0339235
0.0337107
0.0334981
0.0332856
0.0330734
0.0328614
0.0326492
0.0324365
0.0322228
0.0320076
0.0317899
0.0315688
0.0313429
0.0311105
0.0308696
0.0306185
0.0353737
0.0355978
0.0358284
0.0360644
0.0363002
0.0365333
0.0367615
0.0369825
0.0371941
0.0373945
0.0375818
0.037755
0.0379126
0.0380532
0.0381759
0.0382808
0.0383675
0.0384363
0.0384873
0.0385209
0.0385377
0.0385383
0.0385236
0.0384942
0.038451
0.038395
0.0383269
0.0382477
0.0381582
0.0380593
0.037952
0.0378372
0.0377155
0.0375872
0.037453
0.0373131
0.0371683
0.0370188
0.0368653
0.0367079
0.0365471
0.0363831
0.0362162
0.0360465
0.0358735
0.0356968
0.0355169
0.0353342
0.0351489
0.0349613
0.0347716
0.0345797
0.0343855
0.0341887
0.0339897
0.0337885
0.0335854
0.0333806
0.0331742
0.0329664
0.0327572
0.0325469
0.0323357
0.0321237
0.031911
0.0316979
0.0314844
0.0312708
0.031057
0.030843
0.0306287
0.0304138
0.030198
0.0299806
0.0297609
0.0295378
0.0293101
0.0290762
0.0288348
0.0285857
0.0325587
0.0326403
0.032725
0.0328138
0.0329075
0.0330037
0.0331018
0.0332011
0.0333008
0.0334001
0.033498
0.0335936
0.033686
0.0337743
0.0338576
0.033935
0.0340058
0.0340694
0.0341252
0.0341728
0.0342119
0.0342421
0.0342633
0.0342755
0.0342786
0.0342727
0.034258
0.0342346
0.0342027
0.0341625
0.0341137
0.0340562
0.0339906
0.0339173
0.0338369
0.0337497
0.0336563
0.033557
0.0334522
0.0333422
0.0332272
0.0331075
0.0329834
0.032855
0.0327219
0.032584
0.0324414
0.0322944
0.0321434
0.0319885
0.0318298
0.0316677
0.031502
0.031333
0.0311609
0.0309856
0.0308074
0.0306265
0.030443
0.0302572
0.0300691
0.0298791
0.0296873
0.0294939
0.0292991
0.029103
0.0289059
0.0287078
0.0285087
0.0283088
0.028108
0.0279061
0.0277029
0.0274978
0.0272903
0.0270795
0.0268645
0.026644
0.0264172
0.0261845
0.0299728
0.029909
0.0298563
0.029813
0.0297788
0.0297536
0.0297345
0.0297208
0.0297118
0.029707
0.0297058
0.0297078
0.0297126
0.0297196
0.0297283
0.0297382
0.0297489
0.0297599
0.0297705
0.0297804
0.029789
0.029796
0.0298008
0.0298031
0.0298025
0.0297986
0.0297913
0.0297801
0.029765
0.0297456
0.0297214
0.0296917
0.0296567
0.0296164
0.0295707
0.0295198
0.0294638
0.0294028
0.029337
0.0292663
0.029191
0.0291111
0.0290267
0.0289379
0.0288445
0.0287467
0.0286444
0.0285377
0.0284266
0.0283112
0.0281916
0.0280679
0.0279402
0.0278086
0.0276733
0.0275343
0.0273918
0.027246
0.0270969
0.0269448
0.0267899
0.0266322
0.026472
0.0263094
0.0261447
0.0259779
0.0258092
0.0256388
0.0254667
0.0252929
0.0251174
0.0249402
0.0247611
0.0245797
0.0243957
0.0242085
0.0240174
0.0238215
0.0236204
0.0234145
0.027636
0.0274292
0.0272398
0.0270659
0.0269059
0.0267588
0.0266245
0.0265012
0.026387
0.0262812
0.0261831
0.0260921
0.0260077
0.0259296
0.0258571
0.0257901
0.025728
0.0256705
0.0256173
0.0255679
0.0255221
0.0254793
0.0254392
0.0254014
0.0253656
0.0253313
0.0252981
0.0252657
0.0252337
0.0252018
0.0251695
0.0251364
0.0251022
0.0250665
0.0250292
0.0249899
0.0249484
0.0249045
0.0248581
0.024809
0.0247571
0.0247023
0.0246446
0.0245837
0.0245197
0.0244525
0.0243819
0.0243079
0.0242305
0.0241496
0.0240652
0.0239772
0.0238857
0.0237907
0.0236921
0.0235902
0.0234848
0.0233761
0.0232642
0.0231491
0.023031
0.0229099
0.022786
0.0226593
0.02253
0.0223983
0.0222641
0.0221275
0.0219887
0.0218477
0.0217044
0.0215589
0.0214109
0.0212604
0.021107
0.0209504
0.0207902
0.0206258
0.0204568
0.0202839
0.025278
0.0249639
0.0246674
0.0243875
0.0241232
0.0238737
0.023638
0.0234157
0.0232067
0.0230097
0.0228235
0.0226475
0.022481
0.0223237
0.022175
0.0220345
0.0219019
0.0217766
0.0216585
0.021547
0.021442
0.0213429
0.0212496
0.0211617
0.0210788
0.0210006
0.0209267
0.0208569
0.0207908
0.0207279
0.0206681
0.020611
0.0205562
0.0205033
0.0204521
0.0204023
0.0203534
0.0203052
0.0202574
0.0202098
0.0201621
0.0201139
0.0200652
0.0200157
0.0199652
0.0199134
0.0198602
0.0198054
0.0197489
0.0196906
0.0196302
0.0195676
0.0195028
0.0194357
0.0193661
0.0192941
0.0192195
0.0191423
0.0190625
0.0189802
0.0188952
0.0188076
0.0187174
0.0186247
0.0185295
0.0184317
0.0183315
0.0182289
0.0181238
0.0180163
0.0179063
0.0177938
0.0176788
0.0175611
0.0174405
0.0173169
0.0171899
0.0170592
0.0169247
0.0167867
0.0223322
0.0219673
0.0216169
0.0212807
0.0209583
0.0206493
0.0203533
0.0200701
0.0197991
0.01954
0.0192931
0.0190577
0.0188331
0.0186189
0.0184144
0.0182194
0.0180333
0.017856
0.0176869
0.0175259
0.0173726
0.0172267
0.0170879
0.0169559
0.0168304
0.0167112
0.016598
0.0164904
0.0163883
0.0162913
0.0161992
0.0161118
0.0160286
0.0159496
0.0158743
0.0158025
0.0157341
0.0156686
0.0156058
0.0155454
0.0154872
0.0154308
0.0153761
0.0153227
0.0152704
0.0152191
0.0151683
0.015118
0.0150679
0.0150178
0.0149674
0.0149167
0.0148654
0.0148134
0.0147605
0.0147065
0.0146513
0.0145949
0.014537
0.0144776
0.0144165
0.0143538
0.0142893
0.014223
0.0141548
0.0140846
0.0140125
0.0139384
0.0138621
0.0137838
0.0137033
0.0136206
0.0135356
0.0134481
0.0133582
0.0132656
0.0131702
0.0130719
0.0129703
0.0128659
0.0177333
0.0173855
0.0170481
0.0167213
0.0164054
0.0161001
0.0158054
0.0155212
0.0152473
0.0149835
0.0147295
0.0144851
0.0142502
0.0140244
0.0138078
0.0136001
0.0134009
0.01321
0.0130271
0.012852
0.0126842
0.0125235
0.0123696
0.0122222
0.0120812
0.0119462
0.0118171
0.0116937
0.0115758
0.0114631
0.0113554
0.0112527
0.0111546
0.0110609
0.0109716
0.0108864
0.0108051
0.0107276
0.0106535
0.0105823
0.0105139
0.0104482
0.010385
0.010324
0.0102652
0.0102084
0.0101533
0.0100998
0.0100478
0.00999708
0.00994746
0.00989879
0.00985091
0.00980366
0.00975689
0.00971044
0.00966417
0.00961793
0.0095716
0.00952504
0.00947813
0.00943074
0.00938278
0.00933413
0.00928469
0.00923437
0.00918308
0.00913074
0.00907727
0.0090226
0.00896664
0.00890932
0.00885057
0.00879031
0.00872846
0.00866492
0.00859961
0.00853246
0.00846342
0.00839265
0.0089882
0.00882052
0.00865745
0.00849917
0.00834578
0.00819732
0.00805384
0.00791529
0.00778164
0.00765277
0.00752858
0.00740894
0.00729373
0.00718282
0.00707604
0.00697326
0.00687432
0.00677907
0.00668736
0.00659906
0.00651404
0.00643231
0.00635373
0.00627815
0.00620545
0.0061355
0.00606818
0.00600337
0.00594098
0.00588091
0.00582304
0.0057673
0.00571358
0.00566181
0.00561189
0.00556375
0.00551731
0.0054725
0.00542922
0.00538741
0.00534699
0.00530788
0.00527
0.00523328
0.00519765
0.00516305
0.00512938
0.0050966
0.00506464
0.00503341
0.00500286
0.00497292
0.00494352
0.00491459
0.00488608
0.00485792
0.00483003
0.00480237
0.00477486
0.00474745
0.00472007
0.00469267
0.00466519
0.00463757
0.00460977
0.00458172
0.00455339
0.00452471
0.00449565
0.00446616
0.0044362
0.00440572
0.0043747
0.00434308
0.00431084
0.00427792
0.0042443
0.00420994
0.0041748
0.00413885
0.0133692
0.0120418
0.0118743
0.0287029
0.0277032
0.0266792
0.0345356
0.0336902
0.0328798
0.037434
0.0367473
0.0359146
0.0388455
0.03829
0.0375477
0.0394556
0.0390181
0.0383963
0.0395757
0.0392494
0.0387498
0.0393696
0.039138
0.038752
0.038959
0.0387941
0.0384966
0.0384244
0.0382959
0.038057
0.0378144
0.0376958
0.0374874
0.0371471
0.0370186
0.0368181
0.0364143
0.0362639
0.0360562
0.0355874
0.03541
0.0351875
0.0346219
0.0344185
0.0341778
0.0334685
0.0332413
0.0329824
0.0320717
0.0318274
0.0315581
0.0303789
0.03013
0.0298621
0.0283519
0.0281115
0.0278564
0.0259685
0.0257479
0.0255156
0.0232251
0.023032
0.0228299
0.020126
0.0199648
0.0197967
0.0166612
0.0165329
0.0163992
0.0127715
0.0126745
0.0125735
0.00832948
0.00826417
0.00819627
0.00410714
0.00407474
0.00404156
0.000338129
0.00071081
0.00106422
0.00143005
0.00181518
0.00222274
0.00265491
0.00311694
0.00362531
0.00418599
0.00475708
0.0053486
0.00596117
0.00659037
0.00724496
0.0079442
0.00878755
0.00966844
0.0107206
0.011925
0.0132419
0.0149458
0.0170249
0.019785
0.023052
0.000684372
0.00147168
0.0021416
0.0029456
0.00388964
0.00492589
0.00601074
0.00711113
0.00820853
0.00927942
0.0103659
0.0114853
0.0126522
0.0138797
0.0151907
0.0166303
0.0181059
0.0197398
0.0216651
0.0239038
0.026517
0.0293097
0.0323591
0.0351832
0.0384283
0.00088818
0.0020115
0.00298438
0.00410387
0.00532986
0.00659338
0.00785678
0.00910882
0.0103545
0.0115989
0.0128655
0.0141673
0.015515
0.01692
0.0183975
0.0199106
0.0215032
0.0232974
0.025312
0.0274358
0.0295356
0.0314295
0.0329953
0.0340327
0.0344361
0.00103759
0.00247173
0.00372266
0.00505406
0.0064243
0.00778534
0.00912204
0.0104392
0.0117502
0.0130635
0.0143935
0.0157487
0.0171347
0.018556
0.0199901
0.021439
0.0230015
0.0247409
0.0265222
0.0281767
0.029578
0.0306404
0.031301
0.0315065
0.0312054
0.00116509
0.00291978
0.00441465
0.00589566
0.00735869
0.0087843
0.0101728
0.0115354
0.0128826
0.0142244
0.0155691
0.0169211
0.0182826
0.0196388
0.0209736
0.0223279
0.0237862
0.0252947
0.0266956
0.0278658
0.0287339
0.02926
0.0294206
0.0292027
0.0285995
0.00128974
0.00337825
0.00509093
0.00669537
0.00823701
0.00972073
0.0111556
0.0125547
0.0139248
0.015274
0.016607
0.0179256
0.0192193
0.0204794
0.0217011
0.0229385
0.0242324
0.0254647
0.0265069
0.0272842
0.0277636
0.027934
0.027798
0.0273675
0.0266575
0.00142033
0.00385763
0.00577763
0.00750185
0.00912293
0.0106653
0.0121439
0.0135718
0.0149533
0.0162935
0.0175948
0.0188485
0.0200502
0.0211958
0.0222994
0.0234091
0.0244994
0.0254515
0.0261781
0.026642
0.0268353
0.0267659
0.0264508
0.0259116
0.0251687
0.00156343
0.0043718
0.00650552
0.00835874
0.0100652
0.0116665
0.0131828
0.0146283
0.0160053
0.0173174
0.018558
0.0197264
0.0208211
0.021841
0.0228159
0.0237713
0.024638
0.025325
0.0257827
0.0259992
0.0259829
0.0257523
0.025331
0.0247424
0.0240045
0.0017314
0.0049513
0.00732115
0.00931935
0.0111141
0.0127681
0.0143076
0.0157505
0.0170992
0.0183509
0.0195075
0.0205695
0.0215382
0.0224233
0.0232567
0.0240291
0.0246686
0.0251161
0.0253499
0.0253743
0.0252071
0.0248717
0.0243924
0.0237898
0.0230759
0.00194937
0.00565775
0.00829843
0.010449
0.0123301
0.0140169
0.0155509
0.0169577
0.0182393
0.019399
0.0204428
0.0213751
0.0222005
0.0229385
0.0236106
0.0241845
0.0246068
0.0248455
0.0248975
0.0247766
0.0245047
0.0241056
0.0236008
0.0230054
0.0223248
0.0022798
0.00660981
0.00956162
0.0118629
0.0137945
0.0154683
0.0169456
0.0182643
0.0194324
0.020459
0.0213564
0.0221336
0.0228008
0.0233775
0.0238698
0.0242448
0.0244696
0.0245325
0.0244413
0.0242144
0.0238736
0.0234402
0.0229311
0.022355
0.0217113
0.00280769
0.00802555
0.0112983
0.0136924
0.0155979
0.0171776
0.0185223
0.0196825
0.0206776
0.0215235
0.0222387
0.0228367
0.0233304
0.0237314
0.024037
0.0242239
0.0242768
0.0241965
0.0239963
0.0236951
0.0233123
0.0228651
0.0223645
0.021814
0.0212073
0.00386008
0.0102038
0.0137228
0.0160716
0.0178179
0.0191831
0.0202969
0.0212098
0.021964
0.0225807
0.0230797
0.0234766
0.0237825
0.0239997
0.0241236
0.0241414
0.0240497
0.0238563
0.0235759
0.023225
0.0228194
0.0223715
0.021887
0.0213641
0.0207927
0.00593354
0.0141857
0.0172886
0.0191744
0.0204915
0.0214709
0.0222268
0.022809
0.0232636
0.023611
0.0238678
0.0240468
0.0241556
0.0241916
0.0241475
0.024019
0.0238095
0.0235291
0.0231911
0.0228086
0.0223932
0.0219523
0.0214871
0.0209916
0.0204523
0.0136331
0.0196809
0.0217972
0.0228062
0.0234495
0.0239075
0.0242032
0.0243999
0.024523
0.0245835
0.0245894
0.0245466
0.0244578
0.0243216
0.0241291
0.0238783
0.023575
0.0232289
0.0228501
0.0224484
0.0220312
0.0216014
0.0211559
0.0206856
0.0201746
0.0254206
0.0260349
0.0263129
0.0263637
0.0263277
0.0262132
0.0260567
0.0258771
0.0256791
0.0254648
0.025232
0.0249794
0.0247059
0.0244091
0.0240855
0.0237346
0.0233596
0.0229646
0.0225571
0.0221442
0.0217298
0.0213123
0.0208851
0.020437
0.01995
0.0319073
0.0308909
0.0300635
0.0293839
0.028773
0.0282022
0.0276728
0.0271708
0.0266968
0.0262412
0.0257964
0.0253575
0.0249211
0.0244847
0.0240465
0.023607
0.0231685
0.0227344
0.0223081
0.0218915
0.0214837
0.0210779
0.0206667
0.0202373
0.0197699
0.0348897
0.0337074
0.0325887
0.0315825
0.0306668
0.0298152
0.0290152
0.0282735
0.0275803
0.0269262
0.0263033
0.0257066
0.0251323
0.0245784
0.0240439
0.0235293
0.023036
0.0225657
0.0221185
0.0216927
0.021285
0.020888
0.0204909
0.0200775
0.019626
0.036587
0.0354368
0.0342763
0.0331682
0.0321039
0.0310856
0.0301212
0.0292117
0.0283549
0.0275463
0.0267815
0.0260568
0.0253699
0.0247194
0.0241049
0.0235267
0.0229858
0.0224816
0.0220118
0.0215727
0.021159
0.0207618
0.0203684
0.0199607
0.019516
0.0375582
0.0365145
0.0354019
0.0342893
0.0331835
0.0320908
0.0310295
0.0300114
0.0290414
0.0281207
0.0272492
0.0264261
0.0256508
0.0249231
0.0242431
0.0236114
0.0230282
0.0224914
0.0219967
0.0215395
0.0211129
0.0207071
0.020308
0.019897
0.0194502
0.0380428
0.037131
0.0361253
0.0350651
0.0339694
0.0328577
0.0317553
0.03068
0.0296426
0.0286498
0.0277055
0.0268122
0.0259715
0.0251845
0.0244525
0.0237762
0.0231558
0.0225873
0.0220656
0.0215856
0.02114
0.0207181
0.0203052
0.0198822
0.0194249
0.0381758
0.037402
0.0365134
0.0355325
0.0344837
0.0333965
0.0322983
0.0312098
0.030146
0.0291175
0.0281322
0.0271953
0.0263109
0.0254819
0.0247106
0.0239989
0.0233461
0.0227473
0.0221976
0.0216919
0.0212226
0.0207787
0.0203454
0.0199034
0.0194281
0.0380305
0.0373825
0.036606
0.035717
0.0347419
0.0337114
0.0326523
0.0315862
0.0305304
0.0294983
0.0285005
0.0275449
0.0266375
0.0257831
0.0249857
0.0242482
0.0235687
0.0229423
0.0223652
0.0218327
0.0213371
0.0208676
0.0204092
0.0199428
0.0194438
0.0376727
0.0371276
0.0364499
0.0356539
0.034765
0.0338102
0.0328134
0.0317957
0.0307746
0.0297652
0.0287794
0.0278271
0.0269161
0.0260527
0.0252424
0.0244887
0.0237891
0.0231397
0.0225381
0.0219799
0.0214577
0.0209609
0.0204749
0.0199806
0.0194538
0.0371558
0.0366867
0.0360895
0.035379
0.0345768
0.0337045
0.0327824
0.0318291
0.0308615
0.0298943
0.0289403
0.0280104
0.0271133
0.026256
0.0254455
0.0246845
0.0239719
0.0233061
0.0226851
0.0221045
0.0215576
0.0210341
0.0205198
0.0199961
0.019439
0.0365145
0.0360928
0.035557
0.0349201
0.0341979
0.0334068
0.032563
0.0316822
0.0307793
0.0298679
0.0289607
0.0280687
0.0272001
0.026362
0.0255604
0.0247999
0.0240833
0.0234095
0.0227755
0.0221777
0.0216098
0.021062
0.0205206
0.0199675
0.0193795
0.0357622
0.0353656
0.0348742
0.0342968
0.0336441
0.0329278
0.0321603
0.0313541
0.030521
0.029673
0.0288211
0.0279754
0.0271445
0.0263357
0.025555
0.0248071
0.0240948
0.0234197
0.02278
0.0221712
0.0215873
0.021019
0.0204532
0.0198724
0.0192542
0.0348887
0.0345044
0.0340445
0.0335141
0.03292
0.0322698
0.0315723
0.0308366
0.0300726
0.02929
0.0284981
0.0277058
0.026921
0.0261506
0.0254005
0.0246753
0.0239779
0.0233099
0.0226707
0.0220573
0.0214632
0.0208792
0.0202927
0.019687
0.019041
0.0338673
0.0334892
0.0330524
0.0325595
0.0320143
0.0314215
0.0307871
0.0301178
0.0294209
0.0287039
0.0279745
0.0272399
0.0265072
0.0257823
0.0250708
0.0243767
0.0237031
0.0230513
0.0224208
0.021809
0.0212105
0.0206163
0.0200138
0.0193871
0.0187169
0.0326622
0.03229
0.0318732
0.0314128
0.0309104
0.0303691
0.0297924
0.0291851
0.0285524
0.0279
0.0272337
0.0265593
0.0258825
0.0252084
0.0245416
0.0238857
0.0232433
0.0226155
0.0220017
0.0213992
0.0208026
0.0202034
0.0195902
0.0189479
0.018259
0.0312356
0.0308734
0.0304777
0.0300483
0.0295861
0.0290925
0.0285699
0.0280214
0.0274505
0.0268612
0.0262579
0.0256449
0.0250266
0.0244071
0.0237898
0.0231778
0.0225728
0.0219757
0.0213855
0.0207993
0.0202115
0.0196139
0.0189959
0.018345
0.0176447
0.0295472
0.0292019
0.0288313
0.0284351
0.0280132
0.0275667
0.0270968
0.0266054
0.0260948
0.0255679
0.0250274
0.0244767
0.0239187
0.0233565
0.0227924
0.0222287
0.0216664
0.0211056
0.0205451
0.0199815
0.0194091
0.0188203
0.0182063
0.0175531
0.0168425
0.0275599
0.0272398
0.0269006
0.0265417
0.0261631
0.0257651
0.0253484
0.0249142
0.0244637
0.0239988
0.0235214
0.0230334
0.0225369
0.0220339
0.0215258
0.0210137
0.0204982
0.0199786
0.019453
0.0189179
0.0183679
0.0177966
0.0171911
0.01654
0.015829
0.025247
0.0249604
0.0246591
0.0243427
0.0240111
0.0236641
0.0233021
0.0229256
0.0225355
0.0221326
0.021718
0.021293
0.0208585
0.0204157
0.0199651
0.0195071
0.0190414
0.0185668
0.018081
0.0175804
0.0170594
0.016509
0.0159202
0.0152844
0.0145909
0.0225965
0.0223494
0.022091
0.0218209
0.0215388
0.0212445
0.020938
0.0206194
0.0202891
0.0199474
0.0195949
0.0192319
0.0188588
0.018476
0.0180834
0.0176808
0.0172671
0.0168408
0.0163993
0.0159389
0.0154522
0.014933
0.0143754
0.0137729
0.0131172
0.0196023
0.0193975
0.019184
0.0189613
0.0187291
0.018487
0.0182349
0.0179726
0.0177001
0.0174174
0.0171245
0.0168212
0.0165076
0.0161834
0.0158481
0.0155009
0.0151407
0.0147658
0.0143738
0.0139614
0.0135211
0.0130487
0.0125405
0.0119921
0.0113981
0.0162439
0.0160809
0.0159113
0.0157344
0.0155499
0.0153574
0.0151566
0.0149472
0.0147289
0.0145015
0.0142647
0.0140181
0.0137613
0.0134938
0.013215
0.0129239
0.0126195
0.0123002
0.0119644
0.0116097
0.0112319
0.0108277
0.0103942
0.00992791
0.00942546
0.0124555
0.0123321
0.0122036
0.0120696
0.0119298
0.0117837
0.0116311
0.0114715
0.0113047
0.0111303
0.0109479
0.0107571
0.0105574
0.0103484
0.0101295
0.00990004
0.00965919
0.00940611
0.00913982
0.00885922
0.00856282
0.00824894
0.00791594
0.00756236
0.00718659
0.00811653
0.00803395
0.00794831
0.00785926
0.00776655
0.00766996
0.00756926
0.00746421
0.00735456
0.00724005
0.00712046
0.00699552
0.00686499
0.00672863
0.00658619
0.00643741
0.00628206
0.0061199
0.00595071
0.00577427
0.00559038
0.00539881
0.00519934
0.00499166
0.00477503
0.00400284
0.00396301
0.00392198
0.00387968
0.003836
0.00379085
0.00374412
0.00369567
0.00364537
0.00359308
0.00353865
0.0034819
0.00342267
0.00336075
0.00329594
0.00322802
0.00315674
0.00308183
0.00300298
0.00291985
0.00283204
0.00273911
0.0026405
0.00253555
0.0024234
0.0156066
0.0418952
0.0371912
0.0281317
0.0223339
0.0194673
0.0172348
0.014584
0.0109124
0.0065522
0.0158821
0.0433655
0.0378553
0.0282564
0.022461
0.0197044
0.0175004
0.014821
0.0110877
0.00660885
0.0162767
0.0446356
0.038428
0.0283082
0.022583
0.0199566
0.0177778
0.0150621
0.0112635
0.006661
0.0167628
0.0459514
0.0389582
0.0283145
0.0227125
0.020226
0.0180667
0.0153084
0.0114419
0.00670834
0.0172572
0.0471962
0.0394037
0.0282754
0.0228501
0.0205102
0.0183627
0.0155548
0.0116176
0.00674972
0.0177565
0.0483809
0.0397606
0.028195
0.0230033
0.0208143
0.0186686
0.0158025
0.0117904
0.00678423
0.0182434
0.0494746
0.0400095
0.02807
0.0231787
0.0211424
0.0189856
0.0160511
0.0119592
0.00681083
0.0186857
0.0504182
0.0401357
0.0278965
0.0233862
0.0215004
0.0193163
0.0163007
0.0121227
0.00682847
0.0188461
0.0511913
0.0401173
0.0276705
0.0236393
0.0218956
0.0196635
0.0165516
0.0122796
0.00683615
0.018394
0.0516667
0.0398802
0.0273894
0.0239559
0.0223354
0.0200298
0.0168036
0.0124282
0.00683298
0.0174845
0.0515531
0.039413
0.0270703
0.0243512
0.0228245
0.0204157
0.0170553
0.0125666
0.0068183
0.0161796
0.0507824
0.0385987
0.0268463
0.0248425
0.0233627
0.0208186
0.0173037
0.0126915
0.0067919
0.0145048
0.0490416
0.0373289
0.0268441
0.0254419
0.0239419
0.0212291
0.01754
0.0127946
0.00675419
0.0125802
0.0460614
0.0355565
0.0271373
0.0261526
0.0245532
0.0216324
0.0177423
0.0128596
0.00669625
0.0104326
0.0417187
0.0335351
0.0276706
0.0269531
0.0251689
0.0219926
0.0178807
0.0128642
0.00660664
0.00857229
0.0367393
0.0314119
0.0283647
0.0278124
0.0257373
0.0222544
0.0179086
0.0127876
0.00647941
0.0071569
0.0324387
0.0297249
0.0292562
0.0286689
0.0261737
0.0223365
0.0177638
0.0126013
0.0063128
0.0061726
0.0294882
0.0290712
0.0303967
0.0293911
0.026342
0.0221202
0.0173679
0.0122821
0.00610712
0.0140682
0.0280414
0.0306227
0.0318097
0.029743
0.0259722
0.0214832
0.016773
0.0118695
0.00586715
0.0244249
0.0291426
0.0331622
0.0325367
0.0292337
0.0249867
0.0205158
0.0160317
0.0113751
0.00561309
0.0294675
0.0345916
0.0349311
0.0318794
0.0277343
0.0234791
0.0193283
0.0151985
0.0108379
0.00536089
0.0390344
0.0368634
0.0332707
0.0293354
0.0254784
0.0217588
0.0181046
0.0143624
0.0102986
0.00511767
0.0338827
0.0321567
0.0294731
0.0264233
0.023326
0.0202034
0.0169949
0.0135906
0.00979009
0.00489068
0.0302606
0.0286405
0.0265258
0.0241413
0.021599
0.0189119
0.0160433
0.0129134
0.00933135
0.00468434
0.0275759
0.0261602
0.0244189
0.0224333
0.0202523
0.0178706
0.0152527
0.0123407
0.00892994
0.00449934
0.025651
0.0243748
0.0228648
0.0211421
0.0192066
0.0170383
0.0146058
0.0118694
0.0085835
0.00433333
0.024209
0.0230492
0.0217006
0.0201534
0.0183867
0.0163732
0.0140821
0.0114835
0.00829846
0.00419316
0.0231007
0.0220349
0.020804
0.0193828
0.0177397
0.0158427
0.0136626
0.0111684
0.00806772
0.00407781
0.0222289
0.0212419
0.0201021
0.018776
0.0172269
0.0154205
0.0133303
0.0109102
0.00787952
0.00398383
0.0215321
0.020612
0.0195453
0.0182942
0.0168192
0.0150852
0.0130706
0.0106948
0.0077232
0.00390821
0.0209689
0.0201062
0.0190999
0.0179096
0.0164946
0.0148201
0.0128603
0.0105211
0.00760436
0.00384862
0.0205106
0.0196974
0.0187417
0.0176016
0.016236
0.0146122
0.0126855
0.0103785
0.00751596
0.00380197
0.0201366
0.019366
0.018453
0.0173547
0.0160302
0.0144456
0.0125408
0.0102647
0.00745221
0.00376562
0.0198318
0.0190974
0.0182202
0.0171565
0.0158669
0.0143058
0.0124205
0.0101775
0.00740793
0.00373732
0.0195843
0.0188804
0.0180324
0.0169971
0.0157339
0.0141873
0.012322
0.0101113
0.00737836
0.00371512
0.0193847
0.0187052
0.0178808
0.0168686
0.0156185
0.0140859
0.0122437
0.0100612
0.00735945
0.00369737
0.0192244
0.0185638
0.0177576
0.0167583
0.0155191
0.0140026
0.0121811
0.0100221
0.00734777
0.00368265
0.0190953
0.0184482
0.0176521
0.0166622
0.0154351
0.0139339
0.0121288
0.00998944
0.00734033
0.00366975
0.0189924
0.0183529
0.0175645
0.0165829
0.0153654
0.0138746
0.0120814
0.009959
0.00733447
0.00365759
0.0189254
0.0182859
0.0174985
0.0165191
0.0153049
0.0138191
0.0120337
0.00992672
0.00732766
0.00364517
0.0188903
0.0182425
0.0174483
0.0164637
0.0152465
0.0137606
0.0119802
0.00988844
0.00731741
0.00363156
0.018876
0.0182123
0.0174039
0.0164076
0.0151817
0.0136918
0.0119148
0.00983978
0.00730125
0.00361587
0.0188678
0.0181817
0.0173531
0.0163397
0.0151011
0.0136048
0.011831
0.00977612
0.00727665
0.00359725
0.0188493
0.018136
0.0172828
0.0162485
0.0149945
0.0134908
0.0117219
0.00969261
0.00724105
0.00357488
0.018803
0.0180595
0.0171788
0.0161215
0.0148509
0.0133403
0.0115799
0.00958413
0.00719186
0.00354794
0.0187107
0.0179356
0.0170262
0.0159451
0.0146583
0.0131432
0.0113972
0.00944537
0.00712641
0.00351562
0.0185529
0.0177464
0.0168089
0.0157049
0.0144035
0.0128881
0.0111653
0.00927088
0.00704192
0.00347701
0.0183091
0.0174733
0.0165095
0.0153844
0.0140718
0.0125635
0.0108761
0.00905524
0.00693542
0.00343109
0.0179582
0.0170967
0.0161091
0.0149653
0.0136476
0.0121577
0.0105219
0.00879313
0.00680353
0.00337652
0.0174787
0.016595
0.0155843
0.0144259
0.0131157
0.0116615
0.0100967
0.00847921
0.00664198
0.00331147
0.0168452
0.0159389
0.0149122
0.0137543
0.0124674
0.0110697
0.00959639
0.00810738
0.00644465
0.00323318
0.0160288
0.0151129
0.0140884
0.012951
0.0117084
0.0103829
0.00901732
0.00766884
0.00620221
0.00313754
0.0150166
0.0141109
0.0131101
0.0120152
0.0108377
0.00960235
0.00835457
0.00715567
0.00590148
0.00301833
0.0138008
0.0129277
0.0119742
0.0109447
0.0098538
0.00872695
0.00761105
0.00657441
0.00552589
0.00286734
0.0123733
0.0115589
0.0106782
0.00973951
0.00875781
0.00775797
0.00678826
0.00592082
0.00507524
0.00267872
0.0107277
0.0100012
0.00922391
0.00840363
0.00755525
0.00670084
0.00589001
0.00519189
0.00453287
0.00243029
0.00886139
0.00825629
0.00761568
0.00694616
0.00625607
0.00556584
0.00492293
0.00438066
0.0038626
0.00210857
0.00677005
0.0063303
0.00587013
0.00538714
0.00487883
0.0043644
0.00388862
0.00347077
0.00303095
0.00167921
0.00453856
0.00429207
0.00403229
0.003742
0.00341666
0.00307641
0.00274349
0.00239987
0.00197668
0.000940799
0.00229705
0.00215998
0.00200936
0.00183945
0.00164372
0.00141039
0.00112863
0.000798009
0.000439374
0.000379487
)
;

boundaryField
{
    inlet
    {
        type            fixedValue;
        value           uniform 3.51245;
    }
    outlet
    {
        type            zeroGradient;
    }
    walls
    {
        type            kqRWallFunction;
        value           nonuniform List<scalar> 
446
(
2.069
1.13512
0.714088
0.494285
0.366019
0.284535
0.22927
0.189825
0.160513
0.138014
0.120285
0.106008
0.0943013
0.0845558
0.0763369
0.0693278
0.0632921
0.0580503
0.0534634
0.0494222
0.0458397
0.0426458
0.0397832
0.0372048
0.0348716
0.0327509
0.0308152
0.029041
0.0274083
0.0258999
0.0245007
0.0231976
0.0219791
0.0208349
0.0197561
0.0187343
0.0177623
0.0168335
0.0159419
0.015082
0.014249
0.0134385
0.0126465
0.0118696
0.0111044
0.010348
0.00959742
0.00884969
0.00810149
0.00734886
0.0065866
0.00580709
0.0049985
0.00412612
0.0031995
0.00223442
0.00118818
0.000885798
0.000844033
0.000950469
0.000950469
0.00169048
0.00260653
0.00389021
0.00533198
0.00644907
0.00735
0.00813554
0.00880896
0.0093773
0.00984382
0.0102545
0.0106118
0.0109094
0.0111522
0.0113436
0.0114867
0.0115845
0.0116406
0.0116585
0.0116419
0.0115946
0.0115202
0.0114224
0.0113046
0.0111701
0.011022
0.010863
0.0106956
0.010522
0.0103442
0.0101639
0.0099826
0.00980145
0.00962158
0.00946512
0.00931123
0.00915988
0.0089882
0.00882052
0.00865745
0.00849917
0.00834578
0.00819732
0.00805384
0.00791529
0.00778164
0.00765277
0.00752858
0.00740894
0.00729373
0.00718282
0.00707604
0.00697326
0.00687432
0.00677907
0.00668736
0.00659906
0.00651404
0.00643231
0.00635373
0.00627815
0.00620545
0.0061355
0.00606818
0.00600337
0.00594098
0.00588091
0.00582304
0.0057673
0.00571358
0.00566181
0.00561189
0.00556375
0.00551731
0.0054725
0.00542922
0.00538741
0.00534699
0.00530788
0.00527
0.00523328
0.00519765
0.00516305
0.00512938
0.0050966
0.00506464
0.00503341
0.00500286
0.00497292
0.00494352
0.00491459
0.00488608
0.00485792
0.00483003
0.00480237
0.00477486
0.00474745
0.00472007
0.00469267
0.00466519
0.00463757
0.00460977
0.00458172
0.00455339
0.00452471
0.00449565
0.00446616
0.0044362
0.00440572
0.0043747
0.00434308
0.00431084
0.00427792
0.0042443
0.00420994
0.0041748
0.00413885
0.00410714
0.00407474
0.00404156
0.00400284
0.00396301
0.00392198
0.00387968
0.003836
0.00379085
0.00374412
0.00369567
0.00364537
0.00359308
0.00353865
0.0034819
0.00342267
0.00336075
0.00329594
0.00322802
0.00315674
0.00308183
0.00300298
0.00291985
0.00283204
0.00273911
0.0026405
0.00253555
0.0024234
0.00229705
0.00215998
0.00200936
0.00183945
0.00164372
0.00141039
0.00112863
0.000798009
0.000439374
0.000379487
0.00371512
0.00369737
0.00368265
0.00366975
0.00365759
0.00364517
0.00363156
0.00361587
0.00359725
0.00357488
0.00354794
0.00351562
0.00347701
0.00343109
0.00337652
0.00331147
0.00323318
0.00313754
0.00301833
0.00286734
0.00267872
0.00243029
0.00210857
0.00167921
0.000940799
0.000379487
0.00536089
0.00511767
0.00489068
0.00468434
0.00449934
0.00433333
0.00419316
0.00407781
0.00398383
0.00390821
0.00384862
0.00380197
0.00376562
0.00373732
0.0065522
0.00660885
0.006661
0.00670834
0.00674972
0.00678423
0.00681083
0.00682847
0.00683615
0.00683298
0.0068183
0.0067919
0.00675419
0.00669625
0.00660664
0.00647941
0.0063128
0.00610712
0.00586715
0.00561309
0.0156066
0.0158821
0.0162767
0.0167628
0.0172572
0.0177565
0.0182434
0.0186857
0.0188461
0.018394
0.0174845
0.0161796
0.0145048
0.0125802
0.0104326
0.00857229
0.0071569
0.0061726
0.0140682
0.0244249
0.000338129
0.00071081
0.00106422
0.00143005
0.00181518
0.00222274
0.00265491
0.00311694
0.00362531
0.00418599
0.00475708
0.0053486
0.00596117
0.00659037
0.00724496
0.0079442
0.00878755
0.00966844
0.0107206
0.011925
0.0132419
0.0149458
0.0170249
0.019785
0.023052
0.000113997
0.000238583
0.000382948
0.000507636
0.00061995
0.000720818
0.000814094
0.000901421
0.000983916
0.00106232
0.00113714
0.00120879
0.00127757
0.00134376
0.0014076
0.00146933
0.00152916
0.00158729
0.00164392
0.00169927
0.00175351
0.00180686
0.00185952
0.00191168
0.00196356
0.00201538
0.00206735
0.0021197
0.00217269
0.00222655
0.00228156
0.00233803
0.00239627
0.00245666
0.00251959
0.00258555
0.00265508
0.00272886
0.00280768
0.00289254
0.00298416
0.00308015
0.00318062
0.00328571
0.00339556
0.00351046
0.00363068
0.00375645
0.00388795
0.00402531
0.00416861
0.00431783
0.00447283
0.00463328
0.00479866
0.00496809
0.00514028
0.00531334
0.00548455
0.0056501
0.00580473
0.00594122
0.00604996
0.00611904
0.00613722
0.00609628
0.00599624
0.00583691
0.00561534
0.00532021
0.00495338
0.00450585
0.00399587
0.00345382
0.00291254
0.0024445
0.00201724
0.00161111
0.0012012
0.00071916
0.00965293
0.00338362
0.00348783
0.00370828
0.00389102
0.00400469
0.00403968
0.00398916
0.00383625
0.00365536
0.00344595
0.00321027
0.00295442
0.00269141
0.00242891
0.00217151
0.00191766
0.00169623
0.00149529
0.00130646
0.00112427
0.000943581
0.000758049
0.000557638
0.000308014
2.069
1.13512
0.714088
0.494285
0.366019
0.284535
0.22927
0.189826
0.160514
0.138016
0.120287
0.106011
0.0943053
0.0845612
0.0763442
0.0693376
0.063305
0.0580666
0.0534831
0.0494433
)
;
    }
    baffle
    {
        type            kqRWallFunction;
        value           nonuniform List<scalar> 
62
(
0.000308014
0.000570292
0.000683356
0.000727246
0.000729879
0.000709402
0.000675995
0.00063404
0.000588346
0.000547827
0.000509264
0.000471206
0.00043402
0.000401808
0.000477416
0.000509091
0.00182263
0.000113997
0.000389061
0.000581901
0.000713481
0.000810139
0.000881512
0.000938977
0.000990978
0.00104358
0.00110246
0.00117725
0.00127863
0.00143429
0.00165655
0.00071916
0.00104601
0.0011303
0.00110983
0.00104405
0.000961042
0.000911796
0.000892745
0.000915636
0.00101428
0.00123402
0.00159888
0.00232535
0.00930711
0.0133692
0.0120418
0.0118743
0.000338129
0.000684372
0.00088818
0.00103759
0.00116509
0.00128974
0.00142033
0.00156343
0.0017314
0.00194937
0.0022798
0.00280769
0.00386008
0.00593354
)
;
    }
    front
    {
        type            empty;
    }
    back
    {
        type            empty;
    }
}


// ************************************************************************* //
