/*--------------------------------*- C++ -*----------------------------------*\
| =========                 |                                                 |
| \\      /  F ield         | OpenFOAM: The Open Source CFD Toolbox           |
|  \\    /   O peration     | Version:  v2012                                 |
|   \\  /    A nd           | Website:  www.openfoam.com                      |
|    \\/     M anipulation  |                                                 |
\*---------------------------------------------------------------------------*/
FoamFile
{
    version     2.0;
    format      ascii;
    class       volScalarField;
    location    "2000";
    object      age;
}
// * * * * * * * * * * * * * * * * * * * * * * * * * * * * * * * * * * * * * //

dimensions      [0 0 1 0 0 0 0];


internalField   nonuniform List<scalar> 
6502
(
0.0145656
0.0125208
0.0121083
0.0122304
0.0122988
0.0122988
0.0122304
0.0121082
0.0125205
0.0145654
0.0494748
0.0385125
0.0350544
0.0350619
0.0354318
0.0354317
0.0350617
0.0350534
0.0385108
0.0494734
0.0990429
0.0682243
0.0574445
0.0560945
0.0565665
0.0565661
0.0560931
0.0574402
0.0682163
0.0990339
0.16269
0.101423
0.0798714
0.0759061
0.0760532
0.0760522
0.0759017
0.0798591
0.101397
0.162657
0.236771
0.136468
0.102426
0.095042
0.0944316
0.0944295
0.0950322
0.102398
0.136402
0.236683
0.317081
0.172065
0.125033
0.113838
0.112144
0.11214
0.11382
0.124979
0.171937
0.31689
0.400502
0.207385
0.147655
0.132469
0.12949
0.129483
0.132437
0.147564
0.207137
0.400145
0.485181
0.241958
0.170111
0.151019
0.14665
0.146638
0.150966
0.16994
0.241496
0.484532
0.570528
0.276085
0.193565
0.16955
0.16372
0.163702
0.169456
0.193298
0.275246
0.569503
0.655227
0.309759
0.21608
0.188075
0.180754
0.180721
0.187912
0.215635
0.308338
0.653206
0.743645
0.343447
0.238503
0.206614
0.197775
0.197713
0.206327
0.237755
0.341152
0.740816
0.834193
0.377397
0.260998
0.225185
0.2148
0.214686
0.224693
0.259756
0.373658
0.829268
0.924658
0.411845
0.28364
0.243812
0.231837
0.231637
0.242987
0.2816
0.405717
0.916151
1.01474
0.447157
0.306514
0.262528
0.248901
0.248558
0.261169
0.303193
0.437114
1.00032
1.10487
0.483892
0.329751
0.281386
0.26601
0.265435
0.279174
0.324373
0.467485
1.08094
1.19566
0.522871
0.353546
0.30047
0.283196
0.282248
0.296899
0.344874
0.496165
1.15565
1.28789
0.56528
0.378201
0.31991
0.300517
0.298975
0.314208
0.36428
0.521989
1.22062
1.38244
0.612798
0.404159
0.339907
0.318066
0.315607
0.330863
0.381893
0.542767
1.26314
1.48073
0.66788
0.432144
0.360791
0.336018
0.332159
0.346785
0.396692
0.554974
1.25718
1.5842
0.733373
0.46302
0.383051
0.354688
0.348772
0.36137
0.406704
0.547975
1.18464
1.69602
0.813904
0.498833
0.407485
0.374667
0.365944
0.375213
0.411599
0.514194
0.976717
1.81882
0.912172
0.542683
0.434944
0.396501
0.384348
0.389547
0.416511
0.484513
0.761922
1.95454
1.02705
0.597385
0.466391
0.420627
0.404548
0.405478
0.424442
0.46853
0.621793
2.10798
1.15824
0.665621
0.502527
0.447392
0.427028
0.423747
0.436276
0.464743
0.548408
2.27934
1.30466
0.750988
0.546627
0.477539
0.452079
0.444745
0.451927
0.471087
0.518163
2.47903
1.46711
0.853204
0.601445
0.512455
0.480045
0.468645
0.471138
0.484411
0.513114
2.70056
1.64457
0.972075
0.669118
0.554006
0.511591
0.49558
0.493761
0.502538
0.521854
2.96534
1.83982
1.10725
0.751061
0.604222
0.547809
0.525839
0.519756
0.524486
0.538292
3.26957
2.05503
1.2587
0.848116
0.664993
0.590148
0.560008
0.549218
0.549958
0.559632
3.61639
2.29254
1.42668
0.960747
0.737895
0.640235
0.599016
0.582451
0.578982
0.584847
4.01098
2.55502
1.61185
1.08926
0.824154
0.699702
0.644071
0.620022
0.611778
0.613728
4.45942
2.84568
1.81526
1.23396
0.924699
0.770055
0.69656
0.662775
0.648746
0.646414
4.9686
3.16838
2.03846
1.39534
1.04028
0.852626
0.75793
0.711785
0.6905
0.683231
5.5462
3.52759
2.28351
1.57417
1.17159
0.948587
0.829617
0.768299
0.737868
0.724668
6.20082
3.92847
2.55306
1.77161
1.31942
1.05902
0.913009
0.833674
0.791887
0.771398
6.94218
4.37727
2.85055
1.9893
1.48475
1.18498
1.00945
0.909329
0.853768
0.824291
7.78212
4.88199
3.18049
2.22949
1.66888
1.32763
1.12027
0.996729
0.924868
0.88442
8.73148
5.45082
3.54799
2.49501
1.87363
1.4884
1.24695
1.09743
1.00669
0.953063
9.80754
6.10294
3.96266
2.78953
2.10101
1.6689
1.39109
1.21313
1.10092
1.03173
11.0688
6.86845
4.4318
3.11854
2.3537
1.87103
1.55448
1.34568
1.20943
1.12217
12.5365
7.7248
4.95249
3.48667
2.63568
2.09749
1.73927
1.49717
1.33432
1.22642
14.1708
8.64497
5.52975
3.89809
2.95186
2.35208
1.94846
1.67022
1.47807
1.34682
15.9962
9.68883
6.18412
4.36209
3.30852
2.63981
2.18617
1.86838
1.64391
1.4864
18.0413
10.8983
6.93314
4.88549
3.7091
2.96299
2.4542
2.09331
1.83351
1.64686
20.3589
12.31
7.80348
5.48439
4.16373
3.32885
2.75809
2.34962
2.05104
1.83209
23.0411
13.9849
8.83827
6.18716
4.69158
3.75157
3.10899
2.64645
2.30434
2.04916
26.1861
15.9922
10.087
7.02633
5.31394
4.24646
3.51873
2.99332
2.60145
2.30518
29.9378
18.4344
11.6208
8.0489
6.06148
4.83505
4.00388
3.40363
2.95353
2.6098
34.5125
21.4651
13.5457
9.32581
6.98045
5.54874
4.58775
3.89609
3.37622
2.97646
40.2737
25.326
16.0204
10.9632
8.14202
6.43631
5.30585
4.4984
3.89222
3.42436
47.7906
30.4187
19.3201
13.141
9.65974
7.5705
6.20871
5.24973
4.53436
3.9819
58.5501
37.4246
23.8058
16.1246
11.7412
9.10093
7.39717
6.21835
5.3526
4.6896
73.944
48.3662
30.6627
20.3962
14.5862
11.162
8.9946
7.51555
6.44035
5.62311
115.038
62.3209
40.751
27.6234
19.4272
14.3968
11.2916
9.28719
7.90061
6.87672
503.537
185.293
60.1713
34.9404
25.7004
19.4829
15.1435
12.1602
10.1123
8.6708
718.506
522.596
222.229
75.7729
35.6862
26.2306
20.6291
16.7208
13.8388
11.7055
698.092
665.389
502.247
259.675
109.676
47.1207
29.8777
23.5059
19.5025
16.5319
660.955
583.035
591.874
469.29
295.825
159.082
84.3415
48.4272
33.5419
26.6345
649.335
548.936
524.712
520.574
415.924
304.384
214.716
148.438
104.536
77.0194
652.696
523.346
464.493
431.699
398.019
353.876
305.92
261.525
224.001
193.588
1.21015
1.7439
106.728
118.826
117.008
116.617
117.022
117.611
117.602
117.497
117.758
118.156
119.232
120.408
121.417
123.382
125.864
129.454
135.234
143.913
156.357
176.591
209.84
268.848
379.423
1.04055
1.30797
37.6191
101.375
113.203
108.889
108.578
108.119
107.5
106.002
104.192
102.523
100.837
99.5777
98.6559
97.7398
96.9764
96.1428
95.7963
96.6004
99.213
106.477
120.492
142.96
178.917
0.85896
1.06336
4.92725
39.386
86.3812
120.017
130.564
135.375
137.025
135.937
132.946
128.728
123.598
118.1
112.588
107.398
102.69
97.9023
93.8226
91.0317
89.9639
90.2302
96.067
108.523
126.397
0.713809
0.916296
1.18211
7.83321
35.7112
80.4666
121.382
152.106
166.774
172.729
173.686
170.448
163.911
155.553
145.783
135.494
125.021
114.714
105.12
96.7524
90.2697
87.2601
87.5417
96.1505
113.246
0.622193
0.781104
0.962142
1.33309
7.91293
32.5981
73.3272
119.202
158.399
187.912
203.552
203.669
200.915
192.908
181.403
167.447
151.872
136.37
121.13
107.798
96.2576
87.7421
84.3996
88.2082
104.607
0.575965
0.685344
0.832975
1.04443
1.32487
7.02817
27.4672
64.2129
108.371
152.243
187.194
208.812
219.552
215.088
206.879
193.635
174.633
156.269
135.999
118.449
103.131
90.7399
83.6255
83.4582
98.8054
0.560705
0.631029
0.741686
0.905834
1.08222
1.32821
5.40163
21.3946
52.2809
92.183
133.548
169.308
195.819
208.063
211.908
203.282
185.374
168.197
145.862
125.802
108.195
93.5793
83.158
80.2184
94.3235
0.564207
0.6092
0.684686
0.811355
0.96878
1.13002
1.33658
3.59211
14.9913
39.4914
72.7412
108.741
141.635
167.247
181.882
185.341
179.944
165.962
146.684
127.525
109.754
94.5316
83.1209
77.8858
90.6639
0.57835
0.608782
0.658243
0.747228
0.8807
1.03622
1.1737
1.36656
1.93925
9.02195
26.1768
52.3391
81.8883
110.099
132.382
145.988
150.436
146.321
135.896
121.937
106.944
93.0595
82.1052
76.1441
87.4891
0.598833
0.621186
0.654599
0.713367
0.813543
0.952866
1.09311
1.20484
1.37563
1.56331
4.82399
15.4038
34.4053
57.5048
80.3417
99.2119
111.687
116.978
115.66
109.053
99.3452
88.8681
79.7838
74.5421
84.6822
0.623793
0.641142
0.665627
0.704563
0.773789
0.884279
1.01967
1.13752
1.23672
1.35069
1.57566
2.27364
7.83754
19.8653
37.105
55.3936
71.4602
83.1264
89.3936
90.526
87.5125
82.0278
76.166
72.5236
82.4517
0.652654
0.666107
0.685448
0.71304
0.759745
0.839717
0.954097
1.07795
1.18501
1.28495
1.37888
1.55128
1.78056
3.81294
10.5532
22.6548
37.1031
50.9626
62.1227
69.4542
72.8266
72.9444
71.2449
70.0988
80.4106
0.685427
0.695174
0.710834
0.732189
0.764945
0.820492
0.907256
1.01885
1.13458
1.24653
1.33528
1.4189
1.51149
1.79732
2.06454
5.42345
13.1485
24.6823
37.0966
48.2439
56.7871
62.2566
65.1849
67.2192
78.4502
0.722382
0.728243
0.740479
0.757906
0.782703
0.821934
0.88419
0.973163
1.08112
1.19908
1.30825
1.39323
1.46213
1.54962
1.69462
1.97051
3.33395
8.36987
17.8219
29.3709
40.8986
50.7776
58.2724
63.9118
76.3312
0.763939
0.765562
0.77414
0.788271
0.808275
0.837647
0.882287
0.94845
1.03772
1.14732
1.2659
1.37216
1.45679
1.5154
1.59885
1.71517
1.97484
2.60161
6.45509
15.0743
26.7278
39.2675
50.7373
60.1509
74.0536
0.810679
0.807542
0.812057
0.82274
0.839131
0.862506
0.895896
0.944245
1.01273
1.10447
1.21662
1.3341
1.44059
1.5202
1.59304
1.67203
1.77203
1.96053
2.50218
6.38321
15.5906
28.5961
42.9092
55.9875
71.8527
0.863363
0.85473
0.854674
0.861471
0.874347
0.893463
0.919841
0.95611
1.00712
1.07869
1.1742
1.28749
1.40488
1.50869
1.59689
1.67907
1.75643
1.84308
1.96937
2.80984
7.91327
19.4001
35.1313
51.4624
69.5759
0.922965
0.907835
0.90256
0.904928
0.913919
0.929199
0.950712
0.979195
1.01762
1.07155
1.14723
1.24567
1.3598
1.47575
1.58257
1.68068
1.77036
1.85218
1.93328
2.13699
3.92069
11.9955
27.5657
46.5277
67.0603
0.990712
0.967787
0.956436
0.953737
0.958299
0.96951
0.986856
1.00997
1.03992
1.08053
1.13809
1.21751
1.31807
1.43213
1.54869
1.66181
1.76965
1.86942
1.95538
2.06677
2.60993
6.92879
20.6359
41.1881
64.1081
1.06812
1.0358
1.01724
1.00868
1.00817
1.01481
1.02787
1.04653
1.07057
1.10185
1.14508
1.20616
1.2884
1.39007
1.50435
1.62412
1.74554
1.86494
1.97276
2.06302
2.31826
4.0409
14.1281
35.1743
60.4185
1.15701
1.11342
1.08623
1.07078
1.06443
1.06584
1.07414
1.08835
1.10759
1.13222
1.16499
1.21081
1.27456
1.3584
1.46042
1.576
1.70136
1.8336
1.96436
2.06818
2.22439
2.96422
8.83971
28.3295
55.5606
1.25957
1.20256
1.165
1.14134
1.12819
1.12362
1.1265
1.13577
1.15034
1.16965
1.19477
1.22895
1.27666
1.34173
1.42574
1.52764
1.6457
1.77898
1.92393
2.05446
2.17394
2.54934
5.10944
20.1947
48.9371
1.37856
1.3057
1.25571
1.2222
1.20098
1.18949
1.18616
1.1898
1.19924
1.2135
1.23255
1.25798
1.29296
1.34124
1.40586
1.48839
1.58956
1.71071
1.85368
2.00424
2.12872
2.33472
3.32576
10.7036
38.9711
1.51569
1.42447
1.3598
1.31456
1.28381
1.26428
1.25386
1.25112
1.25477
1.26368
1.27718
1.29568
1.32094
1.35569
1.40289
1.46501
1.5442
1.64326
1.76706
1.91523
2.05819
2.1934
2.5683
4.40285
16.3158
1.67463
1.56227
1.48035
1.42114
1.37902
1.35
1.3314
1.32136
1.31843
1.32135
1.32913
1.34147
1.35899
1.38327
1.41641
1.46053
1.51782
1.59116
1.68554
1.80753
1.94874
2.07456
2.23785
2.61338
4.58389
1.86183
1.72503
1.62276
1.54679
1.49089
1.45043
1.42211
1.40355
1.39301
1.38904
1.39047
1.39655
1.4072
1.42303
1.44517
1.47496
1.5138
1.56362
1.62785
1.71295
1.8237
1.9438
2.05583
2.16922
2.30512
2.08388
1.91889
1.79276
1.69677
1.62418
1.56979
1.5297
1.50101
1.48153
1.46957
1.46374
1.46302
1.46684
1.47519
1.48847
1.50727
1.53217
1.56393
1.60409
1.6562
1.72644
1.81535
1.911
1.99013
2.0572
2.34946
2.15194
1.9979
1.87809
1.78534
1.71393
1.65944
1.61842
1.58824
1.56684
1.55256
1.54412
1.54062
1.54162
1.54703
1.55695
1.57144
1.5905
1.6143
1.64389
1.68234
1.73351
1.79772
1.86405
1.92532
2.67047
2.43503
2.24827
2.10023
1.98318
1.891
1.81875
1.76253
1.71924
1.6864
1.66204
1.64458
1.63281
1.62595
1.62357
1.62545
1.63142
1.64115
1.65425
1.67048
1.69045
1.71597
1.74938
1.79032
1.83532
3.06364
2.78317
2.5577
2.37607
2.22984
2.11235
2.01822
1.94309
1.88345
1.83642
1.79966
1.77128
1.74976
1.73397
1.72318
1.71691
1.71483
1.71657
1.72163
1.72944
1.73966
1.75207
1.77006
1.7898
1.81485
3.5539
3.21853
2.94615
2.72396
2.54239
2.39402
2.27291
2.17423
2.09405
2.0291
1.97671
1.93465
1.90109
1.87458
1.85404
1.83874
1.82814
1.82183
1.81934
1.82018
1.82382
1.82986
1.83808
1.84928
1.86369
4.17659
3.7731
3.44301
3.17108
2.94618
2.7598
2.60524
2.47709
2.37095
2.28317
2.21071
2.15105
2.10204
2.06193
2.02932
2.00316
1.98268
1.96731
1.95657
1.95
1.94718
1.9477
1.95115
1.95759
1.96713
4.99356
4.49905
4.09377
3.75829
3.47877
3.24482
3.04845
2.88333
2.74439
2.62748
2.52918
2.44661
2.37736
2.3194
2.27103
2.23091
2.19799
2.17147
2.15074
2.13531
2.12476
2.11872
2.11687
2.11899
2.12505
6.09634
5.48367
4.97944
4.55957
4.20735
3.91032
3.65883
3.44525
3.26347
3.10853
2.97638
2.86367
2.76758
2.68576
2.61624
2.55738
2.50787
2.46665
2.43292
2.40604
2.38551
2.37094
2.362
2.3584
2.36008
7.62664
6.83703
6.19974
5.67212
5.22825
4.85114
4.52875
4.25201
4.01381
3.80838
3.63099
3.47772
3.34528
3.23092
3.13235
3.04761
2.97511
2.91355
2.86189
2.8193
2.78515
2.75892
2.74024
2.72877
2.72439
10.1436
8.984
8.07632
7.34726
6.74809
6.24638
5.82028
5.45474
5.13902
4.86502
4.62644
4.41825
4.23638
4.07748
3.9388
3.81805
3.71332
3.62307
3.54602
3.48117
3.42771
3.38503
3.35264
3.33013
3.31739
14.3155
12.6301
11.2911
10.2121
9.33019
8.59868
7.98382
7.46161
7.0143
6.6282
6.29275
5.99988
5.74332
5.51813
5.32035
5.14683
4.99501
4.86288
4.74879
4.65149
4.56996
4.50343
4.45133
4.41315
4.38881
22.5334
19.6514
17.42
15.6364
14.1839
12.9851
11.983
11.1363
10.4166
9.80142
9.2721
8.8139
8.4153
8.06718
7.76251
7.49576
7.2626
7.05959
6.88408
6.734
6.60776
6.50414
6.42227
6.36137
6.32132
59.8857
48.5274
40.858
35.4459
31.3658
28.2
25.6596
23.5425
21.7758
20.2933
19.0387
17.9699
17.0534
16.2616
15.5751
14.9787
14.4607
14.0121
13.6257
13.296
13.0189
12.7912
12.6103
12.4744
12.3822
168.847
148.526
131.814
118.139
106.706
97.6527
90.172
83.3972
77.4775
72.4139
68.1173
64.4737
61.3583
58.6281
56.2488
54.1715
52.3589
50.7824
49.42
48.2545
47.2727
46.4646
45.8221
45.3393
45.0109
20.5146
20.6607
20.6723
7.77594
9.84234
10.6657
2.56265
2.96519
3.23001
2.12034
2.18376
2.23411
1.97139
2.0104
2.04656
1.87666
1.9127
1.94623
1.84184
1.86861
1.8958
1.87992
1.89835
1.92018
1.97883
1.99233
2.00829
2.13409
2.14565
2.16013
2.36607
2.37571
2.3891
2.72623
2.73336
2.74548
3.31363
3.31758
3.32845
4.37762
4.37783
4.38795
6.30136
6.2988
6.31109
12.3342
12.3215
12.3407
44.8473
44.7994
44.8625
1164.01
1010.07
595.108
399.24
349.019
322.944
305.355
292.619
283.65
276.221
270.073
264.746
260.024
255.731
251.75
247.99
244.382
240.871
237.436
234.351
231.629
229.199
227.024
225.079
223.36
221.896
220.69
219.772
219.001
218.352
217.64
217.279
217.069
216.332
216.148
216.137
216.143
216.22
216.391
216.669
217.064
217.584
218.239
219.028
219.961
221.056
222.32
223.765
225.403
227.25
229.322
231.64
234.22
236.82
239.45
242.13
244.881
247.729
250.703
253.837
257.174
260.769
264.691
269.029
273.905
279.491
286.012
293.949
303.343
316.811
335.292
361.39
417.189
808.253
1750.19
1903.82
1908.45
1841.45
1824.08
1841.77
939.357
699.711
433.127
335.387
301.034
276.852
259.126
245.484
234.84
226.778
220.693
215.985
212.011
208.619
205.713
203.208
201.041
199.16
197.496
195.877
194.226
192.523
190.742
188.857
186.871
184.954
182.975
180.733
178.481
176.237
173.99
171.816
169.732
167.719
165.872
164.196
162.647
161.216
159.904
158.716
157.657
156.736
155.957
155.326
154.847
154.527
154.374
154.392
154.588
154.971
155.546
156.327
157.314
158.655
160.404
162.591
165.246
168.398
172.08
176.331
181.192
186.71
192.935
199.924
207.742
216.479
226.214
237.158
249.287
263.369
280.289
302.307
329.198
425.447
859.815
1458.02
1748.87
1636.37
1570.89
1572.48
765.269
514.231
343.138
289.461
260.938
240.943
228.862
221.538
217.04
214.212
212.535
211.615
210.581
209.652
208.731
208.018
207.259
206.282
204.964
203.232
201.105
198.611
195.79
192.627
188.756
184.852
180.839
176.687
172.46
168.204
163.962
159.785
155.708
151.754
147.961
144.355
140.954
137.772
134.819
132.101
129.626
127.396
125.412
123.676
122.189
120.949
119.958
119.216
118.723
118.483
118.497
118.771
119.31
120.09
121.117
122.409
123.994
125.909
128.204
130.939
134.191
138.052
142.633
148.065
154.502
162.121
171.117
181.721
194.154
208.687
225.662
246.065
270.681
295.187
405.705
755.076
1206.49
1447.1
1408.62
1391.93
652.682
416.364
297.558
260.238
237.935
225.947
221.032
219.281
218.779
219.898
222.746
226.058
229.563
232.911
235.635
237.34
237.881
237.145
235.207
232.218
228.191
223.227
217.445
210.977
203.963
196.536
188.844
181.023
173.197
165.471
157.934
150.664
143.717
137.136
130.955
125.195
119.867
114.973
110.508
106.462
102.826
99.5836
96.7221
94.2264
92.0827
90.2781
88.8013
87.6428
86.7949
86.2526
86.0129
86.076
86.444
87.1191
88.1071
89.4152
91.0523
93.0298
95.3629
98.0728
101.19
104.757
108.838
113.521
118.93
125.234
132.659
141.496
152.112
164.922
180.392
198.912
222.367
244.412
270.233
392.622
700.01
1050.84
1226.81
1265.64
579.477
362.56
271.804
242.538
227.591
223.309
222.919
226.098
232.508
241.289
250.612
259.611
267.866
274.737
279.855
282.994
283.996
282.679
279.127
273.541
266.047
256.903
246.402
234.86
222.6
209.932
197.137
184.459
172.113
160.261
149.024
138.484
128.696
119.685
111.455
103.99
97.2648
91.2413
85.8777
81.1293
76.9513
73.3
70.1345
67.4168
65.113
63.1932
61.6317
60.4071
59.5022
58.9043
58.6049
58.5998
58.8893
59.4807
60.3835
61.6112
63.1815
65.1157
67.4385
70.1772
73.3614
77.0235
81.1996
85.9336
91.2837
97.3341
104.214
112.119
121.349
132.323
145.636
161.8
182.24
206.794
226.023
260.136
408.064
704.876
992.985
1141.85
529.974
329.706
255.559
233.033
226.183
226.235
232.591
244.349
259.04
275.248
291.386
306.634
320.171
331.27
339.409
344.136
345.086
342.055
335.175
324.845
311.483
295.667
278.025
259.193
239.777
220.316
201.275
182.998
165.776
149.773
135.095
121.784
109.831
99.1901
89.7866
81.5307
74.3237
68.0643
62.6535
57.9976
54.0104
50.6141
47.7395
45.3264
43.3229
41.685
40.3762
39.3667
38.6333
38.1583
37.93
37.9415
38.1928
38.6914
39.4477
40.477
41.801
43.4477
45.4521
47.8561
50.7083
54.0629
57.9783
62.5148
67.7333
73.6964
80.4746
88.1628
96.9135
106.982
118.819
133.028
150.521
173.429
197.653
216.727
276.182
472.562
780.897
1018.34
492.131
307.157
244.991
229.939
228.153
235.231
250.354
270.956
294.345
318.932
343.318
366.295
386.558
402.899
414.349
420.08
419.522
412.566
399.606
381.433
359.047
333.586
306.218
278.031
249.985
222.854
197.246
173.557
152.024
132.752
115.733
100.879
88.0408
77.0392
67.6782
59.7607
53.0976
47.5139
42.852
38.9733
35.7576
33.1023
30.9212
29.1421
27.7058
26.5639
25.6775
25.0158
24.5553
24.2787
24.1743
24.2355
24.4623
24.8605
25.4395
26.2142
27.2058
28.4428
29.9619
31.8093
34.042
36.7285
39.9495
43.7962
48.368
53.7675
60.0942
67.4418
75.9062
85.6119
96.7858
109.874
125.472
145.454
170.943
193.73
223.191
336.826
614.804
906.175
462.936
290.824
239.816
230.459
233.864
249.356
273.757
303.729
336.878
371.576
406.109
438.529
466.726
488.688
502.781
507.747
502.92
488.418
465.394
435.472
400.581
362.673
323.604
284.961
248.004
213.654
182.478
154.776
130.614
109.878
92.3296
77.6558
65.5096
55.5406
47.4154
40.83
35.5164
31.2439
27.8185
25.0789
22.8937
21.1563
19.7813
18.701
17.8618
17.2221
16.7494
16.4191
16.213
16.1181
16.1258
16.2314
16.4354
16.741
17.1554
17.6907
18.3642
19.1997
20.229
21.4933
23.0458
24.9538
27.3021
30.1946
33.7562
38.1313
43.4776
49.9557
57.7156
66.8897
77.6072
90.1113
104.767
122.608
146.404
173.102
199.296
265.01
491.2
806.823
440.038
279.433
237.539
232.077
242.805
267.235
301.231
341.469
385.877
432.517
478.885
521.943
558.422
585.212
599.769
600.389
586.423
559.319
521.489
475.909
425.778
373.959
322.932
274.644
230.398
190.995
156.778
127.717
103.512
83.6925
67.7023
54.9638
44.9231
37.0777
30.9904
26.2928
22.6822
19.9154
17.7998
16.1852
14.9558
14.0231
13.3199
12.7955
12.4119
12.141
11.9619
11.8595
11.823
11.8451
11.9215
12.05
12.2311
12.4659
12.7594
13.1194
13.5574
14.0899
14.7393
15.5359
16.5207
17.7486
19.2925
21.2481
23.7397
26.9244
30.9951
36.1758
42.7082
50.8288
60.736
72.6188
86.7171
103.441
125.071
152.747
181.053
226.764
402.793
720.611
421.634
271.271
237.138
235.788
254.195
287.735
331.726
383.241
440.252
500.103
559.094
612.747
656.258
685.058
695.509
685.576
655.926
610.459
553.814
490.411
424.661
360.171
299.642
244.946
197.14
156.572
123.039
95.9655
74.5581
57.9394
45.2428
35.674
28.5442
23.2804
19.422
16.6084
14.564
13.0818
12.0088
11.2333
10.6746
10.2747
9.99262
9.79917
9.67391
9.60256
9.57526
9.58533
9.62839
9.70184
9.80432
9.93588
10.0965
10.2868
10.5095
10.769
11.0715
11.426
11.8451
12.3471
12.9576
13.7133
14.6662
15.8898
17.4866
19.5975
22.4118
26.1756
31.1921
37.808
46.3739
57.1967
70.5591
86.6373
106.69
133.514
164.224
203.525
341.685
646.737
406.573
265.836
237.914
241.074
267.292
309.962
364.294
427.728
497.837
570.834
641.515
703.681
750.636
775.904
774.428
744.518
692.964
625.474
549.088
469.485
391.515
318.924
254.215
198.693
152.657
115.651
86.7292
64.6942
48.2847
36.309
27.721
21.6535
17.4184
14.49
12.478
11.1007
10.1585
9.51307
9.06982
8.76496
8.556
8.41493
8.32342
8.26959
8.24585
8.24739
8.27124
8.3157
8.37993
8.46369
8.56718
8.69131
8.83614
9.00231
9.19146
9.40581
9.64838
9.92328
10.2363
10.596
11.0152
11.5134
12.1205
12.8826
13.8698
15.1873
16.9905
19.5022
23.0303
27.9771
34.8253
44.0764
56.2076
71.5075
90.5185
115.943
147.89
185.717
299.174
583.444
394.087
262.378
239.018
247.111
281.499
333.121
397.719
472.764
554.953
639.049
718.146
784.164
828.507
843.546
812.08
756.122
680.314
592.741
500.869
411.036
328.054
255.059
193.579
143.804
104.945
75.6102
54.1397
38.8616
28.2617
21.0697
16.2819
13.1428
11.107
9.79386
8.9459
8.39359
8.02797
7.78055
7.60916
7.48833
7.40295
7.34422
7.30708
7.28867
7.28743
7.30255
7.33364
7.38066
7.44377
7.52334
7.61991
7.73438
7.86724
8.01947
8.19242
8.38767
8.60708
8.85288
9.12784
9.43563
9.78155
10.1738
10.6258
11.1601
11.8148
12.6541
13.7832
15.3712
17.6791
21.0924
26.1452
33.4979
43.8789
57.9082
75.9604
100.013
132.14
169.757
267.104
530.04
383.567
260.097
239.95
253.632
296.163
356.127
430.126
515.039
606.038
695.836
775.247
834.175
862.732
843.102
787.625
707.164
612.072
511.548
413.319
323.228
245.027
180.43
129.447
90.8894
62.8733
43.2633
30.0019
21.3094
15.766
12.3106
10.192
8.90284
8.11407
7.62048
7.29853
7.07644
6.91394
6.78926
6.69105
6.6136
6.55411
6.51117
6.48403
6.4722
6.47531
6.49307
6.52528
6.57181
6.63272
6.7082
6.79865
6.90471
7.02734
7.16769
7.32719
7.50752
7.71065
7.93879
8.19442
8.48025
8.79936
9.15551
9.55394
10.0033
10.5192
11.1316
11.8973
12.9204
14.3855
16.6026
20.0646
25.4856
33.7891
45.9885
62.7549
85.4797
117.103
155.105
241.429
484.771
374.347
258.335
241.063
261.195
310.773
377.976
459.226
549.917
642.85
728.227
795.208
841.636
827.802
776.899
697.494
600.617
496.8
395.113
302.471
223.205
159.143
110.028
74.2077
49.3015
32.7448
22.1848
15.6948
11.8295
9.57941
8.28126
7.52235
7.05868
6.75304
6.53223
6.35938
6.2171
6.09776
5.99821
5.91713
5.85376
5.80738
5.77722
5.76241
5.76207
5.77539
5.80167
5.84033
5.891
5.95349
6.02783
6.11429
6.21338
6.32611
6.45364
6.59741
6.75925
6.94137
7.14644
7.37752
7.63805
7.93175
8.26248
8.63421
9.05125
9.5194
10.0491
10.6627
11.4096
12.3938
13.8214
16.0743
19.8015
25.9881
35.9544
50.9116
72.1352
102.801
141.263
219.879
445.816
365.846
257.007
243.19
269.221
324.595
396.905
481.218
570.652
655.802
724.276
764.502
764.633
723.95
651.268
558.184
456.521
356.664
266.503
190.776
131.21
87.1493
56.3839
36.1095
23.4452
15.9006
11.581
9.17631
7.84789
7.09464
6.63569
6.32361
6.08635
5.89156
5.72612
5.58526
5.46728
5.37117
5.29583
5.23986
5.20165
5.17953
5.17192
5.17736
5.1946
5.22261
5.26057
5.30791
5.36424
5.42941
5.50345
5.58658
5.67933
5.78248
5.89703
6.0243
6.16596
6.32414
6.50152
6.70137
6.92764
7.18497
7.47857
7.81407
8.19711
8.63301
9.12703
9.68645
10.3277
11.0939
12.0924
13.5652
16.0075
20.3125
27.9182
40.5723
59.8996
89.1957
127.911
201.051
411.64
357.909
256.244
245.782
277.036
336.224
409.657
490.625
569.782
635.094
674.632
678.148
643.785
577.833
490.913
395.18
301.725
218.768
151.033
99.6334
63.3687
39.4683
24.6783
16.1698
11.465
8.92958
7.56205
6.79021
6.30952
5.96967
5.70251
5.48005
5.29192
5.13434
5.00528
4.90275
4.82437
4.76753
4.72956
4.70796
4.70046
4.70515
4.72039
4.7449
4.77764
4.81785
4.86497
4.91865
4.97867
5.04502
5.11781
5.19729
5.28394
5.37836
5.48135
5.59399
5.71763
5.85403
6.00541
6.17463
6.36532
6.58205
6.8305
7.11749
7.45082
7.83884
8.28956
8.80986
9.40625
10.0912
10.9039
11.9621
13.573
16.4187
21.8306
31.8854
48.8141
76.246
114.826
183.916
380.493
350.222
255.955
248.459
283.714
343.33
412.402
481.515
539.342
574.489
577.794
546.911
486.597
406.829
319.668
236.479
164.861
108.755
68.5496
41.7374
25.4844
16.3257
11.4103
8.84841
7.42013
6.58562
6.0472
5.65825
5.35288
5.10356
4.89883
4.73296
4.60171
4.50102
4.42682
4.37518
4.34252
4.32569
4.32201
4.32932
4.34584
4.37019
4.4013
4.43836
4.48078
4.52815
4.58019
4.63677
4.69787
4.76355
4.834
4.90947
4.99038
5.07721
5.17061
5.27142
5.3807
5.49978
5.63036
5.77461
5.93537
6.11636
6.32247
6.56009
6.83742
7.16452
7.55299
8.0148
8.56049
9.19802
9.93804
10.819
11.9847
13.8581
17.4774
24.9217
38.9921
63.9434
101.826
168.151
351.578
343.298
256.167
250.598
287.365
342.541
399.492
446.993
474.747
474.873
444.511
387.802
315.137
238.503
168.384
111.685
69.66
41.92
25.3711
16.1506
11.3898
8.80549
7.30079
6.38426
5.7792
5.34368
5.00992
4.74643
4.53761
4.37418
4.24917
4.15656
4.09097
4.04761
4.0224
4.01188
4.01326
4.02429
4.04321
4.06866
4.09962
4.13531
4.17518
4.21883
4.266
4.31653
4.37033
4.42742
4.48785
4.55175
4.61932
4.6908
4.76652
4.84688
4.9324
5.02377
5.1218
5.22753
5.34225
5.46757
5.60559
5.75904
5.93156
6.12813
6.35554
6.62301
6.9427
7.32974
7.80103
8.37248
9.05566
9.86107
10.8325
12.1662
14.5166
19.6314
30.5604
52.2957
88.6641
153.518
335.833
336.078
256.642
251.671
285.875
329.023
364.727
383.521
377.628
344.158
288.908
223.252
159.696
105.557
65.4418
39.2811
23.823
15.6309
11.2108
8.64344
7.09366
6.12363
5.47819
5.01944
4.67662
4.41371
4.21124
4.05712
3.9426
3.86055
3.80492
3.77056
3.75316
3.74918
3.75577
3.77072
3.79231
3.81926
3.85061
3.88569
3.924
3.96522
4.00912
4.05556
4.10449
4.15587
4.20972
4.26611
4.32512
4.38689
4.45159
4.51945
4.59068
4.66561
4.74466
4.82838
4.91742
5.0126
5.11493
5.22567
5.34642
5.47919
5.62662
5.79227
5.98103
6.19989
6.45878
6.77174
7.15749
7.6387
8.23832
8.9732
9.85563
10.9439
12.541
15.839
23.6471
41.4496
75.0579
137.035
308.226
330.93
257.52
252.344
272.842
294.898
304.016
288.289
247.803
194.019
138.312
90.4969
55.8089
33.5355
21.1983
14.525
10.6742
8.25326
6.75163
5.79294
5.15009
4.69528
4.35978
4.10688
3.91596
3.774
3.67157
3.60106
3.55607
3.53119
3.52192
3.52463
3.53647
3.55526
3.57941
3.60776
3.63949
3.67407
3.71113
3.75044
3.79185
3.8353
3.88073
3.92812
3.97748
4.02883
4.0822
4.13764
4.19523
4.25507
4.31729
4.38206
4.44953
4.51997
4.5937
4.67116
4.75287
4.83947
4.93178
5.0308
5.1378
5.25436
5.3825
5.52482
5.6848
5.86728
6.07925
6.33118
6.63871
7.02426
7.51708
8.14876
8.94283
9.91607
11.1491
13.2487
18.3141
31.7059
61.0756
118.555
270.932
332.123
262.05
256.518
256.814
242.22
206.015
156.02
107.099
68.4416
41.7132
26.0829
17.6638
12.7895
9.69698
7.64099
6.30258
5.41827
4.81149
4.3774
4.05734
3.81864
3.64197
3.5144
3.42608
3.36889
3.33593
3.32142
3.32069
3.33007
3.34679
3.36888
3.39495
3.42409
3.45572
3.48952
3.52527
3.56289
3.60231
3.64352
3.68649
3.73121
3.77766
3.82583
3.87569
3.92723
3.98045
4.03537
4.09201
4.15042
4.2107
4.27295
4.33729
4.40394
4.47316
4.54528
4.62072
4.7
4.78378
4.87287
4.9683
5.07135
5.18363
5.3072
5.44468
5.59953
5.77654
5.98271
6.2288
6.53186
6.91803
7.42402
8.09135
8.95332
10.0204
11.4801
14.4861
23.3966
47.0926
98.569
238.244
333.014
284.76
220.089
157.282
105.763
67.5752
41.0971
26.5121
18.6601
13.8965
10.7208
8.46932
6.87773
5.77579
5.00565
4.45453
4.05132
3.75343
3.53481
3.378
3.26994
3.19998
3.15916
3.14005
3.13663
3.14428
3.15956
3.1801
3.20432
3.23125
3.26034
3.29132
3.32408
3.35861
3.3949
3.43298
3.47286
3.5145
3.55788
3.60295
3.64963
3.69786
3.74757
3.79868
3.85113
3.90488
3.95989
4.01615
4.07366
4.13248
4.19267
4.25433
4.31761
4.38273
4.44995
4.51963
4.59218
4.66816
4.74823
4.83322
4.9242
5.02249
5.12975
5.24809
5.38022
5.52963
5.70109
5.90152
6.14183
6.44008
6.82608
7.34408
8.04891
8.97462
10.1447
11.9186
16.8822
33.1064
76.4571
202.519
71.3551
48.7271
34.6787
26.136
20.3686
16.2223
13.145
10.7476
8.81441
7.27252
6.10045
5.21831
4.55719
4.0641
3.69957
3.43469
3.24759
3.12084
3.04011
2.99363
2.97182
2.9672
2.97415
2.98866
3.00805
3.03066
3.05554
3.08226
3.11068
3.14081
3.17273
3.20654
3.2423
3.28004
3.31973
3.36134
3.40478
3.44996
3.49674
3.54501
3.59465
3.64553
3.69753
3.75054
3.80448
3.85925
3.91479
3.97106
4.02804
4.08574
4.14418
4.20344
4.26363
4.3249
4.38747
4.45163
4.51772
4.5862
4.65763
4.7327
4.81229
4.89748
4.98964
5.0905
5.20227
5.32772
5.47042
5.63512
5.82858
6.06148
6.35236
6.73344
7.25739
7.98711
8.96108
10.1677
12.549
20.8602
46.7431
155.874
18.8592
16.6461
14.4923
12.4272
10.5525
8.91752
7.51595
6.33992
5.38261
4.62629
4.04247
3.6108
3.30526
3.09827
2.96291
2.87973
2.83369
2.81326
2.80988
2.81743
2.83174
2.85015
2.87115
2.89399
2.9184
2.94442
2.9722
3.00193
3.03378
3.06784
3.10416
3.14272
3.18345
3.22624
3.27097
3.31748
3.36562
3.41522
3.46612
3.51816
3.57119
3.62507
3.67965
3.73481
3.79045
3.84645
3.90274
3.95924
4.01591
4.07273
4.12969
4.18682
4.24419
4.30191
4.36013
4.41907
4.47903
4.54036
4.60354
4.66912
4.73784
4.81059
4.88849
4.97295
5.06576
5.16919
5.2861
5.42013
5.57594
5.75993
5.9821
6.26002
6.62697
7.13804
7.86526
8.79287
9.9456
12.9333
21.6446
67.9313
10.49
9.60299
8.39497
7.14273
6.00461
5.05163
4.30088
3.73822
3.33512
3.05879
2.88062
2.77343
2.7115
2.67795
2.66425
2.66421
2.67282
2.68671
2.70378
2.72288
2.74357
2.76578
2.7897
2.81556
2.84363
2.87408
2.90704
2.94254
2.98056
3.02101
3.06376
3.10867
3.15557
3.20427
3.2546
3.30638
3.35942
3.41357
3.46864
3.52447
3.58091
3.63781
3.69501
3.75239
3.80981
3.86715
3.92432
3.98121
4.03776
4.0939
4.14962
4.20489
4.25975
4.31426
4.36851
4.42267
4.47696
4.53166
4.58714
4.64385
4.70239
4.76347
4.82799
4.89709
4.97219
5.05509
5.14809
5.25409
5.37668
5.52033
5.69082
5.89654
6.15269
6.48808
6.95731
7.61417
8.35548
9.31517
11.2292
19.742
3.29452
3.2397
3.1225
2.98681
2.85955
2.75329
2.67064
2.60927
2.56637
2.53863
2.5235
2.51951
2.52386
2.53381
2.54735
2.56321
2.58078
2.59989
2.62061
2.6432
2.66795
2.69512
2.72491
2.75742
2.79269
2.83068
2.87131
2.91444
2.95991
3.00756
3.0572
3.10866
3.16176
3.21631
3.27214
3.32908
3.38696
3.44561
3.50485
3.56453
3.62448
3.68453
3.74452
3.8043
3.8637
3.9226
3.98085
4.03834
4.09497
4.15065
4.20531
4.25894
4.31153
4.3631
4.41368
4.4634
4.51241
4.56094
4.60926
4.65774
4.70683
4.75709
4.80923
4.86414
4.9229
4.98689
5.05785
5.138
5.23013
5.33765
5.46461
5.61572
5.79711
6.01891
6.3013
6.69216
7.18982
7.68378
8.12038
8.64196
2.27793
2.30787
2.32533
2.33503
2.3407
2.34497
2.34972
2.35702
2.36693
2.37904
2.39297
2.40829
2.42476
2.44234
2.46122
2.48166
2.50403
2.52864
2.55577
2.58562
2.61831
2.65387
2.69227
2.73344
2.77725
2.82355
2.87218
2.92298
2.97578
3.03041
3.08671
3.14452
3.20368
3.26403
3.3254
3.38762
3.45053
3.51395
3.57769
3.64158
3.70542
3.76903
3.8322
3.89476
3.95653
4.01732
4.07697
4.13534
4.19229
4.24769
4.30146
4.35356
4.40397
4.45268
4.49968
4.54505
4.58892
4.63146
4.6729
4.71353
4.75371
4.79389
4.83461
4.87654
4.9205
4.96751
5.01882
5.07601
5.14108
5.21652
5.30535
5.41092
5.53662
5.68597
5.86215
6.07873
6.35929
6.68106
6.93014
7.11667
2.0823
2.11683
2.14642
2.17187
2.19425
2.21451
2.23345
2.25166
2.26963
2.28782
2.30666
2.32657
2.34798
2.37129
2.39685
2.42492
2.45571
2.48934
2.52583
2.56519
2.60734
2.65218
2.69959
2.74944
2.80157
2.85586
2.91216
2.97034
3.03027
3.09181
3.15482
3.21918
3.28472
3.35129
3.41872
3.48682
3.55541
3.62429
3.69323
3.76201
3.83042
3.89822
3.96519
4.03109
4.09571
4.15884
4.22027
4.27983
4.33736
4.39269
4.44572
4.49637
4.54461
4.59041
4.63374
4.67466
4.71327
4.74972
4.78419
4.81696
4.84833
4.87868
4.90846
4.93821
4.96856
5.00027
5.03424
5.07154
5.11351
5.16176
5.21838
5.28572
5.36629
5.46229
5.57443
5.70199
5.85013
6.02702
6.20563
6.35934
1.97965
2.01281
2.04313
2.07091
2.09668
2.12109
2.14479
2.16841
2.19252
2.21765
2.24427
2.27275
2.30342
2.33649
2.37213
2.41041
2.45138
2.49501
2.54124
2.59001
2.64123
2.6948
2.75063
2.80862
2.86869
2.93073
2.99467
3.06041
3.12783
3.19683
3.26727
3.339
3.41185
3.48564
3.56015
3.63517
3.71045
3.78575
3.8608
3.93533
4.00909
4.08179
4.15318
4.22298
4.29096
4.35686
4.42046
4.48154
4.53991
4.5954
4.64789
4.69725
4.74341
4.78632
4.82596
4.86233
4.89552
4.92566
4.95292
4.97756
4.99987
5.02021
5.03899
5.0567
5.07389
5.09119
5.10929
5.12901
5.15113
5.1774
5.20769
5.24446
5.28888
5.34301
5.40802
5.48319
5.56631
5.65806
5.75784
5.8583
1.92491
1.95549
1.98528
2.01456
2.04364
2.07289
2.10271
2.13352
2.16568
2.19952
2.23532
2.27327
2.31353
2.3562
2.40132
2.44892
2.49896
2.55144
2.6063
2.66352
2.72305
2.78486
2.8489
2.91513
2.98352
3.05399
3.12647
3.20085
3.27702
3.35481
3.43405
3.51454
3.59603
3.67829
3.76105
3.84401
3.92688
4.00937
4.09118
4.172
4.25155
4.32952
4.40563
4.47962
4.55122
4.62016
4.68621
4.74913
4.8087
4.86475
4.91709
4.96557
5.01008
5.05052
5.08683
5.11899
5.14703
5.17107
5.19124
5.20778
5.22096
5.23115
5.23876
5.24428
5.24826
5.2513
5.25406
5.25724
5.26158
5.26784
5.27701
5.28921
5.31217
5.33264
5.36133
5.39757
5.44031
5.48719
5.54085
5.59411
1.94342
1.96933
1.99772
2.02775
2.05935
2.09259
2.1276
2.16452
2.2035
2.24467
2.28814
2.33398
2.38225
2.43298
2.48618
2.54188
2.60009
2.6608
2.72405
2.78984
2.85817
2.92906
3.00248
3.07839
3.15671
3.23735
3.32015
3.40494
3.4915
3.57958
3.66892
3.75922
3.85016
3.94143
4.0327
4.12365
4.21396
4.30333
4.39147
4.47808
4.5629
4.64566
4.7261
4.80398
4.87904
4.95104
5.01974
5.08488
5.14623
5.20354
5.25658
5.30516
5.3491
5.38825
5.4225
5.45176
5.47599
5.49524
5.50959
5.5192
5.52432
5.52527
5.52246
5.51637
5.50757
5.4967
5.48446
5.4716
5.45889
5.44707
5.43707
5.42922
5.42362
5.42377
5.42771
5.43938
5.46006
5.47963
5.50139
5.52939
2.02861
2.05352
2.08139
2.11212
2.14563
2.18185
2.22075
2.26237
2.3067
2.35377
2.40359
2.45621
2.51163
2.56989
2.63104
2.69511
2.76216
2.83223
2.90535
2.98153
3.06075
3.14295
3.22801
3.31578
3.40604
3.49855
3.59301
3.68912
3.78652
3.88488
3.98382
4.08299
4.18205
4.28068
4.37858
4.47548
4.57112
4.66529
4.75778
4.84838
4.93691
5.02317
5.10696
5.18808
5.26632
5.34143
5.41318
5.4813
5.54539
5.60514
5.66028
5.71056
5.75576
5.79565
5.83007
5.85886
5.8819
5.89913
5.91055
5.91622
5.91628
5.91097
5.9006
5.88561
5.86652
5.84396
5.81867
5.79146
5.76321
5.73481
5.7072
5.68136
5.65745
5.63701
5.621
5.60824
5.60021
5.59949
5.60516
5.61645
2.17931
2.20372
2.23199
2.26403
2.29976
2.33909
2.38195
2.42831
2.47815
2.53146
2.58828
2.64862
2.71254
2.78009
2.85132
2.92626
3.00492
3.08725
3.17316
3.26251
3.35506
3.45054
3.5486
3.64888
3.75098
3.8545
3.95902
4.06416
4.16951
4.27472
4.37948
4.48354
4.58667
4.68872
4.78957
4.88912
4.98729
5.084
5.17914
5.27261
5.36427
5.45393
5.54141
5.62647
5.70886
5.78828
5.86449
5.93696
6.00512
6.06859
6.12707
6.18031
6.22806
6.27012
6.30631
6.33646
6.36045
6.37818
6.3896
6.39471
6.39354
6.38621
6.3729
6.35391
6.32961
6.30051
6.26725
6.23059
6.19139
6.15064
6.10939
6.06877
6.02981
5.99351
5.96107
5.9331
5.91016
5.89352
5.88407
5.88228
2.40798
2.43305
2.46296
2.49762
2.53701
2.58102
2.62961
2.68273
2.7404
2.80264
2.86948
2.94093
3.01699
3.09758
3.1826
3.27184
3.36505
3.46187
3.56192
3.66472
3.76978
3.87661
3.9847
4.09363
4.20298
4.31242
4.42164
4.53036
4.63844
4.74583
4.85259
4.9588
5.0646
5.17009
5.27534
5.38039
5.48517
5.58955
5.69331
5.79614
5.89769
5.99751
6.09515
6.19011
6.28188
6.36993
6.45399
6.5328
6.60581
6.67264
6.73303
6.7868
6.83384
6.8741
6.9076
6.9344
6.95458
6.96829
6.97567
6.97688
6.97208
6.96144
6.94517
6.92346
6.89657
6.86483
6.82863
6.78851
6.7451
6.6992
6.65173
6.60375
6.55646
6.51106
6.46883
6.43107
6.39895
6.37359
6.35606
6.34761
2.76444
2.79116
2.82415
2.86329
2.90858
2.96001
3.01756
3.08121
3.15088
3.22641
3.3076
3.39417
3.48573
3.58182
3.68189
3.78534
3.89155
3.99992
4.10987
4.22091
4.33282
4.44541
4.55853
4.67205
4.78597
4.90022
5.01509
5.13115
5.24905
5.36937
5.49257
5.61895
5.74859
5.88137
6.01695
6.1548
6.29419
6.43425
6.57397
6.71226
6.84795
6.97986
7.10683
7.22774
7.34156
7.44731
7.54442
7.63102
7.70683
7.77157
7.82511
7.86749
7.89889
7.91969
7.9304
7.93164
7.92418
7.90882
7.88646
7.85796
7.8242
7.786
7.74411
7.69918
7.65179
7.60242
7.55149
7.49938
7.44648
7.39322
7.34011
7.28778
7.237
7.18868
7.14389
7.10379
7.06965
7.04276
7.02433
7.01586
3.34826
3.37833
3.41708
3.46453
3.52044
3.58439
3.65591
3.73446
3.8195
3.91051
4.00703
4.1084
4.21392
4.32294
4.43486
4.54924
4.66578
4.78434
4.90487
5.02788
5.1553
5.28791
5.42624
5.57071
5.72185
5.87919
6.04679
6.22595
6.41689
6.61925
6.83221
7.05454
7.28471
7.5209
7.76108
8.00305
8.24449
8.48302
8.71622
8.94172
9.15721
9.36048
9.54946
9.72226
9.87716
10.013
10.1275
10.2208
10.2925
10.3423
10.3702
10.3764
10.3615
10.3263
10.2721
10.2002
10.1125
10.0107
9.89719
9.77406
9.64369
9.50841
9.37052
9.23216
9.0953
8.9617
8.83284
8.70992
8.59389
8.48544
8.38509
8.29319
8.21005
8.1359
8.07109
8.01603
7.97126
7.93749
7.91542
7.90622
4.41036
4.44763
4.49437
4.54995
4.61417
4.68693
4.76814
4.85771
4.95559
5.06175
5.17612
5.29895
5.43075
5.57221
5.7241
5.88728
6.06264
6.25099
6.45316
6.66955
6.90018
7.15511
7.43724
7.74747
8.08587
8.45181
8.84427
9.25721
9.68653
10.1285
10.5793
11.0353
11.4925
11.9471
12.3956
12.8343
13.2596
13.6682
14.0569
14.4227
14.7627
15.0742
15.3547
15.6021
15.8143
15.9895
16.1265
16.2258
16.2872
16.3101
16.2943
16.24
16.1478
16.0187
15.854
15.6557
15.426
15.1678
14.8841
14.5786
14.2552
13.918
13.5715
13.2201
12.8682
12.5203
12.1805
11.8525
11.5398
11.2454
10.9716
10.7203
10.494
10.2943
10.1214
9.97508
9.85512
9.76138
9.69374
9.65296
6.34258
6.39302
6.46116
6.54725
6.65133
6.7734
6.91345
7.07144
7.24754
7.44122
7.65487
7.9061
8.20093
8.54252
8.93297
9.37363
9.86512
10.4074
10.9999
11.6412
12.3295
13.0602
13.8163
14.5898
15.3752
16.1673
16.9614
17.7529
18.5379
19.3122
20.0724
20.8149
21.5366
22.2345
22.9057
23.5477
24.1578
24.7337
25.2729
25.7733
26.2325
26.6484
27.019
27.3422
27.6162
27.8389
28.0111
28.1323
28.2013
28.217
28.1787
28.0857
27.9378
27.7352
27.4786
27.1689
26.8078
26.3975
25.9406
25.4406
24.9016
24.3282
23.7258
23.1002
22.4578
21.8053
21.1499
20.4988
19.8591
19.2379
18.6423
18.0775
17.5483
17.0607
16.6201
16.2314
15.8984
15.6243
15.4116
15.2639
12.3942
12.526
12.7551
13.0821
13.5042
14.0176
14.6188
15.304
16.07
16.9132
17.8311
18.8181
19.8447
20.8976
21.9677
23.0478
24.1316
25.2138
26.2896
27.3549
28.4065
29.4415
30.4577
31.4534
32.4274
33.3787
34.3066
35.2105
36.0901
36.945
37.7748
38.5792
39.3578
40.11
40.8351
41.5322
42.2005
42.8384
43.4447
44.0174
44.5545
45.0536
45.512
45.9266
46.2939
46.6126
46.8837
47.1056
47.2759
47.3928
47.4543
47.4585
47.4039
47.2891
47.113
46.8748
46.5741
46.2112
45.7867
45.3021
44.7595
44.1618
43.5128
42.8171
42.0805
41.3094
40.5115
39.6949
38.8689
38.0434
37.2288
36.4358
35.6754
34.9586
34.2964
33.6995
33.1781
32.7421
32.3999
32.1619
45.0696
45.3058
45.5432
45.7827
46.0255
46.2727
46.5252
46.7843
47.0508
47.3261
47.611
47.9068
48.2144
48.5349
48.8694
49.2187
49.5839
49.9658
50.3654
50.7834
51.2206
51.6777
52.1553
52.6538
53.1737
53.7153
54.2789
54.8644
55.472
56.1013
56.7521
57.424
58.1163
58.8284
59.5591
60.3076
61.0726
61.8526
62.6462
63.4516
64.2671
65.0906
65.92
66.7531
67.5882
68.4167
69.2125
69.9695
70.6829
71.3478
71.9599
72.5147
73.0083
73.4369
73.797
74.0858
74.3007
74.44
74.5027
74.4888
74.4
74.2378
74.0046
73.7039
73.3403
72.9195
72.4485
71.9354
71.3896
70.8217
70.2435
69.6677
69.1081
68.5789
68.0951
67.6718
67.324
67.0661
66.9121
66.8751
83.8243
83.9246
82.3769
31.8901
38.5976
40.4125
9.70084
10.8794
11.178
7.28015
7.41348
7.49967
6.45394
6.51774
6.56555
5.9402
6.00087
6.04686
5.64002
5.67996
5.71517
5.55691
5.58267
5.60834
5.63212
5.65053
5.67205
5.88708
5.89783
5.91482
6.34811
6.35681
6.37373
7.01734
7.02802
7.04819
7.90928
7.92329
7.94896
9.6382
9.64586
9.67531
15.1833
15.1628
15.1922
32.0347
32.007
32.0738
66.9445
67.1138
67.3469
725.92
606.711
558.083
540.477
527.725
513.628
496.345
470.505
436.734
397.423
358.077
319.834
284.705
253.767
226.787
203.158
182.619
164.802
149.244
135.279
122.254
109.721
97.3706
84.57
69.8457
702.339
607.688
587.747
599.94
609.138
598.028
545.647
464.951
380.876
302.68
238.698
188.436
152.874
128.569
111.904
99.1502
89.1083
80.6542
72.9768
65.4537
57.7233
49.6418
41.0159
31.6155
20.7738
695.145
622.464
642.353
693.801
722.847
637.727
497.738
355.954
244.708
166.352
121.938
98.7722
87.2279
79.6662
73.3707
67.2662
61.2046
54.9116
48.2336
41.1809
33.9195
26.7418
19.6821
13.7956
10.1202
700.964
642.7
685.418
748.803
700.906
529.547
340.682
204.287
130.075
97.2446
85.8028
79.0129
72.8828
66.7874
60.401
53.6061
46.4103
38.9725
31.5896
24.6614
18.584
13.5441
10.145
8.61244
7.98025
714.994
660.347
700.497
722.344
562.822
339.609
186.954
116.846
92.8367
83.892
76.9402
70.0967
63.1025
55.8631
48.318
40.5603
32.8827
25.7124
19.4908
14.5685
11.0315
8.94766
8.10691
7.76564
7.58373
733.18
680.689
703.493
604.611
359.284
186.221
116.521
95.288
85.3795
76.9954
69.0238
61.4107
53.8131
45.9574
37.9262
30.1257
23.092
17.2897
12.9767
10.1509
8.57366
7.91833
7.67896
7.55531
7.43296
755.538
722.247
670.59
408.427
201.773
124.75
102.53
89.6421
78.7097
69.5907
61.7212
54.0543
46.001
37.663
29.5862
22.4183
16.6532
12.502
9.87852
8.47062
7.86111
7.64976
7.54425
7.42716
7.28751
784.364
769.332
497.013
232.933
140.462
113.666
96.0523
82.0062
71.742
63.7052
56.0372
47.8377
39.1929
30.7328
23.195
17.1319
12.7737
10.0221
8.53921
7.88393
7.64561
7.53639
7.42054
7.28062
7.16331
818.073
658.411
292.649
166.918
130.921
106.433
88.0201
75.7483
67.0563
59.2849
51.0587
42.2255
33.3581
25.2592
18.5956
13.6998
10.5336
8.77394
7.96213
7.65521
7.53009
7.41893
7.28271
7.15425
7.08597
811.594
401.526
210.427
156.65
122.888
98.1828
82.1021
71.6555
63.459
55.3306
46.5185
37.3292
28.5754
21.0791
15.3535
11.4951
9.24383
8.13948
7.69589
7.53104
7.42271
7.29407
7.15827
7.06021
7.04263
781.195
297.237
193.981
148.259
115.128
92.4092
78.1206
68.5364
60.3539
51.7673
42.477
33.137
24.6955
17.9016
13.0696
10.0737
8.49202
7.80209
7.54772
7.42908
7.31076
7.17432
7.05439
6.99281
7.02179
697.628
256.74
185.102
142.355
109.727
88.2534
75.1055
65.9895
57.6066
48.5216
38.8596
29.5361
21.5357
15.4704
11.4434
9.14161
8.0389
7.60423
7.44019
7.32829
7.19874
7.06619
6.97017
6.94503
7.00749
600.166
236.938
181.338
138.386
105.706
85.0852
72.7215
63.7914
55.0625
45.4871
35.5662
26.3948
18.9193
13.5756
10.2615
8.51414
7.75174
7.47056
7.34409
7.22552
7.09092
6.97097
6.90206
6.91082
7.00864
512.7
226.208
180.808
135.91
102.608
82.4946
70.674
61.7438
52.5777
42.5403
32.4728
23.577
16.6965
12.0631
9.38191
8.07898
7.5572
7.36469
7.24874
7.12171
6.98942
6.88771
6.84655
6.88538
7.01518
448.363
220.759
182.243
134.198
99.8342
80.1219
68.7394
59.6646
49.9855
39.5328
29.4495
20.9649
14.7555
10.8278
8.71378
7.76816
7.41415
7.2687
7.15047
7.01821
6.89491
6.81498
6.80115
6.86707
7.02812
401.749
217.876
184.546
132.236
96.7709
77.6649
66.7048
57.3411
47.0852
36.3034
26.3799
18.473
13.025
9.8047
8.20081
7.53999
7.29843
7.17315
7.04815
6.91613
6.80755
6.75171
6.76459
6.85799
7.04649
367.627
216.461
185.804
128.66
92.8024
74.8837
64.3475
54.5143
43.6503
32.7035
23.1871
16.0631
11.4758
8.96091
7.80893
7.36736
7.19448
7.07268
6.94187
6.81666
6.72769
6.69759
6.73686
6.85686
7.0722
340.742
212.261
183.06
121.776
87.5197
71.6403
61.3931
50.8645
39.4559
28.64
19.8666
13.7582
10.1182
8.2851
7.51553
7.22992
7.09108
6.96435
6.83271
6.72132
6.65614
6.65319
6.71835
6.86575
7.10722
331.221
258.432
172.908
109.838
81.0406
67.8189
57.4137
46.0119
34.3397
24.1349
16.5171
11.6447
8.99006
7.77379
7.30001
7.1096
6.97989
6.84759
6.72308
6.6324
6.59444
6.62029
6.71155
6.88692
7.15395
331.976
259.541
147.724
94.6189
74.3174
63.0548
51.7765
39.6342
28.334
19.3992
13.3533
9.85187
8.13068
7.41353
7.13596
6.9887
6.85567
6.72446
6.6168
6.5529
6.54488
6.59675
6.71965
6.92354
7.2151
333.454
188.42
109.223
80.6001
67.7354
56.3098
43.823
31.7492
21.8368
14.8745
10.6738
8.50499
7.54897
7.16974
6.99193
6.85377
6.71883
6.60063
6.51924
6.48662
6.5106
6.59235
6.74581
6.9787
7.29334
154.321
104.704
82.9353
70.8774
59.1021
46.1189
33.5191
23.0942
15.6898
11.1491
8.74625
7.64783
7.19479
6.98653
6.83916
6.7007
6.57661
6.48456
6.43644
6.43779
6.49269
6.60884
6.79471
7.05645
7.39085
82.0923
78.882
70.6215
58.6655
45.2249
32.5461
22.3274
15.2344
10.9501
8.68891
7.63796
7.18434
6.96338
6.80711
6.66492
6.53843
6.44201
6.38592
6.37464
6.41124
6.50116
6.65209
6.87121
7.15996
7.50844
75.9265
65.9002
52.5059
39.0946
27.6071
18.8886
13.202
9.96693
8.29532
7.50034
7.12469
6.91287
6.75136
6.60728
6.48229
6.3875
6.33049
6.31411
6.34037
6.41355
6.54036
6.72773
6.97904
7.28965
7.64348
37.1984
30.7055
23.5546
17.4074
12.9456
10.1626
8.6302
7.78699
7.30328
7.01767
6.82047
6.66003
6.52072
6.40481
6.31837
6.26752
6.25306
6.27619
6.34072
6.45269
6.61837
6.84156
7.12032
7.44383
7.79185
10.8915
10.2503
9.50034
8.7815
8.16638
7.67414
7.29317
7.02045
6.81905
6.65732
6.51873
6.40022
6.30316
6.23388
6.19569
6.18992
6.21653
6.2797
6.38518
6.53845
6.74291
6.99759
7.29468
7.61863
7.9493
7.50896
7.43436
7.30045
7.1381
6.97452
6.82279
6.68631
6.56231
6.44884
6.34504
6.25543
6.18555
6.13826
6.11849
6.13102
6.16362
6.23121
6.33746
6.48638
6.68043
6.91861
7.19466
7.49595
7.80595
8.11194
6.59591
6.59629
6.5677
6.5173
6.45217
6.37818
6.3
6.22406
6.15606
6.09827
6.05999
6.04109
6.04983
6.0722
6.12068
6.19979
6.31337
6.46456
6.65488
6.88288
7.14279
7.42401
7.71256
7.99807
8.28562
6.08017
6.09667
6.09511
6.0786
6.05161
6.01927
5.98751
5.96397
5.94956
5.95049
5.96584
5.9895
6.03348
6.10122
6.19625
6.3217
6.47975
6.67087
6.89286
7.13999
7.40281
7.67006
7.93352
8.19957
8.50341
5.74552
5.76997
5.78747
5.80025
5.81125
5.82386
5.84204
5.85884
5.88249
5.91753
5.96678
6.03416
6.12295
6.236
6.37549
6.54245
6.73618
6.95357
7.18868
7.43318
7.67834
7.91992
8.16622
8.45271
8.85511
5.63547
5.66402
5.69256
5.72174
5.75241
5.78674
5.82684
5.87525
5.93617
6.00783
6.098
6.20766
6.3384
6.4912
6.66588
6.86053
7.07123
7.29208
7.5163
7.73857
7.95956
8.19317
8.47601
8.882
9.5304
5.69869
5.73027
5.76574
5.8062
5.85329
5.90979
5.97669
6.05573
6.14864
6.2573
6.38296
6.52625
6.68693
6.86354
7.05316
7.25146
7.45345
7.65502
7.85583
8.06345
8.29919
8.60556
9.05428
9.75751
10.8681
5.94056
5.97641
6.02147
6.07658
6.14268
6.22079
6.31187
6.41674
6.53588
6.66925
6.81628
6.9756
7.14484
7.32076
7.4999
7.67991
7.86166
8.05213
8.26802
8.53994
8.91733
9.47351
10.3099
11.5617
13.3905
6.40192
6.44337
6.49707
6.56346
6.64279
6.73506
6.84002
6.95708
7.08527
7.22326
7.3695
7.52175
7.67808
7.83829
8.00573
8.18938
8.40619
8.68351
9.06145
9.59513
10.3568
11.4377
12.9476
15.0158
17.7786
7.08099
7.12735
7.18556
7.2557
7.33758
7.43081
7.53483
7.64903
7.77272
7.90581
8.04748
8.20022
8.37144
8.57433
8.82887
9.16284
9.61274
10.2243
11.0528
12.1625
13.6272
15.5291
17.9558
20.9988
24.7398
7.98798
8.04081
8.10555
8.18299
8.2741
8.38014
8.5029
8.64493
8.80963
9.00297
9.22798
9.51293
9.88329
10.3674
10.9978
11.8117
12.8506
14.159
15.7833
17.7709
20.1692
23.0245
26.3794
30.2711
34.7223
9.72758
9.80674
9.91152
10.0452
10.2132
10.4228
10.684
11.0101
11.4185
11.9309
12.5745
13.3795
14.3618
15.5445
16.9529
18.6116
20.5446
22.773
25.3143
28.1794
31.3743
34.9041
38.7712
42.9756
47.5096
15.2893
15.4722
15.7451
16.1191
16.606
17.2179
17.9682
18.8702
19.9365
21.178
22.6038
24.2206
26.0327
28.0428
30.2516
32.6584
35.2606
38.0524
41.0238
44.1514
47.4223
50.8335
54.3762
58.0557
61.8876
32.2979
32.7163
33.3228
34.1162
35.0907
36.2371
37.5442
38.9988
40.5867
42.2931
44.1032
46.0032
47.9801
50.0234
52.1249
54.2792
56.4816
58.7323
61.0229
63.2883
65.5688
67.935
70.3815
72.9257
75.7003
67.6152
67.8882
68.1671
68.4541
68.7514
69.0614
69.3868
69.7304
70.0956
70.4859
70.9056
71.3595
71.8534
72.3941
72.9901
73.6521
74.3933
75.2322
76.1925
77.2869
78.5401
80.0032
81.7582
83.7857
86.5087
52.856
38.6371
18.6312
8.61397
7.81778
7.91003
8.50948
10.5703
21.4055
56.504
52.7749
38.5805
18.5916
8.59134
7.79814
7.88684
8.48104
10.5402
21.3563
56.4229
52.6949
38.552
18.5717
8.57175
7.77942
7.8693
8.46475
10.5196
21.3304
56.3584
52.6151
38.5201
18.5516
8.55229
7.76052
7.85096
8.4456
10.4969
21.2982
56.2854
52.5354
38.4973
18.5419
8.53349
7.74144
7.83271
8.42674
10.4732
21.2602
56.2107
52.4588
38.4884
18.5467
8.51543
7.72295
7.81454
8.40717
10.4474
21.2053
56.144
52.3875
38.5003
18.5741
8.4992
7.70399
7.79624
8.38654
10.4185
21.1245
56.0884
52.3217
38.5411
18.6344
8.48683
7.68553
7.77804
8.36464
10.3855
21.0063
56.0472
52.2653
38.6218
18.7387
8.47901
7.66725
7.75955
8.34095
10.3471
20.8392
55.9968
52.2216
38.7527
18.8981
8.4766
7.64899
7.74071
8.31525
10.3022
20.6118
55.9572
52.1933
38.9427
19.122
8.48061
7.6308
7.72151
8.28758
10.2504
20.3165
55.9243
52.1825
39.1956
19.4142
8.49151
7.6127
7.70215
8.25827
10.1922
19.9541
55.8996
52.1893
39.5054
19.7651
8.5088
7.59493
7.68305
8.22812
10.1294
19.5383
55.8734
52.2132
39.8481
20.1425
8.52985
7.578
7.66435
8.19842
10.0665
19.0955
55.848
52.2413
40.166
20.4715
8.54862
7.56046
7.64625
8.17177
10.0107
18.6762
55.8239
52.2597
40.3533
20.6125
8.5522
7.54362
7.62933
8.15182
9.97174
18.3545
55.8022
52.2401
40.1995
20.3325
8.50833
7.52635
7.61494
8.14469
9.96217
18.2161
55.7884
52.1432
39.3176
19.3005
8.30649
7.50852
7.60757
8.16471
9.99984
18.3271
55.7994
52.0476
36.8142
17.0325
7.93362
7.48974
7.61435
8.22596
10.1142
18.6557
56.336
51.882
30.9454
13.3396
7.52808
7.4726
7.65167
8.34443
10.3319
19.3208
57.6353
42.0326
19.1715
9.41775
7.49077
7.46329
7.74312
8.53101
10.682
20.4196
59.8847
12.7816
9.14186
7.83726
7.43313
7.46534
7.91248
8.78395
11.1862
22.0184
63.0222
8.44801
7.72299
7.41511
7.37602
7.55382
8.15806
9.0922
11.8546
24.1146
66.83
7.64461
7.42469
7.32509
7.37562
7.73431
8.42044
9.43299
12.7071
26.6493
71.0192
7.43066
7.30387
7.30073
7.46162
7.97996
8.68458
9.80885
13.78
29.472
75.3561
7.29692
7.2322
7.30653
7.6312
8.22812
8.92996
10.227
15.0877
32.4019
79.6455
7.1881
7.21089
7.39311
7.83174
8.45399
9.16024
10.6976
16.6044
35.2913
83.8139
7.13723
7.23227
7.52465
8.02149
8.64865
9.38185
11.2243
18.2359
38.0048
87.7047
7.12263
7.29417
7.65686
8.19137
8.81442
9.60047
11.8024
19.8838
40.5015
91.2931
7.12986
7.37209
7.78459
8.33833
8.95376
9.81874
12.4209
21.4938
42.7672
94.4795
7.15693
7.4496
7.89928
8.4609
9.07148
10.0354
13.067
23.0146
44.781
97.2902
7.19248
7.52549
8.00058
8.56145
9.17252
10.2518
13.7307
24.418
46.5503
99.7426
7.22995
7.59602
8.08817
8.64326
9.26164
10.47
14.3886
25.699
48.0985
101.883
7.26941
7.66219
8.16399
8.7103
9.34344
10.693
15.0354
26.8831
49.4557
103.625
7.31085
7.72473
8.23039
8.7666
9.42255
10.9259
15.6767
27.9964
50.6818
105.18
7.35508
7.78549
8.29012
8.81615
9.50406
11.1767
16.324
29.0696
51.8264
106.691
7.40412
7.84654
8.34589
8.86285
9.59398
11.4553
16.9944
30.134
52.9244
108.05
7.45996
7.90996
8.40022
8.91079
9.69972
11.7722
17.7121
31.2243
54.0221
109.347
7.52477
7.9776
8.45544
8.96456
9.83086
12.1451
18.5098
32.3798
55.1497
110.695
7.60052
8.05085
8.51378
9.03002
10.0003
12.5965
19.421
33.6426
56.3582
112.194
7.68863
8.13049
8.57777
9.11529
10.2256
13.1557
20.4858
35.0582
57.7121
113.842
7.78948
8.21677
8.65113
9.23251
10.5314
13.8599
21.7495
36.6756
59.3444
116.529
7.90217
8.30988
8.74035
9.40034
10.9519
14.7555
23.26
38.517
61.1153
119.443
8.02319
8.41029
8.85622
9.64492
11.5275
15.8882
25.0536
40.5899
62.9672
121.762
8.14995
8.52372
9.02046
10.0086
12.318
17.3235
27.1877
42.9356
65.1082
124.884
8.28413
8.66676
9.27284
10.5576
13.4097
19.1524
29.7417
45.602
67.6235
128.956
8.43568
8.8741
9.67936
11.3865
14.9097
21.4719
32.7824
48.6064
70.5395
134.043
8.63642
9.21371
10.3455
12.6267
16.9496
24.3869
36.3658
51.9553
73.8669
140.598
8.96035
9.80609
11.4299
14.4514
19.6823
28.0036
40.5235
55.6205
77.4617
147.584
9.55242
10.8462
13.1552
17.0746
23.2718
32.4182
45.2591
59.5566
81.6405
155.961
10.6625
12.6219
15.8089
20.7368
27.8756
37.7075
50.5517
63.7283
86.9599
168.975
12.6728
15.5168
19.7253
25.6745
33.6168
43.9052
56.316
68.1333
94.1545
185.954
16.097
19.9781
25.2333
32.0639
40.5462
50.963
62.3491
72.8525
105.258
207.97
21.5121
26.4223
32.5586
39.9447
48.6089
58.7097
68.3517
78.1775
123.916
236.458
29.4006
35.0814
41.6994
49.1546
57.6328
66.7925
74.1205
87.6002
158.702
274.629
39.8947
45.8127
52.3258
59.3446
67.376
74.8186
80.6109
117.493
220.798
323.513
52.5028
57.977
63.8173
70.1708
77.7037
83.7444
104.039
191.919
311.908
380.058
66.0287
70.5884
75.6354
81.7632
89.2854
102.871
188.164
342.651
431.817
434.455
78.9527
82.9254
88.1189
95.3229
105.564
217.481
415.321
557.374
502.075
487.574
90.0936
94.9105
102.308
111.771
156.443
558.941
643.174
619.67
594.342
594.525
)
;

boundaryField
{
    inlet
    {
        type            fixedValue;
        value           uniform 0;
    }
    outlet
    {
        type            inletOutlet;
        inletValue      uniform 0;
        value           nonuniform List<scalar> 10(52.856 38.6371 18.6312 8.61397 7.81778 7.91003 8.50948 10.5703 21.4055 56.504);
    }
    walls
    {
        type            zeroGradient;
    }
    baffle
    {
        type            zeroGradient;
    }
    front
    {
        type            empty;
    }
    back
    {
        type            empty;
    }
}


// ************************************************************************* //
