/*--------------------------------*- C++ -*----------------------------------*\
| =========                 |                                                 |
| \\      /  F ield         | OpenFOAM: The Open Source CFD Toolbox           |
|  \\    /   O peration     | Version:  v2012                                 |
|   \\  /    A nd           | Website:  www.openfoam.com                      |
|    \\/     M anipulation  |                                                 |
\*---------------------------------------------------------------------------*/
FoamFile
{
    version     2.0;
    format      ascii;
    class       volScalarField;
    location    "2000";
    object      p;
}
// * * * * * * * * * * * * * * * * * * * * * * * * * * * * * * * * * * * * * //

dimensions      [0 2 -2 0 0 0 0];


internalField   nonuniform List<scalar> 
6502
(
10.0374
9.13043
8.60494
8.38046
8.29504
8.29497
8.38027
8.60462
9.13005
10.037
8.68203
8.50563
8.36227
8.27666
8.23554
8.23546
8.27645
8.36194
8.50524
8.68164
8.07815
8.08373
8.09046
8.0794
8.07106
8.07096
8.07912
8.09004
8.08325
8.07767
7.8233
7.84112
7.86437
7.87325
7.87679
7.87663
7.87283
7.86377
7.84046
7.82267
7.63364
7.651
7.67052
7.68292
7.68799
7.68772
7.68222
7.66963
7.65007
7.63278
7.47028
7.48291
7.49751
7.50933
7.51027
7.5098
7.50825
7.49622
7.48158
7.46907
7.32163
7.32911
7.33847
7.34793
7.34707
7.34645
7.34647
7.33661
7.32719
7.31989
7.17752
7.1816
7.18691
7.19299
7.19276
7.19197
7.19094
7.1842
7.17881
7.17497
7.03373
7.03588
7.03856
7.04148
7.04078
7.03979
7.03867
7.03464
7.03183
7.03006
6.88945
6.89062
6.89179
6.89257
6.89149
6.89019
6.88864
6.88609
6.88469
6.88413
6.74486
6.74566
6.74607
6.74555
6.74403
6.74207
6.73963
6.73754
6.73682
6.73695
6.6004
6.60119
6.60123
6.59973
6.5975
6.5944
6.59067
6.58834
6.58788
6.58846
6.45657
6.4576
6.45743
6.45491
6.45159
6.44685
6.44119
6.43801
6.43752
6.43855
6.31397
6.31546
6.31513
6.31133
6.3064
6.2993
6.29077
6.28594
6.28518
6.28674
6.17334
6.17552
6.17509
6.16957
6.16231
6.15176
6.13891
6.13131
6.12986
6.13209
6.03566
6.03884
6.03838
6.03066
6.0202
6.0044
5.98495
5.97285
5.96993
5.9728
5.90224
5.90684
5.9065
5.8962
5.88154
5.85773
5.82828
5.8089
5.80267
5.80532
5.77479
5.78128
5.78135
5.76814
5.74793
5.71285
5.6695
5.63774
5.62393
5.62466
5.6554
5.66429
5.66522
5.64905
5.62129
5.57383
5.51366
5.45974
5.42685
5.42529
5.54673
5.55849
5.56124
5.54376
5.50811
5.44817
5.36793
5.27623
5.18681
5.13929
5.45114
5.46602
5.47172
5.45562
5.41642
5.34869
5.25049
5.12424
4.96337
4.75677
5.37103
5.38887
5.39849
5.387
5.35312
5.29456
5.21003
5.10872
4.99857
4.88858
5.30742
5.32755
5.34117
5.3361
5.31196
5.26858
5.20759
5.13612
5.06394
4.99913
5.25905
5.28039
5.29704
5.29777
5.28276
5.25224
5.20799
5.15472
5.10175
5.05429
5.22371
5.24519
5.26356
5.2687
5.26109
5.24098
5.20983
5.17084
5.13183
5.09571
5.19899
5.21976
5.23871
5.24691
5.24497
5.23308
5.21221
5.18482
5.15624
5.12853
5.18258
5.20206
5.2207
5.23074
5.23282
5.22702
5.21386
5.19507
5.17382
5.15324
5.17244
5.1903
5.20803
5.21893
5.22363
5.22212
5.21459
5.20218
5.18695
5.17149
5.16691
5.18302
5.19946
5.21052
5.21679
5.21816
5.21464
5.20689
5.19625
5.18437
5.1647
5.17903
5.19402
5.20479
5.21185
5.21507
5.21432
5.20994
5.20279
5.19398
5.16484
5.17742
5.19094
5.20114
5.20847
5.21279
5.2139
5.21192
5.20739
5.20107
5.16649
5.17752
5.18962
5.19909
5.20635
5.21125
5.21355
5.21326
5.21067
5.20631
5.16909
5.17882
5.18959
5.19827
5.20525
5.21038
5.2134
5.21424
5.21307
5.21021
5.17233
5.18091
5.19048
5.19838
5.20495
5.21007
5.21348
5.21507
5.2149
5.21317
5.17597
5.18353
5.19203
5.19918
5.20529
5.21025
5.21382
5.21587
5.21638
5.21548
5.17984
5.18647
5.19403
5.20048
5.20611
5.21083
5.21441
5.21671
5.21768
5.21737
5.18385
5.1896
5.19632
5.20214
5.2073
5.21173
5.21523
5.21764
5.21889
5.21899
5.18813
5.19291
5.19879
5.20404
5.20876
5.21289
5.21625
5.21868
5.2201
5.22047
5.19279
5.19634
5.20139
5.20611
5.21042
5.21425
5.21744
5.21984
5.22134
5.22189
5.19531
5.19913
5.20384
5.20818
5.21216
5.21575
5.21878
5.22112
5.22265
5.2233
5.19668
5.20163
5.20629
5.2103
5.21401
5.21738
5.22025
5.2225
5.22403
5.22475
5.20057
5.20489
5.20903
5.21265
5.21604
5.21916
5.22185
5.224
5.22549
5.22624
5.20488
5.20825
5.21182
5.21507
5.21816
5.22103
5.22354
5.22557
5.22702
5.22778
5.20822
5.21117
5.21441
5.21739
5.22024
5.2229
5.22524
5.22717
5.22856
5.22934
5.2112
5.21388
5.21688
5.21963
5.22227
5.22474
5.22694
5.22877
5.23012
5.2309
5.21402
5.21648
5.21926
5.22182
5.22426
5.22657
5.22864
5.23037
5.23168
5.23246
5.21672
5.21899
5.22158
5.22395
5.22623
5.22838
5.23032
5.23197
5.23323
5.23401
5.21932
5.22144
5.22385
5.22604
5.22815
5.23016
5.23198
5.23354
5.23476
5.23554
5.22186
5.22383
5.22606
5.22809
5.23005
5.23191
5.23361
5.23509
5.23625
5.23703
5.22435
5.22617
5.22823
5.2301
5.2319
5.23363
5.23522
5.23661
5.23772
5.23848
5.22682
5.22849
5.23037
5.23208
5.23373
5.23532
5.2368
5.2381
5.23916
5.23991
5.22927
5.23078
5.23249
5.23403
5.23554
5.237
5.23836
5.23958
5.24059
5.24131
5.23169
5.23307
5.23458
5.23595
5.23731
5.23865
5.23992
5.24106
5.24202
5.24273
5.23404
5.23534
5.23663
5.23783
5.23906
5.24029
5.24147
5.24256
5.24349
5.24419
5.23646
5.23752
5.23858
5.23964
5.24076
5.2419
5.24303
5.24409
5.24501
5.24573
5.23882
5.23957
5.24041
5.24135
5.24239
5.24349
5.2446
5.24567
5.24664
5.24741
5.24095
5.2414
5.24206
5.24291
5.24392
5.24502
5.24617
5.24731
5.24837
5.24927
5.24268
5.24285
5.24341
5.24425
5.24528
5.24645
5.24771
5.249
5.25025
5.25135
5.24372
5.24382
5.24433
5.24522
5.24641
5.24782
5.24936
5.25097
5.25258
5.25403
5.24404
5.24413
5.24467
5.24579
5.24739
5.24921
5.25117
5.25308
5.25489
5.25665
4.48169
4.63426
4.7829
4.85946
4.91387
4.96229
5.00025
5.02729
5.04813
5.06545
5.07937
5.09194
5.10251
5.1137
5.12342
5.12922
5.13356
5.1374
5.14044
5.1426
5.14387
5.14431
5.14407
5.14337
5.14261
4.80034
4.82375
4.8726
4.91483
4.95113
4.9817
5.00789
5.03114
5.05112
5.06735
5.08058
5.09217
5.10257
5.11188
5.11973
5.12599
5.13109
5.13522
5.13843
5.14074
5.1422
5.14287
5.14281
5.14208
5.14113
4.95018
4.94066
4.95165
4.9692
4.98864
5.00782
5.02625
5.04383
5.05947
5.07256
5.08373
5.09391
5.10348
5.11203
5.11915
5.12515
5.13023
5.13432
5.13751
5.13986
5.14141
5.1422
5.14223
5.14142
5.14031
5.01962
5.00656
5.0067
5.01315
5.02302
5.03456
5.04671
5.05879
5.07011
5.08073
5.09072
5.09977
5.10782
5.11499
5.12134
5.12684
5.1315
5.1353
5.13835
5.14065
5.1422
5.14302
5.14307
5.14219
5.14094
5.06943
5.0556
5.05019
5.05017
5.0538
5.05977
5.06713
5.07517
5.08339
5.09147
5.09919
5.10639
5.11305
5.11919
5.12489
5.12989
5.13405
5.13755
5.14044
5.1427
5.14424
5.1451
5.14521
5.14441
5.14321
5.10704
5.09328
5.08504
5.08123
5.08082
5.08287
5.08663
5.09148
5.09696
5.10273
5.10853
5.11421
5.11965
5.12478
5.12956
5.13391
5.13771
5.14095
5.14364
5.14587
5.14748
5.14838
5.14865
5.14808
5.14712
5.13552
5.12232
5.11297
5.10713
5.10424
5.10364
5.10479
5.10721
5.11051
5.11436
5.11853
5.12283
5.12713
5.13132
5.13531
5.13903
5.14241
5.14541
5.14795
5.14998
5.15164
5.1528
5.15329
5.15309
5.15251
5.15668
5.14458
5.13535
5.12871
5.1244
5.12209
5.12143
5.12206
5.12367
5.12599
5.12879
5.13191
5.1352
5.13853
5.14182
5.14498
5.14794
5.15063
5.153
5.15508
5.15686
5.15815
5.1589
5.15921
5.15916
5.17264
5.16227
5.15357
5.14672
5.1417
5.13835
5.13648
5.13583
5.13618
5.1373
5.13902
5.14116
5.14359
5.14619
5.14887
5.15154
5.15414
5.15659
5.15886
5.16092
5.16269
5.16422
5.16545
5.16632
5.16686
5.18486
5.17615
5.16829
5.16167
5.15642
5.15253
5.14989
5.14838
5.14782
5.14805
5.14892
5.15028
5.15202
5.15402
5.15619
5.15845
5.16074
5.16299
5.16517
5.16724
5.16916
5.17092
5.17252
5.17401
5.1752
5.194
5.18687
5.18004
5.17395
5.16881
5.16472
5.16167
5.1596
5.15842
5.15801
5.15824
5.15901
5.1602
5.16172
5.16348
5.16541
5.16745
5.16954
5.17165
5.17375
5.17582
5.17784
5.17986
5.18201
5.18386
5.20094
5.1952
5.1894
5.18395
5.17911
5.17504
5.17182
5.16943
5.16784
5.16697
5.16674
5.16706
5.16784
5.16899
5.17044
5.17212
5.17397
5.17594
5.17802
5.18018
5.18241
5.18472
5.18718
5.19001
5.19256
5.20623
5.20167
5.19681
5.19202
5.18757
5.18366
5.1804
5.17784
5.17598
5.1748
5.17423
5.17421
5.17467
5.17554
5.17675
5.17823
5.17995
5.18187
5.18395
5.1862
5.18862
5.19123
5.19414
5.19767
5.20099
5.21028
5.2067
5.20265
5.19847
5.19443
5.19072
5.1875
5.18485
5.18281
5.18139
5.18055
5.18026
5.18046
5.1811
5.18211
5.18345
5.18508
5.18696
5.18908
5.19144
5.19408
5.19701
5.20039
5.20464
5.20891
5.21344
5.21063
5.20726
5.20361
5.19993
5.19642
5.19326
5.19055
5.18835
5.18671
5.18562
5.18507
5.18503
5.18544
5.18627
5.18747
5.18901
5.19086
5.19304
5.19554
5.1984
5.20168
5.20557
5.21062
5.21578
5.21595
5.21375
5.21091
5.20769
5.20431
5.20097
5.19784
5.19505
5.19269
5.19081
5.18944
5.18859
5.18826
5.1884
5.189
5.19002
5.19144
5.19324
5.19545
5.19808
5.2012
5.20488
5.20938
5.21533
5.22108
5.21803
5.21628
5.21386
5.21098
5.20782
5.20458
5.20144
5.19853
5.19597
5.19378
5.19205
5.19083
5.19011
5.18989
5.19016
5.19089
5.19209
5.19375
5.19592
5.19864
5.202
5.20611
5.21133
5.21834
5.22495
5.21984
5.21842
5.21631
5.21367
5.21066
5.20746
5.20423
5.20112
5.19826
5.19572
5.19357
5.19186
5.19063
5.1899
5.18966
5.18993
5.19073
5.19207
5.19403
5.1967
5.20021
5.20477
5.21083
5.21924
5.22733
5.22149
5.22031
5.21843
5.21595
5.21304
5.20982
5.20645
5.20313
5.19985
5.19682
5.19416
5.19186
5.18996
5.18851
5.18755
5.18709
5.18719
5.1879
5.18934
5.19168
5.19513
5.20002
5.20705
5.21737
5.22756
5.22306
5.22206
5.22034
5.21799
5.21513
5.21188
5.20837
5.20476
5.20109
5.19752
5.19418
5.1911
5.18834
5.18594
5.18395
5.18243
5.18143
5.18105
5.18146
5.18293
5.1858
5.19066
5.1987
5.21178
5.22487
5.22462
5.22375
5.22215
5.2199
5.21706
5.21375
5.21008
5.20616
5.20211
5.19795
5.19385
5.18987
5.18607
5.1825
5.17918
5.17619
5.17358
5.17148
5.1701
5.16978
5.17108
5.17494
5.18369
5.20107
5.21894
5.2262
5.22542
5.22393
5.22175
5.21894
5.21557
5.21173
5.20751
5.20301
5.19828
5.19343
5.18851
5.18356
5.17862
5.17371
5.16885
5.16411
5.15952
5.15529
5.1518
5.14977
5.15045
5.15808
5.18169
5.21437
5.2278
5.22711
5.22572
5.22361
5.22083
5.21742
5.21345
5.20898
5.20409
5.19882
5.19323
5.18737
5.18125
5.17485
5.16814
5.16108
5.1536
5.14559
5.13699
5.1282
5.11983
5.11222
5.10938
5.12494
5.16993
5.22941
5.22881
5.2275
5.22549
5.22277
5.21937
5.21532
5.21067
5.20547
5.19975
5.19354
5.18684
5.17964
5.17187
5.16338
5.15413
5.14397
5.13259
5.11955
5.10408
5.0842
5.05771
5.02374
4.97921
4.901
5.23102
5.2305
5.2293
5.22738
5.22475
5.2214
5.21734
5.2126
5.2072
5.20115
5.19447
5.18713
5.17911
5.17032
5.16056
5.14959
5.13741
5.12349
5.10684
5.08672
5.06188
5.03076
4.99186
4.94371
4.88347
5.23263
5.23219
5.2311
5.2293
5.22678
5.22352
5.21952
5.21477
5.20928
5.20304
5.19604
5.18825
5.17961
5.17002
5.15928
5.14718
5.13356
5.11795
5.09973
5.07813
5.05231
5.02178
4.98582
4.94419
4.89766
5.23423
5.23387
5.23289
5.23122
5.22884
5.22572
5.22182
5.21715
5.21167
5.20538
5.19824
5.19022
5.18124
5.17121
5.15997
5.14734
5.13308
5.11684
5.0982
5.07665
5.05166
5.023
4.99057
4.95477
4.91697
5.2358
5.23552
5.23465
5.23312
5.2309
5.22794
5.2242
5.21966
5.21429
5.20806
5.20094
5.19287
5.1838
5.17363
5.16223
5.14946
5.1351
5.11891
5.1006
5.07988
5.05649
5.03038
5.00173
4.97117
4.94
5.23732
5.23712
5.23636
5.23497
5.23291
5.23013
5.22658
5.22222
5.21703
5.21095
5.20396
5.19601
5.18702
5.17693
5.16564
5.15302
5.13893
5.1232
5.10566
5.08616
5.06461
5.04108
5.01586
4.98954
4.96312
5.23881
5.23867
5.238
5.23675
5.23486
5.23226
5.22891
5.22477
5.21979
5.21393
5.20715
5.1994
5.19063
5.18078
5.16976
5.1575
5.14389
5.12883
5.11224
5.09405
5.07427
5.05303
5.03062
5.00753
4.98449
5.24025
5.24017
5.23959
5.23847
5.23672
5.23431
5.23116
5.22723
5.22249
5.21687
5.21035
5.20287
5.19438
5.18485
5.17421
5.1624
5.14936
5.13505
5.11942
5.10248
5.08428
5.06497
5.0448
5.02416
5.00356
5.24167
5.24164
5.24114
5.24012
5.23852
5.23626
5.2333
5.22959
5.22507
5.21971
5.21345
5.20626
5.19809
5.18891
5.17867
5.16735
5.1549
5.14131
5.12658
5.11075
5.09389
5.07614
5.05774
5.03898
5.02024
5.2431
5.2431
5.24268
5.24175
5.24026
5.23815
5.23536
5.23183
5.22753
5.2224
5.2164
5.20949
5.20163
5.19279
5.18295
5.17209
5.16018
5.14725
5.1333
5.1184
5.10262
5.08612
5.06907
5.05172
5.03437
5.24458
5.24462
5.24426
5.24341
5.24202
5.24003
5.23737
5.23401
5.22989
5.22497
5.2192
5.21254
5.20496
5.19644
5.18695
5.17649
5.16505
5.15266
5.13936
5.12519
5.11027
5.0947
5.07865
5.06233
5.04597
5.24616
5.24626
5.24596
5.24519
5.24388
5.24198
5.23943
5.2362
5.23224
5.2275
5.22193
5.21549
5.20815
5.19988
5.19069
5.18055
5.16949
5.15752
5.1447
5.13109
5.11678
5.10189
5.08655
5.07093
5.05522
5.24792
5.24809
5.24788
5.2472
5.24598
5.24413
5.24165
5.23853
5.2347
5.23012
5.22472
5.21846
5.21131
5.20325
5.19428
5.18438
5.17359
5.16192
5.14944
5.1362
5.12229
5.10783
5.09293
5.07773
5.06241
5.2499
5.25021
5.25014
5.24958
5.24844
5.24662
5.24416
5.24112
5.23743
5.233
5.22776
5.22166
5.21466
5.20675
5.19793
5.18819
5.17756
5.16607
5.15377
5.14073
5.12703
5.11277
5.09807
5.08306
5.06788
5.25219
5.25272
5.25287
5.25252
5.2515
5.24966
5.24716
5.24422
5.2407
5.23644
5.23136
5.2254
5.21852
5.21072
5.20198
5.19232
5.18175
5.17032
5.15806
5.14506
5.13138
5.11712
5.1024
5.08733
5.07206
5.25523
5.25611
5.25665
5.25675
5.25616
5.25413
5.25128
5.24864
5.24553
5.24156
5.23669
5.23088
5.22412
5.21639
5.20769
5.19803
5.18743
5.17592
5.16355
5.15038
5.13649
5.12198
5.10695
5.09153
5.07586
5.25824
5.25958
5.26069
5.26182
5.26281
5.25863
5.25344
5.25218
5.25024
5.24684
5.24227
5.23666
5.23003
5.22236
5.21368
5.20398
5.19329
5.18165
5.16908
5.15567
5.14147
5.12659
5.11114
5.09524
5.07904
4.7157
4.69963
4.70641
4.80745
4.76847
4.74971
4.85028
4.81752
4.79715
4.88199
4.85558
4.83643
4.91207
4.88959
4.8714
4.93957
4.91987
4.90269
4.96378
4.94587
4.92996
4.98483
4.96827
4.95319
5.00311
4.98778
4.97333
5.01841
5.004
4.99024
5.03081
5.017
5.00362
5.0406
5.02717
5.01404
5.04808
5.03484
5.02182
5.05363
5.0404
5.02733
5.05767
5.04428
5.03102
5.06104
5.04722
5.03351
5.06369
5.04936
5.03513
4.82018
4.81994
4.81965
4.81937
4.81917
4.81909
4.81918
4.81946
4.81993
4.82059
4.82144
4.82245
4.82361
4.82491
4.82632
4.82784
4.82945
4.83113
4.83285
4.83459
4.83635
4.8381
4.83984
4.84155
4.84321
4.84482
4.84637
4.84784
4.84922
4.85051
4.85177
4.85296
4.85401
4.85493
4.85568
4.85633
4.85691
4.85741
4.85781
4.85813
4.85837
4.85852
4.8586
4.85862
4.85857
4.85846
4.85829
4.85808
4.85783
4.85755
4.85725
4.85693
4.85659
4.85625
4.85592
4.85559
4.85528
4.855
4.85474
4.85452
4.85434
4.85421
4.85414
4.85413
4.85419
4.85432
4.85452
4.8548
4.85515
4.85558
4.85608
4.85663
4.85721
4.85783
4.85849
4.85913
4.85971
4.86015
4.86039
4.86043
4.82067
4.82038
4.82007
4.81983
4.81968
4.81966
4.8198
4.8201
4.82057
4.8212
4.822
4.82295
4.82404
4.82525
4.82658
4.82801
4.82952
4.83109
4.83271
4.83436
4.83603
4.8377
4.83935
4.84098
4.84258
4.84413
4.84562
4.84705
4.84841
4.84969
4.85087
4.85195
4.85296
4.85386
4.85469
4.85543
4.85606
4.8566
4.85705
4.8574
4.85768
4.85788
4.85801
4.85806
4.85806
4.85801
4.8579
4.85775
4.85757
4.85736
4.85712
4.85687
4.85661
4.85634
4.85608
4.85582
4.85558
4.85536
4.85517
4.85501
4.85489
4.85481
4.85479
4.85481
4.85489
4.85504
4.85526
4.85554
4.85588
4.85629
4.85676
4.85729
4.85785
4.85843
4.85899
4.85951
4.85997
4.86032
4.86054
4.8606
4.82117
4.8208
4.82044
4.82022
4.82011
4.82013
4.82029
4.8206
4.82106
4.82167
4.82243
4.82333
4.82435
4.82549
4.82673
4.82807
4.8295
4.83099
4.83252
4.83408
4.83566
4.83725
4.83883
4.8404
4.84193
4.84343
4.84488
4.84626
4.84758
4.84883
4.84999
4.85108
4.85208
4.85299
4.85381
4.85456
4.85521
4.85577
4.85625
4.85665
4.85697
4.85721
4.85739
4.8575
4.85756
4.85756
4.85752
4.85743
4.85732
4.85717
4.857
4.85682
4.85663
4.85643
4.85624
4.85606
4.85589
4.85574
4.85561
4.85551
4.85545
4.85543
4.85545
4.85551
4.85563
4.8558
4.85603
4.85631
4.85665
4.85704
4.85748
4.85795
4.85845
4.85896
4.85946
4.85994
4.86036
4.86072
4.86098
4.8611
4.82152
4.82106
4.82061
4.82035
4.82023
4.82026
4.82042
4.82073
4.82119
4.82179
4.82253
4.8234
4.82439
4.82548
4.82667
4.82794
4.82936
4.83082
4.83228
4.83378
4.83531
4.83686
4.8384
4.83992
4.84142
4.84288
4.8443
4.84567
4.84697
4.8482
4.84936
4.85044
4.85144
4.85236
4.85319
4.85394
4.8546
4.85519
4.85569
4.85611
4.85646
4.85673
4.85694
4.8571
4.85719
4.85724
4.85724
4.8572
4.85713
4.85703
4.85692
4.85679
4.85665
4.8565
4.85636
4.85623
4.85611
4.85601
4.85593
4.85588
4.85586
4.85588
4.85593
4.85603
4.85617
4.85636
4.8566
4.85689
4.85722
4.8576
4.85802
4.85848
4.85896
4.85946
4.85996
4.86044
4.86089
4.8613
4.86164
4.86191
4.82164
4.82109
4.82056
4.82025
4.82011
4.82013
4.82029
4.82061
4.82107
4.82167
4.8224
4.82326
4.82424
4.82533
4.8265
4.82775
4.82908
4.83049
4.83194
4.83342
4.83493
4.83645
4.83797
4.83947
4.84095
4.8424
4.8438
4.84515
4.84645
4.84767
4.84883
4.84991
4.85091
4.85184
4.85268
4.85343
4.85411
4.85471
4.85523
4.85567
4.85604
4.85634
4.85658
4.85676
4.85689
4.85697
4.857
4.857
4.85697
4.85691
4.85684
4.85675
4.85665
4.85655
4.85645
4.85636
4.85628
4.85622
4.85619
4.85617
4.85619
4.85624
4.85632
4.85644
4.85661
4.85681
4.85706
4.85736
4.8577
4.85808
4.8585
4.85896
4.85944
4.85995
4.86048
4.861
4.86151
4.862
4.86247
4.86291
4.82146
4.82082
4.82022
4.81987
4.81972
4.81973
4.8199
4.82022
4.82069
4.8213
4.82204
4.82291
4.8239
4.82498
4.82615
4.82741
4.82869
4.83007
4.83153
4.83302
4.83452
4.83603
4.83754
4.83904
4.84052
4.84196
4.84336
4.84471
4.846
4.84723
4.84838
4.84947
4.85047
4.8514
4.85225
4.85302
4.85371
4.85431
4.85485
4.85531
4.85569
4.85601
4.85627
4.85648
4.85663
4.85673
4.85679
4.85682
4.85682
4.85679
4.85675
4.85669
4.85663
4.85656
4.8565
4.85644
4.8564
4.85637
4.85636
4.85638
4.85643
4.8565
4.85661
4.85675
4.85693
4.85716
4.85742
4.85772
4.85807
4.85846
4.8589
4.85937
4.85988
4.86042
4.86099
4.86157
4.86217
4.86276
4.86339
4.86402
4.8209
4.8202
4.81956
4.81919
4.81903
4.81905
4.81923
4.81957
4.82006
4.82069
4.82146
4.82234
4.82334
4.82444
4.82563
4.82691
4.82825
4.82964
4.8311
4.83258
4.83409
4.83561
4.83713
4.83863
4.84011
4.84156
4.84297
4.84432
4.84562
4.84685
4.84801
4.8491
4.85012
4.85105
4.85191
4.85268
4.85338
4.85399
4.85454
4.855
4.8554
4.85574
4.85601
4.85623
4.8564
4.85652
4.8566
4.85665
4.85667
4.85666
4.85664
4.85661
4.85657
4.85653
4.85649
4.85646
4.85644
4.85643
4.85645
4.85649
4.85656
4.85665
4.85678
4.85694
4.85714
4.85737
4.85765
4.85797
4.85833
4.85873
4.85919
4.85969
4.86023
4.86083
4.86146
4.86213
4.86282
4.86355
4.86437
4.86515
4.81996
4.81922
4.81854
4.81817
4.81802
4.81806
4.81827
4.81865
4.81918
4.81985
4.82066
4.82158
4.82261
4.82377
4.82503
4.82633
4.8277
4.82912
4.8306
4.83211
4.83365
4.83519
4.83672
4.83824
4.83974
4.8412
4.84262
4.84399
4.84529
4.84654
4.84771
4.8488
4.84982
4.85076
4.85162
4.8524
4.8531
4.85373
4.85427
4.85475
4.85515
4.85549
4.85578
4.856
4.85618
4.85631
4.8564
4.85646
4.85649
4.8565
4.85649
4.85647
4.85645
4.85642
4.8564
4.85639
4.85638
4.8564
4.85643
4.85648
4.85656
4.85667
4.85681
4.85698
4.85719
4.85744
4.85773
4.85806
4.85844
4.85886
4.85934
4.85988
4.86048
4.86113
4.86184
4.86261
4.86344
4.86432
4.86535
4.86628
4.81859
4.81784
4.81715
4.81679
4.81667
4.81675
4.81701
4.81745
4.81804
4.81878
4.81966
4.82065
4.82176
4.82298
4.82427
4.82563
4.82706
4.82854
4.83007
4.83162
4.83319
4.83476
4.83633
4.83788
4.8394
4.84088
4.84232
4.8437
4.84502
4.84628
4.84746
4.84856
4.84958
4.85053
4.85139
4.85217
4.85287
4.8535
4.85404
4.85452
4.85492
4.85526
4.85554
4.85577
4.85595
4.85608
4.85618
4.85624
4.85627
4.85629
4.85629
4.85627
4.85625
4.85623
4.85622
4.85621
4.85621
4.85623
4.85627
4.85633
4.85642
4.85653
4.85668
4.85686
4.85707
4.85733
4.85762
4.85797
4.85836
4.85881
4.85933
4.8599
4.86056
4.86128
4.86209
4.86298
4.86395
4.86502
4.86627
4.86739
4.81679
4.81603
4.81535
4.81502
4.81495
4.8151
4.81544
4.81597
4.81665
4.81749
4.81846
4.81955
4.82075
4.82204
4.82342
4.82486
4.82637
4.82792
4.8295
4.83111
4.83273
4.83435
4.83596
4.83755
4.8391
4.84061
4.84207
4.84347
4.8448
4.84606
4.84725
4.84836
4.84939
4.85033
4.85119
4.85197
4.85267
4.85328
4.85382
4.85429
4.85469
4.85502
4.8553
4.85552
4.85569
4.85582
4.85591
4.85596
4.85599
4.856
4.856
4.85598
4.85596
4.85593
4.85592
4.85591
4.85591
4.85592
4.85596
4.85602
4.8561
4.85621
4.85636
4.85653
4.85675
4.857
4.8573
4.85765
4.85806
4.85854
4.85908
4.85971
4.86042
4.86123
4.86215
4.86318
4.86431
4.86558
4.86708
4.86844
4.81451
4.81376
4.81311
4.81283
4.81284
4.81309
4.81355
4.8142
4.81501
4.81597
4.81707
4.81828
4.8196
4.82101
4.82249
4.82404
4.82563
4.82727
4.82893
4.83061
4.83229
4.83397
4.83562
4.83725
4.83884
4.84038
4.84186
4.84328
4.84462
4.84589
4.84709
4.8482
4.84922
4.85016
4.85101
4.85178
4.85247
4.85307
4.8536
4.85405
4.85444
4.85476
4.85502
4.85522
4.85538
4.85549
4.85556
4.85561
4.85562
4.85562
4.8556
4.85557
4.85553
4.8555
4.85547
4.85544
4.85543
4.85544
4.85546
4.8555
4.85557
4.85567
4.8558
4.85597
4.85617
4.85642
4.85671
4.85707
4.85748
4.85797
4.85855
4.85922
4.86
4.8609
4.86194
4.86312
4.86444
4.86594
4.86775
4.86937
4.81172
4.81099
4.81038
4.81019
4.81031
4.81072
4.81134
4.81214
4.81312
4.81426
4.81552
4.81689
4.81836
4.8199
4.82152
4.82319
4.82489
4.82663
4.82838
4.83014
4.83189
4.83363
4.83534
4.83701
4.83863
4.84019
4.8417
4.84313
4.84449
4.84576
4.84695
4.84806
4.84907
4.85
4.85084
4.85159
4.85226
4.85284
4.85335
4.85378
4.85414
4.85444
4.85467
4.85485
4.85498
4.85507
4.85512
4.85514
4.85514
4.85511
4.85507
4.85501
4.85496
4.8549
4.85484
4.8548
4.85476
4.85474
4.85474
4.85476
4.8548
4.85487
4.85498
4.85512
4.8553
4.85552
4.8558
4.85614
4.85656
4.85705
4.85765
4.85836
4.85921
4.86021
4.86138
4.86273
4.86427
4.86605
4.8682
4.87014
4.80835
4.80764
4.80711
4.80702
4.80729
4.80793
4.80881
4.80981
4.811
4.81235
4.81382
4.81539
4.81704
4.81876
4.82053
4.82234
4.82417
4.82602
4.82788
4.82972
4.83155
4.83335
4.83511
4.83682
4.83848
4.84007
4.84159
4.84303
4.84439
4.84566
4.84685
4.84794
4.84894
4.84984
4.85066
4.85138
4.85202
4.85258
4.85305
4.85345
4.85378
4.85404
4.85424
4.85439
4.85449
4.85455
4.85456
4.85455
4.85451
4.85445
4.85437
4.85429
4.85419
4.8541
4.85401
4.85393
4.85386
4.8538
4.85376
4.85374
4.85374
4.85377
4.85383
4.85393
4.85407
4.85426
4.8545
4.85481
4.8552
4.85569
4.85629
4.85703
4.85793
4.85903
4.86034
4.8619
4.8637
4.86581
4.86837
4.8707
4.80432
4.80366
4.80324
4.8033
4.80383
4.80474
4.80584
4.80714
4.80865
4.81028
4.81201
4.81383
4.8157
4.81761
4.81956
4.82153
4.82351
4.82548
4.82744
4.82938
4.83129
4.83315
4.83496
4.83671
4.8384
4.84001
4.84154
4.84298
4.84433
4.84559
4.84676
4.84782
4.8488
4.84967
4.85045
4.85114
4.85174
4.85225
4.85269
4.85304
4.85333
4.85355
4.85371
4.85381
4.85387
4.85388
4.85385
4.8538
4.85371
4.85361
4.85349
4.85336
4.85322
4.85308
4.85294
4.85281
4.85269
4.85257
4.85248
4.8524
4.85235
4.85232
4.85232
4.85236
4.85243
4.85256
4.85274
4.85299
4.85333
4.85378
4.85436
4.8551
4.85604
4.85723
4.85869
4.86047
4.86259
4.86511
4.86821
4.87105
4.79947
4.7989
4.79868
4.79891
4.79979
4.8011
4.80253
4.80425
4.80613
4.80811
4.81015
4.81225
4.81437
4.81652
4.81867
4.82081
4.82294
4.82504
4.82712
4.82915
4.83113
4.83305
4.83491
4.83669
4.83839
4.84001
4.84154
4.84297
4.84431
4.84554
4.84667
4.84771
4.84864
4.84947
4.8502
4.85084
4.85139
4.85185
4.85223
4.85254
4.85277
4.85293
4.85304
4.85309
4.85309
4.85305
4.85297
4.85286
4.85272
4.85256
4.85239
4.8522
4.852
4.8518
4.8516
4.85141
4.85122
4.85104
4.85087
4.85072
4.85059
4.85048
4.85039
4.85034
4.85032
4.85035
4.85043
4.85059
4.85084
4.8512
4.85172
4.85242
4.85336
4.85461
4.85621
4.85825
4.86075
4.86382
4.86766
4.87125
4.79353
4.7931
4.79311
4.7938
4.79512
4.79694
4.799
4.8012
4.80351
4.80589
4.8083
4.81072
4.81313
4.81553
4.81789
4.82022
4.82251
4.82475
4.82693
4.82905
4.8311
4.83307
4.83496
4.83676
4.83847
4.84009
4.8416
4.84301
4.84431
4.8455
4.84659
4.84757
4.84845
4.84922
4.84989
4.85047
4.85096
4.85135
4.85167
4.85191
4.85207
4.85217
4.85221
4.8522
4.85214
4.85203
4.85189
4.85171
4.85151
4.85129
4.85104
4.85079
4.85052
4.85025
4.84997
4.8497
4.84942
4.84916
4.8489
4.84865
4.84841
4.84819
4.84799
4.84781
4.84767
4.84756
4.8475
4.84751
4.84761
4.84783
4.84821
4.84881
4.84968
4.85092
4.85263
4.85491
4.85786
4.86167
4.86669
4.87195
4.78617
4.78599
4.78625
4.7877
4.78996
4.79242
4.79514
4.79797
4.80084
4.80371
4.80654
4.80933
4.81205
4.81471
4.81731
4.81983
4.82227
4.82463
4.82692
4.82911
4.83122
4.83323
4.83514
4.83694
4.83864
4.84023
4.84171
4.84308
4.84433
4.84547
4.84649
4.84741
4.84821
4.84891
4.84951
4.85001
4.85042
4.85074
4.85098
4.85114
4.85123
4.85125
4.85122
4.85113
4.85099
4.85081
4.85059
4.85034
4.85006
4.84976
4.84944
4.8491
4.84875
4.84839
4.84802
4.84765
4.84728
4.8469
4.84653
4.84616
4.84579
4.84543
4.84508
4.84474
4.84442
4.84412
4.84386
4.84366
4.84353
4.84352
4.84367
4.84405
4.84474
4.84586
4.84756
4.85
4.85335
4.858
4.86478
4.87428
4.77677
4.77685
4.77808
4.78081
4.78412
4.78756
4.79113
4.79472
4.79825
4.80167
4.80498
4.80816
4.81122
4.81416
4.81698
4.81968
4.82227
4.82475
4.82712
4.82937
4.83151
4.83354
4.83545
4.83723
4.8389
4.84045
4.84188
4.84318
4.84436
4.84542
4.84637
4.84719
4.84791
4.84852
4.84903
4.84944
4.84976
4.84999
4.85014
4.85021
4.85021
4.85015
4.85003
4.84985
4.84963
4.84936
4.84906
4.84873
4.84836
4.84797
4.84756
4.84713
4.84668
4.84622
4.84574
4.84526
4.84477
4.84427
4.84376
4.84324
4.84271
4.84217
4.84163
4.84108
4.84053
4.83998
4.83944
4.83893
4.83848
4.83812
4.8379
4.83791
4.83825
4.83906
4.84053
4.84287
4.84629
4.85119
4.85816
4.86459
4.76465
4.76535
4.76816
4.77282
4.77762
4.7824
4.78711
4.79162
4.79591
4.79995
4.80376
4.80736
4.81074
4.81395
4.81698
4.81985
4.82256
4.82513
4.82756
4.82985
4.832
4.83402
4.8359
4.83765
4.83926
4.84074
4.84208
4.8433
4.84439
4.84536
4.8462
4.84692
4.84754
4.84804
4.84844
4.84875
4.84896
4.84909
4.84913
4.84911
4.84901
4.84885
4.84863
4.84836
4.84805
4.84769
4.84729
4.84686
4.8464
4.84591
4.8454
4.84486
4.8443
4.84373
4.84313
4.84252
4.84189
4.84124
4.84057
4.83987
4.83915
4.83841
4.83763
4.83682
4.83597
4.8351
4.8342
4.83328
4.83237
4.83151
4.83074
4.83017
4.8299
4.83014
4.83113
4.83315
4.83653
4.84185
4.84963
4.85429
4.74711
4.75035
4.7567
4.76392
4.77082
4.77733
4.78339
4.78897
4.79407
4.79876
4.80307
4.80705
4.81075
4.81419
4.8174
4.8204
4.82321
4.82583
4.82829
4.83058
4.83271
4.83468
4.8365
4.83818
4.8397
4.84108
4.84233
4.84343
4.84441
4.84525
4.84598
4.84658
4.84707
4.84746
4.84774
4.84792
4.84802
4.84803
4.84796
4.84783
4.84762
4.84736
4.84704
4.84666
4.84625
4.84578
4.84529
4.84475
4.84419
4.84359
4.84297
4.84232
4.84164
4.84093
4.8402
4.83945
4.83866
4.83784
4.83698
4.83608
4.83514
4.83414
4.83308
4.83196
4.83076
4.82948
4.82812
4.82667
4.82516
4.8236
4.82205
4.8206
4.8194
4.81867
4.81877
4.82017
4.82354
4.83014
4.84174
4.85308
4.72129
4.7307
4.74343
4.75463
4.76434
4.77293
4.78049
4.78716
4.79307
4.79835
4.80311
4.80743
4.81137
4.81499
4.81833
4.82141
4.82426
4.82689
4.82933
4.83157
4.83364
4.83553
4.83726
4.83882
4.84023
4.84149
4.8426
4.84357
4.8444
4.84511
4.84569
4.84615
4.8465
4.84675
4.8469
4.84695
4.84692
4.84681
4.84662
4.84636
4.84605
4.84567
4.84524
4.84475
4.84423
4.84366
4.84305
4.84241
4.84173
4.84102
4.84028
4.83951
4.8387
4.83786
4.83698
4.83606
4.8351
4.83409
4.83303
4.8319
4.8307
4.82942
4.82804
4.82655
4.82494
4.82317
4.82125
4.81914
4.81686
4.81439
4.81177
4.80906
4.80641
4.80408
4.80252
4.80241
4.80489
4.81251
4.82932
4.84697
4.67753
4.70402
4.72889
4.74612
4.75927
4.77008
4.7791
4.78674
4.79331
4.79905
4.80413
4.80867
4.81276
4.81647
4.81985
4.82294
4.82576
4.82835
4.83071
4.83286
4.83481
4.83658
4.83816
4.83958
4.84083
4.84193
4.84288
4.84369
4.84436
4.8449
4.84532
4.84563
4.84582
4.84592
4.84592
4.84584
4.84567
4.84542
4.84511
4.84473
4.84429
4.84379
4.84325
4.84265
4.84201
4.84133
4.84062
4.83986
4.83907
4.83824
4.83737
4.83647
4.83552
4.83453
4.8335
4.83241
4.83126
4.83005
4.82877
4.82739
4.82592
4.82432
4.82259
4.82069
4.8186
4.81628
4.8137
4.81082
4.8076
4.804
4.79998
4.79557
4.79083
4.78597
4.78144
4.77811
4.77756
4.7843
4.80832
4.84298
4.62139
4.68088
4.72007
4.74256
4.75824
4.77048
4.78033
4.78845
4.79531
4.80122
4.8064
4.81098
4.81508
4.81875
4.82206
4.82506
4.82778
4.83023
4.83245
4.83444
4.83622
4.83781
4.83921
4.84044
4.8415
4.84241
4.84316
4.84378
4.84427
4.84462
4.84487
4.845
4.84503
4.84497
4.84481
4.84458
4.84427
4.84389
4.84344
4.84293
4.84237
4.84176
4.84109
4.84039
4.83963
4.83884
4.83801
4.83714
4.83622
4.83527
4.83428
4.83325
4.83217
4.83102
4.82981
4.82855
4.82721
4.82579
4.82427
4.82264
4.82087
4.81894
4.81683
4.81449
4.81189
4.80898
4.80569
4.80195
4.79767
4.79275
4.78707
4.78051
4.77296
4.76435
4.7548
4.74481
4.73533
4.73139
4.74718
4.79637
4.68931
4.71444
4.73751
4.75368
4.76633
4.77676
4.78558
4.7931
4.79957
4.8052
4.81014
4.81452
4.81842
4.82189
4.825
4.8278
4.83031
4.83255
4.83454
4.8363
4.83786
4.83922
4.84039
4.84138
4.84222
4.8429
4.84343
4.84384
4.84411
4.84428
4.84433
4.84428
4.84413
4.8439
4.84359
4.84321
4.84275
4.84223
4.84166
4.84102
4.84034
4.83961
4.83883
4.83801
4.83715
4.83624
4.8353
4.83431
4.83329
4.83222
4.83111
4.82996
4.82874
4.82742
4.82603
4.82458
4.82306
4.82144
4.81968
4.81779
4.81573
4.81347
4.81097
4.8082
4.80509
4.80158
4.79758
4.79297
4.78762
4.78136
4.77394
4.76505
4.75426
4.74094
4.72416
4.70331
4.67618
4.63811
4.58557
4.49546
4.73904
4.7476
4.75913
4.76928
4.77843
4.78661
4.79387
4.80027
4.80591
4.81091
4.81534
4.81928
4.82279
4.82589
4.82865
4.83116
4.83338
4.83529
4.83696
4.83842
4.83968
4.84075
4.84164
4.84237
4.84294
4.84337
4.84366
4.84384
4.84389
4.84385
4.8437
4.84346
4.84314
4.84274
4.84227
4.84174
4.84114
4.84049
4.83979
4.83904
4.83824
4.83739
4.83651
4.83558
4.83461
4.8336
4.83255
4.83145
4.83031
4.82913
4.82791
4.82666
4.82533
4.82383
4.82221
4.82059
4.81891
4.81709
4.81511
4.81297
4.81062
4.80804
4.80519
4.802
4.79842
4.79435
4.78969
4.78431
4.77803
4.77062
4.76177
4.75109
4.73803
4.72182
4.70124
4.67519
4.64213
4.59769
4.54037
4.4681
4.78455
4.78222
4.78498
4.78951
4.7947
4.80002
4.80517
4.80999
4.81441
4.81843
4.82206
4.82533
4.82826
4.83087
4.83311
4.83509
4.83682
4.83837
4.83972
4.8408
4.84168
4.84239
4.84296
4.84338
4.84366
4.84381
4.84384
4.84377
4.8436
4.84333
4.84298
4.84255
4.84206
4.84149
4.84087
4.84019
4.83945
4.83868
4.83785
4.83698
4.83607
4.83513
4.83414
4.83311
4.83204
4.83093
4.82978
4.82858
4.82732
4.82599
4.82461
4.82322
4.8218
4.82027
4.81858
4.81678
4.81488
4.81283
4.81063
4.80824
4.80563
4.80275
4.79956
4.796
4.79199
4.78745
4.78224
4.77623
4.76922
4.76096
4.75114
4.73936
4.72506
4.70755
4.68591
4.65932
4.62653
4.58593
4.53721
4.48127
4.82233
4.81468
4.81201
4.81207
4.81366
4.8161
4.81894
4.8219
4.82482
4.82758
4.83015
4.83249
4.83458
4.83641
4.83806
4.83959
4.84085
4.84179
4.84253
4.84317
4.8437
4.84407
4.84429
4.84437
4.84434
4.8442
4.84396
4.84363
4.84322
4.84273
4.84218
4.84156
4.84089
4.84016
4.83939
4.83857
4.83772
4.83682
4.83588
4.83491
4.8339
4.83286
4.83178
4.83066
4.8295
4.8283
4.82706
4.82577
4.82442
4.82301
4.82153
4.81995
4.81833
4.81671
4.81499
4.81307
4.81097
4.80873
4.80633
4.80372
4.80086
4.79773
4.79425
4.79037
4.78601
4.78108
4.77545
4.76898
4.76148
4.75272
4.74239
4.73014
4.71552
4.69797
4.67686
4.65157
4.62144
4.58597
4.54544
4.50127
4.85634
4.84567
4.83934
4.83587
4.83431
4.83401
4.83452
4.8355
4.83673
4.83805
4.83937
4.84063
4.84176
4.84276
4.84362
4.84429
4.84487
4.84535
4.84566
4.84581
4.84585
4.84578
4.8456
4.84532
4.84495
4.8445
4.84398
4.84339
4.84275
4.84204
4.84129
4.8405
4.83966
4.83879
4.83788
4.83693
4.83596
4.83495
4.83392
4.83285
4.83176
4.83063
4.82947
4.82828
4.82704
4.82577
4.82445
4.82308
4.82167
4.82021
4.81866
4.817
4.8152
4.81336
4.81148
4.80945
4.80725
4.80487
4.80229
4.7995
4.79644
4.79309
4.78937
4.78524
4.78061
4.7754
4.76949
4.76273
4.75497
4.74599
4.73555
4.72334
4.70902
4.6922
4.67246
4.64944
4.62286
4.59272
4.55957
4.52481
4.88711
4.87465
4.86587
4.85974
4.85556
4.8528
4.85108
4.85009
4.84957
4.84936
4.84932
4.84937
4.84944
4.84949
4.8495
4.84945
4.84932
4.8491
4.84878
4.84839
4.84793
4.8474
4.84681
4.84615
4.84545
4.84469
4.84389
4.84305
4.84218
4.84127
4.84033
4.83937
4.83838
4.83738
4.83634
4.83529
4.83422
4.83312
4.832
4.83086
4.82969
4.8285
4.82727
4.82601
4.82472
4.82338
4.822
4.82056
4.81907
4.81752
4.81589
4.81416
4.81232
4.81038
4.80836
4.80619
4.80386
4.80135
4.79864
4.79568
4.79246
4.78893
4.78503
4.78071
4.7759
4.7705
4.76442
4.75754
4.7497
4.74074
4.73046
4.71863
4.705
4.68931
4.67132
4.65084
4.62784
4.60247
4.57529
4.54735
4.91494
4.9014
4.89071
4.88265
4.87641
4.87151
4.86776
4.8649
4.86268
4.86092
4.85949
4.85828
4.85722
4.85625
4.85534
4.85444
4.85356
4.85265
4.85173
4.85079
4.84982
4.84884
4.84784
4.84682
4.84578
4.84473
4.84367
4.84259
4.8415
4.84041
4.83931
4.8382
4.83708
4.83596
4.83482
4.83368
4.83252
4.83135
4.83017
4.82897
4.82775
4.8265
4.82522
4.82391
4.82257
4.82118
4.81975
4.81826
4.81671
4.81509
4.81339
4.8116
4.8097
4.8077
4.80557
4.80331
4.80087
4.79825
4.79542
4.79234
4.78899
4.78533
4.7813
4.77685
4.77191
4.76642
4.76027
4.75338
4.74561
4.73683
4.72689
4.71562
4.70286
4.68844
4.67224
4.6542
4.63437
4.61297
4.59048
4.56764
4.93857
4.92467
4.91311
4.90386
4.89605
4.88929
4.88373
4.87917
4.87536
4.87214
4.86935
4.86691
4.86472
4.86273
4.86088
4.85915
4.8575
4.85592
4.85439
4.8529
4.85144
4.85002
4.84863
4.84726
4.84591
4.84459
4.84328
4.84199
4.84072
4.83946
4.83822
4.83699
4.83576
4.83455
4.83333
4.83212
4.8309
4.82968
4.82845
4.82721
4.82595
4.82466
4.82335
4.82201
4.82064
4.81922
4.81775
4.81622
4.81463
4.81297
4.81122
4.80938
4.80744
4.80537
4.80318
4.80083
4.79832
4.79562
4.79269
4.78953
4.78608
4.78232
4.77821
4.77368
4.76869
4.76316
4.75703
4.7502
4.74258
4.73408
4.72456
4.71393
4.70208
4.6889
4.67436
4.65845
4.64128
4.62306
4.6042
4.58525
4.95887
4.94502
4.93297
4.92214
4.91285
4.90498
4.89812
4.89216
4.88697
4.88242
4.87839
4.87479
4.87154
4.86857
4.86584
4.8633
4.86093
4.8587
4.85659
4.85458
4.85267
4.85085
4.84909
4.84741
4.84579
4.84423
4.84271
4.84125
4.83982
4.83843
4.83708
4.83575
4.83444
4.83316
4.83189
4.83063
4.82937
4.82812
4.82686
4.8256
4.82432
4.82302
4.82169
4.82034
4.81895
4.81751
4.81602
4.81448
4.81287
4.81118
4.8094
4.80753
4.80555
4.80345
4.8012
4.79881
4.79624
4.79348
4.7905
4.78727
4.78376
4.77995
4.77578
4.77122
4.76621
4.7607
4.75462
4.74792
4.7405
4.7323
4.72324
4.71323
4.70222
4.69017
4.67705
4.66291
4.64786
4.63209
4.61591
4.59972
4.97623
4.9624
4.9496
4.93766
4.92729
4.91845
4.91053
4.9034
4.89703
4.89133
4.8862
4.88156
4.87734
4.87348
4.86994
4.86668
4.86365
4.86083
4.8582
4.85573
4.85342
4.85124
4.84918
4.84723
4.84538
4.84362
4.84194
4.84033
4.83879
4.83731
4.83587
4.83448
4.83312
4.8318
4.8305
4.82922
4.82795
4.82668
4.82542
4.82415
4.82287
4.82157
4.82025
4.8189
4.81751
4.81607
4.81459
4.81304
4.81142
4.80973
4.80794
4.80606
4.80406
4.80194
4.79968
4.79725
4.79466
4.79186
4.78884
4.78558
4.78205
4.7782
4.77402
4.76945
4.76446
4.75899
4.75301
4.74644
4.73924
4.73134
4.7227
4.71326
4.70298
4.69187
4.67991
4.66718
4.65377
4.63985
4.62565
4.61146
4.98976
4.97575
4.96275
4.95069
4.93967
4.92976
4.92078
4.91263
4.90524
4.89854
4.89245
4.88691
4.88186
4.87723
4.87299
4.86909
4.8655
4.86218
4.85911
4.85626
4.85361
4.85114
4.84884
4.84668
4.84465
4.84275
4.84095
4.83925
4.83763
4.83608
4.83461
4.83318
4.83181
4.83047
4.82917
4.82789
4.82662
4.82537
4.82412
4.82287
4.82161
4.82033
4.81903
4.8177
4.81633
4.81491
4.81344
4.81191
4.81031
4.80862
4.80685
4.80497
4.80298
4.80086
4.79859
4.79617
4.79356
4.79076
4.78773
4.78447
4.78092
4.77708
4.7729
4.76836
4.7634
4.758
4.75211
4.74569
4.73868
4.73106
4.72278
4.71382
4.70414
4.69377
4.68272
4.67105
4.65886
4.64628
4.63349
4.62072
5.00029
4.98618
4.97292
4.9605
4.94896
4.93832
4.92854
4.91957
4.91135
4.90383
4.89696
4.89067
4.88492
4.87966
4.87485
4.87043
4.86639
4.86267
4.85925
4.8561
4.8532
4.85052
4.84804
4.84573
4.84359
4.8416
4.83973
4.83798
4.83632
4.83476
4.83327
4.83185
4.83048
4.82916
4.82788
4.82663
4.82539
4.82418
4.82296
4.82175
4.82052
4.81928
4.81801
4.81672
4.81538
4.814
4.81257
4.81107
4.8095
4.80785
4.8061
4.80425
4.80228
4.80018
4.79794
4.79553
4.79295
4.79016
4.78716
4.7839
4.78038
4.77657
4.77242
4.76791
4.76301
4.75769
4.75189
4.7456
4.73878
4.73138
4.72339
4.7148
4.70558
4.69577
4.68537
4.67446
4.66312
4.65146
4.63963
4.62779
5.00807
4.99384
4.98031
4.96751
4.95548
4.94426
4.93384
4.92421
4.91532
4.90714
4.89964
4.89276
4.88647
4.88071
4.87545
4.87065
4.86626
4.86225
4.85859
4.85523
4.85216
4.84935
4.84676
4.84438
4.84219
4.84016
4.83827
4.83651
4.83487
4.83332
4.83186
4.83047
4.82914
4.82787
4.82663
4.82543
4.82424
4.82308
4.82192
4.82075
4.81958
4.8184
4.81719
4.81594
4.81466
4.81333
4.81195
4.8105
4.80898
4.80738
4.80568
4.80387
4.80195
4.7999
4.7977
4.79534
4.79279
4.79005
4.78709
4.78388
4.7804
4.77663
4.77254
4.76809
4.76326
4.75802
4.75232
4.74615
4.73947
4.73225
4.72449
4.71616
4.70727
4.69783
4.68787
4.67745
4.66665
4.65556
4.6443
4.63302
5.01347
4.99901
4.98517
4.97198
4.95951
4.94778
4.93683
4.92665
4.91723
4.90853
4.90054
4.89322
4.88652
4.8804
4.87483
4.86976
4.86515
4.86096
4.85714
4.85368
4.85053
4.84765
4.84504
4.84264
4.84045
4.83843
4.83658
4.83486
4.83326
4.83177
4.83037
4.82904
4.82778
4.82657
4.8254
4.82427
4.82316
4.82206
4.82097
4.81988
4.81878
4.81766
4.81652
4.81534
4.81413
4.81287
4.81155
4.81017
4.80871
4.80718
4.80554
4.80381
4.80195
4.79997
4.79783
4.79554
4.79306
4.79039
4.78749
4.78436
4.78095
4.77726
4.77324
4.76887
4.76413
4.75897
4.75337
4.74731
4.74075
4.73367
4.72606
4.7179
4.70921
4.7
4.69029
4.68014
4.66962
4.65881
4.64781
4.63677
5.0169
5.00211
4.98787
4.97425
4.96133
4.94914
4.93772
4.92709
4.91723
4.90813
4.89978
4.89213
4.88515
4.8788
4.87303
4.86781
4.86308
4.8588
4.85494
4.85145
4.84829
4.84544
4.84286
4.84051
4.83838
4.83643
4.83465
4.83301
4.8315
4.83009
4.82877
4.82754
4.82637
4.82525
4.82417
4.82313
4.8221
4.8211
4.82009
4.81909
4.81807
4.81703
4.81597
4.81488
4.81375
4.81257
4.81134
4.81004
4.80867
4.80721
4.80567
4.80401
4.80225
4.80035
4.79831
4.79611
4.79373
4.79115
4.78835
4.78532
4.78202
4.77842
4.77451
4.77025
4.76561
4.76056
4.75507
4.74912
4.74266
4.73569
4.72819
4.72014
4.71155
4.70243
4.69281
4.68274
4.67227
4.6615
4.65051
4.63942
5.01888
5.00351
4.98869
4.9745
4.96102
4.9483
4.93638
4.9253
4.91504
4.9056
4.89696
4.88909
4.88194
4.87546
4.86962
4.86435
4.85962
4.85538
4.85157
4.84815
4.84509
4.84234
4.83988
4.83766
4.83566
4.83384
4.8322
4.8307
4.82932
4.82805
4.82687
4.82577
4.82472
4.82373
4.82278
4.82185
4.82095
4.82006
4.81917
4.81828
4.81737
4.81644
4.81549
4.81451
4.81348
4.81241
4.81129
4.8101
4.80884
4.8075
4.80607
4.80454
4.8029
4.80113
4.79923
4.79716
4.79493
4.7925
4.78985
4.78698
4.78383
4.78041
4.77666
4.77257
4.76809
4.76321
4.75787
4.75206
4.74574
4.73889
4.73147
4.72349
4.71492
4.7058
4.69612
4.68594
4.67532
4.66432
4.65305
4.64162
5.01991
5.00387
4.98841
4.97364
4.95961
4.94638
4.93402
4.92255
4.91197
4.90228
4.89344
4.88542
4.87818
4.87166
4.86581
4.86058
4.85591
4.85175
4.84805
4.84476
4.84183
4.83923
4.83691
4.83484
4.83299
4.83133
4.82983
4.82848
4.82725
4.82612
4.82508
4.82411
4.8232
4.82234
4.82151
4.82071
4.81992
4.81914
4.81837
4.81758
4.81678
4.81597
4.81512
4.81423
4.81331
4.81235
4.81134
4.81025
4.80911
4.80788
4.80657
4.80516
4.80365
4.80202
4.80025
4.79833
4.79624
4.79397
4.79149
4.78878
4.78581
4.78256
4.77899
4.77508
4.77079
4.76608
4.76091
4.75525
4.74907
4.74232
4.73499
4.72704
4.71847
4.70929
4.69949
4.68913
4.67825
4.66693
4.65525
4.64336
4.28341
4.25671
4.25283
4.37633
4.32421
4.29254
4.4229
4.38032
4.35096
4.45933
4.42669
4.40168
4.49318
4.46757
4.44603
4.522
4.50055
4.48267
4.54693
4.52891
4.51376
4.56824
4.5536
4.54005
4.58509
4.57229
4.56031
4.5986
4.58723
4.57649
4.60909
4.59873
4.58883
4.61697
4.60726
4.59789
4.62265
4.61328
4.60418
4.62656
4.61728
4.60821
4.62913
4.61973
4.61049
4.63095
4.62115
4.61147
4.63223
4.62194
4.61171
4.35613
4.35603
4.35627
4.35708
4.3585
4.36056
4.36317
4.36607
4.36926
4.37254
4.37569
4.37876
4.38167
4.38414
4.3858
4.38627
4.38485
4.3805
4.37186
4.35668
4.33095
4.29052
4.24192
4.19094
3.98925
4.35604
4.35596
4.35621
4.35696
4.3581
4.35958
4.3614
4.36358
4.36591
4.36831
4.37076
4.37299
4.37473
4.37571
4.37548
4.37357
4.36934
4.36179
4.34949
4.33034
4.30113
4.25724
4.19217
4.09152
3.917
4.3552
4.35512
4.35534
4.35596
4.35691
4.35816
4.3596
4.3612
4.36289
4.36454
4.36606
4.36724
4.36782
4.36748
4.3658
4.36224
4.35613
4.34651
4.3321
4.3112
4.28152
4.24004
4.1826
4.10276
3.99188
4.35358
4.35361
4.35385
4.3544
4.35523
4.35628
4.35749
4.35881
4.36015
4.36141
4.36245
4.3631
4.36311
4.36218
4.35992
4.35586
4.34937
4.33965
4.32571
4.30627
4.27981
4.24456
4.19852
4.13955
4.06616
4.35143
4.35154
4.3519
4.35245
4.35321
4.35415
4.35521
4.35634
4.35746
4.35848
4.35925
4.35961
4.35934
4.35816
4.35573
4.35162
4.3453
4.33614
4.32338
4.30614
4.28342
4.25424
4.21775
4.17348
4.12196
4.34889
4.34912
4.34957
4.35016
4.35091
4.35179
4.35278
4.35382
4.35483
4.35572
4.35637
4.35661
4.35625
4.35503
4.35265
4.34874
4.34288
4.33455
4.32321
4.30823
4.28902
4.26507
4.23609
4.20221
4.16435
4.346
4.34646
4.347
4.34761
4.34837
4.34925
4.35022
4.35124
4.35223
4.3531
4.35373
4.35397
4.35364
4.35252
4.35034
4.34679
4.34151
4.33413
4.32424
4.31142
4.29533
4.27573
4.25261
4.22628
4.1976
4.3431
4.3436
4.34416
4.34482
4.3456
4.34652
4.34753
4.34858
4.3496
4.35052
4.35121
4.35154
4.35134
4.35041
4.34852
4.34541
4.34081
4.33442
4.32595
4.31513
4.30177
4.2858
4.26732
4.24669
4.22458
4.34014
4.34053
4.34106
4.34175
4.3426
4.34357
4.34465
4.34579
4.34691
4.34793
4.34874
4.34922
4.34922
4.34855
4.34703
4.34444
4.34057
4.33518
4.32808
4.31911
4.30817
4.29528
4.28057
4.26439
4.24727
4.33685
4.3372
4.3377
4.33842
4.33932
4.34038
4.34157
4.34283
4.34409
4.34527
4.34626
4.34696
4.34721
4.34688
4.34579
4.34378
4.34067
4.33631
4.33055
4.32331
4.31454
4.30431
4.29277
4.28021
4.26704
4.33325
4.33351
4.33399
4.33474
4.33573
4.33691
4.33824
4.33966
4.34111
4.3425
4.34373
4.3447
4.34529
4.34535
4.34477
4.3434
4.34112
4.3378
4.33336
4.32774
4.32096
4.31309
4.30426
4.29473
4.2848
4.32923
4.32936
4.32983
4.33064
4.33174
4.33308
4.33461
4.33626
4.33795
4.33961
4.34115
4.34246
4.34344
4.34399
4.34398
4.34332
4.34191
4.33966
4.33653
4.33248
4.32754
4.32178
4.31533
4.30839
4.30119
4.32451
4.32463
4.32511
4.32602
4.3273
4.32886
4.33065
4.33259
4.3346
4.3366
4.33852
4.34026
4.34172
4.34283
4.34348
4.3436
4.34312
4.34198
4.34014
4.3376
4.33438
4.33055
4.32622
4.32152
4.31665
4.31893
4.31911
4.31969
4.32077
4.3223
4.32418
4.32632
4.32864
4.33106
4.3335
4.33589
4.33814
4.34019
4.34194
4.34334
4.34432
4.34483
4.34482
4.34428
4.3432
4.3416
4.33954
4.33709
4.33438
4.33152
4.31233
4.31262
4.31341
4.31476
4.31668
4.31899
4.32161
4.32443
4.32738
4.33038
4.33335
4.33622
4.33895
4.34146
4.34369
4.34561
4.34716
4.34831
4.34906
4.34939
4.34931
4.34886
4.34812
4.34714
4.34602
4.30448
4.30491
4.30602
4.30783
4.31033
4.31327
4.31654
4.32002
4.32364
4.32732
4.33101
4.33464
4.33816
4.34152
4.34468
4.3476
4.35024
4.35258
4.35459
4.35627
4.35761
4.35865
4.35942
4.35996
4.36033
4.2949
4.2955
4.29718
4.29981
4.30319
4.30702
4.31116
4.31551
4.31999
4.32452
4.32907
4.33358
4.33802
4.34234
4.34651
4.35049
4.35425
4.35775
4.36099
4.36393
4.36661
4.369
4.37109
4.37293
4.37456
4.2829
4.28391
4.2865
4.29052
4.29522
4.30031
4.30564
4.31112
4.31666
4.32223
4.3278
4.33332
4.33879
4.34416
4.3494
4.35447
4.35935
4.364
4.3684
4.37253
4.37637
4.37992
4.38316
4.38611
4.38879
4.2669
4.26933
4.2738
4.27996
4.2866
4.29343
4.30032
4.3072
4.31404
4.32083
4.32756
4.33422
4.3408
4.34727
4.3536
4.35977
4.36573
4.37146
4.37692
4.38209
4.38695
4.39148
4.39567
4.39951
4.40302
4.24416
4.25058
4.2591
4.26848
4.27782
4.28694
4.29577
4.30433
4.31267
4.32083
4.32883
4.33669
4.34442
4.352
4.35939
4.36659
4.37354
4.38023
4.38661
4.39266
4.39835
4.40366
4.40859
4.41311
4.41724
4.2118
4.22586
4.24244
4.25689
4.26985
4.28181
4.29292
4.30336
4.31331
4.32289
4.33219
4.34124
4.35006
4.35866
4.36702
4.37511
4.3829
4.39037
4.39748
4.40421
4.41052
4.4164
4.42184
4.42683
4.43137
4.15965
4.19254
4.22453
4.24679
4.26438
4.27958
4.29311
4.30544
4.31692
4.32782
4.33826
4.34834
4.35809
4.36753
4.37665
4.38543
4.39384
4.40187
4.40948
4.41664
4.42334
4.42956
4.4353
4.44054
4.44529
4.09472
4.16698
4.21594
4.24476
4.26586
4.2834
4.29858
4.31216
4.32468
4.33646
4.34769
4.35845
4.36881
4.37879
4.38837
4.39755
4.40631
4.41461
4.42245
4.4298
4.43665
4.44297
4.44878
4.45406
4.45884
4.20476
4.2238
4.24791
4.26633
4.28256
4.29773
4.31183
4.325
4.33744
4.34931
4.36068
4.37161
4.38213
4.39223
4.40191
4.41115
4.41992
4.42822
4.43601
4.44328
4.45003
4.45623
4.4619
4.46705
4.47169
4.26866
4.27237
4.28327
4.29469
4.30665
4.31894
4.33113
4.34305
4.35465
4.36592
4.37685
4.38743
4.39764
4.40745
4.41685
4.4258
4.43429
4.44228
4.44977
4.45673
4.46316
4.46906
4.47443
4.47929
4.48365
4.33048
4.32358
4.32485
4.32993
4.33731
4.34612
4.35571
4.36567
4.37576
4.38582
4.39576
4.40549
4.41495
4.42408
4.43284
4.44119
4.4491
4.45654
4.46349
4.46994
4.47588
4.4813
4.48623
4.49068
4.49466
4.38245
4.3713
4.36733
4.36786
4.37131
4.37678
4.3836
4.39127
4.39945
4.40789
4.41644
4.42494
4.43329
4.44142
4.44925
4.45674
4.46384
4.47052
4.47675
4.48252
4.48782
4.49266
4.49704
4.50099
4.50453
4.4276
4.41471
4.40802
4.40555
4.40594
4.40852
4.41272
4.41806
4.42418
4.43081
4.43772
4.44475
4.45177
4.45868
4.46538
4.47182
4.47795
4.48372
4.4891
4.49409
4.49868
4.50285
4.50664
4.51004
4.5131
4.46712
4.4544
4.44604
4.44125
4.43918
4.43933
4.44121
4.44437
4.44848
4.45325
4.45846
4.46393
4.46951
4.47508
4.48055
4.48584
4.49091
4.4957
4.50018
4.50434
4.50816
4.51165
4.51481
4.51767
4.52024
4.50022
4.48824
4.47926
4.47301
4.46924
4.46754
4.46751
4.46879
4.47107
4.47409
4.47766
4.48158
4.48571
4.48994
4.49415
4.49829
4.50228
4.50608
4.50966
4.51299
4.51606
4.51888
4.52145
4.52377
4.52589
4.52691
4.51535
4.50651
4.49983
4.4951
4.49211
4.4906
4.49031
4.49101
4.49248
4.49454
4.49702
4.49979
4.50273
4.50575
4.50878
4.51174
4.5146
4.51732
4.51987
4.52225
4.52445
4.52647
4.52833
4.53004
4.54873
4.53799
4.52918
4.52211
4.51665
4.51266
4.50997
4.5084
4.50776
4.50789
4.50862
4.50981
4.51135
4.51312
4.51505
4.51706
4.51909
4.5211
4.52305
4.52492
4.52668
4.52834
4.5299
4.53135
4.53273
4.56586
4.55574
4.54706
4.53976
4.53378
4.52904
4.52543
4.52281
4.52106
4.52005
4.51963
4.51971
4.52018
4.52094
4.52192
4.52305
4.52428
4.52555
4.52685
4.52813
4.52939
4.53062
4.5318
4.53295
4.53407
4.57887
4.56919
4.56061
4.55314
4.54675
4.54141
4.53704
4.53357
4.5309
4.52893
4.52756
4.52671
4.52627
4.52619
4.52637
4.52677
4.52734
4.52802
4.52879
4.52962
4.53049
4.53138
4.5323
4.53324
4.5342
4.58835
4.5789
4.57034
4.56267
4.55591
4.55005
4.54505
4.54087
4.53744
4.53468
4.53253
4.53091
4.52975
4.52898
4.52854
4.52837
4.52842
4.52866
4.52904
4.52953
4.53013
4.53081
4.53158
4.53241
4.5333
4.59482
4.58542
4.57675
4.56884
4.56171
4.55537
4.54982
4.54504
4.54097
4.53758
4.53479
4.53257
4.53084
4.52955
4.52864
4.52806
4.52776
4.52769
4.52781
4.52809
4.52851
4.52909
4.5298
4.53062
4.53154
4.59882
4.58931
4.5804
4.57217
4.56464
4.55784
4.5518
4.54649
4.54189
4.53798
4.5347
4.53202
4.52987
4.52821
4.52699
4.52615
4.52563
4.5254
4.52538
4.52555
4.52588
4.52642
4.52718
4.5281
4.52913
4.60088
4.59106
4.5818
4.57315
4.56518
4.55793
4.55141
4.54563
4.54059
4.53626
4.5326
4.52958
4.52715
4.52525
4.52385
4.52288
4.52229
4.52201
4.52197
4.52208
4.52237
4.52299
4.52391
4.52501
4.52622
4.60136
4.591
4.58115
4.57192
4.56337
4.55556
4.54852
4.54226
4.5368
4.5321
4.52814
4.52488
4.52227
4.52026
4.5188
4.51783
4.51729
4.51716
4.51734
4.51747
4.51755
4.51828
4.51962
4.52108
4.52257
4.60101
4.59003
4.57956
4.56972
4.56059
4.55225
4.54473
4.53806
4.53225
4.52727
4.5231
4.51969
4.517
4.51498
4.51359
4.51282
4.51267
4.51313
4.51425
4.51408
4.51218
4.51254
4.515
4.51708
4.51893
0.0737114
0.0737248
0.0737164
0.0736785
0.0735951
0.0734948
0.0734087
0.0733568
0.0733399
0.0733474
0.221549
0.221534
0.221424
0.221202
0.220839
0.220405
0.220033
0.219807
0.2197
0.219677
0.36967
0.369567
0.369295
0.368816
0.368091
0.367292
0.366595
0.366127
0.365864
0.365759
0.518114
0.517847
0.517327
0.516514
0.515293
0.51411
0.513117
0.51232
0.511819
0.511562
0.666912
0.666407
0.665565
0.664362
0.662402
0.660763
0.659581
0.658367
0.657529
0.657046
0.816014
0.815185
0.813962
0.812376
0.809483
0.807225
0.805922
0.804283
0.803031
0.802238
0.965256
0.964002
0.962333
0.960372
0.956529
0.95361
0.952223
0.950188
0.948461
0.947263
1.11432
1.11254
1.11038
1.10809
1.10343
1.10001
1.09869
1.09633
1.09409
1.09239
1.26265
1.26027
1.25766
1.25524
1.25007
1.24648
1.24553
1.24305
1.24034
1.23809
1.40938
1.4064
1.4035
1.40134
1.39631
1.39316
1.3931
1.39091
1.38789
1.38508
1.55326
1.54978
1.54695
1.54572
1.54193
1.54024
1.54185
1.54062
1.53767
1.53442
1.69255
1.68889
1.68676
1.68752
1.68662
1.68791
1.69231
1.69314
1.69088
1.68751
1.82502
1.82184
1.82153
1.82592
1.83037
1.83661
1.8452
1.84956
1.84904
1.8461
1.94786
1.94628
1.94952
1.95964
1.97293
1.9874
2.00192
2.01135
2.01381
2.01213
2.05748
2.05945
2.06897
2.08783
2.11378
2.14168
2.16501
2.18027
2.18685
2.18743
2.14981
2.1596
2.18055
2.21301
2.25574
2.30084
2.3354
2.35745
2.36939
2.37358
2.22459
2.2486
2.28852
2.34148
2.40371
2.46499
2.5127
2.54314
2.56175
2.57103
2.2757
2.32272
2.39432
2.47775
2.55854
2.63304
2.69627
2.73684
2.76286
2.77797
2.24512
2.3689
2.5054
2.63001
2.7343
2.82187
2.89277
2.93875
2.97004
2.99053
2.25546
2.52328
2.71991
2.85692
2.96223
3.04355
3.10339
3.14448
3.17675
3.20122
3.2837
3.11304
3.13712
3.18557
3.23355
3.27796
3.31466
3.34401
3.37353
3.40008
3.65007
3.51075
3.47103
3.46395
3.47214
3.48777
3.50533
3.52413
3.55014
3.57709
3.8551
3.75545
3.70147
3.67421
3.66286
3.66168
3.667
3.67852
3.70117
3.72708
3.98177
3.91043
3.86088
3.82877
3.80964
3.80055
3.79952
3.80676
3.82647
3.85034
4.06541
4.01324
3.97201
3.94182
3.92151
3.90998
3.90643
3.91147
3.92858
3.94986
4.1238
4.08484
4.05184
4.026
4.00755
3.9964
3.99242
3.99643
4.01123
4.02972
4.16729
4.13765
4.11164
4.09053
4.075
4.06541
4.06199
4.06553
4.07827
4.09403
4.20143
4.17866
4.15836
4.14159
4.12912
4.12145
4.11892
4.12224
4.13314
4.14639
4.22948
4.21199
4.19631
4.1833
4.17364
4.16784
4.16623
4.16941
4.1787
4.18976
4.25345
4.24014
4.22823
4.21838
4.21116
4.20701
4.20624
4.20931
4.21723
4.22644
4.27462
4.26471
4.25589
4.24867
4.24351
4.24078
4.24071
4.24368
4.25047
4.25815
4.29384
4.28673
4.28047
4.27545
4.27202
4.27046
4.27098
4.27386
4.27973
4.28619
4.31169
4.30693
4.30281
4.2996
4.2976
4.29702
4.29802
4.30084
4.30599
4.3115
4.32859
4.3258
4.32346
4.32177
4.32095
4.32118
4.32258
4.32537
4.32998
4.33478
4.34482
4.3437
4.34284
4.34241
4.34257
4.34346
4.34521
4.34799
4.35223
4.35652
4.36059
4.36086
4.36123
4.36184
4.3628
4.36425
4.36628
4.3691
4.37309
4.37704
4.37605
4.37746
4.37884
4.38028
4.38189
4.38379
4.38608
4.38896
4.39282
4.39657
4.39127
4.3936
4.39578
4.39788
4.40001
4.40227
4.40478
4.40773
4.41156
4.41522
4.40629
4.40933
4.41212
4.41472
4.41724
4.41978
4.42247
4.42552
4.42939
4.43306
4.42108
4.42463
4.42785
4.43081
4.43361
4.43636
4.43919
4.44235
4.44631
4.45006
4.43558
4.43946
4.44295
4.44613
4.4491
4.45199
4.45493
4.45819
4.46228
4.46616
4.44968
4.45371
4.45733
4.46061
4.46366
4.46662
4.46964
4.47299
4.47721
4.48125
4.46323
4.46726
4.47087
4.47414
4.4772
4.48017
4.48322
4.48664
4.49101
4.49519
4.47594
4.47984
4.48333
4.4865
4.48948
4.49241
4.49546
4.49892
4.50342
4.50772
4.48765
4.49131
4.4946
4.49761
4.50046
4.50331
4.50631
4.50981
4.5144
4.51876
4.49832
4.50167
4.50469
4.50748
4.51017
4.51289
4.51582
4.51931
4.52389
4.52817
4.50778
4.51077
4.51349
4.51603
4.51852
4.52109
4.52389
4.52728
4.53162
4.53537
4.51592
4.51853
4.52094
4.52323
4.52552
4.52794
4.53061
4.53385
4.53799
4.54106
4.52263
4.52488
4.52699
4.52905
4.53117
4.53348
4.53611
4.53935
4.54391
4.54858
4.52788
4.52979
4.53162
4.53346
4.53543
4.53762
4.54017
4.54336
4.54799
4.55357
4.53168
4.53328
4.53487
4.53652
4.53831
4.54035
4.54273
4.5457
4.54978
4.55401
4.53408
4.53545
4.53684
4.53831
4.53996
4.54184
4.54405
4.54678
4.55043
4.55399
4.53521
4.5364
4.53765
4.53901
4.54053
4.54227
4.5443
4.54677
4.55004
4.55314
4.53522
4.53631
4.53749
4.53877
4.54021
4.54183
4.54369
4.54589
4.54874
4.55142
4.53427
4.53535
4.53652
4.53779
4.53919
4.54073
4.54243
4.54435
4.54674
4.54907
4.53257
4.53371
4.53494
4.53626
4.53768
4.53918
4.54076
4.54242
4.54435
4.54629
4.53028
4.53157
4.53294
4.53439
4.53588
4.5374
4.53892
4.54039
4.54188
4.54329
4.52758
4.52908
4.53067
4.53231
4.53398
4.5356
4.53712
4.53848
4.53962
4.54049
4.5242
4.526
4.5279
4.52989
4.53189
4.53379
4.53552
4.53697
4.53797
4.53842
4.5209
4.52302
4.52522
4.52744
4.52967
4.53193
4.53409
4.53596
4.53718
4.53754
)
;

boundaryField
{
    inlet
    {
        type            zeroGradient;
    }
    outlet
    {
        type            fixedValue;
        value           uniform 0;
    }
    walls
    {
        type            zeroGradient;
    }
    baffle
    {
        type            zeroGradient;
    }
    front
    {
        type            empty;
    }
    back
    {
        type            empty;
    }
}


// ************************************************************************* //
