/*--------------------------------*- C++ -*----------------------------------*\
| =========                 |                                                 |
| \\      /  F ield         | OpenFOAM: The Open Source CFD Toolbox           |
|  \\    /   O peration     | Version:  v2012                                 |
|   \\  /    A nd           | Website:  www.openfoam.com                      |
|    \\/     M anipulation  |                                                 |
\*---------------------------------------------------------------------------*/
FoamFile
{
    version     2.0;
    format      ascii;
    class       volScalarField;
    location    "504";
    object      nut;
}
// * * * * * * * * * * * * * * * * * * * * * * * * * * * * * * * * * * * * * //

dimensions      [0 2 -1 0 0 0 0];


internalField   nonuniform List<scalar> 
6556
(
0.0032982
0.011649
0.0140236
0.0144364
0.0143303
0.0143303
0.0144364
0.0140236
0.011649
0.0032982
0.00243513
0.00948155
0.0127951
0.013742
0.0138485
0.0138485
0.013742
0.0127951
0.00948155
0.00243513
0.00192748
0.00811529
0.0116929
0.013026
0.0133529
0.0133529
0.013026
0.0116929
0.00811529
0.00192748
0.00160153
0.00716111
0.0107522
0.0123282
0.0128324
0.0128324
0.0123282
0.0107522
0.00716111
0.00160153
0.00137694
0.00644867
0.0099564
0.0116691
0.0122991
0.0122991
0.0116691
0.00995641
0.00644868
0.00137694
0.00121327
0.00589056
0.00927881
0.0110565
0.0117678
0.0117678
0.0110565
0.00927883
0.00589057
0.00121327
0.00108855
0.00543724
0.00869512
0.0104915
0.0112502
0.0112502
0.0104915
0.00869514
0.00543727
0.00108855
0.000990093
0.00505866
0.00818591
0.00997172
0.0107537
0.0107537
0.00997175
0.00818595
0.0050587
0.000990095
0.000910121
0.00473555
0.0077364
0.00949376
0.0102826
0.0102826
0.0094938
0.00773647
0.00473561
0.000910124
0.000843652
0.00445503
0.00733547
0.00905381
0.00983856
0.00983858
0.00905388
0.00733557
0.00445512
0.000843657
0.000787358
0.00420812
0.00697471
0.0086482
0.00942196
0.009422
0.00864831
0.00697486
0.00420825
0.000787365
0.000738936
0.00398838
0.00664772
0.00827356
0.00903207
0.00903214
0.00827372
0.00664794
0.00398858
0.000738946
0.000696743
0.00379107
0.0063495
0.00792681
0.00866763
0.00866772
0.00792705
0.00634983
0.00379136
0.000696757
0.000659574
0.00361255
0.00607611
0.00760523
0.00832709
0.00832723
0.00760558
0.00607659
0.00361299
0.000659594
0.000626527
0.00345003
0.00582437
0.00730637
0.0080088
0.00800902
0.0073069
0.00582508
0.00345066
0.000626555
0.000596911
0.00330126
0.00559168
0.00702807
0.0077111
0.00771142
0.00702886
0.00559271
0.00330215
0.00059695
0.000570185
0.00316441
0.00537584
0.0067684
0.00743237
0.00743283
0.00676957
0.00537731
0.00316562
0.00057024
0.000545923
0.00303798
0.00517499
0.00652559
0.0071711
0.00717175
0.00652733
0.00517701
0.00303945
0.000545995
0.000523779
0.00292068
0.00498751
0.00629809
0.00692582
0.00692677
0.00630061
0.00499036
0.0029223
0.000523869
0.000503471
0.00281139
0.00481195
0.00608444
0.00669521
0.0066966
0.00608813
0.00481581
0.0028114
0.000503568
0.000484763
0.00270913
0.00464702
0.00588332
0.00647801
0.00648018
0.00588965
0.00465839
0.00274044
0.000559767
0.000467461
0.00261303
0.00449155
0.00569351
0.00627309
0.00627655
0.00570459
0.00451643
0.00268545
0.000635101
0.000451396
0.00252235
0.00434452
0.00551391
0.00607939
0.00608479
0.00553218
0.00438869
0.00264883
0.000729322
0.000436426
0.00243642
0.00420498
0.00534353
0.00589595
0.0059039
0.00537106
0.00427179
0.00264426
0.00084887
0.000422427
0.00235466
0.00407213
0.00518145
0.0057218
0.00573263
0.00521856
0.00417038
0.00266853
0.00100031
0.000409294
0.00227656
0.00394519
0.00502685
0.00555613
0.00557038
0.00507382
0.00408783
0.0027089
0.00118343
0.000396932
0.00220164
0.00382346
0.00487895
0.00539828
0.00541722
0.00494285
0.00401562
0.00275279
0.00139289
0.000385259
0.00212943
0.0037063
0.00473705
0.00524766
0.00527288
0.00482415
0.00395516
0.0027992
0.00162
0.000374199
0.00205951
0.00359305
0.00460049
0.00510371
0.00513697
0.00471653
0.00390549
0.00285155
0.00184859
0.000363686
0.00199151
0.00348312
0.00446862
0.00496589
0.00500897
0.004619
0.00386592
0.0029112
0.00206739
0.00035366
0.00192504
0.00337594
0.00434083
0.00483363
0.00488833
0.00453069
0.00383585
0.00297784
0.00227404
0.000344064
0.00185972
0.00327093
0.00421652
0.00470636
0.00477446
0.00445078
0.00381441
0.00304862
0.00246659
0.000334847
0.00179521
0.00316754
0.00409507
0.00458347
0.00466671
0.00437842
0.00380049
0.00312188
0.00264382
0.000325959
0.00173118
0.0030652
0.00397583
0.00446433
0.00456438
0.00431274
0.00379297
0.00319583
0.00280506
0.000317354
0.0016673
0.00296333
0.00385813
0.00434823
0.00446671
0.0042528
0.00379058
0.00326864
0.00294989
0.000308988
0.00160327
0.00286136
0.00374127
0.00423442
0.00437286
0.00419757
0.00379197
0.00333863
0.00307814
0.000300819
0.00153884
0.0027587
0.00362449
0.00412206
0.0042819
0.00414595
0.0037957
0.00340434
0.00318993
0.000292804
0.00147378
0.00265481
0.00350703
0.00401025
0.00419281
0.00409671
0.00380033
0.00346461
0.0032857
0.000284902
0.00140793
0.00254915
0.00338807
0.00389801
0.00410447
0.00404855
0.0038044
0.00351864
0.00336638
0.000277073
0.00134119
0.00244127
0.00326681
0.00378429
0.00401561
0.00400005
0.00380651
0.00356593
0.00343339
0.000269277
0.00127357
0.00233081
0.00314245
0.00366796
0.00392488
0.0039497
0.00380526
0.00360623
0.00348858
0.000261473
0.00120514
0.00221749
0.0030142
0.00354781
0.00383074
0.00389584
0.00379922
0.00363942
0.0035341
0.000253622
0.00113609
0.00210118
0.00288132
0.00342253
0.00373151
0.00383658
0.00378681
0.0036652
0.00357201
0.000245682
0.00106664
0.00198186
0.00274311
0.00329076
0.00362527
0.00376981
0.00376613
0.00368287
0.00360382
0.000237608
0.000997043
0.00185963
0.00259897
0.00315104
0.0035099
0.00369302
0.00373483
0.00369093
0.00362993
0.000229355
0.000927565
0.00173467
0.00244834
0.00300187
0.00338303
0.0036033
0.00368987
0.00368683
0.00364907
0.000220867
0.000858443
0.00160725
0.00229078
0.00284173
0.0032421
0.00349727
0.00362751
0.00366677
0.00365789
0.000212082
0.000789875
0.00147767
0.002126
0.00266919
0.00308443
0.00337122
0.00354324
0.00362564
0.00365086
0.000202917
0.000722007
0.00134629
0.00195388
0.00248304
0.00290746
0.00322129
0.00343206
0.00355728
0.00362055
0.00019327
0.00065494
0.0012135
0.00177461
0.00228257
0.00270913
0.00304393
0.00328896
0.00345504
0.00355829
0.00018299
0.000588746
0.0010799
0.00158892
0.00206789
0.00248837
0.00283658
0.00310969
0.00331266
0.00345532
0.000171856
0.000523492
0.000946512
0.00139848
0.00184065
0.00224608
0.00259879
0.00289197
0.00312562
0.00330421
0.000159504
0.000459201
0.000815063
0.00120676
0.00160515
0.0019864
0.00233365
0.00263712
0.00289274
0.00309991
0.000111293
0.000400711
0.000690617
0.00102023
0.00136944
0.00171799
0.00204925
0.0023514
0.00261625
0.00284001
0.000108528
0.00035527
0.000585871
0.000853176
0.00114828
0.00145566
0.00175943
0.00204515
0.00230463
0.00253344
0.000107175
0.000323889
0.00051325
0.000724941
0.000964126
0.00122185
0.00148337
0.00173851
0.00197927
0.00219981
7.85196e-05
0.000310178
0.000474021
0.000645501
0.000835032
0.00103819
0.00125037
0.00146439
0.0016731
0.00187034
6.71636e-05
0.000294807
0.000457908
0.000604598
0.000738399
0.000866726
0.00100516
0.00115173
0.00129935
0.00144382
6.52461e-05
0.000224985
0.000429567
0.000558232
0.000678412
0.000710281
0.000773183
0.000867952
0.000975314
0.00108529
6.92185e-05
0.000115539
0.000143701
0.000175598
0.000205832
0.000226066
0.000241295
0.000253846
0.000264119
0.000272493
0.000145104
0.000163823
0.000166201
0.000171364
0.000175535
0.000178085
0.000178866
0.00017775
0.000174313
0.000170156
0.000165213
0.000159468
0.000152984
0.000146015
0.00013871
0.000131151
0.000123244
0.000115901
0.000108813
0.000101705
9.43438e-05
8.64293e-05
7.74689e-05
6.64485e-05
4.2658e-05
0.000258958
0.00053095
0.000803675
0.000951513
0.00103055
0.0010777
0.00110214
0.00110653
0.00108973
0.00105849
0.00101919
0.0009721
0.000917922
0.000859549
0.000798863
0.000736532
0.000670228
0.000579634
0.000482063
0.000389094
0.00030739
0.000240121
0.00018882
0.000148342
5.10673e-05
0.000407839
0.000668531
0.00103913
0.00134186
0.00152018
0.00162316
0.00167826
0.00169797
0.00156382
0.00149776
0.00153058
0.00153251
0.00145928
0.00138021
0.001297
0.00120923
0.00111234
0.000988522
0.000841573
0.000684331
0.000532074
0.000398633
0.000292718
0.000207216
5.5161e-05
0.000671111
0.000701836
0.00106105
0.00140414
0.00165367
0.0017929
0.00186423
0.00189034
0.00178033
0.00169064
0.00169131
0.00171998
0.00164805
0.00157456
0.00150023
0.00142212
0.00133307
0.00121725
0.00106973
0.000896147
0.000710584
0.000532933
0.000380648
0.000248925
5.76548e-05
0.00102089
0.000881172
0.00120052
0.00142255
0.00166801
0.0018294
0.00190505
0.00192755
0.00191182
0.00186722
0.00180252
0.00172803
0.00165429
0.00158771
0.00152824
0.00147007
0.0014026
0.00130962
0.00118137
0.00101736
0.000826983
0.000629639
0.00044668
0.000276057
5.77526e-05
0.00128691
0.00120293
0.00139546
0.00152829
0.0016928
0.00183435
0.0019086
0.00192374
0.00189643
0.0018388
0.00176073
0.0016731
0.00159025
0.00152388
0.00147519
0.00143594
0.00139108
0.00132238
0.00121696
0.00107082
0.000889429
0.000688891
0.000489593
0.000290661
5.69301e-05
0.0015085
0.0016088
0.00162645
0.00168446
0.00178822
0.00187051
0.00191556
0.00191945
0.00187975
0.00180763
0.00171376
0.00161014
0.0015127
0.00143764
0.00139212
0.00136702
0.0013417
0.0012937
0.00120792
0.00107956
0.000911807
0.00071699
0.000511802
0.000295263
5.55667e-05
0.00172396
0.00185989
0.00187177
0.00188664
0.00193254
0.00197026
0.00197426
0.00194217
0.00187863
0.00179032
0.00167981
0.00155811
0.00144325
0.00135399
0.00130207
0.00128342
0.00127324
0.00124188
0.00117141
0.00105858
0.00090553
0.000720987
0.000517017
0.000292194
5.38076e-05
0.00193468
0.00209003
0.00212084
0.00211643
0.00211308
0.00210911
0.00207857
0.0020155
0.00192146
0.00180303
0.00166785
0.00152487
0.00138933
0.00128129
0.00121448
0.0011916
0.00118739
0.00116795
0.00111109
0.00101372
0.0008769
0.00070603
0.000508418
0.000282564
5.18268e-05
0.00213944
0.00230957
0.00236449
0.00235321
0.00231726
0.00227768
0.00221581
0.00212425
0.00200177
0.00185401
0.00168728
0.00151559
0.00135457
0.00122324
0.00113419
0.00109464
0.00108871
0.00107648
0.00103055
0.000947763
0.000827801
0.000672627
0.000485035
0.00026452
5.00053e-05
0.00233707
0.00251908
0.00259857
0.00259181
0.00253677
0.00246784
0.0023785
0.0022627
0.00211559
0.00193812
0.00173831
0.00153253
0.0013407
0.00118155
0.00106623
0.000999035
0.000979209
0.000969166
0.000934599
0.000865734
0.000762449
0.000624013
0.000449923
0.000241876
4.82086e-05
0.00252643
0.00271726
0.00282016
0.00282789
0.00276958
0.0026726
0.00256024
0.00242536
0.00225851
0.00205453
0.00182336
0.00157989
0.00135185
0.00116156
0.00101726
0.000917818
0.000868766
0.000853592
0.000828343
0.000771783
0.000684535
0.00056393
0.000407424
0.000218378
4.63681e-05
0.00270501
0.00290157
0.00302578
0.00305044
0.00299188
0.00288139
0.00275431
0.00260729
0.00242813
0.00220595
0.00194446
0.00166537
0.00139771
0.00117215
0.000997401
0.000829511
0.000775906
0.000736421
0.000716687
0.000670705
0.000598781
0.000495902
0.000363413
0.000198752
4.44974e-05
0.00287006
0.00306997
0.00321244
0.00325411
0.00320234
0.00308985
0.0029552
0.00280349
0.0026207
0.00239025
0.00211042
0.00180023
0.00149223
0.00122569
0.00101613
0.000792156
0.000661124
0.000641691
0.000601631
0.000568809
0.000511622
0.000423663
0.000309449
0.000187106
4.28124e-05
0.00301894
0.0032138
0.00337627
0.00343573
0.00339848
0.00329578
0.00315766
0.00300866
0.00283227
0.0026061
0.00232217
0.00199425
0.00165252
0.00134168
0.0010873
0.000888478
0.000619143
0.000503396
0.000493377
0.000479068
0.000433936
0.000359181
0.000240187
0.000147689
5.7891e-05
0.00314961
0.0033391
0.00349249
0.00359172
0.00357295
0.00348162
0.00335431
0.00321661
0.0030571
0.00284891
0.00257864
0.00225298
0.00189447
0.00154743
0.00124131
0.000989492
0.000790034
0.000521054
0.000390809
0.000336469
0.000331447
0.000292948
0.000247658
0.000197902
0.00012708
0.003261
0.00345333
0.00361737
0.00372076
0.00372184
0.00364909
0.00354343
0.00342176
0.00328837
0.00299959
0.00275366
0.00257376
0.00222743
0.00186854
0.0015226
0.00121091
0.000945049
0.000732375
0.000565956
0.000397662
0.000323342
0.000291768
0.000280235
0.000256996
0.000203278
0.00335261
0.00353573
0.00371201
0.00382029
0.00384315
0.00379355
0.00370963
0.00361702
0.00351555
0.00326771
0.00297355
0.00274265
0.0025655
0.00230685
0.0019601
0.00161529
0.00128841
0.000997832
0.000758912
0.000582358
0.000467683
0.000404946
0.000379713
0.000373072
0.000381761
0.00342501
0.00359477
0.00376974
0.00388884
0.00393418
0.00391146
0.00385107
0.00378794
0.00372512
0.00364817
0.00341722
0.00315868
0.00293417
0.00272696
0.00251559
0.00219875
0.00186371
0.00153418
0.00123017
0.000973409
0.000781944
0.000661807
0.000604374
0.000587362
0.000589994
0.00347986
0.00363196
0.00380081
0.00392785
0.00399267
0.0039974
0.00396284
0.00392495
0.00389868
0.00387155
0.00382809
0.00374447
0.00353664
0.00331071
0.00307023
0.00279855
0.00249776
0.00218134
0.00186443
0.00156237
0.00129255
0.00105491
0.000859925
0.000741246
0.000673373
0.00351987
0.00365015
0.00380761
0.00393802
0.0040179
0.00404816
0.00404239
0.00402574
0.00402524
0.00403913
0.00405453
0.0040491
0.0039988
0.00389755
0.00375655
0.00358612
0.00330143
0.00295747
0.0025897
0.0022344
0.0019183
0.00164594
0.00141794
0.00125898
0.00117914
0.00354859
0.00365355
0.00379414
0.0039223
0.00401302
0.00406285
0.00408295
0.00409061
0.00410635
0.00414333
0.00419984
0.00425675
0.00428627
0.00427585
0.00422918
0.00415335
0.00405512
0.00388102
0.00354933
0.00321424
0.00291367
0.00265257
0.00242731
0.00225276
0.00214709
0.00357004
0.00364752
0.00376606
0.00388558
0.0039812
0.00404554
0.00408475
0.00411336
0.00414636
0.00419498
0.00426722
0.00435655
0.00444172
0.00450307
0.00453514
0.00453941
0.00451944
0.0044797
0.00434072
0.00409767
0.00387655
0.00368445
0.0035141
0.0033643
0.00325265
0.00358812
0.00363803
0.00373047
0.00383478
0.00392824
0.0040009
0.00405432
0.00409785
0.00414381
0.00420251
0.00428058
0.00437782
0.00448396
0.0045859
0.0046738
0.00474025
0.00478064
0.00479847
0.00469484
0.00456697
0.00445857
0.00436282
0.00427215
0.00418455
0.00410331
0.00360571
0.00363074
0.00369522
0.00377867
0.00386247
0.00393598
0.00399727
0.00405123
0.00410636
0.00417134
0.00425224
0.00435093
0.00446315
0.00457967
0.00469079
0.00478866
0.0047687
0.00469801
0.00463937
0.00460186
0.00457936
0.0045644
0.0045519
0.00453717
0.00451848
0.00362376
0.00362973
0.00366763
0.0037268
0.00379431
0.00386074
0.00392236
0.00398065
0.0040404
0.00410784
0.0041888
0.00428589
0.00439743
0.00451684
0.00463493
0.00457842
0.00448038
0.00441015
0.00437281
0.00436207
0.00437189
0.00439812
0.00445259
0.00446962
0.00450271
0.00364038
0.00363604
0.00365256
0.00368769
0.00373474
0.00378721
0.00384128
0.00389639
0.00395479
0.00402049
0.00409754
0.00418861
0.00429342
0.00440754
0.00444603
0.00430118
0.00418479
0.00410699
0.00406311
0.00404256
0.00404649
0.0040721
0.0041131
0.00416486
0.0042215
0.00365036
0.00364641
0.00365043
0.00366619
0.00369268
0.00372709
0.00376707
0.00381189
0.00386247
0.00392084
0.00398948
0.00407031
0.00416353
0.00426616
0.00426118
0.00406913
0.00392295
0.00382036
0.00375307
0.00371735
0.00370867
0.00372199
0.00375224
0.00379576
0.00384753
0.00364538
0.00365295
0.00365574
0.00366085
0.00367138
0.00368808
0.00371125
0.00374104
0.00377811
0.0038236
0.00387889
0.00394516
0.00402268
0.00410985
0.00420182
0.0039742
0.00378172
0.00364733
0.00355255
0.00348874
0.00345207
0.00343894
0.00344536
0.00346701
0.00350109
0.00361475
0.00364372
0.00365684
0.00366221
0.00366528
0.00366996
0.00367862
0.00369284
0.00371393
0.00374302
0.00378119
0.00382921
0.00388736
0.00395495
0.0040296
0.0040625
0.0038173
0.00362961
0.0034963
0.00340106
0.00333368
0.00328981
0.00326665
0.00326078
0.0032693
0.00354681
0.00360419
0.00363693
0.00365317
0.00365971
0.00366164
0.00366276
0.00366592
0.0036733
0.00368661
0.00370713
0.00373577
0.00377296
0.00381859
0.00387182
0.00393051
0.00399099
0.00382169
0.00362948
0.00348684
0.00338221
0.00330584
0.00325206
0.00321675
0.00319685
0.00343049
0.00351837
0.00357672
0.00361276
0.00363283
0.00364222
0.00364531
0.00364562
0.00364602
0.00364875
0.00365557
0.00366775
0.00368609
0.00371098
0.00374236
0.00377967
0.00382171
0.00386635
0.00391182
0.00379365
0.0036364
0.00351578
0.00342598
0.00335948
0.00331166
0.0032551
0.00337274
0.00345919
0.0035201
0.00356079
0.00358607
0.00360017
0.00360676
0.00360893
0.00360924
0.00360978
0.00361218
0.00361764
0.00362699
0.0036407
0.00365893
0.00368152
0.003708
0.00373763
0.00376909
0.0038015
0.0038342
0.00379979
0.0036959
0.00361522
0.00301732
0.00316025
0.00327307
0.00335965
0.00342401
0.00347004
0.00350142
0.00352149
0.00353321
0.00353919
0.00354162
0.00354231
0.00354275
0.00354406
0.00354709
0.0035524
0.00356036
0.00357112
0.00358463
0.00360066
0.0036189
0.00363895
0.00366014
0.00368183
0.00370365
0.00272297
0.00288334
0.0030168
0.00312549
0.00321202
0.00327922
0.00332992
0.0033669
0.00339276
0.00340987
0.00342034
0.003426
0.00342839
0.00342882
0.00342831
0.00342769
0.00342758
0.00342843
0.00343057
0.00343418
0.00343934
0.00344603
0.00345413
0.00346347
0.00347384
0.00238929
0.00255588
0.00270013
0.00282277
0.0029251
0.00300887
0.00307603
0.00312865
0.00316879
0.00319843
0.0032194
0.00323336
0.0032418
0.003246
0.00324704
0.00324585
0.00324317
0.00323962
0.00323568
0.00323174
0.00322808
0.00322491
0.00322237
0.00322055
0.00321951
0.00204472
0.00220261
0.00234339
0.00246667
0.00257294
0.00266309
0.0027382
0.00279958
0.00284865
0.00288687
0.00291565
0.00293637
0.00295029
0.00295854
0.00296214
0.00296199
0.00295885
0.00295338
0.00294614
0.0029376
0.00292814
0.00291809
0.0029077
0.00289721
0.00288686
0.00158203
0.00172318
0.00187209
0.00203209
0.00215021
0.00223023
0.00229763
0.00235329
0.00239813
0.00243316
0.00245939
0.00247785
0.0024895
0.00249528
0.00249603
0.00249255
0.00248552
0.00247557
0.00246326
0.00244906
0.00243339
0.00241661
0.00239903
0.00238093
0.00236265
0.00119523
0.00131394
0.00141111
0.00146724
0.00151498
0.0015544
0.00158593
0.00161012
0.00162754
0.00163883
0.00164462
0.00164555
0.00164225
0.00163531
0.0016253
0.00161274
0.00159808
0.00158177
0.00156417
0.00154562
0.0015264
0.00150676
0.00148691
0.00146704
0.00144738
0.000279186
0.000284951
0.000289852
0.000293871
0.000297107
0.000299629
0.000301493
0.000302756
0.000303468
0.000303681
0.000303444
0.000302805
0.00030181
0.000300504
0.000298928
0.000297122
0.000295123
0.000292963
0.000290674
0.000288283
0.000285814
0.000283289
0.000280728
0.000278147
0.000275561
4.43356e-05
6.34592e-05
4.27589e-05
0.000132528
9.55864e-05
0.000211141
0.000201629
0.000288845
0.000353044
0.000408718
0.00046346
0.000385167
0.000484237
0.000460174
0.000517349
0.000658108
0.000700709
0.000809347
0.00117927
0.00123944
0.00133855
0.00210664
0.00211634
0.00215848
0.00317842
0.0031403
0.00313481
0.00404071
0.00400108
0.00398352
0.00449829
0.00448492
0.00448035
0.00453138
0.00455423
0.00457804
0.00427493
0.00432356
0.00437076
0.00389137
0.00395582
0.00401982
0.00354109
0.00358568
0.0036118
0.00328581
0.00331078
0.00334273
0.00318789
0.00318977
0.00319975
0.00327785
0.00325652
0.00324402
0.00355628
0.00351377
0.00348172
0.00372325
0.00374277
0.00376246
0.00348375
0.00349429
0.00350544
0.00321902
0.00321922
0.00321996
0.00287759
0.00286869
0.00285997
0.00234616
0.00232985
0.00231355
0.00143009
0.00141316
0.00139649
0.000273292
0.000271042
0.000268811
2.62154e-05
4.35284e-05
5.50979e-05
5.49336e-05
7.00454e-05
7.55107e-05
8.02334e-05
8.44155e-05
8.81839e-05
9.16216e-05
9.4786e-05
9.77195e-05
0.000100455
0.000103018
0.000105432
0.000107714
0.000109879
0.000111943
0.000113918
0.000115814
0.000117643
0.000119414
0.000121137
0.000122819
0.000124469
0.000126095
0.000127705
0.000129307
0.000130907
0.000132515
0.000134136
0.000135781
0.000137456
0.000139172
0.000140938
0.000142765
0.000144667
0.000146658
0.000148756
0.000150982
0.00015335
0.000155793
0.000158309
0.000160899
0.000163562
0.000166303
0.000169122
0.000172023
0.000175004
0.000178065
0.000181204
0.000184415
0.000187693
0.000191028
0.000194405
0.000197806
0.000201205
0.000204565
0.000207837
0.000210956
0.000213832
0.000216345
0.000218336
0.000219603
0.000219954
0.000219258
0.000217492
0.000214602
0.000210484
0.000204921
0.00019776
0.000188644
0.000177659
0.000165167
0.000151624
0.000138874
0.000126128
0.0001127
9.73025e-05
6.57498e-05
4.30671e-05
0.000123916
0.00014221
0.000160363
0.000183722
0.00021112
0.000240719
0.000271793
0.000303666
0.000335785
0.000367706
0.000399096
0.000429719
0.000459421
0.000488107
0.000515729
0.000542275
0.000567753
0.000592194
0.00061564
0.000638143
0.000659763
0.000680563
0.000700611
0.000719977
0.000738731
0.000756943
0.00077468
0.000792007
0.000808987
0.000825673
0.000842115
0.000858356
0.000874423
0.000890332
0.000906082
0.000921651
0.000937001
0.000951973
0.00096645
0.000980592
0.0009961
0.00101232
0.00102916
0.00104665
0.00106479
0.0010836
0.00110309
0.00112326
0.00114409
0.00116554
0.00118755
0.00121003
0.00123287
0.00125588
0.00127884
0.00130144
0.0013233
0.00134388
0.00136251
0.00137831
0.00139008
0.00139626
0.00139484
0.0013843
0.00136699
0.00134261
0.00131042
0.00126936
0.00121581
0.00115132
0.00107214
0.000982325
0.00088018
0.000745803
0.000572729
0.000415539
0.000295519
0.000209149
7.03282e-05
5.26258e-05
0.000183595
0.00022198
0.000261814
0.000312856
0.000372969
0.000439265
0.000509413
0.000581459
0.000653877
0.000725541
0.000795674
0.000863769
0.000929523
0.000992773
0.00105345
0.00111155
0.00116712
0.00122022
0.00127094
0.00131939
0.00136568
0.00140992
0.00145224
0.00149274
0.00153155
0.00156878
0.00160455
0.00163896
0.00167211
0.00170409
0.001735
0.00176491
0.00179389
0.00182199
0.00184928
0.00187578
0.00190152
0.0019265
0.00195071
0.00197416
0.00199734
0.00202175
0.00204664
0.0020718
0.00209716
0.00212264
0.00214813
0.00217352
0.00219863
0.00222326
0.00224712
0.0022699
0.00229119
0.0023105
0.00232726
0.00234078
0.00235028
0.00235484
0.00235343
0.00234491
0.00232802
0.00230137
0.00223817
0.00204841
0.00188837
0.00176975
0.00169256
0.00166269
0.00169
0.00170636
0.00158854
0.00146621
0.00133288
0.00117014
0.000937048
0.000680524
0.000456083
0.000284118
7.30883e-05
5.8249e-05
0.000232832
0.000303266
0.000371529
0.00045568
0.000552321
0.00065795
0.000768503
0.000880901
0.000992887
0.0011029
0.00120994
0.0013134
0.00141294
0.00150841
0.00159977
0.00168707
0.00177039
0.00184984
0.00192555
0.00199766
0.00206631
0.00213165
0.00219383
0.00225299
0.00230927
0.00236281
0.00241373
0.00246216
0.0025082
0.00255198
0.00259358
0.0026331
0.00267064
0.00270625
0.00274001
0.00277199
0.00280221
0.00283071
0.00285749
0.00288256
0.00290587
0.00292855
0.002951
0.00297257
0.002993
0.00301206
0.00302955
0.00304519
0.00305869
0.00306967
0.0030777
0.00308229
0.00308284
0.0030787
0.00306912
0.00305329
0.00303031
0.00299926
0.00295918
0.00290919
0.00284849
0.00277649
0.00269283
0.00250924
0.00226935
0.00208098
0.00194378
0.00185879
0.00183541
0.00185827
0.00172943
0.00160269
0.00147552
0.00133277
0.00112538
0.000852245
0.000571849
0.000329852
7.24176e-05
6.20479e-05
0.000279391
0.00038484
0.000485894
0.000604822
0.000738544
0.000881723
0.00102953
0.00117824
0.00132524
0.00146885
0.00160801
0.00174215
0.00187096
0.00199434
0.00211232
0.00222495
0.00233237
0.00243471
0.00253213
0.00262479
0.00271286
0.00279648
0.00287583
0.00295104
0.00302227
0.00308965
0.0031533
0.00321336
0.00326993
0.0033231
0.00337298
0.00341965
0.00346317
0.00350362
0.00354105
0.0035755
0.003607
0.00363556
0.00366119
0.00368385
0.00370351
0.00372009
0.00373529
0.00374838
0.00375892
0.00376659
0.00377109
0.00377209
0.00376921
0.00376202
0.00374999
0.00373255
0.00370904
0.00367871
0.00364074
0.00359426
0.00353835
0.0034721
0.00339465
0.00330526
0.00320339
0.00308885
0.00296183
0.0028231
0.00267381
0.00251647
0.00235472
0.00217497
0.00203157
0.00188139
0.00173793
0.00160574
0.00148536
0.00136654
0.00120701
0.000950877
0.000647733
0.00035478
7.0245e-05
6.47059e-05
0.000319147
0.000465637
0.000601513
0.000754909
0.000923143
0.00110013
0.00128053
0.00146042
0.00163719
0.0018092
0.00197547
0.0021355
0.00228906
0.00243612
0.00257673
0.002711
0.00283907
0.0029611
0.00307726
0.00318772
0.00329265
0.00339219
0.00348651
0.00357577
0.00366009
0.00373961
0.00381446
0.00388474
0.00395054
0.00401197
0.00406908
0.00412196
0.00417064
0.00421518
0.0042556
0.00429193
0.00432419
0.00435236
0.00437644
0.0043964
0.00441219
0.00442376
0.00443137
0.00443618
0.00443741
0.00443461
0.00442745
0.00441557
0.00439857
0.00437599
0.00434728
0.00431184
0.00426893
0.00421776
0.00415743
0.00408696
0.00400534
0.00391153
0.00380456
0.00368359
0.00354803
0.00339767
0.00323285
0.00305467
0.00286529
0.00266821
0.00246808
0.00227021
0.00207992
0.00190161
0.00173813
0.00159125
0.001462
0.00134636
0.00121627
0.00100692
0.000705252
0.000372996
6.74225e-05
6.67672e-05
0.000355144
0.000544608
0.00071558
0.000901453
0.00110062
0.00130691
0.00151498
0.00172104
0.00192262
0.00211823
0.00230706
0.00248869
0.00266299
0.00282997
0.00298973
0.00314241
0.00328815
0.00342714
0.00355952
0.00368548
0.00380516
0.00391873
0.00402634
0.00412813
0.00422423
0.00431478
0.00439987
0.00447961
0.0045541
0.00462339
0.00468756
0.00474664
0.00480069
0.00484971
0.00489374
0.00493276
0.00496678
0.00499578
0.00501975
0.00503865
0.00505242
0.00506099
0.00506426
0.00506362
0.00505858
0.00504875
0.00503376
0.00501328
0.00498692
0.00495422
0.00491465
0.00486757
0.00481223
0.00474777
0.00467319
0.00458737
0.00448911
0.00437714
0.00425018
0.00410704
0.00394676
0.00376876
0.0035731
0.00336075
0.00313396
0.00289655
0.00265414
0.00241364
0.00218256
0.00196768
0.00177328
0.00159953
0.00144817
0.00131851
0.00119464
0.00102319
0.000736429
0.000380829
6.57359e-05
6.85793e-05
0.000388434
0.000621265
0.000826446
0.00104196
0.00126805
0.00149912
0.00173019
0.00195778
0.0021797
0.00239469
0.00260207
0.00280156
0.00299312
0.0031768
0.00335273
0.00352105
0.00368193
0.00383552
0.003982
0.00412151
0.0042542
0.00438024
0.00449976
0.00461289
0.00471977
0.00482051
0.00491521
0.00500399
0.0050869
0.00516402
0.00523541
0.00530109
0.00536109
0.00541543
0.00546411
0.00550712
0.00554444
0.00557606
0.00560195
0.00562208
0.00563641
0.0056449
0.00564749
0.00564431
0.00563643
0.00562331
0.00560457
0.00557989
0.00554893
0.00551126
0.00546638
0.00541368
0.0053524
0.00528163
0.00520033
0.00510724
0.00500097
0.00487996
0.00474255
0.00458705
0.00441188
0.00421576
0.00399796
0.00375869
0.00349946
0.00322361
0.00293682
0.00264732
0.00236478
0.00209876
0.00185548
0.00164095
0.00145699
0.0013007
0.00115398
0.000955219
0.000708092
0.000386856
6.51448e-05
7.03664e-05
0.000420239
0.000695967
0.000933777
0.00117574
0.00142469
0.00167619
0.00192591
0.00217083
0.00240911
0.00263971
0.00286216
0.00307629
0.00328209
0.00347968
0.00366918
0.00385075
0.00402455
0.00419072
0.0043494
0.00450076
0.00464492
0.00478204
0.00491224
0.00503565
0.00515241
0.00526262
0.00536638
0.0054638
0.00555494
0.00563986
0.00571863
0.00579126
0.00585779
0.00591821
0.00597252
0.0060207
0.00606273
0.00609859
0.00612823
0.00615162
0.00616872
0.00617947
0.00618379
0.00618157
0.00617398
0.00616074
0.00614158
0.00611625
0.00608446
0.00604585
0.00599998
0.0059463
0.00588409
0.0058125
0.00573044
0.00563662
0.00552953
0.00540739
0.00526821
0.00510981
0.00492995
0.00472644
0.00449743
0.0042418
0.00395963
0.00365293
0.00332588
0.00298675
0.00264574
0.00231418
0.00200572
0.00173231
0.00149939
0.00130425
0.00109022
0.000921917
0.000703216
0.000406798
6.61136e-05
7.23172e-05
0.000452164
0.00077005
0.00103857
0.00130367
0.00157151
0.00183929
0.0021036
0.00236201
0.00261304
0.00285594
0.00309038
0.00331627
0.00353367
0.0037427
0.00394347
0.00413614
0.00432084
0.00449771
0.00466687
0.00482846
0.00498262
0.00512948
0.00526916
0.00540179
0.0055275
0.00564639
0.00575858
0.00586414
0.00596315
0.00605569
0.0061418
0.00622151
0.00629484
0.00636179
0.00642236
0.00647653
0.00652425
0.00656549
0.0066002
0.00662835
0.00664988
0.00666472
0.00667279
0.00667398
0.0066688
0.00665771
0.0066405
0.00661698
0.00658694
0.00655013
0.00650619
0.00645467
0.00639496
0.00632628
0.00624766
0.00615784
0.00605531
0.00593823
0.00580443
0.00565143
0.00547644
0.00527649
0.0050486
0.0047901
0.00449908
0.00417515
0.0038205
0.00344033
0.00304338
0.00264333
0.00225724
0.0019036
0.00159727
0.00134326
0.00110229
0.000884106
0.00070638
0.000446946
6.9733e-05
7.47257e-05
0.00048662
0.000845918
0.00114317
0.00142817
0.00171099
0.00199105
0.00226611
0.00253441
0.0027949
0.00304705
0.00329068
0.00352574
0.00375231
0.00397048
0.00418037
0.0043821
0.00457577
0.0047615
0.00493941
0.00510962
0.00527226
0.00542745
0.00557533
0.00571601
0.00584962
0.00597626
0.00609605
0.00620906
0.00631539
0.00641509
0.00650821
0.00659479
0.00667485
0.0067484
0.00681542
0.00687589
0.00692977
0.00697702
0.00701757
0.00705136
0.00707832
0.00709838
0.00711145
0.00711744
0.00711624
0.00710881
0.00709504
0.00707486
0.00704815
0.00701476
0.00697447
0.00692695
0.00687174
0.00680823
0.00673558
0.00665271
0.00655824
0.00645044
0.00632716
0.00618586
0.00602352
0.00583669
0.0056216
0.00537428
0.00509094
0.00476864
0.00440579
0.00400374
0.0035679
0.00310915
0.0026444
0.00219623
0.00178983
0.00144436
0.00116495
0.000886583
0.000698172
0.000489695
7.69544e-05
7.78754e-05
0.000525855
0.000879095
0.00123174
0.00155343
0.00184724
0.00213552
0.00241755
0.0026923
0.00295911
0.00321765
0.00346779
0.00370953
0.0039429
0.00416797
0.00438482
0.00459351
0.00479415
0.00498682
0.00517163
0.00534871
0.00551817
0.00568014
0.00583475
0.00598212
0.00612238
0.00625564
0.006382
0.00650155
0.00661436
0.0067205
0.00682002
0.00691295
0.00699931
0.00707911
0.00715236
0.00721902
0.00727907
0.00733244
0.00737906
0.00741885
0.00745169
0.00747749
0.00749613
0.00750748
0.00751137
0.00750852
0.00749905
0.00748303
0.00746045
0.0074313
0.00739548
0.00735282
0.00730305
0.00724573
0.00718026
0.00710579
0.00702118
0.00692493
0.00681515
0.00668946
0.00654494
0.0063781
0.00618487
0.0059606
0.00570024
0.00539863
0.00505113
0.00465441
0.00420808
0.00371669
0.00319203
0.00265484
0.00213433
0.00166381
0.00127113
0.000961899
0.000673716
0.000485205
8.75172e-05
8.24812e-05
0.000501993
0.000816765
0.00118103
0.00163302
0.00198654
0.00227828
0.00256337
0.00284113
0.00311114
0.00337318
0.00362715
0.00387299
0.00411068
0.00434024
0.00456168
0.00477505
0.00498041
0.00517785
0.00536747
0.00554939
0.00572375
0.00589068
0.00605031
0.00620278
0.00634822
0.00648672
0.0066184
0.00674333
0.00686158
0.0069732
0.00707823
0.00717671
0.00726865
0.00735407
0.00743296
0.00750532
0.00757115
0.00763038
0.00768296
0.00772871
0.00776747
0.00779913
0.00782352
0.00784051
0.00784992
0.00785201
0.0078472
0.00783566
0.00781752
0.00779287
0.00776176
0.00772418
0.00768003
0.00762912
0.00757106
0.0075053
0.007431
0.007347
0.00725175
0.00714326
0.00701897
0.00687574
0.00670969
0.00651621
0.00628989
0.00602459
0.00571365
0.00535034
0.00492882
0.00444572
0.00390283
0.00331074
0.00269259
0.00208506
0.00153459
0.00108047
0.000730665
0.000458906
0.000105428
8.86468e-05
0.000324215
0.000694707
0.00106687
0.00152938
0.00213145
0.00242584
0.00271001
0.00298728
0.0032573
0.00351982
0.00377468
0.00402174
0.00426092
0.00449216
0.00471543
0.00493074
0.00513816
0.00533776
0.00552967
0.00571402
0.00589098
0.00606069
0.00622332
0.00637901
0.00652788
0.00667004
0.00680557
0.00693454
0.00705699
0.00717296
0.00728247
0.00738553
0.00748214
0.00757232
0.00765606
0.00773335
0.00780428
0.00786457
0.00792707
0.00797856
0.00802305
0.00806039
0.00809042
0.00811299
0.00812792
0.00813507
0.00813501
0.00812802
0.00811432
0.00809414
0.00806765
0.008035
0.00799627
0.00795148
0.0079005
0.00784305
0.00777862
0.00770641
0.00762531
0.00753377
0.00742977
0.00731072
0.00717337
0.00701368
0.00682673
0.00660663
0.00634648
0.00603843
0.00567394
0.00524434
0.00474223
0.00416404
0.00351469
0.00281437
0.00210468
0.00144739
0.000903061
0.000500206
0.000210835
0.000158532
0.000366796
0.000638183
0.000978531
0.00141955
0.00199685
0.00258491
0.00286396
0.00313734
0.00340411
0.00366382
0.00391621
0.00416106
0.00439824
0.00462765
0.00484927
0.00506311
0.00526923
0.00546776
0.00565886
0.00584269
0.00601947
0.00618939
0.00635264
0.00650937
0.00665972
0.00680378
0.00694159
0.00707319
0.00719856
0.0073177
0.0074306
0.00753724
0.00763759
0.00773163
0.00781933
0.00788275
0.00792959
0.00799089
0.00807007
0.00816256
0.00821558
0.00825828
0.00829366
0.00832154
0.00834171
0.00835396
0.00835864
0.00835614
0.00834681
0.00833096
0.00830889
0.0082809
0.00824724
0.00820809
0.00816359
0.00811372
0.00805829
0.00799684
0.00792863
0.00785261
0.00776732
0.00767081
0.00756062
0.00743359
0.00728579
0.00711237
0.00690752
0.00666437
0.00637504
0.00603062
0.00562153
0.00513819
0.0045727
0.00392229
0.00319609
0.00242674
0.00168049
0.00104346
0.000584836
0.000304094
0.000446906
0.000663781
0.000984064
0.00137484
0.0018946
0.00255544
0.00302991
0.00329656
0.00355692
0.00381016
0.00405599
0.00429428
0.00452495
0.004748
0.00496347
0.00517144
0.00537203
0.00556544
0.00575191
0.00593168
0.00610501
0.00627216
0.00643338
0.00658885
0.00673867
0.00688291
0.00702153
0.00715447
0.00728163
0.00740295
0.00751834
0.00762773
0.00773104
0.00782822
0.00789671
0.00794109
0.00799491
0.00806104
0.00813923
0.00823115
0.00833251
0.00838957
0.00843
0.00846291
0.00848809
0.00850531
0.00851465
0.0085166
0.00851156
0.00849996
0.00848219
0.00845866
0.00842975
0.00839582
0.00835721
0.00831419
0.0082668
0.00821489
0.00815804
0.0080956
0.00802661
0.00794976
0.00786333
0.00776511
0.00765226
0.0075212
0.0073676
0.00718645
0.00697209
0.00671833
0.00641867
0.006067
0.00565871
0.00519268
0.00467431
0.00411939
0.00355487
0.00302024
0.0025723
0.000334187
0.000546396
0.000761102
0.00105667
0.0013984
0.00184492
0.00240777
0.00309019
0.00346708
0.00371777
0.00395995
0.00419385
0.00441976
0.00463792
0.0048486
0.00505212
0.0052487
0.00543854
0.005622
0.00579941
0.00597111
0.00613745
0.00629875
0.00645534
0.00660741
0.00675506
0.00689822
0.00703673
0.00717028
0.00729864
0.00742162
0.00753908
0.00765085
0.0077568
0.00782667
0.00787426
0.00792682
0.00798687
0.00805619
0.0081362
0.00822573
0.00832536
0.00843141
0.00849602
0.00853379
0.00856383
0.00858587
0.00859986
0.00860629
0.00860563
0.00859836
0.00858495
0.00856588
0.00854166
0.00851272
0.00847958
0.00844287
0.00840281
0.00835941
0.00831247
0.00826163
0.00820638
0.00814593
0.00807913
0.00800466
0.0079207
0.00782468
0.00771355
0.00758389
0.00743211
0.00725447
0.00704743
0.00680824
0.00653581
0.00623162
0.00589996
0.00555178
0.00502673
0.00422212
0.00378429
0.00046337
0.000679188
0.000902956
0.00116233
0.00146725
0.00184265
0.00230043
0.00287373
0.00352998
0.00388212
0.00410578
0.00431977
0.00452529
0.00472291
0.00491353
0.00509806
0.00527697
0.00545022
0.00561858
0.00578253
0.00594244
0.00609868
0.00625162
0.00640174
0.00654926
0.00669418
0.00683619
0.00697477
0.00710932
0.00723931
0.00736441
0.00748441
0.00759668
0.00764749
0.00770052
0.00775787
0.00781744
0.00788161
0.00795417
0.00803683
0.00812839
0.00822588
0.0083292
0.00843895
0.00853139
0.00856623
0.00859304
0.00861175
0.00862282
0.00862675
0.00862404
0.00861519
0.00860076
0.00858134
0.00855754
0.00853006
0.00849956
0.00846655
0.008431
0.00839276
0.00835179
0.008308
0.00826095
0.00820969
0.00815382
0.00809245
0.00802364
0.00794515
0.0078545
0.00774953
0.00762801
0.00748786
0.00732774
0.00714806
0.00695254
0.00659475
0.00607146
0.00554031
0.00506122
0.00471642
0.000666338
0.000870663
0.00108498
0.00131744
0.00159212
0.0019124
0.00229163
0.00276029
0.00333574
0.00393963
0.00422249
0.00440469
0.00457972
0.00474688
0.00490845
0.00506598
0.00522042
0.0053723
0.00552201
0.00566996
0.00581644
0.00596181
0.00610643
0.00625071
0.00639449
0.0065384
0.00668152
0.0068227
0.00696058
0.00709413
0.00722295
0.00729043
0.00734619
0.00740692
0.00746962
0.0075328
0.00759767
0.00766711
0.00774367
0.00782867
0.00792201
0.00802177
0.00812499
0.00823117
0.00834271
0.008459
0.00852637
0.00855007
0.00856619
0.00857519
0.00857756
0.00857382
0.00856457
0.00855041
0.00853206
0.00851032
0.00848614
0.00845995
0.00843139
0.00840057
0.0083678
0.00833322
0.00829681
0.00825829
0.00821728
0.00817306
0.00812446
0.00806981
0.00800673
0.0079343
0.0078511
0.00775546
0.00756414
0.00721549
0.00686634
0.00651813
0.00616155
0.00580598
0.00549764
0.00528631
0.0009674
0.00115161
0.00134958
0.00156949
0.00182311
0.00211269
0.0024494
0.00285141
0.00333739
0.00388055
0.00425167
0.00438989
0.00452391
0.00465523
0.00478523
0.00491517
0.00504581
0.00517755
0.0053101
0.00544362
0.00557824
0.00571417
0.0058518
0.00599165
0.00613559
0.0062827
0.00643151
0.00657989
0.00672492
0.00683025
0.00688635
0.00694668
0.00701154
0.00707848
0.00714561
0.00721385
0.00728429
0.00735847
0.00743813
0.00752447
0.0076177
0.00771708
0.00782108
0.00792794
0.00803638
0.00814702
0.00826224
0.00838079
0.00844025
0.00845506
0.0084633
0.00846555
0.00846232
0.00845425
0.00844202
0.00842644
0.00840827
0.0083881
0.00836559
0.00834131
0.00831557
0.00828863
0.0082606
0.00823146
0.008201
0.00816877
0.00813399
0.00809557
0.00805209
0.00800216
0.00782657
0.00754375
0.00726204
0.00699263
0.00673159
0.00647582
0.00622312
0.00598301
0.00578599
0.00565895
0.00146371
0.00161828
0.00179971
0.00201056
0.00224852
0.0025156
0.00281764
0.00316077
0.00355828
0.0039895
0.00419674
0.00429853
0.00440171
0.00450733
0.00461595
0.00472767
0.00484247
0.00496034
0.0050808
0.00520373
0.00532906
0.00545685
0.00558747
0.00572088
0.0058583
0.00599856
0.00614106
0.00628487
0.00639117
0.00645089
0.00651153
0.00657592
0.00664195
0.00670974
0.00677898
0.0068497
0.00692233
0.00699789
0.0070776
0.00716246
0.00725279
0.00734821
0.00744796
0.0075513
0.00765743
0.00776502
0.00787384
0.00798315
0.00809406
0.00820802
0.0082883
0.00829742
0.00830103
0.00829983
0.00829439
0.00828525
0.00827292
0.00825762
0.00823996
0.00822131
0.00820163
0.00818115
0.00815994
0.00813801
0.00811526
0.00809136
0.00806578
0.00803768
0.00796613
0.00775535
0.00752477
0.00729198
0.00706369
0.00684529
0.00663473
0.0064335
0.00624627
0.00608392
0.00596289
0.00589424
0.00223493
0.00235228
0.00250395
0.00268267
0.0028826
0.00310306
0.00334384
0.00360551
0.00389271
0.0041366
0.00420978
0.00428489
0.00436388
0.00444756
0.00453614
0.00462953
0.00472756
0.00482989
0.00493641
0.00504679
0.00516082
0.00527818
0.00539873
0.00552168
0.00564547
0.0057702
0.00589569
0.00599256
0.00605267
0.00611265
0.00617362
0.00623476
0.00629746
0.00636214
0.00642833
0.00649602
0.00656568
0.00663797
0.00671357
0.0067932
0.00687714
0.00696523
0.00705699
0.00715188
0.00724952
0.00734957
0.00745092
0.00755224
0.00765337
0.00775392
0.00785329
0.00795329
0.00805136
0.00808968
0.00809154
0.00808943
0.00808374
0.00807441
0.00806272
0.00804921
0.00803428
0.008019
0.00800323
0.00798688
0.00796983
0.0079518
0.00793226
0.00780715
0.00765074
0.00747658
0.0072899
0.00709712
0.00690381
0.00671799
0.00654448
0.00638576
0.00624602
0.00613343
0.00605815
0.00602507
0.00316817
0.00324001
0.00334048
0.00345981
0.00359247
0.00373791
0.00389411
0.00406404
0.00423528
0.00427522
0.00431816
0.00436596
0.00441976
0.00447997
0.00454659
0.00461941
0.00469817
0.00478255
0.00487225
0.00496689
0.00506612
0.00516935
0.00527579
0.00538481
0.00549556
0.00560726
0.0056837
0.00573753
0.00579339
0.00584957
0.00590442
0.00595937
0.00601558
0.00607315
0.00613222
0.00619299
0.00625574
0.0063208
0.0063887
0.00646009
0.00653506
0.00661348
0.00669502
0.00677928
0.00686592
0.00695425
0.00704322
0.00713222
0.00722085
0.00730852
0.00739446
0.00747881
0.00756054
0.00763801
0.00770962
0.00777636
0.00783431
0.00784358
0.00783927
0.00783197
0.00782276
0.00781211
0.00780024
0.00778778
0.00774214
0.00766534
0.0075771
0.00747429
0.00735317
0.00721465
0.00706097
0.00690103
0.0067428
0.00659218
0.00645321
0.0063291
0.00622433
0.00614567
0.0061003
0.00609087
0.00399159
0.00402176
0.00407009
0.00413202
0.0042005
0.00427198
0.00435043
0.004441
0.00448474
0.00449786
0.00451611
0.0045405
0.00457167
0.00460982
0.00465493
0.00470685
0.00476528
0.00482994
0.00490049
0.00497649
0.00505745
0.00514289
0.0052322
0.00532466
0.00541936
0.00548974
0.0055318
0.00557533
0.00562043
0.00566504
0.00570955
0.00575493
0.00580176
0.00585031
0.00590072
0.00595305
0.00600731
0.00606374
0.00612288
0.00618513
0.00625043
0.00631868
0.00638967
0.00646314
0.00653847
0.00661444
0.00669047
0.00676598
0.00684046
0.00691333
0.006984
0.00705229
0.00711746
0.0071787
0.00723485
0.00728621
0.0073321
0.00736972
0.00739714
0.00741349
0.00741807
0.00741088
0.00739244
0.00736302
0.00732338
0.00727464
0.00721451
0.00714063
0.00704916
0.00694176
0.00682312
0.00669939
0.00657644
0.00645915
0.00635155
0.00625739
0.00618114
0.00612851
0.00610502
0.00611265
0.00448562
0.00450162
0.00452575
0.00455515
0.00458629
0.00461667
0.00464993
0.00469924
0.00476651
0.00476522
0.00476835
0.00477713
0.00479191
0.00481294
0.00484033
0.00487408
0.004914
0.00495982
0.00501128
0.0050681
0.00512991
0.00519623
0.00526644
0.00533999
0.00539218
0.00541857
0.00544637
0.00547614
0.00550679
0.00553855
0.00557175
0.00560665
0.00564355
0.00568272
0.0057243
0.0057683
0.00581467
0.00586353
0.00591504
0.00596899
0.00602541
0.00608428
0.00614567
0.00620881
0.00627278
0.0063371
0.00640125
0.00646466
0.00652678
0.00658705
0.00664493
0.00670003
0.00675162
0.00679867
0.00684094
0.0068791
0.00691265
0.00694056
0.00696153
0.00697567
0.00698298
0.00698341
0.00697715
0.00696386
0.00694316
0.00691419
0.00687467
0.00682293
0.00675786
0.00668038
0.00659354
0.00650164
0.00640942
0.00632126
0.00624106
0.00617254
0.00611983
0.00608775
0.00608078
0.00610076
0.00460507
0.00463369
0.00466083
0.00468813
0.00471672
0.00474599
0.00477643
0.00481387
0.00486523
0.00492914
0.00499594
0.00502244
0.00502878
0.00503971
0.00505541
0.005076
0.00510153
0.00513197
0.00516721
0.00520708
0.00525131
0.00529679
0.00530762
0.00531793
0.005332
0.00534885
0.00536717
0.00538656
0.00540779
0.00543127
0.00545698
0.00548493
0.00551525
0.00554811
0.00558371
0.00562187
0.00566234
0.005705
0.00574969
0.00579617
0.00584472
0.00589516
0.0059468
0.00599936
0.00605258
0.00610608
0.00615943
0.00621217
0.00626386
0.00631403
0.00636224
0.00640804
0.0064509
0.00649012
0.00652536
0.00655675
0.00658405
0.00660661
0.00662414
0.00663688
0.00664502
0.00664864
0.0066477
0.00664172
0.00662987
0.00661132
0.0065851
0.00654976
0.00650434
0.00644911
0.00638618
0.00631898
0.00625119
0.00618648
0.00612835
0.00608022
0.00604579
0.00602912
0.00603399
0.00606226
0.00442236
0.00447697
0.00452769
0.00457353
0.00461707
0.00466081
0.00470396
0.0047464
0.00479253
0.00484265
0.0048927
0.00494012
0.00498305
0.00502082
0.00505383
0.00508264
0.00510745
0.00512835
0.00514547
0.00515922
0.0051709
0.00518193
0.0051931
0.00520508
0.00521882
0.00523455
0.00525182
0.0052707
0.00529146
0.00531415
0.00533871
0.00536514
0.00539347
0.00542372
0.00545585
0.00548969
0.00552508
0.00556196
0.00560028
0.00563984
0.00568028
0.00572156
0.0057637
0.0058066
0.00585008
0.00589388
0.00593768
0.0059812
0.0060241
0.00606608
0.00610681
0.00614595
0.00618307
0.00621764
0.00624931
0.00627799
0.00630354
0.00632561
0.0063439
0.00635831
0.00636886
0.00637559
0.00637848
0.00637724
0.00637135
0.00636016
0.0063429
0.00631864
0.00628678
0.00624766
0.00620269
0.00615421
0.00610503
0.00605822
0.00601675
0.00598377
0.00596257
0.00595658
0.00596899
0.0060018
0.00409217
0.00414275
0.00420607
0.0042693
0.0043293
0.004386
0.00444011
0.00449339
0.00454721
0.00460103
0.00465288
0.00470164
0.00474613
0.00478619
0.00482239
0.00485508
0.00488442
0.00491062
0.00493403
0.0049553
0.00497541
0.00499503
0.0050149
0.00503502
0.00505592
0.00507769
0.00510015
0.0051233
0.00514724
0.00517205
0.00519775
0.00522438
0.00525195
0.00528048
0.00530991
0.00534012
0.00537108
0.00540264
0.00543467
0.00546729
0.00550058
0.00553457
0.00556928
0.00560468
0.00564066
0.00567704
0.00571364
0.00575029
0.0057868
0.00582299
0.00585868
0.00589361
0.00592741
0.00595967
0.00599009
0.00601855
0.00604492
0.00606894
0.00609022
0.0061084
0.00612328
0.00613482
0.0061429
0.00614723
0.0061474
0.00614289
0.00613314
0.00611762
0.00609603
0.00606875
0.00603686
0.00600205
0.00596648
0.00593273
0.00590345
0.00588133
0.0058692
0.00587003
0.00588634
0.00592009
0.00368669
0.00376494
0.00383346
0.00388926
0.00395428
0.00402025
0.00408447
0.00414703
0.00420859
0.00426888
0.00432695
0.00438182
0.00443275
0.00447973
0.00452319
0.00456351
0.00460104
0.00463611
0.00466911
0.00470049
0.00473078
0.00476037
0.00478937
0.00481784
0.00484604
0.00487401
0.00490164
0.00492904
0.00495633
0.00498357
0.00501081
0.00503815
0.00506569
0.00509337
0.00512099
0.00514868
0.00517659
0.00520484
0.00523349
0.0052626
0.00529225
0.00532249
0.0053534
0.00538499
0.00541721
0.00544992
0.00548305
0.00551653
0.00555031
0.0055843
0.00561844
0.00565251
0.0056861
0.00571882
0.00575049
0.00578096
0.00581006
0.00583756
0.00586299
0.00588585
0.00590562
0.0059222
0.00593537
0.00594482
0.00595014
0.00595093
0.00594684
0.00593757
0.00592307
0.00590385
0.0058808
0.0058554
0.00582919
0.00580435
0.0057832
0.00576803
0.00576121
0.00576524
0.00578168
0.00581386
0.00338572
0.00343504
0.00348891
0.00354597
0.00361321
0.00367363
0.00373112
0.00379195
0.00385392
0.00391548
0.00397553
0.00403352
0.00408911
0.0041421
0.00419245
0.00424022
0.00428553
0.0043286
0.00436971
0.00440912
0.00444713
0.00448397
0.00451979
0.00455465
0.00458867
0.00462195
0.0046545
0.00468629
0.00471737
0.00474778
0.00477756
0.00480688
0.00483605
0.00486519
0.00489418
0.00492302
0.00495188
0.00498093
0.00501027
0.00503999
0.00507019
0.00510095
0.0051324
0.00516459
0.0051974
0.00523073
0.00526461
0.00529906
0.00533402
0.00536945
0.00540542
0.00544166
0.00547788
0.00551332
0.00554776
0.00558097
0.00561262
0.00564241
0.00566996
0.00569471
0.00571623
0.00573428
0.00574872
0.00575942
0.00576622
0.00576894
0.00576741
0.0057615
0.00575121
0.00573702
0.00571987
0.00570074
0.0056809
0.00566201
0.00564597
0.00563464
0.00562977
0.00563343
0.00564823
0.00568135
0.00322124
0.00325085
0.00328602
0.00332557
0.00336943
0.003417
0.0034638
0.00352012
0.00357442
0.00362837
0.00368215
0.00373595
0.00378962
0.00384217
0.00389337
0.0039431
0.00399123
0.00403777
0.00408283
0.00412653
0.004169
0.00421035
0.00425066
0.00428999
0.00432841
0.00436599
0.00440279
0.00443885
0.00447423
0.00450898
0.00454305
0.0045765
0.00460962
0.00464259
0.00467544
0.00470829
0.00474125
0.00477435
0.00480765
0.0048412
0.0048751
0.00490944
0.00494445
0.0049802
0.00501671
0.00505363
0.00509089
0.0051285
0.00516631
0.00520402
0.00524151
0.00527867
0.00531507
0.00535016
0.00538351
0.00541474
0.00544375
0.00547071
0.00549091
0.00549885
0.00550589
0.00551206
0.00551734
0.00552175
0.00552528
0.00552792
0.00552967
0.00553052
0.00553048
0.00552952
0.0055276
0.00551297
0.00549693
0.00548183
0.00546898
0.00545968
0.0054556
0.00546032
0.00547334
0.00546076
0.00324177
0.00324717
0.00325976
0.00327822
0.00330229
0.00333148
0.00336475
0.0034016
0.00344152
0.00348404
0.00352594
0.00357162
0.00361802
0.00366434
0.00371063
0.0037565
0.00380191
0.00384676
0.00389099
0.00393457
0.0039775
0.00401978
0.00406142
0.0041024
0.00414273
0.00418242
0.00422147
0.00425991
0.00429778
0.0043348
0.00437092
0.00440937
0.0044505
0.0044909
0.00452837
0.00456531
0.00460235
0.0046395
0.00467671
0.00471395
0.00475119
0.00478836
0.0048255
0.00486273
0.00489998
0.00493705
0.00497371
0.00500973
0.00504485
0.00507883
0.00511224
0.00514488
0.00515576
0.00516506
0.00517369
0.00518168
0.00518901
0.00519566
0.00520159
0.00520675
0.00521114
0.00521476
0.0052176
0.00521966
0.00522095
0.00522145
0.00522117
0.0052201
0.00521823
0.00521555
0.00521201
0.00520754
0.00520211
0.00519567
0.00518817
0.00517954
0.0051697
0.00515852
0.00514585
0.00513142
0.00345931
0.00344496
0.00343899
0.00344052
0.00344814
0.00346099
0.00347832
0.00349969
0.00352479
0.00355308
0.00358426
0.00361501
0.00364928
0.00368581
0.00372443
0.00376266
0.00380093
0.00383949
0.00387825
0.0039171
0.00395594
0.00399473
0.00403342
0.00407196
0.0041103
0.00414841
0.00418627
0.00422384
0.00426119
0.00429842
0.00433543
0.00437201
0.00440818
0.00444406
0.00447967
0.00451489
0.00454966
0.00458401
0.00461797
0.00465153
0.00468459
0.00471699
0.00474919
0.00478132
0.00479721
0.00480709
0.00481649
0.00482543
0.00483391
0.00484194
0.0048495
0.00485656
0.00486302
0.00486887
0.0048741
0.00487871
0.0048827
0.00488604
0.00488874
0.00489077
0.00489211
0.00489277
0.00489273
0.00489199
0.00489053
0.00488835
0.00488545
0.00488182
0.00487744
0.0048723
0.00486636
0.0048596
0.00485196
0.00484338
0.00483378
0.00482307
0.00481113
0.00479781
0.00478299
0.00476658
0.00378476
0.00378378
0.00376193
0.00374801
0.00374173
0.00374155
0.00374644
0.00375558
0.0037684
0.00378436
0.00380298
0.00382374
0.00384636
0.00387054
0.00389594
0.00392231
0.00394943
0.00397714
0.00400532
0.00403385
0.00406265
0.00409166
0.00412084
0.00415011
0.00417944
0.00420874
0.00423792
0.00426685
0.00429588
0.00432402
0.00433745
0.00435036
0.00436277
0.00437471
0.0043862
0.00439725
0.0044079
0.00441815
0.00442802
0.0044375
0.00444661
0.00445535
0.00446371
0.00447168
0.00447917
0.00448614
0.00449261
0.00449857
0.00450403
0.00450898
0.00451341
0.00451732
0.00452068
0.00452347
0.00452569
0.00452731
0.00452832
0.00452871
0.00452848
0.0045276
0.00452607
0.00452389
0.00452104
0.00451751
0.00451329
0.00450839
0.00450278
0.00449646
0.00448941
0.00448162
0.00447307
0.00446373
0.00445354
0.00444246
0.00443041
0.0044173
0.00440303
0.00438746
0.00437049
0.00435212
0.00351881
0.00353258
0.00354651
0.0035606
0.00357491
0.00358951
0.00360418
0.00361893
0.00363377
0.00364871
0.00366374
0.00367885
0.00369404
0.00370929
0.00372457
0.00373987
0.00375516
0.00377039
0.00378555
0.0038006
0.00381551
0.00383025
0.00384479
0.0038591
0.00387316
0.00388695
0.00390044
0.00391362
0.00392646
0.00393893
0.00395094
0.00396248
0.00397356
0.00398416
0.00399429
0.00400396
0.00401317
0.00402193
0.00403023
0.00403808
0.00404548
0.00405243
0.00405893
0.00406496
0.00407051
0.00407556
0.0040801
0.00408412
0.00408761
0.00409055
0.00409294
0.00409476
0.004096
0.00409666
0.00409672
0.00409617
0.00409499
0.00409318
0.00409072
0.00408761
0.00408384
0.0040794
0.00407427
0.00406847
0.00406196
0.00405476
0.00404684
0.00403821
0.00402885
0.00401873
0.00400786
0.0039962
0.00398371
0.00397036
0.00395608
0.0039408
0.00392444
0.00390689
0.00388807
0.00386802
0.00322166
0.00322393
0.00322678
0.00323019
0.00323412
0.00323859
0.00324369
0.00324927
0.00325521
0.00326151
0.00326814
0.00327511
0.00328239
0.00328998
0.00329786
0.00330602
0.00331443
0.00332308
0.00333194
0.00334099
0.0033502
0.00335954
0.00336898
0.00337849
0.00338804
0.00339759
0.00340712
0.00341659
0.00342597
0.00343522
0.00344431
0.0034532
0.00346186
0.00347026
0.00347836
0.00348616
0.00349363
0.00350074
0.0035075
0.00351386
0.00351984
0.0035254
0.00353053
0.00353522
0.00353946
0.00354322
0.00354648
0.00354924
0.00355148
0.00355317
0.00355431
0.00355487
0.00355484
0.00355422
0.00355297
0.0035511
0.00354859
0.00354542
0.00354159
0.00353709
0.0035319
0.00352603
0.00351945
0.00351217
0.00350417
0.00349546
0.00348602
0.00347584
0.00346493
0.00345327
0.00344084
0.00342763
0.00341362
0.00339877
0.00338305
0.0033664
0.00334875
0.00333005
0.00331021
0.00328931
0.00285061
0.00284154
0.00283299
0.00282498
0.00281754
0.00281068
0.00280443
0.00279885
0.00279402
0.00278986
0.00278623
0.00278314
0.0027806
0.00277859
0.00277711
0.00277613
0.00277566
0.00277566
0.00277613
0.00277704
0.00277837
0.0027801
0.0027822
0.00278465
0.00278743
0.00279049
0.00279382
0.00279738
0.00280115
0.00280507
0.00280914
0.00281329
0.00281752
0.00282177
0.00282601
0.00283021
0.00283433
0.00283834
0.00284221
0.0028459
0.0028494
0.00285266
0.00285566
0.00285836
0.00286075
0.0028628
0.00286447
0.00286575
0.0028666
0.00286701
0.00286695
0.00286639
0.00286531
0.00286369
0.00286152
0.00285877
0.00285542
0.00285146
0.00284688
0.00284166
0.00283579
0.00282926
0.00282206
0.00281418
0.00280562
0.00279637
0.00278643
0.00277579
0.00276445
0.00275241
0.00273965
0.00272617
0.00271196
0.002697
0.00268126
0.00266472
0.00264733
0.00262905
0.00260982
0.00258973
0.00229529
0.0022772
0.00225957
0.00224245
0.00222591
0.00221
0.00219475
0.00218018
0.00216633
0.00215322
0.00214093
0.00212944
0.00211871
0.0021087
0.00209935
0.00209062
0.0020825
0.00207499
0.00206807
0.00206171
0.00205591
0.00205063
0.00204586
0.00204156
0.00203773
0.00203433
0.00203133
0.00202872
0.00202647
0.00202455
0.00202293
0.00202159
0.0020205
0.00201963
0.00201895
0.00201843
0.00201804
0.00201775
0.00201753
0.00201734
0.00201716
0.00201696
0.00201671
0.00201636
0.00201591
0.0020153
0.00201452
0.00201354
0.00201232
0.00201084
0.00200907
0.00200698
0.00200454
0.00200174
0.00199855
0.00199495
0.00199092
0.00198643
0.00198148
0.00197605
0.00197012
0.00196368
0.00195673
0.00194926
0.00194126
0.00193273
0.00192367
0.00191408
0.00190395
0.00189329
0.00188209
0.00187036
0.0018581
0.00184528
0.00183191
0.00181797
0.00180344
0.0017883
0.00177251
0.00175612
0.00137784
0.00135959
0.0013419
0.0013248
0.00130832
0.00129248
0.00127728
0.00126272
0.00124879
0.00123548
0.00122278
0.00121069
0.00119918
0.00118824
0.00117788
0.00116808
0.00115881
0.00115005
0.00114177
0.00113396
0.00112659
0.00111958
0.00111291
0.00110657
0.00110056
0.00109484
0.00108942
0.00108427
0.00107938
0.00107474
0.00107033
0.00106615
0.00106217
0.00105838
0.00105477
0.00105133
0.00104802
0.00104483
0.00104174
0.00103875
0.00103583
0.00103297
0.00103016
0.00102738
0.00102461
0.00102185
0.00101907
0.00101626
0.0010134
0.00101048
0.00100748
0.00100439
0.0010012
0.000997879
0.000994428
0.000990832
0.000987079
0.00098316
0.000979064
0.000974784
0.000970314
0.000965647
0.000960779
0.000955706
0.000950428
0.000944941
0.000939247
0.000933344
0.000927234
0.000920918
0.000914394
0.000907665
0.000900728
0.000893581
0.00088622
0.000878639
0.000870832
0.000862792
0.000854517
0.000846055
0.000266258
0.000263742
0.000261273
0.000258853
0.000256487
0.000254176
0.000251923
0.000249729
0.000247593
0.000245517
0.0002435
0.000241541
0.000239641
0.000237797
0.000236009
0.000234274
0.000232593
0.000230963
0.000229383
0.000227852
0.000226368
0.000224933
0.000223545
0.000222202
0.000220902
0.000219645
0.000218428
0.000217251
0.000216112
0.00021501
0.000213943
0.00021291
0.000211911
0.000210944
0.000210007
0.0002091
0.000208222
0.00020737
0.000206545
0.000205744
0.000204967
0.000204212
0.000203478
0.000202765
0.00020207
0.000201392
0.000200731
0.000200085
0.000199454
0.000198835
0.000198227
0.00019763
0.000197043
0.000196463
0.000195889
0.000195321
0.000194758
0.000194197
0.000193637
0.000193079
0.000192519
0.000191957
0.000191393
0.000190823
0.000190249
0.000189667
0.000189078
0.00018848
0.000187873
0.000187254
0.000186624
0.00018598
0.000185323
0.000184652
0.000183964
0.00018326
0.000182538
0.000181797
0.000181036
0.000180255
0.000325603
0.000308991
0.000306566
0.00226477
0.00212301
0.00153622
0.00375275
0.00373483
0.00348651
0.0044972
0.00434405
0.00430754
0.00516987
0.00509927
0.0050917
0.00560057
0.00559523
0.00565262
0.0058727
0.00589235
0.00597159
0.00602884
0.00606631
0.00615753
0.00611178
0.00616153
0.00626174
0.00614599
0.00620466
0.00631169
0.0061432
0.00621013
0.0063213
0.00611021
0.00618058
0.00630175
0.0060523
0.00612529
0.00625271
0.0059708
0.00604959
0.00617584
0.00586697
0.00594811
0.00600882
0.00573613
0.00573817
0.00572089
0.00544709
0.00543163
0.00541329
0.00511616
0.00509938
0.00508011
0.00474986
0.00473184
0.00471161
0.00433399
0.00431472
0.00429351
0.00384875
0.00382848
0.00380652
0.00326963
0.00324909
0.00322711
0.00257113
0.0025518
0.00253131
0.00174119
0.00172572
0.00170944
0.000838431
0.000830471
0.000822103
0.000179563
0.000178854
0.000178124
4.45176e-05
7.47313e-05
9.14496e-05
0.000106023
0.000119468
0.000132222
0.000144528
0.000156626
0.000168956
0.000181549
0.00019354
0.000205222
0.000216654
0.000227787
0.000238836
0.000250181
0.000263046
0.00027592
0.00029053
0.000306386
0.000322863
0.000343022
0.00036613
0.000291791
0.00042615
5.57069e-05
0.000193566
0.000268515
0.000361167
0.000480904
0.000624355
0.000784864
0.000951431
0.00110635
0.0012277
0.00133966
0.00144779
0.00155363
0.00165739
0.00175886
0.00185625
0.00193907
0.00201897
0.00211567
0.0020011
0.00168866
0.00147813
0.00119476
0.00103535
0.000709134
6.34726e-05
0.000304508
0.000486047
0.000701267
0.00096802
0.0012738
0.0015983
0.00191835
0.00220972
0.00246177
0.00269204
0.00290759
0.00311044
0.00329986
0.0034725
0.00361847
0.00350765
0.00300998
0.00258416
0.00226694
0.00200236
0.00177694
0.00156609
0.0013995
0.00124536
6.86252e-05
0.000407684
0.000729408
0.00108298
0.00148802
0.0019247
0.00236578
0.00278604
0.00316423
0.00349741
0.0037959
0.00406527
0.00430726
0.00452051
0.00469902
0.00464807
0.00393499
0.00331234
0.0028609
0.00253637
0.00227671
0.00204429
0.00183064
0.00163385
0.00145951
7.27435e-05
0.000500161
0.00097288
0.00146118
0.00197898
0.00250648
0.00301805
0.00349245
0.00391081
0.004277
0.00459727
0.0048759
0.00511451
0.00531096
0.00546239
0.00497612
0.00415427
0.00355489
0.0031373
0.00281129
0.0025317
0.00228187
0.00206
0.00186962
0.00171702
7.65559e-05
0.000579415
0.00119248
0.00180186
0.00240805
0.00299531
0.00354407
0.00403898
0.00446828
0.00483727
0.00515147
0.00541499
0.00562889
0.00579354
0.00590706
0.00502395
0.00424102
0.00370803
0.00332339
0.00300814
0.00273096
0.00248382
0.0022666
0.00208062
0.00192861
8.03481e-05
0.000646097
0.00137744
0.00208992
0.00276563
0.00339257
0.00395873
0.00445566
0.00487911
0.00523533
0.00553045
0.00576808
0.00595179
0.00608255
0.00581559
0.00494676
0.00427453
0.00381788
0.00347011
0.0031722
0.00290504
0.00266584
0.00245605
0.00227743
0.00213135
8.42985e-05
0.00070376
0.00153099
0.00232854
0.00305928
0.00371344
0.00428624
0.00477631
0.00518591
0.00552274
0.0057932
0.00600371
0.00615842
0.00625882
0.00562276
0.00486635
0.00430962
0.00391379
0.00359544
0.00331416
0.00305964
0.00283194
0.00263263
0.00246248
0.0023213
8.87049e-05
0.000758322
0.0016658
0.00253311
0.00330707
0.00397961
0.00455261
0.00503148
0.00542352
0.00573773
0.00598347
0.00616796
0.00629588
0.00617301
0.00547055
0.00482997
0.00436065
0.00400774
0.00371198
0.00344672
0.00320629
0.00299146
0.00280326
0.00264176
0.00250598
9.41135e-05
0.000817733
0.00179878
0.00272444
0.00353143
0.00421445
0.0047822
0.0052464
0.005618
0.00590886
0.00612989
0.0062893
0.00639244
0.0060006
0.00538135
0.00484173
0.00443333
0.00411114
0.00383341
0.00358255
0.00335549
0.00315282
0.00297485
0.00282101
0.00268979
0.000101775
0.000891979
0.0019485
0.00292475
0.003755
0.00444028
0.00499647
0.00544124
0.00578959
0.00605492
0.00624985
0.00638375
0.00638854
0.00591224
0.00536693
0.00490138
0.00453554
0.0042355
0.00397173
0.00373283
0.00351714
0.00332461
0.00315469
0.00300645
0.00287804
0.000112974
0.000992578
0.00213279
0.0031553
0.00400012
0.00467821
0.00521443
0.00563258
0.00595216
0.00618745
0.00635305
0.00645966
0.00637212
0.00591859
0.0054317
0.00501724
0.00468028
0.00439476
0.00414006
0.00390942
0.00370176
0.00351584
0.00335041
0.00320443
0.00307582
0.000132561
0.00113271
0.0023743
0.00344327
0.00429289
0.0049497
0.00545283
0.00583292
0.00611398
0.00631226
0.00644357
0.00651989
0.00646407
0.00603225
0.00558499
0.00520523
0.00488567
0.0046063
0.00435399
0.00412617
0.0039214
0.00373662
0.00357019
0.00342148
0.00328811
0.000164568
0.00104818
0.0023458
0.00358616
0.00464691
0.00527702
0.00572322
0.00604775
0.00627771
0.00643007
0.00652126
0.00656357
0.0065654
0.00626205
0.00585069
0.00548817
0.00517389
0.00489148
0.00463292
0.00439989
0.00418981
0.00399776
0.0038223
0.00366369
0.00351908
0.00060302
0.00138259
0.00239458
0.00365493
0.00476306
0.00566976
0.00602342
0.00627158
0.00643769
0.0065363
0.00658303
0.00658881
0.00656115
0.00650499
0.00622618
0.00588073
0.00556869
0.00527439
0.00499825
0.00474749
0.00451895
0.00430764
0.00411246
0.00393444
0.00376986
0.00153948
0.00252229
0.00355177
0.00448095
0.00535474
0.00608129
0.00632396
0.00648477
0.00658001
0.00662238
0.00662424
0.006594
0.00653756
0.00645898
0.00636098
0.00624606
0.00606673
0.00575048
0.005448
0.00517206
0.00491377
0.00466786
0.00443925
0.00422965
0.0040343
0.00333535
0.00387566
0.00466452
0.00539248
0.00608329
0.00645816
0.00658767
0.0066625
0.00668975
0.00668004
0.00664113
0.00657862
0.00649665
0.00639827
0.00628575
0.00616096
0.00602539
0.00588028
0.00572615
0.00556329
0.00536058
0.00506261
0.00478613
0.00453435
0.0042993
0.0045053
0.00496225
0.00552536
0.00613558
0.00666727
0.00674411
0.00678291
0.00678514
0.00675739
0.00670521
0.00663302
0.00654425
0.00644167
0.00632744
0.00620329
0.00607066
0.00593075
0.00578446
0.0056315
0.00547136
0.00530312
0.00512502
0.00493477
0.00472916
0.00450413
0.00527048
0.00567062
0.006184
0.00673158
0.0069248
0.00692369
0.00689767
0.00684957
0.00678247
0.00669928
0.00660253
0.00649438
0.00637669
0.00625102
0.00611866
0.00598075
0.00583824
0.00569161
0.00553996
0.00538236
0.00521759
0.00504369
0.00485794
0.0046568
0.00443597
0.00583957
0.00618729
0.00664829
0.00708575
0.00705539
0.00700724
0.00694252
0.00686296
0.00677046
0.00666684
0.00655376
0.00643276
0.00630518
0.0061722
0.00603485
0.00589404
0.00575063
0.00560454
0.00545439
0.00529908
0.00513714
0.00496643
0.00478403
0.00458624
0.00436865
0.00616523
0.0065033
0.00694016
0.0071495
0.00709139
0.00701849
0.00693256
0.00683526
0.00672813
0.00661264
0.00649012
0.0063618
0.00622878
0.00609202
0.0059524
0.00581076
0.00566788
0.00552287
0.00537423
0.00522083
0.00506105
0.00489264
0.0047126
0.00451715
0.00430181
0.00635182
0.00668873
0.00712285
0.00713292
0.00706113
0.00697634
0.0068803
0.00677458
0.00666062
0.00653974
0.00641315
0.00628192
0.00614705
0.0060094
0.00586979
0.00572904
0.00558766
0.005444
0.00529682
0.00514497
0.00498676
0.00481991
0.00464139
0.00444742
0.00423349
0.00646295
0.0067988
0.00712167
0.00705828
0.00698139
0.00689266
0.00679366
0.00668586
0.0065706
0.00644912
0.00632252
0.00619185
0.00605802
0.00592188
0.00578422
0.00564583
0.00550642
0.00536429
0.00521851
0.00506793
0.00491088
0.00474504
0.00456743
0.00437428
0.00416111
0.00652144
0.00685623
0.00700252
0.00693833
0.00686175
0.00677417
0.00667697
0.00657145
0.00645883
0.00634026
0.0062168
0.00608943
0.00595908
0.00582653
0.00569243
0.00555737
0.00542004
0.00527955
0.00513519
0.00498579
0.00482968
0.00466456
0.00448747
0.00429473
0.0040819
0.00653635
0.00686267
0.00684278
0.00678107
0.00670809
0.00662491
0.00653264
0.00643238
0.00632523
0.00621222
0.00609432
0.00597249
0.00584763
0.0057203
0.0055909
0.00545905
0.00532384
0.00518531
0.00504261
0.00489454
0.00473941
0.00457494
0.00439823
0.00420569
0.00399301
0.00651462
0.00669576
0.00664948
0.00659228
0.00652487
0.00644804
0.00636265
0.00626965
0.00616992
0.00606435
0.00595374
0.00583876
0.00571997
0.00559798
0.00547306
0.00534479
0.00521305
0.0050772
0.00493667
0.0047903
0.00463639
0.00447269
0.00429639
0.00410405
0.00389152
0.00645564
0.00647206
0.0064295
0.00637749
0.00631643
0.0062468
0.0061691
0.00608387
0.00599193
0.00589401
0.00579081
0.00568283
0.00557044
0.00545412
0.00533415
0.00521054
0.00508307
0.00495099
0.00481345
0.00466929
0.00451695
0.00435427
0.00417857
0.00398659
0.00377443
0.00625622
0.00622513
0.00618592
0.00613861
0.00608334
0.00602036
0.00594998
0.00587251
0.00578847
0.00569838
0.00560275
0.00550202
0.00539658
0.00528671
0.00517258
0.00505416
0.00493122
0.00480321
0.00466914
0.00452779
0.0043774
0.00421608
0.00404127
0.00384997
0.00363858
0.00598644
0.00595679
0.00592045
0.00587726
0.00582716
0.0057702
0.00570652
0.00563633
0.0055599
0.00547753
0.00538955
0.00529625
0.00519789
0.00509462
0.0049865
0.00487344
0.00475515
0.00463107
0.00450038
0.00436182
0.00421388
0.00405428
0.00388076
0.00369065
0.0034807
0.00569817
0.00566951
0.00563536
0.00559548
0.00554968
0.00549788
0.00544006
0.00537627
0.00530662
0.00523125
0.0051503
0.00506393
0.00497223
0.00487524
0.0047729
0.00466504
0.00455129
0.00443109
0.00430362
0.00416775
0.00402203
0.00386461
0.00369307
0.00350493
0.00329744
0.00539011
0.00536199
0.00532934
0.00529186
0.00524933
0.00520156
0.00514845
0.00508992
0.00502595
0.00495652
0.00488166
0.00480135
0.00471559
0.00462427
0.00452725
0.00442424
0.00431484
0.00419844
0.00407423
0.00394116
0.00379788
0.00364277
0.00347388
0.00328897
0.00308542
0.00505635
0.00502839
0.00499661
0.00496071
0.00492047
0.00487566
0.0048261
0.00477165
0.00471218
0.00464758
0.00457775
0.00450257
0.00442192
0.0043356
0.00424336
0.00414486
0.00403964
0.00392707
0.00380638
0.00367655
0.00353639
0.0033845
0.00321933
0.00300151
0.00273645
0.00468706
0.0046589
0.00462746
0.00459249
0.00455373
0.00451098
0.00446401
0.00441262
0.00435664
0.00429589
0.00423018
0.00415931
0.00408308
0.00400121
0.0039134
0.00381925
0.00371827
0.00360985
0.00349326
0.0033676
0.00323188
0.00308377
0.00285477
0.00262126
0.0023948
0.00426805
0.00423948
0.00420809
0.00417363
0.00413588
0.00409462
0.00404962
0.00400066
0.00394754
0.00389002
0.00382788
0.00376089
0.00368877
0.00361122
0.0035279
0.00343841
0.00334226
0.00323889
0.00312764
0.00300781
0.00285577
0.00265734
0.00245641
0.00226162
0.00207646
0.00378036
0.00375155
0.00372031
0.00368643
0.0036497
0.00360991
0.00356684
0.00352028
0.00347
0.00341576
0.00335734
0.00329447
0.00322689
0.00315429
0.00307634
0.00299266
0.00290283
0.00280637
0.00270276
0.00258328
0.00241538
0.00224459
0.00207819
0.00191898
0.00176663
0.00320105
0.0031728
0.00314251
0.00310999
0.00307507
0.00303755
0.00299725
0.00295395
0.00290746
0.00285757
0.00280405
0.00274668
0.00268521
0.00261938
0.00254892
0.00247353
0.0023929
0.00230668
0.00221453
0.00211604
0.00198403
0.00184492
0.00170989
0.00158003
0.00145426
0.0025071
0.00248119
0.00245368
0.00242442
0.00239325
0.00236004
0.00232461
0.00228682
0.00224651
0.00220349
0.00215762
0.00210872
0.0020566
0.00200111
0.00194206
0.00187928
0.00181259
0.00174182
0.00166684
0.00158749
0.00150349
0.0014149
0.00132202
0.00122528
0.00112517
0.00169023
0.00166991
0.00164852
0.00162597
0.00160216
0.00157697
0.00155032
0.0015221
0.00149222
0.00146057
0.00142708
0.00139165
0.0013542
0.00131466
0.00127296
0.00122905
0.00118288
0.00113444
0.00108372
0.00103075
0.000975581
0.000918331
0.000859179
0.000798401
0.000736316
0.000812247
0.000802019
0.000791372
0.000780238
0.00076857
0.000756329
0.000743479
0.000729985
0.000715815
0.000700941
0.00068534
0.000668993
0.000651885
0.000634006
0.000615354
0.000595931
0.000575745
0.000554812
0.000533158
0.000510817
0.000487838
0.000464277
0.000440206
0.000415711
0.000390853
0.00017727
0.000176386
0.000175472
0.000174524
0.00017354
0.000172518
0.000171453
0.000170343
0.000169183
0.000167968
0.000166695
0.000165358
0.00016395
0.000162466
0.000160899
0.00015924
0.00015748
0.00015561
0.000153617
0.000151488
0.000149206
0.000146753
0.000144106
0.000141233
0.000138099
0.000189993
0.00102111
0.00120962
0.00142781
0.00167863
0.00191628
0.00195802
0.00160963
0.000849245
0.000181163
0.000208513
0.000951437
0.00112605
0.00140561
0.0016685
0.00192541
0.00198536
0.00164404
0.000868339
0.000181962
0.000224779
0.000930952
0.00108209
0.00138036
0.00165728
0.00193516
0.00201466
0.00168116
0.000889029
0.000182698
0.000247486
0.000895461
0.00102491
0.00133157
0.00164576
0.00194536
0.00204515
0.0017205
0.000912211
0.000183366
0.000274896
0.000862859
0.000970773
0.00128447
0.00163388
0.00195581
0.00207662
0.00176187
0.000937261
0.000183952
0.000299554
0.000829361
0.000916083
0.0012379
0.00162194
0.00196666
0.00210912
0.00180536
0.00096452
0.000184443
0.000303655
0.000795693
0.000863712
0.00119584
0.00161026
0.00197807
0.00214266
0.00185083
0.000994054
0.000184828
0.000307323
0.000763221
0.000814535
0.00116199
0.00159925
0.00199033
0.00217722
0.00189796
0.00102586
0.000185092
0.000308614
0.00072808
0.000762549
0.00113791
0.0015896
0.00200397
0.00221286
0.00194617
0.00105966
0.000185222
0.000304875
0.000688764
0.000722237
0.00114819
0.00158237
0.0020197
0.00224961
0.00199456
0.0010948
0.000185206
0.000297234
0.000654895
0.000676993
0.0011633
0.00157895
0.00203839
0.00228751
0.00204191
0.00113017
0.000185036
0.000285897
0.000616024
0.000633744
0.00114113
0.00158078
0.00206095
0.00232655
0.00208681
0.0011636
0.000184707
0.000270643
0.000572245
0.000591438
0.0011257
0.00158877
0.00208827
0.00236648
0.00212744
0.00119156
0.000184226
0.000252
0.000520952
0.000553876
0.00112072
0.00160351
0.00212365
0.0024106
0.00216463
0.0012143
0.000183464
0.000229512
0.00045963
0.000532374
0.00112932
0.00163876
0.00217712
0.00246287
0.00219836
0.00123187
0.000182258
0.000208087
0.000399145
0.000574671
0.00116226
0.00170227
0.00225414
0.0025235
0.00222526
0.00124209
0.000180516
0.000190149
0.000347112
0.000794062
0.00122733
0.00180386
0.00235997
0.00259016
0.0022399
0.00124212
0.000178196
0.000176572
0.000305254
0.000858702
0.00134157
0.00195639
0.00244169
0.00216272
0.00176248
0.00122938
0.000175277
0.000163519
0.00036514
0.000976573
0.00153607
0.00190291
0.00186276
0.00169236
0.00142983
0.00110161
0.0001718
0.000173225
0.000702254
0.000949848
0.00131203
0.0015523
0.00152497
0.00142439
0.00123238
0.000956146
0.000168039
0.000599846
0.000606793
0.000854954
0.00120633
0.00136775
0.00136758
0.0012948
0.00113152
0.000881269
0.000164217
0.00075677
0.000958736
0.00118557
0.00131717
0.00135807
0.0013379
0.00125408
0.00109623
0.000853979
0.000160444
0.00114171
0.00114577
0.00126465
0.00136922
0.00138564
0.00134638
0.00125781
0.00110343
0.000860577
0.000156838
0.00135817
0.00136023
0.00141224
0.00144043
0.001433
0.00139343
0.00130204
0.00114546
0.00089472
0.000153487
0.00160847
0.00155061
0.00154102
0.0015463
0.00152966
0.0014775
0.00137645
0.00121507
0.000950847
0.000150418
0.00181532
0.00174634
0.00171059
0.00168332
0.00164453
0.0015802
0.00147371
0.00130815
0.000940988
0.000147611
0.00201658
0.00193337
0.00187553
0.00182866
0.00177658
0.00170113
0.00158915
0.00141979
0.000914353
0.000145193
0.00220627
0.00211666
0.00204682
0.00198563
0.00192088
0.00183433
0.00171784
0.0015441
0.000891535
0.000143173
0.00239188
0.0022977
0.00221894
0.00214741
0.00207201
0.00197625
0.00185613
0.00167042
0.000871632
0.000141507
0.00257647
0.00247877
0.00239318
0.00231291
0.00222645
0.00212437
0.00200014
0.00163533
0.000853708
0.000140153
0.0027642
0.0026623
0.00256986
0.00248034
0.00238226
0.00227343
0.00214079
0.0016038
0.000839291
0.000139078
0.00295879
0.00285064
0.00274958
0.0026482
0.00253947
0.00242199
0.00217969
0.00157461
0.000827795
0.000138233
0.00316371
0.00304567
0.00293204
0.00281525
0.00269549
0.00256325
0.0021421
0.00154793
0.000818701
0.000137572
0.00338129
0.00324754
0.0031154
0.00298192
0.00284747
0.00260922
0.0021055
0.00152392
0.000811504
0.000137058
0.00361045
0.00345299
0.0032969
0.00314523
0.00298608
0.00256722
0.00206992
0.00150188
0.000805694
0.000136655
0.00384369
0.00365542
0.00347475
0.00329519
0.00296989
0.0025246
0.00203563
0.00148109
0.000800814
0.000136334
0.00407016
0.00384737
0.00363442
0.00332513
0.00292258
0.00248219
0.00200202
0.00146082
0.00079646
0.00013607
0.00424869
0.00395874
0.00363444
0.00327305
0.00287427
0.00243976
0.00196832
0.00144036
0.000792267
0.00013584
0.00418441
0.00389818
0.00357737
0.00321964
0.00282526
0.0023966
0.00193373
0.00141906
0.0007879
0.000135623
0.00412014
0.00383704
0.00351935
0.00316504
0.00277481
0.00235179
0.00189742
0.00139631
0.000783035
0.000135403
0.00405543
0.00377466
0.00345946
0.00310808
0.00272171
0.00230427
0.00185857
0.00137152
0.000777357
0.00013516
0.00398843
0.00370926
0.00339599
0.00304721
0.00266464
0.00225298
0.00181638
0.00134412
0.000770554
0.00013488
0.00391674
0.00363866
0.00332699
0.00298073
0.00260217
0.0021968
0.00177003
0.00131354
0.000762315
0.000134544
0.00383782
0.00356057
0.00325043
0.0029069
0.00253289
0.00213464
0.00171874
0.00127927
0.000752337
0.000134139
0.00374908
0.00347263
0.00316423
0.00282396
0.00245537
0.00206541
0.00166175
0.00124082
0.000740324
0.000133647
0.00364781
0.00337242
0.00306628
0.0027301
0.00236815
0.00198803
0.00159833
0.00119773
0.000725987
0.000133053
0.00353125
0.00325745
0.0029544
0.00262351
0.00226978
0.00190144
0.00152785
0.00114961
0.000709051
0.000132338
0.00339651
0.00312516
0.00282637
0.00250232
0.00215884
0.00180468
0.00144974
0.00109617
0.000689242
0.00013148
0.00324066
0.00297295
0.00267993
0.00236465
0.00203396
0.00169699
0.00136366
0.00103716
0.000666283
0.000130453
0.00306069
0.00279079
0.00247171
0.00217388
0.00189413
0.00157799
0.00126953
0.000972465
0.000639865
0.000129215
0.0027927
0.00249443
0.00221704
0.00195676
0.00170471
0.00144793
0.00116756
0.000901972
0.000609597
0.000127706
0.00247142
0.00222021
0.00198481
0.00175588
0.00152505
0.00129174
0.0010582
0.000818068
0.000574944
0.000125835
0.00217567
0.00196622
0.00176303
0.0015592
0.00134936
0.00113469
0.000919988
0.000702904
0.000531675
0.000123456
0.00189484
0.00171718
0.00154039
0.00135976
0.0011718
0.000979465
0.000787928
0.000596279
0.000447891
0.000120356
0.00161462
0.00146336
0.00131098
0.00115427
0.000990484
0.000825294
0.000660592
0.000496243
0.000373068
0.000116364
0.00132663
0.00119814
0.0010685
0.000936955
0.000804143
0.000671414
0.000536435
0.000402528
0.000307254
9.46709e-05
0.0010182
0.000910128
0.000803517
0.000701168
0.000605883
0.000515639
0.000413664
0.000318497
0.000258625
9.16495e-05
0.000670683
0.000605161
0.000541023
0.000475501
0.000414099
0.000354815
0.000292731
0.000245552
0.000230329
9.22507e-05
0.00036467
0.000338542
0.000310114
0.000270403
0.00023735
0.000203786
0.000178554
0.00017685
0.000190699
6.94279e-05
0.00013448
0.000130441
0.00012192
0.000104114
8.1343e-05
6.23442e-05
7.19464e-05
7.98597e-05
5.94884e-05
4.38792e-05
)
;

boundaryField
{
    inlet
    {
        type            calculated;
        value           uniform 0.0147025;
    }
    outlet
    {
        type            calculated;
        value           nonuniform List<scalar> 10(0.000190327 0.0010264 0.00121836 0.00142781 0.00167863 0.00191628 0.00195802 0.00160963 0.000849245 0.000181163);
    }
    walls
    {
        type            nutUBlendedWallFunction;
        blending        stepwise;
        Cmu             0.09;
        kappa           0.41;
        E               9.8;
        n               4;
        value           nonuniform List<scalar> 
446
(
8.56993e-06
8.56801e-06
8.56519e-06
8.56202e-06
8.55898e-06
8.55616e-06
8.55352e-06
8.55103e-06
8.54867e-06
8.5464e-06
8.54421e-06
8.54208e-06
8.53998e-06
8.53788e-06
8.53575e-06
8.53354e-06
8.53119e-06
8.52859e-06
8.52562e-06
8.52206e-06
8.51766e-06
8.51206e-06
8.50489e-06
8.49576e-06
8.48425e-06
8.46993e-06
8.45231e-06
8.43084e-06
8.40487e-06
8.37369e-06
8.3365e-06
8.29239e-06
8.24031e-06
8.17905e-06
8.10728e-06
8.02346e-06
7.9259e-06
7.81275e-06
7.68199e-06
7.53147e-06
7.35891e-06
7.16213e-06
6.93893e-06
6.68713e-06
6.40458e-06
6.08901e-06
5.73797e-06
5.34855e-06
4.91715e-06
4.43904e-06
3.90786e-06
3.31429e-06
2.64931e-06
1.88161e-06
1.00242e-06
2.12159e-07
2.94769e-07
5.5856e-07
5.19016e-07
8.35942e-08
4.28052e-07
7.05562e-07
7.31743e-07
2.48315e-07
5.44189e-08
6.68979e-07
1.38418e-06
2.13441e-06
2.84795e-06
3.50559e-06
4.09888e-06
4.64768e-06
5.15527e-06
5.62759e-06
6.06768e-06
6.47712e-06
6.85695e-06
7.20815e-06
7.53172e-06
7.82862e-06
8.09988e-06
8.34658e-06
8.56986e-06
8.77096e-06
8.95117e-06
9.11183e-06
9.25435e-06
9.38004e-06
9.49038e-06
9.58672e-06
9.6704e-06
9.74271e-06
9.80487e-06
9.85799e-06
9.90357e-06
9.93835e-06
9.96806e-06
9.99297e-06
1.00169e-05
1.00371e-05
1.00543e-05
1.00686e-05
1.00804e-05
1.00901e-05
1.0098e-05
1.01045e-05
1.01099e-05
1.01143e-05
1.0118e-05
1.0121e-05
1.01235e-05
1.01256e-05
1.01274e-05
1.01288e-05
1.013e-05
1.01308e-05
1.01314e-05
1.01318e-05
1.01319e-05
1.01317e-05
1.01313e-05
1.01305e-05
1.01294e-05
1.01281e-05
1.01263e-05
1.01242e-05
1.01218e-05
1.01189e-05
1.01156e-05
1.01119e-05
1.01077e-05
1.0103e-05
1.00978e-05
1.00921e-05
1.00858e-05
1.00789e-05
1.00714e-05
1.00632e-05
1.00543e-05
1.00447e-05
1.00343e-05
1.00232e-05
1.00112e-05
9.99834e-06
9.98456e-06
9.96984e-06
9.95412e-06
9.93735e-06
9.91951e-06
9.90054e-06
9.88039e-06
9.85903e-06
9.83641e-06
9.81248e-06
9.78721e-06
9.76055e-06
9.73246e-06
9.70291e-06
9.67187e-06
9.6393e-06
9.60517e-06
9.56946e-06
9.53214e-06
9.49319e-06
9.4526e-06
9.41034e-06
9.36639e-06
9.32075e-06
9.27339e-06
9.22429e-06
9.17342e-06
9.12075e-06
9.06623e-06
9.00983e-06
8.95147e-06
8.89108e-06
8.82861e-06
8.76307e-06
8.70325e-06
8.64197e-06
8.58011e-06
8.5083e-06
8.43225e-06
8.35134e-06
8.26623e-06
8.17695e-06
8.08299e-06
7.98378e-06
7.87878e-06
7.76748e-06
7.64928e-06
7.52356e-06
7.38961e-06
7.24669e-06
7.09398e-06
6.93055e-06
6.7554e-06
6.56741e-06
6.36529e-06
6.14764e-06
5.91282e-06
5.65903e-06
5.38418e-06
5.08593e-06
4.76147e-06
4.40912e-06
4.00827e-06
3.56303e-06
3.0713e-06
2.53061e-06
1.94029e-06
1.27941e-06
5.90573e-07
8.82278e-08
1.50374e-07
4.18684e-09
6.62464e-06
6.5289e-06
6.43214e-06
6.33248e-06
6.22812e-06
6.11736e-06
5.99852e-06
5.86992e-06
5.72988e-06
5.57669e-06
5.40856e-06
5.22355e-06
5.01951e-06
4.79398e-06
4.54396e-06
4.26571e-06
3.9541e-06
3.60226e-06
3.20222e-06
2.74649e-06
2.22354e-06
1.60541e-06
9.6527e-07
4.05381e-07
0
2.90439e-07
9.3284e-06
8.99678e-06
8.67664e-06
8.37868e-06
8.10876e-06
7.869e-06
7.65823e-06
7.47371e-06
7.31199e-06
7.16949e-06
7.04256e-06
6.92766e-06
6.82158e-06
6.72143e-06
1.01706e-05
1.02431e-05
1.03037e-05
1.03686e-05
1.04357e-05
1.05046e-05
1.05742e-05
1.06427e-05
1.07074e-05
1.07645e-05
1.08082e-05
1.08322e-05
1.08314e-05
1.07992e-05
1.07276e-05
1.06103e-05
1.04442e-05
1.02271e-05
9.96118e-06
9.65604e-06
3.61335e-06
3.15093e-06
2.8933e-06
2.53968e-06
2.16637e-06
1.74345e-06
1.26724e-06
7.19853e-07
7.43056e-08
3.75868e-07
9.47636e-07
1.36661e-06
1.65857e-06
1.8273e-06
1.9093e-06
1.8766e-06
1.69236e-06
1.5164e-06
8.19724e-07
4.05835e-06
3.38003e-08
2.14116e-07
5.32481e-07
8.11185e-07
1.0275e-06
1.18385e-06
1.28565e-06
1.33785e-06
1.34523e-06
1.31037e-06
1.23536e-06
1.11825e-06
9.54037e-07
7.13705e-07
4.11178e-07
6.17004e-08
1.16221e-07
5.26115e-07
1.00623e-06
1.45271e-06
2.15749e-06
2.70633e-06
3.89281e-06
4.62262e-06
7.09438e-06
7.93977e-09
9.86716e-09
2.21709e-07
5.60208e-07
8.838e-07
1.17789e-06
1.4448e-06
1.68326e-06
1.89576e-06
2.08506e-06
2.254e-06
2.40521e-06
2.54101e-06
2.66342e-06
2.77416e-06
2.87469e-06
2.96623e-06
3.04984e-06
3.12641e-06
3.19668e-06
3.26129e-06
3.32081e-06
3.37568e-06
3.42631e-06
3.47304e-06
3.51614e-06
3.55585e-06
3.59237e-06
3.62585e-06
3.65641e-06
3.68414e-06
3.7091e-06
3.73131e-06
3.75078e-06
3.76749e-06
3.78138e-06
3.79238e-06
3.8003e-06
3.80495e-06
3.80626e-06
3.80409e-06
3.79824e-06
3.78839e-06
3.77416e-06
3.75516e-06
3.73101e-06
3.70124e-06
3.66532e-06
3.62266e-06
3.57257e-06
3.51429e-06
3.44697e-06
3.36966e-06
3.28128e-06
3.1806e-06
3.06626e-06
2.93671e-06
2.79021e-06
2.62481e-06
2.43822e-06
2.22773e-06
1.99066e-06
1.72566e-06
1.43082e-06
1.10471e-06
7.26164e-07
3.33413e-07
3.95507e-09
2.4166e-07
6.37721e-07
9.70392e-07
1.26106e-06
1.45907e-06
1.57917e-06
1.61361e-06
1.54742e-06
1.36539e-06
1.04884e-06
5.84509e-07
1.36361e-07
1.72409e-07
1.69075e-06
1.50084e-06
1.29978e-06
1.05284e-06
7.3539e-07
3.8251e-07
4.28799e-08
1.32627e-07
4.86663e-07
8.06025e-07
1.07895e-06
1.29135e-06
1.45688e-06
1.57652e-06
1.64979e-06
1.67827e-06
1.6592e-06
1.58955e-06
1.46335e-06
1.27451e-06
1.01658e-06
6.85271e-07
2.99595e-07
4.5862e-08
8.56993e-06
8.56801e-06
8.56519e-06
8.56203e-06
8.55899e-06
8.55618e-06
8.55355e-06
8.55108e-06
8.54874e-06
8.54652e-06
8.5444e-06
8.54237e-06
8.54042e-06
8.53855e-06
8.53675e-06
8.53502e-06
8.53332e-06
8.53137e-06
8.52892e-06
8.5467e-06
)
;
    }
    baffle
    {
        type            nutUBlendedWallFunction;
        blending        stepwise;
        Cmu             0.09;
        kappa           0.41;
        E               9.8;
        n               4;
        value           nonuniform List<scalar> 
62
(
1.22479e-07
3.83158e-07
6.78415e-07
9.89805e-07
1.18665e-06
1.31573e-06
1.3972e-06
1.43908e-06
1.44753e-06
1.42731e-06
1.38146e-06
1.3136e-06
1.23413e-06
1.15367e-06
5.84083e-07
6.86094e-07
5.52738e-07
7.70434e-08
1.02009e-07
3.61707e-07
6.53854e-07
9.66869e-07
1.22117e-06
1.43653e-06
1.62693e-06
1.79968e-06
1.96398e-06
2.12886e-06
2.32179e-06
2.52469e-06
2.94418e-06
2.05816e-07
5.75918e-07
9.67773e-07
1.23022e-06
1.34307e-06
1.37738e-06
1.35664e-06
1.2974e-06
1.21598e-06
1.12982e-06
1.04389e-06
9.74433e-07
8.18068e-07
6.08287e-07
2.81005e-06
2.5713e-06
2.3462e-06
9.21046e-08
2.80914e-07
5.08926e-07
7.28155e-07
8.69636e-07
9.67461e-07
1.03688e-06
1.08494e-06
1.11843e-06
1.14536e-06
1.17417e-06
1.24986e-06
1.30149e-06
1.78159e-06
)
;
    }
    front
    {
        type            empty;
    }
    back
    {
        type            empty;
    }
}


// ************************************************************************* //
