/*--------------------------------*- C++ -*----------------------------------*\
| =========                 |                                                 |
| \\      /  F ield         | OpenFOAM: The Open Source CFD Toolbox           |
|  \\    /   O peration     | Version:  v2012                                 |
|   \\  /    A nd           | Website:  www.openfoam.com                      |
|    \\/     M anipulation  |                                                 |
\*---------------------------------------------------------------------------*/
FoamFile
{
    version     2.0;
    format      ascii;
    class       volScalarField;
    location    "662";
    object      Cx;
}
// * * * * * * * * * * * * * * * * * * * * * * * * * * * * * * * * * * * * * //

dimensions      [0 1 0 0 0 0 0];


internalField   nonuniform List<scalar> 
6084
(
0.01
0.01
0.01
0.01
0.01
0.01
0.01
0.01
0.01
0.01
0.01
0.01
0.01
0.01
0.01
0.01
0.01
0.01
0.01
0.01
0.03
0.03
0.03
0.03
0.03
0.03
0.03
0.03
0.03
0.03
0.03
0.03
0.03
0.03
0.03
0.03
0.03
0.03
0.03
0.03
0.05
0.05
0.05
0.05
0.05
0.05
0.05
0.05
0.05
0.05
0.05
0.05
0.05
0.05
0.05
0.05
0.05
0.05
0.05
0.05
0.07
0.07
0.07
0.07
0.07
0.07
0.07
0.07
0.07
0.07
0.07
0.07
0.07
0.07
0.07
0.07
0.07
0.07
0.07
0.07
0.09
0.09
0.09
0.09
0.09
0.09
0.09
0.09
0.09
0.09
0.09
0.09
0.09
0.09
0.09
0.09
0.09
0.09
0.09
0.09
0.11
0.11
0.11
0.11
0.11
0.11
0.11
0.11
0.11
0.11
0.11
0.11
0.11
0.11
0.11
0.11
0.11
0.11
0.11
0.11
0.13
0.13
0.13
0.13
0.13
0.13
0.13
0.13
0.13
0.13
0.13
0.13
0.13
0.13
0.13
0.13
0.13
0.13
0.13
0.13
0.15
0.15
0.15
0.15
0.15
0.15
0.15
0.15
0.15
0.15
0.15
0.15
0.15
0.15
0.15
0.15
0.15
0.15
0.15
0.15
0.17
0.17
0.17
0.17
0.17
0.17
0.17
0.17
0.17
0.17
0.17
0.17
0.17
0.17
0.17
0.17
0.17
0.17
0.17
0.17
0.19
0.19
0.19
0.19
0.19
0.19
0.19
0.19
0.19
0.19
0.19
0.19
0.19
0.19
0.19
0.19
0.19
0.19
0.19
0.19
0.01
0.01
0.01
0.01
0.01
0.01
0.01
0.01
0.01
0.01
0.01
0.01
0.03
0.03
0.03
0.03
0.03
0.03
0.03
0.03
0.03
0.03
0.03
0.03
0.05
0.05
0.05
0.05
0.05
0.05
0.05
0.05
0.05
0.05
0.05
0.05
0.07
0.07
0.07
0.07
0.07
0.07
0.07
0.07
0.07
0.07
0.07
0.07
0.09
0.09
0.09
0.09
0.09
0.09
0.09
0.09
0.09
0.09
0.09
0.09
0.11
0.11
0.11
0.11
0.11
0.11
0.11
0.11
0.11
0.11
0.11
0.11
0.13
0.13
0.13
0.13
0.13
0.13
0.13
0.13
0.13
0.13
0.13
0.13
0.15
0.15
0.15
0.15
0.15
0.15
0.15
0.15
0.15
0.15
0.15
0.15
0.17
0.17
0.17
0.17
0.17
0.17
0.17
0.17
0.17
0.17
0.17
0.17
0.19
0.19
0.19
0.19
0.19
0.19
0.19
0.19
0.19
0.19
0.19
0.19
0.01
0.01
0.01
0.01
0.01
0.01
0.01
0.01
0.01
0.01
0.01
0.01
0.01
0.01
0.01
0.01
0.01
0.01
0.01
0.01
0.01
0.01
0.01
0.01
0.01
0.01
0.01
0.01
0.03
0.03
0.03
0.03
0.03
0.03
0.03
0.03
0.03
0.03
0.03
0.03
0.03
0.03
0.03
0.03
0.03
0.03
0.03
0.03
0.03
0.03
0.03
0.03
0.03
0.03
0.03
0.03
0.05
0.05
0.05
0.05
0.05
0.05
0.05
0.05
0.05
0.05
0.05
0.05
0.05
0.05
0.05
0.05
0.05
0.05
0.05
0.05
0.05
0.05
0.05
0.05
0.05
0.05
0.05
0.05
0.07
0.07
0.07
0.07
0.07
0.07
0.07
0.07
0.07
0.07
0.07
0.07
0.07
0.07
0.07
0.07
0.07
0.07
0.07
0.07
0.07
0.07
0.07
0.07
0.07
0.07
0.07
0.07
0.09
0.09
0.09
0.09
0.09
0.09
0.09
0.09
0.09
0.09
0.09
0.09
0.09
0.09
0.09
0.09
0.09
0.09
0.09
0.09
0.09
0.09
0.09
0.09
0.09
0.09
0.09
0.09
0.11
0.11
0.11
0.11
0.11
0.11
0.11
0.11
0.11
0.11
0.11
0.11
0.11
0.11
0.11
0.11
0.11
0.11
0.11
0.11
0.11
0.11
0.11
0.11
0.11
0.11
0.11
0.11
0.13
0.13
0.13
0.13
0.13
0.13
0.13
0.13
0.13
0.13
0.13
0.13
0.13
0.13
0.13
0.13
0.13
0.13
0.13
0.13
0.13
0.13
0.13
0.13
0.13
0.13
0.13
0.13
0.15
0.15
0.15
0.15
0.15
0.15
0.15
0.15
0.15
0.15
0.15
0.15
0.15
0.15
0.15
0.15
0.15
0.15
0.15
0.15
0.15
0.15
0.15
0.15
0.15
0.15
0.15
0.15
0.17
0.17
0.17
0.17
0.17
0.17
0.17
0.17
0.17
0.17
0.17
0.17
0.17
0.17
0.17
0.17
0.17
0.17
0.17
0.17
0.17
0.17
0.17
0.17
0.17
0.17
0.17
0.17
0.19
0.19
0.19
0.19
0.19
0.19
0.19
0.19
0.19
0.19
0.19
0.19
0.19
0.19
0.19
0.19
0.19
0.19
0.19
0.19
0.19
0.19
0.19
0.19
0.19
0.19
0.19
0.19
0.210625
0.210625
0.210625
0.210625
0.210625
0.210625
0.210625
0.210625
0.210625
0.210625
0.210625
0.210625
0.231875
0.231875
0.231875
0.231875
0.231875
0.231875
0.231875
0.231875
0.231875
0.231875
0.231875
0.231875
0.253125
0.253125
0.253125
0.253125
0.253125
0.253125
0.253125
0.253125
0.253125
0.253125
0.253125
0.253125
0.274375
0.274375
0.274375
0.274375
0.274375
0.274375
0.274375
0.274375
0.274375
0.274375
0.274375
0.274375
0.295625
0.295625
0.295625
0.295625
0.295625
0.295625
0.295625
0.295625
0.295625
0.295625
0.295625
0.295625
0.316875
0.316875
0.316875
0.316875
0.316875
0.316875
0.316875
0.316875
0.316875
0.316875
0.316875
0.316875
0.338125
0.338125
0.338125
0.338125
0.338125
0.338125
0.338125
0.338125
0.338125
0.338125
0.338125
0.338125
0.359375
0.359375
0.359375
0.359375
0.359375
0.359375
0.359375
0.359375
0.359375
0.359375
0.359375
0.359375
0.380625
0.380625
0.380625
0.380625
0.380625
0.380625
0.380625
0.380625
0.380625
0.380625
0.380625
0.380625
0.401875
0.401875
0.401875
0.401875
0.401875
0.401875
0.401875
0.401875
0.401875
0.401875
0.401875
0.401875
0.423125
0.423125
0.423125
0.423125
0.423125
0.423125
0.423125
0.423125
0.423125
0.423125
0.423125
0.423125
0.444375
0.444375
0.444375
0.444375
0.444375
0.444375
0.444375
0.444375
0.444375
0.444375
0.444375
0.444375
0.465625
0.465625
0.465625
0.465625
0.465625
0.465625
0.465625
0.465625
0.465625
0.465625
0.465625
0.465625
0.486875
0.486875
0.486875
0.486875
0.486875
0.486875
0.486875
0.486875
0.486875
0.486875
0.486875
0.486875
0.508125
0.508125
0.508125
0.508125
0.508125
0.508125
0.508125
0.508125
0.508125
0.508125
0.508125
0.508125
0.529375
0.529375
0.529375
0.529375
0.529375
0.529375
0.529375
0.529375
0.529375
0.529375
0.529375
0.529375
0.550625
0.550625
0.550625
0.550625
0.550625
0.550625
0.550625
0.550625
0.550625
0.550625
0.550625
0.550625
0.571875
0.571875
0.571875
0.571875
0.571875
0.571875
0.571875
0.571875
0.571875
0.571875
0.571875
0.571875
0.593125
0.593125
0.593125
0.593125
0.593125
0.593125
0.593125
0.593125
0.593125
0.593125
0.593125
0.593125
0.614375
0.614375
0.614375
0.614375
0.614375
0.614375
0.614375
0.614375
0.614375
0.614375
0.614375
0.614375
0.635625
0.635625
0.635625
0.635625
0.635625
0.635625
0.635625
0.635625
0.635625
0.635625
0.635625
0.635625
0.656875
0.656875
0.656875
0.656875
0.656875
0.656875
0.656875
0.656875
0.656875
0.656875
0.656875
0.656875
0.678125
0.678125
0.678125
0.678125
0.678125
0.678125
0.678125
0.678125
0.678125
0.678125
0.678125
0.678125
0.699375
0.699375
0.699375
0.699375
0.699375
0.699375
0.699375
0.699375
0.699375
0.699375
0.699375
0.699375
0.720625
0.720625
0.720625
0.720625
0.720625
0.720625
0.720625
0.720625
0.720625
0.720625
0.720625
0.720625
0.741875
0.741875
0.741875
0.741875
0.741875
0.741875
0.741875
0.741875
0.741875
0.741875
0.741875
0.741875
0.763125
0.763125
0.763125
0.763125
0.763125
0.763125
0.763125
0.763125
0.763125
0.763125
0.763125
0.763125
0.784375
0.784375
0.784375
0.784375
0.784375
0.784375
0.784375
0.784375
0.784375
0.784375
0.784375
0.784375
0.805625
0.805625
0.805625
0.805625
0.805625
0.805625
0.805625
0.805625
0.805625
0.805625
0.805625
0.805625
0.826875
0.826875
0.826875
0.826875
0.826875
0.826875
0.826875
0.826875
0.826875
0.826875
0.826875
0.826875
0.848125
0.848125
0.848125
0.848125
0.848125
0.848125
0.848125
0.848125
0.848125
0.848125
0.848125
0.848125
0.869375
0.869375
0.869375
0.869375
0.869375
0.869375
0.869375
0.869375
0.869375
0.869375
0.869375
0.869375
0.890625
0.890625
0.890625
0.890625
0.890625
0.890625
0.890625
0.890625
0.890625
0.890625
0.890625
0.890625
0.911875
0.911875
0.911875
0.911875
0.911875
0.911875
0.911875
0.911875
0.911875
0.911875
0.911875
0.911875
0.933125
0.933125
0.933125
0.933125
0.933125
0.933125
0.933125
0.933125
0.933125
0.933125
0.933125
0.933125
0.954375
0.954375
0.954375
0.954375
0.954375
0.954375
0.954375
0.954375
0.954375
0.954375
0.954375
0.954375
0.975625
0.975625
0.975625
0.975625
0.975625
0.975625
0.975625
0.975625
0.975625
0.975625
0.975625
0.975625
0.996875
0.996875
0.996875
0.996875
0.996875
0.996875
0.996875
0.996875
0.996875
0.996875
0.996875
0.996875
1.01812
1.01813
1.01812
1.01813
1.01813
1.01812
1.01812
1.01813
1.01812
1.01812
1.01813
1.01813
1.03938
1.03938
1.03937
1.03938
1.03938
1.03938
1.03938
1.03938
1.03938
1.03938
1.03938
1.03938
1.06063
1.06062
1.06063
1.06063
1.06063
1.06063
1.06063
1.06062
1.06063
1.06063
1.06063
1.06063
1.08187
1.08188
1.08188
1.08187
1.08187
1.08187
1.08188
1.08188
1.08188
1.08187
1.08187
1.08188
1.10312
1.10312
1.10313
1.10312
1.10312
1.10312
1.10312
1.10313
1.10312
1.10312
1.10312
1.10312
1.12438
1.12438
1.12438
1.12437
1.12438
1.12438
1.12437
1.12438
1.12437
1.12438
1.12438
1.12437
1.14563
1.14562
1.14563
1.14563
1.14562
1.14563
1.14563
1.14562
1.14563
1.14563
1.14562
1.14563
1.16687
1.16688
1.16688
1.16688
1.16688
1.16688
1.16688
1.16688
1.16688
1.16688
1.16688
1.16688
1.18812
1.18812
1.18812
1.18813
1.18812
1.18812
1.18812
1.18813
1.18812
1.18812
1.18812
1.18813
1.20938
1.20937
1.20937
1.20938
1.20938
1.20938
1.20937
1.20938
1.20938
1.20938
1.20938
1.20937
1.23063
1.23062
1.23063
1.23063
1.23063
1.23063
1.23063
1.23062
1.23063
1.23062
1.23062
1.23063
1.25187
1.25188
1.25188
1.25187
1.25188
1.25187
1.25188
1.25187
1.25188
1.25188
1.25188
1.25188
1.27313
1.27312
1.27312
1.27313
1.27312
1.27312
1.27312
1.27313
1.27313
1.27312
1.27312
1.27313
1.29438
1.29437
1.29437
1.29437
1.29438
1.29438
1.29437
1.29437
1.29437
1.29438
1.29438
1.29437
1.31563
1.31563
1.31563
1.31563
1.31563
1.31563
1.31563
1.31563
1.31563
1.31563
1.31563
1.31563
1.33687
1.33687
1.33688
1.33687
1.33688
1.33687
1.33687
1.33687
1.33688
1.33687
1.33687
1.33687
1.35813
1.35812
1.35812
1.35812
1.35812
1.35812
1.35812
1.35812
1.35812
1.35812
1.35812
1.35812
1.37937
1.37938
1.37938
1.37937
1.37938
1.37938
1.37937
1.37938
1.37937
1.37938
1.37938
1.37937
1.40063
1.40062
1.40063
1.40063
1.40063
1.40063
1.40063
1.40063
1.40063
1.40063
1.40062
1.40063
1.42188
1.42188
1.42188
1.42188
1.42188
1.42188
1.42188
1.42188
1.42188
1.42188
1.42188
1.42188
1.44312
1.44312
1.44313
1.44312
1.44312
1.44312
1.44313
1.44312
1.44313
1.44312
1.44312
1.44313
1.46437
1.46438
1.46438
1.46437
1.46438
1.46437
1.46437
1.46438
1.46437
1.46437
1.46437
1.46438
0.210625
0.210625
0.210625
0.210625
0.210625
0.210625
0.210625
0.210625
0.210625
0.210625
0.210625
0.210625
0.210625
0.210625
0.210625
0.210625
0.210625
0.210625
0.210625
0.210625
0.210625
0.210625
0.210625
0.210625
0.210625
0.210625
0.210625
0.210625
0.231875
0.231875
0.231875
0.231875
0.231875
0.231875
0.231875
0.231875
0.231875
0.231875
0.231875
0.231875
0.231875
0.231875
0.231875
0.231875
0.231875
0.231875
0.231875
0.231875
0.231875
0.231875
0.231875
0.231875
0.231875
0.231875
0.231875
0.231875
0.253125
0.253125
0.253125
0.253125
0.253125
0.253125
0.253125
0.253125
0.253125
0.253125
0.253125
0.253125
0.253125
0.253125
0.253125
0.253125
0.253125
0.253125
0.253125
0.253125
0.253125
0.253125
0.253125
0.253125
0.253125
0.253125
0.253125
0.253125
0.274375
0.274375
0.274375
0.274375
0.274375
0.274375
0.274375
0.274375
0.274375
0.274375
0.274375
0.274375
0.274375
0.274375
0.274375
0.274375
0.274375
0.274375
0.274375
0.274375
0.274375
0.274375
0.274375
0.274375
0.274375
0.274375
0.274375
0.274375
0.295625
0.295625
0.295625
0.295625
0.295625
0.295625
0.295625
0.295625
0.295625
0.295625
0.295625
0.295625
0.295625
0.295625
0.295625
0.295625
0.295625
0.295625
0.295625
0.295625
0.295625
0.295625
0.295625
0.295625
0.295625
0.295625
0.295625
0.295625
0.316875
0.316875
0.316875
0.316875
0.316875
0.316875
0.316875
0.316875
0.316875
0.316875
0.316875
0.316875
0.316875
0.316875
0.316875
0.316875
0.316875
0.316875
0.316875
0.316875
0.316875
0.316875
0.316875
0.316875
0.316875
0.316875
0.316875
0.316875
0.338125
0.338125
0.338125
0.338125
0.338125
0.338125
0.338125
0.338125
0.338125
0.338125
0.338125
0.338125
0.338125
0.338125
0.338125
0.338125
0.338125
0.338125
0.338125
0.338125
0.338125
0.338125
0.338125
0.338125
0.338125
0.338125
0.338125
0.338125
0.359375
0.359375
0.359375
0.359375
0.359375
0.359375
0.359375
0.359375
0.359375
0.359375
0.359375
0.359375
0.359375
0.359375
0.359375
0.359375
0.359375
0.359375
0.359375
0.359375
0.359375
0.359375
0.359375
0.359375
0.359375
0.359375
0.359375
0.359375
0.380625
0.380625
0.380625
0.380625
0.380625
0.380625
0.380625
0.380625
0.380625
0.380625
0.380625
0.380625
0.380625
0.380625
0.380625
0.380625
0.380625
0.380625
0.380625
0.380625
0.380625
0.380625
0.380625
0.380625
0.380625
0.380625
0.380625
0.380625
0.401875
0.401875
0.401875
0.401875
0.401875
0.401875
0.401875
0.401875
0.401875
0.401875
0.401875
0.401875
0.401875
0.401875
0.401875
0.401875
0.401875
0.401875
0.401875
0.401875
0.401875
0.401875
0.401875
0.401875
0.401875
0.401875
0.401875
0.401875
0.423125
0.423125
0.423125
0.423125
0.423125
0.423125
0.423125
0.423125
0.423125
0.423125
0.423125
0.423125
0.423125
0.423125
0.423125
0.423125
0.423125
0.423125
0.423125
0.423125
0.423125
0.423125
0.423125
0.423125
0.423125
0.423125
0.423125
0.423125
0.444375
0.444375
0.444375
0.444375
0.444375
0.444375
0.444375
0.444375
0.444375
0.444375
0.444375
0.444375
0.444375
0.444375
0.444375
0.444375
0.444375
0.444375
0.444375
0.444375
0.444375
0.444375
0.444375
0.444375
0.444375
0.444375
0.444375
0.444375
0.465625
0.465625
0.465625
0.465625
0.465625
0.465625
0.465625
0.465625
0.465625
0.465625
0.465625
0.465625
0.465625
0.465625
0.465625
0.465625
0.465625
0.465625
0.465625
0.465625
0.465625
0.465625
0.465625
0.465625
0.465625
0.465625
0.465625
0.465625
0.486875
0.486875
0.486875
0.486875
0.486875
0.486875
0.486875
0.486875
0.486875
0.486875
0.486875
0.486875
0.486875
0.486875
0.486875
0.486875
0.486875
0.486875
0.486875
0.486875
0.486875
0.486875
0.486875
0.486875
0.486875
0.486875
0.486875
0.486875
0.508125
0.508125
0.508125
0.508125
0.508125
0.508125
0.508125
0.508125
0.508125
0.508125
0.508125
0.508125
0.508125
0.508125
0.508125
0.508125
0.508125
0.508125
0.508125
0.508125
0.508125
0.508125
0.508125
0.508125
0.508125
0.508125
0.508125
0.508125
0.529375
0.529375
0.529375
0.529375
0.529375
0.529375
0.529375
0.529375
0.529375
0.529375
0.529375
0.529375
0.529375
0.529375
0.529375
0.529375
0.529375
0.529375
0.529375
0.529375
0.529375
0.529375
0.529375
0.529375
0.529375
0.529375
0.529375
0.529375
0.550625
0.550625
0.550625
0.550625
0.550625
0.550625
0.550625
0.550625
0.550625
0.550625
0.550625
0.550625
0.550625
0.550625
0.550625
0.550625
0.550625
0.550625
0.550625
0.550625
0.550625
0.550625
0.550625
0.550625
0.550625
0.550625
0.550625
0.550625
0.571875
0.571875
0.571875
0.571875
0.571875
0.571875
0.571875
0.571875
0.571875
0.571875
0.571875
0.571875
0.571875
0.571875
0.571875
0.571875
0.571875
0.571875
0.571875
0.571875
0.571875
0.571875
0.571875
0.571875
0.571875
0.571875
0.571875
0.571875
0.593125
0.593125
0.593125
0.593125
0.593125
0.593125
0.593125
0.593125
0.593125
0.593125
0.593125
0.593125
0.593125
0.593125
0.593125
0.593125
0.593125
0.593125
0.593125
0.593125
0.593125
0.593125
0.593125
0.593125
0.593125
0.593125
0.593125
0.593125
0.614375
0.614375
0.614375
0.614375
0.614375
0.614375
0.614375
0.614375
0.614375
0.614375
0.614375
0.614375
0.614375
0.614375
0.614375
0.614375
0.614375
0.614375
0.614375
0.614375
0.614375
0.614375
0.614375
0.614375
0.614375
0.614375
0.614375
0.614375
0.635625
0.635625
0.635625
0.635625
0.635625
0.635625
0.635625
0.635625
0.635625
0.635625
0.635625
0.635625
0.635625
0.635625
0.635625
0.635625
0.635625
0.635625
0.635625
0.635625
0.635625
0.635625
0.635625
0.635625
0.635625
0.635625
0.635625
0.635625
0.656875
0.656875
0.656875
0.656875
0.656875
0.656875
0.656875
0.656875
0.656875
0.656875
0.656875
0.656875
0.656875
0.656875
0.656875
0.656875
0.656875
0.656875
0.656875
0.656875
0.656875
0.656875
0.656875
0.656875
0.656875
0.656875
0.656875
0.656875
0.678125
0.678125
0.678125
0.678125
0.678125
0.678125
0.678125
0.678125
0.678125
0.678125
0.678125
0.678125
0.678125
0.678125
0.678125
0.678125
0.678125
0.678125
0.678125
0.678125
0.678125
0.678125
0.678125
0.678125
0.678125
0.678125
0.678125
0.678125
0.699375
0.699375
0.699375
0.699375
0.699375
0.699375
0.699375
0.699375
0.699375
0.699375
0.699375
0.699375
0.699375
0.699375
0.699375
0.699375
0.699375
0.699375
0.699375
0.699375
0.699375
0.699375
0.699375
0.699375
0.699375
0.699375
0.699375
0.699375
0.720625
0.720625
0.720625
0.720625
0.720625
0.720625
0.720625
0.720625
0.720625
0.720625
0.720625
0.720625
0.720625
0.720625
0.720625
0.720625
0.720625
0.720625
0.720625
0.720625
0.720625
0.720625
0.720625
0.720625
0.720625
0.720625
0.720625
0.720625
0.741875
0.741875
0.741875
0.741875
0.741875
0.741875
0.741875
0.741875
0.741875
0.741875
0.741875
0.741875
0.741875
0.741875
0.741875
0.741875
0.741875
0.741875
0.741875
0.741875
0.741875
0.741875
0.741875
0.741875
0.741875
0.741875
0.741875
0.741875
0.763125
0.763125
0.763125
0.763125
0.763125
0.763125
0.763125
0.763125
0.763125
0.763125
0.763125
0.763125
0.763125
0.763125
0.763125
0.763125
0.763125
0.763125
0.763125
0.763125
0.763125
0.763125
0.763125
0.763125
0.763125
0.763125
0.763125
0.763125
0.784375
0.784375
0.784375
0.784375
0.784375
0.784375
0.784375
0.784375
0.784375
0.784375
0.784375
0.784375
0.784375
0.784375
0.784375
0.784375
0.784375
0.784375
0.784375
0.784375
0.784375
0.784375
0.784375
0.784375
0.784375
0.784375
0.784375
0.784375
0.805625
0.805625
0.805625
0.805625
0.805625
0.805625
0.805625
0.805625
0.805625
0.805625
0.805625
0.805625
0.805625
0.805625
0.805625
0.805625
0.805625
0.805625
0.805625
0.805625
0.805625
0.805625
0.805625
0.805625
0.805625
0.805625
0.805625
0.805625
0.826875
0.826875
0.826875
0.826875
0.826875
0.826875
0.826875
0.826875
0.826875
0.826875
0.826875
0.826875
0.826875
0.826875
0.826875
0.826875
0.826875
0.826875
0.826875
0.826875
0.826875
0.826875
0.826875
0.826875
0.826875
0.826875
0.826875
0.826875
0.848125
0.848125
0.848125
0.848125
0.848125
0.848125
0.848125
0.848125
0.848125
0.848125
0.848125
0.848125
0.848125
0.848125
0.848125
0.848125
0.848125
0.848125
0.848125
0.848125
0.848125
0.848125
0.848125
0.848125
0.848125
0.848125
0.848125
0.848125
0.869375
0.869375
0.869375
0.869375
0.869375
0.869375
0.869375
0.869375
0.869375
0.869375
0.869375
0.869375
0.869375
0.869375
0.869375
0.869375
0.869375
0.869375
0.869375
0.869375
0.869375
0.869375
0.869375
0.869375
0.869375
0.869375
0.869375
0.869375
0.890625
0.890625
0.890625
0.890625
0.890625
0.890625
0.890625
0.890625
0.890625
0.890625
0.890625
0.890625
0.890625
0.890625
0.890625
0.890625
0.890625
0.890625
0.890625
0.890625
0.890625
0.890625
0.890625
0.890625
0.890625
0.890625
0.890625
0.890625
0.911875
0.911875
0.911875
0.911875
0.911875
0.911875
0.911875
0.911875
0.911875
0.911875
0.911875
0.911875
0.911875
0.911875
0.911875
0.911875
0.911875
0.911875
0.911875
0.911875
0.911875
0.911875
0.911875
0.911875
0.911875
0.911875
0.911875
0.911875
0.933125
0.933125
0.933125
0.933125
0.933125
0.933125
0.933125
0.933125
0.933125
0.933125
0.933125
0.933125
0.933125
0.933125
0.933125
0.933125
0.933125
0.933125
0.933125
0.933125
0.933125
0.933125
0.933125
0.933125
0.933125
0.933125
0.933125
0.933125
0.954375
0.954375
0.954375
0.954375
0.954375
0.954375
0.954375
0.954375
0.954375
0.954375
0.954375
0.954375
0.954375
0.954375
0.954375
0.954375
0.954375
0.954375
0.954375
0.954375
0.954375
0.954375
0.954375
0.954375
0.954375
0.954375
0.954375
0.954375
0.975625
0.975625
0.975625
0.975625
0.975625
0.975625
0.975625
0.975625
0.975625
0.975625
0.975625
0.975625
0.975625
0.975625
0.975625
0.975625
0.975625
0.975625
0.975625
0.975625
0.975625
0.975625
0.975625
0.975625
0.975625
0.975625
0.975625
0.975625
0.996875
0.996875
0.996875
0.996875
0.996875
0.996875
0.996875
0.996875
0.996875
0.996875
0.996875
0.996875
0.996875
0.996875
0.996875
0.996875
0.996875
0.996875
0.996875
0.996875
0.996875
0.996875
0.996875
0.996875
0.996875
0.996875
0.996875
0.996875
1.01812
1.01812
1.01813
1.01812
1.01813
1.01812
1.01813
1.01813
1.01812
1.01812
1.01812
1.01813
1.01812
1.01812
1.01812
1.01812
1.01812
1.01812
1.01813
1.01812
1.01812
1.01812
1.01812
1.01812
1.01812
1.01812
1.01812
1.01812
1.03937
1.03937
1.03938
1.03937
1.03937
1.03938
1.03937
1.03938
1.03938
1.03938
1.03938
1.03937
1.03937
1.03937
1.03937
1.03937
1.03938
1.03938
1.03938
1.03937
1.03937
1.03937
1.03938
1.03937
1.03938
1.03937
1.03937
1.03938
1.06062
1.06062
1.06062
1.06062
1.06062
1.06062
1.06062
1.06063
1.06062
1.06062
1.06062
1.06063
1.06062
1.06062
1.06062
1.06063
1.06062
1.06062
1.06063
1.06062
1.06062
1.06062
1.06063
1.06062
1.06063
1.06062
1.06062
1.06062
1.08188
1.08188
1.08187
1.08188
1.08187
1.08187
1.08187
1.08188
1.08187
1.08188
1.08187
1.08187
1.08187
1.08187
1.08187
1.08187
1.08187
1.08187
1.08188
1.08187
1.08187
1.08187
1.08187
1.08187
1.08187
1.08187
1.08187
1.08187
1.10313
1.10312
1.10313
1.10313
1.10312
1.10313
1.10312
1.10312
1.10312
1.10312
1.10312
1.10312
1.10312
1.10312
1.10312
1.10312
1.10313
1.10312
1.10313
1.10313
1.10312
1.10313
1.10313
1.10312
1.10312
1.10313
1.10312
1.10312
1.12438
1.12437
1.12437
1.12437
1.12437
1.12438
1.12437
1.12438
1.12438
1.12438
1.12437
1.12437
1.12437
1.12437
1.12437
1.12438
1.12438
1.12438
1.12437
1.12437
1.12437
1.12438
1.12438
1.12437
1.12438
1.12438
1.12437
1.12438
1.14563
1.14562
1.14562
1.14562
1.14563
1.14563
1.14562
1.14563
1.14562
1.14562
1.14563
1.14563
1.14563
1.14562
1.14563
1.14563
1.14563
1.14563
1.14563
1.14563
1.14563
1.14563
1.14563
1.14563
1.14563
1.14563
1.14563
1.14562
1.16688
1.16687
1.16687
1.16687
1.16687
1.16687
1.16687
1.16688
1.16687
1.16687
1.16687
1.16687
1.16687
1.16687
1.16688
1.16688
1.16687
1.16687
1.16688
1.16688
1.16687
1.16687
1.16688
1.16687
1.16687
1.16687
1.16687
1.16687
1.18812
1.18812
1.18812
1.18813
1.18812
1.18812
1.18813
1.18812
1.18812
1.18812
1.18812
1.18812
1.18812
1.18812
1.18813
1.18813
1.18813
1.18812
1.18812
1.18812
1.18813
1.18812
1.18813
1.18813
1.18813
1.18812
1.18812
1.18812
1.20938
1.20938
1.20938
1.20938
1.20938
1.20937
1.20937
1.20938
1.20938
1.20938
1.20937
1.20938
1.20938
1.20937
1.20937
1.20937
1.20938
1.20937
1.20938
1.20937
1.20937
1.20937
1.20937
1.20937
1.20937
1.20937
1.20937
1.20937
1.23062
1.23062
1.23063
1.23062
1.23062
1.23062
1.23062
1.23062
1.23062
1.23062
1.23062
1.23062
1.23062
1.23062
1.23062
1.23062
1.23063
1.23062
1.23062
1.23062
1.23062
1.23062
1.23063
1.23062
1.23063
1.23062
1.23062
1.23062
1.25187
1.25188
1.25187
1.25187
1.25188
1.25187
1.25188
1.25188
1.25188
1.25188
1.25187
1.25188
1.25187
1.25187
1.25187
1.25187
1.25188
1.25187
1.25187
1.25188
1.25187
1.25187
1.25188
1.25187
1.25187
1.25187
1.25187
1.25187
1.27313
1.27312
1.27312
1.27312
1.27313
1.27312
1.27312
1.27312
1.27312
1.27313
1.27312
1.27312
1.27312
1.27312
1.27312
1.27312
1.27312
1.27312
1.27313
1.27312
1.27312
1.27312
1.27313
1.27312
1.27313
1.27312
1.27312
1.27312
1.29437
1.29437
1.29437
1.29438
1.29438
1.29437
1.29437
1.29437
1.29437
1.29438
1.29437
1.29438
1.29437
1.29437
1.29438
1.29438
1.29438
1.29438
1.29437
1.29437
1.29437
1.29437
1.29438
1.29437
1.29438
1.29437
1.29437
1.29437
1.31562
1.31563
1.31562
1.31562
1.31562
1.31562
1.31562
1.31563
1.31562
1.31563
1.31562
1.31563
1.31562
1.31563
1.31562
1.31562
1.31562
1.31562
1.31563
1.31563
1.31563
1.31563
1.31562
1.31562
1.31563
1.31563
1.31562
1.31562
1.33688
1.33688
1.33688
1.33688
1.33687
1.33687
1.33687
1.33687
1.33687
1.33687
1.33687
1.33687
1.33687
1.33688
1.33687
1.33687
1.33687
1.33688
1.33687
1.33687
1.33687
1.33687
1.33687
1.33687
1.33687
1.33687
1.33688
1.33687
1.35812
1.35812
1.35812
1.35812
1.35812
1.35813
1.35812
1.35813
1.35812
1.35812
1.35813
1.35813
1.35813
1.35812
1.35813
1.35813
1.35813
1.35812
1.35812
1.35813
1.35812
1.35812
1.35812
1.35812
1.35813
1.35812
1.35813
1.35812
1.37937
1.37937
1.37937
1.37938
1.37938
1.37937
1.37937
1.37938
1.37937
1.37938
1.37937
1.37937
1.37937
1.37937
1.37937
1.37937
1.37938
1.37937
1.37937
1.37938
1.37937
1.37937
1.37938
1.37938
1.37938
1.37937
1.37938
1.37937
1.40063
1.40062
1.40062
1.40062
1.40062
1.40062
1.40062
1.40063
1.40062
1.40062
1.40062
1.40063
1.40062
1.40062
1.40063
1.40062
1.40062
1.40062
1.40063
1.40062
1.40063
1.40062
1.40062
1.40063
1.40063
1.40062
1.40062
1.40062
1.42188
1.42188
1.42188
1.42187
1.42187
1.42188
1.42187
1.42188
1.42187
1.42187
1.42188
1.42188
1.42187
1.42187
1.42187
1.42187
1.42187
1.42187
1.42187
1.42187
1.42188
1.42187
1.42188
1.42188
1.42188
1.42187
1.42187
1.42188
1.44313
1.44312
1.44313
1.44312
1.44312
1.44312
1.44312
1.44313
1.44312
1.44312
1.44312
1.44313
1.44312
1.44312
1.44313
1.44312
1.44313
1.44313
1.44313
1.44312
1.44313
1.44312
1.44313
1.44313
1.44313
1.44313
1.44312
1.44312
1.46438
1.46437
1.46437
1.46437
1.46437
1.46437
1.46437
1.46437
1.46438
1.46437
1.46437
1.46437
1.46438
1.46438
1.46437
1.46438
1.46438
1.46437
1.46437
1.46438
1.46437
1.46437
1.46438
1.46437
1.46437
1.46438
1.46437
1.46438
1.48333
1.48333
1.48333
1.48333
1.48333
1.48333
1.48333
1.48333
1.48333
1.48333
1.48333
1.48333
1.48333
1.48333
1.48333
1.48333
1.48333
1.48333
1.48333
1.48333
1.48333
1.48333
1.48333
1.48333
1.48333
1.48333
1.48333
1.48333
1.5
1.5
1.5
1.5
1.5
1.5
1.5
1.5
1.5
1.5
1.5
1.5
1.5
1.5
1.5
1.5
1.5
1.5
1.5
1.5
1.5
1.5
1.5
1.5
1.5
1.5
1.5
1.5
1.51667
1.51667
1.51667
1.51667
1.51667
1.51667
1.51667
1.51667
1.51667
1.51667
1.51667
1.51667
1.51667
1.51667
1.51667
1.51667
1.51667
1.51667
1.51667
1.51667
1.51667
1.51667
1.51667
1.51667
1.51667
1.51667
1.51667
1.51667
1.53563
1.53562
1.53563
1.53563
1.53563
1.53563
1.53562
1.53563
1.53563
1.53563
1.53563
1.53562
1.55687
1.55687
1.55688
1.55688
1.55688
1.55688
1.55688
1.55687
1.55688
1.55688
1.55687
1.55688
1.57812
1.57812
1.57813
1.57812
1.57812
1.57812
1.57812
1.57812
1.57813
1.57812
1.57812
1.57812
1.59938
1.59938
1.59937
1.59938
1.59938
1.59937
1.59938
1.59938
1.59937
1.59938
1.59938
1.59938
1.62063
1.62063
1.62063
1.62062
1.62063
1.62062
1.62062
1.62063
1.62062
1.62063
1.62062
1.62062
1.64188
1.64188
1.64188
1.64188
1.64187
1.64187
1.64188
1.64188
1.64188
1.64188
1.64187
1.64188
1.66313
1.66312
1.66312
1.66313
1.66312
1.66312
1.66312
1.66313
1.66312
1.66313
1.66312
1.66313
1.68438
1.68437
1.68438
1.68438
1.68437
1.68438
1.68438
1.68437
1.68438
1.68438
1.68437
1.68437
1.70562
1.70562
1.70563
1.70562
1.70562
1.70562
1.70562
1.70562
1.70562
1.70562
1.70562
1.70562
1.72688
1.72688
1.72688
1.72688
1.72688
1.72688
1.72687
1.72688
1.72687
1.72688
1.72688
1.72688
1.74813
1.74812
1.74813
1.74813
1.74812
1.74813
1.74813
1.74812
1.74813
1.74813
1.74812
1.74813
1.76937
1.76938
1.76937
1.76937
1.76938
1.76938
1.76938
1.76937
1.76938
1.76937
1.76937
1.76938
1.79063
1.79063
1.79063
1.79062
1.79063
1.79063
1.79062
1.79063
1.79062
1.79063
1.79062
1.79062
1.81188
1.81187
1.81187
1.81187
1.81187
1.81187
1.81187
1.81187
1.81187
1.81188
1.81187
1.81187
1.83313
1.83312
1.83312
1.83313
1.83312
1.83312
1.83312
1.83313
1.83312
1.83313
1.83312
1.83313
1.85438
1.85438
1.85438
1.85437
1.85437
1.85437
1.85438
1.85437
1.85437
1.85438
1.85437
1.85437
1.87562
1.87562
1.87563
1.87563
1.87562
1.87562
1.87562
1.87563
1.87563
1.87562
1.87562
1.87563
1.89688
1.89688
1.89688
1.89687
1.89688
1.89688
1.89687
1.89688
1.89687
1.89688
1.89688
1.89687
1.91812
1.91812
1.91813
1.91813
1.91812
1.91813
1.91812
1.91812
1.91813
1.91813
1.91813
1.91813
1.93937
1.93937
1.93938
1.93937
1.93938
1.93938
1.93938
1.93937
1.93938
1.93938
1.93937
1.93937
1.96062
1.96062
1.96063
1.96062
1.96062
1.96062
1.96062
1.96062
1.96062
1.96063
1.96063
1.96062
1.98188
1.98188
1.98188
1.98187
1.98188
1.98187
1.98187
1.98188
1.98187
1.98188
1.98187
1.98187
2.00312
2.00312
2.00313
2.00312
2.00312
2.00312
2.00312
2.00312
2.00313
2.00312
2.00312
2.00312
2.02437
2.02437
2.02438
2.02437
2.02437
2.02437
2.02437
2.02438
2.02438
2.02437
2.02438
2.02437
2.04562
2.04562
2.04562
2.04563
2.04563
2.04562
2.04562
2.04562
2.04562
2.04562
2.04563
2.04563
2.06688
2.06688
2.06688
2.06688
2.06688
2.06688
2.06688
2.06688
2.06688
2.06688
2.06688
2.06688
2.08812
2.08812
2.08813
2.08812
2.08813
2.08812
2.08812
2.08812
2.08812
2.08813
2.08812
2.08812
2.10938
2.10937
2.10938
2.10938
2.10938
2.10938
2.10938
2.10938
2.10937
2.10938
2.10938
2.10938
2.13062
2.13063
2.13062
2.13063
2.13063
2.13062
2.13062
2.13063
2.13062
2.13062
2.13062
2.13063
2.15188
2.15188
2.15187
2.15187
2.15188
2.15188
2.15187
2.15187
2.15187
2.15187
2.15188
2.15187
2.17312
2.17312
2.17313
2.17312
2.17312
2.17313
2.17313
2.17312
2.17313
2.17312
2.17312
2.17312
2.19437
2.19437
2.19437
2.19437
2.19437
2.19437
2.19437
2.19438
2.19437
2.19437
2.19438
2.19437
2.21562
2.21562
2.21562
2.21563
2.21563
2.21563
2.21562
2.21563
2.21563
2.21562
2.21563
2.21563
2.23687
2.23687
2.23688
2.23687
2.23688
2.23687
2.23688
2.23687
2.23687
2.23687
2.23687
2.23687
2.25812
2.25813
2.25812
2.25812
2.25813
2.25813
2.25812
2.25812
2.25812
2.25812
2.25813
2.25812
2.27937
2.27937
2.27937
2.27937
2.27937
2.27938
2.27937
2.27937
2.27937
2.27938
2.27937
2.27937
2.30063
2.30063
2.30063
2.30063
2.30062
2.30063
2.30062
2.30062
2.30063
2.30063
2.30063
2.30063
2.32188
2.32187
2.32187
2.32187
2.32187
2.32187
2.32187
2.32188
2.32188
2.32187
2.32187
2.32188
2.34312
2.34313
2.34312
2.34312
2.34313
2.34312
2.34313
2.34313
2.34312
2.34312
2.34313
2.34312
2.36437
2.36438
2.36437
2.36437
2.36437
2.36437
2.36437
2.36437
2.36437
2.36437
2.36437
2.36437
2.38562
2.38563
2.38563
2.38562
2.38563
2.38563
2.38562
2.38563
2.38562
2.38563
2.38563
2.38562
2.40688
2.40687
2.40687
2.40687
2.40687
2.40687
2.40687
2.40687
2.40687
2.40687
2.40687
2.40688
2.42812
2.42813
2.42813
2.42813
2.42813
2.42813
2.42813
2.42813
2.42813
2.42813
2.42813
2.42813
2.44937
2.44938
2.44937
2.44937
2.44938
2.44937
2.44937
2.44937
2.44937
2.44937
2.44938
2.44937
2.47063
2.47063
2.47063
2.47063
2.47063
2.47063
2.47063
2.47063
2.47063
2.47063
2.47063
2.47063
2.49188
2.49188
2.49187
2.49188
2.49188
2.49187
2.49187
2.49188
2.49188
2.49188
2.49188
2.49188
2.51313
2.51313
2.51313
2.51313
2.51313
2.51313
2.51313
2.51313
2.51313
2.51313
2.51313
2.51313
2.53437
2.53438
2.53437
2.53437
2.53438
2.53438
2.53437
2.53437
2.53438
2.53437
2.53437
2.53437
2.55563
2.55563
2.55562
2.55562
2.55563
2.55562
2.55562
2.55563
2.55562
2.55562
2.55563
2.55562
2.57687
2.57688
2.57687
2.57688
2.57688
2.57687
2.57687
2.57688
2.57687
2.57688
2.57688
2.57688
2.59813
2.59813
2.59813
2.59813
2.59813
2.59812
2.59813
2.59813
2.59813
2.59812
2.59813
2.59813
2.61937
2.61937
2.61937
2.61937
2.61937
2.61937
2.61937
2.61937
2.61937
2.61937
2.61937
2.61937
2.64062
2.64062
2.64062
2.64062
2.64062
2.64062
2.64062
2.64062
2.64062
2.64062
2.64062
2.64062
2.66188
2.66188
2.66188
2.66188
2.66188
2.66187
2.66188
2.66188
2.66188
2.66188
2.66188
2.66188
2.68313
2.68312
2.68312
2.68312
2.68313
2.68312
2.68312
2.68313
2.68313
2.68312
2.68313
2.68312
2.70438
2.70438
2.70438
2.70437
2.70438
2.70438
2.70438
2.70438
2.70438
2.70438
2.70438
2.70437
2.72562
2.72562
2.72562
2.72562
2.72562
2.72562
2.72562
2.72562
2.72562
2.72562
2.72562
2.72562
2.74688
2.74687
2.74687
2.74687
2.74688
2.74687
2.74688
2.74687
2.74687
2.74687
2.74687
2.74688
2.76812
2.76812
2.76812
2.76812
2.76812
2.76812
2.76812
2.76812
2.76812
2.76813
2.76813
2.76813
2.78938
2.78937
2.78937
2.78937
2.78937
2.78937
2.78937
2.78937
2.78937
2.78937
2.78937
2.78937
1.53563
1.53562
1.53562
1.53562
1.53563
1.53563
1.53563
1.53563
1.53563
1.53562
1.53562
1.53563
1.53562
1.53562
1.53563
1.53563
1.53563
1.53562
1.53562
1.53562
1.53562
1.53562
1.53562
1.53562
1.53562
1.53562
1.53562
1.53562
1.55688
1.55688
1.55688
1.55687
1.55688
1.55687
1.55688
1.55687
1.55687
1.55688
1.55688
1.55687
1.55687
1.55688
1.55688
1.55688
1.55687
1.55688
1.55687
1.55688
1.55687
1.55687
1.55688
1.55687
1.55688
1.55687
1.55688
1.55687
1.57813
1.57812
1.57812
1.57813
1.57812
1.57812
1.57812
1.57812
1.57813
1.57812
1.57813
1.57812
1.57813
1.57813
1.57812
1.57812
1.57812
1.57813
1.57812
1.57813
1.57812
1.57812
1.57812
1.57812
1.57812
1.57812
1.57813
1.57812
1.59937
1.59937
1.59937
1.59937
1.59937
1.59937
1.59937
1.59938
1.59937
1.59937
1.59937
1.59938
1.59937
1.59937
1.59937
1.59938
1.59938
1.59937
1.59938
1.59937
1.59937
1.59937
1.59938
1.59937
1.59937
1.59937
1.59937
1.59938
1.62062
1.62062
1.62062
1.62063
1.62062
1.62062
1.62062
1.62063
1.62062
1.62062
1.62062
1.62063
1.62062
1.62062
1.62063
1.62063
1.62063
1.62062
1.62063
1.62063
1.62062
1.62062
1.62062
1.62062
1.62063
1.62062
1.62063
1.62062
1.64188
1.64188
1.64188
1.64188
1.64188
1.64188
1.64188
1.64187
1.64188
1.64187
1.64187
1.64187
1.64187
1.64188
1.64187
1.64187
1.64188
1.64188
1.64187
1.64188
1.64188
1.64187
1.64188
1.64188
1.64188
1.64188
1.64187
1.64188
1.66313
1.66312
1.66313
1.66313
1.66312
1.66313
1.66312
1.66313
1.66312
1.66312
1.66312
1.66313
1.66312
1.66312
1.66313
1.66313
1.66312
1.66312
1.66313
1.66313
1.66312
1.66312
1.66313
1.66313
1.66313
1.66312
1.66312
1.66312
1.68438
1.68437
1.68437
1.68437
1.68437
1.68438
1.68437
1.68438
1.68437
1.68437
1.68437
1.68438
1.68437
1.68437
1.68438
1.68437
1.68437
1.68438
1.68437
1.68438
1.68437
1.68437
1.68437
1.68437
1.68437
1.68437
1.68438
1.68437
1.70562
1.70562
1.70563
1.70562
1.70563
1.70562
1.70562
1.70562
1.70562
1.70563
1.70562
1.70562
1.70562
1.70562
1.70563
1.70562
1.70563
1.70562
1.70562
1.70562
1.70562
1.70563
1.70562
1.70562
1.70563
1.70563
1.70563
1.70562
1.72688
1.72688
1.72687
1.72688
1.72688
1.72687
1.72687
1.72688
1.72687
1.72687
1.72688
1.72688
1.72687
1.72687
1.72688
1.72687
1.72688
1.72687
1.72687
1.72687
1.72688
1.72688
1.72687
1.72687
1.72687
1.72688
1.72688
1.72688
1.74813
1.74813
1.74813
1.74813
1.74812
1.74813
1.74812
1.74813
1.74812
1.74812
1.74813
1.74813
1.74813
1.74812
1.74813
1.74813
1.74812
1.74813
1.74813
1.74812
1.74813
1.74813
1.74812
1.74813
1.74813
1.74813
1.74812
1.74812
1.76938
1.76938
1.76937
1.76938
1.76937
1.76937
1.76937
1.76938
1.76938
1.76938
1.76937
1.76938
1.76937
1.76937
1.76938
1.76938
1.76937
1.76937
1.76937
1.76938
1.76938
1.76937
1.76938
1.76937
1.76938
1.76937
1.76938
1.76937
1.79063
1.79062
1.79062
1.79062
1.79062
1.79063
1.79062
1.79062
1.79062
1.79062
1.79063
1.79062
1.79063
1.79062
1.79062
1.79063
1.79062
1.79062
1.79062
1.79062
1.79062
1.79062
1.79063
1.79062
1.79063
1.79062
1.79063
1.79062
1.81188
1.81187
1.81188
1.81188
1.81187
1.81188
1.81187
1.81187
1.81187
1.81187
1.81188
1.81188
1.81187
1.81187
1.81187
1.81187
1.81187
1.81187
1.81187
1.81187
1.81187
1.81187
1.81188
1.81187
1.81188
1.81187
1.81187
1.81187
1.83313
1.83312
1.83313
1.83312
1.83312
1.83313
1.83313
1.83312
1.83312
1.83312
1.83312
1.83312
1.83312
1.83312
1.83313
1.83312
1.83313
1.83312
1.83312
1.83313
1.83313
1.83313
1.83312
1.83313
1.83312
1.83313
1.83312
1.83312
1.85438
1.85438
1.85437
1.85437
1.85438
1.85437
1.85438
1.85437
1.85437
1.85437
1.85437
1.85437
1.85437
1.85437
1.85437
1.85437
1.85437
1.85437
1.85437
1.85437
1.85437
1.85437
1.85437
1.85438
1.85437
1.85438
1.85437
1.85438
1.87562
1.87563
1.87562
1.87562
1.87562
1.87562
1.87562
1.87563
1.87562
1.87563
1.87562
1.87563
1.87562
1.87562
1.87562
1.87562
1.87562
1.87562
1.87563
1.87562
1.87562
1.87562
1.87562
1.87562
1.87563
1.87562
1.87562
1.87562
1.89688
1.89687
1.89687
1.89688
1.89687
1.89687
1.89687
1.89688
1.89688
1.89687
1.89687
1.89688
1.89687
1.89687
1.89688
1.89687
1.89688
1.89687
1.89687
1.89688
1.89688
1.89687
1.89687
1.89687
1.89688
1.89687
1.89688
1.89687
1.91813
1.91812
1.91812
1.91813
1.91813
1.91812
1.91812
1.91813
1.91812
1.91812
1.91812
1.91813
1.91812
1.91813
1.91813
1.91813
1.91812
1.91812
1.91813
1.91812
1.91813
1.91813
1.91813
1.91812
1.91813
1.91813
1.91812
1.91812
1.93938
1.93938
1.93938
1.93937
1.93937
1.93937
1.93937
1.93937
1.93937
1.93937
1.93937
1.93938
1.93937
1.93938
1.93938
1.93937
1.93938
1.93937
1.93937
1.93937
1.93937
1.93938
1.93937
1.93938
1.93938
1.93937
1.93937
1.93937
1.96062
1.96063
1.96062
1.96062
1.96062
1.96062
1.96062
1.96062
1.96063
1.96062
1.96062
1.96062
1.96062
1.96062
1.96062
1.96062
1.96063
1.96062
1.96062
1.96062
1.96062
1.96062
1.96062
1.96062
1.96063
1.96062
1.96062
1.96062
1.98188
1.98187
1.98188
1.98188
1.98187
1.98187
1.98187
1.98187
1.98187
1.98187
1.98187
1.98187
1.98187
1.98187
1.98187
1.98187
1.98187
1.98187
1.98187
1.98188
1.98187
1.98187
1.98188
1.98187
1.98188
1.98187
1.98187
1.98187
2.00313
2.00312
2.00313
2.00312
2.00312
2.00312
2.00312
2.00312
2.00312
2.00312
2.00312
2.00312
2.00312
2.00313
2.00312
2.00312
2.00313
2.00312
2.00312
2.00312
2.00312
2.00312
2.00312
2.00312
2.00312
2.00312
2.00312
2.00312
2.02437
2.02438
2.02438
2.02438
2.02437
2.02438
2.02438
2.02438
2.02438
2.02437
2.02438
2.02437
2.02438
2.02438
2.02437
2.02438
2.02437
2.02438
2.02437
2.02438
2.02437
2.02438
2.02438
2.02437
2.02438
2.02438
2.02437
2.02438
2.04562
2.04562
2.04562
2.04562
2.04563
2.04563
2.04563
2.04562
2.04562
2.04563
2.04563
2.04562
2.04563
2.04562
2.04563
2.04562
2.04563
2.04563
2.04563
2.04562
2.04563
2.04562
2.04563
2.04563
2.04563
2.04562
2.04562
2.04562
2.06688
2.06688
2.06688
2.06688
2.06687
2.06687
2.06688
2.06688
2.06688
2.06688
2.06687
2.06687
2.06688
2.06688
2.06688
2.06687
2.06688
2.06688
2.06688
2.06688
2.06688
2.06688
2.06688
2.06688
2.06688
2.06688
2.06688
2.06688
2.08813
2.08812
2.08813
2.08813
2.08812
2.08812
2.08812
2.08812
2.08812
2.08812
2.08812
2.08812
2.08812
2.08812
2.08812
2.08812
2.08812
2.08812
2.08812
2.08812
2.08812
2.08812
2.08812
2.08812
2.08812
2.08813
2.08812
2.08812
2.10938
2.10938
2.10938
2.10938
2.10937
2.10938
2.10938
2.10938
2.10938
2.10937
2.10937
2.10937
2.10938
2.10938
2.10937
2.10937
2.10938
2.10938
2.10937
2.10938
2.10938
2.10938
2.10938
2.10938
2.10938
2.10938
2.10938
2.10938
2.13062
2.13062
2.13063
2.13063
2.13062
2.13063
2.13063
2.13063
2.13063
2.13063
2.13063
2.13063
2.13063
2.13062
2.13063
2.13063
2.13062
2.13063
2.13063
2.13062
2.13063
2.13062
2.13063
2.13062
2.13063
2.13062
2.13062
2.13062
2.15188
2.15187
2.15187
2.15187
2.15187
2.15187
2.15187
2.15187
2.15187
2.15187
2.15187
2.15187
2.15188
2.15187
2.15187
2.15187
2.15187
2.15188
2.15187
2.15187
2.15187
2.15187
2.15188
2.15187
2.15188
2.15187
2.15188
2.15188
2.17312
2.17312
2.17312
2.17312
2.17312
2.17312
2.17312
2.17312
2.17313
2.17313
2.17312
2.17313
2.17313
2.17312
2.17313
2.17312
2.17312
2.17312
2.17312
2.17312
2.17313
2.17312
2.17312
2.17313
2.17313
2.17312
2.17312
2.17313
2.19437
2.19437
2.19437
2.19437
2.19437
2.19437
2.19437
2.19437
2.19437
2.19437
2.19437
2.19437
2.19437
2.19437
2.19437
2.19437
2.19437
2.19437
2.19437
2.19437
2.19437
2.19437
2.19437
2.19437
2.19437
2.19438
2.19437
2.19437
2.21562
2.21562
2.21562
2.21562
2.21563
2.21563
2.21563
2.21563
2.21562
2.21562
2.21563
2.21562
2.21563
2.21562
2.21562
2.21562
2.21562
2.21563
2.21563
2.21562
2.21562
2.21562
2.21563
2.21563
2.21562
2.21562
2.21562
2.21562
2.23688
2.23687
2.23687
2.23687
2.23687
2.23688
2.23687
2.23687
2.23687
2.23688
2.23687
2.23687
2.23688
2.23687
2.23687
2.23688
2.23687
2.23688
2.23687
2.23688
2.23687
2.23687
2.23688
2.23688
2.23688
2.23687
2.23687
2.23687
2.25812
2.25813
2.25812
2.25812
2.25813
2.25812
2.25813
2.25812
2.25812
2.25812
2.25812
2.25812
2.25812
2.25813
2.25812
2.25812
2.25813
2.25812
2.25812
2.25812
2.25812
2.25812
2.25812
2.25812
2.25812
2.25812
2.25812
2.25812
2.27938
2.27937
2.27937
2.27937
2.27937
2.27938
2.27937
2.27937
2.27937
2.27938
2.27938
2.27937
2.27938
2.27937
2.27937
2.27938
2.27937
2.27938
2.27937
2.27938
2.27937
2.27937
2.27937
2.27937
2.27937
2.27937
2.27938
2.27937
2.30062
2.30062
2.30062
2.30063
2.30063
2.30063
2.30062
2.30062
2.30062
2.30062
2.30062
2.30062
2.30062
2.30063
2.30063
2.30062
2.30063
2.30062
2.30062
2.30063
2.30063
2.30063
2.30062
2.30062
2.30062
2.30062
2.30062
2.30062
2.32187
2.32187
2.32187
2.32187
2.32187
2.32187
2.32187
2.32187
2.32187
2.32187
2.32187
2.32187
2.32188
2.32187
2.32187
2.32187
2.32187
2.32188
2.32187
2.32188
2.32187
2.32187
2.32187
2.32187
2.32187
2.32188
2.32187
2.32187
2.34312
2.34313
2.34312
2.34312
2.34312
2.34312
2.34312
2.34312
2.34312
2.34312
2.34312
2.34312
2.34312
2.34312
2.34313
2.34312
2.34313
2.34312
2.34312
2.34312
2.34313
2.34313
2.34313
2.34313
2.34313
2.34312
2.34312
2.34313
2.36438
2.36437
2.36437
2.36437
2.36437
2.36437
2.36437
2.36437
2.36437
2.36437
2.36437
2.36437
2.36438
2.36437
2.36437
2.36437
2.36437
2.36438
2.36437
2.36437
2.36437
2.36437
2.36437
2.36437
2.36437
2.36437
2.36437
2.36437
2.38562
2.38562
2.38562
2.38562
2.38563
2.38562
2.38562
2.38563
2.38562
2.38563
2.38562
2.38563
2.38562
2.38562
2.38563
2.38562
2.38563
2.38562
2.38563
2.38563
2.38562
2.38563
2.38562
2.38562
2.38562
2.38563
2.38563
2.38563
2.40687
2.40687
2.40687
2.40687
2.40687
2.40687
2.40687
2.40687
2.40687
2.40687
2.40687
2.40687
2.40687
2.40687
2.40687
2.40687
2.40687
2.40688
2.40687
2.40687
2.40687
2.40687
2.40688
2.40687
2.40687
2.40687
2.40687
2.40688
2.42813
2.42813
2.42813
2.42813
2.42813
2.42813
2.42812
2.42812
2.42812
2.42812
2.42813
2.42812
2.42813
2.42812
2.42812
2.42813
2.42813
2.42813
2.42812
2.42813
2.42812
2.42813
2.42813
2.42812
2.42813
2.42812
2.42813
2.42812
2.44937
2.44937
2.44938
2.44938
2.44937
2.44937
2.44937
2.44937
2.44937
2.44937
2.44938
2.44937
2.44937
2.44937
2.44937
2.44937
2.44937
2.44938
2.44937
2.44937
2.44937
2.44937
2.44937
2.44938
2.44937
2.44937
2.44937
2.44938
2.47063
2.47063
2.47063
2.47063
2.47063
2.47062
2.47062
2.47063
2.47063
2.47063
2.47062
2.47062
2.47063
2.47063
2.47062
2.47063
2.47062
2.47063
2.47062
2.47063
2.47063
2.47063
2.47063
2.47063
2.47063
2.47063
2.47063
2.47062
2.49187
2.49187
2.49188
2.49188
2.49188
2.49187
2.49187
2.49188
2.49188
2.49188
2.49187
2.49188
2.49187
2.49187
2.49187
2.49187
2.49187
2.49187
2.49187
2.49188
2.49187
2.49188
2.49187
2.49188
2.49187
2.49187
2.49187
2.49188
2.51313
2.51313
2.51313
2.51313
2.51313
2.51312
2.51312
2.51313
2.51313
2.51313
2.51313
2.51313
2.51313
2.51313
2.51313
2.51313
2.51313
2.51313
2.51312
2.51313
2.51313
2.51313
2.51313
2.51313
2.51313
2.51313
2.51313
2.51313
2.53438
2.53438
2.53437
2.53438
2.53437
2.53437
2.53437
2.53437
2.53437
2.53437
2.53437
2.53438
2.53437
2.53437
2.53438
2.53437
2.53438
2.53437
2.53437
2.53437
2.53438
2.53437
2.53437
2.53438
2.53437
2.53437
2.53437
2.53438
2.55562
2.55562
2.55562
2.55563
2.55562
2.55563
2.55563
2.55562
2.55562
2.55563
2.55563
2.55562
2.55563
2.55562
2.55562
2.55563
2.55562
2.55563
2.55563
2.55563
2.55562
2.55563
2.55563
2.55562
2.55563
2.55563
2.55562
2.55563
2.57688
2.57687
2.57688
2.57688
2.57688
2.57688
2.57687
2.57688
2.57687
2.57688
2.57688
2.57687
2.57688
2.57688
2.57687
2.57688
2.57687
2.57688
2.57688
2.57688
2.57687
2.57687
2.57687
2.57687
2.57687
2.57687
2.57687
2.57687
2.59813
2.59812
2.59813
2.59812
2.59812
2.59812
2.59813
2.59813
2.59812
2.59813
2.59813
2.59812
2.59813
2.59813
2.59812
2.59813
2.59812
2.59813
2.59812
2.59813
2.59813
2.59813
2.59813
2.59813
2.59813
2.59813
2.59813
2.59813
2.61937
2.61937
2.61938
2.61937
2.61937
2.61937
2.61938
2.61938
2.61937
2.61938
2.61937
2.61937
2.61938
2.61937
2.61937
2.61937
2.61937
2.61937
2.61938
2.61937
2.61937
2.61937
2.61937
2.61937
2.61937
2.61937
2.61937
2.61937
2.64063
2.64062
2.64062
2.64062
2.64062
2.64062
2.64062
2.64062
2.64062
2.64062
2.64063
2.64062
2.64062
2.64062
2.64062
2.64062
2.64062
2.64062
2.64062
2.64062
2.64062
2.64062
2.64063
2.64062
2.64063
2.64062
2.64063
2.64062
2.66188
2.66188
2.66187
2.66188
2.66188
2.66188
2.66187
2.66188
2.66188
2.66188
2.66188
2.66188
2.66188
2.66187
2.66188
2.66188
2.66188
2.66188
2.66188
2.66187
2.66188
2.66188
2.66188
2.66188
2.66188
2.66188
2.66187
2.66188
2.68312
2.68312
2.68313
2.68312
2.68313
2.68313
2.68312
2.68312
2.68312
2.68313
2.68313
2.68312
2.68312
2.68313
2.68312
2.68312
2.68312
2.68312
2.68312
2.68313
2.68312
2.68313
2.68313
2.68312
2.68313
2.68313
2.68313
2.68312
2.70438
2.70438
2.70437
2.70438
2.70437
2.70438
2.70437
2.70437
2.70438
2.70437
2.70438
2.70437
2.70438
2.70437
2.70437
2.70438
2.70437
2.70438
2.70437
2.70437
2.70437
2.70438
2.70438
2.70437
2.70438
2.70438
2.70437
2.70437
2.72562
2.72562
2.72562
2.72562
2.72562
2.72562
2.72562
2.72562
2.72562
2.72562
2.72562
2.72562
2.72563
2.72563
2.72562
2.72562
2.72562
2.72563
2.72562
2.72562
2.72562
2.72563
2.72562
2.72562
2.72562
2.72563
2.72562
2.72562
2.74687
2.74688
2.74688
2.74687
2.74687
2.74687
2.74687
2.74687
2.74688
2.74687
2.74688
2.74687
2.74688
2.74688
2.74687
2.74688
2.74688
2.74688
2.74687
2.74687
2.74687
2.74688
2.74688
2.74688
2.74688
2.74687
2.74687
2.74688
2.76813
2.76812
2.76812
2.76812
2.76812
2.76812
2.76812
2.76812
2.76812
2.76812
2.76812
2.76812
2.76812
2.76812
2.76812
2.76812
2.76812
2.76812
2.76812
2.76813
2.76812
2.76812
2.76813
2.76812
2.76813
2.76812
2.76812
2.76812
2.78937
2.78938
2.78937
2.78937
2.78937
2.78938
2.78937
2.78937
2.78937
2.78937
2.78937
2.78937
2.78937
2.78937
2.78938
2.78937
2.78937
2.78937
2.78938
2.78937
2.78937
2.78937
2.78937
2.78938
2.78937
2.78937
2.78937
2.78937
2.81
2.81
2.81
2.81
2.81
2.81
2.81
2.81
2.81
2.81
2.81
2.81
2.81
2.81
2.81
2.81
2.81
2.81
2.81
2.81
2.83
2.83
2.83
2.83
2.83
2.83
2.83
2.83
2.83
2.83
2.83
2.83
2.83
2.83
2.83
2.83
2.83
2.83
2.83
2.83
2.85
2.85
2.85
2.85
2.85
2.85
2.85
2.85
2.85
2.85
2.85
2.85
2.85
2.85
2.85
2.85
2.85
2.85
2.85
2.85
2.87
2.87
2.87
2.87
2.87
2.87
2.87
2.87
2.87
2.87
2.87
2.87
2.87
2.87
2.87
2.87
2.87
2.87
2.87
2.87
2.89
2.89
2.89
2.89
2.89
2.89
2.89
2.89
2.89
2.89
2.89
2.89
2.89
2.89
2.89
2.89
2.89
2.89
2.89
2.89
2.91
2.91
2.91
2.91
2.91
2.91
2.91
2.91
2.91
2.91
2.91
2.91
2.91
2.91
2.91
2.91
2.91
2.91
2.91
2.91
2.93
2.93
2.93
2.93
2.93
2.93
2.93
2.93
2.93
2.93
2.93
2.93
2.93
2.93
2.93
2.93
2.93
2.93
2.93
2.93
2.95
2.95
2.95
2.95
2.95
2.95
2.95
2.95
2.95
2.95
2.95
2.95
2.95
2.95
2.95
2.95
2.95
2.95
2.95
2.95
2.97
2.97
2.97
2.97
2.97
2.97
2.97
2.97
2.97
2.97
2.97
2.97
2.97
2.97
2.97
2.97
2.97
2.97
2.97
2.97
2.99
2.99
2.99
2.99
2.99
2.99
2.99
2.99
2.99
2.99
2.99
2.99
2.99
2.99
2.99
2.99
2.99
2.99
2.99
2.99
2.81
2.81
2.81
2.81
2.81
2.81
2.81
2.81
2.81
2.81
2.81
2.81
2.83
2.83
2.83
2.83
2.83
2.83
2.83
2.83
2.83
2.83
2.83
2.83
2.85
2.85
2.85
2.85
2.85
2.85
2.85
2.85
2.85
2.85
2.85
2.85
2.87
2.87
2.87
2.87
2.87
2.87
2.87
2.87
2.87
2.87
2.87
2.87
2.89
2.89
2.89
2.89
2.89
2.89
2.89
2.89
2.89
2.89
2.89
2.89
2.91
2.91
2.91
2.91
2.91
2.91
2.91
2.91
2.91
2.91
2.91
2.91
2.93
2.93
2.93
2.93
2.93
2.93
2.93
2.93
2.93
2.93
2.93
2.93
2.95
2.95
2.95
2.95
2.95
2.95
2.95
2.95
2.95
2.95
2.95
2.95
2.97
2.97
2.97
2.97
2.97
2.97
2.97
2.97
2.97
2.97
2.97
2.97
2.99
2.99
2.99
2.99
2.99
2.99
2.99
2.99
2.99
2.99
2.99
2.99
2.81
2.81
2.81
2.81
2.81
2.81
2.81
2.81
2.81
2.81
2.81
2.81
2.81
2.81
2.81
2.81
2.81
2.81
2.81
2.81
2.81
2.81
2.81
2.81
2.81
2.81
2.81
2.81
2.83
2.83
2.83
2.83
2.83
2.83
2.83
2.83
2.83
2.83
2.83
2.83
2.83
2.83
2.83
2.83
2.83
2.83
2.83
2.83
2.83
2.83
2.83
2.83
2.83
2.83
2.83
2.83
2.85
2.85
2.85
2.85
2.85
2.85
2.85
2.85
2.85
2.85
2.85
2.85
2.85
2.85
2.85
2.85
2.85
2.85
2.85
2.85
2.85
2.85
2.85
2.85
2.85
2.85
2.85
2.85
2.87
2.87
2.87
2.87
2.87
2.87
2.87
2.87
2.87
2.87
2.87
2.87
2.87
2.87
2.87
2.87
2.87
2.87
2.87
2.87
2.87
2.87
2.87
2.87
2.87
2.87
2.87
2.87
2.89
2.89
2.89
2.89
2.89
2.89
2.89
2.89
2.89
2.89
2.89
2.89
2.89
2.89
2.89
2.89
2.89
2.89
2.89
2.89
2.89
2.89
2.89
2.89
2.89
2.89
2.89
2.89
2.91
2.91
2.91
2.91
2.91
2.91
2.91
2.91
2.91
2.91
2.91
2.91
2.91
2.91
2.91
2.91
2.91
2.91
2.91
2.91
2.91
2.91
2.91
2.91
2.91
2.91
2.91
2.91
2.93
2.93
2.93
2.93
2.93
2.93
2.93
2.93
2.93
2.93
2.93
2.93
2.93
2.93
2.93
2.93
2.93
2.93
2.93
2.93
2.93
2.93
2.93
2.93
2.93
2.93
2.93
2.93
2.95
2.95
2.95
2.95
2.95
2.95
2.95
2.95
2.95
2.95
2.95
2.95
2.95
2.95
2.95
2.95
2.95
2.95
2.95
2.95
2.95
2.95
2.95
2.95
2.95
2.95
2.95
2.95
2.97
2.97
2.97
2.97
2.97
2.97
2.97
2.97
2.97
2.97
2.97
2.97
2.97
2.97
2.97
2.97
2.97
2.97
2.97
2.97
2.97
2.97
2.97
2.97
2.97
2.97
2.97
2.97
2.99
2.99
2.99
2.99
2.99
2.99
2.99
2.99
2.99
2.99
2.99
2.99
2.99
2.99
2.99
2.99
2.99
2.99
2.99
2.99
2.99
2.99
2.99
2.99
2.99
2.99
2.99
2.99
)
;

boundaryField
{
    inlet
    {
        type            calculated;
        value           nonuniform List<scalar> 10(0.01 0.03 0.05 0.07 0.09 0.11 0.13 0.15 0.17 0.19);
    }
    outlet
    {
        type            calculated;
        value           nonuniform List<scalar> 10(2.81 2.83 2.85 2.87 2.89 2.91 2.93 2.95 2.97 2.99);
    }
    walls
    {
        type            calculated;
        value           nonuniform List<scalar> 
423
(
0
0
0
0
0
0
0
0
0
0
0
0
0
0
0
0
0
0
0
0
0
0
0
0
0
0
0
0
0
0
0
0
0
0
0
0
0
0
0
0
0
0
0
0
0
0
0
0
0
0
0
0
0
0
0
0
0
0
0
0
0.01
0.03
0.05
0.07
0.09
0.11
0.13
0.15
0.17
0.19
0.210625
0.231875
0.253125
0.274375
0.295625
0.316875
0.338125
0.359375
0.380625
0.401875
0.423125
0.444375
0.465625
0.486875
0.508125
0.529375
0.550625
0.571875
0.593125
0.614375
0.635625
0.656875
0.678125
0.699375
0.720625
0.741875
0.763125
0.784375
0.805625
0.826875
0.848125
0.869375
0.890625
0.911875
0.933125
0.954375
0.975625
0.996875
1.01812
1.03938
1.06062
1.08187
1.10313
1.12438
1.14562
1.16688
1.18812
1.20937
1.23062
1.25187
1.27312
1.29437
1.31562
1.33687
1.35812
1.37937
1.40062
1.42187
1.44312
1.46437
1.48333
1.5
1.51667
1.53563
1.55687
1.57812
1.59938
1.62062
1.64188
1.66312
1.68437
1.70562
1.72687
1.74812
1.76938
1.79062
1.81187
1.83312
1.85437
1.87563
1.89688
1.91812
1.93938
1.96062
1.98187
2.00312
2.02438
2.04563
2.06688
2.08812
2.10938
2.13063
2.15187
2.17313
2.19437
2.21563
2.23688
2.25812
2.27937
2.30062
2.32187
2.34312
2.36437
2.38562
2.40688
2.42813
2.44938
2.47063
2.49187
2.51313
2.53437
2.55562
2.57688
2.59813
2.61937
2.64062
2.66188
2.68312
2.70437
2.72562
2.74688
2.76812
2.78937
2.81
2.83
2.85
2.87
2.89
2.91
2.93
2.95
2.97
2.99
3
3
3
3
3
3
3
3
3
3
3
3
3
3
3
3
3
3
3
3
3
3
3
3
3
3
3
3
3
3
3
3
3
3
3
3
3
3
3
3
3
3
3
3
3
3
3
3
3
3
3
3
3
3
3
3
3
3
3
3
2.8
2.8
2.8
2.8
2.8
2.8
2.8
2.8
2.8
2.8
2.8
2.8
2.8
2.8
2.8
2.8
2.8
2.8
2.8
2.8
1.53563
1.55688
1.57813
1.59938
1.62062
1.64188
1.66312
1.68437
1.70562
1.72688
1.74812
1.76938
1.79062
1.81187
1.83312
1.85437
1.87563
1.89688
1.91812
1.93938
1.96062
1.98187
2.00312
2.02438
2.04563
2.06688
2.08812
2.10938
2.13062
2.15187
2.17312
2.19437
2.21563
2.23688
2.25812
2.27937
2.30062
2.32187
2.34312
2.36437
2.38562
2.40687
2.42813
2.44937
2.47063
2.49187
2.51313
2.53437
2.55562
2.57688
2.59813
2.61937
2.64062
2.66188
2.68312
2.70437
2.72562
2.74688
2.76812
2.78937
0.210625
0.231875
0.253125
0.274375
0.295625
0.316875
0.338125
0.359375
0.380625
0.401875
0.423125
0.444375
0.465625
0.486875
0.508125
0.529375
0.550625
0.571875
0.593125
0.614375
0.635625
0.656875
0.678125
0.699375
0.720625
0.741875
0.763125
0.784375
0.805625
0.826875
0.848125
0.869375
0.890625
0.911875
0.933125
0.954375
0.975625
0.996875
1.01812
1.03938
1.06062
1.08187
1.10313
1.12438
1.14562
1.16688
1.18812
1.20938
1.23062
1.25188
1.27312
1.29437
1.31563
1.33687
1.35812
1.37938
1.40062
1.42187
1.44312
1.46437
0.2
0.2
0.2
0.2
0.2
0.2
0.2
0.2
0.2
0.2
0.2
0.2
0.2
0.2
0.2
0.2
0.2
0.2
0.2
0.2
)
;
    }
    baffle
    {
        type            calculated;
        value           nonuniform List<scalar> 
27
(
1.525
1.525
1.525
1.525
1.525
1.525
1.525
1.525
1.525
1.525
1.525
1.525
1.48333
1.5
1.51667
1.475
1.475
1.475
1.475
1.475
1.475
1.475
1.475
1.475
1.475
1.475
1.475
)
;
    }
    frontAndBack
    {
        type            empty;
    }
}


// ************************************************************************* //
