/*--------------------------------*- C++ -*----------------------------------*\
| =========                 |                                                 |
| \\      /  F ield         | OpenFOAM: The Open Source CFD Toolbox           |
|  \\    /   O peration     | Version:  v2012                                 |
|   \\  /    A nd           | Website:  www.openfoam.com                      |
|    \\/     M anipulation  |                                                 |
\*---------------------------------------------------------------------------*/
FoamFile
{
    version     2.0;
    format      ascii;
    class       volScalarField;
    location    "662";
    object      nut;
}
// * * * * * * * * * * * * * * * * * * * * * * * * * * * * * * * * * * * * * //

dimensions      [0 2 -1 0 0 0 0];


internalField   nonuniform List<scalar> 
6084
(
0.000446524
0.000462863
0.000480676
0.000500185
0.000521667
0.000545464
0.000572006
0.000601844
0.000635688
0.000674478
0.000719483
0.000772451
0.000835861
0.000913334
0.00101035
0.00113554
0.00130317
0.00153816
0.00188689
0.00244258
0.00237678
0.00245889
0.00254673
0.00264099
0.00274255
0.00285249
0.00297209
0.00310299
0.0032472
0.00340735
0.0035869
0.00379047
0.00402446
0.00429794
0.00462426
0.00502378
0.00552926
0.00619689
0.00713262
0.00856789
0.00401177
0.00413835
0.00427295
0.00441633
0.00456952
0.00473374
0.00491046
0.00510142
0.00530877
0.00553518
0.00578398
0.00605943
0.00636694
0.00671342
0.00710763
0.00756034
0.00808391
0.00868984
0.00938104
0.0101298
0.00503267
0.00518309
0.00534233
0.00551101
0.00568998
0.0058802
0.00608275
0.00629884
0.00652981
0.00677714
0.00704248
0.00732761
0.00763438
0.00796457
0.00831957
0.00869983
0.00910378
0.00952617
0.00995606
0.0103761
0.00551725
0.00567769
0.00584712
0.006026
0.00621496
0.0064147
0.00662591
0.00684925
0.00708533
0.0073346
0.0075973
0.00787333
0.00816207
0.00846219
0.00877142
0.00908648
0.00940319
0.00971754
0.0100285
0.0103439
0.00551832
0.00567845
0.00584766
0.00602638
0.00621522
0.00641487
0.00662602
0.00684933
0.00708538
0.00733463
0.00759732
0.00787335
0.00816208
0.00846219
0.00877143
0.00908648
0.00940319
0.00971754
0.0100285
0.0103439
0.00503562
0.00518514
0.00534371
0.00551194
0.00569061
0.00588063
0.00608304
0.00629904
0.00652994
0.00677723
0.00704254
0.00732765
0.00763441
0.00796458
0.00831958
0.00869984
0.00910378
0.00952618
0.00995607
0.0103761
0.00401548
0.00414095
0.00427472
0.00441757
0.00457038
0.00473433
0.00491086
0.00510169
0.00530895
0.0055353
0.00578407
0.00605949
0.00636697
0.00671344
0.00710764
0.00756035
0.00808392
0.00868984
0.00938105
0.0101298
0.0023785
0.00246089
0.00254824
0.00264211
0.00274334
0.00285304
0.00297247
0.00310324
0.00324737
0.00340747
0.00358698
0.00379052
0.00402449
0.00429797
0.00462427
0.00502379
0.00552926
0.00619689
0.00713262
0.00856789
0.000446623
0.000462949
0.00048074
0.000500232
0.0005217
0.000545487
0.000572023
0.000601855
0.000635696
0.000674484
0.000719487
0.000772454
0.000835863
0.000913335
0.00101035
0.00113554
0.00130317
0.00153816
0.00188689
0.00244258
0.000320974
0.000328609
0.000336566
0.000344895
0.000353644
0.000362869
0.000372627
0.000382981
0.000394002
0.000405769
0.000418372
0.000431915
0.00166139
0.00171295
0.00176465
0.00181692
0.00187015
0.00192471
0.00198099
0.00203937
0.00210024
0.002164
0.00223103
0.00230176
0.00289358
0.00297342
0.00305382
0.00313545
0.00321885
0.00330453
0.00339302
0.00348482
0.00358044
0.00368038
0.00378515
0.0038953
0.00370057
0.00379346
0.00388781
0.0039843
0.00408344
0.00418575
0.0042917
0.00440179
0.00451651
0.00463639
0.00476192
0.00489366
0.00410561
0.00420062
0.00429826
0.00439913
0.00450363
0.00461213
0.00472499
0.00484256
0.00496524
0.00509347
0.00522778
0.00536867
0.0041422
0.00422862
0.00431926
0.0044146
0.00451494
0.00462051
0.00473144
0.00484778
0.0049695
0.00509662
0.00523
0.00537021
0.00383074
0.00389455
0.0039643
0.00404054
0.00412371
0.00421436
0.00431318
0.00442021
0.00453134
0.00464699
0.00476898
0.00489819
0.00323271
0.00325625
0.00328624
0.00332287
0.00336627
0.00341671
0.00347439
0.00353951
0.00361752
0.00370626
0.00380084
0.00390349
0.00247371
0.00242956
0.00239042
0.00235643
0.00232692
0.00229999
0.00227363
0.00224963
0.00223677
0.00224518
0.00227809
0.0023236
0.00181501
0.00167215
0.00151857
0.00135518
0.00119011
0.00103575
0.000897073
0.000777561
0.00067878
0.000600313
0.000537619
0.000485904
6.87694e-05
6.54977e-05
6.3471e-05
7.08571e-05
9.24564e-05
0.000117077
9.83435e-05
0.00012559
0.000164508
0.000175874
0.000186163
0.00019566
0.000204548
0.000212951
0.000220962
0.000228652
0.00023608
0.000243299
0.000250355
0.000257291
0.000264145
0.00027096
0.000277774
0.000284627
0.000291562
0.00029862
0.000305845
0.000313281
0.000114917
0.000211032
0.00027758
0.000297558
0.000305786
0.000316523
0.000361719
0.000408425
0.000464434
0.000523187
0.000582616
0.000642798
0.00070386
0.000765768
0.000828395
0.000891545
0.00095497
0.0010184
0.00108156
0.00114419
0.00120601
0.00126681
0.00132644
0.00138483
0.00144199
0.00149802
0.0015531
0.00160748
0.000139839
0.00041165
0.000444318
0.000445233
0.000472213
0.000522541
0.000602639
0.000707828
0.000825008
0.000945614
0.00106704
0.00118823
0.00130857
0.00142752
0.00154463
0.00165949
0.00177172
0.00188101
0.00198712
0.0020899
0.00218932
0.00228546
0.00237852
0.00246879
0.00255666
0.00264258
0.00272705
0.00281061
0.000169993
0.000539184
0.000578495
0.000601593
0.000652809
0.000746365
0.00088207
0.00104479
0.00121776
0.00139177
0.00156261
0.00172802
0.00188688
0.00203865
0.00218324
0.00232075
0.00245152
0.00257595
0.00269456
0.00280794
0.00291671
0.00302152
0.00312306
0.003222
0.00331902
0.00341478
0.00350993
0.00360511
0.000197027
0.00065144
0.000679881
0.000764133
0.000854512
0.000998264
0.00118542
0.00139482
0.00160904
0.00181813
0.00201658
0.00220172
0.0023728
0.00253019
0.0026749
0.00280831
0.00293192
0.00304725
0.00315573
0.00325871
0.00335742
0.00345296
0.00354634
0.00363845
0.0037301
0.00382204
0.00391494
0.00400941
0.000222142
0.000682474
0.000775225
0.000937839
0.00107558
0.00126657
0.00149432
0.00173534
0.00197249
0.00219545
0.00239854
0.00257975
0.00273952
0.00287974
0.00300299
0.00311205
0.00320968
0.00329837
0.00338034
0.00345749
0.00353146
0.00360365
0.00367526
0.00374733
0.00382077
0.00389637
0.00397481
0.00405671
0.000237979
0.000715795
0.000881914
0.00112109
0.00130476
0.00153684
0.00179211
0.00204864
0.00229024
0.00250705
0.00269446
0.00285198
0.00298182
0.00308758
0.00317341
0.00324339
0.00330127
0.00335025
0.00339302
0.0034318
0.00346842
0.00350444
0.00354114
0.00357969
0.00362107
0.00366618
0.00371578
0.00377053
0.000250918
0.000777468
0.0010002
0.00130848
0.00153203
0.00179493
0.00206592
0.00232287
0.00255249
0.00274651
0.00290224
0.00302132
0.00310798
0.00316761
0.00320581
0.00322772
0.00323778
0.00323959
0.00323598
0.00322912
0.00322071
0.00321212
0.00320448
0.00319883
0.00319616
0.00319739
0.0032034
0.00321498
0.000261792
0.000867243
0.0011259
0.00149375
0.00174913
0.00203113
0.00230645
0.00255169
0.00275611
0.00291501
0.00302831
0.00310019
0.00313716
0.00314655
0.0031354
0.00310986
0.00307479
0.00303371
0.00298892
0.00294176
0.00289287
0.00284255
0.00279091
0.00273812
0.00268447
0.00263045
0.00257672
0.00252413
0.000270672
0.000960166
0.00125113
0.00164517
0.00195044
0.00224027
0.00250843
0.00273294
0.00290291
0.00301899
0.00308465
0.00310716
0.00309575
0.00306002
0.00300864
0.00294857
0.00288461
0.00281943
0.00275385
0.00268744
0.00261893
0.00254677
0.0024693
0.00238496
0.00229229
0.00218999
0.00207688
0.001952
0.00177869
0.00166996
0.00155507
0.00143237
0.00129954
0.00115544
0.000996527
0.000817773
0.000517173
0.000300516
0.000196856
0.000116794
0.00152331
0.00138822
0.00124944
0.0011082
0.000967549
0.000819365
0.000660277
0.000516148
0.000392891
0.000301764
0.000213275
8.74246e-05
0.00114941
0.00104524
0.000947291
0.000856966
0.000782821
0.000725756
0.000673392
0.000618531
0.000560944
0.000491094
0.000302082
7.69304e-05
0.00111007
0.00109782
0.00109653
0.00109119
0.00108867
0.00107389
0.00103851
0.000945564
0.000774351
0.000559937
0.00030713
7.89616e-05
0.00150172
0.00155408
0.00159537
0.00162436
0.00157831
0.00147941
0.00133391
0.00113214
0.000878776
0.000599618
0.000317196
8.27976e-05
0.00205565
0.00208608
0.00207485
0.00202669
0.00190592
0.00173414
0.00151735
0.00125788
0.000963038
0.000647505
0.000336967
8.69085e-05
0.00248773
0.00246103
0.00238862
0.0022738
0.00211317
0.00190974
0.0016638
0.00137617
0.00105187
0.000704205
0.000362658
9.10817e-05
0.00275922
0.00269344
0.00259216
0.00245516
0.0022797
0.00206305
0.00180215
0.00149543
0.00114605
0.000767183
0.000392106
9.52347e-05
0.00294368
0.00286241
0.00275162
0.0026084
0.00242831
0.00220609
0.00193635
0.00161522
0.0012438
0.000834638
0.000424292
9.93365e-05
0.00308708
0.00300093
0.00288816
0.00274448
0.00256418
0.00234041
0.00206577
0.00173394
0.00134346
0.000905338
0.000458654
0.000103379
0.00320772
0.00312047
0.00300839
0.00286651
0.00268831
0.00246566
0.00218926
0.00185014
0.0014437
0.000978391
0.000494858
0.000107366
0.00331283
0.0032255
0.00311486
0.00297571
0.00280096
0.00258142
0.00230593
0.00196271
0.00154345
0.00105311
0.000532688
0.000111307
0.00340581
0.00331833
0.00320912
0.00307297
0.00290249
0.00268755
0.00241522
0.00207081
0.00164188
0.00112893
0.000571985
0.000115214
0.0034888
0.00340063
0.00329245
0.00315923
0.00299342
0.00278417
0.00251687
0.00217388
0.00173831
0.00120534
0.000612606
0.000119103
0.00356337
0.00347378
0.00336604
0.00323543
0.00307441
0.00287158
0.00261081
0.00227154
0.00183219
0.00128188
0.000654395
0.000122992
0.00363078
0.00353899
0.003431
0.00330251
0.00314617
0.00295021
0.00269714
0.00236355
0.00192303
0.00135804
0.000697141
0.000126903
0.00369204
0.00359728
0.0034883
0.00336136
0.00320943
0.00302054
0.00277604
0.00244978
0.00201044
0.00143331
0.000740541
0.000130863
0.00374792
0.00364945
0.00353877
0.00341277
0.00326486
0.00308307
0.00284773
0.00253014
0.00209402
0.00150708
0.000784153
0.000134906
0.00379895
0.00369613
0.00358309
0.0034574
0.00331306
0.00313825
0.00291244
0.00260457
0.00217339
0.00157868
0.000827386
0.000139078
0.00384544
0.00373774
0.00362175
0.00349579
0.00335454
0.00318649
0.00297038
0.00267298
0.00224817
0.00164733
0.000869286
0.000143445
0.00388752
0.0037745
0.00365508
0.00352834
0.0033897
0.00322813
0.00302166
0.00273524
0.00231789
0.00171209
0.000908514
0.0001481
0.0039251
0.00380647
0.00368325
0.00355532
0.00341881
0.00326343
0.00306636
0.00279109
0.002382
0.00177415
0.00094656
0.000152975
0.00395796
0.00383354
0.0037063
0.00357688
0.00344203
0.00329258
0.00310599
0.00284323
0.00244434
0.00183577
0.000985115
0.000157877
0.00398576
0.00385545
0.0037241
0.00359339
0.00346086
0.0033173
0.00314089
0.00289121
0.00250404
0.00189674
0.00102425
0.000162805
0.00400806
0.00387277
0.00373781
0.00360548
0.00347459
0.00333672
0.00317051
0.0029345
0.00256053
0.00195669
0.00106388
0.000167737
0.00402598
0.00388524
0.00374622
0.00361206
0.00348256
0.00335024
0.0031943
0.0029725
0.00261315
0.00201508
0.00110378
0.000172659
0.004038
0.00389161
0.0037484
0.00361231
0.00348409
0.00335726
0.00321155
0.0030045
0.00266112
0.00207122
0.00114366
0.000177546
0.00404304
0.00389087
0.00374341
0.00360539
0.00347846
0.00335697
0.00322157
0.00302965
0.00270345
0.00212419
0.00118302
0.000182353
0.00404003
0.00388194
0.00373022
0.00359037
0.00346487
0.00334866
0.00322353
0.00304693
0.00273895
0.00217278
0.00122118
0.000187017
0.0040278
0.00386361
0.00370768
0.00356618
0.00344206
0.00333134
0.00321642
0.00305519
0.00276616
0.00221545
0.00125713
0.00019145
0.00400499
0.00383453
0.00367446
0.00353176
0.00340922
0.00330406
0.00319917
0.00305306
0.00278329
0.00225018
0.00128943
0.000195532
0.00397002
0.00379313
0.00362904
0.0034853
0.00336503
0.00326565
0.00317044
0.00303883
0.00278806
0.00227441
0.0013162
0.000199134
0.00392108
0.0037377
0.00356991
0.00342539
0.00330832
0.00321488
0.00312861
0.00298888
0.00258116
0.00225277
0.00133516
0.000202149
0.00385615
0.00366642
0.00349555
0.00335146
0.00323803
0.00315043
0.00307178
0.00265467
0.00230896
0.0020648
0.00134515
0.00020452
0.0037731
0.00357749
0.00340436
0.00326218
0.00315316
0.00307137
0.00275353
0.00237593
0.00209979
0.0019138
0.0013508
0.0002062
0.00366991
0.00346944
0.00329588
0.00315675
0.00305334
0.00289917
0.00247025
0.00215143
0.00193418
0.00179769
0.00135162
0.00020711
0.00354489
0.00334118
0.00316916
0.00303511
0.00293895
0.00261343
0.00223243
0.0019706
0.00180659
0.00171169
0.00134694
0.000207826
0.00339708
0.00319262
0.00302484
0.00289844
0.00281138
0.00236857
0.00203621
0.00183035
0.00171603
0.00165501
0.00133556
0.000208009
0.00322664
0.0030251
0.002865
0.00274912
0.00256665
0.00215906
0.00188128
0.00172779
0.00165972
0.00162771
0.00131764
0.000207242
0.00303535
0.00284146
0.00269321
0.00259083
0.00233566
0.00198395
0.00176427
0.00166065
0.00163517
0.00162896
0.0012936
0.000205549
0.00282705
0.00264655
0.00251457
0.00242835
0.00213108
0.0018431
0.00168484
0.00162905
0.00164018
0.0016569
0.00126356
0.000202757
0.00260778
0.00244672
0.00233482
0.00226655
0.00194324
0.00173578
0.00164482
0.00163512
0.00168692
0.00171994
0.00122879
0.000199035
0.00238628
0.0022491
0.00215909
0.0019973
0.00177473
0.00166899
0.00164947
0.00168464
0.00178233
0.00182255
0.00119042
0.000194653
0.00216879
0.00205806
0.00196447
0.00174186
0.00165311
0.00165705
0.00170783
0.00179764
0.0019314
0.00183788
0.0011472
0.000189717
0.00196026
0.00185212
0.00162792
0.00156341
0.00161659
0.00172017
0.00182583
0.0019631
0.00203269
0.00177228
0.00109932
0.000184298
0.00173661
0.00148339
0.00142654
0.00151406
0.00167558
0.00183167
0.0019372
0.00200919
0.00197161
0.00170253
0.00104842
0.000178483
0.00136788
0.00129419
0.00138715
0.00157033
0.00166355
0.00178198
0.00189656
0.00196122
0.00190826
0.00162981
0.000995818
0.000172347
0.00117362
0.00127065
0.00140816
0.00149739
0.00162104
0.00175484
0.00186523
0.00191406
0.00184239
0.00155464
0.00094233
0.000165942
0.00112733
0.00125638
0.00134149
0.0014673
0.00161027
0.00174272
0.0018366
0.00186356
0.00177148
0.00147575
0.000887478
0.000159294
0.00111348
0.00120061
0.00132603
0.00147259
0.00161613
0.00173012
0.00179956
0.00180167
0.0016882
0.00138536
0.000822141
0.000152697
0.00106691
0.00119453
0.00133903
0.00148354
0.00161095
0.00169628
0.00173875
0.00171578
0.00158266
0.00127543
0.000744242
0.000146409
0.00106085
0.00120095
0.00134157
0.001466
0.00156498
0.00162733
0.00164749
0.00160276
0.00145354
0.00114799
0.000659144
0.000140192
0.00105486
0.00118116
0.00129988
0.0014026
0.00147813
0.00152147
0.00152275
0.00146025
0.00130064
0.00100605
0.000571155
0.000133865
0.00101372
0.0011209
0.0012179
0.00129851
0.00135295
0.00137877
0.00136381
0.00128837
0.00112642
0.000854585
0.000484101
0.000127268
0.000940134
0.0010249
0.00109882
0.00115722
0.00119201
0.00120167
0.00117365
0.00109163
0.000937585
0.000701035
0.000401685
0.000120231
0.000834742
0.000895379
0.000946242
0.000983602
0.00100118
0.00099749
0.000961404
0.000881094
0.000746211
0.000555165
0.000327488
0.000112528
0.000679453
0.000736007
0.000766641
0.000786703
0.000792244
0.000780655
0.000743911
0.000674822
0.000568714
0.000427555
0.000264707
0.000103802
0.000517207
0.000550283
0.000567563
0.000578546
0.000580804
0.000570098
0.000542218
0.000493377
0.000421531
0.000327769
0.000217173
7.64829e-05
0.000329484
0.000331058
0.000342829
0.000355021
0.000362604
0.000363738
0.000355974
0.000336613
0.000302947
0.000252292
0.000178771
7.95299e-05
7.28934e-05
7.49318e-05
7.73757e-05
8.00918e-05
8.2891e-05
8.53168e-05
8.72027e-05
8.81965e-05
8.76534e-05
7.60163e-05
7.56881e-05
5.38628e-05
0.000278352
0.00106263
0.00138047
0.00178997
0.00214054
0.00242785
0.00267828
0.00287198
0.0030016
0.00306973
0.00308585
0.0030612
0.00300839
0.00293952
0.00286462
0.00279057
0.00272085
0.00265597
0.00259443
0.00253377
0.00247144
0.00240532
0.00233397
0.00225659
0.00217292
0.00208306
0.00198729
0.00188585
0.000284698
0.00116926
0.00151063
0.00193117
0.00230568
0.00258193
0.00280718
0.00296478
0.00305141
0.0030739
0.00304586
0.00298381
0.00290369
0.00281913
0.00273954
0.00266921
0.00260782
0.00255199
0.00249706
0.00243857
0.00237317
0.00229884
0.00221475
0.00212089
0.0020178
0.00190615
0.00178662
0.00165901
0.000290069
0.00128411
0.00164463
0.00207437
0.00244455
0.00270338
0.00289866
0.00301801
0.00306263
0.00304445
0.00298156
0.00289442
0.00280121
0.00271457
0.00264017
0.00257699
0.00251947
0.00246031
0.0023928
0.00231221
0.00221619
0.00210458
0.00197899
0.00184172
0.00169651
0.00154773
0.00140138
0.00126597
0.000294661
0.00140247
0.00178669
0.00222579
0.00255801
0.00279518
0.00295817
0.00303968
0.00304588
0.00299384
0.0029062
0.00280559
0.00270957
0.00262682
0.0025568
0.0024924
0.00242381
0.00234204
0.00224116
0.00211906
0.00197738
0.00182143
0.00165936
0.00150186
0.00136248
0.00125657
0.001186
0.00113867
0.000298332
0.00145125
0.00194157
0.00236279
0.002648
0.00286107
0.0029915
0.00303757
0.00301059
0.00293256
0.00282949
0.00272425
0.00263058
0.0025508
0.00247777
0.0023998
0.00230573
0.00218842
0.00204648
0.00188488
0.00171479
0.00155274
0.00141968
0.00133911
0.00132047
0.0013427
0.00138987
0.00144775
0.000301199
0.00149129
0.00208162
0.00244524
0.00271709
0.00290508
0.00300432
0.00301875
0.0029648
0.00286866
0.00275809
0.00265362
0.00256302
0.0024814
0.00239649
0.0022952
0.00216903
0.00201716
0.00184848
0.00168141
0.00154218
0.00146118
0.00146318
0.00153969
0.0016498
0.00176423
0.00187703
0.00197497
0.000303338
0.0015225
0.00214591
0.00251103
0.00276798
0.00293127
0.00300189
0.00298939
0.00291499
0.00280809
0.0026961
0.00259493
0.00250525
0.00241603
0.00231259
0.00218455
0.00203075
0.0018631
0.00170673
0.00159704
0.00157074
0.0016466
0.00180214
0.00197291
0.00213881
0.00228563
0.00238865
0.00245576
0.000304815
0.00154554
0.00219713
0.00256201
0.00280351
0.00294349
0.00298889
0.00295465
0.00286629
0.00275502
0.00264586
0.00254848
0.0024565
0.00235492
0.00223047
0.0020798
0.00191527
0.00176666
0.00167669
0.00168739
0.00181334
0.00201841
0.00224574
0.00244916
0.00260367
0.00271531
0.00277245
0.00278659
0.000305697
0.00156118
0.00223665
0.00260011
0.00282642
0.00294523
0.00296933
0.00291872
0.00282253
0.00271224
0.00260864
0.00251429
0.0024169
0.00230043
0.00215705
0.00199554
0.00184667
0.00175836
0.00177949
0.00192814
0.00216616
0.00244081
0.00267241
0.0028447
0.00294894
0.00300523
0.00301946
0.00299762
0.000306046
0.00157023
0.00226587
0.00262724
0.0028393
0.00293958
0.00294655
0.0028849
0.00278646
0.00268144
0.00258495
0.00249235
0.00238725
0.0022559
0.00209986
0.00194485
0.00184066
0.00184445
0.0019865
0.00223668
0.00253912
0.0028158
0.00300454
0.00311999
0.00318039
0.00320135
0.00318991
0.00315107
0.000305927
0.00157352
0.00228612
0.00264521
0.00284443
0.00292912
0.00292322
0.00285561
0.00275987
0.00266345
0.00257478
0.00248258
0.00236856
0.00222465
0.00206529
0.00193552
0.00189892
0.00200442
0.00224277
0.00255642
0.00286645
0.00309826
0.0032385
0.0033141
0.00334618
0.00334657
0.00332197
0.00327547
0.000305398
0.00157182
0.00229867
0.00265568
0.0028438
0.00291598
0.00290135
0.00283249
0.00274367
0.00265831
0.00257757
0.00248455
0.0023615
0.00220885
0.00205685
0.00196812
0.00200953
0.00220457
0.00250669
0.00284188
0.00312166
0.00330775
0.00341168
0.0034619
0.00347623
0.00346491
0.00343307
0.00338241
0.000304516
0.00156589
0.00230468
0.00266011
0.00283908
0.00290183
0.00288241
0.00281649
0.00273804
0.00266524
0.00259175
0.00249685
0.00236588
0.0022094
0.00207461
0.00203653
0.00215323
0.00241448
0.00275318
0.00307924
0.00332089
0.00347078
0.00355017
0.00358364
0.00358669
0.00356786
0.00353098
0.00347705
0.000303332
0.00155641
0.00230524
0.00265979
0.00283163
0.00288795
0.00286734
0.00280796
0.00274234
0.00268218
0.00251488
0.00242379
0.00238009
0.0022257
0.00211563
0.00213082
0.00231103
0.00261838
0.00297185
0.00327413
0.00348225
0.00360627
0.00366859
0.00369057
0.00368568
0.00366098
0.00361956
0.00356219
0.000301893
0.00154403
0.00230129
0.00265579
0.00282254
0.00287525
0.00285665
0.00280666
0.00275507
0.00260948
0.00232999
0.00228906
0.00239813
0.0022555
0.00217514
0.00224067
0.0024693
0.00280973
0.00316302
0.00343841
0.00362014
0.00372528
0.00377518
0.00378869
0.00377738
0.00374727
0.00370106
0.00363964
0.000300243
0.00152931
0.00229365
0.00264901
0.00281264
0.00286432
0.00285047
0.00281189
0.002774
0.00241389
0.00220232
0.00219497
0.00231549
0.0022956
0.00224786
0.0023578
0.00262283
0.00298223
0.0033275
0.00358093
0.00374279
0.0038339
0.00387455
0.00388126
0.00386411
0.00382845
0.00377694
0.00371073
0.000298422
0.00151274
0.00228303
0.00264017
0.00280256
0.00285553
0.00284864
0.00282248
0.00269358
0.0022747
0.00211649
0.00213097
0.00225271
0.00234378
0.0023289
0.00247579
0.00276726
0.00313595
0.00347157
0.00370781
0.00385499
0.0039358
0.00396929
0.00397008
0.00394718
0.00390562
0.0038482
0.00377646
0.000296463
0.00149475
0.00227006
0.00262988
0.00279276
0.00284903
0.00285076
0.00283708
0.00253191
0.0021783
0.00205874
0.00208875
0.0022124
0.00239741
0.00241404
0.00259044
0.00290183
0.00327508
0.00360053
0.00382344
0.00395993
0.00403316
0.00406081
0.00405607
0.00402729
0.0039794
0.00391548
0.00383752
0.000294396
0.00147571
0.00225522
0.00261858
0.00278352
0.00284482
0.00285631
0.0028545
0.00241389
0.00211191
0.00202075
0.0020634
0.00218908
0.00237811
0.00250002
0.0026995
0.00302736
0.00340331
0.00371838
0.00393089
0.00405963
0.00412715
0.00414977
0.00413964
0.00410473
0.00405008
0.00397911
0.00389435
0.000292247
0.00145593
0.00223896
0.00260664
0.00277505
0.00284276
0.00286463
0.00284899
0.00233004
0.00206713
0.00199815
0.00205051
0.00217797
0.00236506
0.00258498
0.00280243
0.00314506
0.00352282
0.00382767
0.00403206
0.00415516
0.00421829
0.00423629
0.00422073
0.00417943
0.00411763
0.00403918
0.00394713
0.000290036
0.00143567
0.00222162
0.00259432
0.00276742
0.00284262
0.00287493
0.00274183
0.0022707
0.00203896
0.00198753
0.00204718
0.00217599
0.00236401
0.00264381
0.00290087
0.00325433
0.00363245
0.00392951
0.00412794
0.00424693
0.00430646
0.00432006
0.00429896
0.00425101
0.00418177
0.00409553
0.00399584
0.000287783
0.00141514
0.00220348
0.00258182
0.00276067
0.00284414
0.00288661
0.00266026
0.00222961
0.00202297
0.00198605
0.00205119
0.002181
0.00237098
0.00265757
0.00299576
0.00335557
0.00373276
0.00402469
0.00421892
0.00433486
0.0043912
0.00440047
0.0043737
0.0043189
0.00424201
0.00414779
0.00404025
0.000285503
0.00139451
0.00218479
0.0025693
0.00275476
0.00284705
0.00289923
0.00260123
0.00220243
0.00201672
0.00199183
0.0020609
0.00219107
0.00238305
0.00267456
0.00308677
0.00345079
0.00382607
0.00411411
0.0043052
0.00441859
0.00447184
0.00447667
0.00444407
0.00438229
0.00429768
0.00419545
0.00407999
0.000283209
0.00137393
0.00216574
0.00255685
0.00274965
0.0028511
0.00291246
0.00255927
0.00218611
0.00201852
0.00200345
0.00207522
0.00220535
0.00239909
0.0026956
0.00313703
0.00354221
0.00391418
0.00419853
0.00438676
0.00449763
0.00454753
0.00454768
0.00450908
0.0044403
0.004348
0.0042379
0.00411455
0.000280912
0.0013535
0.00214647
0.00254454
0.00274524
0.00285605
0.00292605
0.00253045
0.00217851
0.00202687
0.00201978
0.00209332
0.00222316
0.00241827
0.00271877
0.0031601
0.00363121
0.00399843
0.00427855
0.00446352
0.00457135
0.00461735
0.00461245
0.00456771
0.004492
0.00439213
0.00427445
0.0041433
0.000278618
0.00133331
0.00212711
0.0025324
0.00274147
0.00286169
0.00293982
0.00251215
0.00217809
0.00204045
0.00203986
0.00211453
0.00224393
0.00244007
0.00274337
0.00318345
0.0037184
0.00407974
0.00435456
0.00453527
0.00463915
0.0046804
0.00466999
0.00461896
0.00453653
0.00442917
0.00430441
0.00416719
0.000276337
0.00131342
0.00210775
0.00252047
0.00273822
0.00286783
0.00295359
0.00250244
0.00218365
0.00205824
0.00206301
0.00213836
0.00226724
0.00246426
0.00276954
0.0032073
0.00375643
0.00415887
0.00442676
0.00460177
0.00470043
0.00473592
0.0047195
0.004662
0.0045732
0.00446035
0.0043293
0.00418549
0.000274072
0.00129388
0.00208847
0.00250875
0.00273543
0.00287432
0.00296726
0.00249985
0.00219422
0.00207944
0.0020887
0.00216443
0.00229274
0.00249053
0.00279701
0.0032319
0.00377471
0.0042355
0.00449499
0.00466273
0.00475473
0.00478336
0.00476049
0.00469789
0.00460399
0.00448536
0.00434776
0.00419702
0.000271828
0.00127472
0.00206931
0.00249723
0.00273298
0.00288099
0.00296988
0.00250324
0.00220906
0.00210339
0.00211652
0.00219247
0.00232025
0.00251883
0.00282569
0.00325869
0.00379629
0.00430857
0.00455893
0.00471788
0.0048017
0.00482303
0.0047949
0.00472745
0.00462824
0.00450342
0.00435884
0.00420079
0.000269606
0.00125597
0.00205034
0.00248592
0.00273081
0.00288771
0.00296431
0.00251162
0.00222744
0.00212957
0.00214613
0.00222226
0.00234959
0.00254914
0.0028559
0.0032869
0.00382065
0.00437606
0.00461848
0.00476719
0.00484148
0.00485648
0.00482323
0.00475067
0.00464559
0.00451389
0.00436165
0.00419571
0.00026741
0.00123763
0.00203157
0.00247479
0.00272885
0.00289441
0.00296372
0.00252413
0.00224865
0.00215757
0.00217728
0.00225373
0.00238066
0.00258135
0.00288744
0.00331681
0.00384627
0.00439237
0.00467324
0.00481036
0.00487602
0.00488473
0.00484603
0.00476762
0.00465568
0.00451604
0.00435515
0.00418053
0.000265243
0.00121972
0.00201303
0.00246393
0.00272713
0.00290101
0.0029673
0.00253988
0.00227205
0.00218673
0.00220991
0.00228715
0.00241378
0.00261567
0.00292072
0.003349
0.0038747
0.00440986
0.00472212
0.00484862
0.00490624
0.00490853
0.00486359
0.0047781
0.00465784
0.00450881
0.004338
0.00415373
0.000263115
0.00120215
0.0019947
0.00245312
0.00272538
0.00290736
0.00297412
0.00255826
0.00229724
0.00221671
0.00224299
0.0023223
0.00244989
0.00265278
0.00295731
0.00338543
0.00390747
0.00443209
0.0047663
0.00488292
0.00493288
0.00492822
0.00487577
0.00478146
0.00465097
0.00449072
0.00430848
0.0041135
0.000261047
0.00118454
0.0019763
0.00244226
0.00272357
0.00291344
0.0029834
0.00257877
0.00232388
0.00224728
0.00227639
0.00235839
0.00248799
0.0026922
0.00299889
0.00342769
0.00394409
0.00445697
0.00480687
0.00491395
0.00495632
0.00494364
0.00488182
0.00477643
0.00463338
0.00445982
0.00426447
0.0040577
0.000259034
0.00116695
0.00195786
0.00243136
0.00272166
0.00291921
0.00299449
0.00260091
0.00235164
0.00227825
0.00230996
0.00239528
0.00252786
0.00273382
0.00304398
0.00347406
0.00398316
0.00448299
0.00484482
0.00494253
0.00497651
0.00495399
0.00488031
0.00476106
0.00460279
0.00441363
0.00420349
0.00398396
0.00025707
0.00114947
0.00193942
0.00242042
0.00271962
0.00292467
0.00300681
0.00262423
0.00238016
0.00230941
0.00234355
0.0024327
0.00256908
0.00277769
0.00309184
0.00352269
0.00402298
0.00450886
0.00488071
0.00496894
0.0049927
0.00495774
0.0048691
0.0047328
0.00455637
0.00434926
0.00412277
0.00388983
0.00025515
0.00113217
0.00192101
0.00240943
0.00271743
0.00292981
0.00301981
0.00264829
0.00240911
0.00234052
0.00237689
0.0024699
0.00261083
0.00282357
0.00314162
0.00357174
0.00406166
0.00453356
0.00491452
0.00499219
0.00500336
0.0049527
0.00484544
0.00468853
0.00449088
0.00426355
0.00401946
0.00377297
0.00025327
0.00111506
0.00190266
0.00239839
0.00271506
0.00293462
0.00303297
0.00267259
0.00243811
0.00237128
0.00240971
0.00250652
0.00265237
0.00287003
0.00319163
0.00361922
0.00409747
0.00455659
0.00494572
0.00501111
0.00500649
0.00493614
0.00480612
0.00462477
0.00440283
0.00415329
0.00389091
0.00363152
0.000251427
0.00109821
0.0018844
0.00238731
0.00271252
0.00293912
0.00304576
0.00269667
0.00246678
0.0024014
0.00244162
0.00254212
0.00269304
0.00291588
0.00324029
0.00366365
0.00412992
0.00457777
0.00496496
0.00502426
0.00499965
0.0049049
0.00474753
0.00453782
0.00428873
0.00401553
0.00373501
0.00346448
0.000249617
0.00108162
0.00186625
0.00237619
0.0027098
0.0029433
0.00305767
0.00272003
0.00249471
0.00243051
0.00247225
0.0025762
0.00273213
0.00295999
0.00328624
0.00370412
0.00415941
0.00459932
0.00498254
0.00502951
0.00497989
0.00485538
0.00466582
0.00442393
0.00414531
0.00384788
0.00355064
0.00327222
0.000247838
0.00106534
0.00184825
0.00236503
0.0027069
0.0029472
0.00306823
0.00274215
0.00252147
0.00245825
0.00250118
0.00260821
0.00276884
0.00300121
0.00332812
0.00373976
0.00418647
0.00462384
0.00500743
0.00502339
0.00494287
0.0047834
0.00455704
0.00427953
0.00396986
0.00364899
0.00333821
0.00305706
0.000246088
0.00104939
0.00183041
0.00235386
0.00270383
0.00295082
0.003077
0.00276257
0.00254664
0.00248422
0.00252795
0.00263757
0.00280236
0.00303837
0.00336466
0.00376981
0.00421182
0.00465318
0.00502715
0.00500264
0.00488506
0.00468482
0.00441716
0.00410151
0.00376061
0.00341906
0.00310025
0.00282369
0.000244365
0.00103379
0.00181278
0.0023427
0.00270062
0.00295419
0.00308361
0.00278082
0.00256979
0.00250805
0.00255217
0.0026638
0.002832
0.00307067
0.00339544
0.00379546
0.00423672
0.00468054
0.00498776
0.00496437
0.00480341
0.00455634
0.00424286
0.00388735
0.00351718
0.00316033
0.00284183
0.00257942
0.000242666
0.00101857
0.00179539
0.00233157
0.00269729
0.00295734
0.00308778
0.00279653
0.00259056
0.00252939
0.00257351
0.00268651
0.0028574
0.00309792
0.00342121
0.00381916
0.00426237
0.00470649
0.0049394
0.00490553
0.00469451
0.00439476
0.00403171
0.00363611
0.00324102
0.00287761
0.00257074
0.00233349
0.000240992
0.00100376
0.00177828
0.00232051
0.00269387
0.00296031
0.00308936
0.00280943
0.00260866
0.002548
0.00259176
0.00270557
0.00287852
0.00312062
0.00344391
0.00384476
0.00429233
0.00468499
0.00488106
0.00482268
0.00455447
0.00419648
0.00378165
0.00334858
0.00293647
0.00257849
0.0022969
0.00209332
0.00023934
0.000989377
0.00176149
0.00230955
0.0026904
0.00296313
0.00308832
0.00281936
0.00262393
0.00256378
0.00260689
0.00272105
0.00289561
0.00313958
0.0034654
0.00387289
0.00432933
0.00464711
0.00480283
0.00471191
0.00437899
0.00395785
0.00349136
0.00302751
0.00261084
0.00227459
0.00202947
0.00186433
0.000237711
0.000975454
0.00174508
0.00229875
0.00268693
0.00296585
0.00308482
0.00282635
0.00263637
0.00257678
0.00261908
0.00273329
0.00290933
0.00315597
0.00348738
0.00390204
0.00434786
0.00459432
0.00469174
0.00456878
0.00416341
0.00367572
0.00316135
0.00267856
0.00227544
0.00197687
0.00177581
0.00163122
0.000236104
0.000962016
0.00172909
0.00228816
0.0026835
0.00296852
0.00307918
0.00283062
0.00264616
0.00258727
0.00262877
0.00274307
0.00292112
0.00317244
0.0035131
0.00393339
0.0043196
0.00451545
0.00453412
0.00438838
0.00390312
0.00334846
0.0027954
0.00231165
0.0019431
0.00169525
0.00149789
0.00121168
0.000234518
0.000949091
0.00171358
0.00227784
0.00268018
0.00297119
0.00307186
0.00283258
0.00265369
0.00259576
0.00263674
0.00275161
0.00293312
0.00319251
0.00354514
0.00397046
0.00428367
0.00440674
0.00432247
0.00410682
0.00359427
0.00297777
0.00240241
0.00194213
0.0016283
0.00143507
0.00107874
0.0010157
0.000232954
0.000936703
0.00169861
0.00226785
0.00267702
0.00297392
0.0030635
0.00283281
0.00265954
0.00260295
0.00264398
0.00276041
0.00294748
0.00321864
0.00358486
0.00400832
0.00423554
0.00426134
0.00405653
0.00373492
0.00323669
0.00257122
0.00199801
0.00158836
0.00134174
0.000985558
0.000882797
0.000976031
0.000231412
0.000924879
0.00168423
0.00225825
0.00267409
0.00297679
0.0030548
0.00283203
0.00266446
0.00260974
0.00265169
0.0027712
0.00296663
0.00325349
0.00363185
0.00400407
0.00416476
0.00407239
0.00373759
0.00332017
0.00283701
0.00214519
0.0016043
0.0012692
0.000966109
0.000777529
0.000832701
0.000974847
0.000229894
0.000913642
0.00167051
0.00224911
0.00267144
0.00297984
0.00304658
0.0028311
0.00266933
0.00261717
0.00266128
0.0027861
0.00299348
0.00329874
0.00368628
0.00399788
0.00406786
0.0038403
0.00337504
0.00288254
0.00241016
0.00172535
0.00124733
0.000997501
0.000725249
0.000703108
0.000837959
0.000931482
0.000228399
0.000903013
0.0016575
0.0022405
0.00266916
0.00298316
0.00303963
0.0028309
0.00267508
0.00262638
0.00267428
0.00280733
0.00303084
0.00335619
0.00374677
0.00398424
0.00394516
0.00357619
0.00299217
0.00246284
0.00198132
0.0013474
0.000955022
0.00078236
0.000618788
0.000704256
0.000790839
0.000919299
0.00022693
0.000893011
0.00164524
0.00223248
0.0026673
0.0029868
0.00303475
0.0028323
0.00268265
0.00263847
0.0026922
0.00283691
0.00308049
0.00342578
0.00381035
0.00395991
0.00380013
0.00329479
0.00261324
0.00207258
0.00159329
0.0010445
0.000741414
0.000624664
0.000580006
0.000646205
0.000770561
0.000895587
0.000225486
0.00088365
0.00163379
0.00222511
0.00266591
0.00299085
0.00303263
0.00283611
0.00269291
0.00265447
0.00271638
0.00287638
0.00314327
0.00350619
0.00386451
0.00392437
0.00364
0.00301147
0.002256
0.00172004
0.00128418
0.000837586
0.000605674
0.00051831
0.000513343
0.000611445
0.000732157
0.000834441
0.000224071
0.000874942
0.00162319
0.00221845
0.00266507
0.00299535
0.00303388
0.00284301
0.00270657
0.00267522
0.00274793
0.00292688
0.00321923
0.0035955
0.0039059
0.00387968
0.0034755
0.00273914
0.0019311
0.00141751
0.00108068
0.000726241
0.00053524
0.000455448
0.000462556
0.00056358
0.000671936
0.000716419
0.000222685
0.000866893
0.00161347
0.00221254
0.00266481
0.00300039
0.00303895
0.00285355
0.0027242
0.00270144
0.00278779
0.00298909
0.0033076
0.00369137
0.00394635
0.00382942
0.00331409
0.0024837
0.00165369
0.00119911
0.000981088
0.000685248
0.000512104
0.000428973
0.000412367
0.000496952
0.000560002
0.000570501
0.00022133
0.000859508
0.00160466
0.00220742
0.00266519
0.00300601
0.00304815
0.00286809
0.00274622
0.00273365
0.00283653
0.00306305
0.00340695
0.0037909
0.00398471
0.00377393
0.00315568
0.0022594
0.00146495
0.00105557
0.000947758
0.000676056
0.000509681
0.000419532
0.000361637
0.000409082
0.000412119
0.000406123
0.000220008
0.000852795
0.00159676
0.00220313
0.00266624
0.00301228
0.00306168
0.00288689
0.0027729
0.00277222
0.00289439
0.00314802
0.00351504
0.00389135
0.00401949
0.00371313
0.00301872
0.00211376
0.00136512
0.000974497
0.000863292
0.000692556
0.000520838
0.000421712
0.000328079
0.000298948
0.000270062
0.000274068
0.00021872
0.000846796
0.00158982
0.00219971
0.00266799
0.00301917
0.00307939
0.00290969
0.00280383
0.00281664
0.00296052
0.00324229
0.00362913
0.00399043
0.00404892
0.00365692
0.0029228
0.00204267
0.00134082
0.000953266
0.000794346
0.000747349
0.000553035
0.000432407
0.000320646
0.000187772
8.09719e-05
8.91577e-05
0.000217729
0.000842421
0.00158485
0.00219748
0.00266981
0.00302519
0.00309807
0.0029322
0.00283322
0.0028589
0.00302383
0.00333118
0.00373267
0.00407511
0.00407264
0.00362161
0.00286669
0.00202599
0.00137441
0.0009892
0.000784447
0.000734784
0.000621713
0.000463206
0.00026675
0.000196831
0.000130755
4.76073e-05
0.000216762
0.000838397
0.00158051
0.00219584
0.00267212
0.00303164
0.00311724
0.0029555
0.00286388
0.00290299
0.00308787
0.00341573
0.0038242
0.00414266
0.00409255
0.00359995
0.00283775
0.00204164
0.00144116
0.00107298
0.000842294
0.000709745
0.000725233
0.000528522
0.000386876
0.000172383
0.000124862
8.48627e-05
0.000215816
0.000834673
0.00157668
0.00219469
0.00267491
0.00303867
0.00313898
0.00298163
0.00289785
0.00295132
0.00315637
0.00350296
0.00391471
0.00420673
0.00411509
0.00359073
0.00283057
0.00207959
0.00152828
0.00118777
0.000958778
0.000790788
0.000693485
0.000684035
0.000478
0.000332518
0.000131056
4.96214e-05
0.000140306
0.000134252
0.00012956
0.000126369
0.00012371
0.000121136
0.000118146
0.000114074
9.58807e-05
9.89499e-05
8.39031e-05
4.40301e-05
0.000581154
0.000752578
0.000695685
0.000644167
0.000594588
0.000543722
0.0004891
0.000426111
0.000327411
0.000258995
0.000196049
7.56038e-05
0.0011244
0.00118975
0.0011305
0.00102454
0.000917528
0.000807401
0.000693438
0.000576324
0.000457654
0.000330893
0.000207582
8.09419e-05
0.001683
0.00167062
0.00153111
0.00138814
0.00123825
0.00107989
0.000913566
0.000742087
0.000570485
0.000404668
0.000251714
8.24002e-05
0.00225021
0.00209694
0.0019389
0.00176955
0.00158542
0.00138506
0.00116943
0.000942698
0.000712577
0.000489953
0.000288734
0.000107327
0.00267423
0.00251759
0.00234713
0.00215755
0.00194515
0.00170805
0.00144694
0.00116626
0.000875502
0.0005904
0.000332225
0.0001223
0.00308488
0.00292564
0.00274579
0.00253982
0.00230346
0.00203412
0.00173178
0.00140039
0.00105018
0.000699904
0.000379334
0.000128792
0.00347732
0.00331594
0.00312826
0.00290828
0.00265106
0.00235314
0.00201352
0.00163528
0.00122835
0.000813544
0.000428412
0.000134467
0.00384952
0.00368589
0.00349108
0.00325861
0.00298277
0.00265918
0.00228573
0.00186439
0.00140435
0.000927516
0.000478106
0.000139517
0.00420097
0.00403466
0.00383295
0.00358889
0.00329609
0.00294918
0.00254491
0.00208398
0.00157464
0.00103921
0.000527412
0.00014407
0.00453189
0.00436234
0.00415369
0.00389866
0.00359016
0.0032219
0.00278941
0.00229214
0.00173723
0.00114702
0.000575623
0.000148221
0.00484281
0.00466945
0.00445374
0.00418814
0.00386498
0.00347704
0.0030187
0.0024881
0.00189119
0.00125005
0.000622301
0.000152037
0.00513433
0.00495663
0.00473372
0.00445787
0.00412093
0.00371484
0.00323284
0.00267171
0.00203621
0.00134792
0.000667204
0.000155575
0.00540696
0.00522447
0.00499423
0.00470843
0.00435854
0.00393575
0.00343215
0.00284321
0.00217237
0.00144056
0.000710229
0.000158878
0.00566109
0.00547347
0.00523581
0.00494037
0.00457835
0.00414027
0.00361712
0.00300298
0.00229993
0.00152805
0.000751367
0.000161982
0.00589701
0.00570401
0.00545892
0.00515416
0.00478083
0.00432889
0.00378824
0.0031515
0.00241926
0.00161061
0.000790665
0.000164919
0.00611492
0.00591638
0.0056639
0.00535018
0.00496641
0.0045021
0.00394604
0.00328929
0.00253082
0.00168851
0.000828206
0.000167716
0.00631494
0.00611081
0.00585104
0.00552875
0.00513543
0.00466032
0.00409104
0.00341691
0.00263507
0.00176204
0.000864096
0.000170396
0.00649715
0.0062875
0.00602057
0.00569009
0.00528817
0.00480394
0.00422377
0.00353493
0.0027325
0.00183152
0.000898451
0.000172981
0.0066616
0.00644662
0.00617272
0.00583438
0.00542483
0.00493335
0.00434478
0.00364395
0.00282363
0.00189729
0.000931396
0.000175489
0.00680831
0.00658833
0.00630768
0.00596173
0.00554556
0.00504892
0.00445466
0.0037446
0.00290898
0.00195966
0.000963059
0.000177939
0.00693724
0.00671281
0.00635115
0.00594871
0.00562968
0.00515101
0.00455402
0.00383754
0.00298906
0.00201896
0.000993576
0.000180347
0.00693284
0.00653903
0.00611949
0.00574491
0.00547195
0.00524013
0.00464349
0.0039234
0.00306438
0.00207553
0.00102308
0.00018273
0.00671281
0.00632939
0.0059259
0.00557395
0.00532975
0.00518044
0.00472375
0.00400287
0.00313542
0.00212969
0.00105173
0.000185105
0.00656432
0.00619013
0.00579226
0.00544942
0.00522621
0.00511056
0.00479694
0.00407672
0.0032027
0.00218175
0.00107964
0.000187486
0.00648911
0.00610751
0.00570156
0.00535559
0.00514233
0.00505766
0.00486416
0.00414555
0.00326667
0.00223201
0.00110694
0.00018989
0.00645374
0.0060566
0.00563549
0.00527832
0.00506478
0.00500563
0.00492587
0.00420971
0.0033277
0.0022807
0.00113369
0.000192335
0.00643868
0.00602338
0.00558437
0.00521141
0.00499107
0.00494929
0.00493722
0.00426939
0.00338611
0.00232799
0.00115994
0.000194837
0.00643668
0.0060029
0.00554529
0.00515389
0.0049217
0.00488931
0.00491346
0.00432523
0.0034422
0.00237399
0.00118568
0.000197417
0.00644443
0.00599296
0.00551702
0.00510568
0.00485717
0.00482615
0.0048839
0.0043778
0.00349613
0.00241875
0.00121085
0.000200099
0.00645906
0.00599154
0.00549828
0.00506643
0.00479777
0.00476005
0.00484664
0.00442725
0.00354796
0.00246223
0.00123524
0.000202909
0.00647973
0.00599833
0.00548889
0.00503617
0.00474407
0.00469236
0.0048008
0.00447362
0.00359765
0.00250437
0.00125871
0.000205879
0.00650833
0.00601515
0.00548999
0.00501598
0.00469763
0.00462539
0.00474764
0.0045176
0.00364598
0.00254608
0.0012819
0.000208958
0.00654823
0.00604462
0.00550305
0.00500685
0.00466007
0.0045613
0.00468815
0.00455992
0.0036937
0.00258827
0.00130572
0.000212113
0.00660254
0.00608801
0.00552879
0.0050092
0.00463248
0.00450185
0.00462341
0.00460071
0.00374089
0.00263109
0.00133029
0.000215348
0.00667542
0.00614511
0.005567
0.00502295
0.00461532
0.00444808
0.00455515
0.00463993
0.00378745
0.00267464
0.00135571
0.000218676
0.00677132
0.00621965
0.00561842
0.0050478
0.00460829
0.00440069
0.00448488
0.00466858
0.00383313
0.00271897
0.00138206
0.000222104
0.00685706
0.00631076
0.00568392
0.0050835
0.00461132
0.00436249
0.00441435
0.00460727
0.00387769
0.00276417
0.00140943
0.000225644
0.00673343
0.00642205
0.00576626
0.00513079
0.00462509
0.0043342
0.00434647
0.00453875
0.00392203
0.00281037
0.0014379
0.000229304
0.00660127
0.00652469
0.00585572
0.00518973
0.00465062
0.00431752
0.00428251
0.0044632
0.00396617
0.00285756
0.00146753
0.000233095
0.00646306
0.00640167
0.00594451
0.00526213
0.00468835
0.0043126
0.00422254
0.00437578
0.00400994
0.00290563
0.00149836
0.000237025
0.00632086
0.00627369
0.00602716
0.00533502
0.00473397
0.0043182
0.00416586
0.00427557
0.00405307
0.0029543
0.00153037
0.000241105
0.00617684
0.00614326
0.00607547
0.00539066
0.0047792
0.00433084
0.00411084
0.00416315
0.00409519
0.00300315
0.00156352
0.000245344
0.00603297
0.00601215
0.00597729
0.0054116
0.00481447
0.00434249
0.00405354
0.00403468
0.00413574
0.00305144
0.00159773
0.000249758
0.00589107
0.00588196
0.00586135
0.00539051
0.00481986
0.00433451
0.00398929
0.00388597
0.00394373
0.00309805
0.00163297
0.000254367
0.0057527
0.00575412
0.00574609
0.0053196
0.00477229
0.0042832
0.00390145
0.00372181
0.00373422
0.00314583
0.00166939
0.000259203
0.00561917
0.00562982
0.00563254
0.00519023
0.00465296
0.00417233
0.00378235
0.00354965
0.00352775
0.00319525
0.00170665
0.000264293
0.00549153
0.0055099
0.00552137
0.00499579
0.00445862
0.00399937
0.0036295
0.00337655
0.00332058
0.00320649
0.00174384
0.000269675
0.00537039
0.00539468
0.00531934
0.0047333
0.00420641
0.00377881
0.0034446
0.00320309
0.00311203
0.00297554
0.00178036
0.000275426
0.00525544
0.00528392
0.00500493
0.00441915
0.00392249
0.00353317
0.00323616
0.00301717
0.0029023
0.00275565
0.00182106
0.000281674
0.00514555
0.00517704
0.00465512
0.00408778
0.00363393
0.00328327
0.00301752
0.00282044
0.00269079
0.00255287
0.00186727
0.000288474
0.00503981
0.0048747
0.00428869
0.00377014
0.00336139
0.00304269
0.00279909
0.0026187
0.00247874
0.00236144
0.00192041
0.000295837
0.00493543
0.00446836
0.00393595
0.00347913
0.00311078
0.00281602
0.0025862
0.00241587
0.00226904
0.00217591
0.00198331
0.000303642
0.00459275
0.00409673
0.00362573
0.00321938
0.00288196
0.00260426
0.00238177
0.00221447
0.00206491
0.00198065
0.00195721
0.000311303
0.00421945
0.00377397
0.00335783
0.00299005
0.0026754
0.00240941
0.00218965
0.00201864
0.00186759
0.00177133
0.00171163
0.000318354
0.00390027
0.00350258
0.00312804
0.0027897
0.00249217
0.00223392
0.00201368
0.00183455
0.00167683
0.00156992
0.00148488
0.000326764
0.00363527
0.00327473
0.00293202
0.00261672
0.00233242
0.002079
0.00185582
0.00166663
0.00150032
0.00137921
0.00128687
0.00034248
0.00341873
0.00308706
0.00276929
0.00247183
0.00219742
0.00194658
0.00171912
0.00151854
0.00134051
0.00118796
0.00105514
0.000358673
0.00324203
0.00293514
0.00263834
0.00235591
0.00208996
0.00184128
0.00160917
0.00139806
0.00120137
0.00104775
0.000882228
0.000294428
0.00309992
0.00281489
0.00253663
0.00226842
0.00201157
0.00176732
0.00153206
0.00131533
0.00108469
0.000929833
0.000556535
0.000359525
0.000214652
0.000830509
0.00157274
0.00219411
0.00267915
0.00304819
0.00316698
0.00301528
0.00294134
0.00301219
0.00323957
0.00360406
0.00401348
0.0042752
0.00414389
0.00359517
0.00284864
0.00214859
0.00165113
0.00134726
0.00113778
0.000965201
0.000827874
0.000740796
0.00070377
0.000497956
0.000327247
0.00020766
0.000213526
0.00082688
0.0015696
0.00219429
0.00268415
0.00305864
0.00320039
0.00305409
0.00299052
0.00308098
0.00333343
0.00371707
0.00412222
0.00435546
0.00419437
0.00363203
0.00290625
0.00225467
0.00181146
0.00154923
0.00137902
0.00124487
0.00113252
0.0010454
0.00098757
0.000919553
0.000817895
0.000658489
0.00021244
0.000823767
0.00156726
0.00219527
0.00268989
0.00306994
0.00323662
0.00309589
0.00304325
0.0031541
0.00343075
0.00382945
0.00422708
0.00443558
0.0042589
0.0036961
0.00300036
0.00239609
0.00199494
0.00176302
0.00162144
0.0015246
0.00146011
0.001418
0.00137645
0.00130149
0.00118953
0.00112168
0.000211393
0.000821124
0.00156567
0.002197
0.00269636
0.00308211
0.0032751
0.0031403
0.00309923
0.00323088
0.0035305
0.00393969
0.00432785
0.00451509
0.0043352
0.00378556
0.00312842
0.00256655
0.00219794
0.00199191
0.00187666
0.00181357
0.00179494
0.00181387
0.00183558
0.00180329
0.00171243
0.00166483
0.000210386
0.000818906
0.00156477
0.00219944
0.00270354
0.00309511
0.00331541
0.00318708
0.00315818
0.00331091
0.00363079
0.00404743
0.00442466
0.00459364
0.00442576
0.00389993
0.00328042
0.00275568
0.00241474
0.00223569
0.00215312
0.00213639
0.00218181
0.00228186
0.00238894
0.0024352
0.00242706
0.00240769
0.000209419
0.000817071
0.00156449
0.00220253
0.0027114
0.00310893
0.00335715
0.00323603
0.00322018
0.003393
0.00373074
0.00415278
0.00451771
0.00467238
0.00453042
0.00403542
0.00345044
0.00295826
0.00264553
0.00249715
0.00245762
0.00250052
0.00263493
0.00285544
0.0030906
0.00312013
0.00297651
0.00282752
0.000208499
0.000815458
0.00156463
0.00220623
0.00271991
0.00312356
0.0034002
0.00328727
0.00328452
0.00347628
0.00382997
0.00425592
0.00460894
0.00475488
0.00459869
0.00418666
0.003636
0.00317283
0.00289325
0.00278738
0.00280744
0.00293222
0.0031858
0.0035477
0.00362339
0.00350252
0.00337271
0.00323416
0.000207624
0.000814094
0.00156526
0.0022104
0.00272903
0.00313896
0.00344444
0.00334026
0.00335082
0.00356014
0.00392788
0.00435624
0.00469922
0.00482355
0.0046246
0.00434643
0.00383507
0.00340306
0.00316308
0.0031147
0.00321352
0.00344538
0.00382534
0.0040665
0.00397562
0.00387038
0.00375314
0.00362317
0.000206791
0.000812942
0.00156631
0.00221507
0.0027387
0.00315496
0.00348198
0.0033948
0.00341867
0.0036439
0.00402382
0.00445345
0.00478838
0.00483574
0.0046551
0.00444049
0.00404797
0.00365765
0.00346012
0.00347765
0.00366213
0.00399689
0.0044442
0.00438833
0.00431327
0.00422199
0.00411575
0.00399285
0.000205997
0.000811969
0.00156772
0.00222019
0.00274885
0.00317136
0.00350532
0.00345064
0.00348764
0.00372694
0.00411725
0.00454709
0.00487672
0.00485145
0.00468956
0.00450695
0.00427928
0.00393739
0.00377985
0.00385667
0.00411918
0.00452069
0.00473901
0.00469686
0.00463595
0.00455702
0.00446013
0.00434281
0.00020524
0.000811138
0.00156945
0.00222568
0.00275941
0.00318808
0.00352869
0.00350741
0.00355717
0.00380877
0.00420816
0.00463752
0.00492643
0.00487011
0.00472719
0.00457468
0.00448889
0.00422957
0.00410453
0.00421504
0.00453036
0.00497875
0.00501715
0.00499114
0.00494362
0.00487559
0.00478646
0.00467329
0.000204516
0.000810415
0.00157143
0.00223149
0.0027703
0.00320501
0.00355197
0.00356469
0.00362689
0.00388893
0.00429587
0.00472396
0.00493796
0.00489098
0.00476729
0.00464383
0.00459263
0.00451472
0.00441158
0.00452954
0.00486975
0.00525197
0.00528092
0.0052715
0.00523641
0.00517788
0.00509507
0.00498475
0.000203822
0.000809766
0.0015736
0.00223756
0.00278145
0.00322205
0.00357501
0.00362217
0.00369663
0.00396752
0.00437984
0.00480718
0.00495087
0.00491408
0.00481002
0.00471446
0.00469448
0.00476928
0.00467756
0.00479204
0.00514769
0.00548483
0.00553174
0.00553865
0.00551439
0.00546403
0.00538624
0.00527766
0.000203156
0.000809158
0.00157591
0.0022438
0.00279275
0.00323907
0.00359766
0.00367965
0.00376628
0.00404467
0.00446077
0.00488685
0.00496512
0.00493956
0.00485548
0.00478664
0.00479495
0.00490744
0.00489769
0.00501384
0.0053826
0.00570529
0.00576929
0.00579125
0.00577718
0.00573398
0.00566017
0.00555239
0.000202513
0.000808558
0.0015783
0.00225016
0.00280413
0.00325596
0.00361978
0.00373688
0.00383551
0.00412062
0.00453843
0.00491476
0.00498054
0.00496743
0.00490368
0.00486024
0.00489493
0.00503324
0.00508293
0.00520524
0.00558476
0.00591298
0.00599307
0.00602834
0.0060244
0.0059876
0.00591693
0.0058092
0.000201892
0.000807936
0.0015807
0.00225657
0.0028155
0.0032726
0.00364123
0.0037936
0.00390395
0.00419452
0.00461192
0.0049261
0.00499701
0.00499755
0.00495445
0.00493515
0.0049948
0.00515696
0.00524376
0.00537335
0.00575664
0.0061077
0.00620294
0.00625044
0.00625587
0.00622475
0.00615651
0.00604823
0.000201288
0.000807311
0.00158314
0.00226302
0.0028268
0.00328888
0.00366189
0.00384946
0.00397151
0.00426617
0.00468105
0.00493741
0.00501438
0.0050296
0.00500742
0.00501108
0.00509414
0.00527919
0.00538608
0.0055217
0.00589996
0.00628922
0.00639861
0.00645742
0.00647134
0.0064452
0.00637882
0.00626955
0.000200707
0.000806547
0.00158545
0.00226937
0.00283789
0.00330468
0.00368164
0.00390457
0.00403847
0.00433605
0.0047473
0.00494878
0.00503243
0.00506311
0.00506203
0.00508757
0.00519206
0.0054017
0.00551572
0.00565477
0.00602062
0.00645716
0.00657967
0.00664888
0.00667045
0.00664868
0.00658371
0.00647315
0.000200147
0.000805577
0.00158756
0.00227553
0.00284869
0.00331987
0.00370039
0.00395933
0.00410512
0.00440445
0.00479911
0.00496017
0.00505102
0.00509751
0.00511754
0.00516437
0.00529091
0.00552307
0.00563777
0.00577624
0.00612425
0.00660962
0.00674565
0.00682438
0.00685281
0.00683486
0.00677097
0.00665896
0.000199604
0.000804369
0.00158942
0.00228144
0.00285907
0.00333432
0.003718
0.00401413
0.00417129
0.00447126
0.00480857
0.00497147
0.00507037
0.00513168
0.00517253
0.00524089
0.0053903
0.00564025
0.00575073
0.00589008
0.00621458
0.00666233
0.00689628
0.00698349
0.00701801
0.00700339
0.00694035
0.00682688
0.000199077
0.000802885
0.00159095
0.002287
0.00286893
0.00334787
0.00373422
0.00404565
0.00423714
0.00453807
0.00481634
0.0049824
0.00508995
0.00516501
0.00522644
0.00531675
0.00548907
0.0057525
0.00585877
0.00599828
0.00629862
0.0067091
0.0070312
0.00712579
0.00716557
0.00715385
0.00709154
0.00697677
0.000198562
0.000801088
0.0015921
0.00229212
0.00287814
0.00336038
0.00374888
0.0040616
0.00430413
0.00459657
0.004823
0.0049923
0.00510924
0.00519725
0.00527888
0.0053927
0.00558448
0.00585617
0.00596401
0.00610137
0.0063794
0.00675836
0.00712159
0.00725075
0.00729499
0.00728577
0.00722419
0.00710846
0.000198057
0.000798943
0.00159279
0.00229671
0.00288657
0.00337171
0.00376187
0.00407549
0.00434793
0.0046049
0.00482872
0.0050012
0.00512749
0.00522859
0.00532928
0.00546593
0.00567397
0.00595114
0.00606465
0.00619772
0.00645153
0.00679342
0.00711661
0.00734652
0.00740564
0.0073986
0.00733784
0.00722169
0.00019756
0.000796416
0.00159294
0.00230066
0.00289411
0.00338173
0.00377311
0.00408717
0.0043584
0.00461149
0.00483343
0.00500932
0.00514426
0.00525857
0.00537734
0.00553373
0.0057552
0.00603698
0.00615705
0.00628182
0.00650557
0.00680509
0.00708193
0.0072698
0.00735359
0.00734506
0.00723922
0.00702558
0.000197066
0.000793474
0.00159249
0.00230388
0.00290062
0.00339032
0.00378253
0.00409669
0.0043666
0.00461638
0.00483704
0.00501649
0.00515984
0.00528635
0.00542139
0.0055951
0.00582777
0.00611317
0.00624069
0.00635533
0.00654637
0.00680064
0.00703574
0.00718462
0.00723665
0.00720131
0.00708192
0.00686771
0.000196574
0.000790085
0.00159135
0.00230626
0.00290598
0.00339736
0.00379004
0.00410406
0.00437262
0.00461959
0.00483941
0.00502246
0.00517388
0.00531196
0.00546128
0.00564869
0.00589053
0.00617889
0.00632166
0.00642844
0.00659177
0.00680767
0.0070099
0.00713834
0.00717679
0.00713267
0.00700964
0.00679595
0.000196079
0.00078622
0.00158945
0.00230768
0.00291006
0.00340272
0.00379559
0.00410929
0.00437654
0.0046211
0.0048404
0.00502699
0.00518603
0.0053348
0.00549665
0.00569529
0.00594349
0.00623263
0.00641589
0.00651589
0.00665976
0.00684781
0.00702666
0.00714375
0.00717814
0.00713027
0.00699981
0.00677485
0.000195579
0.000781853
0.00158668
0.00230801
0.00291272
0.00340631
0.00379912
0.00411239
0.00437839
0.00462088
0.00483985
0.00502981
0.00519588
0.00535431
0.00552683
0.00573431
0.0059867
0.00627528
0.00653764
0.00663654
0.00676308
0.00693084
0.00709063
0.00719621
0.00722312
0.00716584
0.00702114
0.00677831
0.000195071
0.000776962
0.00158296
0.00230713
0.00291382
0.00340801
0.00380056
0.00411333
0.00437817
0.00461884
0.00483759
0.00503062
0.00520305
0.00536993
0.00555126
0.00576526
0.00601967
0.00630599
0.00660275
0.00680084
0.00691839
0.00706205
0.00719927
0.00728766
0.00729943
0.00722555
0.00706058
0.00679624
0.000194551
0.000771545
0.00157817
0.00230489
0.00291323
0.00340772
0.00379986
0.00411209
0.00437586
0.00461488
0.00483341
0.00502916
0.00520713
0.00538119
0.00556944
0.00578773
0.00604208
0.00632428
0.00661473
0.00688965
0.00711451
0.00723662
0.00734563
0.00740682
0.00739376
0.00729869
0.00711097
0.0068238
0.000194016
0.000765573
0.00157216
0.00230115
0.00291081
0.00340534
0.00379694
0.00410863
0.00437138
0.00460891
0.00482714
0.00502514
0.00520778
0.00538766
0.00558099
0.00580149
0.00605379
0.00633011
0.00661253
0.00687887
0.00711877
0.00732632
0.00748922
0.00753546
0.00749274
0.00737004
0.00716281
0.00685624
0.000193462
0.00075899
0.00156485
0.00229576
0.00290643
0.00340076
0.00379174
0.00410289
0.00436469
0.00460077
0.00481855
0.0050183
0.00520466
0.00538898
0.00558563
0.00580639
0.00605485
0.00632368
0.00659657
0.00685302
0.00708394
0.00728457
0.00744319
0.00755276
0.00758916
0.00743971
0.00720911
0.00689001
0.000192886
0.000751755
0.00155613
0.00228859
0.00289995
0.00339388
0.00378418
0.00409479
0.00435567
0.00459034
0.00480746
0.00500836
0.00519747
0.00538487
0.00558316
0.00580241
0.00604538
0.0063053
0.00656739
0.00681279
0.00703366
0.00722637
0.00737986
0.00748697
0.0075456
0.00751266
0.00726025
0.00692627
0.000192284
0.000743842
0.00154591
0.00227947
0.00289123
0.00338459
0.00377418
0.00408425
0.00434423
0.00457746
0.00479367
0.00499511
0.00518597
0.00537511
0.00557348
0.00578962
0.00602566
0.00627541
0.0065256
0.00675895
0.00696881
0.00715266
0.00730019
0.00740413
0.0074622
0.00747386
0.00732741
0.00697436
0.000191651
0.000735233
0.00153406
0.00226825
0.00288012
0.00337279
0.00376163
0.00407117
0.00433026
0.00456198
0.00477698
0.00497832
0.00516994
0.00535956
0.00555656
0.00576817
0.00599602
0.00623456
0.00647193
0.00669241
0.00689042
0.00706455
0.00720532
0.00730547
0.00736254
0.00737617
0.00734618
0.00704578
0.000190982
0.000725909
0.00152047
0.00225477
0.00286649
0.00335835
0.00374644
0.00405545
0.00431362
0.00454375
0.00475722
0.0049578
0.00514922
0.00533811
0.00553245
0.0057383
0.00595693
0.0061834
0.00640724
0.00661418
0.00679966
0.0069633
0.00709658
0.00719235
0.00724802
0.00726339
0.0072382
0.00713571
0.000190274
0.000715854
0.00150503
0.00223886
0.00285017
0.00334113
0.00372849
0.00403697
0.00429419
0.00452262
0.00473423
0.00493342
0.00512371
0.00531076
0.00550129
0.00570035
0.00590891
0.00612268
0.00633247
0.00652542
0.00669784
0.00685034
0.00697548
0.00706633
0.00712021
0.00713707
0.00711653
0.00706035
0.000189521
0.000705054
0.00148763
0.00222034
0.002831
0.00332102
0.00370764
0.00401561
0.00427185
0.00449844
0.00470785
0.00490503
0.00509334
0.00527756
0.00546327
0.00565469
0.00585257
0.00605322
0.00624866
0.00642737
0.00658642
0.00672727
0.0068437
0.00692914
0.00698085
0.00699898
0.00698294
0.00693483
0.000188719
0.000693498
0.00146816
0.00219905
0.0028088
0.00329784
0.00368378
0.00399123
0.00424644
0.00447109
0.00467798
0.00487257
0.0050581
0.0052386
0.00541868
0.0056018
0.00578858
0.00597591
0.00615691
0.00632135
0.00646692
0.00659582
0.00670308
0.00678267
0.00683188
0.006851
0.00683935
0.00679924
0.000187861
0.000681178
0.00144651
0.0021748
0.00278339
0.00327144
0.00365674
0.0039637
0.00421785
0.00444043
0.00464451
0.00483598
0.00501803
0.00519405
0.00536782
0.00554219
0.00571766
0.00589167
0.00605838
0.00620874
0.00634096
0.0064578
0.00655557
0.00662897
0.00667533
0.00669515
0.00668779
0.00665558
0.000186942
0.000668096
0.00142258
0.00214739
0.00275457
0.00324164
0.00362637
0.00393286
0.00418594
0.00440636
0.00460737
0.00479527
0.00497321
0.00514413
0.00531109
0.00547642
0.00564057
0.00580147
0.00595421
0.00609092
0.00621016
0.00631508
0.00640324
0.00647018
0.0065134
0.00653334
0.00653038
0.00650604
0.000185955
0.000654256
0.00139629
0.00211664
0.00272211
0.00320823
0.00359249
0.00389856
0.00415058
0.00436878
0.00456651
0.00475045
0.0049238
0.00508911
0.0052489
0.00540508
0.00555808
0.00570626
0.00584559
0.00596925
0.00607611
0.00616952
0.00624815
0.00630855
0.00634844
0.00636809
0.00636951
0.00635286
0.000184894
0.000639668
0.00136755
0.00208233
0.00268579
0.00317098
0.00355488
0.00386063
0.00411163
0.00432759
0.00452191
0.00470159
0.00486997
0.00502932
0.00518173
0.00532881
0.00547098
0.005607
0.00573363
0.00584505
0.00594034
0.0060229
0.00609235
0.00614629
0.00618288
0.00620247
0.0062077
0.00619835
0.000183751
0.000624351
0.0013363
0.00204426
0.00264532
0.00312964
0.00351332
0.00381888
0.00406895
0.00428271
0.00447356
0.0046488
0.00481193
0.00496509
0.00511007
0.00524824
0.00538004
0.00550461
0.0056194
0.00571955
0.00580428
0.00587686
0.00593772
0.00598549
0.00601891
0.00603847
0.00604716
0.00604462
0.000182518
0.000608326
0.00130249
0.00200222
0.00260041
0.0030839
0.00346754
0.00377309
0.00402238
0.00423406
0.00442146
0.00459218
0.00474993
0.00489681
0.00503443
0.00516399
0.00528601
0.00539996
0.00550391
0.0055939
0.0056692
0.0057329
0.005786
0.00582807
0.00585852
0.00587805
0.00588987
0.0058936
0.000181188
0.000591624
0.00126609
0.00195599
0.00255074
0.0030334
0.00341722
0.00372299
0.00397172
0.00418152
0.00436562
0.00453187
0.00468423
0.00482487
0.00495532
0.00507671
0.00518963
0.00529385
0.00538803
0.00546919
0.00553632
0.00559234
0.00563866
0.00567567
0.00570347
0.00572299
0.00573751
0.00574695
0.00017975
0.000574278
0.00122708
0.00190535
0.00249592
0.00297772
0.00336197
0.00366826
0.00391675
0.00412497
0.00430601
0.00446797
0.00461508
0.00474966
0.00487325
0.00498699
0.00509156
0.00518699
0.00527244
0.00534621
0.00540686
0.00545633
0.00549692
0.00552962
0.00555516
0.00557469
0.00559115
0.00560599
0.000178193
0.000556331
0.00118548
0.00185007
0.00243553
0.00291638
0.00330131
0.0036085
0.00385715
0.0040642
0.00424257
0.00440055
0.0045427
0.00467153
0.00478869
0.00489537
0.00499238
0.00507992
0.00515766
0.00522494
0.00528097
0.00532575
0.0053616
0.0053908
0.00541456
0.00543425
0.00545217
0.00547192
0.000176507
0.000537832
0.00114133
0.00178995
0.00236908
0.00284877
0.00323465
0.00354319
0.00379251
0.00399892
0.00417515
0.00432963
0.00446725
0.00459078
0.00470203
0.00480233
0.00489255
0.00497303
0.005044
0.00510573
0.00515787
0.00519998
0.00523286
0.00525946
0.00528203
0.00530221
0.00532219
0.00534572
0.000174678
0.000518837
0.00109472
0.00172464
0.00227885
0.00277425
0.00316126
0.00347163
0.00372223
0.00392868
0.00410344
0.00425508
0.00438876
0.00450757
0.00461356
0.00470814
0.00479221
0.00486649
0.00493183
0.00498876
0.00503737
0.0050777
0.00510976
0.00513509
0.00515717
0.0051782
0.00520031
0.00522684
0.000172691
0.000499411
0.00104572
0.00165365
0.00213401
0.00263004
0.00308034
0.00339291
0.0036455
0.00385281
0.00402695
0.00417655
0.00430707
0.00442191
0.00452333
0.00461278
0.0046914
0.00476047
0.00482111
0.00487397
0.00491951
0.00495816
0.00499034
0.0050165
0.00503889
0.00506115
0.00508532
0.00511345
0.00017053
0.000479619
0.000994207
0.00153511
0.00198774
0.00246055
0.00295347
0.00330583
0.00356118
0.00377032
0.00394487
0.00409344
0.00422174
0.00433347
0.00443099
0.00451596
0.00459002
0.00465484
0.00471156
0.00476105
0.00480404
0.0048412
0.00487326
0.00490106
0.00492552
0.00494939
0.00497575
0.00500592
0.000168174
0.000459537
0.000940525
0.00141704
0.00184415
0.0022894
0.00276183
0.00320878
0.00346772
0.00367978
0.00385595
0.0040047
0.00413191
0.00424144
0.0043358
0.00441711
0.00448764
0.00454903
0.00460258
0.00464937
0.0046903
0.00472624
0.00475813
0.00478702
0.00481409
0.00484068
0.0048693
0.00490142
0.000165601
0.000439243
0.000885107
0.00130321
0.00170473
0.00212126
0.00256451
0.00303175
0.0033631
0.00357927
0.00375842
0.00390873
0.00403608
0.00414439
0.00423644
0.00431528
0.0043832
0.004442
0.00449315
0.00453786
0.00457721
0.00461223
0.00464397
0.00467365
0.0047026
0.00473209
0.00476326
0.00479679
0.000162784
0.000418811
0.000828426
0.00119486
0.00157085
0.00195922
0.00236811
0.00280695
0.00324484
0.0034663
0.00364985
0.00380321
0.00393202
0.00403997
0.00413117
0.0042087
0.00427504
0.00433215
0.00438166
0.00442494
0.00446319
0.00449758
0.00452927
0.00455954
0.0045898
0.00462134
0.0046548
0.00467496
0.000159688
0.000398215
0.000753208
0.00109257
0.00144414
0.00180515
0.00217953
0.00257949
0.00301098
0.00333786
0.00352713
0.0036849
0.00381609
0.00392546
0.00401726
0.00409477
0.00416065
0.00421705
0.00426575
0.00430827
0.00434594
0.00438002
0.00441177
0.00444253
0.00447369
0.00450643
0.00454097
0.00431132
0.000156273
0.000377537
0.00068237
0.000996318
0.00132493
0.00166
0.00200215
0.00235965
0.00274911
0.0031652
0.00338655
0.00354945
0.00368459
0.00379703
0.00389098
0.00396987
0.00403655
0.00409332
0.00414213
0.00418462
0.00422225
0.00425637
0.00428832
0.00431948
0.00435121
0.00438452
0.00439465
0.00400913
0.000152482
0.000356802
0.000617183
0.000906073
0.00121262
0.00152349
0.00183645
0.00215521
0.00249454
0.00287109
0.00322393
0.00339266
0.00353311
0.00365008
0.00374767
0.00382938
0.00389815
0.00395644
0.00400632
0.00404957
0.00408774
0.00412228
0.00415461
0.00418612
0.00421813
0.00425137
0.0041064
0.00376045
0.000148241
0.000334593
0.000557999
0.000821874
0.00110606
0.00139391
0.00168045
0.00196611
0.00225973
0.00258012
0.00293641
0.00321045
0.003357
0.00347955
0.003582
0.00366779
0.00373988
0.00380079
0.0038527
0.00389748
0.0039368
0.00397216
0.00400505
0.00403689
0.00406897
0.00410181
0.00386915
0.00355589
0.000130513
0.000300702
0.000505156
0.000744818
0.00100517
0.00126971
0.00153144
0.00178894
0.002046
0.00231402
0.00261441
0.00294747
0.00315255
0.00328101
0.00338894
0.00347958
0.00355582
0.00362019
0.0036749
0.00372188
0.00376285
0.00379939
0.003833
0.00386516
0.00389715
0.00392943
0.00367522
0.0033891
0.000184737
0.000155134
0.000238608
0.000189854
0.000163581
0.000161141
0.000198593
0.000221583
0.000233218
0.000238878
0.000214383
0.000176657
0.000157968
0.000149318
0.000141446
0.000134198
0.000127661
0.000121618
0.000117082
0.000111205
0.000701495
0.000600362
0.000311522
0.00031297
0.000339703
0.000365029
0.000404583
0.000435502
0.000463241
0.000491819
0.000520329
0.000550935
0.000580517
0.000608896
0.000635718
0.000661621
0.000686087
0.000711943
0.000729041
0.000772955
0.000960478
0.00101602
0.000900818
0.00083772
0.000809246
0.000806758
0.000777009
0.000705675
0.000672364
0.000662159
0.000677086
0.00071438
0.000756588
0.000797339
0.000836099
0.000876122
0.00091615
0.000958653
0.000991485
0.00104966
0.00142415
0.001601
0.00143143
0.00132364
0.00125834
0.00122287
0.00120931
0.0012077
0.0012124
0.00122139
0.00123287
0.00124563
0.00125888
0.00127216
0.00128519
0.00129775
0.00130977
0.00132117
0.00133218
0.00134219
0.00152424
0.00203151
0.00201801
0.00189504
0.00180849
0.00175049
0.00171397
0.00169273
0.00167681
0.00166541
0.00165735
0.00165169
0.00164768
0.00164477
0.00164259
0.00164089
0.0016395
0.00163828
0.00163728
0.00163651
0.00147617
0.00188426
0.00235889
0.00227767
0.00220821
0.00215222
0.00210856
0.00207499
0.00204643
0.00202058
0.00199705
0.00197544
0.00195537
0.00193656
0.00191879
0.0019019
0.00188578
0.0018703
0.00185553
0.00184196
0.00143075
0.0017389
0.00225605
0.00223741
0.0022106
0.00218082
0.00215095
0.00212231
0.00209446
0.00206603
0.00203754
0.00200929
0.00198146
0.00195419
0.00192756
0.0019016
0.00187635
0.00185178
0.00182799
0.00180575
0.00128199
0.0014945
0.00175137
0.00176348
0.00176387
0.00175567
0.00174147
0.00172334
0.00170206
0.00167756
0.001651
0.00162328
0.00159512
0.00156702
0.00153933
0.00151229
0.00148604
0.0014606
0.0014361
0.00141307
0.000892156
0.00091064
0.000924932
0.000932024
0.000932685
0.000928032
0.000919364
0.000907687
0.000893104
0.000875605
0.000856849
0.000837863
0.000819241
0.000801324
0.00078429
0.000768194
0.000753068
0.000738791
0.000725762
0.000713627
0.000164312
0.000166581
0.000168689
0.000170576
0.000172219
0.000173616
0.000174777
0.000175729
0.000176522
0.0001772
0.000177759
0.000178202
0.000178534
0.000178762
0.000178894
0.000178937
0.000178901
0.000178793
0.000178623
0.000178389
0.0029868
0.00272217
0.00246132
0.00220759
0.00196213
0.00172628
0.0014955
0.00127963
0.00104589
0.000872421
0.000597187
0.000527103
0.00289706
0.00265249
0.00240876
0.00216978
0.00193819
0.00171492
0.00150095
0.00129279
0.00110456
0.00091795
0.000791547
0.000523576
0.00282586
0.00259842
0.00237228
0.00214904
0.00193282
0.00172569
0.00153451
0.00135136
0.00121224
0.00107907
0.00103576
0.000782639
0.00277409
0.00255894
0.00234442
0.00213674
0.00193679
0.00174711
0.00157489
0.00142115
0.00129924
0.00122191
0.00117201
0.00114085
0.00266341
0.00253166
0.00232891
0.00212981
0.00193929
0.00176342
0.00160477
0.00146868
0.00135408
0.00128759
0.00124399
0.00127165
0.00227067
0.00229683
0.00231923
0.00212991
0.00194257
0.00176953
0.00161459
0.00148379
0.00137832
0.00131152
0.00128648
0.0013104
0.00183646
0.00185774
0.00188167
0.00190737
0.00193597
0.00176401
0.00160323
0.00146754
0.00136182
0.00129217
0.00126805
0.00129697
0.00134487
0.00135612
0.00136967
0.00138631
0.00140692
0.00143043
0.00145791
0.00139732
0.0012841
0.0012057
0.00117037
0.00118689
0.00073934
0.000739621
0.000741346
0.000745013
0.000751187
0.000760336
0.000772933
0.000788404
0.00080628
0.000826523
0.000848435
0.000870669
0.000149212
0.000149496
0.000149874
0.000150374
0.000151029
0.000151875
0.000152946
0.000154269
0.000155855
0.000157696
0.000159757
0.000161971
0.000105782
0.000269473
0.000459833
0.000678231
0.000914286
0.00115445
0.00139215
0.00162515
0.00185186
0.00208259
0.0023304
0.00261329
0.00292326
0.00305994
0.00317246
0.00326745
0.00334764
0.00341544
0.00347302
0.00352231
0.00356504
0.0036028
0.00363712
0.00366948
0.00370118
0.00373279
0.00351265
0.00325245
8.28057e-05
0.000241588
0.000420768
0.00061937
0.000829983
0.00104329
0.00125589
0.00146115
0.00166446
0.00186888
0.00208078
0.00231406
0.00258153
0.00280973
0.00292559
0.00302407
0.00310767
0.00317867
0.00323911
0.00329083
0.00333553
0.00337478
0.00341006
0.00344283
0.00347442
0.00350561
0.00338076
0.00314136
6.16653e-05
0.000210596
0.000382417
0.000567789
0.000753986
0.000937371
0.00111506
0.00129373
0.00147477
0.00165817
0.00184658
0.00204564
0.00226758
0.0025193
0.0026466
0.0027464
0.00283175
0.00290469
0.00296708
0.00302062
0.0030669
0.00310737
0.00314347
0.00317656
0.00320797
0.00323874
0.00326832
0.00305526
6.76391e-05
0.000181302
0.00033198
0.000501234
0.000673301
0.000832665
0.000974191
0.00112468
0.00128182
0.00144509
0.00161533
0.00179328
0.00198455
0.00220074
0.00234062
0.00243835
0.00252267
0.0025953
0.00265785
0.00271181
0.00275858
0.00279948
0.0028358
0.00286879
0.00289969
0.00292964
0.00295939
0.00298094
9.18177e-05
0.000168715
0.000280948
0.000438544
0.000586115
0.000718023
0.000836748
0.000960207
0.00109181
0.00123295
0.00138443
0.00154548
0.00171737
0.00190794
0.00201764
0.00210879
0.0021883
0.00225744
0.00231747
0.0023696
0.00241502
0.00245484
0.00249017
0.00252208
0.00255166
0.00258
0.00260813
0.00263664
8.07873e-05
0.000170561
0.000246675
0.000364094
0.000478082
0.000590405
0.000696839
0.000802499
0.000912906
0.00103219
0.00116277
0.00130514
0.00145973
0.00160086
0.00169048
0.0017702
0.00184058
0.00190239
0.00195651
0.00200384
0.00204527
0.00208171
0.00211402
0.00214309
0.00216982
0.00219511
0.00221994
0.00224526
6.23788e-05
0.000191259
0.000238267
0.000299242
0.00037388
0.000459067
0.00055013
0.000643953
0.000741068
0.000844574
0.000956831
0.00108067
0.00121813
0.00130029
0.00137123
0.00143494
0.00149167
0.00154183
0.00158597
0.00162467
0.00165855
0.00168827
0.00171447
0.00173781
0.00175899
0.00177873
0.0017978
0.00181703
5.95074e-05
0.00021072
0.000262269
0.000279484
0.000310741
0.00035919
0.000422145
0.000493759
0.000572043
0.000657537
0.000750802
0.000853141
0.000958855
0.00101233
0.00106037
0.00110315
0.0011409
0.00117393
0.00120257
0.00122722
0.00124829
0.00126623
0.00128148
0.00129452
0.00130584
0.00131599
0.00132552
0.00133506
5.98346e-05
0.000154819
0.000271335
0.00029534
0.00028845
0.000305528
0.000347647
0.000398101
0.000455674
0.000521186
0.000594069
0.000634892
0.000658742
0.000679106
0.000696249
0.000710406
0.000721814
0.000730718
0.00073737
0.000742029
0.000744959
0.000746426
0.000746701
0.000746055
0.000744769
0.000743132
0.000741451
0.00074006
4.58382e-05
6.18228e-05
8.20054e-05
0.000102108
0.00011384
0.000100693
0.00011974
0.000130998
0.000134013
0.000136452
0.00013855
0.000140305
0.000141771
0.00014301
0.000144061
0.000144952
0.000145704
0.000146334
0.000146858
0.000147289
0.00014764
0.000147924
0.000148154
0.000148343
0.000148506
0.000148657
0.000148814
0.000148995
)
;

boundaryField
{
    inlet
    {
        type            calculated;
        value           uniform 0.0105732;
    }
    outlet
    {
        type            calculated;
        value           nonuniform List<scalar> 10(0.00011131 0.000774597 0.00105476 0.00134219 0.00163651 0.00184196 0.00180575 0.00141307 0.000713627 0.000178389);
    }
    walls
    {
        type            nutUBlendedWallFunction;
        blending        stepwise;
        Cmu             0.09;
        kappa           0.41;
        E               9.8;
        n               4;
        value           nonuniform List<scalar> 
423
(
1.24435e-05
1.24495e-05
1.2455e-05
1.24601e-05
1.2465e-05
1.24698e-05
1.24746e-05
1.24794e-05
1.24843e-05
1.24893e-05
1.24944e-05
1.24998e-05
1.25054e-05
1.25113e-05
1.25175e-05
1.2524e-05
1.25311e-05
1.25384e-05
1.25448e-05
1.25492e-05
1.21894e-05
1.22405e-05
1.22821e-05
1.23159e-05
1.23432e-05
1.23654e-05
1.23834e-05
1.23982e-05
1.24105e-05
1.24208e-05
1.24295e-05
1.2437e-05
1.49445e-07
8.9334e-07
1.01118e-06
7.2842e-07
0
9.38327e-07
2.26348e-06
3.53559e-06
4.60705e-06
5.54017e-06
6.36709e-06
7.10583e-06
7.76961e-06
8.36708e-06
8.90459e-06
9.38699e-06
9.81818e-06
1.02021e-05
1.0542e-05
1.0841e-05
1.11021e-05
1.13283e-05
1.15228e-05
1.16886e-05
1.18288e-05
1.19464e-05
1.2044e-05
1.21242e-05
6.52775e-07
1.19434e-06
1.37586e-06
8.86155e-07
8.58951e-08
4.17221e-07
1.56155e-06
2.6435e-06
3.7965e-06
4.82814e-06
5.82979e-06
6.77307e-06
7.64929e-06
8.45838e-06
9.20327e-06
9.89053e-06
1.0524e-05
1.11059e-05
1.16381e-05
1.21229e-05
1.25625e-05
1.29593e-05
1.33159e-05
1.36349e-05
1.39187e-05
1.41702e-05
1.43921e-05
1.4587e-05
1.47572e-05
1.49053e-05
1.50334e-05
1.51435e-05
1.52376e-05
1.53172e-05
1.53841e-05
1.54394e-05
1.54843e-05
1.55201e-05
1.55474e-05
1.55672e-05
1.558e-05
1.55866e-05
1.55876e-05
1.55832e-05
1.55739e-05
1.55599e-05
1.55417e-05
1.55195e-05
1.54937e-05
1.54644e-05
1.5432e-05
1.53967e-05
1.53587e-05
1.53185e-05
1.52762e-05
1.52323e-05
1.51871e-05
1.5141e-05
1.50944e-05
1.50478e-05
1.50015e-05
1.4956e-05
1.49118e-05
1.48692e-05
1.48287e-05
1.47907e-05
1.47553e-05
1.4723e-05
1.46939e-05
1.4668e-05
1.46496e-05
1.46337e-05
1.46203e-05
1.46063e-05
1.4595e-05
1.45863e-05
1.45804e-05
1.45771e-05
1.45761e-05
1.45771e-05
1.45797e-05
1.45837e-05
1.45885e-05
1.4594e-05
1.45996e-05
1.4605e-05
1.46099e-05
1.46139e-05
1.46166e-05
1.46177e-05
1.46169e-05
1.46138e-05
1.46082e-05
1.45996e-05
1.45878e-05
1.45724e-05
1.45531e-05
1.45295e-05
1.45013e-05
1.44681e-05
1.44296e-05
1.43852e-05
1.43348e-05
1.4278e-05
1.42143e-05
1.41433e-05
1.40642e-05
1.39764e-05
1.38794e-05
1.37726e-05
1.36552e-05
1.35264e-05
1.33856e-05
1.32316e-05
1.30637e-05
1.28807e-05
1.26816e-05
1.24651e-05
1.22298e-05
1.19743e-05
1.16968e-05
1.13956e-05
1.10687e-05
1.07137e-05
1.03284e-05
9.90998e-06
9.45572e-06
8.96227e-06
8.42576e-06
7.84149e-06
7.20312e-06
6.50178e-06
5.72235e-06
4.88866e-06
3.97083e-06
2.92798e-06
1.77053e-06
8.17335e-07
7.50474e-09
5.52765e-07
6.50602e-07
4.64576e-07
3.19577e-08
5.48104e-07
8.21034e-07
4.41147e-07
7.61488e-08
1.02808e-06
1.98962e-06
3.06039e-06
3.98229e-06
4.79044e-06
5.50994e-06
6.14684e-06
6.71101e-06
7.2145e-06
7.6665e-06
8.07319e-06
8.43921e-06
8.76851e-06
9.06461e-06
9.33066e-06
9.56957e-06
9.78409e-06
9.97687e-06
1.01506e-05
1.03078e-05
1.04515e-05
1.05844e-05
1.07097e-05
1.08313e-05
1.09476e-05
1.10669e-05
1.11935e-05
1.13324e-05
1.14884e-05
1.16664e-05
1.18708e-05
1.21049e-05
1.237e-05
1.26639e-05
1.29806e-05
1.33074e-05
1.36387e-05
1.39454e-05
1.42099e-05
1.44222e-05
1.4581e-05
1.46905e-05
1.47565e-05
1.47864e-05
1.47882e-05
1.47687e-05
1.47328e-05
1.46861e-05
1.46332e-05
1.4577e-05
1.45194e-05
1.44617e-05
1.44048e-05
1.43489e-05
1.42963e-05
1.4233e-05
7.63219e-06
5.14036e-06
1.35745e-06
2.66999e-07
4.00913e-07
8.46951e-08
8.18281e-07
1.25596e-06
1.7026e-06
2.22302e-06
2.75389e-06
3.25361e-06
3.72589e-06
4.16534e-06
4.56657e-06
4.93863e-06
5.27923e-06
5.61532e-06
5.86537e-06
6.31259e-06
5.12936e-08
7.18489e-08
8.67778e-07
1.84815e-06
2.72367e-06
3.48469e-06
4.14339e-06
4.70827e-06
5.19263e-06
5.60946e-06
5.96987e-06
6.28311e-06
6.55669e-06
6.79669e-06
7.00799e-06
7.19452e-06
7.3595e-06
7.50554e-06
7.63481e-06
7.74911e-06
7.84996e-06
7.93866e-06
8.01632e-06
8.08388e-06
8.14206e-06
8.19141e-06
8.23229e-06
8.26493e-06
8.28943e-06
8.30565e-06
8.31343e-06
8.3126e-06
8.30291e-06
8.28389e-06
8.25492e-06
8.21533e-06
8.16431e-06
8.10092e-06
8.02405e-06
7.93238e-06
7.82437e-06
7.69823e-06
7.55202e-06
7.38372e-06
7.19107e-06
6.97104e-06
6.71981e-06
6.43332e-06
6.10647e-06
5.72932e-06
5.28534e-06
4.75363e-06
4.11205e-06
3.29576e-06
2.12645e-06
6.82601e-07
2.32472e-07
2.35583e-06
3.96458e-06
8.69377e-06
2.28733e-07
2.38373e-06
2.18274e-06
2.20558e-06
2.32851e-06
2.48871e-06
2.66514e-06
2.8443e-06
3.01893e-06
3.18483e-06
3.33956e-06
3.48169e-06
3.61033e-06
3.7249e-06
3.82496e-06
3.91007e-06
3.9798e-06
4.03369e-06
4.07108e-06
4.09107e-06
4.09265e-06
4.07487e-06
4.03627e-06
3.97505e-06
3.88891e-06
3.77532e-06
3.63166e-06
3.45471e-06
3.24087e-06
2.98608e-06
2.68599e-06
2.33761e-06
1.94066e-06
1.48315e-06
9.16128e-07
2.9364e-07
2.58322e-08
6.49422e-07
1.2626e-06
1.82651e-06
2.32626e-06
2.75632e-06
3.13277e-06
3.45546e-06
3.72286e-06
3.93485e-06
4.09244e-06
4.19699e-06
4.25021e-06
4.25159e-06
4.19793e-06
4.08327e-06
3.89867e-06
3.63161e-06
3.26555e-06
2.77982e-06
2.15871e-06
1.37813e-06
4.81971e-07
0
1.24765e-05
1.24554e-05
1.24594e-05
1.24633e-05
1.24672e-05
1.24713e-05
1.24756e-05
1.248e-05
1.24847e-05
1.24896e-05
1.24946e-05
1.24999e-05
1.25055e-05
1.25113e-05
1.25175e-05
1.25241e-05
1.25311e-05
1.25384e-05
1.25448e-05
1.25492e-05
)
;
    }
    baffle
    {
        type            nutUBlendedWallFunction;
        blending        stepwise;
        Cmu             0.09;
        kappa           0.41;
        E               9.8;
        n               4;
        value           nonuniform List<scalar> 
27
(
6.61193e-06
5.92801e-06
5.47851e-06
5.03169e-06
4.58089e-06
4.08158e-06
3.51018e-06
2.82408e-06
1.9567e-06
1.11749e-06
4.01491e-07
8.04405e-08
7.48355e-07
1.59288e-06
4.88237e-07
3.29364e-06
3.35054e-06
3.38832e-06
3.39365e-06
3.34068e-06
3.21065e-06
2.98313e-06
2.63548e-06
2.11302e-06
1.37018e-06
7.14809e-07
2.02723e-07
)
;
    }
    frontAndBack
    {
        type            empty;
    }
}


// ************************************************************************* //
