/*--------------------------------*- C++ -*----------------------------------*\
| =========                 |                                                 |
| \\      /  F ield         | OpenFOAM: The Open Source CFD Toolbox           |
|  \\    /   O peration     | Version:  v2012                                 |
|   \\  /    A nd           | Website:  www.openfoam.com                      |
|    \\/     M anipulation  |                                                 |
\*---------------------------------------------------------------------------*/
FoamFile
{
    version     2.0;
    format      ascii;
    class       volScalarField;
    location    "621";
    object      p;
}
// * * * * * * * * * * * * * * * * * * * * * * * * * * * * * * * * * * * * * //

dimensions      [0 2 -2 0 0 0 0];


internalField   nonuniform List<scalar> 
6108
(
0.327411
0.327395
0.327456
0.32757
0.327723
0.327902
0.328098
0.328307
0.328524
0.328746
0.328971
0.329198
0.329427
0.329658
0.329893
0.330133
0.330385
0.330697
0.331213
0.331963
0.327401
0.32739
0.327455
0.327574
0.327731
0.327913
0.328114
0.328326
0.328547
0.328773
0.329004
0.329237
0.329473
0.329712
0.329954
0.330199
0.330444
0.330711
0.331022
0.331295
0.327284
0.327296
0.32738
0.327514
0.327682
0.327873
0.328078
0.328294
0.328517
0.328746
0.328979
0.329214
0.329451
0.329692
0.329935
0.330174
0.330406
0.330639
0.330839
0.330934
0.327084
0.327144
0.327266
0.327429
0.327616
0.327819
0.328034
0.328256
0.328483
0.328714
0.328948
0.329183
0.329421
0.32966
0.329898
0.330127
0.330349
0.330561
0.330726
0.330782
0.326821
0.326953
0.327133
0.327333
0.327546
0.327769
0.327996
0.328227
0.32846
0.328694
0.32893
0.329167
0.329405
0.329643
0.329879
0.330106
0.330323
0.330524
0.330673
0.330716
0.326501
0.32673
0.326988
0.327235
0.32748
0.327726
0.327968
0.328208
0.328447
0.328686
0.328925
0.329164
0.329403
0.329642
0.329878
0.330105
0.330323
0.330524
0.330672
0.330716
0.326144
0.326503
0.32685
0.327152
0.327431
0.327697
0.327953
0.328202
0.328448
0.328691
0.328932
0.329173
0.329414
0.329655
0.329895
0.330125
0.330347
0.33056
0.330725
0.330781
0.325835
0.326323
0.326753
0.327098
0.327406
0.327688
0.327955
0.328213
0.328463
0.32871
0.328955
0.329198
0.329441
0.329685
0.329931
0.330171
0.330404
0.330638
0.330838
0.330933
0.325712
0.326261
0.326724
0.327086
0.327405
0.327696
0.327969
0.32823
0.328483
0.328731
0.328976
0.329219
0.329461
0.329704
0.329949
0.330195
0.330441
0.330709
0.33102
0.331294
0.326
0.326338
0.326716
0.327072
0.327389
0.32768
0.327952
0.32821
0.32846
0.328704
0.328944
0.32918
0.329415
0.32965
0.329888
0.33013
0.330382
0.330696
0.331212
0.331962
0.328824
0.328204
0.327783
0.32753
0.328835
0.328204
0.327774
0.327518
0.328644
0.328028
0.327612
0.327376
0.328262
0.327687
0.327306
0.32712
0.327715
0.327201
0.32687
0.326761
0.327045
0.326605
0.326302
0.326293
0.326278
0.325877
0.325512
0.325672
0.325085
0.324705
0.324383
0.324959
0.322906
0.323339
0.323778
0.323863
0.32394
0.325341
0.325422
0.318778
0.779486
0.778315
0.777633
0.777677
0.777536
0.7758
0.769
0.754613
0.734354
0.710372
0.683924
0.655973
0.62729
0.598518
0.570206
0.542817
0.516736
0.492265
0.469631
0.448978
0.430384
0.413852
0.399324
0.386704
0.375862
0.366648
0.358898
0.352442
0.34711
0.342739
0.339193
0.336339
0.334051
0.332229
0.330792
0.329674
0.778948
0.777375
0.777177
0.77798
0.778226
0.775757
0.767172
0.752025
0.732291
0.708845
0.682846
0.655261
0.626866
0.598313
0.570158
0.542873
0.516854
0.492413
0.469785
0.449123
0.430507
0.413946
0.39939
0.386746
0.375886
0.366657
0.358899
0.35244
0.347109
0.342737
0.339194
0.33635
0.334068
0.33225
0.330813
0.329692
0.779256
0.777393
0.777349
0.77783
0.7766
0.771549
0.761027
0.745463
0.72597
0.70306
0.677675
0.650651
0.622736
0.594578
0.566744
0.539724
0.513928
0.489685
0.467241
0.446759
0.428322
0.41194
0.397565
0.385102
0.374419
0.365363
0.357769
0.351465
0.346281
0.342051
0.338631
0.335887
0.333693
0.331944
0.330559
0.329476
0.781265
0.778964
0.778036
0.776451
0.77241
0.764723
0.752792
0.736827
0.717296
0.694704
0.669787
0.643249
0.615776
0.588003
0.560502
0.53378
0.508266
0.484306
0.462159
0.441993
0.423893
0.407866
0.393858
0.381765
0.37145
0.362751
0.355496
0.349508
0.344615
0.340655
0.337478
0.334944
0.332924
0.331315
0.330038
0.329035
0.784327
0.781137
0.778178
0.773878
0.766994
0.75701
0.743642
0.726914
0.707041
0.684445
0.659699
0.633411
0.606208
0.578703
0.551469
0.525028
0.499825
0.476222
0.454485
0.434782
0.417192
0.401712
0.388272
0.376754
0.367005
0.358854
0.352118
0.346614
0.342164
0.338606
0.335788
0.333566
0.331807
0.330404
0.329282
0.328397
0.786789
0.782001
0.776686
0.769702
0.760261
0.748182
0.733283
0.715537
0.695069
0.672192
0.647358
0.6211
0.593997
0.566641
0.539611
0.513438
0.488586
0.465426
0.444226
0.425148
0.408255
0.393523
0.380861
0.370126
0.361146
0.353734
0.347697
0.34284
0.338982
0.335956
0.333613
0.331804
0.330387
0.329253
0.328333
0.327602
0.78695
0.780277
0.77287
0.763453
0.751775
0.737818
0.721426
0.702572
0.681338
0.657967
0.632832
0.606406
0.579236
0.551908
0.525008
0.499086
0.47462
0.451989
0.431458
0.413172
0.397167
0.38339
0.371714
0.361968
0.353954
0.347467
0.342301
0.338248
0.335115
0.33274
0.330981
0.329694
0.328714
0.327924
0.327255
0.326703
0.783733
0.775452
0.766367
0.754929
0.74138
0.725779
0.707985
0.687998
0.665887
0.641854
0.616227
0.589447
0.562049
0.534626
0.507786
0.482101
0.458067
0.436067
0.416351
0.399036
0.38412
0.371504
0.361022
0.352461
0.345593
0.340195
0.336047
0.332922
0.330631
0.329027
0.327971
0.327343
0.326887
0.326447
0.325979
0.325501
0.777422
0.767525
0.757085
0.744075
0.729008
0.711987
0.6929
0.671793
0.648736
0.623917
0.597643
0.570352
0.54259
0.514977
0.488157
0.462734
0.439222
0.417996
0.39928
0.383146
0.369534
0.35829
0.349191
0.34198
0.336393
0.332181
0.329117
0.326953
0.325445
0.324501
0.324098
0.324088
0.324039
0.323772
0.323427
0.323086
0.767902
0.75654
0.745078
0.730891
0.714615
0.696391
0.676141
0.65396
0.629932
0.604247
0.577221
0.54931
0.521102
0.493268
0.466504
0.441453
0.418638
0.398412
0.380948
0.366245
0.354166
0.344481
0.336904
0.331131
0.326868
0.323859
0.321886
0.320703
0.320034
0.319857
0.320123
0.32063
0.321244
0.321964
0.322796
0.32348
0.310128
0.310324
0.307999
0.29789
0.30799
0.307559
0.305822
0.302623
0.307043
0.306548
0.305502
0.304264
0.306507
0.306053
0.305458
0.304867
0.306043
0.305768
0.305411
0.305085
0.305716
0.305551
0.305319
0.305122
0.305435
0.305345
0.305197
0.30508
0.305174
0.305147
0.305066
0.305004
0.304932
0.304962
0.304939
0.304924
0.304712
0.304797
0.304829
0.304862
0.30452
0.304659
0.304745
0.304831
0.304357
0.304551
0.304697
0.304839
0.304226
0.304478
0.304688
0.304892
0.304127
0.304438
0.304719
0.304997
0.304057
0.30443
0.30479
0.305152
0.304013
0.304449
0.304896
0.305353
0.303985
0.304487
0.305028
0.30559
0.303965
0.30453
0.305175
0.305848
0.303938
0.304563
0.305316
0.306104
0.303885
0.304564
0.305428
0.306327
0.303788
0.304508
0.305479
0.306469
0.303629
0.304376
0.305451
0.306497
0.303382
0.304146
0.305337
0.306408
0.302986
0.303763
0.305088
0.306166
0.302433
0.303212
0.304629
0.30574
0.301735
0.302495
0.303918
0.305133
0.300837
0.301574
0.302967
0.304308
0.299679
0.300409
0.301772
0.303221
0.298258
0.299
0.300344
0.301898
0.296584
0.297365
0.298712
0.300364
0.294686
0.295526
0.296875
0.29857
0.29262
0.293523
0.294852
0.296538
0.290462
0.291411
0.292691
0.294334
0.288287
0.289252
0.290467
0.292032
0.286159
0.287109
0.288256
0.289715
0.284146
0.285066
0.286131
0.287462
0.28231
0.283202
0.284165
0.285349
0.280718
0.281564
0.282411
0.283436
0.279404
0.280181
0.280904
0.281767
0.278361
0.279056
0.279661
0.280365
0.277576
0.278184
0.278678
0.279245
0.277028
0.277554
0.277944
0.278399
0.276701
0.277151
0.277453
0.277809
0.276576
0.276961
0.27719
0.277462
0.276636
0.276967
0.277144
0.277346
0.276864
0.277153
0.277293
0.27745
0.277244
0.277504
0.277626
0.277753
0.27776
0.278006
0.278128
0.278241
0.278398
0.278644
0.278785
0.278904
0.279143
0.279406
0.279588
0.279731
0.279982
0.280281
0.280527
0.280715
0.280903
0.281257
0.281596
0.281848
0.281894
0.282325
0.282785
0.283116
0.282942
0.283471
0.284076
0.284491
0.284031
0.284674
0.285431
0.285914
0.285138
0.285898
0.28678
0.287279
0.28622
0.287077
0.288006
0.288421
0.287191
0.288106
0.288939
0.289148
0.287928
0.288836
0.289416
0.289432
0.288226
0.289268
0.289591
0.289501
0.754341
0.742068
0.729955
0.714932
0.697707
0.678461
0.657167
0.633956
0.608941
0.582334
0.554484
0.5259
0.497242
0.469265
0.442733
0.418329
0.396567
0.377748
0.36195
0.349063
0.338836
0.330941
0.325015
0.320702
0.317673
0.315649
0.314392
0.313649
0.313207
0.312976
0.31286
0.312739
0.312629
0.312475
0.312083
0.311075
0.736808
0.72403
0.711654
0.696134
0.678216
0.658141
0.635942
0.611782
0.585814
0.558294
0.529635
0.500443
0.471493
0.443652
0.417766
0.394537
0.374428
0.357624
0.344053
0.333447
0.325421
0.319547
0.315402
0.312605
0.310828
0.309797
0.309284
0.309093
0.309099
0.309181
0.30927
0.309288
0.309272
0.309174
0.308894
0.308382
0.716332
0.703404
0.690994
0.675262
0.656899
0.636213
0.613288
0.588328
0.561533
0.533232
0.503944
0.474411
0.44556
0.418382
0.393776
0.372403
0.354589
0.340329
0.329347
0.321202
0.315389
0.311416
0.308842
0.307303
0.306505
0.306213
0.306252
0.30649
0.30682
0.307153
0.30744
0.307622
0.307737
0.307761
0.307577
0.307279
0.693713
0.68081
0.668486
0.652699
0.634115
0.613021
0.589566
0.563992
0.536569
0.507728
0.478135
0.448707
0.420533
0.394694
0.372069
0.353174
0.338112
0.326634
0.318257
0.312405
0.308506
0.306065
0.304683
0.304053
0.303946
0.30419
0.304637
0.305178
0.305731
0.306238
0.306668
0.306948
0.307052
0.307069
0.306999
0.306798
0.669548
0.656802
0.644632
0.62889
0.610283
0.588976
0.565202
0.539249
0.511474
0.482443
0.453004
0.424259
0.397425
0.373596
0.35352
0.337475
0.325295
0.316495
0.310437
0.306477
0.304056
0.302737
0.302196
0.30219
0.302535
0.303087
0.30373
0.304377
0.304973
0.305479
0.305876
0.306168
0.306346
0.306394
0.306341
0.30622
0.644327
0.631879
0.619905
0.604322
0.585847
0.564523
0.540665
0.51461
0.486828
0.458047
0.429303
0.401858
0.376982
0.355673
0.338454
0.325321
0.315848
0.309374
0.305188
0.302658
0.301293
0.300736
0.300719
0.30105
0.301588
0.302224
0.302886
0.303525
0.304108
0.304612
0.305023
0.305343
0.30558
0.305729
0.305793
0.305788
0.618533
0.606495
0.594787
0.579482
0.561267
0.540124
0.516428
0.490582
0.463184
0.435132
0.407631
0.382037
0.359576
0.341056
0.326722
0.316298
0.309158
0.30455
0.301763
0.300233
0.299552
0.299423
0.29965
0.300099
0.300674
0.301313
0.301971
0.302614
0.303217
0.303761
0.304235
0.304633
0.304955
0.305198
0.305361
0.305439
0.592631
0.581096
0.569743
0.554808
0.536981
0.516214
0.492934
0.467622
0.441009
0.414149
0.388367
0.365032
0.345233
0.329525
0.317878
0.309794
0.304532
0.301318
0.2995
0.298599
0.298288
0.298357
0.298677
0.299164
0.299756
0.300412
0.301096
0.301777
0.302431
0.303038
0.303585
0.30406
0.304456
0.304766
0.304989
0.305124
0.56704
0.556077
0.545157
0.530682
0.513375
0.493176
0.470564
0.4461
0.420642
0.395368
0.371659
0.350814
0.333716
0.32065
0.311349
0.30517
0.301328
0.299087
0.29788
0.297333
0.297209
0.297376
0.297751
0.298274
0.298902
0.299598
0.300328
0.301063
0.301776
0.302445
0.30305
0.30358
0.304026
0.304382
0.30465
0.304831
0.542115
0.531777
0.521355
0.507431
0.490773
0.471322
0.449609
0.426275
0.402281
0.378882
0.357452
0.339158
0.324639
0.313923
0.306567
0.30186
0.299031
0.297423
0.296581
0.296233
0.296222
0.29646
0.296889
0.297461
0.298138
0.298884
0.299666
0.300451
0.301214
0.30193
0.302579
0.30315
0.303635
0.30403
0.304338
0.304563
0.518154
0.50848
0.498609
0.485319
0.469429
0.450885
0.430268
0.40829
0.385983
0.364629
0.345542
0.329724
0.317564
0.308854
0.303044
0.299421
0.297279
0.296069
0.295449
0.295231
0.295306
0.295612
0.296099
0.296726
0.297453
0.298246
0.299073
0.2999
0.300703
0.301457
0.302144
0.302751
0.303273
0.303706
0.304054
0.304322
0.495392
0.486407
0.477132
0.464549
0.449525
0.432018
0.412651
0.392187
0.371694
0.352433
0.335627
0.322125
0.312072
0.305027
0.300398
0.297543
0.295853
0.294896
0.294427
0.294308
0.294459
0.294831
0.295375
0.296052
0.296822
0.297655
0.298518
0.299382
0.300221
0.301012
0.301736
0.302381
0.302941
0.303412
0.3038
0.304111
0.474008
0.465725
0.457078
0.445258
0.431174
0.414799
0.396785
0.377923
0.359276
0.342037
0.327342
0.316003
0.307844
0.302139
0.298369
0.296034
0.294639
0.293854
0.293495
0.293456
0.293676
0.294107
0.294701
0.295418
0.296225
0.297092
0.297989
0.298888
0.299763
0.300591
0.301355
0.30204
0.302638
0.303149
0.303577
0.303932
0.454122
0.446541
0.438541
0.427525
0.414431
0.399245
0.382639
0.365401
0.348539
0.333158
0.320489
0.311162
0.304599
0.299962
0.296796
0.294793
0.293588
0.292922
0.292645
0.292673
0.292953
0.293432
0.294065
0.294816
0.295655
0.296553
0.297483
0.298417
0.299329
0.300197
0.301001
0.301727
0.302366
0.302917
0.303386
0.303783
0.435804
0.428914
0.421566
0.411376
0.399298
0.385327
0.37014
0.354495
0.339306
0.325748
0.315083
0.307373
0.301968
0.298229
0.295565
0.293765
0.292678
0.292092
0.291876
0.291958
0.292284
0.2928
0.293465
0.294246
0.295113
0.296041
0.297002
0.297971
0.298921
0.299829
0.300674
0.301442
0.302123
0.302715
0.303225
0.303665
0.419079
0.412857
0.406158
0.396798
0.385738
0.372981
0.359193
0.345087
0.331489
0.319801
0.310905
0.304326
0.29974
0.296719
0.294528
0.292907
0.291893
0.291359
0.291188
0.291311
0.291671
0.292216
0.292906
0.293711
0.294603
0.295558
0.29655
0.297552
0.298539
0.299487
0.300375
0.301185
0.301908
0.302541
0.30309
0.303572
0.403932
0.398351
0.392282
0.383743
0.373685
0.362116
0.349677
0.337019
0.325018
0.315075
0.307523
0.301824
0.297895
0.295366
0.293583
0.292177
0.291214
0.290717
0.290579
0.290732
0.291117
0.291683
0.292392
0.293217
0.29413
0.295109
0.296128
0.297162
0.298185
0.299172
0.3001
0.300952
0.301716
0.302389
0.302977
0.303498
0.390317
0.385345
0.379881
0.37214
0.36305
0.352625
0.341468
0.330133
0.319708
0.311274
0.304703
0.299764
0.296386
0.294198
0.292722
0.291524
0.290625
0.290159
0.29005
0.290225
0.290627
0.291206
0.291929
0.292768
0.293699
0.294697
0.29574
0.296802
0.297857
0.29888
0.299848
0.30074
0.301544
0.302254
0.302878
0.303435
0.378166
0.373764
0.368875
0.361898
0.353731
0.344389
0.334444
0.324348
0.315335
0.308128
0.302355
0.298072
0.295148
0.293226
0.291949
0.290923
0.290119
0.289686
0.289601
0.289793
0.290205
0.290793
0.291524
0.292371
0.293313
0.294326
0.295387
0.296472
0.297554
0.298609
0.299612
0.300541
0.301381
0.302127
0.302783
0.303371
0.367402
0.363523
0.359172
0.352918
0.345617
0.337283
0.328463
0.319549
0.311732
0.30549
0.300418
0.296686
0.294124
0.292417
0.29127
0.290396
0.289702
0.289301
0.289237
0.289441
0.289858
0.290448
0.29118
0.29203
0.292976
0.293996
0.295068
0.296168
0.297272
0.298353
0.299386
0.300347
0.30122
0.301996
0.302679
0.303291
0.35793
0.354527
0.350674
0.345095
0.338596
0.331182
0.323349
0.315565
0.308805
0.303308
0.298838
0.295558
0.293287
0.291752
0.29071
0.289962
0.289368
0.289004
0.288961
0.289173
0.289591
0.290177
0.290903
0.291748
0.292689
0.293707
0.294781
0.295888
0.297004
0.298103
0.299158
0.300145
0.301046
0.301848
0.302552
0.303179
0.34965
0.346676
0.34328
0.338323
0.33256
0.325983
0.31901
0.312259
0.306428
0.301529
0.297569
0.294659
0.292621
0.29123
0.290281
0.289628
0.289116
0.288799
0.288777
0.288994
0.289408
0.289984
0.290698
0.291528
0.292455
0.29346
0.294524
0.295626
0.296743
0.297848
0.298917
0.299922
0.300844
0.301669
0.302391
0.303022
0.342457
0.33987
0.33689
0.332502
0.32741
0.3216
0.315415
0.309534
0.304461
0.300089
0.29657
0.293966
0.29212
0.290843
0.289977
0.289401
0.288962
0.288692
0.28869
0.28891
0.289314
0.289874
0.290566
0.291371
0.292271
0.29325
0.294291
0.295373
0.296477
0.297575
0.298644
0.299658
0.300598
0.301451
0.30219
0.302807
0.336252
0.334009
0.331407
0.327538
0.32305
0.317937
0.312472
0.307312
0.302852
0.29895
0.29581
0.293461
0.291773
0.290593
0.289796
0.289289
0.288918
0.288693
0.288707
0.288926
0.289315
0.28985
0.29051
0.291278
0.292138
0.293075
0.294075
0.295121
0.296192
0.297266
0.298319
0.299329
0.300286
0.301172
0.301917
0.302483
0.330936
0.329
0.326738
0.323338
0.319391
0.314897
0.310079
0.305529
0.30158
0.298089
0.295269
0.293134
0.29158
0.29048
0.289743
0.289297
0.28899
0.288806
0.288833
0.289045
0.289414
0.289915
0.290532
0.291248
0.292051
0.292929
0.293868
0.294855
0.295872
0.296898
0.297913
0.298901
0.299865
0.300743
0.301439
0.301971
0.326418
0.324752
0.322799
0.319819
0.316353
0.312403
0.308156
0.304132
0.300618
0.297484
0.294933
0.292978
0.291537
0.290507
0.289821
0.289431
0.289183
0.289038
0.289072
0.289273
0.289613
0.29007
0.29063
0.29128
0.292008
0.292804
0.29366
0.294562
0.295498
0.296449
0.297396
0.298334
0.299262
0.300065
0.300696
0.301247
0.322612
0.321178
0.319514
0.316905
0.313864
0.310391
0.306648
0.303078
0.299937
0.297111
0.294791
0.29299
0.291646
0.290677
0.290036
0.289695
0.289505
0.289395
0.289432
0.289614
0.289915
0.290317
0.290806
0.291371
0.292003
0.292695
0.29344
0.294228
0.29505
0.295892
0.296737
0.297595
0.29842
0.299114
0.299722
0.300306
0.319442
0.318219
0.31682
0.314527
0.311861
0.308808
0.305506
0.302332
0.299512
0.296955
0.294834
0.293167
0.291908
0.290992
0.29039
0.290092
0.289958
0.289884
0.289915
0.29007
0.290323
0.290656
0.291059
0.29152
0.292033
0.292594
0.293197
0.293838
0.29451
0.295203
0.295905
0.296636
0.297321
0.297916
0.298516
0.299117
0.316855
0.315886
0.314652
0.312623
0.310289
0.307605
0.30469
0.301862
0.299322
0.297001
0.295055
0.293508
0.292324
0.291456
0.290889
0.290625
0.290548
0.290509
0.290525
0.290642
0.290836
0.291088
0.291386
0.291723
0.292092
0.292492
0.292922
0.293379
0.293861
0.294362
0.294875
0.295428
0.295965
0.296481
0.297059
0.297668
0.314777
0.314037
0.312916
0.311135
0.309096
0.306736
0.304165
0.301644
0.299351
0.297238
0.295448
0.294009
0.292896
0.292073
0.291537
0.291303
0.291277
0.291268
0.291261
0.291331
0.291456
0.291612
0.291789
0.291978
0.292177
0.292385
0.292605
0.292839
0.293089
0.293358
0.293645
0.29398
0.294356
0.294794
0.295343
0.29596
0.31312
0.312497
0.311533
0.310007
0.308234
0.306161
0.3039
0.301655
0.29958
0.297655
0.296009
0.29467
0.293622
0.292842
0.292338
0.292133
0.292145
0.292152
0.292121
0.292137
0.292181
0.292228
0.292264
0.292283
0.292283
0.292267
0.29224
0.292209
0.292185
0.292185
0.292215
0.292308
0.292507
0.292863
0.293385
0.294014
0.311835
0.31127
0.310483
0.309198
0.307663
0.305846
0.303866
0.301876
0.299995
0.298243
0.29673
0.295485
0.2945
0.293762
0.293287
0.293108
0.293147
0.293163
0.293103
0.293059
0.293012
0.292934
0.292812
0.292637
0.292409
0.292135
0.291823
0.291485
0.291148
0.290843
0.290582
0.29043
0.290453
0.29073
0.291229
0.291883
0.310881
0.310381
0.309754
0.308675
0.307353
0.305764
0.304041
0.302286
0.300581
0.29899
0.297602
0.296448
0.295526
0.294829
0.294382
0.294223
0.294282
0.2943
0.294206
0.294094
0.293947
0.293732
0.293432
0.29304
0.292556
0.291988
0.291353
0.290669
0.289992
0.289338
0.288773
0.288395
0.288262
0.288464
0.288952
0.289644
0.310227
0.309808
0.309314
0.308408
0.307277
0.305898
0.304403
0.302857
0.301321
0.299883
0.298617
0.297552
0.296691
0.296036
0.295616
0.295473
0.295543
0.295557
0.295426
0.295242
0.294987
0.294622
0.294128
0.293494
0.292724
0.291829
0.290832
0.28976
0.288718
0.287705
0.286871
0.286283
0.286015
0.286163
0.286654
0.287391
0.309833
0.309503
0.309117
0.308363
0.307406
0.306221
0.304929
0.303573
0.302201
0.300911
0.299763
0.298786
0.297989
0.297377
0.296981
0.296847
0.29692
0.296927
0.296758
0.296499
0.29613
0.295605
0.2949
0.294003
0.292917
0.291662
0.29026
0.28877
0.287355
0.286025
0.28492
0.284156
0.283812
0.283939
0.284452
0.285237
0.309665
0.309414
0.309122
0.308507
0.30771
0.306705
0.305597
0.304419
0.303206
0.302059
0.301027
0.30014
0.299407
0.298838
0.298466
0.298335
0.298402
0.298399
0.298196
0.297863
0.297377
0.296685
0.295755
0.294573
0.293144
0.291493
0.289645
0.287762
0.285912
0.284281
0.283002
0.282124
0.281764
0.281901
0.28244
0.283255
0.30969
0.309502
0.309297
0.30881
0.30816
0.307322
0.306388
0.305377
0.30432
0.303313
0.302397
0.3016
0.300933
0.300407
0.300056
0.299922
0.299972
0.299963
0.299736
0.299331
0.298729
0.297866
0.296699
0.29521
0.293411
0.291326
0.288992
0.286665
0.284454
0.282614
0.281211
0.280302
0.279968
0.280135
0.280691
0.281477
0.309872
0.309739
0.309615
0.309245
0.308732
0.30805
0.307279
0.306429
0.305524
0.304654
0.303855
0.30315
0.30255
0.302068
0.301736
0.301591
0.301612
0.301606
0.301375
0.300903
0.300188
0.299153
0.297739
0.295925
0.29373
0.291172
0.288363
0.285583
0.283077
0.28108
0.279632
0.278774
0.278489
0.278682
0.279224
0.279942
0.31018
0.3101
0.310049
0.309788
0.309401
0.308867
0.30825
0.307555
0.3068
0.306067
0.305384
0.304772
0.304241
0.303803
0.303488
0.303328
0.30331
0.30331
0.303095
0.302577
0.30176
0.300554
0.298884
0.296726
0.29411
0.291058
0.287784
0.28456
0.281823
0.27975
0.278343
0.277574
0.27734
0.277541
0.27803
0.278676
0.31059
0.310558
0.310574
0.310413
0.310145
0.309749
0.309279
0.308734
0.308126
0.307529
0.306964
0.306447
0.305987
0.305594
0.305296
0.305121
0.305063
0.305041
0.304854
0.304346
0.303458
0.302092
0.30015
0.297624
0.294567
0.290983
0.287199
0.283618
0.280745
0.278689
0.277381
0.276698
0.276499
0.276678
0.277104
0.277689
0.311076
0.311089
0.311166
0.311097
0.310941
0.310676
0.310346
0.309946
0.309484
0.309021
0.308574
0.308154
0.307767
0.307421
0.30714
0.306955
0.306866
0.306803
0.306622
0.306155
0.305268
0.303783
0.301558
0.298633
0.295097
0.290904
0.286646
0.282814
0.279895
0.277925
0.276733
0.276112
0.275919
0.276059
0.276433
0.276967
0.311616
0.311668
0.311802
0.311819
0.311767
0.311626
0.311429
0.31117
0.310849
0.31052
0.31019
0.309868
0.309555
0.309255
0.308992
0.308804
0.3087
0.308619
0.308433
0.307981
0.307104
0.30556
0.303086
0.299744
0.295687
0.290911
0.286193
0.28219
0.279304
0.277446
0.276343
0.275756
0.275555
0.275665
0.276002
0.276486
0.312189
0.312275
0.31246
0.312557
0.312603
0.312578
0.312508
0.312383
0.312199
0.311999
0.311785
0.311558
0.311316
0.311061
0.310817
0.310631
0.310526
0.310452
0.310284
0.309844
0.308939
0.307329
0.304646
0.300915
0.296338
0.291097
0.285889
0.28176
0.278953
0.277202
0.27616
0.275593
0.275393
0.275485
0.275787
0.276221
0.312775
0.31289
0.313123
0.313292
0.313429
0.313512
0.313561
0.313563
0.31351
0.313434
0.31333
0.313193
0.313015
0.312799
0.312573
0.312395
0.3123
0.312248
0.312111
0.311697
0.310776
0.309066
0.306182
0.302111
0.297058
0.291388
0.285747
0.281529
0.278807
0.277151
0.276159
0.275615
0.275419
0.275493
0.275762
0.276151
0.313355
0.313496
0.31377
0.314005
0.314225
0.314408
0.314568
0.314688
0.314758
0.314798
0.314795
0.314739
0.314618
0.314433
0.314223
0.314057
0.313982
0.313963
0.313867
0.313487
0.312564
0.310763
0.307704
0.303324
0.297826
0.291756
0.285792
0.281503
0.278847
0.277267
0.276321
0.2758
0.275608
0.275668
0.275909
0.276258
0.313914
0.314076
0.314386
0.31468
0.314974
0.315249
0.315509
0.315738
0.315921
0.316066
0.316154
0.316167
0.316092
0.315932
0.315736
0.315587
0.315541
0.315562
0.315511
0.31516
0.314255
0.312407
0.309219
0.30458
0.298684
0.292251
0.286061
0.281681
0.27905
0.277521
0.276619
0.276123
0.275938
0.275989
0.276207
0.276524
0.314435
0.314614
0.314955
0.3153
0.315661
0.316018
0.316369
0.316695
0.316977
0.317216
0.317382
0.317452
0.317412
0.31727
0.317088
0.316961
0.316951
0.317016
0.316998
0.316664
0.315795
0.313968
0.310717
0.30591
0.299726
0.292936
0.286562
0.282036
0.279388
0.277894
0.277033
0.276566
0.276393
0.276439
0.276641
0.276932
0.314905
0.315096
0.315464
0.315853
0.316271
0.316699
0.31713
0.31754
0.31791
0.318228
0.318458
0.318573
0.318557
0.318429
0.318261
0.31816
0.318189
0.318291
0.31829
0.317982
0.317153
0.315358
0.312135
0.307291
0.300977
0.293859
0.287323
0.282572
0.279851
0.27837
0.277548
0.277113
0.276955
0.277002
0.277193
0.277467
0.315312
0.315512
0.315901
0.316325
0.316792
0.317281
0.317778
0.31826
0.318703
0.319086
0.319366
0.319514
0.319513
0.319392
0.319239
0.319167
0.319231
0.319358
0.319362
0.3191
0.318298
0.3165
0.313386
0.308642
0.302352
0.295038
0.288376
0.283311
0.28044
0.27894
0.278151
0.27775
0.277611
0.277664
0.277849
0.278113
0.315646
0.31585
0.316254
0.316706
0.317213
0.317752
0.318304
0.318844
0.319346
0.319779
0.320095
0.320261
0.320266
0.320149
0.320011
0.319966
0.320058
0.320197
0.320205
0.319972
0.319187
0.317399
0.314422
0.309867
0.30373
0.296446
0.28969
0.284271
0.281165
0.279603
0.278833
0.278467
0.27835
0.278412
0.278595
0.278855
0.315899
0.316103
0.316517
0.316989
0.317525
0.318103
0.318698
0.319282
0.319828
0.320296
0.320633
0.320807
0.32081
0.320694
0.320569
0.320545
0.320652
0.320794
0.320805
0.320576
0.319794
0.318054
0.315215
0.310943
0.305085
0.297958
0.291132
0.285493
0.282061
0.280364
0.279587
0.279254
0.279163
0.279235
0.279419
0.279681
0.316063
0.316262
0.31668
0.317166
0.317723
0.318329
0.318954
0.319569
0.320144
0.320632
0.320978
0.321147
0.321142
0.321024
0.320908
0.320896
0.321007
0.32114
0.321145
0.320903
0.320114
0.318425
0.315725
0.311831
0.306458
0.299747
0.292782
0.287069
0.283188
0.281244
0.280413
0.280104
0.280043
0.280125
0.280311
0.280578
0.316135
0.316323
0.31674
0.317233
0.317802
0.318425
0.319068
0.319701
0.32029
0.320785
0.321126
0.321282
0.321262
0.321138
0.321026
0.321017
0.32112
0.321231
0.321223
0.320959
0.320153
0.318509
0.315941
0.312399
0.307616
0.30161
0.294715
0.288886
0.28459
0.282271
0.281315
0.28101
0.280984
0.281077
0.281261
0.281535
0.316112
0.31629
0.316696
0.317188
0.31776
0.318389
0.319039
0.319676
0.320267
0.320755
0.32108
0.321214
0.321174
0.321042
0.320927
0.320912
0.320996
0.321074
0.321047
0.320758
0.319926
0.318323
0.315891
0.312627
0.308389
0.303037
0.296644
0.290749
0.286307
0.283519
0.282319
0.281971
0.281984
0.282089
0.282264
0.282541
0.315988
0.31616
0.316547
0.317031
0.317597
0.318221
0.318868
0.319497
0.320077
0.320547
0.320845
0.32095
0.320887
0.320742
0.320619
0.320592
0.320648
0.320688
0.32063
0.320306
0.319445
0.317883
0.31558
0.312556
0.308824
0.304186
0.298635
0.292852
0.288282
0.285106
0.283515
0.283024
0.283049
0.283165
0.283315
0.283583
0.315761
0.315926
0.316291
0.316761
0.317313
0.317924
0.318556
0.319167
0.319725
0.320165
0.320429
0.320499
0.32041
0.320249
0.320113
0.320068
0.320093
0.320094
0.319989
0.319614
0.318728
0.317205
0.315022
0.312212
0.308841
0.304885
0.300245
0.295018
0.290348
0.287042
0.285018
0.284292
0.284231
0.284318
0.284415
0.284644
0.31543
0.315586
0.315928
0.31638
0.316911
0.317501
0.318108
0.318692
0.319216
0.319618
0.31984
0.319871
0.319754
0.319573
0.319421
0.319353
0.319342
0.319298
0.319139
0.318705
0.317795
0.31631
0.314247
0.311639
0.308552
0.305076
0.301155
0.296792
0.292299
0.288935
0.286726
0.285803
0.285664
0.285618
0.285555
0.285686
0.314999
0.315144
0.315463
0.315892
0.316395
0.316955
0.31753
0.318077
0.31856
0.318914
0.319089
0.31908
0.318931
0.318727
0.318553
0.318458
0.318406
0.318313
0.318093
0.317598
0.316663
0.315215
0.313266
0.310857
0.308046
0.304944
0.301669
0.298152
0.294385
0.290883
0.288409
0.287304
0.287418
0.287209
0.286699
0.286603
0.314473
0.314605
0.314899
0.3153
0.31577
0.316295
0.31683
0.317331
0.317764
0.318066
0.318189
0.318135
0.317953
0.317722
0.317523
0.317394
0.317296
0.317148
0.316864
0.316308
0.315347
0.313933
0.31209
0.309868
0.307319
0.304532
0.301698
0.298915
0.296074
0.293217
0.290465
0.288774
0.289095
0.289209
0.28794
0.287139
0.313857
0.313975
0.314242
0.314612
0.315045
0.315527
0.316015
0.316464
0.31684
0.317083
0.31715
0.31705
0.316831
0.316569
0.31634
0.316173
0.316025
0.315818
0.315469
0.314856
0.313868
0.312482
0.310734
0.308681
0.306381
0.303903
0.301403
0.29909
0.297001
0.295047
0.293093
0.291159
0.290723
0.291502
0.28946
0.286269
0.313236
0.313343
0.31358
0.313919
0.314313
0.314754
0.315195
0.315591
0.31591
0.316094
0.316108
0.315964
0.315712
0.315422
0.315163
0.314958
0.314762
0.314501
0.314095
0.313433
0.312425
0.311063
0.309389
0.307471
0.305375
0.303165
0.300982
0.299034
0.29742
0.296168
0.295036
0.293679
0.293105
0.293947
0.29078
0.283495
0.312639
0.312737
0.312942
0.313253
0.313612
0.314013
0.31441
0.314756
0.31502
0.315148
0.315113
0.314931
0.31465
0.314334
0.314047
0.313807
0.313567
0.313258
0.312802
0.3121
0.311076
0.309733
0.308122
0.306313
0.304376
0.30238
0.300479
0.298885
0.297676
0.296898
0.296388
0.295683
0.295582
0.297131
0.291743
0.282709
0.311993
0.312083
0.312263
0.312545
0.312867
0.313225
0.313574
0.313867
0.314073
0.314144
0.314059
0.313837
0.313524
0.313179
0.312861
0.312582
0.312297
0.311939
0.311435
0.310695
0.309657
0.308334
0.306781
0.305074
0.303283
0.301481
0.299847
0.298602
0.297802
0.297468
0.297512
0.297771
0.298951
0.301618
0.296058
0.281229
0.351016
0.369232
0.375247
0.374988
0.350999
0.365718
0.373341
0.374259
0.346847
0.359715
0.368499
0.37133
0.341619
0.352409
0.360922
0.364955
0.335857
0.344775
0.352276
0.356293
0.329881
0.33714
0.343363
0.346889
0.323964
0.329806
0.33477
0.337666
0.318307
0.322972
0.326836
0.329106
0.313028
0.316735
0.319697
0.321419
0.308188
0.311127
0.313377
0.314649
0.303809
0.306141
0.30784
0.308757
0.299891
0.301745
0.303023
0.303668
0.296418
0.297898
0.298858
0.299299
0.293367
0.294555
0.295275
0.295566
0.290712
0.291673
0.292213
0.292395
0.288423
0.28921
0.289616
0.289721
0.286477
0.287128
0.287435
0.287487
0.284848
0.285396
0.285629
0.285647
0.283514
0.283983
0.284163
0.284162
0.282452
0.282863
0.283007
0.282997
0.281639
0.282012
0.282134
0.282126
0.281058
0.281411
0.281525
0.281528
0.280692
0.281044
0.281162
0.281187
0.280532
0.280902
0.281037
0.281093
0.280575
0.280978
0.281144
0.28124
0.280821
0.281275
0.281484
0.281628
0.281278
0.281796
0.282059
0.282258
0.281954
0.282548
0.282876
0.283139
0.282859
0.283538
0.283939
0.284283
0.284002
0.284778
0.285265
0.285691
0.28539
0.286277
0.286862
0.287378
0.287032
0.288048
0.288743
0.289359
0.288943
0.290104
0.290918
0.291663
0.291139
0.292463
0.293415
0.294301
0.293637
0.295143
0.296252
0.297295
0.296455
0.298166
0.299452
0.300672
0.299613
0.301551
0.303037
0.304458
0.303133
0.305321
0.307034
0.30868
0.307044
0.309501
0.311467
0.313367
0.311375
0.314113
0.316359
0.318544
0.316121
0.319166
0.321728
0.324235
0.321284
0.32467
0.327592
0.330466
0.3269
0.330648
0.333967
0.337256
0.332998
0.337122
0.340863
0.344619
0.339554
0.344092
0.348266
0.352551
0.346502
0.351497
0.356136
0.361042
0.353789
0.359284
0.364444
0.370079
0.361365
0.367429
0.373161
0.37963
0.369161
0.375837
0.382199
0.389634
0.377112
0.384408
0.391455
0.400048
0.385098
0.393052
0.400872
0.41083
0.392896
0.401602
0.410346
0.421707
0.400206
0.409766
0.41961
0.432053
0.406619
0.417201
0.428342
0.441414
0.411503
0.423395
0.436223
0.449859
0.413957
0.427122
0.441708
0.455577
0.412797
0.426481
0.441853
0.456489
0.406511
0.419189
0.433513
0.448795
0.393407
0.401898
0.410208
0.414241
0.37247
0.371412
0.368586
0.332191
0.311215
0.311289
0.311448
0.311695
0.311972
0.312278
0.312569
0.312799
0.312937
0.312943
0.312801
0.312531
0.312177
0.311794
0.311435
0.311108
0.310769
0.310356
0.3098
0.309021
0.307971
0.306669
0.305179
0.303578
0.301933
0.300333
0.298992
0.298108
0.297731
0.297855
0.29848
0.29988
0.302823
0.306036
0.30584
0.311391
0.310293
0.310349
0.310481
0.310684
0.310909
0.311154
0.311377
0.311533
0.311594
0.311524
0.311315
0.310989
0.310585
0.310155
0.309746
0.309362
0.308961
0.308487
0.307875
0.307058
0.305999
0.304722
0.303297
0.301799
0.300293
0.298903
0.297872
0.297347
0.297348
0.297904
0.299115
0.301373
0.305208
0.309562
0.314282
0.328182
0.309322
0.309362
0.309461
0.30962
0.309789
0.309971
0.310123
0.310202
0.31018
0.310032
0.309756
0.309372
0.308917
0.30844
0.307979
0.307536
0.307073
0.306539
0.305875
0.305023
0.303958
0.302709
0.301345
0.299933
0.298545
0.297369
0.296624
0.296391
0.296673
0.297565
0.299223
0.301994
0.306162
0.311191
0.31781
0.330807
0.308314
0.308336
0.3084
0.308514
0.308628
0.308744
0.308823
0.30882
0.308712
0.308486
0.30814
0.307698
0.307191
0.306663
0.306149
0.305646
0.30512
0.304527
0.303813
0.302931
0.301864
0.300644
0.299334
0.297994
0.296728
0.295769
0.295268
0.295241
0.295725
0.296846
0.298771
0.301765
0.306011
0.311448
0.318822
0.329567
0.307278
0.307282
0.307314
0.307382
0.307438
0.307488
0.30749
0.307402
0.30721
0.306904
0.306487
0.305982
0.305421
0.304842
0.304272
0.303708
0.303119
0.302466
0.301706
0.300798
0.299733
0.298543
0.297281
0.296004
0.294888
0.294137
0.29382
0.29393
0.294554
0.295814
0.297862
0.300894
0.305043
0.310396
0.317402
0.326311
0.306226
0.306214
0.306214
0.306236
0.306232
0.306213
0.30614
0.305965
0.305687
0.305297
0.304807
0.30424
0.303623
0.30299
0.302363
0.301737
0.301085
0.300376
0.299572
0.298643
0.297586
0.296431
0.295217
0.294015
0.293058
0.292485
0.292288
0.292498
0.29321
0.294536
0.296603
0.299554
0.303493
0.308504
0.314768
0.32217
0.305171
0.305142
0.305111
0.305085
0.305022
0.304935
0.304785
0.304523
0.304154
0.30368
0.303117
0.302486
0.30181
0.301122
0.300439
0.299752
0.299038
0.298275
0.297435
0.296492
0.29545
0.294334
0.293175
0.292076
0.291259
0.290817
0.290704
0.290983
0.291743
0.293078
0.295094
0.29789
0.301537
0.306079
0.311538
0.317694
0.304125
0.304079
0.304015
0.303943
0.303819
0.303662
0.303435
0.30309
0.302626
0.302067
0.30143
0.300734
0.299999
0.299255
0.298517
0.297772
0.297001
0.296191
0.29532
0.294372
0.293351
0.292277
0.291178
0.290197
0.289509
0.289149
0.289097
0.28942
0.290196
0.291504
0.293422
0.296021
0.299339
0.303377
0.308076
0.3132
0.303098
0.303038
0.302942
0.302822
0.302637
0.302405
0.302105
0.301678
0.301118
0.300473
0.299763
0.299
0.298206
0.297405
0.296616
0.295819
0.294997
0.294146
0.293253
0.292305
0.29131
0.290282
0.289252
0.288379
0.287795
0.287496
0.28749
0.287839
0.28861
0.289865
0.291662
0.294045
0.297027
0.300578
0.304598
0.308866
0.302104
0.30203
0.301903
0.301736
0.301489
0.30118
0.30081
0.300304
0.299645
0.298914
0.298128
0.2973
0.296445
0.295586
0.294754
0.293917
0.293049
0.292164
0.291253
0.290309
0.289341
0.288362
0.28741
0.286628
0.286121
0.285873
0.285903
0.286267
0.287018
0.288206
0.289872
0.292039
0.294699
0.297802
0.301235
0.304792
0.301157
0.301068
0.300912
0.300698
0.30039
0.300006
0.299563
0.298976
0.298219
0.297401
0.296543
0.295649
0.294736
0.293823
0.292949
0.292076
0.291171
0.290258
0.289335
0.288397
0.287454
0.286523
0.28565
0.284948
0.284499
0.284295
0.284353
0.284723
0.285447
0.286564
0.288099
0.29006
0.292425
0.295131
0.298062
0.301034
0.300268
0.300166
0.299981
0.299721
0.299354
0.298896
0.298377
0.297706
0.296855
0.295953
0.295021
0.294065
0.293098
0.29214
0.291222
0.290309
0.289373
0.288441
0.287509
0.286576
0.285655
0.284768
0.28397
0.283342
0.282941
0.282773
0.282855
0.283226
0.283921
0.284967
0.28638
0.288153
0.290254
0.292615
0.295123
0.297616
0.299449
0.299339
0.299124
0.298819
0.298392
0.297862
0.297266
0.296509
0.295567
0.294583
0.293578
0.29256
0.291542
0.290545
0.289586
0.288632
0.287669
0.28672
0.28578
0.284851
0.283949
0.283103
0.282373
0.28181
0.281452
0.281317
0.281419
0.281789
0.282457
0.283438
0.28474
0.286347
0.28822
0.290287
0.292443
0.294544
0.298717
0.298596
0.298353
0.298004
0.297518
0.296917
0.296242
0.2954
0.294368
0.293301
0.292226
0.291147
0.290079
0.289045
0.288048
0.287056
0.286068
0.285104
0.284155
0.283228
0.282342
0.28153
0.280858
0.280356
0.28004
0.279935
0.280055
0.280425
0.281068
0.281994
0.283201
0.284666
0.286344
0.288165
0.29003
0.291813
0.298084
0.297953
0.297683
0.297289
0.296744
0.296072
0.295319
0.294391
0.293271
0.292122
0.290975
0.289836
0.288717
0.287647
0.286616
0.285589
0.284577
0.283597
0.282638
0.281712
0.280838
0.280055
0.279426
0.278985
0.278715
0.278634
0.278769
0.279141
0.279765
0.280647
0.281777
0.283126
0.284643
0.28626
0.287886
0.289411
0.297563
0.297422
0.297126
0.296688
0.296083
0.29534
0.294509
0.293496
0.292287
0.291055
0.289836
0.288636
0.287466
0.28636
0.285295
0.284236
0.283202
0.282204
0.281235
0.280307
0.279443
0.278682
0.278084
0.277699
0.27748
0.27742
0.277569
0.277945
0.278557
0.279407
0.280479
0.281737
0.283126
0.284575
0.286007
0.287324
0.297168
0.297019
0.296696
0.296213
0.295549
0.294734
0.293824
0.292725
0.291428
0.290112
0.288819
0.287556
0.286334
0.285189
0.284091
0.283002
0.281947
0.280929
0.279948
0.279017
0.278162
0.277419
0.276846
0.276502
0.27633
0.276295
0.27646
0.276842
0.277449
0.278281
0.279317
0.280511
0.281799
0.283113
0.284386
0.285537
0.296913
0.296756
0.296407
0.295879
0.295154
0.294266
0.293274
0.29209
0.290704
0.289302
0.287932
0.286603
0.285329
0.284142
0.28301
0.281894
0.280814
0.279776
0.278782
0.277847
0.276998
0.276271
0.275719
0.275395
0.275264
0.275266
0.275444
0.275833
0.276443
0.277275
0.278304
0.279465
0.280675
0.281876
0.283018
0.284034
0.296813
0.296648
0.296272
0.295698
0.29491
0.293947
0.292873
0.291602
0.290127
0.288635
0.287183
0.285785
0.284455
0.283225
0.282058
0.280914
0.279811
0.278751
0.277742
0.276803
0.275958
0.275244
0.274707
0.274388
0.274276
0.274317
0.274517
0.274916
0.275538
0.276393
0.277455
0.278623
0.279779
0.280873
0.281894
0.282799
0.296883
0.296711
0.296306
0.295685
0.294831
0.293789
0.292628
0.291271
0.289708
0.288121
0.286581
0.285108
0.283719
0.282443
0.28124
0.28007
0.278943
0.27786
0.276838
0.275893
0.275052
0.274351
0.273828
0.273514
0.273404
0.273467
0.273695
0.274112
0.274748
0.275617
0.276701
0.277923
0.279096
0.280104
0.281005
0.281815
0.297137
0.296959
0.296525
0.295854
0.294931
0.293805
0.292549
0.291108
0.289459
0.28777
0.286134
0.284579
0.283128
0.281806
0.280563
0.279366
0.278216
0.277111
0.276075
0.275127
0.274292
0.273604
0.273098
0.272797
0.272695
0.27277
0.273016
0.27345
0.274092
0.27495
0.276017
0.27726
0.278513
0.279521
0.280328
0.281059
0.297594
0.297408
0.296943
0.29622
0.295224
0.294007
0.292642
0.291123
0.289396
0.28759
0.285849
0.284201
0.282691
0.281323
0.280032
0.278807
0.277634
0.276508
0.27546
0.274507
0.273677
0.273002
0.272512
0.272226
0.272136
0.272222
0.272481
0.272922
0.273562
0.274407
0.275451
0.276666
0.277963
0.279041
0.279834
0.280512
0.298268
0.298076
0.297578
0.2968
0.295725
0.294413
0.292931
0.291325
0.289516
0.287589
0.285737
0.283989
0.282416
0.280995
0.279649
0.278393
0.2772
0.276053
0.27499
0.27403
0.273201
0.272534
0.272054
0.271778
0.271697
0.271793
0.272061
0.272507
0.273143
0.27398
0.275009
0.276205
0.277495
0.278653
0.279505
0.280159
0.29918
0.29898
0.298448
0.297611
0.296454
0.295041
0.293437
0.291725
0.289821
0.287777
0.285802
0.28396
0.282318
0.280824
0.279413
0.278116
0.27691
0.275749
0.274661
0.273688
0.272854
0.272187
0.271712
0.27144
0.271365
0.27147
0.271747
0.2722
0.272839
0.273672
0.274696
0.275885
0.277172
0.2784
0.279324
0.279989
0.300347
0.300139
0.299571
0.298671
0.297426
0.295905
0.294172
0.292323
0.290318
0.28817
0.286059
0.284128
0.282408
0.280816
0.279327
0.277972
0.276751
0.275588
0.274473
0.273477
0.27263
0.271958
0.271482
0.271213
0.271143
0.271257
0.271545
0.27201
0.272658
0.273496
0.274522
0.275716
0.277019
0.278301
0.279289
0.279997
0.301789
0.301573
0.300966
0.300001
0.298661
0.297023
0.295152
0.29314
0.291013
0.288767
0.286545
0.284519
0.282687
0.280978
0.279398
0.277965
0.276698
0.275543
0.274431
0.273405
0.272536
0.271852
0.271372
0.271104
0.27104
0.271166
0.27147
0.271951
0.272613
0.273462
0.274498
0.275704
0.277033
0.278366
0.279422
0.280192
0.303528
0.303303
0.302655
0.30162
0.300179
0.298417
0.296401
0.29422
0.291938
0.289582
0.287271
0.28513
0.283154
0.28132
0.279635
0.27811
0.276758
0.275576
0.274493
0.273476
0.272587
0.271886
0.271397
0.271129
0.271073
0.271212
0.271534
0.272035
0.272716
0.273582
0.274634
0.275859
0.27722
0.278608
0.279738
0.280583
0.305584
0.30535
0.304659
0.30355
0.302003
0.30011
0.297943
0.295593
0.293143
0.290654
0.288226
0.285944
0.283819
0.281853
0.280053
0.278425
0.276976
0.275711
0.274612
0.27363
0.272767
0.272073
0.271581
0.27131
0.271261
0.271412
0.271753
0.272276
0.27298
0.273867
0.274941
0.276192
0.277588
0.279032
0.280248
0.281183
0.307981
0.307737
0.307
0.305814
0.304155
0.302123
0.299798
0.297276
0.294649
0.292001
0.289422
0.286981
0.284702
0.282595
0.280668
0.278928
0.277377
0.276018
0.274848
0.273853
0.273022
0.272364
0.271906
0.271663
0.271623
0.271781
0.272138
0.272684
0.273413
0.274326
0.275428
0.276711
0.278146
0.279643
0.280961
0.282005
0.310741
0.310488
0.309701
0.308433
0.306657
0.304478
0.301984
0.299279
0.296465
0.293636
0.290882
0.288267
0.285822
0.283562
0.281498
0.279635
0.277977
0.276525
0.275276
0.274229
0.273382
0.272743
0.272328
0.272134
0.272141
0.272326
0.272695
0.273263
0.27402
0.274965
0.276101
0.277424
0.278904
0.280453
0.281887
0.283058
0.31389
0.313626
0.312787
0.311433
0.309531
0.307195
0.304522
0.301622
0.298607
0.295578
0.292629
0.289824
0.287199
0.284773
0.282559
0.280563
0.278789
0.277238
0.275909
0.274803
0.273921
0.27327
0.27286
0.272697
0.272768
0.273024
0.273429
0.274016
0.274805
0.275788
0.276967
0.278338
0.279873
0.281486
0.283037
0.284337
0.317452
0.317175
0.316281
0.314835
0.312801
0.3103
0.307435
0.304326
0.301094
0.297848
0.294685
0.291673
0.288852
0.286245
0.283867
0.281725
0.279824
0.278164
0.276748
0.275574
0.274647
0.273971
0.273551
0.273394
0.273498
0.273838
0.274327
0.274952
0.275774
0.276801
0.278032
0.279464
0.281064
0.282757
0.284421
0.285852
0.321453
0.321162
0.320208
0.318667
0.316492
0.313814
0.310745
0.307414
0.303948
0.300467
0.297072
0.293835
0.290801
0.287998
0.28544
0.283138
0.281096
0.279316
0.2778
0.276548
0.275564
0.274851
0.274413
0.274251
0.274369
0.274757
0.275358
0.276075
0.276936
0.278011
0.279305
0.280807
0.282487
0.284271
0.286054
0.28762
0.325918
0.325612
0.324595
0.322952
0.320628
0.317763
0.314477
0.310908
0.307192
0.303457
0.299811
0.296331
0.293066
0.290048
0.287296
0.284818
0.28262
0.280706
0.279076
0.277733
0.276679
0.275917
0.275451
0.275279
0.275402
0.275815
0.276503
0.277358
0.278301
0.279426
0.28079
0.282378
0.284151
0.286039
0.28795
0.289659
0.330875
0.330548
0.329466
0.327717
0.325236
0.322172
0.318655
0.314832
0.310849
0.306843
0.302926
0.299182
0.295668
0.292417
0.289451
0.28678
0.284411
0.282347
0.28059
0.279141
0.278004
0.277181
0.276675
0.276485
0.27661
0.277043
0.27778
0.278768
0.279857
0.281055
0.282498
0.284184
0.286067
0.288074
0.290122
0.291984
0.336352
0.335993
0.334848
0.33299
0.330342
0.327067
0.323305
0.319212
0.314944
0.310646
0.306438
0.302411
0.298627
0.295123
0.291924
0.289042
0.286484
0.284253
0.282353
0.280784
0.27955
0.278653
0.278096
0.277879
0.277999
0.27845
0.279223
0.280301
0.281571
0.28291
0.284436
0.286234
0.288245
0.290387
0.292584
0.294611
0.342381
0.34195
0.340769
0.338797
0.335972
0.332474
0.328452
0.324073
0.319501
0.314891
0.310372
0.306041
0.301964
0.298186
0.294733
0.29162
0.288854
0.286439
0.284378
0.282674
0.281328
0.280345
0.279726
0.279472
0.27958
0.280045
0.280854
0.281994
0.283427
0.284965
0.28661
0.288535
0.290693
0.292991
0.295352
0.297558
0.349007
0.348499
0.347274
0.345167
0.342153
0.338419
0.334121
0.329438
0.324544
0.319602
0.31475
0.310092
0.305702
0.301627
0.297899
0.294533
0.291538
0.28892
0.286681
0.284824
0.283352
0.282268
0.281575
0.281273
0.281363
0.281837
0.282682
0.283885
0.285423
0.287181
0.289027
0.291095
0.29342
0.295898
0.298439
0.300846
0.356265
0.355776
0.354409
0.35213
0.348913
0.344926
0.340337
0.335332
0.330097
0.324802
0.319595
0.314587
0.30986
0.305466
0.301439
0.297798
0.294553
0.291712
0.289275
0.287248
0.285633
0.284434
0.283654
0.283295
0.283356
0.283834
0.284713
0.285979
0.287606
0.289563
0.291655
0.293906
0.296431
0.299115
0.301853
0.3045
0.364148
0.3637
0.362161
0.359708
0.356274
0.35202
0.347122
0.341778
0.336181
0.330514
0.324929
0.319549
0.31446
0.309722
0.305372
0.301432
0.297916
0.294828
0.292175
0.289959
0.288184
0.286854
0.285975
0.285547
0.285571
0.286045
0.286955
0.288286
0.290013
0.292118
0.294463
0.296972
0.299732
0.302648
0.305599
0.308534
0.372656
0.37218
0.370521
0.367912
0.364255
0.359719
0.354498
0.348797
0.34282
0.336758
0.330773
0.324996
0.319521
0.314414
0.309716
0.305454
0.301641
0.298286
0.295394
0.29297
0.291017
0.289541
0.288547
0.288038
0.288015
0.288478
0.289413
0.290809
0.292638
0.294868
0.297461
0.300282
0.303318
0.306504
0.309708
0.312962
0.381829
0.381299
0.379533
0.376764
0.372872
0.368043
0.362483
0.356408
0.350032
0.343554
0.337147
0.330949
0.325063
0.319561
0.31449
0.309879
0.305745
0.302099
0.298947
0.296293
0.294143
0.292504
0.29138
0.290777
0.290696
0.291139
0.292095
0.293552
0.295484
0.29785
0.300664
0.303806
0.307176
0.310693
0.314215
0.317806
0.391711
0.391127
0.389238
0.386287
0.382145
0.377009
0.371094
0.364628
0.357833
0.350919
0.344067
0.337425
0.331103
0.32518
0.319709
0.314723
0.310243
0.306281
0.302845
0.29994
0.297574
0.295752
0.294482
0.293771
0.293621
0.294034
0.295004
0.296518
0.298556
0.301078
0.30409
0.30754
0.311303
0.315218
0.319126
0.323086
0.402325
0.401682
0.399651
0.396498
0.39209
0.38663
0.380345
0.37347
0.366238
0.358867
0.351549
0.344438
0.337655
0.331285
0.325388
0.320001
0.315148
0.310845
0.3071
0.303922
0.301318
0.299294
0.297861
0.297025
0.296792
0.297165
0.298141
0.299708
0.301851
0.304533
0.307743
0.311504
0.315698
0.320071
0.324433
0.328798
0.413683
0.412973
0.410781
0.407408
0.402717
0.396916
0.390244
0.382943
0.375255
0.367409
0.359603
0.352001
0.344732
0.337889
0.331539
0.325724
0.320472
0.315801
0.311723
0.308248
0.305382
0.303137
0.301521
0.300544
0.300213
0.300533
0.301504
0.303117
0.305361
0.308202
0.311619
0.3157
0.320352
0.325234
0.330106
0.334898
0.425797
0.425008
0.422636
0.419023
0.414028
0.407869
0.400793
0.39305
0.384891
0.37655
0.368235
0.360121
0.352342
0.345002
0.338172
0.331902
0.326224
0.321159
0.316722
0.312924
0.309774
0.307285
0.305466
0.304328
0.303882
0.304134
0.305088
0.306737
0.309074
0.312071
0.315707
0.320128
0.32525
0.330673
0.336098
0.341368
0.438676
0.437798
0.435222
0.431342
0.426021
0.419484
0.411989
0.40379
0.395143
0.38629
0.377449
0.368801
0.360491
0.352629
0.345294
0.338542
0.332411
0.326925
0.322102
0.317955
0.314497
0.311739
0.309695
0.308376
0.307796
0.307962
0.308883
0.310556
0.312976
0.316119
0.319993
0.324776
0.330367
0.33634
0.342358
0.348191
0.452328
0.451346
0.448541
0.444363
0.438685
0.43175
0.423823
0.415154
0.406004
0.396624
0.387239
0.378039
0.369176
0.36077
0.352906
0.345647
0.339036
0.333102
0.327866
0.323345
0.319551
0.3165
0.314206
0.312683
0.311945
0.312006
0.312874
0.314554
0.317043
0.320323
0.324455
0.329614
0.33566
0.342165
0.348799
0.355266
0.466751
0.465651
0.462586
0.458072
0.451995
0.44464
0.436274
0.427125
0.41746
0.407539
0.397595
0.387825
0.378392
0.36942
0.361005
0.353214
0.346098
0.339689
0.334014
0.32909
0.324934
0.321563
0.318992
0.317239
0.316319
0.316248
0.31704
0.318705
0.321243
0.324654
0.329066
0.334586
0.341049
0.348059
0.35531
0.362457
0.481935
0.480703
0.477349
0.472451
0.465937
0.458142
0.44932
0.439681
0.429487
0.419013
0.408497
0.398144
0.388124
0.378569
0.369581
0.361237
0.353591
0.346682
0.34054
0.335186
0.33064
0.32692
0.324043
0.322029
0.320897
0.320665
0.321351
0.322971
0.325533
0.329071
0.33374
0.339571
0.346416
0.353914
0.361782
0.369656
0.497863
0.496485
0.492817
0.487497
0.480514
0.472236
0.462933
0.452796
0.442058
0.431017
0.419919
0.408972
0.398351
0.388197
0.378619
0.3697
0.361502
0.354069
0.347434
0.341623
0.336658
0.332558
0.329344
0.327037
0.325657
0.325228
0.325771
0.327306
0.329854
0.333507
0.338347
0.344419
0.351614
0.359601
0.368101
0.376757
0.514499
0.512966
0.508957
0.503195
0.495713
0.48689
0.477066
0.466414
0.455131
0.443513
0.431823
0.420274
0.409043
0.398277
0.388094
0.378583
0.369812
0.361831
0.354679
0.348383
0.342969
0.338459
0.334874
0.332236
0.330571
0.329902
0.330256
0.33166
0.334161
0.337841
0.342733
0.348997
0.356506
0.364966
0.374102
0.383579
0.53179
0.530088
0.525707
0.519476
0.511465
0.502061
0.491671
0.480475
0.468658
0.456456
0.444167
0.432009
0.42016
0.408774
0.397974
0.387855
0.378494
0.369944
0.36225
0.355444
0.349552
0.344598
0.340606
0.3376
0.335604
0.334646
0.334757
0.335972
0.338369
0.341929
0.34678
0.353167
0.360928
0.369806
0.379551
0.389857
0.549654
0.547767
0.542977
0.536239
0.52768
0.517694
0.506704
0.494935
0.482562
0.469792
0.456899
0.444127
0.431657
0.419644
0.408217
0.397479
0.387511
0.378374
0.370117
0.362774
0.356375
0.350946
0.34651
0.343091
0.340716
0.339414
0.339223
0.340195
0.342322
0.345608
0.350376
0.356784
0.364678
0.373861
0.384129
0.395215
0.567988
0.565891
0.56065
0.553368
0.544252
0.533701
0.522106
0.509741
0.496785
0.483451
0.469962
0.456572
0.443478
0.430834
0.418774
0.407407
0.396819
0.38708
0.378239
0.370336
0.363403
0.357465
0.352546
0.348669
0.345861
0.344152
0.343588
0.344202
0.345887
0.348827
0.353411
0.359679
0.36752
0.376813
0.387418
0.399127
0.586655
0.584323
0.578586
0.570731
0.561057
0.54996
0.53779
0.524823
0.511281
0.497366
0.483296
0.469287
0.455563
0.442285
0.429587
0.417583
0.406366
0.396009
0.386568
0.378084
0.37059
0.364111
0.358671
0.35429
0.350991
0.348806
0.347787
0.347861
0.349002
0.351558
0.355779
0.361675
0.369196
0.378294
0.388904
0.400894
0.605488
0.602897
0.59662
0.588168
0.577944
0.566325
0.553623
0.540093
0.525982
0.51148
0.496816
0.482204
0.46785
0.453934
0.440593
0.427946
0.41609
0.405105
0.395048
0.385964
0.377885
0.370836
0.364836
0.359904
0.356057
0.353327
0.351724
0.351136
0.351689
0.353721
0.357354
0.362604
0.369467
0.377946
0.388041
0.399705
0.624277
0.621408
0.614557
0.605493
0.594741
0.582631
0.569446
0.555419
0.540776
0.525727
0.510469
0.49525
0.480269
0.465711
0.451722
0.438425
0.425924
0.414301
0.403617
0.393916
0.385232
0.377585
0.370992
0.365462
0.361008
0.357659
0.355343
0.354024
0.353926
0.355246
0.358044
0.362338
0.368133
0.375441
0.384282
0.394647
0.642754
0.639597
0.63216
0.622494
0.611256
0.598705
0.585093
0.570637
0.555535
0.539991
0.524189
0.508362
0.492757
0.47755
0.462902
0.448947
0.435794
0.423525
0.412204
0.401875
0.392568
0.384301
0.377084
0.370916
0.365796
0.361734
0.358645
0.356559
0.355684
0.356098
0.357814
0.360822
0.36509
0.370568
0.377198
0.384866
0.660576
0.657144
0.649134
0.63893
0.627285
0.614368
0.600399
0.585581
0.570089
0.554109
0.537833
0.521445
0.505213
0.489365
0.47405
0.459427
0.445615
0.432698
0.420734
0.409768
0.399827
0.390924
0.383059
0.376221
0.370389
0.365537
0.361636
0.358743
0.356959
0.356292
0.356704
0.35812
0.360415
0.363396
0.366779
0.370022
-0.321887
-0.246105
-0.170916
-0.153231
-0.146174
-0.135672
-0.121045
-0.102997
-0.0843539
-0.067852
-0.0544394
-0.0435388
-0.0342419
-0.0262953
-0.0197314
-0.0144036
-0.010097
-0.00645776
-0.00396017
-0.000101772
-0.120575
-0.158801
-0.146509
-0.146391
-0.143172
-0.133528
-0.118567
-0.100927
-0.0835391
-0.0684007
-0.055787
-0.0451751
-0.0360723
-0.0282655
-0.021727
-0.0163438
-0.0119055
-0.00813429
-0.00510625
-0.00119272
0.0183296
-0.0657924
-0.0923712
-0.104523
-0.110124
-0.108118
-0.099941
-0.0884882
-0.076017
-0.0640033
-0.0531597
-0.0434356
-0.0350324
-0.0278411
-0.0216845
-0.0164211
-0.0119201
-0.00806372
-0.00458163
-0.00150242
0.052568
-0.0222458
-0.055812
-0.0713797
-0.0815109
-0.0856667
-0.0836461
-0.0774452
-0.0690127
-0.0598326
-0.0509033
-0.0424848
-0.0349036
-0.028258
-0.0223953
-0.0171791
-0.0125714
-0.00854664
-0.00476982
-0.00197626
0.0687531
0.00944637
-0.0255938
-0.0456605
-0.0594043
-0.0672933
-0.0691121
-0.066441
-0.0611415
-0.0545676
-0.0475961
-0.0406627
-0.034087
-0.0280416
-0.0225248
-0.0175029
-0.0129465
-0.00886774
-0.00493602
-0.00213745
0.0844494
0.0353698
-0.000487018
-0.0244028
-0.0409929
-0.051526
-0.0563552
-0.0567236
-0.0541696
-0.0498901
-0.0446743
-0.0390247
-0.0333208
-0.0278269
-0.0226519
-0.0178227
-0.0133214
-0.00919658
-0.00513687
-0.00225555
0.0949749
0.0523492
0.0175213
-0.00803508
-0.0264038
-0.038863
-0.0460024
-0.0487489
-0.0483461
-0.0458906
-0.0420903
-0.0374765
-0.0325146
-0.0275367
-0.022695
-0.0180528
-0.0136191
-0.00947572
-0.00531518
-0.00235611
0.101987
0.0637068
0.0306528
0.0046028
-0.0149799
-0.0289228
-0.0378056
-0.0422795
-0.0435593
-0.0426893
-0.0400856
-0.0362806
-0.0319009
-0.0273653
-0.0228207
-0.0183449
-0.0139771
-0.00982582
-0.00557022
-0.00249904
0.107476
0.0717141
0.0397648
0.0133611
-0.00718784
-0.0222627
-0.0325143
-0.0381001
-0.04036
-0.0406679
-0.0389657
-0.0357039
-0.03167
-0.0274112
-0.0230589
-0.0186922
-0.0143719
-0.0102239
-0.00593357
-0.00264825
0.112258
0.0776668
0.0460781
0.0192452
-0.0020934
-0.0180417
-0.0291104
-0.0357616
-0.0389078
-0.0395973
-0.0382584
-0.0354196
-0.0317251
-0.0276418
-0.0233802
-0.0190604
-0.0147763
-0.0106236
-0.00658693
-0.00304946
0.345501
0.326955
0.288837
0.11311
0.317946
0.286822
0.230336
0.106849
0.29522
0.262436
0.210625
0.142715
0.278036
0.245833
0.199264
0.140511
0.264629
0.23264
0.189497
0.135417
0.254359
0.223176
0.183753
0.136884
0.246818
0.216843
0.180739
0.139414
0.241944
0.212977
0.179261
0.141621
0.239929
0.211742
0.179595
0.14428
0.240102
0.212607
0.181516
0.147576
0.677032
0.673185
0.664687
0.654105
0.642188
0.629019
0.614789
0.599688
0.583873
0.567521
0.550825
0.533973
0.517176
0.50071
0.484749
0.469473
0.455019
0.44147
0.428881
0.417294
0.406733
0.397204
0.388698
0.381191
0.374645
0.368987
0.364255
0.360521
0.357761
0.355917
0.354897
0.354541
0.354598
0.35466
0.354115
0.351626
0.691677
0.687326
0.678573
0.66786
0.655854
0.642582
0.628203
0.612895
0.596812
0.580128
0.563048
0.54578
0.52851
0.511477
0.494907
0.479002
0.46393
0.449772
0.436582
0.424396
0.413235
0.4031
0.393973
0.385816
0.378574
0.372143
0.366563
0.361943
0.358186
0.355139
0.352643
0.350459
0.34821
0.34528
0.340722
0.332563
0.70424
0.699608
0.690936
0.680411
0.668574
0.655392
0.640991
0.62555
0.609234
0.592233
0.574772
0.557083
0.539384
0.521839
0.504697
0.488193
0.472523
0.457773
0.443993
0.431221
0.419472
0.408742
0.399005
0.390213
0.382298
0.375149
0.368715
0.363111
0.358306
0.354053
0.350086
0.346082
0.341568
0.335806
0.32765
0.315108
0.713912
0.709695
0.701505
0.691534
0.68021
0.667365
0.653088
0.637588
0.621068
0.603752
0.5859
0.567777
0.54963
0.531616
0.513954
0.496903
0.480672
0.465359
0.451016
0.43768
0.425365
0.414063
0.40374
0.394341
0.385789
0.377979
0.370787
0.364199
0.358248
0.352762
0.347396
0.341704
0.335133
0.326911
0.315896
0.300405
0.719763
0.717156
0.710109
0.701099
0.690666
0.678426
0.664422
0.648934
0.632229
0.614589
0.596327
0.57775
0.559125
0.540652
0.522516
0.504974
0.488233
0.472399
0.457531
0.443668
0.430823
0.418984
0.408112
0.398146
0.389002
0.380571
0.372725
0.365325
0.358295
0.351521
0.344749
0.337522
0.329199
0.318984
0.305821
0.288316
0.721926
0.721228
0.716386
0.709073
0.699939
0.68853
0.674914
0.65948
0.642588
0.624599
0.605901
0.586853
0.567747
0.548813
0.530237
0.512255
0.495055
0.478751
0.463409
0.44907
0.435745
0.423418
0.412048
0.401568
0.391888
0.382893
0.374446
0.366388
0.358533
0.350684
0.342583
0.333847
0.323955
0.312153
0.297437
0.278637
0.722257
0.722385
0.720188
0.715418
0.708024
0.697625
0.684468
0.669097
0.651984
0.633602
0.614435
0.594899
0.575317
0.555932
0.536946
0.518566
0.500961
0.484248
0.468495
0.453743
0.440002
0.427254
0.415453
0.404528
0.394384
0.384901
0.375932
0.367303
0.358808
0.350196
0.341113
0.331178
0.319937
0.30674
0.290791
0.271166
0.722286
0.722271
0.722058
0.720036
0.714655
0.705396
0.692776
0.677481
0.660112
0.641313
0.621696
0.601725
0.581722
0.561938
0.542589
0.523866
0.505925
0.488873
0.472783
0.457692
0.443609
0.430512
0.418356
0.407065
0.39654
0.386657
0.377261
0.368168
0.359159
0.349963
0.340239
0.329574
0.31745
0.303285
0.28647
0.266267
0.722427
0.722335
0.723094
0.723092
0.719496
0.71133
0.699323
0.684115
0.666436
0.647207
0.627184
0.606838
0.586483
0.566376
0.546738
0.527748
0.509547
0.492241
0.475898
0.460555
0.446218
0.432866
0.420451
0.408896
0.3981
0.387935
0.378242
0.368832
0.359476
0.349901
0.339768
0.328672
0.31613
0.301586
0.284443
0.264067
0.722726
0.722889
0.724129
0.72523
0.722895
0.715635
0.704593
0.689901
0.672203
0.652737
0.632416
0.61174
0.591048
0.57062
0.550683
0.531411
0.512941
0.495373
0.478776
0.463185
0.448608
0.435021
0.422377
0.410599
0.399585
0.389203
0.379296
0.36967
0.360095
0.350294
0.339936
0.328623
0.315895
0.301229
0.284067
0.263848
)
;

boundaryField
{
    inlet
    {
        type            zeroGradient;
    }
    outlet
    {
        type            fixedValue;
        value           uniform 0;
    }
    walls
    {
        type            zeroGradient;
    }
    baffle
    {
        type            zeroGradient;
    }
    frontAndBack
    {
        type            empty;
    }
}


// ************************************************************************* //
