/*--------------------------------*- C++ -*----------------------------------*\
| =========                 |                                                 |
| \\      /  F ield         | OpenFOAM: The Open Source CFD Toolbox           |
|  \\    /   O peration     | Version:  v2012                                 |
|   \\  /    A nd           | Website:  www.openfoam.com                      |
|    \\/     M anipulation  |                                                 |
\*---------------------------------------------------------------------------*/
FoamFile
{
    version     2.0;
    format      ascii;
    class       volScalarField;
    location    "619";
    object      nut;
}
// * * * * * * * * * * * * * * * * * * * * * * * * * * * * * * * * * * * * * //

dimensions      [0 2 -1 0 0 0 0];


internalField   nonuniform List<scalar> 
6057
(
0.000481862
0.000500518
0.000520907
0.000543266
0.000567906
0.000595218
0.000625696
0.000659973
0.000698879
0.000743514
0.000795377
0.000856558
0.000930056
0.00102032
0.00113423
0.00128286
0.00148505
0.00177484
0.00221822
0.00295416
0.00265543
0.00275206
0.00285601
0.00296841
0.00309035
0.00322297
0.00336781
0.0035268
0.00370239
0.00389777
0.00411714
0.0043662
0.00465288
0.00498854
0.00539004
0.00588354
0.00651175
0.0073493
0.00853996
0.010407
0.00451742
0.00467146
0.00483622
0.00501279
0.0052024
0.00540673
0.00562757
0.00586707
0.00612794
0.00641356
0.00672824
0.00707748
0.00746849
0.00791068
0.00841638
0.00900144
0.00968514
0.0104876
0.0114195
0.0124482
0.00569115
0.00587822
0.00607738
0.00628963
0.00651619
0.00675839
0.00701781
0.00729618
0.00759545
0.00791778
0.00826561
0.00864165
0.00904878
0.00948994
0.00996772
0.0104836
0.0110362
0.0116187
0.0122145
0.0127936
0.00624966
0.006452
0.00666672
0.00689475
0.00713719
0.0073952
0.00766999
0.00796277
0.00827473
0.00860694
0.00896017
0.00933475
0.00973021
0.0101449
0.0105754
0.0110162
0.011459
0.0118943
0.0123157
0.0127337
0.00624608
0.00644951
0.00666497
0.00689353
0.00713634
0.0073946
0.00766957
0.00796248
0.00827454
0.00860681
0.00896009
0.0093347
0.00973018
0.0101449
0.0105754
0.0110162
0.011459
0.0118943
0.0123157
0.0127337
0.00568041
0.00587089
0.00607232
0.00628615
0.00651379
0.00675677
0.00701674
0.00729547
0.00759498
0.00791747
0.00826541
0.00864152
0.00904869
0.00948988
0.00996768
0.0104835
0.0110362
0.0116187
0.0122145
0.0127936
0.00449982
0.00466012
0.00482859
0.0050077
0.00519906
0.00540453
0.0056261
0.00586609
0.00612728
0.00641313
0.00672795
0.00707729
0.00746836
0.0079106
0.00841633
0.0090014
0.00968512
0.0104876
0.0114195
0.0124482
0.0026347
0.0027405
0.00284862
0.00296377
0.0030873
0.00322095
0.00336646
0.00352589
0.00370178
0.00389736
0.00411687
0.00436602
0.00465276
0.00498846
0.00538999
0.0058835
0.00651173
0.00734929
0.00853996
0.010407
0.000481173
0.0005001
0.000520631
0.000543081
0.00056778
0.000595131
0.000625635
0.000659932
0.00069885
0.000743494
0.000795364
0.000856549
0.00093005
0.00102032
0.00113423
0.00128286
0.00148505
0.00177484
0.00221822
0.00295416
0.000270586
0.000277855
0.000285101
0.000292362
0.000299674
0.000307076
0.00031461
0.000322319
0.000330251
0.000338457
0.000346991
0.000355911
0.00036528
0.000375165
0.000385638
0.000396757
0.000408564
0.00042116
0.000434659
0.000449184
0.000464867
0.00126958
0.0013375
0.0014044
0.00147016
0.00153467
0.00159785
0.00165971
0.00172032
0.00177986
0.00183855
0.00189671
0.00195475
0.00201314
0.00207244
0.00213321
0.00219576
0.00226143
0.00233076
0.00240429
0.00248254
0.00256605
0.00231656
0.00242531
0.00253083
0.00263332
0.00273298
0.00283011
0.00292507
0.00301829
0.00311028
0.00320159
0.00329284
0.00338471
0.00347794
0.00357334
0.00367145
0.00377361
0.00388078
0.00399369
0.00411306
0.00423962
0.00437411
0.0030981
0.00321682
0.00333171
0.00344347
0.00355274
0.00366017
0.00376637
0.003872
0.00397768
0.00408408
0.00419186
0.00430173
0.00441441
0.00453067
0.00465124
0.00477738
0.0049098
0.00504918
0.00519622
0.00535169
0.00551634
0.00357552
0.0036828
0.00378712
0.00388958
0.00399108
0.00409248
0.00419454
0.00429798
0.00440347
0.00451165
0.00462313
0.0047385
0.00485838
0.00498336
0.00511449
0.00525246
0.00539761
0.00555034
0.00571118
0.00588081
0.00605996
0.0037689
0.00384843
0.00392645
0.00400427
0.00408301
0.00416367
0.00424712
0.00433417
0.00442554
0.00452187
0.00462374
0.00473169
0.00484622
0.00496798
0.00509835
0.00523739
0.00538482
0.00554007
0.00570301
0.00587444
0.0060551
0.00371202
0.00375014
0.00378793
0.00382682
0.00386802
0.00391266
0.00396173
0.00401617
0.00407679
0.00414434
0.00421944
0.00430267
0.00439458
0.00449642
0.00461015
0.00473641
0.00487564
0.00502165
0.00517382
0.00533372
0.00550209
0.00345959
0.00344862
0.00343797
0.00342886
0.00342239
0.00341956
0.00342133
0.00342862
0.00344239
0.00346348
0.00349255
0.0035301
0.0035764
0.00363153
0.00369778
0.00377563
0.0038641
0.00397057
0.00409147
0.00421903
0.00435423
0.00310846
0.00305354
0.00299852
0.00294366
0.00288914
0.0028352
0.00278217
0.00273055
0.002681
0.0026342
0.00259105
0.00255398
0.00252354
0.00249856
0.00247593
0.00245526
0.00243806
0.00243467
0.00245587
0.00250567
0.00256783
0.0027649
0.00268377
0.00260161
0.00251726
0.00242947
0.00233694
0.0022383
0.00213215
0.00201711
0.00189202
0.00175629
0.00161024
0.00145443
0.00128989
0.00113139
0.00098578
0.00085768
0.000749456
0.000661663
0.000589743
0.000528617
7.20486e-05
6.76274e-05
6.82041e-05
7.75421e-05
0.000105957
0.000110525
0.000102271
0.00015494
0.000174285
0.00018559
0.00019596
0.000205638
0.000214781
0.000223499
0.000231877
0.000239977
0.000247854
0.000255554
0.000263119
0.000120861
0.000222915
0.000298977
0.000315474
0.000318748
0.000349826
0.00039717
0.000453843
0.000517511
0.000582056
0.000647506
0.000713939
0.000781354
0.000849703
0.000918879
0.000988715
0.00105898
0.00112941
0.00119971
0.000149041
0.000440446
0.000465745
0.00047244
0.000510929
0.000576959
0.000677074
0.000799551
0.000929927
0.00106234
0.0011952
0.0013275
0.00145871
0.00158842
0.00171628
0.00184194
0.00196506
0.00208536
0.00220261
0.00018177
0.000567775
0.000609844
0.000643926
0.000714703
0.000835084
0.000997392
0.00118162
0.00137178
0.00156093
0.00174548
0.00192364
0.00209464
0.00225823
0.00241449
0.00256366
0.00270611
0.00284233
0.00297285
0.000211839
0.000686434
0.000724342
0.000826893
0.000945538
0.00112178
0.00133814
0.00157071
0.0018035
0.00202801
0.00223958
0.00243641
0.00261833
0.00278609
0.00294097
0.00308447
0.00321817
0.00334363
0.00346234
0.000233911
0.000706891
0.000842866
0.00102315
0.00119565
0.00142147
0.00167825
0.00194177
0.00219624
0.00243251
0.00264607
0.00283602
0.00300353
0.00315094
0.00328106
0.00339685
0.00350112
0.00359644
0.00368509
0.000249714
0.000759556
0.000972223
0.00122879
0.00145062
0.00171767
0.00199994
0.00227629
0.0025319
0.00275823
0.00295206
0.0031141
0.00324733
0.00335582
0.00344399
0.00351607
0.00357588
0.00362671
0.00367135
0.000262647
0.000843746
0.00111031
0.00143681
0.00169934
0.00199531
0.00229024
0.00256289
0.00280183
0.00300041
0.00315752
0.00327599
0.00336084
0.00341794
0.00345314
0.00347176
0.00347835
0.00347665
0.00346963
0.000273305
0.00094584
0.00125044
0.00164
0.00193329
0.00224502
0.00254019
0.00279628
0.00300453
0.00316236
0.00327134
0.00333687
0.00336623
0.0033672
0.00334709
0.00331224
0.00326773
0.00321734
0.00316368
0.000282043
0.00105056
0.00138764
0.00182448
0.00214691
0.0024623
0.00274537
0.00297541
0.00314344
0.0032524
0.0033076
0.00331742
0.00329178
0.00324059
0.0031727
0.00309526
0.0030134
0.00293027
0.00284733
0.00247823
0.00238997
0.00230153
0.00221223
0.00212184
0.00203051
0.00193853
0.00184614
0.00175334
0.00165946
0.00156209
0.00146295
0.00136106
0.00125373
0.00113673
0.00100252
0.000829983
0.000533896
0.000338065
0.000227334
0.000136579
0.00222096
0.002114
0.00200245
0.00188644
0.00176697
0.00164529
0.00152341
0.00140331
0.00128686
0.00117989
0.00108507
0.000992462
0.00089592
0.000801536
0.000713253
0.000633333
0.000547232
0.000426563
0.000319541
0.000222689
0.00010121
0.00194858
0.0018083
0.00166265
0.00151632
0.00137542
0.00124689
0.0011382
0.00105668
0.0010036
0.00096162
0.000926742
0.000889895
0.000847753
0.000799904
0.000743079
0.000675066
0.000595351
0.000480025
0.000367962
0.000246112
8.93919e-05
0.00168188
0.00152875
0.00138854
0.00127305
0.00119318
0.00115552
0.00115744
0.00117456
0.00119079
0.0011973
0.00118895
0.00116267
0.00111539
0.00104321
0.000946338
0.000795294
0.000657003
0.000526586
0.000404804
0.000247304
9.49836e-05
0.00149412
0.00138667
0.00132556
0.00131762
0.00135558
0.00141836
0.0014729
0.00150666
0.00151689
0.00150519
0.00147138
0.00141478
0.00133465
0.00122038
0.00103894
0.0008882
0.000748541
0.000610899
0.000437721
0.00026219
0.000101354
0.00145083
0.0014402
0.00148768
0.00157337
0.00166581
0.00173489
0.00177107
0.00178334
0.00177272
0.00174123
0.00168849
0.00161344
0.00151496
0.00137762
0.00118539
0.00102119
0.000864905
0.000688534
0.000481712
0.000283291
0.000107501
0.00155383
0.00163513
0.00174816
0.00185624
0.00193763
0.00198472
0.0020032
0.00200095
0.00197948
0.00193857
0.00187687
0.00179282
0.0016847
0.00154994
0.00134006
0.00115698
0.000983571
0.000767865
0.000532735
0.000307727
0.000113287
0.00174338
0.00187459
0.00199923
0.0020939
0.00215531
0.00218825
0.00219838
0.00219017
0.00216388
0.00211823
0.00205162
0.00196214
0.00184765
0.00170593
0.0014965
0.00129488
0.00110456
0.000852816
0.000588618
0.000334414
0.000118713
0.00195749
0.00209998
0.00221319
0.00229218
0.00234193
0.00236833
0.00237493
0.00236396
0.00233461
0.00228553
0.00221508
0.00212129
0.00200183
0.00185403
0.00165459
0.00143476
0.00121649
0.000940867
0.000647922
0.000362852
0.000123818
0.00216146
0.00229731
0.00239807
0.00246734
0.00251155
0.00253519
0.00254009
0.00252681
0.00249445
0.00244176
0.00236727
0.0022692
0.00214524
0.00199242
0.00180719
0.00157608
0.00132604
0.00103007
0.000709582
0.000392756
0.000128649
0.00234522
0.00247213
0.00256462
0.00262907
0.00267107
0.00269363
0.00269693
0.00268101
0.00264502
0.00258794
0.00250866
0.00240574
0.00227713
0.00211982
0.00192971
0.00170187
0.00143179
0.00111881
0.00077275
0.00042394
0.000133249
0.00251136
0.00263168
0.00271997
0.00278274
0.00282437
0.00284621
0.00284763
0.00282844
0.00278795
0.00272548
0.00264037
0.00253168
0.00239783
0.00223604
0.00204195
0.0018096
0.00153225
0.00120578
0.000836717
0.000456267
0.000137658
0.00266453
0.0027814
0.00286849
0.00293168
0.00297373
0.00299482
0.00299393
0.00297079
0.00292489
0.00285595
0.00276383
0.00264824
0.00250821
0.00234147
0.00214376
0.00190836
0.00162642
0.00128996
0.000900879
0.000489629
0.000141909
0.00280879
0.0029249
0.00301307
0.0030779
0.00312065
0.00314086
0.00313724
0.00310947
0.00305726
0.00298076
0.00288043
0.00275668
0.00260934
0.00243685
0.00223541
0.00199793
0.00171365
0.00137054
0.000964721
0.000523932
0.000146034
0.00294709
0.00306475
0.00315554
0.00322255
0.00326612
0.00328527
0.00327848
0.00324542
0.00318606
0.00310097
0.00299124
0.00285807
0.0027022
0.00252302
0.00231745
0.00207842
0.00179363
0.00144695
0.0010278
0.000559091
0.000150061
0.00308172
0.00320253
0.0032967
0.0033662
0.0034106
0.00342846
0.00341805
0.00337909
0.00331178
0.00321715
0.00309692
0.00295315
0.00278757
0.00260072
0.00239048
0.00215014
0.00186627
0.0015188
0.00108974
0.000595027
0.000154013
0.00321385
0.00333881
0.00343682
0.00350893
0.00355406
0.00357032
0.00355585
0.0035104
0.00343443
0.0033294
0.00319771
0.00304229
0.002866
0.00267057
0.00245509
0.00221351
0.00193166
0.00158585
0.00115021
0.000631655
0.000157915
0.00334396
0.00347365
0.00357567
0.00365034
0.00369598
0.0037103
0.00369131
0.00363883
0.00355356
0.00343742
0.00329347
0.00312557
0.00293773
0.00273301
0.0025118
0.00226897
0.00199002
0.00164799
0.00120894
0.000668882
0.000161789
0.00347196
0.00360662
0.00371261
0.00378963
0.00383546
0.00384742
0.00382346
0.00376346
0.00366837
0.00354054
0.00338374
0.00320276
0.0030028
0.0027883
0.00256102
0.00231697
0.00204162
0.00170521
0.00126571
0.000706603
0.000165659
0.0035972
0.00373684
0.00384659
0.00392563
0.00397128
0.00398043
0.00395107
0.00388312
0.00377779
0.00363788
0.00346783
0.00327343
0.00306108
0.00283656
0.00260309
0.00235791
0.00208679
0.00175757
0.00132031
0.000744688
0.000169546
0.00371849
0.00386302
0.00397623
0.00405692
0.00410198
0.00410786
0.00407268
0.00399645
0.00388059
0.00372835
0.00354491
0.00333703
0.00311229
0.00287782
0.00263825
0.00239217
0.00212588
0.00180519
0.00137259
0.000782982
0.000173476
0.00383411
0.00398346
0.00409989
0.00418187
0.00422603
0.0042281
0.00418674
0.00410198
0.00397543
0.00381082
0.00361406
0.0033929
0.00315608
0.00291202
0.00266672
0.00242012
0.00215924
0.00184823
0.0014224
0.0008213
0.000177474
0.00390244
0.00409615
0.00421566
0.00429864
0.00434149
0.00433945
0.00429167
0.00419821
0.00406094
0.00388408
0.00367431
0.00344036
0.0031921
0.00293911
0.00268867
0.00244209
0.00218722
0.00188689
0.00146961
0.000859421
0.000181569
0.00382559
0.00409135
0.00432148
0.00440528
0.00444649
0.00444025
0.00438591
0.00428369
0.00413578
0.00394697
0.00372473
0.00347878
0.00322
0.00295902
0.00270428
0.0024584
0.00221017
0.00192136
0.00151409
0.000897025
0.000185796
0.00375074
0.00401091
0.00426591
0.00449789
0.00453939
0.00452893
0.00446798
0.00435703
0.00419868
0.00399838
0.00376446
0.00350756
0.00323948
0.00297174
0.00271375
0.00246939
0.00222843
0.00195184
0.0015557
0.000933702
0.000190192
0.00368433
0.00393889
0.00418648
0.00442417
0.00461207
0.00460406
0.00453656
0.00441694
0.00424846
0.00403732
0.00379274
0.00352622
0.00325036
0.0029773
0.0027173
0.00247539
0.00224236
0.00197853
0.00159426
0.000968728
0.000194808
0.00362789
0.00387858
0.00412405
0.00435745
0.00455643
0.00466442
0.00459042
0.00446226
0.00428405
0.00406293
0.00380897
0.00353445
0.00325255
0.00297584
0.00271519
0.00247677
0.00225229
0.0020016
0.00162961
0.0010013
0.000199703
0.0035854
0.00383349
0.0040794
0.00431826
0.00452132
0.00464299
0.00462856
0.00449192
0.00430454
0.00407453
0.00381276
0.00353211
0.00324612
0.00296755
0.00270776
0.00247389
0.00225853
0.00202116
0.00166284
0.00103322
0.00020479
0.00355775
0.00380549
0.00405412
0.00430325
0.00452038
0.00464856
0.00465036
0.00450506
0.00430927
0.00407173
0.00380397
0.00351925
0.00323127
0.00295305
0.0026961
0.00246786
0.00226239
0.0020393
0.00169543
0.00106577
0.000209971
0.00354287
0.00379189
0.0040457
0.00430859
0.00454478
0.00468995
0.00465518
0.00450249
0.00429978
0.00405654
0.00378477
0.00349793
0.0032097
0.00293309
0.00267988
0.00245827
0.00226356
0.00205563
0.00172748
0.00109902
0.000215267
0.00353711
0.00378764
0.00404765
0.00432707
0.00458555
0.00474933
0.00464557
0.00448597
0.00427746
0.00402997
0.00375578
0.00346842
0.00318139
0.00290765
0.00265927
0.00244528
0.00226215
0.00207009
0.00175889
0.00113317
0.000220666
0.00353585
0.00378769
0.00405577
0.00435687
0.0046417
0.00473318
0.00462235
0.00445659
0.00424333
0.00399288
0.00371772
0.00343125
0.00314674
0.00287704
0.00263452
0.00242907
0.00225825
0.00208266
0.00178932
0.00116802
0.00022616
0.00353648
0.00378924
0.00406768
0.00439409
0.00471113
0.00470405
0.00458647
0.00441527
0.00419826
0.0039461
0.0036713
0.00338701
0.00310619
0.00284157
0.00260588
0.00240982
0.00225192
0.00209323
0.00181864
0.00120342
0.000231746
0.00353737
0.00379071
0.00408301
0.00443575
0.00472922
0.00466254
0.0045387
0.00436279
0.00414305
0.00389036
0.00361715
0.00333619
0.00306009
0.00280149
0.00257353
0.00238767
0.00224317
0.00210159
0.00184643
0.00123918
0.000237401
0.00353831
0.00379314
0.00410289
0.00448111
0.00468286
0.00460926
0.00447975
0.00429993
0.00407846
0.00382635
0.00355581
0.00327917
0.00300865
0.00275692
0.00253756
0.00236267
0.00223195
0.00210738
0.00187206
0.00127489
0.000243086
0.00353909
0.00379711
0.00412614
0.00453228
0.00462522
0.004545
0.00441037
0.00422741
0.00400515
0.00375462
0.00348766
0.00321612
0.00295192
0.00270785
0.00249797
0.00233482
0.00221809
0.0021101
0.00189461
0.0013099
0.000248738
0.00353747
0.00380007
0.00414727
0.00457501
0.00455712
0.00447061
0.00433136
0.00414597
0.00392373
0.00367556
0.00341284
0.00314698
0.00288971
0.00265407
0.00245461
0.00230399
0.00220129
0.00210901
0.00191279
0.00134327
0.000254266
0.00352596
0.00379964
0.00416082
0.00451706
0.00447965
0.00438709
0.00424362
0.00405634
0.00383469
0.00358935
0.00333126
0.00307144
0.00282163
0.00259524
0.00240725
0.00226998
0.00218112
0.00210302
0.00192468
0.00137377
0.000259543
0.00350988
0.00379049
0.00416511
0.00443886
0.00439414
0.00429563
0.00414815
0.00395923
0.00373838
0.00349597
0.00324254
0.00298893
0.00274708
0.00253089
0.00235559
0.00223249
0.00215701
0.00209064
0.00183743
0.00139989
0.000264413
0.00349438
0.00377887
0.0041512
0.00435435
0.00430214
0.00419756
0.00404595
0.00385523
0.00363489
0.00339505
0.00314601
0.00289865
0.00266534
0.00246053
0.00229933
0.00219124
0.00212826
0.00201334
0.00163144
0.0014211
0.000268671
0.00347919
0.00376304
0.00412308
0.0042644
0.00420527
0.00409413
0.00393777
0.00374451
0.00352388
0.00328584
0.00304069
0.00279963
0.00257569
0.0023838
0.00223834
0.00214603
0.00209415
0.00175876
0.00147998
0.00135779
0.000271971
0.00346313
0.00374066
0.00408123
0.00417034
0.00410461
0.00398617
0.0038237
0.00362652
0.00340429
0.00316702
0.00292527
0.00269087
0.00247763
0.00230068
0.00217282
0.0020969
0.00199894
0.00156573
0.0013695
0.00128352
0.000274364
0.00344588
0.00371025
0.00402389
0.00407523
0.00400054
0.00387331
0.00370265
0.00349959
0.0032742
0.00303671
0.00279827
0.00257155
0.00237116
0.00221188
0.00210355
0.00204422
0.00175154
0.00141945
0.00128662
0.00122019
0.000275576
0.00342725
0.00367334
0.00395659
0.00397912
0.00389217
0.00375299
0.003572
0.00336089
0.0031309
0.00289276
0.00265842
0.00244155
0.00225729
0.0021192
0.00203212
0.00198889
0.00157021
0.00131445
0.00123077
0.00119229
0.000275649
0.00340571
0.00363306
0.00388722
0.00388037
0.00377674
0.00362167
0.00342743
0.0032068
0.00297148
0.00273339
0.00250541
0.00230219
0.00213884
0.00202465
0.00196066
0.00181392
0.00143972
0.0012499
0.00120584
0.00120145
0.000274578
0.00337835
0.00358824
0.00382187
0.00377562
0.00364981
0.00347471
0.00326461
0.00303342
0.00279382
0.00255822
0.00234089
0.00215715
0.00201989
0.0019335
0.00189273
0.00163574
0.00135545
0.00122578
0.00121502
0.00123752
0.00027247
0.00334558
0.00354065
0.00375314
0.00365873
0.00350514
0.00330678
0.00307972
0.00283867
0.00259735
0.00236943
0.00216966
0.00201362
0.0019071
0.00185022
0.00183021
0.00150735
0.00131532
0.0012436
0.00126229
0.00129071
0.000268865
0.00331196
0.00349876
0.00365095
0.00352083
0.00333547
0.0031128
0.00287014
0.00262278
0.00238545
0.00217329
0.00200061
0.00187822
0.00180716
0.00177813
0.00165718
0.00141929
0.00132102
0.00130936
0.00135166
0.0013486
0.00026383
0.00326763
0.00346524
0.00352415
0.00335253
0.0031341
0.00288925
0.0026357
0.00238928
0.00216589
0.00198079
0.00184527
0.00176275
0.00172468
0.00171544
0.00148624
0.00138374
0.00138167
0.00143394
0.00148612
0.00130566
0.000256581
0.00321701
0.00343921
0.00335971
0.00314478
0.00289636
0.0026356
0.00238009
0.00214642
0.00195084
0.00180567
0.00171452
0.00166892
0.00165388
0.00150022
0.0013968
0.0014229
0.00151232
0.00161389
0.00166091
0.00125446
0.000247543
0.00316658
0.00335865
0.00314586
0.00289162
0.00262151
0.00235604
0.00211259
0.00190799
0.00175582
0.00165971
0.00160916
0.00158766
0.00147141
0.00137953
0.00141161
0.00154578
0.00165207
0.00169778
0.00162981
0.00119119
0.000237096
0.00311103
0.00313853
0.00287553
0.00259255
0.00231473
0.00206136
0.00184902
0.00169172
0.00159472
0.00154289
0.00144262
0.00129628
0.00128303
0.00136913
0.0014866
0.00152549
0.0015902
0.00163932
0.00155743
0.00111742
0.000225489
0.00302731
0.00285023
0.00254934
0.00225448
0.00198908
0.00177016
0.00160974
0.00151441
0.00146631
0.00122935
0.00113057
0.00114327
0.0012328
0.00135697
0.00138837
0.00145277
0.00153329
0.00157174
0.00146695
0.00103151
0.000212734
0.00282307
0.00249562
0.00217647
0.00189358
0.00166692
0.0015062
0.00141528
0.00125382
0.00104135
0.000989788
0.00102268
0.00109609
0.00119176
0.0012427
0.00130884
0.00139733
0.00146874
0.00147511
0.00133356
0.00089797
0.000200165
0.00244222
0.00208533
0.00177608
0.00153659
0.00137633
0.00129395
0.00101235
0.000884585
0.000878133
0.000923611
0.000965965
0.000984243
0.00102231
0.00114271
0.00123675
0.00131921
0.00134481
0.00131066
0.00114065
0.000738181
0.000187966
0.00199835
0.00164177
0.00138069
0.00121825
0.0010592
0.00081187
0.000762152
0.00079926
0.000847305
0.000834403
0.000777975
0.000747147
0.000800708
0.000965762
0.00109587
0.00114097
0.00114438
0.00108533
0.000911849
0.000581216
0.00017554
0.00150921
0.00120296
0.00103488
0.000757955
0.000647062
0.000674013
0.000749766
0.00079033
0.00070942
0.00057543
0.000535336
0.000568809
0.00065878
0.000807641
0.000888499
0.000908569
0.000896475
0.000831152
0.000685112
0.000446194
0.000162336
0.00100853
0.000823835
0.000529247
0.00052302
0.000613962
0.000720604
0.00070456
0.000593148
0.000452038
0.000391399
0.000413664
0.000472755
0.000557599
0.000617605
0.000651778
0.000661049
0.000646442
0.00059587
0.000496961
0.000343772
0.00013977
0.000565905
0.000327608
0.000398688
0.000527327
0.000624842
0.000599113
0.000449682
0.00030383
0.000241375
0.00023869
0.00026108
0.000294061
0.000332054
0.000370287
0.000402491
0.000420042
0.000421374
0.000402999
0.000356498
0.000270685
0.000115943
0.00015776
0.000121636
0.000117602
0.000113104
0.000102741
8.91529e-05
7.59005e-05
7.14908e-05
7.38512e-05
7.85657e-05
8.36915e-05
8.8703e-05
9.35366e-05
9.82924e-05
0.000103182
0.000108541
0.00011348
0.000116831
0.000108273
0.000110473
9.30375e-05
0.000289693
0.00116517
0.00152865
0.00197829
0.0023455
0.00265341
0.00291309
0.00310638
0.00322794
0.00328237
0.00328103
0.00323609
0.00316051
0.00306646
0.00296397
0.00286019
0.00275914
0.00266221
0.00256899
0.000296106
0.00128548
0.00167018
0.00212765
0.00251523
0.00280685
0.00303543
0.00318645
0.00325856
0.00326044
0.00320707
0.00311562
0.00300203
0.00287979
0.00275845
0.00264289
0.00253385
0.00242929
0.00232598
0.000301578
0.00141372
0.00181519
0.00227946
0.00265545
0.00292439
0.00311708
0.0032236
0.00324706
0.00320088
0.00310406
0.0029773
0.00283871
0.00270109
0.00257082
0.00244823
0.00232952
0.00220936
0.00208316
0.000306073
0.00149273
0.00196919
0.0024408
0.00276777
0.00300987
0.0031645
0.003227
0.00320528
0.00311756
0.002987
0.0028364
0.00268365
0.00253842
0.00240199
0.0022697
0.00213481
0.00199197
0.00183977
0.000309658
0.00154351
0.00213568
0.00255385
0.00285486
0.00306781
0.00318434
0.00320539
0.00314383
0.00302245
0.00286771
0.00270303
0.00254341
0.00239349
0.00224945
0.00210401
0.00195177
0.00179307
0.00163571
0.000312429
0.00158466
0.00224006
0.00263589
0.00291976
0.0031029
0.00318302
0.00316669
0.00307169
0.00292489
0.0027547
0.002583
0.00242022
0.00226553
0.00211225
0.00195501
0.00179554
0.00164541
0.00152358
0.000314459
0.00161655
0.00230494
0.00270035
0.00296568
0.00311973
0.00316636
0.00311767
0.00299611
0.00283176
0.00265326
0.00247905
0.00231412
0.00215387
0.00199279
0.00183279
0.0016876
0.00157964
0.00153133
0.000315817
0.00163995
0.00235616
0.00274934
0.00299583
0.00312253
0.00313944
0.00306392
0.00292264
0.00274774
0.00256626
0.00239183
0.00222455
0.0020592
0.00189633
0.00174966
0.00164409
0.00160451
0.00164192
0.000316569
0.00165571
0.00239525
0.00278504
0.00301324
0.00311508
0.00310652
0.00300985
0.0028553
0.00267568
0.00249479
0.00232087
0.00215098
0.00198339
0.00182894
0.00171368
0.00166658
0.00170253
0.00181056
0.000316781
0.00166471
0.0024237
0.00280954
0.00302066
0.00310061
0.00307106
0.00295878
0.00279676
0.00261701
0.00243874
0.00226521
0.00209323
0.0019285
0.00179436
0.00172463
0.00174244
0.00184382
0.00199835
0.000316516
0.0016678
0.00244294
0.00282478
0.00302051
0.00308179
0.00303572
0.00291306
0.00274858
0.00257204
0.0023973
0.00222377
0.00205129
0.00189578
0.00179215
0.00177482
0.00185294
0.00200358
0.00218208
0.000315834
0.00166581
0.00245432
0.0028325
0.00301483
0.00306077
0.00300249
0.0028742
0.00271141
0.00254033
0.0023692
0.00219539
0.00202471
0.00188466
0.00181814
0.00185306
0.00198155
0.00216484
0.00235258
0.000314791
0.00165952
0.00245906
0.00283422
0.00300532
0.0030392
0.00297274
0.002843
0.00268517
0.00252089
0.00235295
0.00217883
0.0020125
0.00189292
0.00186604
0.00194849
0.00211659
0.00231972
0.00250984
0.000313442
0.00164965
0.00245828
0.00283125
0.00299334
0.00301829
0.00294732
0.00281967
0.00266923
0.00251227
0.00234677
0.00217267
0.00201324
0.00191732
0.00192941
0.00205315
0.00225109
0.00246574
0.00265624
0.000311832
0.00163683
0.00245295
0.00282467
0.00297995
0.00299891
0.00292664
0.00280397
0.0026625
0.0025124
0.00228447
0.00217507
0.0020251
0.00195432
0.00200269
0.0021619
0.00238185
0.00260352
0.00279461
0.000310006
0.00162164
0.00244389
0.00281539
0.00296595
0.00298158
0.0029108
0.00279527
0.00266338
0.00234413
0.00215249
0.00218382
0.00204591
0.0020007
0.0020822
0.00227089
0.00250725
0.0027344
0.00292724
0.000308001
0.00160456
0.00243184
0.00280411
0.00295193
0.00296661
0.0028996
0.00279267
0.00263787
0.00220302
0.00205855
0.00212787
0.00207343
0.00205364
0.00216491
0.00237806
0.00262746
0.00285981
0.00305579
0.000305852
0.00158603
0.0024174
0.00279141
0.0029383
0.00295412
0.00289267
0.00279504
0.00247744
0.00210265
0.00199339
0.00207368
0.00210612
0.00211085
0.00224891
0.00248284
0.00274305
0.00298085
0.0031812
0.000303588
0.00156639
0.00240106
0.00277773
0.00292534
0.00294406
0.0028895
0.00280115
0.00235723
0.00203108
0.00194707
0.00203462
0.00214274
0.00217048
0.00233314
0.00258517
0.0028545
0.00309814
0.00330382
0.000301234
0.00154597
0.00238325
0.00276342
0.0029132
0.0029363
0.0028895
0.00280994
0.00227043
0.00198007
0.00191451
0.00200783
0.00218205
0.0022315
0.00241636
0.00268413
0.00296179
0.00321167
0.00342333
0.000298812
0.00152499
0.00236432
0.00274872
0.00290196
0.0029306
0.00289206
0.00273514
0.00220775
0.00194466
0.00189288
0.00199047
0.00217224
0.00229283
0.00249707
0.00277838
0.00306404
0.00332054
0.0035387
0.000296338
0.00150368
0.00234453
0.00273383
0.00289161
0.0029267
0.00289653
0.00265416
0.00216286
0.00192062
0.00187926
0.00197978
0.00215775
0.00235297
0.00257355
0.00283914
0.00310917
0.00339034
0.0036482
0.00029383
0.00148219
0.00232412
0.00271887
0.00288211
0.00292433
0.00290241
0.00259432
0.00213156
0.00190526
0.00187162
0.00197382
0.00214796
0.00234454
0.00255936
0.00280154
0.0030606
0.00333131
0.00361443
0.000291298
0.00146067
0.00230327
0.00270392
0.00287341
0.00292323
0.00290932
0.00255143
0.00211079
0.00189701
0.00186857
0.00197018
0.00213949
0.00232807
0.00253046
0.00275897
0.00300751
0.0032694
0.0035441
0.000288753
0.0014392
0.00228211
0.00268906
0.0028654
0.00292314
0.00291696
0.00252172
0.00209842
0.00189458
0.00186914
0.00196807
0.00213119
0.00231125
0.00250238
0.00271836
0.00295614
0.00321
0.00347787
0.000286203
0.00141788
0.00226076
0.00267429
0.00285799
0.00292384
0.0029251
0.00250262
0.00209298
0.00189691
0.00187267
0.00196755
0.00212366
0.00229535
0.00247647
0.00268133
0.00290935
0.00315568
0.00341728
0.000283655
0.00139676
0.0022393
0.00265964
0.00285108
0.00292515
0.00293357
0.00249234
0.00209347
0.00190324
0.00187874
0.0019687
0.00211755
0.00228117
0.00245337
0.00264884
0.00286903
0.00310946
0.00336593
0.000281113
0.00137589
0.00221779
0.0026451
0.00284456
0.00292689
0.00294223
0.00248953
0.0020991
0.00191304
0.0018871
0.00197156
0.00211324
0.00226937
0.00243383
0.00262176
0.00283622
0.00307296
0.00332658
0.000278579
0.0013553
0.00219629
0.00263064
0.00283835
0.00292892
0.00295096
0.00249314
0.00210929
0.00192593
0.00189761
0.0019762
0.00211102
0.00226042
0.00241841
0.00260059
0.00281133
0.00304649
0.00329961
0.000276054
0.00133497
0.00217483
0.00261626
0.00283235
0.00293112
0.0029597
0.00250236
0.00212365
0.00194169
0.00191021
0.00198272
0.00211112
0.0022546
0.00240734
0.00258536
0.00279406
0.00302935
0.00328373
0.000273549
0.00131491
0.00215339
0.00260192
0.00282648
0.00293337
0.00296832
0.0025165
0.00214179
0.00196017
0.00192497
0.00199123
0.00211365
0.00225203
0.0024006
0.00257577
0.00278368
0.00302008
0.0032766
0.00027106
0.00129527
0.00213197
0.00258756
0.00282058
0.00293544
0.00297653
0.00253458
0.00216325
0.00198146
0.00194246
0.0020021
0.00211889
0.00225287
0.00239808
0.00257141
0.00277931
0.00301699
0.00327471
0.000268643
0.00127511
0.00211009
0.00257283
0.00281442
0.00293719
0.00298429
0.0025561
0.0021875
0.0020048
0.00196201
0.00201596
0.00212781
0.00225802
0.00240065
0.00257228
0.00277963
0.00301769
0.00327566
0.000266288
0.0012545
0.00208778
0.00255773
0.00280796
0.00293855
0.00299156
0.00258069
0.00221436
0.00203002
0.00198356
0.00203256
0.00214028
0.00226756
0.00240798
0.00257762
0.00278362
0.00302094
0.00327798
0.000263988
0.00123364
0.00206507
0.00254224
0.00280112
0.00293947
0.00299834
0.002608
0.00224375
0.00205712
0.00200706
0.00205176
0.00215603
0.00228108
0.00241953
0.00258679
0.00279052
0.00302593
0.00328088
0.000261734
0.00121264
0.00204195
0.00252631
0.00279387
0.00293988
0.00300459
0.00263764
0.00227553
0.00208611
0.00203251
0.0020734
0.00217475
0.00229815
0.00243482
0.00259926
0.00279973
0.00303198
0.00328357
0.000259521
0.00119159
0.00201842
0.00250993
0.00278614
0.00293974
0.00301033
0.00266919
0.00230951
0.00211695
0.00205987
0.00209733
0.00219617
0.00231838
0.00245343
0.00261459
0.00281069
0.00303815
0.00328484
0.000257344
0.00117049
0.00199449
0.00249307
0.00277789
0.00293903
0.00301554
0.00270216
0.00234548
0.00214959
0.00208907
0.00212341
0.00222002
0.00234145
0.00247506
0.00263254
0.00282303
0.00304401
0.003284
0.000255197
0.00114937
0.00197021
0.00247571
0.00276909
0.00293772
0.00302021
0.00273604
0.00238314
0.0021839
0.00212005
0.00215155
0.00224606
0.00236716
0.00249958
0.00265315
0.00283697
0.00305019
0.00327727
0.000253076
0.00112828
0.00194557
0.00245782
0.0027597
0.00293577
0.00302435
0.0027702
0.00242212
0.00221974
0.00215248
0.00218162
0.00227429
0.00239541
0.00252716
0.00267664
0.00285354
0.00305542
0.00326516
0.000250977
0.00110727
0.00192059
0.00243939
0.00274969
0.00293319
0.00302797
0.00280394
0.00246195
0.00225683
0.00218612
0.0022133
0.00230463
0.002426
0.0025577
0.00270361
0.00287312
0.00305229
0.00325377
0.000248895
0.00108635
0.00189531
0.00242041
0.00273904
0.00292995
0.00303105
0.00283642
0.00250198
0.00229481
0.00222073
0.00224601
0.00233674
0.00245902
0.00259123
0.00273451
0.00288327
0.00305101
0.00324377
0.000246827
0.00106558
0.00186973
0.00240086
0.00272773
0.00292606
0.00303361
0.00286668
0.00254138
0.00233313
0.0022559
0.00227935
0.00237001
0.00249392
0.00262801
0.00276224
0.00289326
0.00305246
0.00323538
0.000244771
0.00104498
0.0018439
0.00238075
0.00271576
0.00292153
0.00303566
0.00289363
0.00257913
0.00237102
0.00229103
0.0023127
0.00240364
0.00252989
0.00266704
0.00277811
0.00290612
0.00305661
0.00322858
0.000242724
0.0010246
0.00181784
0.0023601
0.00270314
0.00291636
0.00303721
0.00291607
0.00261397
0.00240747
0.00232525
0.00234525
0.0024367
0.00256634
0.0026879
0.00279579
0.00292066
0.00306197
0.00322181
0.000240682
0.00100446
0.0017916
0.00233892
0.00268987
0.00291058
0.00303828
0.00293274
0.00264443
0.00244114
0.00235736
0.00237573
0.00246757
0.00260085
0.00270076
0.00281276
0.00293382
0.00306561
0.003212
0.000238646
0.000984618
0.00176525
0.00231726
0.002676
0.00290423
0.00303889
0.00294239
0.00266885
0.00247042
0.00238584
0.00240271
0.00249483
0.00260552
0.00271103
0.00282492
0.00294086
0.00306255
0.00319495
0.000236611
0.000965104
0.00173884
0.00229516
0.00266156
0.00289736
0.00303908
0.00294384
0.00268557
0.00249344
0.00240882
0.00242388
0.00251553
0.00260335
0.00271371
0.00282627
0.00293545
0.00304604
0.00316534
0.000234578
0.000945967
0.00171246
0.00227269
0.00264661
0.00289002
0.00303889
0.00293616
0.002693
0.0025083
0.0024244
0.00243715
0.00250661
0.00259387
0.00270347
0.00281086
0.0029112
0.00301007
0.00311795
0.000232546
0.000927261
0.00168621
0.00224995
0.00263122
0.00288228
0.00303837
0.0029187
0.00268996
0.00251333
0.00243034
0.00244006
0.00248609
0.00257182
0.00267503
0.00277358
0.00286323
0.00295136
0.00305768
0.000230513
0.000909039
0.00166018
0.00222702
0.0026155
0.00287423
0.00303758
0.0028916
0.00267602
0.00250752
0.00242501
0.0024221
0.00245497
0.00253332
0.00262516
0.00271177
0.0027902
0.00287104
0.0029901
0.000228481
0.000891359
0.0016345
0.00220404
0.00259953
0.00286592
0.00303341
0.00285606
0.00265161
0.00249056
0.0024077
0.00238573
0.00241177
0.00247681
0.00255347
0.0026265
0.00269574
0.00277762
0.00291188
0.000226449
0.000874279
0.00160929
0.00218115
0.00258343
0.00285733
0.00298597
0.00281377
0.0026184
0.00246319
0.00237886
0.00234065
0.00235549
0.0024037
0.00246322
0.00252362
0.00258759
0.00267782
0.00281406
0.000224419
0.00085786
0.00158469
0.00215848
0.00256732
0.00284853
0.00293529
0.00276687
0.0025784
0.00242737
0.00233707
0.0022878
0.00228857
0.00231874
0.00236146
0.00241339
0.0024766
0.00255661
0.00267426
0.000222393
0.00084216
0.00156083
0.00213622
0.00255135
0.00283964
0.00288514
0.002718
0.0025346
0.00238621
0.00228695
0.00222987
0.0022158
0.00222856
0.00225765
0.0023075
0.00237195
0.00240082
0.00248183
0.000220372
0.000827237
0.00153787
0.00211452
0.00253565
0.00283077
0.00283801
0.00267034
0.00249056
0.0023436
0.002237
0.00217139
0.00214347
0.00214155
0.00216313
0.00221597
0.00223839
0.00216315
0.00223772
0.000218359
0.000813145
0.00151593
0.00209355
0.00252037
0.00282206
0.00279637
0.00262715
0.00244999
0.0023038
0.00219145
0.00211793
0.00207857
0.00206685
0.00208708
0.00214037
0.00204377
0.00184006
0.00197899
0.000216358
0.000799939
0.00149515
0.00207349
0.00250568
0.00281367
0.00276247
0.00259138
0.00241635
0.00227097
0.00215479
0.00207552
0.00202897
0.00201481
0.00203477
0.00204143
0.00176238
0.0015275
0.00148709
0.000214373
0.00078767
0.00147566
0.00205449
0.00249172
0.00280575
0.0027383
0.00256554
0.00239274
0.0022491
0.00213169
0.00205059
0.00200407
0.00199644
0.00201269
0.00190154
0.00148315
0.00137522
0.000981362
0.000212409
0.000776471
0.00145764
0.00203683
0.00247874
0.00279851
0.0027267
0.00255284
0.00238276
0.0022424
0.0021269
0.00204908
0.00201189
0.00201749
0.00201547
0.00174998
0.00130414
0.00109272
0.000466182
0.000210874
0.000768174
0.00144421
0.00202348
0.00246889
0.00279309
0.00272682
0.00255194
0.00238412
0.00224743
0.00213585
0.00206588
0.00204606
0.00206477
0.00200342
0.00161656
0.00109656
0.000509555
0.000191759
0.000209357
0.000760407
0.00143179
0.00201116
0.00245985
0.00278832
0.00273384
0.00255968
0.00239545
0.00226463
0.00216104
0.00210564
0.00210942
0.00213502
0.00199181
0.00153503
0.000775273
0.000225072
0.000143011
0.000207858
0.000753094
0.00142017
0.00199958
0.0024514
0.00278405
0.00274891
0.00257674
0.00241741
0.00229486
0.00220369
0.00217023
0.00220472
0.00223704
0.00203977
0.00148486
0.000473146
0.000135637
6.40321e-05
9.82585e-05
9.20628e-05
9.00186e-05
8.99146e-05
9.0603e-05
9.16418e-05
9.27764e-05
9.388e-05
9.48805e-05
9.57355e-05
9.64142e-05
9.6886e-05
9.71106e-05
9.7023e-05
9.65035e-05
9.53161e-05
9.29979e-05
7.80191e-05
8.17522e-05
7.01646e-05
3.61345e-05
0.000217604
0.000427001
0.000497244
0.000491919
0.000493284
0.000497196
0.000501115
0.000503565
0.00050357
0.000500412
0.000493506
0.000482346
0.000466464
0.000445381
0.000418531
0.000385145
0.000344188
0.000267547
0.000211333
0.000164592
6.47759e-05
0.000454484
0.000654875
0.00088201
0.000890372
0.000887351
0.000886285
0.00088356
0.000876689
0.000864006
0.000844276
0.00081653
0.000780019
0.000734214
0.000678859
0.000614048
0.000540353
0.000458979
0.00037166
0.000269807
0.000170352
6.6364e-05
0.000673859
0.000881121
0.0011383
0.00123392
0.00122794
0.0012251
0.00122027
0.00120936
0.00119003
0.00116051
0.00111929
0.00106512
0.000997018
0.000914471
0.000817625
0.000707671
0.000587258
0.000460677
0.000333053
0.000210138
6.77848e-05
0.000912859
0.0011387
0.00143842
0.00154371
0.00154422
0.00154463
0.00154293
0.00153335
0.0015129
0.0014792
0.00143016
0.00136385
0.00127864
0.00117339
0.0010478
0.000903025
0.00074247
0.000572191
0.000400957
0.000240856
8.75865e-05
0.00116386
0.00143018
0.00179413
0.00183128
0.00184234
0.00185087
0.00185527
0.00184984
0.0018311
0.00179616
0.00174237
0.0016672
0.0015683
0.00144379
0.00129264
0.00111543
0.000915439
0.000699715
0.000480826
0.000276042
0.000103022
0.001432
0.00174874
0.00207428
0.00210065
0.00212459
0.00214343
0.00215458
0.00215439
0.00213858
0.00210381
0.00204696
0.00196494
0.00185476
0.00171378
0.00154012
0.0013335
0.00109643
0.000836458
0.000567848
0.000314175
0.000108331
0.00171933
0.00209178
0.00231091
0.00235332
0.00239057
0.00242016
0.00243834
0.00244356
0.00243096
0.00239689
0.00233783
0.00225023
0.00213051
0.00197529
0.00178181
0.00154876
0.00127778
0.0009757
0.000658009
0.000353888
0.000112993
0.00201742
0.00244604
0.00253251
0.00259025
0.00264017
0.00267978
0.00270541
0.00271572
0.00270611
0.00267273
0.00261179
0.00251938
0.00239137
0.0022237
0.0020127
0.00175602
0.00145409
0.00111287
0.000748236
0.000394075
0.000117162
0.0023024
0.00265843
0.00274068
0.00281285
0.00287457
0.00292342
0.00295591
0.00297068
0.00296349
0.00293046
0.00286765
0.00277083
0.00263544
0.00245674
0.00223021
0.00195236
0.00162241
0.00124518
0.000836477
0.000433929
0.000120943
0.00255855
0.00283911
0.00293704
0.00302251
0.00309501
0.00315214
0.00319061
0.00320902
0.00320353
0.00317034
0.00310542
0.00300435
0.0028622
0.00267364
0.00243328
0.00213654
0.0017813
0.00137116
0.000921511
0.000472908
0.000124411
0.00278421
0.00300993
0.00312271
0.00322042
0.00330262
0.003367
0.00341051
0.0034317
0.00342714
0.00339317
0.00332578
0.00322043
0.00307193
0.00287445
0.00262176
0.00230818
0.00193023
0.00149017
0.00100273
0.000510695
0.000127621
0.00298278
0.00317129
0.00329841
0.00340742
0.0034983
0.00356896
0.00361659
0.00363973
0.00363534
0.00359996
0.00352965
0.00341987
0.00326528
0.00305962
0.00279595
0.00246743
0.00206921
0.0016021
0.00107993
0.000547135
0.000130619
0.00315308
0.00332349
0.00346456
0.00358408
0.00368271
0.00375876
0.00380967
0.00383399
0.00382907
0.00379164
0.00371795
0.00360353
0.00344298
0.00322977
0.00295632
0.00261468
0.00219852
0.00170709
0.00115313
0.000582187
0.000133439
0.0032775
0.00346667
0.00362131
0.00375065
0.00385625
0.00393689
0.00399034
0.00401517
0.00400908
0.00396905
0.00389151
0.00377218
0.00360574
0.00338554
0.00310342
0.00275039
0.00231855
0.00180544
0.00122246
0.000615871
0.000136111
0.00339292
0.00360065
0.00376855
0.00390715
0.00401903
0.00410359
0.00415895
0.0041837
0.00417589
0.00413277
0.00405099
0.0039265
0.00375419
0.00352746
0.00323777
0.00287505
0.00242974
0.00189748
0.00128813
0.000648245
0.000138659
0.00349924
0.00372505
0.00390594
0.00405334
0.00417096
0.00425886
0.00431557
0.00433978
0.00432983
0.00428321
0.00419684
0.00406696
0.00388881
0.00365599
0.00335979
0.00298911
0.00253254
0.00198361
0.00135038
0.000679383
0.000141105
0.00358732
0.00383938
0.00403296
0.0041888
0.00431168
0.00440245
0.00446009
0.00448339
0.00447097
0.00442058
0.00432938
0.00419394
0.00400994
0.00377146
0.00346987
0.00309301
0.00262742
0.00206419
0.00140942
0.000709367
0.000143467
0.00364626
0.00394308
0.00414892
0.00431288
0.00444066
0.00453393
0.00459219
0.00461431
0.00459923
0.00454492
0.00444877
0.00430767
0.00411782
0.00387409
0.00356831
0.00318719
0.00271483
0.00213962
0.00146551
0.00073828
0.000145762
0.0036968
0.00402293
0.00425307
0.00442479
0.00455718
0.00465275
0.0047114
0.00473218
0.00471435
0.0046561
0.00455503
0.00440826
0.00421258
0.00396399
0.00365535
0.00327208
0.00279525
0.00221027
0.00151887
0.000766207
0.000148005
0.00374359
0.00404131
0.00434461
0.00452363
0.00466052
0.00475829
0.00481717
0.00483651
0.00481593
0.00475388
0.00464807
0.00449575
0.00424241
0.00396988
0.00373121
0.00334812
0.00286918
0.00227654
0.00156973
0.000793237
0.000150211
0.00378989
0.00406071
0.00436667
0.0046087
0.00475015
0.00484986
0.00490881
0.00492665
0.00490344
0.00483782
0.00472766
0.00442277
0.00410864
0.00386803
0.00370908
0.00341574
0.00293708
0.00233879
0.00161833
0.000819461
0.000152394
0.00383561
0.0040827
0.00435991
0.00463081
0.00482534
0.00492664
0.00498552
0.00500187
0.00497626
0.00486999
0.0045924
0.0042754
0.0039827
0.00376571
0.00363974
0.00347623
0.00299946
0.00239739
0.0016649
0.000844978
0.000154567
0.00387603
0.00409758
0.00434847
0.00459139
0.00479357
0.00493836
0.00501298
0.00500263
0.00490231
0.00471404
0.00444911
0.0041495
0.00387062
0.00367152
0.0035741
0.0035144
0.00305673
0.00245272
0.00170967
0.000869887
0.000156743
0.00390595
0.00410488
0.0043288
0.00454341
0.00471603
0.00483239
0.00488356
0.00486255
0.00476444
0.00458596
0.00433594
0.00404461
0.00377374
0.00358687
0.0035124
0.00348667
0.00310941
0.00250516
0.00175287
0.000894281
0.000158936
0.00393519
0.00411359
0.0043112
0.00450188
0.00465317
0.00475076
0.0047897
0.00476513
0.00467037
0.00449766
0.00425093
0.00396244
0.00369382
0.00351144
0.00345284
0.00345927
0.00315853
0.00255509
0.00179469
0.000918234
0.000161159
0.00397258
0.004134
0.00431097
0.00448395
0.00462277
0.00471227
0.0047459
0.0047168
0.00461728
0.00444008
0.00419017
0.00389988
0.00362869
0.00344487
0.00339424
0.00343047
0.00320453
0.00260277
0.00183528
0.000941793
0.000163429
0.00403005
0.00417611
0.00433725
0.00449662
0.00462585
0.00470832
0.00473507
0.00469778
0.00458895
0.00440312
0.00414707
0.00385214
0.00357536
0.00338572
0.00333642
0.00339683
0.00324765
0.00264836
0.00187474
0.000964968
0.00016576
0.00409327
0.00425288
0.00439796
0.00454232
0.0046612
0.00473343
0.00474937
0.00469968
0.00457815
0.0043814
0.00411743
0.00381624
0.00353204
0.0033335
0.00328021
0.00335833
0.00328807
0.00269193
0.0019131
0.000987732
0.000168171
0.00409001
0.00434941
0.00449889
0.00462658
0.00472804
0.00478435
0.00478556
0.00472004
0.00458265
0.00437272
0.00409922
0.00379056
0.00349769
0.00328802
0.0032262
0.00331555
0.00332585
0.00273346
0.00195037
0.00101002
0.000170683
0.00407895
0.00432532
0.00455321
0.00474143
0.0048208
0.00485516
0.00483421
0.00475211
0.00459876
0.00437467
0.0040907
0.00377377
0.00347149
0.00324912
0.00317482
0.0032694
0.00336099
0.00277284
0.00198648
0.0010316
0.00017332
0.00406106
0.00429207
0.00450913
0.00469824
0.00484815
0.00493705
0.00489236
0.00478643
0.00462012
0.00438444
0.00409027
0.00376485
0.00345294
0.00321704
0.00312774
0.00322132
0.00335729
0.00280984
0.00202137
0.00105235
0.000176111
0.00403739
0.00425111
0.00445519
0.00463612
0.00478235
0.004888
0.00495207
0.00482948
0.00464364
0.00440011
0.00409794
0.00376407
0.00344244
0.0031926
0.00308644
0.00317327
0.00332928
0.00284581
0.00205607
0.00107297
0.000178997
0.00400896
0.00420398
0.00439318
0.00456392
0.0047047
0.0048087
0.00487401
0.00488206
0.00467968
0.00442282
0.00411504
0.00377285
0.00344088
0.00317667
0.00305201
0.00312658
0.00329811
0.00288156
0.00209128
0.00109421
0.000181957
0.00397687
0.00415223
0.00432502
0.00448368
0.00461724
0.00471828
0.00478404
0.00481481
0.00473259
0.00446071
0.00414416
0.00379292
0.00344913
0.00316969
0.00302492
0.00308208
0.00326316
0.00291727
0.00212714
0.00111616
0.000184995
0.0039422
0.00409742
0.00425268
0.00439768
0.00452231
0.00461898
0.00468425
0.00471819
0.004721
0.00452257
0.00418879
0.00382527
0.00346746
0.0031717
0.00300533
0.00304067
0.00322444
0.00295294
0.0021637
0.00113891
0.000188123
0.003906
0.00404106
0.00417817
0.0043083
0.00442246
0.00451336
0.00457708
0.00461343
0.00462224
0.00460104
0.00425151
0.0038699
0.00349563
0.00318273
0.00299368
0.00300326
0.00318254
0.00298853
0.00220096
0.00116251
0.000191347
0.00386927
0.00398461
0.00410341
0.00421793
0.0043204
0.00440419
0.00446523
0.00450308
0.00451716
0.0045101
0.00433319
0.00393027
0.00353457
0.00320301
0.00299055
0.00297064
0.00313769
0.00302398
0.00223889
0.00118703
0.000194676
0.00383287
0.00392935
0.00403018
0.00412883
0.00421881
0.00429437
0.00435158
0.00438984
0.00440842
0.00440967
0.00439476
0.00400235
0.00358523
0.00323264
0.00299643
0.00294344
0.00309002
0.00305914
0.0022774
0.00121249
0.000198117
0.00379754
0.00387638
0.00396002
0.00404307
0.00412021
0.00418671
0.00423905
0.00427634
0.00429883
0.0043076
0.00430408
0.00408415
0.0036476
0.00327103
0.00301107
0.00292169
0.00304009
0.0030938
0.00231633
0.00123892
0.000201678
0.00376384
0.00382657
0.00389419
0.00396237
0.00402683
0.00408387
0.00413057
0.00416592
0.00419137
0.00420667
0.00421321
0.00416141
0.00371089
0.00331492
0.00303257
0.00290463
0.00298741
0.00312765
0.00235542
0.00126633
0.000205366
0.00373215
0.00378054
0.00383363
0.00388804
0.00394044
0.00398806
0.00402874
0.00406175
0.00408888
0.00410951
0.00412474
0.00413283
0.00376277
0.00336009
0.00305751
0.00289181
0.00292968
0.00308223
0.00239425
0.00129473
0.000209193
0.00370268
0.00373863
0.00377891
0.00382098
0.00386231
0.00390099
0.00393558
0.0039658
0.00399361
0.00401834
0.00404077
0.00405897
0.00379306
0.00339709
0.00307975
0.00287909
0.00286464
0.00298476
0.00243342
0.00132414
0.000213171
0.00367545
0.00370097
0.00373029
0.00376163
0.0037932
0.00382372
0.00385249
0.00387963
0.00390728
0.00393494
0.00396312
0.00398949
0.00379346
0.00341319
0.00308926
0.00285945
0.00279008
0.00287315
0.00247337
0.00135454
0.000217314
0.00365034
0.00366742
0.0036877
0.00371007
0.00373333
0.00375677
0.00378023
0.00380425
0.00383098
0.00386056
0.00389311
0.00392578
0.0037573
0.00339499
0.0030726
0.00282395
0.00270466
0.00275077
0.00251403
0.00138567
0.000221637
0.00362711
0.0036377
0.00365084
0.003666
0.00368249
0.00370007
0.00371899
0.00374006
0.00376486
0.00379592
0.00383162
0.00386873
0.00368355
0.00333219
0.00301657
0.00276303
0.00260902
0.00262029
0.00255509
0.00141705
0.000226161
0.00360539
0.00361141
0.0036192
0.00362885
0.00364012
0.00365311
0.0036684
0.00368708
0.00371072
0.00374202
0.00377933
0.00381885
0.00357346
0.00322105
0.00291528
0.00267056
0.00250571
0.0024837
0.00243103
0.00144791
0.000230926
0.0035845
0.00358779
0.00359213
0.00359784
0.00360534
0.00361499
0.00362763
0.00364452
0.00366727
0.00369823
0.00373594
0.003776
0.00342585
0.00306873
0.00277666
0.00254941
0.00239051
0.00234326
0.00227425
0.00148078
0.000236005
0.00356394
0.0035658
0.0035684
0.00357192
0.00357699
0.00358449
0.00359542
0.00361116
0.00363324
0.00366308
0.00370038
0.00364119
0.00324134
0.00289235
0.00261801
0.00241045
0.00226439
0.00219973
0.00212456
0.00151691
0.000241447
0.00354302
0.00354455
0.0035466
0.0035495
0.00355363
0.00356009
0.00357021
0.00358543
0.0036072
0.00363629
0.00367205
0.00343253
0.00303674
0.00270822
0.00245398
0.00226408
0.00213122
0.00205384
0.00198104
0.00155702
0.000247275
0.00352097
0.00352312
0.00352548
0.00352877
0.00353339
0.00353995
0.00355009
0.00356541
0.00358718
0.00361565
0.0036366
0.00321623
0.00283451
0.00253024
0.00229436
0.00211751
0.00199462
0.00190791
0.00184633
0.00160227
0.000253478
0.00349687
0.00350044
0.00350385
0.00350809
0.00351395
0.00352192
0.00353289
0.00354883
0.00357082
0.00359835
0.00339342
0.00299783
0.00264825
0.0023665
0.00214421
0.00197495
0.00185733
0.00176498
0.00171685
0.00165485
0.000259924
0.00346962
0.00347523
0.0034803
0.00348599
0.00349331
0.00350316
0.00351613
0.00353313
0.00355548
0.00355611
0.00316621
0.00279863
0.00247996
0.00221716
0.0020045
0.00183848
0.00172078
0.00162584
0.00158016
0.00157689
0.000266087
0.00343779
0.00344594
0.00345317
0.00346072
0.00346973
0.00348133
0.00349643
0.00351535
0.003538
0.00332592
0.00296287
0.00262573
0.00233185
0.00208289
0.00187607
0.00171
0.00158719
0.00148708
0.00143082
0.00140686
0.000272052
0.00339959
0.00341067
0.00342044
0.00343017
0.00344111
0.00345445
0.00347126
0.00349195
0.00348158
0.00312503
0.00278639
0.0024752
0.00219961
0.00196173
0.00175961
0.00159175
0.00146096
0.00135238
0.00128633
0.00124353
0.000278978
0.00335273
0.00336705
0.00337966
0.00339186
0.00340492
0.00342006
0.00343837
0.00346012
0.00328395
0.00295429
0.00263904
0.00234698
0.00208444
0.00185322
0.00165248
0.00148124
0.00134227
0.00122586
0.00115207
0.00110726
0.000290047
0.0032943
0.00331216
0.00332788
0.00334277
0.00335812
0.00337517
0.00339493
0.00341744
0.0031179
0.00281044
0.00251559
0.00223921
0.00198669
0.0017597
0.0015582
0.00138159
0.00123275
0.00110756
0.00101367
0.000952443
0.000303548
0.00322071
0.00324238
0.00326145
0.00327925
0.00329706
0.0033161
0.00333725
0.00326475
0.00297654
0.00269052
0.00241319
0.00215027
0.00190605
0.00168226
0.00147926
0.00129684
0.001137
0.00100004
0.000880623
0.000780945
0.000317157
0.00312769
0.00315339
0.00317601
0.00319688
0.00321728
0.0032384
0.00326098
0.00311601
0.00285462
0.00258935
0.00232865
0.00207838
0.00184201
0.00162144
0.0014174
0.0012292
0.00106002
0.000905805
0.000786074
0.000654713
0.000219152
0.00301056
0.0030404
0.00306666
0.00309066
0.00311367
0.00313687
0.00316093
0.00298748
0.00275017
0.00250486
0.00225978
0.00202177
0.00179403
0.00157794
0.00137502
0.00118191
0.00100788
0.00082442
0.000704423
0.00042842
0.000289124
0.00020599
0.00074473
0.00140698
0.00198653
0.00244204
0.00277977
0.00277593
0.00260788
0.00245599
0.00234621
0.00227484
0.00227393
0.00234772
0.00239048
0.00217503
0.00140604
0.000408212
0.000148616
0.00010456
0.000204158
0.00073734
0.00139519
0.00197479
0.00243374
0.00277648
0.00281872
0.00265524
0.00251117
0.00241671
0.00237068
0.00240889
0.00252237
0.00257201
0.00232216
0.00141573
0.000514068
0.000254176
0.000195723
0.000202368
0.000730886
0.00138488
0.00196453
0.00242667
0.00277438
0.00287265
0.00271464
0.00257846
0.00250053
0.00248244
0.00255753
0.00269687
0.00272646
0.00234771
0.00140006
0.000627819
0.000365502
0.000321671
0.000200623
0.000725294
0.00137597
0.0019557
0.00242085
0.00277351
0.00293603
0.00278354
0.00265498
0.0025936
0.0026042
0.00271016
0.00286062
0.00285302
0.00238347
0.00145549
0.000779095
0.000556062
0.000544487
0.000198927
0.000720498
0.00136837
0.00194824
0.00241622
0.00277388
0.00300755
0.00285989
0.00273825
0.00269288
0.00273262
0.00286297
0.00301136
0.00296629
0.00246135
0.00158804
0.000954095
0.000738639
0.000762801
0.000197281
0.000716407
0.00136199
0.00194205
0.00241274
0.00277524
0.00304029
0.00294216
0.00282685
0.00279642
0.00286628
0.0030132
0.0031481
0.00307598
0.00257264
0.00176135
0.00115763
0.000948893
0.000992781
0.000195689
0.000712934
0.00135674
0.00193705
0.00241031
0.00277742
0.00304896
0.00302857
0.00291912
0.00290252
0.00300405
0.00315992
0.00327778
0.00308503
0.00264968
0.00195657
0.00137587
0.00117005
0.00123133
0.00019415
0.000710014
0.00135253
0.00193313
0.00240884
0.00278036
0.0030583
0.00311692
0.00301346
0.00300945
0.00313556
0.00330053
0.00339881
0.00307943
0.00265483
0.00215901
0.00160045
0.00139403
0.00147632
0.000192665
0.000707594
0.00134922
0.00193017
0.00240822
0.00278401
0.00306831
0.00320665
0.00310878
0.00311631
0.00325768
0.00343755
0.00339861
0.00307555
0.0026633
0.0022802
0.00182653
0.00162496
0.00172606
0.000191235
0.000705613
0.00134671
0.00192805
0.00240836
0.00278829
0.00307889
0.00329379
0.00320413
0.00322157
0.00337241
0.00357371
0.0033984
0.00307393
0.00267642
0.00233478
0.00205653
0.00186679
0.00197771
0.00018986
0.000704006
0.00134486
0.00192664
0.00240913
0.00279307
0.00308959
0.00331158
0.00329809
0.00332561
0.00347897
0.00360764
0.0033979
0.00307406
0.00269344
0.00238778
0.00227663
0.00211037
0.00222121
0.000188538
0.000702705
0.00134355
0.00192581
0.00241042
0.00279826
0.00310031
0.00332865
0.00339035
0.00342541
0.00357991
0.00361148
0.00339727
0.00307587
0.00271375
0.00244007
0.00236103
0.00234084
0.00245062
0.000187268
0.000701642
0.00134268
0.00192546
0.00241213
0.00280372
0.00311093
0.00334489
0.00348147
0.00352253
0.00367656
0.00361342
0.00339685
0.00308013
0.00273704
0.00249199
0.0024402
0.00254798
0.00265742
0.000186048
0.000700751
0.00134212
0.00192545
0.00241413
0.00280933
0.00312126
0.00335998
0.00353662
0.00361898
0.00369929
0.00361414
0.00339714
0.00308741
0.0027632
0.00254387
0.00251533
0.00267027
0.00283676
0.000184877
0.000699967
0.00134179
0.0019257
0.00241634
0.00281497
0.00313115
0.00337359
0.00355159
0.00367028
0.00370414
0.00361429
0.0033989
0.00309784
0.00279209
0.00259593
0.00258733
0.00275487
0.00298805
0.000183753
0.000699228
0.00134159
0.0019261
0.00241864
0.00282051
0.00314043
0.0033856
0.00356374
0.00367898
0.0037071
0.0036144
0.00340241
0.00311152
0.00282364
0.00264834
0.00265692
0.00283532
0.00311319
0.000182673
0.000698477
0.00134144
0.00192655
0.00242093
0.00282582
0.00314893
0.00339594
0.00357333
0.00368501
0.00370867
0.00361485
0.00340785
0.00312829
0.00285767
0.00270116
0.00272449
0.00291211
0.00320787
0.000181633
0.000697658
0.00134124
0.00192698
0.00242311
0.00283076
0.00315653
0.00340459
0.00358062
0.00368884
0.00370927
0.00361589
0.00341524
0.00314789
0.00289396
0.00275438
0.00279026
0.00298553
0.00328944
0.000180632
0.000696719
0.00134094
0.00192728
0.00242508
0.00283522
0.00316308
0.00341153
0.00358582
0.00369088
0.00370921
0.00361766
0.00342454
0.00317006
0.00293225
0.00280791
0.00285433
0.00305568
0.0033649
0.000179667
0.000695613
0.00134045
0.00192738
0.00242675
0.00283905
0.00316849
0.00341679
0.00358916
0.00369147
0.0037087
0.00362027
0.00343563
0.00319452
0.00297227
0.0028616
0.00291669
0.00312252
0.00343456
0.000178733
0.000694296
0.00133971
0.00192721
0.002428
0.00284216
0.00317267
0.00342041
0.00359082
0.00369084
0.00370785
0.00362377
0.00344838
0.003221
0.00301375
0.00291524
0.00297725
0.003186
0.00349871
0.000177829
0.000692726
0.00133866
0.00192668
0.00242873
0.00284442
0.00317555
0.00342242
0.00359096
0.00368918
0.00370671
0.00362809
0.00346266
0.00324924
0.00305644
0.00296863
0.00303552
0.00324614
0.00355812
0.00017695
0.000690864
0.00133723
0.0019257
0.00242886
0.00284573
0.00317707
0.00342288
0.0035897
0.00368661
0.00370536
0.00363281
0.00347846
0.00327908
0.00310016
0.0030216
0.0030914
0.0033022
0.00361264
0.000176094
0.000688673
0.00133535
0.00192422
0.00242827
0.00284598
0.0031772
0.00342183
0.00358714
0.00368323
0.00370382
0.00363784
0.00349497
0.00331056
0.00314486
0.00307407
0.00314488
0.00335381
0.00366142
0.000175257
0.000686118
0.00133298
0.00192213
0.00242688
0.0028451
0.0031759
0.0034193
0.00358336
0.00367909
0.00370206
0.00364309
0.0035118
0.00334295
0.00319073
0.00312609
0.00319602
0.00340112
0.00370367
0.000174436
0.000683169
0.00133004
0.00191937
0.00242458
0.002843
0.00317314
0.00341532
0.00357841
0.00367421
0.00370004
0.00364845
0.003529
0.00337544
0.00323679
0.00317795
0.00324485
0.0034442
0.00373951
0.000173627
0.000679795
0.00132648
0.00191584
0.00242129
0.0028396
0.00316889
0.00340992
0.00357232
0.0036686
0.00369771
0.00365377
0.00354631
0.00340754
0.00328246
0.00322954
0.00329241
0.00348291
0.0037684
0.000172827
0.000675969
0.00132222
0.00191146
0.00241689
0.00283482
0.00316312
0.0034031
0.00356509
0.00366223
0.00369497
0.0036589
0.00356341
0.00343884
0.00332713
0.00328028
0.00333862
0.0035189
0.00379203
0.000172032
0.000671667
0.00131719
0.00190615
0.00241131
0.0028286
0.0031558
0.00339485
0.00355672
0.00365505
0.00369172
0.00366363
0.00358
0.00346891
0.00337024
0.00332951
0.00338323
0.003552
0.00381034
0.00017124
0.000666872
0.00131133
0.00189981
0.00240445
0.00282086
0.0031469
0.00338516
0.00354717
0.00364701
0.00368783
0.00366777
0.00359578
0.00349763
0.00341103
0.00337616
0.00342612
0.00358195
0.0038225
0.000170446
0.000661582
0.00130455
0.00189233
0.00239622
0.00281154
0.00313637
0.003374
0.00353641
0.00363801
0.00368316
0.0036711
0.00361047
0.00352484
0.00344892
0.00341941
0.00346647
0.00360864
0.00382919
0.000169647
0.000655778
0.00129675
0.00188362
0.00238651
0.00280056
0.00312418
0.00336133
0.00352437
0.00362798
0.00367756
0.00367341
0.00362378
0.00355013
0.00348395
0.0034589
0.00350305
0.00363152
0.00383094
0.000168839
0.000649415
0.00128785
0.00187358
0.00237523
0.00278786
0.00311028
0.0033471
0.00351099
0.00361679
0.00367088
0.00367448
0.00363543
0.00357318
0.00351613
0.00349488
0.00353504
0.00364956
0.00382805
0.00016802
0.000642457
0.00127779
0.00186211
0.00236231
0.00277337
0.00309461
0.00333125
0.00349619
0.00360435
0.00366296
0.00367409
0.00364515
0.00359369
0.00354514
0.00352708
0.00356261
0.0036632
0.00382106
0.000167184
0.000634886
0.00126651
0.00184911
0.00234763
0.00275702
0.00307711
0.00331372
0.00347988
0.00359052
0.00365364
0.00367203
0.00365271
0.00361139
0.00357073
0.00355535
0.00358594
0.00367285
0.00381058
0.000166327
0.000626694
0.00125392
0.00183447
0.00233111
0.00273872
0.00305771
0.00329443
0.00346196
0.0035752
0.00364275
0.0036681
0.00365786
0.00362604
0.00359268
0.0035796
0.00360519
0.00367895
0.00379728
0.000165446
0.000617873
0.00123995
0.00181809
0.00231264
0.0027184
0.00303635
0.0032733
0.00344234
0.00355824
0.00363014
0.00366212
0.00366041
0.00363745
0.00361083
0.00359978
0.00362055
0.00368191
0.00378182
0.000164536
0.000608417
0.00122453
0.00179985
0.00229213
0.00269597
0.00301293
0.00325024
0.0034209
0.00353951
0.00361565
0.00365391
0.00366018
0.00364544
0.00362509
0.00361589
0.0036322
0.00368211
0.00376485
0.000163593
0.000598324
0.0012076
0.00177965
0.00226945
0.00267134
0.00298737
0.00322514
0.00339752
0.0035189
0.00359914
0.00364331
0.00365702
0.00364991
0.00363536
0.00362797
0.00364032
0.00367988
0.0037469
0.000162612
0.000587597
0.00118907
0.00175737
0.0022445
0.00264439
0.00295956
0.0031979
0.0033721
0.00349626
0.00358047
0.00363021
0.0036508
0.00365076
0.00364163
0.00363607
0.00364507
0.00367552
0.00372844
0.000161588
0.000576241
0.00116889
0.00173288
0.00221714
0.00261501
0.0029294
0.0031684
0.0033445
0.00347146
0.00355952
0.00361446
0.00364144
0.00364793
0.0036439
0.00364025
0.0036466
0.00366926
0.00370982
0.000160515
0.000564267
0.00114701
0.00170607
0.00218723
0.00258307
0.00289675
0.00313652
0.0033146
0.00344438
0.00353615
0.00359598
0.00362886
0.0036414
0.0036422
0.00364062
0.00364504
0.00366127
0.00369129
0.00015939
0.000551688
0.00112337
0.00167679
0.00215463
0.00254843
0.00286148
0.00310212
0.00328225
0.00341488
0.00351025
0.00357468
0.00361302
0.00363119
0.00363658
0.00363725
0.00364052
0.00365167
0.00367297
0.000158204
0.000538523
0.00109793
0.00164493
0.00211916
0.0025109
0.00282342
0.00306503
0.0032473
0.00338281
0.00348171
0.00355048
0.0035939
0.00361731
0.00362713
0.00363027
0.00363313
0.00364052
0.00365489
0.000156954
0.000524794
0.00107066
0.00161034
0.00208063
0.0024703
0.00278237
0.00302506
0.00320958
0.00334803
0.00345041
0.00352331
0.00357149
0.00359983
0.00361392
0.00361976
0.00362293
0.00362782
0.00363698
0.000155631
0.000510528
0.00104154
0.00157288
0.00203884
0.00242639
0.00273811
0.00298201
0.00316888
0.00331035
0.0034162
0.00349309
0.00354578
0.00357878
0.00359705
0.00360582
0.00360998
0.00361355
0.00361909
0.000154229
0.000495755
0.00101055
0.00153242
0.00199355
0.0023789
0.00269036
0.00293559
0.00312496
0.00326957
0.00337893
0.00345974
0.00351674
0.00355421
0.00357661
0.00358852
0.0035943
0.0035976
0.00360094
0.000152739
0.00048051
0.000977718
0.00148881
0.00194449
0.0023275
0.00263878
0.0028855
0.00307751
0.00322541
0.00333839
0.0034231
0.00348432
0.00352614
0.00355264
0.00356792
0.00357588
0.00357983
0.00358221
0.000151153
0.00046483
0.000943053
0.00144191
0.00189137
0.0022718
0.00258295
0.00283131
0.00302617
0.00317756
0.0032943
0.00338299
0.0034484
0.00349452
0.00352515
0.00354402
0.00355462
0.00355993
0.00356243
0.000149461
0.00044876
0.000906605
0.0013916
0.00183384
0.00221135
0.00252237
0.00277253
0.00297045
0.00312555
0.00324629
0.0033391
0.00340877
0.00345922
0.00349406
0.00351671
0.00353028
0.00353759
0.00354122
0.000147652
0.000432345
0.000868445
0.00133776
0.00177154
0.00214561
0.00245641
0.00270851
0.00290972
0.00306883
0.00319383
0.003291
0.00336509
0.00341999
0.00345915
0.0034857
0.00350251
0.00351243
0.00351798
0.000145714
0.000415638
0.000828654
0.00127999
0.00166124
0.0020252
0.00238441
0.00263841
0.00284315
0.00300659
0.00313621
0.00323805
0.00331682
0.00337634
0.00341992
0.00345044
0.00347081
0.00348387
0.00349196
0.000143631
0.000398693
0.000787257
0.00120414
0.00154246
0.00188483
0.00223572
0.0025612
0.00276962
0.00293775
0.00307241
0.00317933
0.00326311
0.00332747
0.00337553
0.00341016
0.00343446
0.00345105
0.00346219
0.000141386
0.000381564
0.000744351
0.00111099
0.0014285
0.00174834
0.00207798
0.00241535
0.00268769
0.00286087
0.00300104
0.00311352
0.0032027
0.00327211
0.00332467
0.00336378
0.00339231
0.00341279
0.00342739
0.00013896
0.000364308
0.000700234
0.00102193
0.00132011
0.00161856
0.00192373
0.00224026
0.00256325
0.00277409
0.00292025
0.00303881
0.00313377
0.00320818
0.00326574
0.00330966
0.00334274
0.00336743
0.00338585
0.000136327
0.000346978
0.000655233
0.000937708
0.0012174
0.00149607
0.00177733
0.0020665
0.00237028
0.00267531
0.00282778
0.00295275
0.0030534
0.00313342
0.00319642
0.00324554
0.00328352
0.00331275
0.00333532
0.000133457
0.000329567
0.000599132
0.000858353
0.0011206
0.00138084
0.00164014
0.00190221
0.00217597
0.00246714
0.00272097
0.00285202
0.00295871
0.00304482
0.00311373
0.00316848
0.00321174
0.00324586
0.00327291
0.00013031
0.000312107
0.000543274
0.000783637
0.00102942
0.00127232
0.00151173
0.00174957
0.00199254
0.00225175
0.00252728
0.00273344
0.00284641
0.00293891
0.00301411
0.00307489
0.00312382
0.0031632
0.00319505
0.000126832
0.000294591
0.000491568
0.000713197
0.000942785
0.00116912
0.00139022
0.00160687
0.00182354
0.00204789
0.00228942
0.00254754
0.00271313
0.00281206
0.00289371
0.00296075
0.00301563
0.00306056
0.00309749
0.000117625
0.000266825
0.000444583
0.000647567
0.00086023
0.00107004
0.00127376
0.0014718
0.00166646
0.00186045
0.0020661
0.00229346
0.00253574
0.00266128
0.00274911
0.00282229
0.00288311
0.00293364
0.00297574
0.000117594
0.000119384
0.00014032
0.000151773
0.000167175
0.000184929
0.000207402
0.000224719
0.000238922
0.000250718
0.000259768
0.000266661
0.000269328
0.00026808
0.000265591
0.000244093
0.000202656
0.000184495
0.000171825
0.000156853
0.00054571
0.000272024
0.000203579
0.000232
0.000266323
0.000310277
0.000359017
0.000402868
0.000439819
0.000470948
0.000498233
0.000522316
0.000549341
0.000572023
0.000595298
0.000618622
0.000640949
0.000666281
0.000681579
0.000727781
0.000595995
0.000735312
0.000644086
0.000599041
0.000501337
0.000410051
0.000380951
0.000382436
0.000410478
0.000441085
0.000472242
0.000504308
0.000532838
0.00056806
0.000602016
0.000638293
0.000675689
0.00071558
0.000746917
0.000803986
0.000872818
0.00102126
0.00100131
0.00091343
0.000861096
0.000831101
0.000816749
0.000814484
0.000815238
0.000818764
0.000825426
0.000835015
0.000847028
0.000860735
0.000874896
0.000888744
0.000902437
0.000916106
0.00093022
0.000944044
0.00104479
0.00127981
0.00145389
0.00134516
0.00127011
0.00122039
0.00118998
0.00117417
0.00116501
0.00115924
0.00115646
0.00115606
0.00115737
0.00115981
0.00116287
0.0011662
0.00116968
0.00117325
0.00117714
0.00118112
0.00103187
0.00125545
0.00161384
0.00174386
0.00167412
0.00162121
0.00158309
0.00155705
0.00153877
0.00152319
0.00150989
0.00149839
0.00148825
0.001479
0.00147027
0.00146179
0.00145344
0.0014451
0.00143694
0.00142906
0.000994373
0.00116515
0.00145988
0.00187348
0.00183921
0.00180577
0.00177566
0.00174962
0.00172719
0.00170462
0.00168218
0.00166001
0.00163814
0.00161659
0.00159533
0.00157436
0.0015537
0.0015333
0.00151338
0.00149426
0.000890049
0.0010132
0.00122492
0.00156714
0.00160095
0.0015911
0.00157587
0.00155742
0.00153707
0.00151303
0.00148636
0.00145804
0.00142887
0.00139949
0.0013704
0.00134193
0.00131429
0.00128753
0.00126193
0.00123771
0.000717608
0.000806691
0.000907765
0.000916792
0.00091852
0.000913893
0.000904342
0.00089125
0.000874904
0.000854328
0.0008314
0.000807648
0.000784131
0.000761509
0.000740148
0.000720171
0.000701646
0.000684376
0.000668972
0.000654761
0.00014896
0.000151645
0.000154203
0.000156471
0.00015842
0.000160049
0.000161377
0.000162432
0.000163265
0.000163981
0.000164573
0.000165039
0.000165382
0.000165606
0.00016572
0.000165731
0.00016565
0.000165484
0.000165245
0.000164931
0.00286932
0.00290292
0.00293249
0.00295933
0.00298469
0.00300975
0.00303517
0.00287308
0.00265896
0.00243265
0.0022112
0.00197961
0.00176057
0.00155133
0.00135278
0.00116041
0.000985039
0.000795086
0.000660501
0.00044917
0.000398037
0.00269838
0.00273538
0.00276802
0.00279751
0.00282507
0.00285186
0.00287863
0.00277052
0.00257734
0.00237135
0.0021591
0.00194708
0.00173966
0.00153991
0.00134892
0.00116745
0.000993635
0.000836353
0.000683234
0.000577656
0.000377271
0.00249325
0.00253286
0.00256789
0.0025995
0.00262883
0.00265699
0.00268488
0.00267462
0.00250217
0.00231265
0.00211774
0.00192068
0.0017256
0.00153758
0.00135806
0.00119357
0.00103486
0.000914864
0.000791677
0.00074236
0.000543186
0.00225418
0.00229503
0.00233134
0.00236414
0.00239444
0.00242329
0.00245165
0.0024799
0.00242916
0.00225816
0.00207572
0.00189319
0.00171237
0.00153738
0.00137151
0.00122182
0.00108632
0.000978976
0.000902103
0.000849842
0.000794245
0.00198496
0.00202517
0.00206112
0.00209367
0.00212371
0.00215214
0.00217988
0.00220775
0.00223584
0.00220196
0.00203552
0.00186267
0.00169228
0.00152953
0.00137679
0.00123822
0.00111895
0.00101722
0.00095483
0.000909418
0.000910997
0.0016927
0.00172987
0.00176328
0.00179361
0.00182159
0.00184797
0.00187352
0.00189908
0.0019254
0.00195272
0.00198083
0.00182725
0.00166352
0.00150624
0.00136065
0.00123055
0.00112025
0.00102867
0.000967052
0.000935843
0.000936198
0.00138485
0.00141591
0.00144386
0.00146923
0.00149255
0.0015144
0.0015354
0.00155622
0.00157763
0.0016004
0.00162525
0.00165152
0.00161678
0.00146385
0.0013195
0.00119152
0.00108375
0.000998232
0.000939267
0.00091319
0.000921038
0.00105712
0.0010776
0.00109575
0.00111194
0.00112655
0.00113998
0.00115271
0.00116522
0.00117811
0.00119202
0.00120775
0.00122599
0.00124702
0.00127067
0.00122983
0.00110437
0.000997317
0.000913674
0.000856193
0.000828723
0.000835012
0.000649109
0.000653793
0.000657358
0.000660015
0.000661989
0.000663517
0.000664856
0.000666285
0.000668117
0.000670712
0.000674494
0.000679952
0.000687622
0.000698038
0.00071114
0.000726675
0.000745264
0.000750793
0.000700577
0.000675327
0.000678414
0.000127166
0.00012752
0.00012783
0.000128105
0.000128358
0.000128603
0.000128855
0.00012913
0.000129448
0.000129831
0.000130304
0.000130898
0.000131646
0.000132589
0.000133763
0.000135201
0.000136936
0.000138966
0.00014121
0.000143657
0.000146259
9.70592e-05
0.000239847
0.000404265
0.000589944
0.000785
0.000977811
0.00116494
0.00134649
0.00151919
0.0016924
0.00187087
0.00206294
0.0022774
0.00249144
0.00258413
0.00266236
0.00272822
0.00278363
0.00283033
7.7281e-05
0.000215064
0.000369085
0.000538319
0.000714254
0.000888447
0.00105872
0.00121854
0.00137521
0.0015319
0.00169144
0.00185808
0.00204005
0.00224283
0.00239359
0.00247566
0.00254554
0.00260501
0.00265569
5.90029e-05
0.000189971
0.000336462
0.00049233
0.000648733
0.000801969
0.000946373
0.0010874
0.00122867
0.00137074
0.00151563
0.00166539
0.00182343
0.00199707
0.00217667
0.00226041
0.00233249
0.0023945
0.00244788
5.39605e-05
0.000164365
0.000298539
0.000442714
0.00058898
0.000714142
0.00083074
0.000952875
0.00107803
0.00120609
0.00133818
0.00147537
0.00161794
0.0017702
0.00193744
0.00201967
0.00209128
0.00215356
0.00220773
6.2199e-05
0.000147034
0.000254994
0.000391699
0.000514644
0.000619064
0.000716857
0.000818918
0.00092624
0.00103922
0.00115834
0.00128373
0.00141496
0.00155455
0.00168279
0.00175965
0.00182747
0.00188714
0.00193958
7.65666e-05
0.000143861
0.000219467
0.000327744
0.000425454
0.000516688
0.000602895
0.000689475
0.000780143
0.000877169
0.000981694
0.00109359
0.00121287
0.00134149
0.0014218
0.00148927
0.00154962
0.00160335
0.00165106
5.64029e-05
0.000155393
0.000203639
0.00026385
0.000332764
0.000406914
0.000483108
0.00056027
0.000639789
0.000724132
0.000814744
0.000913046
0.00102014
0.00110304
0.00116292
0.00121737
0.00126654
0.00131069
0.00135019
5.26857e-05
0.000179384
0.000213705
0.00023636
0.000269278
0.000315096
0.000371105
0.000432734
0.000498661
0.000569441
0.000645508
0.000727743
0.000817257
0.000864741
0.000906214
0.000943685
0.000977325
0.00100734
0.00103399
5.30042e-05
0.000152624
0.000232849
0.000240365
0.000241535
0.000262775
0.000301408
0.000346197
0.000396397
0.00045224
0.000513171
0.000545084
0.000566287
0.000584783
0.00060076
0.000614402
0.000625884
0.000635387
0.000643098
3.98181e-05
5.39345e-05
7.23248e-05
9.04075e-05
9.89505e-05
8.68759e-05
0.000103259
0.00011325
0.000115754
0.000117797
0.000119561
0.000121036
0.000122278
0.000123336
0.000124244
0.000125025
0.000125695
0.000126268
0.000126756
)
;

boundaryField
{
    inlet
    {
        type            calculated;
        value           uniform 0.013032;
    }
    outlet
    {
        type            calculated;
        value           nonuniform List<scalar> 10(0.000157101 0.000730823 0.000808643 0.000944044 0.00118112 0.00142906 0.00149426 0.00123771 0.000654761 0.000164931);
    }
    walls
    {
        type            nutUBlendedWallFunction;
        blending        stepwise;
        Cmu             0.09;
        kappa           0.41;
        E               9.8;
        n               4;
        value           nonuniform List<scalar> 
423
(
9.73422e-06
9.73378e-06
9.73406e-06
9.73495e-06
9.73631e-06
9.73806e-06
9.7401e-06
9.74237e-06
9.74484e-06
9.74748e-06
9.75028e-06
9.75324e-06
9.75638e-06
9.7597e-06
9.76323e-06
9.76701e-06
9.77108e-06
9.77531e-06
9.77908e-06
9.78164e-06
8.72371e-06
8.92072e-06
9.09085e-06
9.23585e-06
9.35781e-06
9.45879e-06
9.54084e-06
9.60602e-06
9.65633e-06
9.69376e-06
9.72024e-06
9.73768e-06
9.74789e-06
9.75257e-06
9.75325e-06
9.75134e-06
9.748e-06
9.74419e-06
9.7406e-06
9.73763e-06
9.73549e-06
1.08224e-07
6.59409e-07
7.19241e-07
4.43502e-07
1.32142e-07
1.05294e-06
2.14407e-06
3.09591e-06
3.90095e-06
4.61509e-06
5.25159e-06
5.82289e-06
6.33751e-06
6.80158e-06
7.21965e-06
7.59527e-06
7.93131e-06
8.23009e-06
8.49348e-06
5.22595e-07
8.89829e-07
9.61482e-07
4.30472e-07
4.47902e-09
6.65967e-07
1.54831e-06
2.44614e-06
3.33013e-06
4.13628e-06
4.91791e-06
5.65753e-06
6.34584e-06
6.98271e-06
7.57219e-06
8.11831e-06
8.62348e-06
9.0893e-06
9.51728e-06
9.90906e-06
1.02664e-05
1.0591e-05
1.08848e-05
1.11496e-05
1.13875e-05
1.16003e-05
1.17899e-05
1.19583e-05
1.21071e-05
1.22381e-05
1.23527e-05
1.24524e-05
1.25384e-05
1.26121e-05
1.26744e-05
1.27262e-05
1.27684e-05
1.28016e-05
1.28266e-05
1.28435e-05
1.28533e-05
1.28564e-05
1.28531e-05
1.28431e-05
1.28268e-05
1.28046e-05
1.27769e-05
1.27438e-05
1.27053e-05
1.26614e-05
1.26123e-05
1.25581e-05
1.2499e-05
1.2435e-05
1.23664e-05
1.22933e-05
1.22162e-05
1.21352e-05
1.20507e-05
1.19632e-05
1.18733e-05
1.17814e-05
1.16884e-05
1.1595e-05
1.15019e-05
1.141e-05
1.13202e-05
1.12334e-05
1.11505e-05
1.10707e-05
1.10097e-05
1.09533e-05
1.09028e-05
1.08455e-05
1.07926e-05
1.07443e-05
1.07021e-05
1.06662e-05
1.0636e-05
1.06109e-05
1.059e-05
1.05729e-05
1.05592e-05
1.05482e-05
1.05396e-05
1.05327e-05
1.0527e-05
1.0522e-05
1.05172e-05
1.05123e-05
1.05067e-05
1.05001e-05
1.0492e-05
1.04822e-05
1.04703e-05
1.0456e-05
1.0439e-05
1.0419e-05
1.03956e-05
1.03686e-05
1.03376e-05
1.03024e-05
1.02625e-05
1.02178e-05
1.01681e-05
1.01129e-05
1.00519e-05
9.98446e-06
9.91023e-06
9.82873e-06
9.73951e-06
9.64206e-06
9.53583e-06
9.42024e-06
9.29466e-06
9.15842e-06
9.01079e-06
8.85098e-06
8.67814e-06
8.49131e-06
8.28946e-06
8.07143e-06
7.83596e-06
7.58163e-06
7.30689e-06
7.01003e-06
6.68921e-06
6.34237e-06
5.96714e-06
5.56068e-06
5.11943e-06
4.639e-06
4.11033e-06
3.55108e-06
2.94034e-06
2.25958e-06
1.50064e-06
7.56193e-07
1.73904e-07
2.6314e-07
3.90262e-07
3.10237e-07
2.05598e-08
3.85122e-07
5.08008e-07
1.51202e-07
2.07247e-07
8.54067e-07
1.53735e-06
2.25852e-06
2.88358e-06
3.43689e-06
3.93217e-06
4.37389e-06
4.76888e-06
5.1248e-06
5.44742e-06
5.74075e-06
6.00784e-06
6.25124e-06
6.47312e-06
6.67591e-06
6.85801e-06
7.02472e-06
7.17786e-06
7.31946e-06
7.45144e-06
7.5757e-06
7.6943e-06
7.80955e-06
7.92396e-06
8.04038e-06
8.162e-06
8.29242e-06
8.43563e-06
8.59594e-06
8.77779e-06
8.98529e-06
9.22173e-06
9.48885e-06
9.7856e-06
1.01066e-05
1.04409e-05
1.07764e-05
1.10915e-05
1.13685e-05
1.15967e-05
1.17739e-05
1.19023e-05
1.19855e-05
1.20287e-05
1.20383e-05
1.20211e-05
1.19831e-05
1.19297e-05
1.18658e-05
1.17957e-05
1.17225e-05
1.16487e-05
1.15757e-05
1.15042e-05
1.1437e-05
1.13568e-05
4.9741e-06
1.89657e-06
1.38446e-06
1.4857e-06
1.78387e-06
1.90243e-06
1.82403e-06
1.69665e-06
1.46524e-06
1.11495e-06
6.21787e-07
1.14417e-08
5.30475e-07
1.13513e-06
1.66829e-06
2.14391e-06
2.56198e-06
2.97491e-06
3.27199e-06
3.80849e-06
4.72974e-08
6.58669e-08
5.84862e-07
1.23757e-06
1.82905e-06
2.34791e-06
2.80009e-06
3.19022e-06
3.52628e-06
3.81687e-06
4.06934e-06
4.28989e-06
4.48357e-06
4.65441e-06
4.80566e-06
4.93991e-06
5.05926e-06
5.16542e-06
5.25978e-06
5.34352e-06
5.41766e-06
5.48307e-06
5.54047e-06
5.5905e-06
5.63363e-06
5.67023e-06
5.70053e-06
5.72468e-06
5.74267e-06
5.75437e-06
5.75963e-06
5.75833e-06
5.75032e-06
5.73521e-06
5.71248e-06
5.68157e-06
5.64178e-06
5.59225e-06
5.53199e-06
5.4599e-06
5.37476e-06
5.27528e-06
5.15995e-06
5.02687e-06
4.87381e-06
4.69847e-06
4.49844e-06
4.26986e-06
4.00602e-06
3.69621e-06
3.32702e-06
2.88767e-06
2.34894e-06
1.58879e-06
6.93278e-07
2.296e-08
1.05294e-06
2.65394e-06
3.87441e-06
7.31485e-06
1.62327e-07
1.71326e-06
1.61041e-06
1.77498e-06
2.06584e-06
2.40669e-06
2.76368e-06
3.11793e-06
3.45946e-06
3.78301e-06
4.08598e-06
4.36729e-06
4.62676e-06
4.86467e-06
5.08156e-06
5.27811e-06
5.455e-06
5.6129e-06
5.75242e-06
5.87405e-06
5.97821e-06
6.06541e-06
6.13589e-06
6.18969e-06
6.2263e-06
6.24486e-06
6.24456e-06
6.2251e-06
6.18575e-06
6.12481e-06
6.03911e-06
5.92616e-06
5.783e-06
5.60592e-06
5.39044e-06
5.13155e-06
4.82382e-06
4.46165e-06
4.03961e-06
3.55334e-06
2.99945e-06
2.36773e-06
1.61406e-06
8.07974e-07
3.68101e-08
4.67913e-07
1.27227e-06
1.92886e-06
2.50721e-06
2.92949e-06
3.24814e-06
3.4615e-06
3.56365e-06
3.54518e-06
3.39369e-06
3.08393e-06
2.58736e-06
1.87846e-06
9.45696e-07
1.53423e-07
9.71848e-06
9.71168e-06
9.71999e-06
9.72604e-06
9.73052e-06
9.73428e-06
9.73762e-06
9.74075e-06
9.74379e-06
9.7468e-06
9.74984e-06
9.75296e-06
9.7562e-06
9.75959e-06
9.76316e-06
9.76697e-06
9.77106e-06
9.77531e-06
9.77908e-06
9.78164e-06
)
;
    }
    baffle
    {
        type            nutUBlendedWallFunction;
        blending        stepwise;
        Cmu             0.09;
        kappa           0.41;
        E               9.8;
        n               4;
        value           nonuniform List<scalar> 
45
(
4.58024e-06
4.13255e-06
4.01225e-06
3.94645e-06
3.91413e-06
3.88724e-06
3.85288e-06
3.80366e-06
3.73484e-06
3.64278e-06
3.52407e-06
3.37469e-06
3.18907e-06
2.95908e-06
2.67472e-06
2.32545e-06
1.88792e-06
1.31869e-06
7.57442e-07
2.87413e-07
4.72906e-08
3.75685e-06
3.30083e-06
3.13889e-06
1.56505e-06
1.00242e-06
1.36726e-06
1.43892e-06
1.46843e-06
1.46434e-06
1.46171e-06
1.51994e-06
1.66819e-06
1.89713e-06
2.16873e-06
2.44051e-06
2.67776e-06
2.85204e-06
2.93994e-06
2.92202e-06
2.76922e-06
2.42667e-06
1.76024e-06
1.01298e-06
3.50727e-07
)
;
    }
    frontAndBack
    {
        type            empty;
    }
}


// ************************************************************************* //
