/*--------------------------------*- C++ -*----------------------------------*\
| =========                 |                                                 |
| \\      /  F ield         | OpenFOAM: The Open Source CFD Toolbox           |
|  \\    /   O peration     | Version:  v2012                                 |
|   \\  /    A nd           | Website:  www.openfoam.com                      |
|    \\/     M anipulation  |                                                 |
\*---------------------------------------------------------------------------*/
FoamFile
{
    version     2.0;
    format      ascii;
    class       volScalarField;
    location    "619";
    object      p;
}
// * * * * * * * * * * * * * * * * * * * * * * * * * * * * * * * * * * * * * //

dimensions      [0 2 -2 0 0 0 0];


internalField   nonuniform List<scalar> 
6057
(
0.319954
0.320506
0.32098
0.321393
0.321758
0.322086
0.322387
0.32267
0.322939
0.323199
0.323453
0.323702
0.323947
0.324193
0.324441
0.324694
0.324956
0.325281
0.325817
0.326598
0.319958
0.320519
0.320997
0.321409
0.321774
0.322103
0.322406
0.322691
0.322964
0.323228
0.323487
0.323742
0.323995
0.324249
0.324504
0.324761
0.325016
0.325294
0.325618
0.325905
0.32
0.320555
0.321023
0.321425
0.32178
0.3221
0.322396
0.322677
0.322946
0.323209
0.323467
0.323722
0.323976
0.324231
0.324487
0.324736
0.324977
0.32522
0.325431
0.325532
0.32014
0.32067
0.321111
0.321488
0.321819
0.322121
0.322404
0.322673
0.322935
0.323192
0.323446
0.323698
0.32395
0.324201
0.324451
0.32469
0.32492
0.325142
0.325315
0.325374
0.320385
0.320867
0.321262
0.321596
0.321894
0.322169
0.322434
0.32269
0.322943
0.323193
0.323442
0.323691
0.32394
0.324189
0.324434
0.32467
0.324896
0.325105
0.32526
0.325307
0.320743
0.321142
0.321469
0.321743
0.321997
0.32224
0.322482
0.322722
0.322964
0.323207
0.323452
0.323698
0.323944
0.324192
0.324436
0.324671
0.324897
0.325105
0.325261
0.325307
0.321233
0.321493
0.321725
0.32192
0.322119
0.322325
0.322542
0.322766
0.322998
0.323234
0.323474
0.323717
0.323962
0.324209
0.324456
0.324693
0.324923
0.325144
0.325316
0.325375
0.32191
0.321916
0.322015
0.322109
0.322246
0.322415
0.322608
0.322818
0.32304
0.323271
0.323508
0.32375
0.323994
0.324243
0.324494
0.324741
0.324981
0.325223
0.325433
0.325533
0.32277
0.322377
0.322279
0.322264
0.322345
0.322483
0.322659
0.322859
0.323075
0.323301
0.323536
0.323774
0.324017
0.324263
0.324514
0.324767
0.32502
0.325297
0.32562
0.325907
0.323621
0.322782
0.322397
0.322313
0.322358
0.32248
0.322647
0.322841
0.323052
0.323273
0.323501
0.323733
0.323968
0.324207
0.32445
0.324699
0.32496
0.325284
0.32582
0.3266
0.412406
0.393316
0.376554
0.36209
0.34985
0.339718
0.331549
0.325172
0.3204
0.317031
0.314857
0.313668
0.313257
0.313434
0.31402
0.314857
0.315818
0.316798
0.317727
0.31857
0.319312
0.412384
0.393253
0.376428
0.361893
0.349582
0.339385
0.331159
0.324736
0.319932
0.316548
0.314379
0.313213
0.312844
0.313076
0.313728
0.314638
0.315663
0.316698
0.317668
0.318538
0.3193
0.409678
0.390693
0.374013
0.359621
0.347454
0.337404
0.329328
0.32306
0.318417
0.315202
0.313211
0.31223
0.312046
0.312456
0.313273
0.314332
0.315487
0.316622
0.317657
0.318562
0.31934
0.404354
0.385663
0.369294
0.355227
0.343396
0.333691
0.325967
0.320055
0.315771
0.312918
0.311292
0.310672
0.310836
0.311568
0.312678
0.313991
0.315353
0.316641
0.317765
0.318703
0.319489
0.396371
0.378141
0.362269
0.348724
0.337433
0.328281
0.321121
0.315775
0.312053
0.309749
0.308669
0.308591
0.309265
0.310462
0.311992
0.313664
0.31531
0.316804
0.318034
0.318988
0.319759
0.385748
0.368157
0.352973
0.340151
0.329607
0.321222
0.314843
0.310262
0.307264
0.305671
0.305336
0.306007
0.307377
0.309186
0.311258
0.313405
0.315415
0.317178
0.31853
0.319441
0.320152
0.372567
0.355791
0.341485
0.329584
0.319986
0.312565
0.307136
0.303433
0.301294
0.300678
0.301346
0.302977
0.305295
0.307915
0.310631
0.313334
0.31579
0.317882
0.319335
0.320051
0.320652
0.357014
0.341235
0.327995
0.317199
0.308719
0.302401
0.298046
0.295457
0.294495
0.295019
0.296761
0.299471
0.302924
0.306636
0.310155
0.313463
0.316405
0.318797
0.320328
0.320795
0.321258
0.339525
0.324943
0.312959
0.303438
0.29622
0.291126
0.287975
0.286601
0.2868
0.288317
0.291059
0.294915
0.299545
0.304314
0.308771
0.312863
0.316369
0.31916
0.321478
0.322575
0.321833
0.320917
0.307758
0.297212
0.289102
0.283233
0.27942
0.277508
0.277361
0.278736
0.281319
0.285179
0.290234
0.296084
0.302291
0.308509
0.31435
0.319406
0.323324
0.32682
0.327249
0.319537
0.769137
0.767857
0.767121
0.767181
0.767042
0.765165
0.757701
0.741899
0.719713
0.693528
0.664733
0.634373
0.603284
0.572166
0.54161
0.512113
0.484098
0.457936
0.433943
0.76855
0.766839
0.766631
0.767507
0.767774
0.765067
0.755634
0.73901
0.717414
0.691823
0.663516
0.633551
0.602773
0.571887
0.541495
0.512106
0.484152
0.45801
0.433972
0.768845
0.766833
0.766801
0.767333
0.76599
0.760446
0.748901
0.731853
0.710542
0.685549
0.657919
0.628567
0.598309
0.567847
0.537796
0.508683
0.480959
0.45501
0.431127
0.77097
0.768491
0.767517
0.765806
0.761398
0.752983
0.73992
0.722461
0.701134
0.67651
0.649404
0.620591
0.590817
0.560771
0.531071
0.502263
0.474819
0.449138
0.425524
0.774258
0.770835
0.76765
0.762969
0.755449
0.744541
0.729938
0.711677
0.69001
0.665412
0.638518
0.609995
0.580525
0.550771
0.521353
0.492831
0.465693
0.44035
0.417117
0.776936
0.771803
0.766033
0.758395
0.748074
0.734894
0.718646
0.699311
0.677034
0.652167
0.625211
0.596746
0.5674
0.537815
0.508611
0.48036
0.453564
0.428644
0.405916
0.77718
0.769994
0.761914
0.751585
0.738814
0.723594
0.705743
0.685235
0.662166
0.636804
0.609557
0.580941
0.551545
0.521999
0.492932
0.464931
0.43851
0.414095
0.391999
0.773743
0.764815
0.754878
0.742315
0.727493
0.710489
0.691134
0.669429
0.645448
0.61941
0.59167
0.562704
0.533087
0.503452
0.474447
0.44668
0.420679
0.396867
0.375543
0.766901
0.756235
0.744809
0.730516
0.714028
0.695486
0.674749
0.651861
0.626894
0.600047
0.571649
0.542166
0.512183
0.48236
0.453377
0.425872
0.400381
0.377319
0.35695
0.756587
0.744307
0.731757
0.716168
0.698358
0.678518
0.656544
0.632525
0.606546
0.578803
0.549629
0.519513
0.489077
0.459034
0.430118
0.402996
0.378207
0.356135
0.336984
0.302038
0.290665
0.281849
0.275349
0.270932
0.268387
0.267556
0.268297
0.270368
0.273507
0.277664
0.282789
0.288576
0.294664
0.300482
0.30547
0.309647
0.313641
0.316724
0.314171
0.302482
0.284982
0.275805
0.269005
0.264304
0.261472
0.260324
0.260739
0.262621
0.265775
0.26994
0.274923
0.280736
0.287129
0.29359
0.299339
0.303953
0.307713
0.311102
0.312911
0.310952
0.306197
0.271514
0.26448
0.259518
0.256383
0.254889
0.254887
0.256235
0.25882
0.262472
0.266878
0.271942
0.277711
0.283961
0.290329
0.296284
0.301338
0.30537
0.308411
0.309715
0.308427
0.305913
0.261545
0.256321
0.25283
0.250854
0.250217
0.250772
0.252401
0.255069
0.258717
0.263183
0.268313
0.273999
0.280059
0.286178
0.291974
0.297123
0.301393
0.304548
0.30609
0.305674
0.304265
0.254218
0.250249
0.247621
0.24617
0.2458
0.246457
0.248111
0.250748
0.254306
0.258683
0.263765
0.269404
0.275393
0.281424
0.287171
0.292358
0.296738
0.300021
0.301936
0.302325
0.301621
0.2483
0.244982
0.242713
0.241436
0.241137
0.241813
0.243454
0.24605
0.249537
0.253826
0.258805
0.264332
0.270199
0.276116
0.281793
0.286988
0.291458
0.294918
0.297213
0.298235
0.298001
0.24286
0.239834
0.237712
0.236505
0.236233
0.236904
0.238511
0.241039
0.244433
0.248609
0.25346
0.258844
0.264567
0.270359
0.27596
0.281161
0.285711
0.289338
0.291935
0.293405
0.293479
0.237492
0.23461
0.232567
0.2314
0.231138
0.231787
0.233342
0.235785
0.239068
0.243114
0.247818
0.253047
0.258617
0.264285
0.26981
0.274997
0.279596
0.283347
0.286158
0.287912
0.288178
0.232087
0.229299
0.227317
0.22618
0.225917
0.226534
0.228024
0.230373
0.233533
0.237436
0.241984
0.247048
0.25246
0.258002
0.263442
0.26859
0.273206
0.277031
0.279969
0.281879
0.282256
0.226655
0.223951
0.222025
0.220914
0.220646
0.221223
0.222642
0.224888
0.227919
0.231671
0.236054
0.240949
0.246197
0.251603
0.256949
0.262039
0.266635
0.270485
0.273476
0.275451
0.275883
0.221248
0.218629
0.216759
0.215673
0.215395
0.21593
0.217273
0.219411
0.222307
0.225902
0.230115
0.234835
0.239917
0.24518
0.25042
0.25543
0.259975
0.263808
0.266795
0.268771
0.269223
0.215926
0.213393
0.21158
0.210518
0.210231
0.21072
0.211986
0.214013
0.21677
0.220205
0.224244
0.228786
0.233696
0.238809
0.243928
0.248841
0.253312
0.257096
0.26004
0.261977
0.262425
0.210742
0.208297
0.206541
0.205504
0.205208
0.205653
0.20684
0.208757
0.211374
0.214646
0.218508
0.222867
0.227602
0.232556
0.237542
0.242344
0.246726
0.25044
0.253317
0.255191
0.255625
0.20574
0.203385
0.201689
0.200678
0.200374
0.200776
0.201886
0.203693
0.206171
0.209282
0.212966
0.217142
0.221697
0.226486
0.231328
0.23601
0.240292
0.243925
0.246723
0.248524
0.248939
0.200958
0.198695
0.19706
0.196077
0.195768
0.19613
0.197165
0.198865
0.201208
0.204159
0.207668
0.21166
0.216035
0.220656
0.225349
0.229904
0.234081
0.237627
0.240344
0.242069
0.242467
0.196425
0.194255
0.192683
0.191732
0.19142
0.191745
0.19271
0.194309
0.196521
0.199318
0.202655
0.206468
0.210664
0.215116
0.219659
0.224085
0.228155
0.231614
0.234255
0.235907
0.236295
0.192164
0.190089
0.188582
0.187665
0.187353
0.187645
0.188546
0.190049
0.192138
0.194788
0.197962
0.201602
0.205624
0.209911
0.214306
0.218605
0.222571
0.225946
0.228519
0.230108
0.230495
0.188192
0.186213
0.184773
0.183892
0.183585
0.183849
0.184691
0.186106
0.188081
0.190594
0.193614
0.19709
0.200948
0.205077
0.20933
0.213508
0.217377
0.220677
0.223194
0.224731
0.22513
0.18452
0.182639
0.181268
0.180425
0.180126
0.180367
0.181159
0.182494
0.184365
0.186753
0.189632
0.192957
0.196661
0.200645
0.204765
0.208833
0.212614
0.21585
0.218326
0.219824
0.22025
0.181159
0.179375
0.178074
0.177272
0.176985
0.177209
0.177956
0.179222
0.181
0.183277
0.186029
0.189218
0.192785
0.196637
0.200639
0.20461
0.208318
0.211504
0.213957
0.215432
0.215903
0.178116
0.17643
0.175198
0.174439
0.174166
0.174379
0.175089
0.176295
0.177993
0.180172
0.182813
0.185885
0.189333
0.193072
0.196975
0.200866
0.20452
0.207673
0.210121
0.211592
0.212132
0.175402
0.173812
0.172649
0.171931
0.171674
0.171879
0.172559
0.173714
0.175344
0.177441
0.179991
0.182964
0.186314
0.189962
0.193788
0.197622
0.201242
0.204384
0.206852
0.208341
0.208967
0.17299
0.171518
0.170432
0.169754
0.169511
0.16971
0.170365
0.171479
0.173054
0.175085
0.177561
0.180459
0.183734
0.187316
0.19109
0.194893
0.198507
0.201662
0.204176
0.205706
0.206433
0.170861
0.169509
0.168528
0.16791
0.167681
0.167872
0.168505
0.169586
0.171118
0.1731
0.175523
0.178367
0.181594
0.185138
0.188891
0.192694
0.196331
0.199529
0.202115
0.203701
0.204557
0.169051
0.167781
0.166894
0.166366
0.166178
0.166363
0.166974
0.168029
0.169531
0.17148
0.173871
0.176687
0.179894
0.183431
0.187196
0.191034
0.19473
0.198005
0.200687
0.202343
0.203389
0.167584
0.166377
0.165543
0.165084
0.164965
0.16517
0.165764
0.166798
0.168283
0.170217
0.172597
0.175411
0.178629
0.182194
0.186009
0.189921
0.193719
0.197107
0.199929
0.201731
0.202975
0.166447
0.165298
0.164507
0.164081
0.164005
0.164254
0.164856
0.165882
0.167364
0.169302
0.171695
0.174535
0.177796
0.181426
0.185332
0.189364
0.193305
0.196847
0.199875
0.201929
0.203348
0.165623
0.164524
0.163773
0.163373
0.163315
0.16359
0.16422
0.165262
0.166761
0.168723
0.171154
0.174049
0.177388
0.181123
0.185166
0.189367
0.193501
0.197259
0.200548
0.202761
0.204472
0.1651
0.164041
0.163322
0.162947
0.162901
0.163185
0.163842
0.164927
0.166463
0.168472
0.170965
0.173944
0.177396
0.18128
0.185509
0.189934
0.194323
0.198382
0.201961
0.204312
0.206389
0.16487
0.16384
0.163146
0.16279
0.162753
0.163044
0.163737
0.164874
0.166464
0.168538
0.171117
0.174212
0.177815
0.181892
0.186361
0.19107
0.19578
0.200181
0.204021
0.206723
0.209191
0.16493
0.16392
0.163243
0.162898
0.162862
0.163176
0.163921
0.165108
0.166761
0.168917
0.171606
0.174846
0.178639
0.182957
0.187722
0.19278
0.197879
0.202659
0.206851
0.209955
0.212906
0.165281
0.164283
0.163616
0.163277
0.163241
0.16359
0.164389
0.165626
0.16735
0.169604
0.172425
0.17584
0.179862
0.184469
0.18959
0.195065
0.200623
0.205866
0.210558
0.214069
0.21754
0.16593
0.164935
0.16427
0.163928
0.163905
0.164294
0.165132
0.166425
0.168228
0.170594
0.173568
0.177187
0.181476
0.186423
0.191961
0.197924
0.204016
0.209803
0.21503
0.21903
0.223104
0.166883
0.165881
0.16521
0.164857
0.164856
0.165287
0.166155
0.167503
0.169392
0.171882
0.175027
0.178879
0.183473
0.188809
0.194824
0.201346
0.208046
0.214455
0.220275
0.224825
0.229579
0.168147
0.16713
0.166448
0.166084
0.166098
0.166558
0.167454
0.168858
0.170839
0.173462
0.176797
0.180907
0.185841
0.191613
0.198165
0.205312
0.21269
0.219789
0.226253
0.231405
0.236908
0.169729
0.168686
0.167985
0.167614
0.167636
0.168105
0.169029
0.17049
0.172564
0.175329
0.178867
0.183256
0.188563
0.194814
0.201956
0.20979
0.217903
0.225754
0.232902
0.238672
0.244969
0.171638
0.170559
0.169826
0.169453
0.169481
0.169938
0.170882
0.172397
0.174565
0.177476
0.181227
0.185913
0.191617
0.198382
0.206158
0.214724
0.223616
0.232284
0.240121
0.246463
0.253556
0.173891
0.172766
0.171994
0.171611
0.171627
0.17206
0.173015
0.174577
0.176836
0.179894
0.183863
0.188856
0.194974
0.202275
0.210712
0.22003
0.229732
0.239275
0.247711
0.254528
0.262361
0.176499
0.175318
0.174503
0.174088
0.174065
0.17447
0.175427
0.177029
0.179373
0.182574
0.186758
0.192059
0.198593
0.206434
0.215525
0.225575
0.236086
0.246468
0.255324
0.262542
0.270963
0.179472
0.17822
0.177354
0.176883
0.176801
0.177168
0.178118
0.17975
0.182169
0.185504
0.189895
0.19549
0.202424
0.210776
0.220471
0.231173
0.24242
0.253408
0.262543
0.270082
0.278799
0.182821
0.181482
0.180548
0.18
0.17984
0.180158
0.181089
0.182738
0.18522
0.188674
0.193251
0.199114
0.206404
0.215199
0.225388
0.236607
0.248375
0.259639
0.268973
0.276627
0.28522
0.186559
0.185115
0.184092
0.183446
0.183189
0.183442
0.184341
0.185994
0.188522
0.192071
0.196801
0.202885
0.210465
0.219612
0.230088
0.241619
0.253562
0.264837
0.274206
0.28177
0.289834
0.190702
0.189132
0.187993
0.187225
0.186853
0.187026
0.187878
0.189518
0.192071
0.195685
0.200519
0.206746
0.214522
0.223882
0.234344
0.245844
0.257596
0.268683
0.277835
0.285315
0.292786
0.195269
0.193546
0.192261
0.191343
0.190837
0.190915
0.191706
0.193317
0.195869
0.199513
0.204385
0.210672
0.218471
0.227583
0.237869
0.248925
0.260089
0.270725
0.279445
0.286842
0.293619
0.20028
0.19837
0.196903
0.195806
0.195147
0.195115
0.195833
0.197398
0.199922
0.203542
0.208361
0.214653
0.222201
0.230695
0.240364
0.250529
0.260746
0.270554
0.278662
0.285848
0.291978
0.205759
0.20362
0.201926
0.20062
0.199789
0.199637
0.200274
0.201779
0.204242
0.207752
0.212389
0.218461
0.225264
0.233119
0.241604
0.250415
0.259368
0.268018
0.275351
0.282108
0.288315
0.211735
0.209312
0.20734
0.20579
0.204769
0.204492
0.205047
0.206484
0.20884
0.212172
0.216581
0.221862
0.227895
0.234581
0.241482
0.248588
0.256003
0.26333
0.269867
0.276168
0.282632
0.218234
0.215462
0.213147
0.211309
0.210088
0.209691
0.210175
0.211525
0.213741
0.216941
0.221006
0.225097
0.230025
0.234999
0.239995
0.245292
0.251075
0.257119
0.262963
0.268717
0.275134
0.225274
0.222056
0.219326
0.217154
0.215735
0.215239
0.21566
0.216928
0.219112
0.222112
0.224896
0.227968
0.231299
0.234377
0.237485
0.241105
0.245384
0.250292
0.255502
0.260656
0.26701
0.232854
0.229054
0.225822
0.223281
0.221679
0.221113
0.22151
0.222871
0.225038
0.226648
0.2285
0.230626
0.232023
0.233145
0.234577
0.236723
0.239758
0.243684
0.248195
0.252786
0.259018
0.240936
0.236393
0.232545
0.229611
0.22785
0.227287
0.227898
0.229438
0.230259
0.231292
0.232564
0.232714
0.232216
0.231687
0.231699
0.232622
0.234653
0.237745
0.2416
0.245637
0.251335
0.249402
0.243909
0.239309
0.235995
0.234146
0.233838
0.23489
0.235279
0.235697
0.236373
0.235775
0.234171
0.232142
0.230253
0.229138
0.229155
0.23043
0.232863
0.236251
0.23981
0.244844
0.258017
0.251295
0.245848
0.242264
0.240496
0.240591
0.240878
0.241
0.241385
0.240477
0.238304
0.235297
0.232043
0.229192
0.2273
0.226668
0.227424
0.229497
0.232635
0.235809
0.24037
0.266395
0.258088
0.251815
0.248158
0.246372
0.24615
0.246291
0.246687
0.245894
0.243625
0.240173
0.236195
0.232263
0.228818
0.226381
0.225362
0.225864
0.227849
0.230936
0.234006
0.238338
0.273834
0.263431
0.25639
0.252383
0.250926
0.250856
0.251294
0.250844
0.248883
0.245626
0.241545
0.237144
0.232826
0.229028
0.226338
0.22521
0.225715
0.227879
0.231209
0.234672
0.239097
0.279126
0.265836
0.258083
0.254376
0.25368
0.254052
0.254009
0.252772
0.250347
0.246965
0.242791
0.238177
0.233606
0.229675
0.227037
0.226107
0.226954
0.229606
0.233559
0.23797
0.24269
0.28009
0.264639
0.257361
0.254704
0.254361
0.25443
0.254152
0.253163
0.251163
0.248002
0.243841
0.239167
0.23459
0.230819
0.228518
0.22803
0.229479
0.232907
0.237901
0.243605
0.248404
0.274716
0.259582
0.254447
0.253198
0.253027
0.253216
0.253508
0.253189
0.25157
0.24855
0.244517
0.240059
0.235792
0.232427
0.230622
0.230743
0.232991
0.237461
0.243853
0.250631
0.254511
0.259152
0.251334
0.251106
0.250676
0.251259
0.252368
0.253001
0.252713
0.251215
0.248492
0.244838
0.240747
0.236858
0.233919
0.232692
0.233632
0.236952
0.242645
0.250212
0.256702
0.258604
0.245856
0.247506
0.248251
0.249242
0.250523
0.251697
0.252205
0.251835
0.250484
0.248131
0.244927
0.241268
0.2378
0.235397
0.234892
0.236791
0.24105
0.247266
0.254671
0.259629
0.260071
0.74185
0.728546
0.715289
0.698778
0.679936
0.658996
0.635919
0.610818
0.583807
0.555104
0.525076
0.494265
0.463374
0.433202
0.404551
0.378121
0.354432
0.333797
0.316323
0.722703
0.70884
0.695318
0.678257
0.658674
0.636845
0.612817
0.586718
0.558708
0.529048
0.498176
0.46674
0.435569
0.405586
0.377672
0.352537
0.330628
0.312122
0.296956
0.700261
0.686249
0.672711
0.655432
0.635376
0.612895
0.588103
0.561159
0.532277
0.501793
0.470263
0.438493
0.407483
0.37829
0.351841
0.328775
0.309363
0.293552
0.281046
0.675422
0.661438
0.648003
0.630705
0.610405
0.587498
0.562138
0.53454
0.504986
0.473929
0.442091
0.410483
0.380291
0.352666
0.328479
0.308168
0.29172
0.278791
0.268878
0.648819
0.634982
0.62173
0.604508
0.584181
0.561057
0.535348
0.507338
0.4774
0.446142
0.4145
0.383705
0.355091
0.329795
0.308491
0.291293
0.277853
0.26758
0.259853
0.620947
0.607392
0.594365
0.577316
0.557152
0.534016
0.508206
0.480073
0.450115
0.419131
0.388287
0.359003
0.332661
0.310243
0.292095
0.277954
0.267177
0.259029
0.252872
0.5923
0.579149
0.5664
0.549648
0.529791
0.506847
0.481197
0.453268
0.423707
0.39352
0.36408
0.336918
0.313333
0.294015
0.27892
0.26744
0.258747
0.252077
0.246877
0.563364
0.550718
0.53833
0.521986
0.502558
0.480006
0.454781
0.427397
0.398663
0.369777
0.342262
0.317647
0.297018
0.280701
0.268273
0.258885
0.251653
0.245903
0.241232
0.534587
0.522523
0.510581
0.494734
0.47586
0.453896
0.429355
0.40285
0.37534
0.348181
0.322957
0.301082
0.283344
0.269694
0.259411
0.251537
0.245257
0.24005
0.23567
0.50635
0.494926
0.483499
0.468234
0.450041
0.428848
0.405233
0.379901
0.353946
0.328819
0.306075
0.286921
0.271815
0.26038
0.251716
0.244882
0.239202
0.23432
0.230121
0.478974
0.46823
0.457373
0.442771
0.425375
0.405116
0.382631
0.358713
0.334549
0.311624
0.291384
0.274774
0.261934
0.252249
0.244759
0.238624
0.23333
0.228663
0.224605
0.452719
0.442683
0.432438
0.418569
0.402066
0.382872
0.361677
0.339338
0.317098
0.296421
0.278587
0.264249
0.253279
0.244932
0.238278
0.232619
0.22759
0.223094
0.219171
0.427787
0.418472
0.40887
0.395787
0.380249
0.362214
0.342414
0.321744
0.301463
0.282977
0.267379
0.255011
0.245535
0.238189
0.232132
0.226813
0.221993
0.217655
0.213871
0.404324
0.39573
0.386789
0.374527
0.36
0.343179
0.324824
0.30584
0.287456
0.271026
0.257497
0.246809
0.238486
0.231881
0.226262
0.221204
0.216569
0.212391
0.20875
0.382425
0.37454
0.366264
0.35484
0.341343
0.325754
0.308843
0.291493
0.274853
0.260361
0.248762
0.239447
0.231988
0.225935
0.220649
0.215811
0.211355
0.20734
0.203847
0.362138
0.354943
0.347322
0.336736
0.324263
0.309893
0.294389
0.278581
0.263577
0.250897
0.240913
0.232705
0.225951
0.220312
0.215295
0.210658
0.206381
0.202535
0.199191
0.343478
0.336941
0.329958
0.320193
0.308721
0.295533
0.281368
0.266981
0.253616
0.24255
0.233709
0.226417
0.220288
0.214987
0.210209
0.205767
0.201674
0.197999
0.194806
0.326424
0.320512
0.314139
0.305167
0.294654
0.282595
0.269698
0.256627
0.244804
0.235093
0.227095
0.220546
0.214945
0.209952
0.205403
0.201157
0.197251
0.19375
0.190709
0.310937
0.30561
0.299812
0.291596
0.281989
0.270991
0.259282
0.247468
0.236957
0.228309
0.221036
0.215091
0.209926
0.205221
0.200892
0.196842
0.193125
0.1898
0.186912
0.296954
0.292175
0.286912
0.279405
0.270643
0.260619
0.249971
0.239356
0.229976
0.22214
0.215494
0.210032
0.205246
0.200817
0.196688
0.192833
0.189307
0.186159
0.183424
0.284407
0.280133
0.275365
0.268515
0.260532
0.251393
0.241672
0.232156
0.223759
0.216561
0.210448
0.205372
0.200912
0.196741
0.192797
0.189134
0.185802
0.182835
0.180256
0.273224
0.26941
0.265094
0.258848
0.251574
0.243245
0.234364
0.225781
0.218188
0.211535
0.205884
0.201128
0.196921
0.192978
0.189231
0.185761
0.182615
0.179824
0.17741
0.263327
0.259928
0.256023
0.250328
0.243693
0.236098
0.227982
0.220168
0.213217
0.207044
0.201791
0.19731
0.193305
0.189563
0.186024
0.182743
0.179763
0.177124
0.174857
0.254638
0.251612
0.248077
0.242878
0.236814
0.22987
0.222438
0.215267
0.208836
0.203079
0.198165
0.193929
0.190112
0.186554
0.183205
0.180097
0.17727
0.174761
0.17261
0.247078
0.244387
0.241183
0.236429
0.230869
0.224495
0.217661
0.211034
0.205036
0.199634
0.195006
0.190988
0.187352
0.183963
0.180782
0.177831
0.175144
0.172759
0.170713
0.240575
0.238183
0.235273
0.230915
0.225797
0.219918
0.213604
0.207435
0.201797
0.196698
0.192313
0.188486
0.185015
0.181782
0.178752
0.175941
0.173383
0.171114
0.169167
0.235061
0.232934
0.230288
0.226279
0.221546
0.216094
0.210228
0.204444
0.199104
0.194261
0.190081
0.186419
0.183096
0.180003
0.177107
0.174423
0.171982
0.169815
0.167957
0.230475
0.228586
0.226176
0.222469
0.218069
0.212983
0.2075
0.202039
0.196943
0.192312
0.188303
0.184783
0.181589
0.17862
0.175844
0.173271
0.17093
0.168853
0.16707
0.226757
0.225058
0.22289
0.219438
0.215324
0.210551
0.205393
0.200201
0.195302
0.190845
0.186976
0.183575
0.180492
0.17763
0.174955
0.172476
0.170221
0.168218
0.166497
0.223878
0.222443
0.220401
0.217146
0.213277
0.208769
0.203884
0.198914
0.194171
0.189852
0.186095
0.182791
0.1798
0.177026
0.174435
0.172034
0.169847
0.167902
0.166229
0.22181
0.220624
0.218622
0.215555
0.211896
0.207609
0.202955
0.198167
0.193543
0.189329
0.185655
0.182427
0.179509
0.176806
0.174282
0.171941
0.169805
0.167903
0.166264
0.220431
0.219339
0.217475
0.214626
0.21115
0.207051
0.202588
0.197947
0.193411
0.189271
0.185656
0.182482
0.179618
0.176968
0.174493
0.172194
0.170094
0.168219
0.1666
0.219723
0.218653
0.216985
0.214338
0.211018
0.207079
0.202772
0.198245
0.19377
0.189678
0.186099
0.182957
0.180128
0.177513
0.175069
0.172796
0.170716
0.168856
0.167245
0.219704
0.218705
0.217186
0.214682
0.211487
0.20768
0.203498
0.199056
0.194618
0.190552
0.186986
0.183856
0.181042
0.178444
0.176015
0.173753
0.171678
0.169819
0.168205
0.220382
0.219471
0.218053
0.215644
0.212548
0.208845
0.204761
0.200378
0.195955
0.191892
0.188319
0.185181
0.182364
0.179766
0.177337
0.17507
0.172987
0.171115
0.169486
0.221707
0.220929
0.219546
0.217204
0.214188
0.210566
0.206555
0.202211
0.197784
0.193703
0.190103
0.186939
0.184102
0.181488
0.179043
0.176758
0.174653
0.172754
0.171096
0.223623
0.222989
0.22162
0.219341
0.216392
0.212835
0.208877
0.204555
0.200109
0.195992
0.192347
0.189138
0.186264
0.18362
0.181145
0.178827
0.176685
0.174747
0.173046
0.226096
0.225562
0.22424
0.222037
0.219148
0.215643
0.211725
0.207414
0.202937
0.198768
0.19506
0.191791
0.188864
0.186175
0.183656
0.181291
0.179099
0.177106
0.175349
0.229125
0.228664
0.227405
0.225278
0.222445
0.218986
0.2151
0.21079
0.206276
0.202041
0.198257
0.194911
0.191917
0.189167
0.18659
0.184165
0.181908
0.179847
0.178023
0.232706
0.232316
0.231116
0.229059
0.226277
0.222861
0.219001
0.21469
0.210135
0.205826
0.201953
0.198518
0.19544
0.192616
0.189966
0.187466
0.185127
0.182986
0.181081
0.236824
0.236505
0.235358
0.233368
0.230639
0.227267
0.22343
0.219119
0.214526
0.210138
0.206167
0.20263
0.199455
0.196541
0.193803
0.19121
0.188778
0.186543
0.184534
0.241458
0.241207
0.240114
0.238193
0.235522
0.232199
0.22839
0.224085
0.219462
0.214996
0.21092
0.207272
0.203987
0.200967
0.198125
0.195425
0.192887
0.190533
0.188396
0.246584
0.2464
0.245365
0.243522
0.240918
0.237653
0.233882
0.229594
0.224954
0.220418
0.216238
0.21247
0.209065
0.205924
0.202959
0.200141
0.197477
0.194976
0.192685
0.25218
0.252063
0.251093
0.249337
0.246815
0.243624
0.239905
0.235653
0.231017
0.226425
0.222147
0.218258
0.214721
0.211443
0.208345
0.205396
0.202573
0.199895
0.197423
0.25822
0.258173
0.257276
0.255621
0.253198
0.250103
0.246458
0.242265
0.237664
0.233041
0.228677
0.22467
0.220997
0.217571
0.214333
0.211225
0.208208
0.205321
0.202637
0.264676
0.264701
0.263887
0.26235
0.26005
0.257079
0.253535
0.249435
0.244906
0.240286
0.235862
0.231748
0.227936
0.224367
0.220975
0.217669
0.214425
0.211295
0.208359
0.271512
0.271614
0.270896
0.269497
0.267348
0.264534
0.261129
0.25716
0.252751
0.248181
0.243734
0.239537
0.235597
0.23189
0.228324
0.224787
0.221282
0.217865
0.214627
0.278692
0.278873
0.278266
0.277029
0.275062
0.272446
0.269223
0.265436
0.261205
0.256745
0.252326
0.248082
0.24405
0.240212
0.236444
0.232653
0.228849
0.225089
0.221485
0.286169
0.286436
0.285955
0.284904
0.283155
0.280782
0.277794
0.274249
0.270265
0.26599
0.261668
0.257432
0.253356
0.249399
0.24542
0.241356
0.237207
0.233033
0.228977
0.293894
0.294251
0.293912
0.293076
0.291583
0.289502
0.286809
0.283578
0.279921
0.275917
0.27178
0.267639
0.263575
0.25952
0.255346
0.250992
0.246441
0.241763
0.237136
0.301811
0.302262
0.302083
0.301488
0.300289
0.298549
0.296221
0.293389
0.290145
0.286514
0.282666
0.278729
0.274754
0.270652
0.266314
0.261653
0.256632
0.251331
0.245976
0.309858
0.310408
0.310404
0.310076
0.30921
0.307851
0.305969
0.303638
0.300891
0.297747
0.294315
0.290703
0.28692
0.28286
0.278404
0.273425
0.267846
0.261761
0.255468
0.317969
0.31862
0.318805
0.31877
0.318277
0.317343
0.31598
0.314241
0.312085
0.309547
0.306676
0.30353
0.300072
0.296172
0.291669
0.286366
0.280116
0.27304
0.265507
0.326073
0.326827
0.327212
0.327489
0.327408
0.32695
0.326158
0.325074
0.323616
0.321807
0.319648
0.31713
0.314159
0.310568
0.306113
0.300487
0.293425
0.285109
0.275864
0.334096
0.334951
0.335544
0.336146
0.336503
0.336565
0.336383
0.336008
0.335344
0.334382
0.333077
0.331356
0.32906
0.325951
0.321668
0.315725
0.3077
0.297902
0.286155
0.341963
0.342915
0.343718
0.344648
0.345452
0.346061
0.346518
0.346894
0.347095
0.347076
0.34675
0.345985
0.344559
0.342131
0.338175
0.331941
0.322863
0.311391
0.295785
0.349597
0.350642
0.351647
0.3529
0.354146
0.35531
0.356417
0.357561
0.35866
0.359644
0.360388
0.360715
0.360336
0.358789
0.355331
0.348922
0.338778
0.32498
0.30277
0.356926
0.358057
0.359253
0.360809
0.362476
0.364179
0.365923
0.367818
0.369808
0.371803
0.373656
0.375155
0.375952
0.375468
0.372707
0.366444
0.355137
0.33675
0.302672
0.363875
0.365097
0.366459
0.368286
0.370335
0.372541
0.37488
0.37747
0.380295
0.38325
0.386173
0.388835
0.390842
0.391522
0.389725
0.384189
0.371969
0.348132
0.29875
0.370371
0.371715
0.373199
0.375257
0.377632
0.380282
0.383144
0.386337
0.389889
0.393684
0.397552
0.401251
0.404352
0.406135
0.405563
0.401295
0.390274
0.365892
0.301431
0.375984
0.377235
0.37874
0.380963
0.383564
0.386543
0.389787
0.393409
0.397479
0.401865
0.406394
0.410813
0.414663
0.417242
0.417878
0.415007
0.407118
0.380358
0.313436
0.38066
0.381696
0.38323
0.385555
0.388305
0.391511
0.395019
0.398925
0.403328
0.408088
0.41302
0.41785
0.422098
0.425171
0.426802
0.426217
0.422019
0.385759
0.300855
0.384798
0.385764
0.387372
0.389765
0.392624
0.395997
0.399698
0.403793
0.408408
0.413388
0.418528
0.423522
0.427876
0.431157
0.433454
0.435799
0.434648
0.396469
0.294736
0.39642
0.405395
0.40928
0.411026
0.412184
0.413366
0.414871
0.416858
0.419404
0.42254
0.426267
0.430561
0.435382
0.440646
0.44613
0.451399
0.456027
0.459751
0.461592
0.461457
0.461238
0.410618
0.410404
0.411119
0.4116
0.412177
0.413017
0.414279
0.416058
0.41841
0.421354
0.424877
0.428945
0.433505
0.438472
0.443678
0.448845
0.453659
0.457738
0.46035
0.461167
0.461147
0.417737
0.414481
0.412893
0.412216
0.412147
0.412585
0.413574
0.415147
0.41732
0.420091
0.423432
0.427296
0.431612
0.436281
0.441156
0.446046
0.450738
0.454974
0.458404
0.460451
0.460748
0.420708
0.416489
0.413806
0.41232
0.4117
0.411753
0.412453
0.413793
0.415759
0.418329
0.421463
0.425102
0.429168
0.433556
0.438136
0.442753
0.447233
0.451433
0.455288
0.458281
0.459283
0.421213
0.416868
0.413793
0.411869
0.41086
0.410609
0.411056
0.412174
0.413932
0.416292
0.419206
0.422607
0.42641
0.430512
0.434792
0.43912
0.443351
0.447399
0.451294
0.454647
0.456165
0.420241
0.4161
0.412968
0.410852
0.409622
0.409153
0.409395
0.410314
0.411873
0.414027
0.416721
0.419884
0.42343
0.427254
0.431244
0.435279
0.439232
0.443037
0.446748
0.450067
0.451715
0.418388
0.414554
0.411523
0.409374
0.408042
0.407434
0.40752
0.40827
0.409647
0.411604
0.414084
0.417015
0.420312
0.423871
0.427581
0.431325
0.434985
0.438488
0.441869
0.444908
0.446489
0.416015
0.412502
0.40965
0.407567
0.406202
0.405512
0.405483
0.406093
0.407307
0.40908
0.411356
0.414066
0.417122
0.420426
0.423867
0.427328
0.430692
0.433871
0.436866
0.439515
0.440922
0.413342
0.410138
0.407504
0.405532
0.404177
0.403446
0.403335
0.403829
0.404899
0.406503
0.408589
0.411088
0.413916
0.416976
0.420158
0.423346
0.42642
0.429277
0.431886
0.434125
0.435318
0.410514
0.407604
0.405198
0.403347
0.402033
0.40129
0.401122
0.401522
0.402465
0.403917
0.405825
0.408125
0.410738
0.413567
0.416504
0.419432
0.422228
0.424781
0.427034
0.428894
0.429869
0.407648
0.405008
0.402818
0.401085
0.399829
0.399093
0.398887
0.39921
0.400043
0.401355
0.4031
0.405216
0.407626
0.410238
0.412944
0.415628
0.418166
0.420441
0.42238
0.423911
0.424689
0.404828
0.402434
0.400427
0.398808
0.397616
0.396897
0.396667
0.396926
0.397663
0.39885
0.400444
0.402389
0.404612
0.407022
0.409515
0.411973
0.414275
0.416302
0.417972
0.419228
0.419836
0.402104
0.399925
0.398074
0.39656
0.395434
0.394739
0.394493
0.3947
0.395353
0.396427
0.397884
0.399672
0.401722
0.403947
0.406243
0.408497
0.410587
0.412396
0.41384
0.414871
0.415339
0.399502
0.397509
0.395793
0.394376
0.393314
0.392646
0.392391
0.392555
0.393134
0.394107
0.39544
0.397085
0.398978
0.401034
0.403153
0.405223
0.407124
0.408745
0.410002
0.410851
0.411209
0.397037
0.395206
0.393607
0.392283
0.391282
0.390642
0.390383
0.390511
0.391025
0.391908
0.393129
0.394645
0.396396
0.398302
0.400263
0.402169
0.403905
0.405365
0.406466
0.407172
0.407443
0.394728
0.393032
0.391539
0.390298
0.389356
0.388744
0.388484
0.388583
0.389041
0.389843
0.390964
0.392366
0.393991
0.395763
0.397586
0.399348
0.400941
0.402263
0.403238
0.40383
0.404035
0.392581
0.391001
0.389603
0.388439
0.38755
0.386967
0.386709
0.386784
0.387192
0.387924
0.388957
0.390256
0.391772
0.39343
0.395133
0.396771
0.39824
0.399446
0.400317
0.400819
0.400976
0.390599
0.389123
0.38781
0.386716
0.385877
0.385322
0.385068
0.385123
0.38549
0.386159
0.387114
0.388324
0.389746
0.39131
0.392913
0.394445
0.395807
0.396914
0.397701
0.398132
0.398255
0.388781
0.387401
0.386168
0.385137
0.384345
0.383817
0.383569
0.383608
0.383939
0.384554
0.385439
0.386569
0.387914
0.38941
0.390938
0.392376
0.393644
0.394667
0.395385
0.395761
0.39586
0.38713
0.385832
0.384683
0.38371
0.382961
0.382458
0.382218
0.382245
0.382545
0.383111
0.383928
0.384988
0.386283
0.387749
0.389227
0.390579
0.391755
0.392703
0.393362
0.393694
0.393779
0.385657
0.384419
0.383348
0.382439
0.381729
0.381251
0.38102
0.381038
0.38131
0.381827
0.382584
0.383603
0.384884
0.386334
0.387782
0.389061
0.390138
0.391013
0.391624
0.391922
0.391999
0.384372
0.383169
0.382157
0.381317
0.380653
0.380201
0.379978
0.379989
0.380235
0.380715
0.381456
0.382478
0.383733
0.385133
0.386553
0.387784
0.388778
0.389587
0.390158
0.39043
0.390506
0.383279
0.382102
0.381122
0.380333
0.379725
0.379306
0.379096
0.379103
0.379342
0.379828
0.380585
0.381589
0.38278
0.384109
0.38549
0.386703
0.387655
0.38841
0.388952
0.389208
0.389289
0.382378
0.381225
0.380265
0.379504
0.378936
0.378557
0.378376
0.378406
0.378663
0.379167
0.379908
0.380856
0.381983
0.383251
0.384586
0.385804
0.386754
0.387471
0.387995
0.388243
0.388337
0.381673
0.380541
0.3796
0.378858
0.378314
0.377968
0.377823
0.377885
0.37816
0.378654
0.37936
0.380262
0.381339
0.38256
0.383859
0.385091
0.386054
0.386755
0.387277
0.387529
0.387643
0.381163
0.380044
0.37912
0.378398
0.377874
0.377549
0.377425
0.3775
0.377779
0.378262
0.378944
0.379814
0.380856
0.382043
0.38332
0.384564
0.385546
0.386257
0.386791
0.387057
0.387201
0.380841
0.379727
0.378812
0.378101
0.377591
0.377279
0.377164
0.377245
0.377525
0.378003
0.378672
0.379522
0.380539
0.381703
0.382969
0.384228
0.385238
0.385975
0.386537
0.386829
0.387009
0.380694
0.379581
0.378662
0.377953
0.377448
0.377143
0.377036
0.377124
0.377408
0.377887
0.378552
0.379392
0.380396
0.381548
0.382812
0.38409
0.385137
0.385912
0.386516
0.386844
0.387067
0.380705
0.3796
0.378671
0.377953
0.377446
0.377145
0.377046
0.377142
0.377436
0.377922
0.378591
0.379433
0.380435
0.381585
0.382854
0.384156
0.385249
0.386076
0.386732
0.387107
0.387381
0.380851
0.379757
0.378836
0.37811
0.377596
0.377297
0.377203
0.377311
0.377617
0.378116
0.378797
0.37965
0.380662
0.381821
0.383102
0.384431
0.385581
0.386474
0.387191
0.387621
0.387961
0.381149
0.380033
0.379122
0.37841
0.37791
0.377614
0.377523
0.377639
0.377961
0.378477
0.379177
0.38005
0.381083
0.382262
0.383563
0.384917
0.386141
0.387119
0.387902
0.388398
0.388807
0.381637
0.380465
0.379532
0.37883
0.378353
0.378086
0.378015
0.378139
0.378473
0.379011
0.379737
0.380639
0.381704
0.382915
0.384245
0.385631
0.386938
0.388013
0.388874
0.389444
0.38993
0.382329
0.381091
0.380114
0.37939
0.378913
0.378676
0.378654
0.378814
0.379163
0.379722
0.38048
0.381421
0.38253
0.383785
0.385158
0.38659
0.387981
0.389156
0.390112
0.39077
0.39134
0.38323
0.381918
0.380886
0.380125
0.37963
0.379395
0.379412
0.379638
0.380032
0.380615
0.381409
0.382399
0.383564
0.384879
0.38631
0.387803
0.389281
0.390559
0.391626
0.392382
0.393061
0.384347
0.382949
0.381851
0.381044
0.380522
0.380276
0.380304
0.380587
0.381063
0.381696
0.382529
0.383576
0.384812
0.386202
0.387709
0.389278
0.390851
0.392239
0.393433
0.394303
0.395104
0.385692
0.384193
0.383016
0.382153
0.381594
0.381332
0.381361
0.381673
0.382232
0.382956
0.383845
0.384959
0.386279
0.387762
0.389362
0.391025
0.392704
0.394212
0.395547
0.396549
0.397488
0.387273
0.38566
0.384392
0.383459
0.382853
0.382567
0.382593
0.382921
0.383534
0.384374
0.385366
0.386554
0.38797
0.389566
0.391279
0.393055
0.394855
0.396495
0.397988
0.39914
0.400235
0.389101
0.38736
0.385987
0.384973
0.384311
0.383992
0.384008
0.384349
0.385
0.38594
0.38707
0.388362
0.389891
0.391618
0.393468
0.395381
0.397317
0.399104
0.400773
0.402094
0.403369
0.391188
0.389304
0.387812
0.386705
0.385975
0.385615
0.385616
0.385968
0.386655
0.387663
0.388936
0.390383
0.392045
0.393925
0.395937
0.398013
0.400107
0.402061
0.403923
0.405434
0.406912
0.393545
0.391502
0.389878
0.388665
0.387856
0.387445
0.387424
0.387784
0.388507
0.389577
0.390975
0.392598
0.394429
0.396491
0.398694
0.400963
0.403234
0.40539
0.407466
0.409181
0.410889
0.396181
0.393963
0.392192
0.390861
0.389963
0.389492
0.389442
0.389805
0.390562
0.3917
0.393196
0.394996
0.397043
0.399319
0.401742
0.404235
0.406706
0.409106
0.411423
0.413352
0.415317
0.399107
0.396698
0.394765
0.393301
0.392302
0.391762
0.391676
0.392035
0.392826
0.394031
0.395622
0.397592
0.399878
0.402402
0.405085
0.407835
0.410544
0.413215
0.41579
0.417951
0.420209
0.402333
0.399716
0.397604
0.395993
0.39488
0.394261
0.394129
0.394481
0.395301
0.396574
0.39827
0.400397
0.402924
0.405734
0.408719
0.411773
0.414775
0.417724
0.42056
0.42298
0.42558
0.405865
0.403022
0.400715
0.398942
0.397702
0.396991
0.396805
0.397141
0.397988
0.399329
0.401137
0.40342
0.406188
0.409313
0.412641
0.416046
0.419394
0.422637
0.425745
0.42845
0.431441
0.40971
0.406623
0.404103
0.402151
0.400768
0.399952
0.399702
0.400014
0.400882
0.402288
0.40421
0.406658
0.409676
0.413132
0.416832
0.420631
0.424372
0.427931
0.43136
0.434369
0.437795
0.413872
0.410521
0.407769
0.405621
0.404078
0.403142
0.402813
0.403091
0.403972
0.405439
0.407473
0.410099
0.413378
0.417173
0.421263
0.425487
0.429656
0.433563
0.437369
0.440719
0.444621
0.418351
0.414717
0.411713
0.409349
0.407627
0.406553
0.40613
0.406359
0.40724
0.408761
0.410905
0.413725
0.417272
0.421403
0.425889
0.430558
0.435187
0.439511
0.443716
0.44743
0.451876
0.423145
0.419207
0.415931
0.413328
0.411407
0.410174
0.409636
0.409798
0.410662
0.412223
0.414472
0.417494
0.421306
0.425766
0.43065
0.435782
0.440913
0.445744
0.450355
0.454447
0.459538
0.428247
0.423984
0.420413
0.417549
0.415404
0.413988
0.41331
0.41338
0.414204
0.415782
0.418133
0.421341
0.425398
0.430175
0.435463
0.441078
0.446757
0.452177
0.457237
0.461751
0.467601
0.433646
0.429037
0.425148
0.421998
0.419601
0.417973
0.417126
0.417074
0.417828
0.419396
0.421835
0.425183
0.429453
0.434529
0.440223
0.44634
0.452609
0.458687
0.464259
0.469313
0.476036
0.439326
0.434349
0.430117
0.426653
0.423975
0.422101
0.42105
0.420839
0.421486
0.423018
0.425484
0.428909
0.433356
0.438708
0.444797
0.451425
0.458316
0.465106
0.471262
0.477016
0.484642
0.445267
0.4399
0.435299
0.431491
0.428499
0.426342
0.425044
0.424627
0.425116
0.426562
0.428964
0.432404
0.436971
0.442558
0.449011
0.456139
0.463668
0.471204
0.478013
0.484556
0.49286
0.451442
0.445662
0.440666
0.436484
0.43314
0.430658
0.429065
0.428389
0.428669
0.42992
0.432154
0.435553
0.440165
0.445903
0.452648
0.460229
0.468381
0.476689
0.484285
0.491679
0.500204
0.457818
0.451603
0.446185
0.441595
0.437861
0.435009
0.433066
0.432065
0.432055
0.432995
0.434983
0.438236
0.442771
0.448529
0.455436
0.463361
0.472069
0.481158
0.489746
0.498262
0.507063
0.464356
0.457685
0.451819
0.446789
0.442624
0.439351
0.436997
0.435609
0.435178
0.435696
0.437362
0.440332
0.44462
0.450207
0.457067
0.465125
0.474201
0.483953
0.493565
0.50336
0.512401
0.471014
0.463867
0.457526
0.452022
0.447385
0.443638
0.440808
0.438943
0.437983
0.437988
0.439199
0.441707
0.44553
0.450689
0.457201
0.465048
0.474128
0.4842
0.494502
0.505209
0.514708
0.477743
0.470102
0.463261
0.457253
0.452102
0.447831
0.444466
0.442005
0.440415
0.439828
0.440422
0.442252
0.445346
0.44974
0.455478
0.46259
0.471042
0.480716
0.490928
0.501674
0.512317
0.48449
0.476339
0.468978
0.462436
0.456732
0.451884
0.447918
0.444776
0.44247
0.441172
0.440972
0.441895
0.443956
0.447181
0.451599
0.457237
0.464067
0.472028
0.480574
0.489536
0.499429
0.4912
0.482527
0.474628
0.467526
0.461236
0.455763
0.451116
0.447237
0.444157
0.442014
0.44084
0.440623
0.441334
0.442946
0.445411
0.448651
0.452494
0.456679
0.46023
0.462318
0.458219
0.497814
0.488611
0.480161
0.472482
0.465578
0.459443
0.454058
0.449391
0.445472
0.442368
0.440059
0.438495
0.437562
0.437135
0.43701
0.436868
0.436075
0.433852
0.427138
0.417198
0.369408
0.388881
0.389957
0.391664
0.394098
0.397036
0.400527
0.404356
0.408556
0.413265
0.418313
0.423458
0.42835
0.432501
0.435638
0.438256
0.442006
0.441393
0.417722
0.366913
0.392939
0.394162
0.3959
0.398335
0.401287
0.404817
0.408672
0.412841
0.417475
0.422375
0.427256
0.431726
0.435339
0.437994
0.440587
0.443796
0.441895
0.428385
0.411392
0.396675
0.397841
0.399504
0.401878
0.404765
0.408235
0.412002
0.416008
0.420406
0.424974
0.429395
0.433272
0.436267
0.438493
0.441051
0.443839
0.441693
0.432454
0.422552
0.399912
0.400972
0.402513
0.404773
0.407525
0.410847
0.414437
0.418186
0.42223
0.426352
0.430217
0.433461
0.435901
0.437805
0.440042
0.442071
0.440169
0.433816
0.426407
0.402588
0.403567
0.404974
0.407085
0.409647
0.41274
0.416101
0.419547
0.423153
0.426766
0.430039
0.432664
0.434611
0.436232
0.437992
0.439166
0.437407
0.432559
0.426613
0.404743
0.405626
0.406918
0.40886
0.411198
0.414
0.417098
0.420213
0.42333
0.426404
0.429083
0.431115
0.432597
0.433969
0.435314
0.4358
0.434047
0.430075
0.425098
0.40644
0.407194
0.408391
0.410151
0.412245
0.414729
0.417519
0.42027
0.422887
0.425421
0.427529
0.429014
0.430092
0.431218
0.432224
0.432225
0.430445
0.427027
0.422729
0.40775
0.408371
0.409462
0.411017
0.412858
0.415016
0.417457
0.41982
0.421957
0.423963
0.42554
0.426527
0.427331
0.42822
0.428844
0.42852
0.426734
0.423697
0.419913
0.408724
0.409232
0.410192
0.411524
0.413102
0.414932
0.417002
0.418978
0.420671
0.422174
0.423265
0.423845
0.424451
0.425112
0.425331
0.424766
0.42301
0.420237
0.416858
0.409403
0.409816
0.410627
0.411731
0.413044
0.414546
0.416223
0.417844
0.419154
0.420172
0.420809
0.421128
0.421554
0.421941
0.421829
0.421059
0.419341
0.41676
0.413701
0.409828
0.410154
0.410812
0.411695
0.412746
0.41393
0.415218
0.416506
0.417476
0.418051
0.418281
0.418428
0.418691
0.418781
0.418408
0.417452
0.415766
0.413358
0.410547
0.410041
0.41029
0.410797
0.41147
0.41227
0.413155
0.414085
0.415034
0.415679
0.415888
0.415805
0.415781
0.415856
0.415678
0.415093
0.413988
0.412316
0.410072
0.407468
0.410088
0.410267
0.410631
0.411108
0.411668
0.412274
0.412875
0.413479
0.413825
0.413734
0.413436
0.413249
0.413093
0.412682
0.411922
0.410705
0.409023
0.406919
0.404513
0.410015
0.410129
0.410359
0.410655
0.410991
0.411333
0.411631
0.411893
0.411965
0.411648
0.411196
0.410847
0.410446
0.40983
0.40892
0.407618
0.405927
0.403931
0.401709
0.409863
0.409919
0.410025
0.410155
0.410283
0.410381
0.410404
0.410351
0.410157
0.409679
0.409094
0.408559
0.407939
0.407147
0.406107
0.404737
0.403046
0.401132
0.399068
0.409672
0.409675
0.40967
0.409649
0.409586
0.40946
0.40924
0.408918
0.408473
0.40784
0.407118
0.406394
0.405589
0.404646
0.403493
0.402068
0.400387
0.398538
0.396605
0.409482
0.409436
0.409332
0.409175
0.408937
0.408609
0.40817
0.407617
0.406949
0.406148
0.405276
0.40438
0.403417
0.402339
0.401088
0.399617
0.397945
0.396153
0.394325
0.409327
0.409238
0.409045
0.408764
0.408367
0.407854
0.407216
0.406458
0.40559
0.40462
0.403595
0.402542
0.401435
0.400236
0.398896
0.397382
0.395719
0.393975
0.392231
0.409242
0.409114
0.408841
0.408448
0.407905
0.407223
0.406401
0.405454
0.404404
0.403271
0.402095
0.400895
0.399654
0.398341
0.396919
0.395366
0.393707
0.392003
0.390324
0.409258
0.409094
0.40875
0.408255
0.407577
0.406738
0.405746
0.404624
0.403403
0.402113
0.400789
0.39945
0.398081
0.396661
0.395161
0.393568
0.391908
0.390235
0.38861
0.409403
0.409208
0.408799
0.40821
0.407406
0.406421
0.405269
0.403983
0.402599
0.401157
0.39969
0.398214
0.396723
0.395199
0.393622
0.391987
0.390322
0.388673
0.38709
0.409706
0.409481
0.409015
0.408338
0.407416
0.406292
0.404989
0.403545
0.402006
0.400413
0.398805
0.397196
0.395584
0.393959
0.392305
0.390625
0.388949
0.387315
0.385768
0.410193
0.409942
0.409422
0.408661
0.407627
0.406371
0.404922
0.403326
0.401634
0.399893
0.398143
0.396402
0.394671
0.392942
0.39121
0.389481
0.387787
0.386163
0.384643
0.410888
0.410613
0.410044
0.409203
0.40806
0.406676
0.405084
0.403339
0.401495
0.399606
0.397713
0.395838
0.393986
0.392154
0.390339
0.388556
0.386839
0.385216
0.383716
0.411816
0.411519
0.410903
0.409984
0.408735
0.407224
0.405492
0.403597
0.401601
0.399561
0.397522
0.39551
0.393534
0.391595
0.389694
0.387851
0.386102
0.384474
0.382989
0.413001
0.412682
0.412021
0.411025
0.40967
0.408034
0.40616
0.404114
0.401963
0.399769
0.39758
0.395426
0.39332
0.391268
0.389276
0.387367
0.385577
0.383936
0.382462
0.414466
0.414126
0.41342
0.412346
0.410886
0.409123
0.407105
0.404905
0.402594
0.40024
0.397894
0.395592
0.393349
0.391178
0.389087
0.387103
0.385262
0.383597
0.382128
0.416234
0.415873
0.415122
0.413969
0.412401
0.410507
0.408342
0.405983
0.403506
0.400984
0.398475
0.396015
0.393627
0.391327
0.389129
0.387059
0.385156
0.383452
0.381974
0.418327
0.417947
0.41715
0.415912
0.414233
0.412205
0.409887
0.407362
0.404712
0.402014
0.399331
0.396705
0.394161
0.391721
0.389404
0.387237
0.385257
0.383496
0.381982
0.420768
0.420375
0.419524
0.418195
0.416401
0.414233
0.411756
0.409058
0.406226
0.403342
0.400475
0.39767
0.394959
0.392367
0.389918
0.38764
0.385568
0.383732
0.382157
0.423576
0.423193
0.422265
0.420838
0.418924
0.416609
0.413965
0.411085
0.408061
0.404981
0.401918
0.398923
0.396032
0.393274
0.390679
0.388276
0.386097
0.38417
0.382517
0.426764
0.426408
0.425385
0.423858
0.421818
0.419349
0.416531
0.413459
0.410233
0.406944
0.403672
0.400474
0.397389
0.394453
0.391696
0.389152
0.386852
0.384822
0.38308
0.430341
0.429993
0.42889
0.42727
0.425101
0.422472
0.41947
0.416197
0.412756
0.409247
0.405753
0.402337
0.399044
0.395914
0.392982
0.390281
0.387844
0.385697
0.383855
0.43433
0.433962
0.432802
0.431093
0.428789
0.425994
0.4228
0.419315
0.415647
0.411904
0.408173
0.404525
0.40101
0.397671
0.394547
0.391674
0.389086
0.386807
0.384851
0.438762
0.438369
0.437152
0.435347
0.432902
0.429933
0.426537
0.422828
0.418922
0.41493
0.410949
0.407053
0.403299
0.399736
0.396404
0.393344
0.390588
0.388161
0.386077
0.443662
0.443247
0.441964
0.440053
0.437459
0.434307
0.430699
0.426754
0.422596
0.418342
0.414095
0.409936
0.405928
0.402123
0.398568
0.395303
0.392362
0.389772
0.387543
0.449049
0.44861
0.447253
0.445228
0.442478
0.439133
0.435302
0.431109
0.426686
0.422155
0.417627
0.413189
0.408909
0.404847
0.40105
0.397563
0.394422
0.39165
0.389261
0.454937
0.454473
0.453036
0.45089
0.447975
0.444427
0.440361
0.435909
0.431206
0.426385
0.42156
0.416826
0.412259
0.407921
0.403866
0.400139
0.396778
0.393809
0.391243
0.461344
0.460851
0.459327
0.457053
0.453965
0.450204
0.445892
0.441167
0.436172
0.431045
0.425907
0.420862
0.41599
0.41136
0.407028
0.403044
0.399445
0.396259
0.393499
0.468285
0.46776
0.466143
0.463733
0.460462
0.456477
0.451907
0.446897
0.441596
0.436148
0.430684
0.42531
0.420117
0.415176
0.410549
0.406289
0.402434
0.399013
0.396041
0.475775
0.475214
0.473495
0.47094
0.467476
0.463256
0.458417
0.45311
0.447489
0.441707
0.4359
0.430183
0.424651
0.419382
0.414443
0.409887
0.405757
0.402083
0.39888
0.483825
0.483224
0.481395
0.478684
0.475017
0.470551
0.465431
0.459814
0.453861
0.447732
0.441568
0.435492
0.429604
0.423991
0.41872
0.41385
0.409426
0.405479
0.402027
0.492444
0.491798
0.489849
0.486971
0.483091
0.478367
0.472954
0.467014
0.460718
0.454228
0.447693
0.441243
0.434986
0.429009
0.42339
0.418188
0.41345
0.409211
0.405492
0.50164
0.500943
0.498862
0.495806
0.491698
0.486705
0.480987
0.474714
0.468062
0.461199
0.454282
0.447444
0.440801
0.434447
0.428461
0.422908
0.417838
0.413288
0.409281
0.511414
0.51066
0.508435
0.505185
0.500838
0.495562
0.489528
0.482911
0.475892
0.468646
0.461334
0.454097
0.447054
0.440306
0.433938
0.428016
0.422596
0.417716
0.413403
0.521766
0.520948
0.518563
0.515104
0.510502
0.50493
0.498568
0.491597
0.484202
0.476564
0.468848
0.461199
0.453745
0.44659
0.439823
0.433517
0.427727
0.422499
0.417861
0.53269
0.531798
0.529238
0.525551
0.520678
0.514795
0.508094
0.50076
0.492982
0.484943
0.476814
0.468746
0.460869
0.453295
0.446115
0.439408
0.433233
0.427638
0.422655
0.544173
0.543198
0.540445
0.536508
0.531344
0.525137
0.518086
0.510381
0.502213
0.493768
0.485221
0.476725
0.468417
0.460413
0.452809
0.445686
0.43911
0.43313
0.427783
0.556196
0.555129
0.552162
0.547952
0.542474
0.535925
0.528516
0.520435
0.511873
0.503019
0.494048
0.485121
0.476376
0.467933
0.459893
0.452343
0.445349
0.438968
0.43324
0.568734
0.567564
0.564362
0.55985
0.554029
0.547121
0.53935
0.53089
0.521932
0.512667
0.503273
0.493911
0.484724
0.475836
0.467353
0.459363
0.45194
0.445142
0.439014
0.581747
0.580465
0.577008
0.572164
0.565973
0.55869
0.550544
0.541707
0.532355
0.52268
0.512862
0.503066
0.493436
0.4841
0.475166
0.466728
0.458863
0.451633
0.445089
0.595187
0.593784
0.590056
0.584857
0.57828
0.570601
0.562066
0.552845
0.543098
0.533016
0.522779
0.512552
0.50248
0.492693
0.483305
0.474412
0.466095
0.458421
0.451443
0.608987
0.607455
0.603441
0.597871
0.590905
0.582812
0.573871
0.564254
0.554118
0.543632
0.532981
0.522326
0.511816
0.501581
0.491736
0.482383
0.473606
0.465475
0.458049
0.62306
0.62139
0.617069
0.611116
0.603754
0.595251
0.5859
0.575881
0.565353
0.554478
0.543418
0.532343
0.521401
0.51072
0.50042
0.490603
0.481359
0.472763
0.464875
0.637295
0.635475
0.630821
0.624471
0.616713
0.607822
0.598076
0.587666
0.576749
0.565489
0.554037
0.542552
0.531185
0.520064
0.50931
0.499029
0.489314
0.480242
0.47188
0.651559
0.64957
0.64456
0.637805
0.629667
0.620418
0.610314
0.599539
0.588256
0.576617
0.564783
0.5529
0.541116
0.529561
0.518356
0.50761
0.49742
0.487867
0.479019
0.665692
0.663509
0.658128
0.650974
0.642488
0.632921
0.622506
0.611416
0.599806
0.587818
0.575608
0.563336
0.551142
0.539158
0.527505
0.516294
0.505626
0.495585
0.486242
0.679501
0.677082
0.671336
0.663815
0.655032
0.645201
0.634535
0.623193
0.611311
0.599023
0.586466
0.573809
0.561212
0.5488
0.536699
0.525022
0.513873
0.50334
0.493495
0.692763
0.690043
0.68396
0.676145
0.667146
0.657128
0.646283
0.634759
0.622668
0.610133
0.597284
0.58427
0.571269
0.558434
0.545883
0.533737
0.522103
0.511073
0.50072
0.7052
0.70211
0.69575
0.687765
0.678665
0.668569
0.65764
0.646009
0.633775
0.621048
0.607955
0.594637
0.581254
0.567993
0.554992
0.542372
0.530249
0.518719
0.507854
-0.274845
-0.250246
-0.232303
-0.228683
-0.223319
-0.215064
-0.203575
-0.188814
-0.171249
-0.151139
-0.129311
-0.106756
-0.0844451
-0.0640653
-0.0474403
-0.034354
-0.0239407
-0.0152942
-0.00865543
-0.00122354
-0.128079
-0.211642
-0.224902
-0.221493
-0.218499
-0.212866
-0.20319
-0.189835
-0.173132
-0.153365
-0.1315
-0.108848
-0.0864295
-0.0662337
-0.0497482
-0.0369385
-0.0266855
-0.0179493
-0.0108844
-0.00277034
0.0133829
-0.102356
-0.148969
-0.175299
-0.190149
-0.194288
-0.189485
-0.17812
-0.162551
-0.14429
-0.124405
-0.104029
-0.0838412
-0.0654773
-0.0501555
-0.0377136
-0.0273014
-0.0183036
-0.0103181
-0.00314873
0.0660801
-0.0300844
-0.0861597
-0.12169
-0.143604
-0.154762
-0.157029
-0.152017
-0.142292
-0.129446
-0.114389
-0.0980394
-0.0814813
-0.065372
-0.0512764
-0.0392012
-0.0286772
-0.019415
-0.0107659
-0.00405421
0.0844209
0.00648405
-0.0482257
-0.0842592
-0.109133
-0.125196
-0.132761
-0.132969
-0.127782
-0.118712
-0.106833
-0.0932043
-0.0788855
-0.0647454
-0.0517564
-0.0401506
-0.0297072
-0.020318
-0.011326
-0.00453991
0.100318
0.0350784
-0.0171062
-0.0549108
-0.0825478
-0.101684
-0.112534
-0.11612
-0.114103
-0.107966
-0.0988416
-0.0877519
-0.0756462
-0.0633344
-0.0514953
-0.0404772
-0.0302534
-0.0208617
-0.0116749
-0.00477933
0.112362
0.0556136
0.00643664
-0.0322138
-0.0615292
-0.0826783
-0.0960111
-0.10237
-0.103085
-0.0994853
-0.0926768
-0.0836229
-0.073211
-0.0622201
-0.0512631
-0.0407319
-0.0307085
-0.0213326
-0.0119919
-0.00499143
0.120281
0.0690728
0.0228004
-0.0155356
-0.0456471
-0.0681248
-0.083282
-0.0917483
-0.0945287
-0.0928532
-0.0878288
-0.0803282
-0.0712084
-0.0612417
-0.0510174
-0.0409338
-0.03113
-0.021812
-0.0123623
-0.00522974
0.125854
0.0779896
0.0336561
-0.00433433
-0.0350342
-0.0584829
-0.0749124
-0.084874
-0.0890534
-0.0886558
-0.0848816
-0.0784504
-0.0701999
-0.0609049
-0.0511518
-0.0413521
-0.0316939
-0.0224253
-0.0129637
-0.00548819
0.130977
0.0848572
0.0414528
0.0034238
-0.0279116
-0.0522335
-0.069688
-0.0807121
-0.0859957
-0.0865731
-0.0835294
-0.0777229
-0.0699851
-0.0610668
-0.0515616
-0.0418975
-0.0323344
-0.0230796
-0.0141086
-0.00618436
0.504084
0.494364
0.485374
0.477126
0.469611
0.462811
0.456675
0.451201
0.446414
0.442297
0.438778
0.435735
0.432991
0.430282
0.427176
0.423023
0.416364
0.405402
0.380845
0.335787
0.154604
0.509971
0.499752
0.490241
0.48144
0.473332
0.465881
0.459008
0.452723
0.447056
0.441914
0.437163
0.432606
0.428005
0.422955
0.416804
0.408565
0.396091
0.376455
0.338522
0.273375
0.130267
0.515603
0.504895
0.494873
0.485532
0.476842
0.468753
0.461173
0.454064
0.447466
0.441285
0.435298
0.429241
0.422788
0.41544
0.406404
0.394479
0.377482
0.35231
0.312464
0.251211
0.167862
0.520909
0.509733
0.499222
0.489362
0.480117
0.471423
0.463186
0.455302
0.447753
0.440501
0.433319
0.425843
0.417658
0.408206
0.396661
0.381803
0.361788
0.334009
0.29511
0.239832
0.170195
0.525807
0.514194
0.503226
0.492884
0.483123
0.47387
0.465027
0.456463
0.448067
0.439751
0.431368
0.422571
0.412858
0.401608
0.388007
0.370932
0.348857
0.319733
0.281173
0.229742
0.165237
0.530206
0.518199
0.50682
0.496044
0.48582
0.476068
0.466681
0.457524
0.448434
0.439239
0.42974
0.419663
0.40857
0.395838
0.380642
0.361956
0.338507
0.30873
0.270929
0.223309
0.166148
0.533989
0.521642
0.509909
0.498761
0.488142
0.477964
0.468114
0.458449
0.448792
0.438934
0.428592
0.417459
0.405151
0.391121
0.374652
0.35483
0.33058
0.300722
0.264136
0.219994
0.168883
0.537166
0.524543
0.512525
0.501079
0.490141
0.479621
0.469401
0.45933
0.449222
0.438852
0.427932
0.416104
0.402941
0.387936
0.37047
0.349779
0.325002
0.295254
0.259784
0.218226
0.171198
0.539446
0.526618
0.514402
0.502749
0.491591
0.480835
0.470362
0.460017
0.44961
0.438906
0.427618
0.415388
0.401787
0.386292
0.368294
0.34713
0.3221
0.292498
0.257798
0.217887
0.173421
0.541615
0.528583
0.51619
0.504367
0.493034
0.482101
0.471449
0.460923
0.450329
0.43943
0.42794
0.415507
0.401709
0.386044
0.36793
0.346727
0.321791
0.292505
0.258448
0.219628
0.176689
0.716204
0.712685
0.706152
0.698167
0.689128
0.679095
0.668197
0.656546
0.644235
0.631368
0.618075
0.604501
0.590796
0.577134
0.563698
0.550613
0.538011
0.525993
0.514631
0.725272
0.721528
0.715028
0.70725
0.698472
0.688672
0.67793
0.66635
0.65402
0.64105
0.627581
0.613772
0.599787
0.585779
0.571932
0.558403
0.545336
0.532847
0.521005
0.731956
0.728732
0.722542
0.715183
0.706913
0.697552
0.687112
0.675693
0.663395
0.650344
0.636705
0.622659
0.608391
0.594069
0.579841
0.565887
0.55237
0.539423
0.527113
0.735707
0.733884
0.728562
0.721909
0.714409
0.705698
0.695704
0.684533
0.672312
0.659196
0.645381
0.631086
0.616522
0.601881
0.587298
0.572949
0.559014
0.545633
0.532876
0.736971
0.736528
0.732847
0.727435
0.720995
0.713119
0.703683
0.692822
0.680704
0.667523
0.653523
0.638963
0.624091
0.609111
0.594184
0.57947
0.565153
0.551371
0.538199
0.737142
0.737245
0.735404
0.731787
0.726729
0.719847
0.711038
0.700501
0.688475
0.675208
0.660998
0.646157
0.630966
0.615645
0.600382
0.585332
0.570671
0.556528
0.542982
0.7371
0.737103
0.736642
0.735001
0.731585
0.725849
0.717721
0.707501
0.695525
0.682119
0.667658
0.652511
0.636989
0.621336
0.60575
0.590394
0.575426
0.560968
0.547096
0.737094
0.736905
0.737122
0.737095
0.735346
0.730849
0.723458
0.713577
0.701629
0.688043
0.673302
0.657854
0.642037
0.626102
0.610239
0.594621
0.579397
0.564679
0.550543
0.737248
0.737015
0.737511
0.738437
0.737977
0.734535
0.727825
0.718313
0.706368
0.69255
0.677527
0.661817
0.645758
0.629593
0.613513
0.597693
0.582273
0.567362
0.55303
0.737496
0.737391
0.738138
0.739471
0.739875
0.737197
0.731092
0.7222
0.710519
0.69665
0.681475
0.665585
0.649326
0.632942
0.616647
0.600621
0.585003
0.5699
0.55539
)
;

boundaryField
{
    inlet
    {
        type            zeroGradient;
    }
    outlet
    {
        type            fixedValue;
        value           uniform 0;
    }
    walls
    {
        type            zeroGradient;
    }
    baffle
    {
        type            zeroGradient;
    }
    frontAndBack
    {
        type            empty;
    }
}


// ************************************************************************* //
