/*--------------------------------*- C++ -*----------------------------------*\
| =========                 |                                                 |
| \\      /  F ield         | OpenFOAM: The Open Source CFD Toolbox           |
|  \\    /   O peration     | Version:  v2012                                 |
|   \\  /    A nd           | Website:  www.openfoam.com                      |
|    \\/     M anipulation  |                                                 |
\*---------------------------------------------------------------------------*/
FoamFile
{
    version     2.0;
    format      ascii;
    class       labelList;
    note        "nPoints:12604  nCells:6057  nFaces:24472  nInternalFaces:11870";
    location    "constant/polyMesh";
    object      neighbour;
}
// * * * * * * * * * * * * * * * * * * * * * * * * * * * * * * * * * * * * * //


11870
(
1
20
220
2
21
3
22
4
23
5
24
6
25
7
26
8
27
9
28
10
29
11
30
12
31
13
32
14
33
15
34
16
35
17
36
18
37
19
38
39
21
40
241
22
41
23
42
24
43
25
44
26
45
27
46
28
47
29
48
30
49
31
50
32
51
33
52
34
53
35
54
36
55
37
56
38
57
39
58
59
41
60
262
42
61
43
62
44
63
45
64
46
65
47
66
48
67
49
68
50
69
51
70
52
71
53
72
54
73
55
74
56
75
57
76
58
77
59
78
79
61
80
283
62
81
63
82
64
83
65
84
66
85
67
86
68
87
69
88
70
89
71
90
72
91
73
92
74
93
75
94
76
95
77
96
78
97
79
98
99
81
100
304
82
101
83
102
84
103
85
104
86
105
87
106
88
107
89
108
90
109
91
110
92
111
93
112
94
113
95
114
96
115
97
116
98
117
99
118
119
101
120
325
102
121
103
122
104
123
105
124
106
125
107
126
108
127
109
128
110
129
111
130
112
131
113
132
114
133
115
134
116
135
117
136
118
137
119
138
139
121
140
346
122
141
123
142
124
143
125
144
126
145
127
146
128
147
129
148
130
149
131
150
132
151
133
152
134
153
135
154
136
155
137
156
138
157
139
158
159
141
160
367
142
161
143
162
144
163
145
164
146
165
147
166
148
167
149
168
150
169
151
170
152
171
153
172
154
173
155
174
156
175
157
176
158
177
159
178
179
161
180
388
162
181
163
182
164
183
165
184
166
185
167
186
168
187
169
188
170
189
171
190
172
191
173
192
174
193
175
194
176
195
177
196
178
197
179
198
199
181
409
182
183
184
185
186
187
188
189
190
191
192
193
194
195
196
197
198
199
201
221
428
202
222
203
223
204
224
205
225
206
226
207
227
208
228
209
229
210
230
211
231
212
232
213
233
214
234
215
235
216
236
217
237
218
238
219
239
220
240
241
222
242
447
223
243
224
244
225
245
226
246
227
247
228
248
229
249
230
250
231
251
232
252
233
253
234
254
235
255
236
256
237
257
238
258
239
259
240
260
241
261
262
243
263
466
244
264
245
265
246
266
247
267
248
268
249
269
250
270
251
271
252
272
253
273
254
274
255
275
256
276
257
277
258
278
259
279
260
280
261
281
262
282
283
264
284
485
265
285
266
286
267
287
268
288
269
289
270
290
271
291
272
292
273
293
274
294
275
295
276
296
277
297
278
298
279
299
280
300
281
301
282
302
283
303
304
285
305
504
286
306
287
307
288
308
289
309
290
310
291
311
292
312
293
313
294
314
295
315
296
316
297
317
298
318
299
319
300
320
301
321
302
322
303
323
304
324
325
306
326
523
307
327
308
328
309
329
310
330
311
331
312
332
313
333
314
334
315
335
316
336
317
337
318
338
319
339
320
340
321
341
322
342
323
343
324
344
325
345
346
327
347
542
328
348
329
349
330
350
331
351
332
352
333
353
334
354
335
355
336
356
337
357
338
358
339
359
340
360
341
361
342
362
343
363
344
364
345
365
346
366
367
348
368
561
349
369
350
370
351
371
352
372
353
373
354
374
355
375
356
376
357
377
358
378
359
379
360
380
361
381
362
382
363
383
364
384
365
385
366
386
367
387
388
369
389
580
370
390
371
391
372
392
373
393
374
394
375
395
376
396
377
397
378
398
379
399
380
400
381
401
382
402
383
403
384
404
385
405
386
406
387
407
388
408
409
390
599
600
391
601
392
602
393
603
394
604
395
605
396
606
397
607
398
608
399
609
400
610
401
611
402
612
403
613
404
614
405
615
406
616
407
617
408
618
409
619
620
411
429
412
430
413
431
414
432
415
433
416
434
417
435
418
436
419
437
420
438
421
439
422
440
423
441
424
442
425
443
426
444
427
445
428
446
447
430
448
431
449
432
450
433
451
434
452
435
453
436
454
437
455
438
456
439
457
440
458
441
459
442
460
443
461
444
462
445
463
446
464
447
465
466
449
467
450
468
451
469
452
470
453
471
454
472
455
473
456
474
457
475
458
476
459
477
460
478
461
479
462
480
463
481
464
482
465
483
466
484
485
468
486
469
487
470
488
471
489
472
490
473
491
474
492
475
493
476
494
477
495
478
496
479
497
480
498
481
499
482
500
483
501
484
502
485
503
504
487
505
488
506
489
507
490
508
491
509
492
510
493
511
494
512
495
513
496
514
497
515
498
516
499
517
500
518
501
519
502
520
503
521
504
522
523
506
524
507
525
508
526
509
527
510
528
511
529
512
530
513
531
514
532
515
533
516
534
517
535
518
536
519
537
520
538
521
539
522
540
523
541
542
525
543
526
544
527
545
528
546
529
547
530
548
531
549
532
550
533
551
534
552
535
553
536
554
537
555
538
556
539
557
540
558
541
559
542
560
561
544
562
545
563
546
564
547
565
548
566
549
567
550
568
551
569
552
570
553
571
554
572
555
573
556
574
557
575
558
576
559
577
560
578
561
579
580
563
581
564
582
565
583
566
584
567
585
568
586
569
587
570
588
571
589
572
590
573
591
574
592
575
593
576
594
577
595
578
596
579
597
580
598
599
582
1860
583
1861
584
1862
585
1863
586
1864
587
1865
588
1866
589
1867
590
1868
591
1869
592
1870
593
1871
594
1872
595
1873
596
1874
597
1875
598
1876
599
1877
1878
601
621
1878
602
622
603
623
604
624
605
625
606
626
607
627
608
628
609
629
610
630
611
631
612
632
613
633
614
634
615
635
616
636
617
637
618
638
619
639
620
640
641
622
642
1897
623
643
624
644
625
645
626
646
627
647
628
648
629
649
630
650
631
651
632
652
633
653
634
654
635
655
636
656
637
657
638
658
639
659
640
660
641
661
662
643
663
1916
644
664
645
665
646
666
647
667
648
668
649
669
650
670
651
671
652
672
653
673
654
674
655
675
656
676
657
677
658
678
659
679
660
680
661
681
662
682
683
664
684
1935
665
685
666
686
667
687
668
688
669
689
670
690
671
691
672
692
673
693
674
694
675
695
676
696
677
697
678
698
679
699
680
700
681
701
682
702
683
703
704
685
705
1954
686
706
687
707
688
708
689
709
690
710
691
711
692
712
693
713
694
714
695
715
696
716
697
717
698
718
699
719
700
720
701
721
702
722
703
723
704
724
725
706
726
1973
707
727
708
728
709
729
710
730
711
731
712
732
713
733
714
734
715
735
716
736
717
737
718
738
719
739
720
740
721
741
722
742
723
743
724
744
725
745
746
727
747
1992
728
748
729
749
730
750
731
751
732
752
733
753
734
754
735
755
736
756
737
757
738
758
739
759
740
760
741
761
742
762
743
763
744
764
745
765
746
766
767
748
768
2011
749
769
750
770
751
771
752
772
753
773
754
774
755
775
756
776
757
777
758
778
759
779
760
780
761
781
762
782
763
783
764
784
765
785
766
786
767
787
788
769
789
2030
770
790
771
791
772
792
773
793
774
794
775
795
776
796
777
797
778
798
779
799
780
800
781
801
782
802
783
803
784
804
785
805
786
806
787
807
788
808
809
790
810
2049
791
811
792
812
793
813
794
814
795
815
796
816
797
817
798
818
799
819
800
820
801
821
802
822
803
823
804
824
805
825
806
826
807
827
808
828
809
829
830
811
831
2068
812
832
813
833
814
834
815
835
816
836
817
837
818
838
819
839
820
840
821
841
822
842
823
843
824
844
825
845
826
846
827
847
828
848
829
849
830
850
851
832
852
2087
833
853
834
854
835
855
836
856
837
857
838
858
839
859
840
860
841
861
842
862
843
863
844
864
845
865
846
866
847
867
848
868
849
869
850
870
851
871
872
853
873
2106
854
874
855
875
856
876
857
877
858
878
859
879
860
880
861
881
862
882
863
883
864
884
865
885
866
886
867
887
868
888
869
889
870
890
871
891
872
892
893
874
894
2125
875
895
876
896
877
897
878
898
879
899
880
900
881
901
882
902
883
903
884
904
885
905
886
906
887
907
888
908
889
909
890
910
891
911
892
912
893
913
914
895
915
2144
896
916
897
917
898
918
899
919
900
920
901
921
902
922
903
923
904
924
905
925
906
926
907
927
908
928
909
929
910
930
911
931
912
932
913
933
914
934
935
916
936
2163
917
937
918
938
919
939
920
940
921
941
922
942
923
943
924
944
925
945
926
946
927
947
928
948
929
949
930
950
931
951
932
952
933
953
934
954
935
955
956
937
957
2182
938
958
939
959
940
960
941
961
942
962
943
963
944
964
945
965
946
966
947
967
948
968
949
969
950
970
951
971
952
972
953
973
954
974
955
975
956
976
977
958
978
2201
959
979
960
980
961
981
962
982
963
983
964
984
965
985
966
986
967
987
968
988
969
989
970
990
971
991
972
992
973
993
974
994
975
995
976
996
977
997
998
979
999
2220
980
1000
981
1001
982
1002
983
1003
984
1004
985
1005
986
1006
987
1007
988
1008
989
1009
990
1010
991
1011
992
1012
993
1013
994
1014
995
1015
996
1016
997
1017
998
1018
1019
1000
1020
2239
1001
1021
1002
1022
1003
1023
1004
1024
1005
1025
1006
1026
1007
1027
1008
1028
1009
1029
1010
1030
1011
1031
1012
1032
1013
1033
1014
1034
1015
1035
1016
1036
1017
1037
1018
1038
1019
1039
1040
1021
1041
2258
1022
1042
1023
1043
1024
1044
1025
1045
1026
1046
1027
1047
1028
1048
1029
1049
1030
1050
1031
1051
1032
1052
1033
1053
1034
1054
1035
1055
1036
1056
1037
1057
1038
1058
1039
1059
1040
1060
1061
1042
1062
2277
1043
1063
1044
1064
1045
1065
1046
1066
1047
1067
1048
1068
1049
1069
1050
1070
1051
1071
1052
1072
1053
1073
1054
1074
1055
1075
1056
1076
1057
1077
1058
1078
1059
1079
1060
1080
1061
1081
1082
1063
1083
2296
1064
1084
1065
1085
1066
1086
1067
1087
1068
1088
1069
1089
1070
1090
1071
1091
1072
1092
1073
1093
1074
1094
1075
1095
1076
1096
1077
1097
1078
1098
1079
1099
1080
1100
1081
1101
1082
1102
1103
1084
1104
2315
1085
1105
1086
1106
1087
1107
1088
1108
1089
1109
1090
1110
1091
1111
1092
1112
1093
1113
1094
1114
1095
1115
1096
1116
1097
1117
1098
1118
1099
1119
1100
1120
1101
1121
1102
1122
1103
1123
1124
1105
1125
2334
1106
1126
1107
1127
1108
1128
1109
1129
1110
1130
1111
1131
1112
1132
1113
1133
1114
1134
1115
1135
1116
1136
1117
1137
1118
1138
1119
1139
1120
1140
1121
1141
1122
1142
1123
1143
1124
1144
1145
1126
1146
2353
1127
1147
1128
1148
1129
1149
1130
1150
1131
1151
1132
1152
1133
1153
1134
1154
1135
1155
1136
1156
1137
1157
1138
1158
1139
1159
1140
1160
1141
1161
1142
1162
1143
1163
1144
1164
1145
1165
1166
1147
1167
2372
1148
1168
1149
1169
1150
1170
1151
1171
1152
1172
1153
1173
1154
1174
1155
1175
1156
1176
1157
1177
1158
1178
1159
1179
1160
1180
1161
1181
1162
1182
1163
1183
1164
1184
1165
1185
1166
1186
1187
1168
1188
2391
1169
1189
1170
1190
1171
1191
1172
1192
1173
1193
1174
1194
1175
1195
1176
1196
1177
1197
1178
1198
1179
1199
1180
1200
1181
1201
1182
1202
1183
1203
1184
1204
1185
1205
1186
1206
1187
1207
1208
1189
1209
2410
1190
1210
1191
1211
1192
1212
1193
1213
1194
1214
1195
1215
1196
1216
1197
1217
1198
1218
1199
1219
1200
1220
1201
1221
1202
1222
1203
1223
1204
1224
1205
1225
1206
1226
1207
1227
1208
1228
1229
1210
1230
2429
1211
1231
1212
1232
1213
1233
1214
1234
1215
1235
1216
1236
1217
1237
1218
1238
1219
1239
1220
1240
1221
1241
1222
1242
1223
1243
1224
1244
1225
1245
1226
1246
1227
1247
1228
1248
1229
1249
1250
1231
1251
2448
1232
1252
1233
1253
1234
1254
1235
1255
1236
1256
1237
1257
1238
1258
1239
1259
1240
1260
1241
1261
1242
1262
1243
1263
1244
1264
1245
1265
1246
1266
1247
1267
1248
1268
1249
1269
1250
1270
1271
1252
1272
2467
1253
1273
1254
1274
1255
1275
1256
1276
1257
1277
1258
1278
1259
1279
1260
1280
1261
1281
1262
1282
1263
1283
1264
1284
1265
1285
1266
1286
1267
1287
1268
1288
1269
1289
1270
1290
1271
1291
1292
1273
1293
2486
1274
1294
1275
1295
1276
1296
1277
1297
1278
1298
1279
1299
1280
1300
1281
1301
1282
1302
1283
1303
1284
1304
1285
1305
1286
1306
1287
1307
1288
1308
1289
1309
1290
1310
1291
1311
1292
1312
1313
1294
1314
2505
1295
1315
1296
1316
1297
1317
1298
1318
1299
1319
1300
1320
1301
1321
1302
1322
1303
1323
1304
1324
1305
1325
1306
1326
1307
1327
1308
1328
1309
1329
1310
1330
1311
1331
1312
1332
1313
1333
1334
1315
1335
2524
1316
1336
1317
1337
1318
1338
1319
1339
1320
1340
1321
1341
1322
1342
1323
1343
1324
1344
1325
1345
1326
1346
1327
1347
1328
1348
1329
1349
1330
1350
1331
1351
1332
1352
1333
1353
1334
1354
1355
1336
1356
2543
1337
1357
1338
1358
1339
1359
1340
1360
1341
1361
1342
1362
1343
1363
1344
1364
1345
1365
1346
1366
1347
1367
1348
1368
1349
1369
1350
1370
1351
1371
1352
1372
1353
1373
1354
1374
1355
1375
1376
1357
1377
2562
1358
1378
1359
1379
1360
1380
1361
1381
1362
1382
1363
1383
1364
1384
1365
1385
1366
1386
1367
1387
1368
1388
1369
1389
1370
1390
1371
1391
1372
1392
1373
1393
1374
1394
1375
1395
1376
1396
1397
1378
1398
2581
1379
1399
1380
1400
1381
1401
1382
1402
1383
1403
1384
1404
1385
1405
1386
1406
1387
1407
1388
1408
1389
1409
1390
1410
1391
1411
1392
1412
1393
1413
1394
1414
1395
1415
1396
1416
1397
1417
1418
1399
1419
2600
1400
1420
1401
1421
1402
1422
1403
1423
1404
1424
1405
1425
1406
1426
1407
1427
1408
1428
1409
1429
1410
1430
1411
1431
1412
1432
1413
1433
1414
1434
1415
1435
1416
1436
1417
1437
1418
1438
1439
1420
1440
2619
1421
1441
1422
1442
1423
1443
1424
1444
1425
1445
1426
1446
1427
1447
1428
1448
1429
1449
1430
1450
1431
1451
1432
1452
1433
1453
1434
1454
1435
1455
1436
1456
1437
1457
1438
1458
1439
1459
1460
1441
1461
2638
1442
1462
1443
1463
1444
1464
1445
1465
1446
1466
1447
1467
1448
1468
1449
1469
1450
1470
1451
1471
1452
1472
1453
1473
1454
1474
1455
1475
1456
1476
1457
1477
1458
1478
1459
1479
1460
1480
1481
1462
1482
2657
1463
1483
1464
1484
1465
1485
1466
1486
1467
1487
1468
1488
1469
1489
1470
1490
1471
1491
1472
1492
1473
1493
1474
1494
1475
1495
1476
1496
1477
1497
1478
1498
1479
1499
1480
1500
1481
1501
1502
1483
1503
2676
1484
1504
1485
1505
1486
1506
1487
1507
1488
1508
1489
1509
1490
1510
1491
1511
1492
1512
1493
1513
1494
1514
1495
1515
1496
1516
1497
1517
1498
1518
1499
1519
1500
1520
1501
1521
1502
1522
1523
1504
1524
2695
1505
1525
1506
1526
1507
1527
1508
1528
1509
1529
1510
1530
1511
1531
1512
1532
1513
1533
1514
1534
1515
1535
1516
1536
1517
1537
1518
1538
1519
1539
1520
1540
1521
1541
1522
1542
1523
1543
1544
1525
1545
2714
1526
1546
1527
1547
1528
1548
1529
1549
1530
1550
1531
1551
1532
1552
1533
1553
1534
1554
1535
1555
1536
1556
1537
1557
1538
1558
1539
1559
1540
1560
1541
1561
1542
1562
1543
1563
1544
1564
1565
1546
1566
2733
1547
1567
1548
1568
1549
1569
1550
1570
1551
1571
1552
1572
1553
1573
1554
1574
1555
1575
1556
1576
1557
1577
1558
1578
1559
1579
1560
1580
1561
1581
1562
1582
1563
1583
1564
1584
1565
1585
1586
1567
1587
2752
1568
1588
1569
1589
1570
1590
1571
1591
1572
1592
1573
1593
1574
1594
1575
1595
1576
1596
1577
1597
1578
1598
1579
1599
1580
1600
1581
1601
1582
1602
1583
1603
1584
1604
1585
1605
1586
1606
1607
1588
1608
2771
1589
1609
1590
1610
1591
1611
1592
1612
1593
1613
1594
1614
1595
1615
1596
1616
1597
1617
1598
1618
1599
1619
1600
1620
1601
1621
1602
1622
1603
1623
1604
1624
1605
1625
1606
1626
1607
1627
1628
1609
1629
2790
1610
1630
1611
1631
1612
1632
1613
1633
1614
1634
1615
1635
1616
1636
1617
1637
1618
1638
1619
1639
1620
1640
1621
1641
1622
1642
1623
1643
1624
1644
1625
1645
1626
1646
1627
1647
1628
1648
1649
1630
1650
2809
1631
1651
1632
1652
1633
1653
1634
1654
1635
1655
1636
1656
1637
1657
1638
1658
1639
1659
1640
1660
1641
1661
1642
1662
1643
1663
1644
1664
1645
1665
1646
1666
1647
1667
1648
1668
1649
1669
1670
1651
1671
2828
1652
1672
1653
1673
1654
1674
1655
1675
1656
1676
1657
1677
1658
1678
1659
1679
1660
1680
1661
1681
1662
1682
1663
1683
1664
1684
1665
1685
1666
1686
1667
1687
1668
1688
1669
1689
1670
1690
1691
1672
1692
2847
1673
1693
1674
1694
1675
1695
1676
1696
1677
1697
1678
1698
1679
1699
1680
1700
1681
1701
1682
1702
1683
1703
1684
1704
1685
1705
1686
1706
1687
1707
1688
1708
1689
1709
1690
1710
1691
1711
1712
1693
1713
2866
1694
1714
1695
1715
1696
1716
1697
1717
1698
1718
1699
1719
1700
1720
1701
1721
1702
1722
1703
1723
1704
1724
1705
1725
1706
1726
1707
1727
1708
1728
1709
1729
1710
1730
1711
1731
1712
1732
1733
1714
1734
2885
1715
1735
1716
1736
1717
1737
1718
1738
1719
1739
1720
1740
1721
1741
1722
1742
1723
1743
1724
1744
1725
1745
1726
1746
1727
1747
1728
1748
1729
1749
1730
1750
1731
1751
1732
1752
1733
1753
1754
1735
1755
2904
1736
1756
1737
1757
1738
1758
1739
1759
1740
1760
1741
1761
1742
1762
1743
1763
1744
1764
1745
1765
1746
1766
1747
1767
1748
1768
1749
1769
1750
1770
1751
1771
1752
1772
1753
1773
1754
1774
1775
1756
1776
2923
1757
1777
1758
1778
1759
1779
1760
1780
1761
1781
1762
1782
1763
1783
1764
1784
1765
1785
1766
1786
1767
1787
1768
1788
1769
1789
1770
1790
1771
1791
1772
1792
1773
1793
1774
1794
1775
1795
1796
1777
1797
2942
1778
1798
1779
1799
1780
1800
1781
1801
1782
1802
1783
1803
1784
1804
1785
1805
1786
1806
1787
1807
1788
1808
1789
1809
1790
1810
1791
1811
1792
1812
1793
1813
1794
1814
1795
1815
1796
1816
1817
1798
1818
2961
1799
1819
1800
1820
1801
1821
1802
1822
1803
1823
1804
1824
1805
1825
1806
1826
1807
1827
1808
1828
1809
1829
1810
1830
1811
1831
1812
1832
1813
1833
1814
1834
1815
1835
1816
1836
1817
1837
1838
1819
1839
2980
1820
1840
1821
1841
1822
1842
1823
1843
1824
1844
1825
1845
1826
1846
1827
1847
1828
1848
1829
1849
1830
1850
1831
1851
1832
1852
1833
1853
1834
1854
1835
1855
1836
1856
1837
1857
1838
1858
1859
1840
2999
1841
1842
1843
1844
1845
1846
1847
1848
1849
1850
1851
1852
1853
1854
1855
1856
1857
1858
1859
1861
1879
1862
1880
1863
1881
1864
1882
1865
1883
1866
1884
1867
1885
1868
1886
1869
1887
1870
1888
1871
1889
1872
1890
1873
1891
1874
1892
1875
1893
1876
1894
1877
1895
1878
1896
1897
1880
1898
1881
1899
1882
1900
1883
1901
1884
1902
1885
1903
1886
1904
1887
1905
1888
1906
1889
1907
1890
1908
1891
1909
1892
1910
1893
1911
1894
1912
1895
1913
1896
1914
1897
1915
1916
1899
1917
1900
1918
1901
1919
1902
1920
1903
1921
1904
1922
1905
1923
1906
1924
1907
1925
1908
1926
1909
1927
1910
1928
1911
1929
1912
1930
1913
1931
1914
1932
1915
1933
1916
1934
1935
1918
1936
1919
1937
1920
1938
1921
1939
1922
1940
1923
1941
1924
1942
1925
1943
1926
1944
1927
1945
1928
1946
1929
1947
1930
1948
1931
1949
1932
1950
1933
1951
1934
1952
1935
1953
1954
1937
1955
1938
1956
1939
1957
1940
1958
1941
1959
1942
1960
1943
1961
1944
1962
1945
1963
1946
1964
1947
1965
1948
1966
1949
1967
1950
1968
1951
1969
1952
1970
1953
1971
1954
1972
1973
1956
1974
1957
1975
1958
1976
1959
1977
1960
1978
1961
1979
1962
1980
1963
1981
1964
1982
1965
1983
1966
1984
1967
1985
1968
1986
1969
1987
1970
1988
1971
1989
1972
1990
1973
1991
1992
1975
1993
1976
1994
1977
1995
1978
1996
1979
1997
1980
1998
1981
1999
1982
2000
1983
2001
1984
2002
1985
2003
1986
2004
1987
2005
1988
2006
1989
2007
1990
2008
1991
2009
1992
2010
2011
1994
2012
1995
2013
1996
2014
1997
2015
1998
2016
1999
2017
2000
2018
2001
2019
2002
2020
2003
2021
2004
2022
2005
2023
2006
2024
2007
2025
2008
2026
2009
2027
2010
2028
2011
2029
2030
2013
2031
2014
2032
2015
2033
2016
2034
2017
2035
2018
2036
2019
2037
2020
2038
2021
2039
2022
2040
2023
2041
2024
2042
2025
2043
2026
2044
2027
2045
2028
2046
2029
2047
2030
2048
2049
2032
2050
2033
2051
2034
2052
2035
2053
2036
2054
2037
2055
2038
2056
2039
2057
2040
2058
2041
2059
2042
2060
2043
2061
2044
2062
2045
2063
2046
2064
2047
2065
2048
2066
2049
2067
2068
2051
2069
2052
2070
2053
2071
2054
2072
2055
2073
2056
2074
2057
2075
2058
2076
2059
2077
2060
2078
2061
2079
2062
2080
2063
2081
2064
2082
2065
2083
2066
2084
2067
2085
2068
2086
2087
2070
2088
2071
2089
2072
2090
2073
2091
2074
2092
2075
2093
2076
2094
2077
2095
2078
2096
2079
2097
2080
2098
2081
2099
2082
2100
2083
2101
2084
2102
2085
2103
2086
2104
2087
2105
2106
2089
2107
2090
2108
2091
2109
2092
2110
2093
2111
2094
2112
2095
2113
2096
2114
2097
2115
2098
2116
2099
2117
2100
2118
2101
2119
2102
2120
2103
2121
2104
2122
2105
2123
2106
2124
2125
2108
2126
2109
2127
2110
2128
2111
2129
2112
2130
2113
2131
2114
2132
2115
2133
2116
2134
2117
2135
2118
2136
2119
2137
2120
2138
2121
2139
2122
2140
2123
2141
2124
2142
2125
2143
2144
2127
2145
2128
2146
2129
2147
2130
2148
2131
2149
2132
2150
2133
2151
2134
2152
2135
2153
2136
2154
2137
2155
2138
2156
2139
2157
2140
2158
2141
2159
2142
2160
2143
2161
2144
2162
2163
2146
2164
2147
2165
2148
2166
2149
2167
2150
2168
2151
2169
2152
2170
2153
2171
2154
2172
2155
2173
2156
2174
2157
2175
2158
2176
2159
2177
2160
2178
2161
2179
2162
2180
2163
2181
2182
2165
2183
2166
2184
2167
2185
2168
2186
2169
2187
2170
2188
2171
2189
2172
2190
2173
2191
2174
2192
2175
2193
2176
2194
2177
2195
2178
2196
2179
2197
2180
2198
2181
2199
2182
2200
2201
2184
2202
2185
2203
2186
2204
2187
2205
2188
2206
2189
2207
2190
2208
2191
2209
2192
2210
2193
2211
2194
2212
2195
2213
2196
2214
2197
2215
2198
2216
2199
2217
2200
2218
2201
2219
2220
2203
2221
2204
2222
2205
2223
2206
2224
2207
2225
2208
2226
2209
2227
2210
2228
2211
2229
2212
2230
2213
2231
2214
2232
2215
2233
2216
2234
2217
2235
2218
2236
2219
2237
2220
2238
2239
2222
2240
2223
2241
2224
2242
2225
2243
2226
2244
2227
2245
2228
2246
2229
2247
2230
2248
2231
2249
2232
2250
2233
2251
2234
2252
2235
2253
2236
2254
2237
2255
2238
2256
2239
2257
2258
2241
2259
2242
2260
2243
2261
2244
2262
2245
2263
2246
2264
2247
2265
2248
2266
2249
2267
2250
2268
2251
2269
2252
2270
2253
2271
2254
2272
2255
2273
2256
2274
2257
2275
2258
2276
2277
2260
2278
2261
2279
2262
2280
2263
2281
2264
2282
2265
2283
2266
2284
2267
2285
2268
2286
2269
2287
2270
2288
2271
2289
2272
2290
2273
2291
2274
2292
2275
2293
2276
2294
2277
2295
2296
2279
2297
2280
2298
2281
2299
2282
2300
2283
2301
2284
2302
2285
2303
2286
2304
2287
2305
2288
2306
2289
2307
2290
2308
2291
2309
2292
2310
2293
2311
2294
2312
2295
2313
2296
2314
2315
2298
2316
2299
2317
2300
2318
2301
2319
2302
2320
2303
2321
2304
2322
2305
2323
2306
2324
2307
2325
2308
2326
2309
2327
2310
2328
2311
2329
2312
2330
2313
2331
2314
2332
2315
2333
2334
2317
2335
2318
2336
2319
2337
2320
2338
2321
2339
2322
2340
2323
2341
2324
2342
2325
2343
2326
2344
2327
2345
2328
2346
2329
2347
2330
2348
2331
2349
2332
2350
2333
2351
2334
2352
2353
2336
2354
2337
2355
2338
2356
2339
2357
2340
2358
2341
2359
2342
2360
2343
2361
2344
2362
2345
2363
2346
2364
2347
2365
2348
2366
2349
2367
2350
2368
2351
2369
2352
2370
2353
2371
2372
2355
2373
2356
2374
2357
2375
2358
2376
2359
2377
2360
2378
2361
2379
2362
2380
2363
2381
2364
2382
2365
2383
2366
2384
2367
2385
2368
2386
2369
2387
2370
2388
2371
2389
2372
2390
2391
2374
2392
2375
2393
2376
2394
2377
2395
2378
2396
2379
2397
2380
2398
2381
2399
2382
2400
2383
2401
2384
2402
2385
2403
2386
2404
2387
2405
2388
2406
2389
2407
2390
2408
2391
2409
2410
2393
2411
2394
2412
2395
2413
2396
2414
2397
2415
2398
2416
2399
2417
2400
2418
2401
2419
2402
2420
2403
2421
2404
2422
2405
2423
2406
2424
2407
2425
2408
2426
2409
2427
2410
2428
2429
2412
2430
2413
2431
2414
2432
2415
2433
2416
2434
2417
2435
2418
2436
2419
2437
2420
2438
2421
2439
2422
2440
2423
2441
2424
2442
2425
2443
2426
2444
2427
2445
2428
2446
2429
2447
2448
2431
2449
2432
2450
2433
2451
2434
2452
2435
2453
2436
2454
2437
2455
2438
2456
2439
2457
2440
2458
2441
2459
2442
2460
2443
2461
2444
2462
2445
2463
2446
2464
2447
2465
2448
2466
2467
2450
2468
2451
2469
2452
2470
2453
2471
2454
2472
2455
2473
2456
2474
2457
2475
2458
2476
2459
2477
2460
2478
2461
2479
2462
2480
2463
2481
2464
2482
2465
2483
2466
2484
2467
2485
2486
2469
2487
2470
2488
2471
2489
2472
2490
2473
2491
2474
2492
2475
2493
2476
2494
2477
2495
2478
2496
2479
2497
2480
2498
2481
2499
2482
2500
2483
2501
2484
2502
2485
2503
2486
2504
2505
2488
2506
2489
2507
2490
2508
2491
2509
2492
2510
2493
2511
2494
2512
2495
2513
2496
2514
2497
2515
2498
2516
2499
2517
2500
2518
2501
2519
2502
2520
2503
2521
2504
2522
2505
2523
2524
2507
2525
2508
2526
2509
2527
2510
2528
2511
2529
2512
2530
2513
2531
2514
2532
2515
2533
2516
2534
2517
2535
2518
2536
2519
2537
2520
2538
2521
2539
2522
2540
2523
2541
2524
2542
2543
2526
2544
2527
2545
2528
2546
2529
2547
2530
2548
2531
2549
2532
2550
2533
2551
2534
2552
2535
2553
2536
2554
2537
2555
2538
2556
2539
2557
2540
2558
2541
2559
2542
2560
2543
2561
2562
2545
2563
2546
2564
2547
2565
2548
2566
2549
2567
2550
2568
2551
2569
2552
2570
2553
2571
2554
2572
2555
2573
2556
2574
2557
2575
2558
2576
2559
2577
2560
2578
2561
2579
2562
2580
2581
2564
2582
2565
2583
2566
2584
2567
2585
2568
2586
2569
2587
2570
2588
2571
2589
2572
2590
2573
2591
2574
2592
2575
2593
2576
2594
2577
2595
2578
2596
2579
2597
2580
2598
2581
2599
2600
2583
2601
2584
2602
2585
2603
2586
2604
2587
2605
2588
2606
2589
2607
2590
2608
2591
2609
2592
2610
2593
2611
2594
2612
2595
2613
2596
2614
2597
2615
2598
2616
2599
2617
2600
2618
2619
2602
2620
2603
2621
2604
2622
2605
2623
2606
2624
2607
2625
2608
2626
2609
2627
2610
2628
2611
2629
2612
2630
2613
2631
2614
2632
2615
2633
2616
2634
2617
2635
2618
2636
2619
2637
2638
2621
2639
2622
2640
2623
2641
2624
2642
2625
2643
2626
2644
2627
2645
2628
2646
2629
2647
2630
2648
2631
2649
2632
2650
2633
2651
2634
2652
2635
2653
2636
2654
2637
2655
2638
2656
2657
2640
2658
2641
2659
2642
2660
2643
2661
2644
2662
2645
2663
2646
2664
2647
2665
2648
2666
2649
2667
2650
2668
2651
2669
2652
2670
2653
2671
2654
2672
2655
2673
2656
2674
2657
2675
2676
2659
2677
2660
2678
2661
2679
2662
2680
2663
2681
2664
2682
2665
2683
2666
2684
2667
2685
2668
2686
2669
2687
2670
2688
2671
2689
2672
2690
2673
2691
2674
2692
2675
2693
2676
2694
2695
2678
2696
2679
2697
2680
2698
2681
2699
2682
2700
2683
2701
2684
2702
2685
2703
2686
2704
2687
2705
2688
2706
2689
2707
2690
2708
2691
2709
2692
2710
2693
2711
2694
2712
2695
2713
2714
2697
2715
2698
2716
2699
2717
2700
2718
2701
2719
2702
2720
2703
2721
2704
2722
2705
2723
2706
2724
2707
2725
2708
2726
2709
2727
2710
2728
2711
2729
2712
2730
2713
2731
2714
2732
2733
2716
2734
2717
2735
2718
2736
2719
2737
2720
2738
2721
2739
2722
2740
2723
2741
2724
2742
2725
2743
2726
2744
2727
2745
2728
2746
2729
2747
2730
2748
2731
2749
2732
2750
2733
2751
2752
2735
2753
2736
2754
2737
2755
2738
2756
2739
2757
2740
2758
2741
2759
2742
2760
2743
2761
2744
2762
2745
2763
2746
2764
2747
2765
2748
2766
2749
2767
2750
2768
2751
2769
2752
2770
2771
2754
2772
2755
2773
2756
2774
2757
2775
2758
2776
2759
2777
2760
2778
2761
2779
2762
2780
2763
2781
2764
2782
2765
2783
2766
2784
2767
2785
2768
2786
2769
2787
2770
2788
2771
2789
2790
2773
2791
2774
2792
2775
2793
2776
2794
2777
2795
2778
2796
2779
2797
2780
2798
2781
2799
2782
2800
2783
2801
2784
2802
2785
2803
2786
2804
2787
2805
2788
2806
2789
2807
2790
2808
2809
2792
2810
2793
2811
2794
2812
2795
2813
2796
2814
2797
2815
2798
2816
2799
2817
2800
2818
2801
2819
2802
2820
2803
2821
2804
2822
2805
2823
2806
2824
2807
2825
2808
2826
2809
2827
2828
2811
2829
2812
2830
2813
2831
2814
2832
2815
2833
2816
2834
2817
2835
2818
2836
2819
2837
2820
2838
2821
2839
2822
2840
2823
2841
2824
2842
2825
2843
2826
2844
2827
2845
2828
2846
2847
2830
2848
2831
2849
2832
2850
2833
2851
2834
2852
2835
2853
2836
2854
2837
2855
2838
2856
2839
2857
2840
2858
2841
2859
2842
2860
2843
2861
2844
2862
2845
2863
2846
2864
2847
2865
2866
2849
2867
2850
2868
2851
2869
2852
2870
2853
2871
2854
2872
2855
2873
2856
2874
2857
2875
2858
2876
2859
2877
2860
2878
2861
2879
2862
2880
2863
2881
2864
2882
2865
2883
2866
2884
2885
2868
2886
2869
2887
2870
2888
2871
2889
2872
2890
2873
2891
2874
2892
2875
2893
2876
2894
2877
2895
2878
2896
2879
2897
2880
2898
2881
2899
2882
2900
2883
2901
2884
2902
2885
2903
2904
2887
2905
2888
2906
2889
2907
2890
2908
2891
2909
2892
2910
2893
2911
2894
2912
2895
2913
2896
2914
2897
2915
2898
2916
2899
2917
2900
2918
2901
2919
2902
2920
2903
2921
2904
2922
2923
2906
2924
2907
2925
2908
2926
2909
2927
2910
2928
2911
2929
2912
2930
2913
2931
2914
2932
2915
2933
2916
2934
2917
2935
2918
2936
2919
2937
2920
2938
2921
2939
2922
2940
2923
2941
2942
2925
2943
2926
2944
2927
2945
2928
2946
2929
2947
2930
2948
2931
2949
2932
2950
2933
2951
2934
2952
2935
2953
2936
2954
2937
2955
2938
2956
2939
2957
2940
2958
2941
2959
2942
2960
2961
2944
2962
2945
2963
2946
2964
2947
2965
2948
2966
2949
2967
2950
2968
2951
2969
2952
2970
2953
2971
2954
2972
2955
2973
2956
2974
2957
2975
2958
2976
2959
2977
2960
2978
2961
2979
2980
2963
2981
2964
2982
2965
2983
2966
2984
2967
2985
2968
2986
2969
2987
2970
2988
2971
2989
2972
2990
2973
2991
2974
2992
2975
2993
2976
2994
2977
2995
2978
2996
2979
2997
2980
2998
2999
2982
3000
2983
3001
2984
3002
2985
3003
2986
3004
2987
3005
2988
3006
2989
3007
2990
3008
2991
3009
2992
3010
2993
3011
2994
3012
2995
3013
2996
3014
2997
3015
2998
3016
2999
3017
3018
3001
3019
3002
3020
3003
3021
3004
3022
3005
3023
3006
3024
3007
3025
3008
3026
3009
3027
3010
3028
3011
3029
3012
3030
3013
3031
3014
3032
3015
3033
3016
3034
3017
3035
3018
3036
3037
3020
3038
3021
3039
3022
3040
3023
3041
3024
3042
3025
3043
3026
3044
3027
3045
3028
3046
3029
3047
3030
3048
3031
3049
3032
3050
3033
3051
3034
3052
3035
3053
3036
3054
3037
3055
3056
3039
4317
3040
4318
3041
4319
3042
4320
3043
4321
3044
4322
3045
4323
3046
4324
3047
4325
3048
4326
3049
4327
3050
4328
3051
4329
3052
4330
3053
4331
3054
4332
3055
4333
3056
4334
4335
3058
3078
4335
3059
3079
3060
3080
3061
3081
3062
3082
3063
3083
3064
3084
3065
3085
3066
3086
3067
3087
3068
3088
3069
3089
3070
3090
3071
3091
3072
3092
3073
3093
3074
3094
3075
3095
3076
3096
3077
3097
3098
3079
3099
4354
3080
3100
3081
3101
3082
3102
3083
3103
3084
3104
3085
3105
3086
3106
3087
3107
3088
3108
3089
3109
3090
3110
3091
3111
3092
3112
3093
3113
3094
3114
3095
3115
3096
3116
3097
3117
3098
3118
3119
3100
3120
4373
3101
3121
3102
3122
3103
3123
3104
3124
3105
3125
3106
3126
3107
3127
3108
3128
3109
3129
3110
3130
3111
3131
3112
3132
3113
3133
3114
3134
3115
3135
3116
3136
3117
3137
3118
3138
3119
3139
3140
3121
3141
4392
3122
3142
3123
3143
3124
3144
3125
3145
3126
3146
3127
3147
3128
3148
3129
3149
3130
3150
3131
3151
3132
3152
3133
3153
3134
3154
3135
3155
3136
3156
3137
3157
3138
3158
3139
3159
3140
3160
3161
3142
3162
4411
3143
3163
3144
3164
3145
3165
3146
3166
3147
3167
3148
3168
3149
3169
3150
3170
3151
3171
3152
3172
3153
3173
3154
3174
3155
3175
3156
3176
3157
3177
3158
3178
3159
3179
3160
3180
3161
3181
3182
3163
3183
4430
3164
3184
3165
3185
3166
3186
3167
3187
3168
3188
3169
3189
3170
3190
3171
3191
3172
3192
3173
3193
3174
3194
3175
3195
3176
3196
3177
3197
3178
3198
3179
3199
3180
3200
3181
3201
3182
3202
3203
3184
3204
4449
3185
3205
3186
3206
3187
3207
3188
3208
3189
3209
3190
3210
3191
3211
3192
3212
3193
3213
3194
3214
3195
3215
3196
3216
3197
3217
3198
3218
3199
3219
3200
3220
3201
3221
3202
3222
3203
3223
3224
3205
3225
4468
3206
3226
3207
3227
3208
3228
3209
3229
3210
3230
3211
3231
3212
3232
3213
3233
3214
3234
3215
3235
3216
3236
3217
3237
3218
3238
3219
3239
3220
3240
3221
3241
3222
3242
3223
3243
3224
3244
3245
3226
3246
4487
3227
3247
3228
3248
3229
3249
3230
3250
3231
3251
3232
3252
3233
3253
3234
3254
3235
3255
3236
3256
3237
3257
3238
3258
3239
3259
3240
3260
3241
3261
3242
3262
3243
3263
3244
3264
3245
3265
3266
3247
3267
4506
3248
3268
3249
3269
3250
3270
3251
3271
3252
3272
3253
3273
3254
3274
3255
3275
3256
3276
3257
3277
3258
3278
3259
3279
3260
3280
3261
3281
3262
3282
3263
3283
3264
3284
3265
3285
3266
3286
3287
3268
3288
4525
3269
3289
3270
3290
3271
3291
3272
3292
3273
3293
3274
3294
3275
3295
3276
3296
3277
3297
3278
3298
3279
3299
3280
3300
3281
3301
3282
3302
3283
3303
3284
3304
3285
3305
3286
3306
3287
3307
3308
3289
3309
4544
3290
3310
3291
3311
3292
3312
3293
3313
3294
3314
3295
3315
3296
3316
3297
3317
3298
3318
3299
3319
3300
3320
3301
3321
3302
3322
3303
3323
3304
3324
3305
3325
3306
3326
3307
3327
3308
3328
3329
3310
3330
4563
3311
3331
3312
3332
3313
3333
3314
3334
3315
3335
3316
3336
3317
3337
3318
3338
3319
3339
3320
3340
3321
3341
3322
3342
3323
3343
3324
3344
3325
3345
3326
3346
3327
3347
3328
3348
3329
3349
3350
3331
3351
4582
3332
3352
3333
3353
3334
3354
3335
3355
3336
3356
3337
3357
3338
3358
3339
3359
3340
3360
3341
3361
3342
3362
3343
3363
3344
3364
3345
3365
3346
3366
3347
3367
3348
3368
3349
3369
3350
3370
3371
3352
3372
4601
3353
3373
3354
3374
3355
3375
3356
3376
3357
3377
3358
3378
3359
3379
3360
3380
3361
3381
3362
3382
3363
3383
3364
3384
3365
3385
3366
3386
3367
3387
3368
3388
3369
3389
3370
3390
3371
3391
3392
3373
3393
4620
3374
3394
3375
3395
3376
3396
3377
3397
3378
3398
3379
3399
3380
3400
3381
3401
3382
3402
3383
3403
3384
3404
3385
3405
3386
3406
3387
3407
3388
3408
3389
3409
3390
3410
3391
3411
3392
3412
3413
3394
3414
4639
3395
3415
3396
3416
3397
3417
3398
3418
3399
3419
3400
3420
3401
3421
3402
3422
3403
3423
3404
3424
3405
3425
3406
3426
3407
3427
3408
3428
3409
3429
3410
3430
3411
3431
3412
3432
3413
3433
3434
3415
3435
4658
3416
3436
3417
3437
3418
3438
3419
3439
3420
3440
3421
3441
3422
3442
3423
3443
3424
3444
3425
3445
3426
3446
3427
3447
3428
3448
3429
3449
3430
3450
3431
3451
3432
3452
3433
3453
3434
3454
3455
3436
3456
4677
3437
3457
3438
3458
3439
3459
3440
3460
3441
3461
3442
3462
3443
3463
3444
3464
3445
3465
3446
3466
3447
3467
3448
3468
3449
3469
3450
3470
3451
3471
3452
3472
3453
3473
3454
3474
3455
3475
3476
3457
3477
4696
3458
3478
3459
3479
3460
3480
3461
3481
3462
3482
3463
3483
3464
3484
3465
3485
3466
3486
3467
3487
3468
3488
3469
3489
3470
3490
3471
3491
3472
3492
3473
3493
3474
3494
3475
3495
3476
3496
3497
3478
3498
4715
3479
3499
3480
3500
3481
3501
3482
3502
3483
3503
3484
3504
3485
3505
3486
3506
3487
3507
3488
3508
3489
3509
3490
3510
3491
3511
3492
3512
3493
3513
3494
3514
3495
3515
3496
3516
3497
3517
3518
3499
3519
4734
3500
3520
3501
3521
3502
3522
3503
3523
3504
3524
3505
3525
3506
3526
3507
3527
3508
3528
3509
3529
3510
3530
3511
3531
3512
3532
3513
3533
3514
3534
3515
3535
3516
3536
3517
3537
3518
3538
3539
3520
3540
4753
3521
3541
3522
3542
3523
3543
3524
3544
3525
3545
3526
3546
3527
3547
3528
3548
3529
3549
3530
3550
3531
3551
3532
3552
3533
3553
3534
3554
3535
3555
3536
3556
3537
3557
3538
3558
3539
3559
3560
3541
3561
4772
3542
3562
3543
3563
3544
3564
3545
3565
3546
3566
3547
3567
3548
3568
3549
3569
3550
3570
3551
3571
3552
3572
3553
3573
3554
3574
3555
3575
3556
3576
3557
3577
3558
3578
3559
3579
3560
3580
3581
3562
3582
4791
3563
3583
3564
3584
3565
3585
3566
3586
3567
3587
3568
3588
3569
3589
3570
3590
3571
3591
3572
3592
3573
3593
3574
3594
3575
3595
3576
3596
3577
3597
3578
3598
3579
3599
3580
3600
3581
3601
3602
3583
3603
4810
3584
3604
3585
3605
3586
3606
3587
3607
3588
3608
3589
3609
3590
3610
3591
3611
3592
3612
3593
3613
3594
3614
3595
3615
3596
3616
3597
3617
3598
3618
3599
3619
3600
3620
3601
3621
3602
3622
3623
3604
3624
4829
3605
3625
3606
3626
3607
3627
3608
3628
3609
3629
3610
3630
3611
3631
3612
3632
3613
3633
3614
3634
3615
3635
3616
3636
3617
3637
3618
3638
3619
3639
3620
3640
3621
3641
3622
3642
3623
3643
3644
3625
3645
4848
3626
3646
3627
3647
3628
3648
3629
3649
3630
3650
3631
3651
3632
3652
3633
3653
3634
3654
3635
3655
3636
3656
3637
3657
3638
3658
3639
3659
3640
3660
3641
3661
3642
3662
3643
3663
3644
3664
3665
3646
3666
4867
3647
3667
3648
3668
3649
3669
3650
3670
3651
3671
3652
3672
3653
3673
3654
3674
3655
3675
3656
3676
3657
3677
3658
3678
3659
3679
3660
3680
3661
3681
3662
3682
3663
3683
3664
3684
3665
3685
3686
3667
3687
4886
3668
3688
3669
3689
3670
3690
3671
3691
3672
3692
3673
3693
3674
3694
3675
3695
3676
3696
3677
3697
3678
3698
3679
3699
3680
3700
3681
3701
3682
3702
3683
3703
3684
3704
3685
3705
3686
3706
3707
3688
3708
4905
3689
3709
3690
3710
3691
3711
3692
3712
3693
3713
3694
3714
3695
3715
3696
3716
3697
3717
3698
3718
3699
3719
3700
3720
3701
3721
3702
3722
3703
3723
3704
3724
3705
3725
3706
3726
3707
3727
3728
3709
3729
4924
3710
3730
3711
3731
3712
3732
3713
3733
3714
3734
3715
3735
3716
3736
3717
3737
3718
3738
3719
3739
3720
3740
3721
3741
3722
3742
3723
3743
3724
3744
3725
3745
3726
3746
3727
3747
3728
3748
3749
3730
3750
4943
3731
3751
3732
3752
3733
3753
3734
3754
3735
3755
3736
3756
3737
3757
3738
3758
3739
3759
3740
3760
3741
3761
3742
3762
3743
3763
3744
3764
3745
3765
3746
3766
3747
3767
3748
3768
3749
3769
3770
3751
3771
4962
3752
3772
3753
3773
3754
3774
3755
3775
3756
3776
3757
3777
3758
3778
3759
3779
3760
3780
3761
3781
3762
3782
3763
3783
3764
3784
3765
3785
3766
3786
3767
3787
3768
3788
3769
3789
3770
3790
3791
3772
3792
4981
3773
3793
3774
3794
3775
3795
3776
3796
3777
3797
3778
3798
3779
3799
3780
3800
3781
3801
3782
3802
3783
3803
3784
3804
3785
3805
3786
3806
3787
3807
3788
3808
3789
3809
3790
3810
3791
3811
3812
3793
3813
5000
3794
3814
3795
3815
3796
3816
3797
3817
3798
3818
3799
3819
3800
3820
3801
3821
3802
3822
3803
3823
3804
3824
3805
3825
3806
3826
3807
3827
3808
3828
3809
3829
3810
3830
3811
3831
3812
3832
3833
3814
3834
5019
3815
3835
3816
3836
3817
3837
3818
3838
3819
3839
3820
3840
3821
3841
3822
3842
3823
3843
3824
3844
3825
3845
3826
3846
3827
3847
3828
3848
3829
3849
3830
3850
3831
3851
3832
3852
3833
3853
3854
3835
3855
5038
3836
3856
3837
3857
3838
3858
3839
3859
3840
3860
3841
3861
3842
3862
3843
3863
3844
3864
3845
3865
3846
3866
3847
3867
3848
3868
3849
3869
3850
3870
3851
3871
3852
3872
3853
3873
3854
3874
3875
3856
3876
5057
3857
3877
3858
3878
3859
3879
3860
3880
3861
3881
3862
3882
3863
3883
3864
3884
3865
3885
3866
3886
3867
3887
3868
3888
3869
3889
3870
3890
3871
3891
3872
3892
3873
3893
3874
3894
3875
3895
3896
3877
3897
5076
3878
3898
3879
3899
3880
3900
3881
3901
3882
3902
3883
3903
3884
3904
3885
3905
3886
3906
3887
3907
3888
3908
3889
3909
3890
3910
3891
3911
3892
3912
3893
3913
3894
3914
3895
3915
3896
3916
3917
3898
3918
5095
3899
3919
3900
3920
3901
3921
3902
3922
3903
3923
3904
3924
3905
3925
3906
3926
3907
3927
3908
3928
3909
3929
3910
3930
3911
3931
3912
3932
3913
3933
3914
3934
3915
3935
3916
3936
3917
3937
3938
3919
3939
5114
3920
3940
3921
3941
3922
3942
3923
3943
3924
3944
3925
3945
3926
3946
3927
3947
3928
3948
3929
3949
3930
3950
3931
3951
3932
3952
3933
3953
3934
3954
3935
3955
3936
3956
3937
3957
3938
3958
3959
3940
3960
5133
3941
3961
3942
3962
3943
3963
3944
3964
3945
3965
3946
3966
3947
3967
3948
3968
3949
3969
3950
3970
3951
3971
3952
3972
3953
3973
3954
3974
3955
3975
3956
3976
3957
3977
3958
3978
3959
3979
3980
3961
3981
5152
3962
3982
3963
3983
3964
3984
3965
3985
3966
3986
3967
3987
3968
3988
3969
3989
3970
3990
3971
3991
3972
3992
3973
3993
3974
3994
3975
3995
3976
3996
3977
3997
3978
3998
3979
3999
3980
4000
4001
3982
4002
5171
3983
4003
3984
4004
3985
4005
3986
4006
3987
4007
3988
4008
3989
4009
3990
4010
3991
4011
3992
4012
3993
4013
3994
4014
3995
4015
3996
4016
3997
4017
3998
4018
3999
4019
4000
4020
4001
4021
4022
4003
4023
5190
4004
4024
4005
4025
4006
4026
4007
4027
4008
4028
4009
4029
4010
4030
4011
4031
4012
4032
4013
4033
4014
4034
4015
4035
4016
4036
4017
4037
4018
4038
4019
4039
4020
4040
4021
4041
4022
4042
4043
4024
4044
5209
4025
4045
4026
4046
4027
4047
4028
4048
4029
4049
4030
4050
4031
4051
4032
4052
4033
4053
4034
4054
4035
4055
4036
4056
4037
4057
4038
4058
4039
4059
4040
4060
4041
4061
4042
4062
4043
4063
4064
4045
4065
5228
4046
4066
4047
4067
4048
4068
4049
4069
4050
4070
4051
4071
4052
4072
4053
4073
4054
4074
4055
4075
4056
4076
4057
4077
4058
4078
4059
4079
4060
4080
4061
4081
4062
4082
4063
4083
4064
4084
4085
4066
4086
5247
4067
4087
4068
4088
4069
4089
4070
4090
4071
4091
4072
4092
4073
4093
4074
4094
4075
4095
4076
4096
4077
4097
4078
4098
4079
4099
4080
4100
4081
4101
4082
4102
4083
4103
4084
4104
4085
4105
4106
4087
4107
5266
4088
4108
4089
4109
4090
4110
4091
4111
4092
4112
4093
4113
4094
4114
4095
4115
4096
4116
4097
4117
4098
4118
4099
4119
4100
4120
4101
4121
4102
4122
4103
4123
4104
4124
4105
4125
4106
4126
4127
4108
4128
5285
4109
4129
4110
4130
4111
4131
4112
4132
4113
4133
4114
4134
4115
4135
4116
4136
4117
4137
4118
4138
4119
4139
4120
4140
4121
4141
4122
4142
4123
4143
4124
4144
4125
4145
4126
4146
4127
4147
4148
4129
4149
5304
4130
4150
4131
4151
4132
4152
4133
4153
4134
4154
4135
4155
4136
4156
4137
4157
4138
4158
4139
4159
4140
4160
4141
4161
4142
4162
4143
4163
4144
4164
4145
4165
4146
4166
4147
4167
4148
4168
4169
4150
4170
5323
4151
4171
4152
4172
4153
4173
4154
4174
4155
4175
4156
4176
4157
4177
4158
4178
4159
4179
4160
4180
4161
4181
4162
4182
4163
4183
4164
4184
4165
4185
4166
4186
4167
4187
4168
4188
4169
4189
4190
4171
4191
5342
4172
4192
4173
4193
4174
4194
4175
4195
4176
4196
4177
4197
4178
4198
4179
4199
4180
4200
4181
4201
4182
4202
4183
4203
4184
4204
4185
4205
4186
4206
4187
4207
4188
4208
4189
4209
4190
4210
4211
4192
4212
5361
4193
4213
4194
4214
4195
4215
4196
4216
4197
4217
4198
4218
4199
4219
4200
4220
4201
4221
4202
4222
4203
4223
4204
4224
4205
4225
4206
4226
4207
4227
4208
4228
4209
4229
4210
4230
4211
4231
4232
4213
4233
5380
4214
4234
4215
4235
4216
4236
4217
4237
4218
4238
4219
4239
4220
4240
4221
4241
4222
4242
4223
4243
4224
4244
4225
4245
4226
4246
4227
4247
4228
4248
4229
4249
4230
4250
4231
4251
4232
4252
4253
4234
4254
5399
4235
4255
4236
4256
4237
4257
4238
4258
4239
4259
4240
4260
4241
4261
4242
4262
4243
4263
4244
4264
4245
4265
4246
4266
4247
4267
4248
4268
4249
4269
4250
4270
4251
4271
4252
4272
4253
4273
4274
4255
4275
5418
4256
4276
4257
4277
4258
4278
4259
4279
4260
4280
4261
4281
4262
4282
4263
4283
4264
4284
4265
4285
4266
4286
4267
4287
4268
4288
4269
4289
4270
4290
4271
4291
4272
4292
4273
4293
4274
4294
4295
4276
4296
5437
4277
4297
4278
4298
4279
4299
4280
4300
4281
4301
4282
4302
4283
4303
4284
4304
4285
4305
4286
4306
4287
4307
4288
4308
4289
4309
4290
4310
4291
4311
4292
4312
4293
4313
4294
4314
4295
4315
4316
4297
5456
5657
4298
5658
4299
5659
4300
5660
4301
5661
4302
5662
4303
5663
4304
5664
4305
5665
4306
5666
4307
5667
4308
5668
4309
5669
4310
5670
4311
5671
4312
5672
4313
5673
4314
5674
4315
5675
4316
5676
5677
4318
4336
4319
4337
4320
4338
4321
4339
4322
4340
4323
4341
4324
4342
4325
4343
4326
4344
4327
4345
4328
4346
4329
4347
4330
4348
4331
4349
4332
4350
4333
4351
4334
4352
4335
4353
4354
4337
4355
4338
4356
4339
4357
4340
4358
4341
4359
4342
4360
4343
4361
4344
4362
4345
4363
4346
4364
4347
4365
4348
4366
4349
4367
4350
4368
4351
4369
4352
4370
4353
4371
4354
4372
4373
4356
4374
4357
4375
4358
4376
4359
4377
4360
4378
4361
4379
4362
4380
4363
4381
4364
4382
4365
4383
4366
4384
4367
4385
4368
4386
4369
4387
4370
4388
4371
4389
4372
4390
4373
4391
4392
4375
4393
4376
4394
4377
4395
4378
4396
4379
4397
4380
4398
4381
4399
4382
4400
4383
4401
4384
4402
4385
4403
4386
4404
4387
4405
4388
4406
4389
4407
4390
4408
4391
4409
4392
4410
4411
4394
4412
4395
4413
4396
4414
4397
4415
4398
4416
4399
4417
4400
4418
4401
4419
4402
4420
4403
4421
4404
4422
4405
4423
4406
4424
4407
4425
4408
4426
4409
4427
4410
4428
4411
4429
4430
4413
4431
4414
4432
4415
4433
4416
4434
4417
4435
4418
4436
4419
4437
4420
4438
4421
4439
4422
4440
4423
4441
4424
4442
4425
4443
4426
4444
4427
4445
4428
4446
4429
4447
4430
4448
4449
4432
4450
4433
4451
4434
4452
4435
4453
4436
4454
4437
4455
4438
4456
4439
4457
4440
4458
4441
4459
4442
4460
4443
4461
4444
4462
4445
4463
4446
4464
4447
4465
4448
4466
4449
4467
4468
4451
4469
4452
4470
4453
4471
4454
4472
4455
4473
4456
4474
4457
4475
4458
4476
4459
4477
4460
4478
4461
4479
4462
4480
4463
4481
4464
4482
4465
4483
4466
4484
4467
4485
4468
4486
4487
4470
4488
4471
4489
4472
4490
4473
4491
4474
4492
4475
4493
4476
4494
4477
4495
4478
4496
4479
4497
4480
4498
4481
4499
4482
4500
4483
4501
4484
4502
4485
4503
4486
4504
4487
4505
4506
4489
4507
4490
4508
4491
4509
4492
4510
4493
4511
4494
4512
4495
4513
4496
4514
4497
4515
4498
4516
4499
4517
4500
4518
4501
4519
4502
4520
4503
4521
4504
4522
4505
4523
4506
4524
4525
4508
4526
4509
4527
4510
4528
4511
4529
4512
4530
4513
4531
4514
4532
4515
4533
4516
4534
4517
4535
4518
4536
4519
4537
4520
4538
4521
4539
4522
4540
4523
4541
4524
4542
4525
4543
4544
4527
4545
4528
4546
4529
4547
4530
4548
4531
4549
4532
4550
4533
4551
4534
4552
4535
4553
4536
4554
4537
4555
4538
4556
4539
4557
4540
4558
4541
4559
4542
4560
4543
4561
4544
4562
4563
4546
4564
4547
4565
4548
4566
4549
4567
4550
4568
4551
4569
4552
4570
4553
4571
4554
4572
4555
4573
4556
4574
4557
4575
4558
4576
4559
4577
4560
4578
4561
4579
4562
4580
4563
4581
4582
4565
4583
4566
4584
4567
4585
4568
4586
4569
4587
4570
4588
4571
4589
4572
4590
4573
4591
4574
4592
4575
4593
4576
4594
4577
4595
4578
4596
4579
4597
4580
4598
4581
4599
4582
4600
4601
4584
4602
4585
4603
4586
4604
4587
4605
4588
4606
4589
4607
4590
4608
4591
4609
4592
4610
4593
4611
4594
4612
4595
4613
4596
4614
4597
4615
4598
4616
4599
4617
4600
4618
4601
4619
4620
4603
4621
4604
4622
4605
4623
4606
4624
4607
4625
4608
4626
4609
4627
4610
4628
4611
4629
4612
4630
4613
4631
4614
4632
4615
4633
4616
4634
4617
4635
4618
4636
4619
4637
4620
4638
4639
4622
4640
4623
4641
4624
4642
4625
4643
4626
4644
4627
4645
4628
4646
4629
4647
4630
4648
4631
4649
4632
4650
4633
4651
4634
4652
4635
4653
4636
4654
4637
4655
4638
4656
4639
4657
4658
4641
4659
4642
4660
4643
4661
4644
4662
4645
4663
4646
4664
4647
4665
4648
4666
4649
4667
4650
4668
4651
4669
4652
4670
4653
4671
4654
4672
4655
4673
4656
4674
4657
4675
4658
4676
4677
4660
4678
4661
4679
4662
4680
4663
4681
4664
4682
4665
4683
4666
4684
4667
4685
4668
4686
4669
4687
4670
4688
4671
4689
4672
4690
4673
4691
4674
4692
4675
4693
4676
4694
4677
4695
4696
4679
4697
4680
4698
4681
4699
4682
4700
4683
4701
4684
4702
4685
4703
4686
4704
4687
4705
4688
4706
4689
4707
4690
4708
4691
4709
4692
4710
4693
4711
4694
4712
4695
4713
4696
4714
4715
4698
4716
4699
4717
4700
4718
4701
4719
4702
4720
4703
4721
4704
4722
4705
4723
4706
4724
4707
4725
4708
4726
4709
4727
4710
4728
4711
4729
4712
4730
4713
4731
4714
4732
4715
4733
4734
4717
4735
4718
4736
4719
4737
4720
4738
4721
4739
4722
4740
4723
4741
4724
4742
4725
4743
4726
4744
4727
4745
4728
4746
4729
4747
4730
4748
4731
4749
4732
4750
4733
4751
4734
4752
4753
4736
4754
4737
4755
4738
4756
4739
4757
4740
4758
4741
4759
4742
4760
4743
4761
4744
4762
4745
4763
4746
4764
4747
4765
4748
4766
4749
4767
4750
4768
4751
4769
4752
4770
4753
4771
4772
4755
4773
4756
4774
4757
4775
4758
4776
4759
4777
4760
4778
4761
4779
4762
4780
4763
4781
4764
4782
4765
4783
4766
4784
4767
4785
4768
4786
4769
4787
4770
4788
4771
4789
4772
4790
4791
4774
4792
4775
4793
4776
4794
4777
4795
4778
4796
4779
4797
4780
4798
4781
4799
4782
4800
4783
4801
4784
4802
4785
4803
4786
4804
4787
4805
4788
4806
4789
4807
4790
4808
4791
4809
4810
4793
4811
4794
4812
4795
4813
4796
4814
4797
4815
4798
4816
4799
4817
4800
4818
4801
4819
4802
4820
4803
4821
4804
4822
4805
4823
4806
4824
4807
4825
4808
4826
4809
4827
4810
4828
4829
4812
4830
4813
4831
4814
4832
4815
4833
4816
4834
4817
4835
4818
4836
4819
4837
4820
4838
4821
4839
4822
4840
4823
4841
4824
4842
4825
4843
4826
4844
4827
4845
4828
4846
4829
4847
4848
4831
4849
4832
4850
4833
4851
4834
4852
4835
4853
4836
4854
4837
4855
4838
4856
4839
4857
4840
4858
4841
4859
4842
4860
4843
4861
4844
4862
4845
4863
4846
4864
4847
4865
4848
4866
4867
4850
4868
4851
4869
4852
4870
4853
4871
4854
4872
4855
4873
4856
4874
4857
4875
4858
4876
4859
4877
4860
4878
4861
4879
4862
4880
4863
4881
4864
4882
4865
4883
4866
4884
4867
4885
4886
4869
4887
4870
4888
4871
4889
4872
4890
4873
4891
4874
4892
4875
4893
4876
4894
4877
4895
4878
4896
4879
4897
4880
4898
4881
4899
4882
4900
4883
4901
4884
4902
4885
4903
4886
4904
4905
4888
4906
4889
4907
4890
4908
4891
4909
4892
4910
4893
4911
4894
4912
4895
4913
4896
4914
4897
4915
4898
4916
4899
4917
4900
4918
4901
4919
4902
4920
4903
4921
4904
4922
4905
4923
4924
4907
4925
4908
4926
4909
4927
4910
4928
4911
4929
4912
4930
4913
4931
4914
4932
4915
4933
4916
4934
4917
4935
4918
4936
4919
4937
4920
4938
4921
4939
4922
4940
4923
4941
4924
4942
4943
4926
4944
4927
4945
4928
4946
4929
4947
4930
4948
4931
4949
4932
4950
4933
4951
4934
4952
4935
4953
4936
4954
4937
4955
4938
4956
4939
4957
4940
4958
4941
4959
4942
4960
4943
4961
4962
4945
4963
4946
4964
4947
4965
4948
4966
4949
4967
4950
4968
4951
4969
4952
4970
4953
4971
4954
4972
4955
4973
4956
4974
4957
4975
4958
4976
4959
4977
4960
4978
4961
4979
4962
4980
4981
4964
4982
4965
4983
4966
4984
4967
4985
4968
4986
4969
4987
4970
4988
4971
4989
4972
4990
4973
4991
4974
4992
4975
4993
4976
4994
4977
4995
4978
4996
4979
4997
4980
4998
4981
4999
5000
4983
5001
4984
5002
4985
5003
4986
5004
4987
5005
4988
5006
4989
5007
4990
5008
4991
5009
4992
5010
4993
5011
4994
5012
4995
5013
4996
5014
4997
5015
4998
5016
4999
5017
5000
5018
5019
5002
5020
5003
5021
5004
5022
5005
5023
5006
5024
5007
5025
5008
5026
5009
5027
5010
5028
5011
5029
5012
5030
5013
5031
5014
5032
5015
5033
5016
5034
5017
5035
5018
5036
5019
5037
5038
5021
5039
5022
5040
5023
5041
5024
5042
5025
5043
5026
5044
5027
5045
5028
5046
5029
5047
5030
5048
5031
5049
5032
5050
5033
5051
5034
5052
5035
5053
5036
5054
5037
5055
5038
5056
5057
5040
5058
5041
5059
5042
5060
5043
5061
5044
5062
5045
5063
5046
5064
5047
5065
5048
5066
5049
5067
5050
5068
5051
5069
5052
5070
5053
5071
5054
5072
5055
5073
5056
5074
5057
5075
5076
5059
5077
5060
5078
5061
5079
5062
5080
5063
5081
5064
5082
5065
5083
5066
5084
5067
5085
5068
5086
5069
5087
5070
5088
5071
5089
5072
5090
5073
5091
5074
5092
5075
5093
5076
5094
5095
5078
5096
5079
5097
5080
5098
5081
5099
5082
5100
5083
5101
5084
5102
5085
5103
5086
5104
5087
5105
5088
5106
5089
5107
5090
5108
5091
5109
5092
5110
5093
5111
5094
5112
5095
5113
5114
5097
5115
5098
5116
5099
5117
5100
5118
5101
5119
5102
5120
5103
5121
5104
5122
5105
5123
5106
5124
5107
5125
5108
5126
5109
5127
5110
5128
5111
5129
5112
5130
5113
5131
5114
5132
5133
5116
5134
5117
5135
5118
5136
5119
5137
5120
5138
5121
5139
5122
5140
5123
5141
5124
5142
5125
5143
5126
5144
5127
5145
5128
5146
5129
5147
5130
5148
5131
5149
5132
5150
5133
5151
5152
5135
5153
5136
5154
5137
5155
5138
5156
5139
5157
5140
5158
5141
5159
5142
5160
5143
5161
5144
5162
5145
5163
5146
5164
5147
5165
5148
5166
5149
5167
5150
5168
5151
5169
5152
5170
5171
5154
5172
5155
5173
5156
5174
5157
5175
5158
5176
5159
5177
5160
5178
5161
5179
5162
5180
5163
5181
5164
5182
5165
5183
5166
5184
5167
5185
5168
5186
5169
5187
5170
5188
5171
5189
5190
5173
5191
5174
5192
5175
5193
5176
5194
5177
5195
5178
5196
5179
5197
5180
5198
5181
5199
5182
5200
5183
5201
5184
5202
5185
5203
5186
5204
5187
5205
5188
5206
5189
5207
5190
5208
5209
5192
5210
5193
5211
5194
5212
5195
5213
5196
5214
5197
5215
5198
5216
5199
5217
5200
5218
5201
5219
5202
5220
5203
5221
5204
5222
5205
5223
5206
5224
5207
5225
5208
5226
5209
5227
5228
5211
5229
5212
5230
5213
5231
5214
5232
5215
5233
5216
5234
5217
5235
5218
5236
5219
5237
5220
5238
5221
5239
5222
5240
5223
5241
5224
5242
5225
5243
5226
5244
5227
5245
5228
5246
5247
5230
5248
5231
5249
5232
5250
5233
5251
5234
5252
5235
5253
5236
5254
5237
5255
5238
5256
5239
5257
5240
5258
5241
5259
5242
5260
5243
5261
5244
5262
5245
5263
5246
5264
5247
5265
5266
5249
5267
5250
5268
5251
5269
5252
5270
5253
5271
5254
5272
5255
5273
5256
5274
5257
5275
5258
5276
5259
5277
5260
5278
5261
5279
5262
5280
5263
5281
5264
5282
5265
5283
5266
5284
5285
5268
5286
5269
5287
5270
5288
5271
5289
5272
5290
5273
5291
5274
5292
5275
5293
5276
5294
5277
5295
5278
5296
5279
5297
5280
5298
5281
5299
5282
5300
5283
5301
5284
5302
5285
5303
5304
5287
5305
5288
5306
5289
5307
5290
5308
5291
5309
5292
5310
5293
5311
5294
5312
5295
5313
5296
5314
5297
5315
5298
5316
5299
5317
5300
5318
5301
5319
5302
5320
5303
5321
5304
5322
5323
5306
5324
5307
5325
5308
5326
5309
5327
5310
5328
5311
5329
5312
5330
5313
5331
5314
5332
5315
5333
5316
5334
5317
5335
5318
5336
5319
5337
5320
5338
5321
5339
5322
5340
5323
5341
5342
5325
5343
5326
5344
5327
5345
5328
5346
5329
5347
5330
5348
5331
5349
5332
5350
5333
5351
5334
5352
5335
5353
5336
5354
5337
5355
5338
5356
5339
5357
5340
5358
5341
5359
5342
5360
5361
5344
5362
5345
5363
5346
5364
5347
5365
5348
5366
5349
5367
5350
5368
5351
5369
5352
5370
5353
5371
5354
5372
5355
5373
5356
5374
5357
5375
5358
5376
5359
5377
5360
5378
5361
5379
5380
5363
5381
5364
5382
5365
5383
5366
5384
5367
5385
5368
5386
5369
5387
5370
5388
5371
5389
5372
5390
5373
5391
5374
5392
5375
5393
5376
5394
5377
5395
5378
5396
5379
5397
5380
5398
5399
5382
5400
5383
5401
5384
5402
5385
5403
5386
5404
5387
5405
5388
5406
5389
5407
5390
5408
5391
5409
5392
5410
5393
5411
5394
5412
5395
5413
5396
5414
5397
5415
5398
5416
5399
5417
5418
5401
5419
5402
5420
5403
5421
5404
5422
5405
5423
5406
5424
5407
5425
5408
5426
5409
5427
5410
5428
5411
5429
5412
5430
5413
5431
5414
5432
5415
5433
5416
5434
5417
5435
5418
5436
5437
5420
5438
5421
5439
5422
5440
5423
5441
5424
5442
5425
5443
5426
5444
5427
5445
5428
5446
5429
5447
5430
5448
5431
5449
5432
5450
5433
5451
5434
5452
5435
5453
5436
5454
5437
5455
5456
5439
5867
5440
5868
5441
5869
5442
5870
5443
5871
5444
5872
5445
5873
5446
5874
5447
5875
5448
5876
5449
5877
5450
5878
5451
5879
5452
5880
5453
5881
5454
5882
5455
5883
5456
5884
5885
5458
5477
5677
5459
5478
5460
5479
5461
5480
5462
5481
5463
5482
5464
5483
5465
5484
5466
5485
5467
5486
5468
5487
5469
5488
5470
5489
5471
5490
5472
5491
5473
5492
5474
5493
5475
5494
5476
5495
5496
5478
5497
5698
5479
5498
5480
5499
5481
5500
5482
5501
5483
5502
5484
5503
5485
5504
5486
5505
5487
5506
5488
5507
5489
5508
5490
5509
5491
5510
5492
5511
5493
5512
5494
5513
5495
5514
5496
5515
5516
5498
5517
5719
5499
5518
5500
5519
5501
5520
5502
5521
5503
5522
5504
5523
5505
5524
5506
5525
5507
5526
5508
5527
5509
5528
5510
5529
5511
5530
5512
5531
5513
5532
5514
5533
5515
5534
5516
5535
5536
5518
5537
5740
5519
5538
5520
5539
5521
5540
5522
5541
5523
5542
5524
5543
5525
5544
5526
5545
5527
5546
5528
5547
5529
5548
5530
5549
5531
5550
5532
5551
5533
5552
5534
5553
5535
5554
5536
5555
5556
5538
5557
5761
5539
5558
5540
5559
5541
5560
5542
5561
5543
5562
5544
5563
5545
5564
5546
5565
5547
5566
5548
5567
5549
5568
5550
5569
5551
5570
5552
5571
5553
5572
5554
5573
5555
5574
5556
5575
5576
5558
5577
5782
5559
5578
5560
5579
5561
5580
5562
5581
5563
5582
5564
5583
5565
5584
5566
5585
5567
5586
5568
5587
5569
5588
5570
5589
5571
5590
5572
5591
5573
5592
5574
5593
5575
5594
5576
5595
5596
5578
5597
5803
5579
5598
5580
5599
5581
5600
5582
5601
5583
5602
5584
5603
5585
5604
5586
5605
5587
5606
5588
5607
5589
5608
5590
5609
5591
5610
5592
5611
5593
5612
5594
5613
5595
5614
5596
5615
5616
5598
5617
5824
5599
5618
5600
5619
5601
5620
5602
5621
5603
5622
5604
5623
5605
5624
5606
5625
5607
5626
5608
5627
5609
5628
5610
5629
5611
5630
5612
5631
5613
5632
5614
5633
5615
5634
5616
5635
5636
5618
5637
5845
5619
5638
5620
5639
5621
5640
5622
5641
5623
5642
5624
5643
5625
5644
5626
5645
5627
5646
5628
5647
5629
5648
5630
5649
5631
5650
5632
5651
5633
5652
5634
5653
5635
5654
5636
5655
5656
5638
5866
5639
5640
5641
5642
5643
5644
5645
5646
5647
5648
5649
5650
5651
5652
5653
5654
5655
5656
5658
5678
5885
5659
5679
5660
5680
5661
5681
5662
5682
5663
5683
5664
5684
5665
5685
5666
5686
5667
5687
5668
5688
5669
5689
5670
5690
5671
5691
5672
5692
5673
5693
5674
5694
5675
5695
5676
5696
5677
5697
5698
5679
5699
5904
5680
5700
5681
5701
5682
5702
5683
5703
5684
5704
5685
5705
5686
5706
5687
5707
5688
5708
5689
5709
5690
5710
5691
5711
5692
5712
5693
5713
5694
5714
5695
5715
5696
5716
5697
5717
5698
5718
5719
5700
5720
5923
5701
5721
5702
5722
5703
5723
5704
5724
5705
5725
5706
5726
5707
5727
5708
5728
5709
5729
5710
5730
5711
5731
5712
5732
5713
5733
5714
5734
5715
5735
5716
5736
5717
5737
5718
5738
5719
5739
5740
5721
5741
5942
5722
5742
5723
5743
5724
5744
5725
5745
5726
5746
5727
5747
5728
5748
5729
5749
5730
5750
5731
5751
5732
5752
5733
5753
5734
5754
5735
5755
5736
5756
5737
5757
5738
5758
5739
5759
5740
5760
5761
5742
5762
5961
5743
5763
5744
5764
5745
5765
5746
5766
5747
5767
5748
5768
5749
5769
5750
5770
5751
5771
5752
5772
5753
5773
5754
5774
5755
5775
5756
5776
5757
5777
5758
5778
5759
5779
5760
5780
5761
5781
5782
5763
5783
5980
5764
5784
5765
5785
5766
5786
5767
5787
5768
5788
5769
5789
5770
5790
5771
5791
5772
5792
5773
5793
5774
5794
5775
5795
5776
5796
5777
5797
5778
5798
5779
5799
5780
5800
5781
5801
5782
5802
5803
5784
5804
5999
5785
5805
5786
5806
5787
5807
5788
5808
5789
5809
5790
5810
5791
5811
5792
5812
5793
5813
5794
5814
5795
5815
5796
5816
5797
5817
5798
5818
5799
5819
5800
5820
5801
5821
5802
5822
5803
5823
5824
5805
5825
6018
5806
5826
5807
5827
5808
5828
5809
5829
5810
5830
5811
5831
5812
5832
5813
5833
5814
5834
5815
5835
5816
5836
5817
5837
5818
5838
5819
5839
5820
5840
5821
5841
5822
5842
5823
5843
5824
5844
5845
5826
5846
6037
5827
5847
5828
5848
5829
5849
5830
5850
5831
5851
5832
5852
5833
5853
5834
5854
5835
5855
5836
5856
5837
5857
5838
5858
5839
5859
5840
5860
5841
5861
5842
5862
5843
5863
5844
5864
5845
5865
5866
5847
6056
5848
5849
5850
5851
5852
5853
5854
5855
5856
5857
5858
5859
5860
5861
5862
5863
5864
5865
5866
5868
5886
5869
5887
5870
5888
5871
5889
5872
5890
5873
5891
5874
5892
5875
5893
5876
5894
5877
5895
5878
5896
5879
5897
5880
5898
5881
5899
5882
5900
5883
5901
5884
5902
5885
5903
5904
5887
5905
5888
5906
5889
5907
5890
5908
5891
5909
5892
5910
5893
5911
5894
5912
5895
5913
5896
5914
5897
5915
5898
5916
5899
5917
5900
5918
5901
5919
5902
5920
5903
5921
5904
5922
5923
5906
5924
5907
5925
5908
5926
5909
5927
5910
5928
5911
5929
5912
5930
5913
5931
5914
5932
5915
5933
5916
5934
5917
5935
5918
5936
5919
5937
5920
5938
5921
5939
5922
5940
5923
5941
5942
5925
5943
5926
5944
5927
5945
5928
5946
5929
5947
5930
5948
5931
5949
5932
5950
5933
5951
5934
5952
5935
5953
5936
5954
5937
5955
5938
5956
5939
5957
5940
5958
5941
5959
5942
5960
5961
5944
5962
5945
5963
5946
5964
5947
5965
5948
5966
5949
5967
5950
5968
5951
5969
5952
5970
5953
5971
5954
5972
5955
5973
5956
5974
5957
5975
5958
5976
5959
5977
5960
5978
5961
5979
5980
5963
5981
5964
5982
5965
5983
5966
5984
5967
5985
5968
5986
5969
5987
5970
5988
5971
5989
5972
5990
5973
5991
5974
5992
5975
5993
5976
5994
5977
5995
5978
5996
5979
5997
5980
5998
5999
5982
6000
5983
6001
5984
6002
5985
6003
5986
6004
5987
6005
5988
6006
5989
6007
5990
6008
5991
6009
5992
6010
5993
6011
5994
6012
5995
6013
5996
6014
5997
6015
5998
6016
5999
6017
6018
6001
6019
6002
6020
6003
6021
6004
6022
6005
6023
6006
6024
6007
6025
6008
6026
6009
6027
6010
6028
6011
6029
6012
6030
6013
6031
6014
6032
6015
6033
6016
6034
6017
6035
6018
6036
6037
6020
6038
6021
6039
6022
6040
6023
6041
6024
6042
6025
6043
6026
6044
6027
6045
6028
6046
6029
6047
6030
6048
6031
6049
6032
6050
6033
6051
6034
6052
6035
6053
6036
6054
6037
6055
6056
6039
6040
6041
6042
6043
6044
6045
6046
6047
6048
6049
6050
6051
6052
6053
6054
6055
6056
)


// ************************************************************************* //
