/*--------------------------------*- C++ -*----------------------------------*\
| =========                 |                                                 |
| \\      /  F ield         | OpenFOAM: The Open Source CFD Toolbox           |
|  \\    /   O peration     | Version:  v2012                                 |
|   \\  /    A nd           | Website:  www.openfoam.com                      |
|    \\/     M anipulation  |                                                 |
\*---------------------------------------------------------------------------*/
FoamFile
{
    version     2.0;
    format      ascii;
    class       volScalarField;
    location    "2000";
    object      k;
}
// * * * * * * * * * * * * * * * * * * * * * * * * * * * * * * * * * * * * * //

dimensions      [0 2 -2 0 0 0 0];


internalField   nonuniform List<scalar> 
6502
(
0.0732126
0.0987417
0.114693
0.118305
0.11905
0.119051
0.118308
0.114698
0.0987518
0.0732148
0.0445222
0.0654957
0.0951997
0.105845
0.108612
0.108617
0.105862
0.0952344
0.0655268
0.0445357
0.0297895
0.0428178
0.0767944
0.093739
0.099076
0.0990923
0.0937886
0.0768742
0.0428676
0.0298234
0.020627
0.028396
0.0611649
0.0823772
0.0902118
0.0902476
0.082477
0.0613
0.0284627
0.02069
0.0145962
0.0193749
0.0487477
0.0721031
0.0819616
0.0820258
0.0722681
0.0489407
0.0194554
0.0146932
0.0107965
0.0137236
0.0392442
0.0631075
0.0743486
0.0744506
0.0633516
0.0394967
0.0138162
0.0109271
0.008449
0.0101323
0.0320639
0.055371
0.067391
0.0675409
0.0557099
0.0323766
0.0102377
0.00861743
0.00695904
0.00778992
0.0266224
0.0487658
0.0610805
0.0612886
0.0492126
0.0270003
0.00790984
0.00717188
0.00599071
0.00620139
0.0224462
0.0431416
0.0553892
0.0556663
0.0437108
0.0228953
0.00634294
0.00625939
0.00534272
0.00508043
0.0191947
0.0383409
0.050276
0.0506321
0.0390485
0.0197226
0.00524607
0.00568311
0.00487998
0.00426334
0.0166235
0.034202
0.0456839
0.0461354
0.0350805
0.0172389
0.00445773
0.00531509
0.00452225
0.00364869
0.0145498
0.0306251
0.0415567
0.0421221
0.0316878
0.0152714
0.00387774
0.0050807
0.00422422
0.00317183
0.0128476
0.0275083
0.0378446
0.0385293
0.0287968
0.0136941
0.00344302
0.00494244
0.00395678
0.00278961
0.0114143
0.0247682
0.0344961
0.0352968
0.0263433
0.0124199
0.00311295
0.00488131
0.00370023
0.00247259
0.0101718
0.0223392
0.0314637
0.0323827
0.0242112
0.0114149
0.00287658
0.00489039
0.00344126
0.00220119
0.00907787
0.0201719
0.0286959
0.0297464
0.0223434
0.0106093
0.0027317
0.00497494
0.00317181
0.00196223
0.00810278
0.0182195
0.0261637
0.0273524
0.0207042
0.00996547
0.0026607
0.00515172
0.00288683
0.00174638
0.00722044
0.0164373
0.0238369
0.0251687
0.0192636
0.00946463
0.00265956
0.00545063
0.00258427
0.00154709
0.00641275
0.014792
0.0216842
0.0231654
0.0179941
0.00909263
0.00273476
0.0059598
0.00226588
0.00136013
0.00566749
0.0132624
0.0196843
0.0213144
0.0168734
0.0088446
0.00288915
0.0063548
0.00193696
0.00118221
0.00497268
0.0118236
0.0177951
0.019577
0.0158691
0.00872832
0.00303416
0.00223145
0.00160994
0.00101448
0.00433118
0.0104803
0.0160254
0.0179486
0.0149584
0.00871024
0.00334541
0.00150086
0.00129916
0.000858175
0.00374279
0.00923154
0.0143681
0.0164126
0.0141064
0.00873016
0.00375783
0.00152815
0.0010159
0.000714989
0.00320806
0.0080791
0.0128174
0.0149589
0.0132888
0.00874556
0.00422217
0.00182977
0.00076761
0.000586507
0.00272691
0.00702434
0.0113743
0.0135796
0.0124876
0.00873103
0.00469668
0.0022624
0.000558031
0.000473737
0.00229808
0.00606658
0.010039
0.0122681
0.0116896
0.00866968
0.00514265
0.00275704
0.000387872
0.000376995
0.0019195
0.00520348
0.00881142
0.0110243
0.0108888
0.0085436
0.00552774
0.00326661
0.000255516
0.000295946
0.00158862
0.00443161
0.00769302
0.00987399
0.0100886
0.00834721
0.00583021
0.00375305
0.000157591
0.000229676
0.00130263
0.00374671
0.00667995
0.00880159
0.00929344
0.00808204
0.00603552
0.00418399
8.94234e-05
0.000176776
0.00105833
0.00314364
0.00576853
0.00780816
0.00851164
0.0077514
0.00614023
0.00453508
4.54941e-05
0.000135468
0.000852173
0.00261637
0.00495316
0.00689476
0.00775249
0.00736342
0.0061445
0.00479368
1.99065e-05
0.000103769
0.000680329
0.00215866
0.00422713
0.00606101
0.00702515
0.00693293
0.00606073
0.00495515
7.15663e-06
7.96432e-05
0.000538691
0.00176432
0.0035831
0.00530413
0.00633768
0.00647803
0.00590301
0.00502715
3.03132e-06
6.15376e-05
0.000423529
0.00142762
0.00301355
0.00461893
0.00569462
0.00601515
0.00568648
0.00501926
5.07837e-06
4.82026e-05
0.000331305
0.00114349
0.00251166
0.00399884
0.00509701
0.0055583
0.00543088
0.00494995
8.3137e-06
3.81562e-05
0.000258407
0.000907146
0.00207163
0.00343679
0.0045421
0.0051164
0.00515543
0.00483512
1.11967e-05
3.01719e-05
0.000200326
0.000712408
0.00168801
0.00292571
0.0040239
0.00469201
0.0048735
0.00469318
1.37078e-05
2.38014e-05
0.000153927
0.000553453
0.00135622
0.00245997
0.00353506
0.00428214
0.0045922
0.00453904
1.55406e-05
1.90028e-05
0.000118132
0.000426786
0.00107429
0.0020374
0.00306941
0.00387964
0.00431073
0.00438112
1.601e-05
1.51056e-05
8.99663e-05
0.000327394
0.000840005
0.00165894
0.00262423
0.00347606
0.00402103
0.00421843
1.54629e-05
1.19774e-05
6.85782e-05
0.000249127
0.000648526
0.00132627
0.00220123
0.00306536
0.00371106
0.00404089
1.4856e-05
9.51541e-06
5.19055e-05
0.0001868
0.000495122
0.00104168
0.00180744
0.00264841
0.00337009
0.00383183
1.3708e-05
7.59933e-06
3.95094e-05
0.000141612
0.000375058
0.000806659
0.0014548
0.00223726
0.00299631
0.00357467
1.19915e-05
6.01118e-06
2.97949e-05
0.000106518
0.000280074
0.00061735
0.0011515
0.00185131
0.00260414
0.00326514
1.05039e-05
4.73341e-06
2.23582e-05
7.97203e-05
0.000209516
0.000462476
0.00089186
0.00149377
0.00220296
0.00290149
9.3818e-06
3.75429e-06
1.66701e-05
5.88302e-05
0.000154579
0.000340579
0.000671776
0.00116918
0.00180405
0.00249561
8.4531e-06
2.99092e-06
1.22929e-05
4.29384e-05
0.000112494
0.000247013
0.000486232
0.000881805
0.0014217
0.00206367
7.83094e-06
2.43471e-06
9.06629e-06
3.13018e-05
8.14204e-05
0.000177761
0.000348876
0.000635578
0.00107238
0.00163142
7.45592e-06
2.06785e-06
6.85932e-06
2.3192e-05
5.93581e-05
0.000127959
0.000248432
0.000450171
0.00077192
0.00122972
7.10493e-06
1.83933e-06
5.42501e-06
1.78283e-05
4.4422e-05
9.33635e-05
0.000177743
0.000317372
0.000540864
0.000883524
6.61855e-06
1.63528e-06
4.46519e-06
1.43197e-05
3.47437e-05
7.05344e-05
0.000129289
0.000225182
0.000377641
0.000614266
5.85799e-06
1.42158e-06
3.76649e-06
1.18535e-05
2.80903e-05
5.53575e-05
9.79696e-05
0.000163463
0.000264728
0.000426131
4.7634e-06
1.17141e-06
3.15175e-06
9.79288e-06
2.27579e-05
4.3837e-05
7.56306e-05
0.000122679
0.000192642
0.000297949
3.4245e-06
8.80942e-07
2.51196e-06
7.75342e-06
1.77374e-05
3.36031e-05
5.70814e-05
9.11968e-05
0.000140906
0.000213736
2.0699e-06
5.7475e-07
1.81875e-06
5.60952e-06
1.2672e-05
2.37365e-05
4.00171e-05
6.36502e-05
9.79995e-05
0.000147999
9.76969e-07
3.19851e-07
1.14335e-06
3.50765e-06
7.81936e-06
1.45262e-05
2.4446e-05
3.89971e-05
6.03544e-05
9.16534e-05
3.13574e-07
1.39801e-07
5.76647e-07
1.74471e-06
3.8237e-06
7.05134e-06
1.18852e-05
1.90961e-05
2.98449e-05
4.57932e-05
4.75079e-08
4.27144e-08
2.03862e-07
5.97854e-07
1.28283e-06
2.354e-06
3.98856e-06
6.47426e-06
1.02407e-05
1.59029e-05
2.21463e-09
7.81816e-09
3.93207e-08
1.16777e-07
2.6307e-07
5.12834e-07
9.19898e-07
1.56601e-06
2.56947e-06
4.09359e-06
1.15089e-09
2.06981e-09
1.56648e-08
1.03866e-07
3.50792e-07
8.69351e-07
1.80685e-06
3.37166e-06
5.85076e-06
9.61594e-06
0.000656885
0.000205704
0.000151014
9.3284e-05
5.70577e-05
3.50629e-05
2.21263e-05
1.43204e-05
9.36392e-06
6.10743e-06
3.90479e-06
2.38872e-06
1.35298e-06
6.79133e-07
2.87322e-07
1.04967e-07
2.06554e-08
3.9609e-08
8.25575e-08
1.04714e-07
9.66953e-08
6.49611e-08
3.0459e-08
8.31061e-09
1.09772e-09
0.000397627
9.71732e-05
3.78506e-05
1.98119e-05
1.16466e-05
7.17636e-06
4.57785e-06
3.01467e-06
2.04015e-06
1.41266e-06
9.93074e-07
7.0016e-07
5.02722e-07
3.65254e-07
2.68784e-07
2.00576e-07
1.47887e-07
1.1071e-07
8.23337e-08
5.8437e-08
3.78377e-08
2.08844e-08
8.86141e-09
3.36002e-09
9.92948e-09
0.000527688
0.000163408
6.3808e-05
3.09115e-05
1.78632e-05
1.122e-05
7.41127e-06
5.1502e-06
3.80101e-06
2.98961e-06
2.48253e-06
2.13702e-06
1.87336e-06
1.63824e-06
1.40385e-06
1.1613e-06
9.14873e-07
6.78292e-07
4.66575e-07
2.91789e-07
1.60742e-07
7.37892e-08
2.57709e-08
1.03343e-08
4.03906e-08
0.000773494
0.000311248
0.000137129
6.97913e-05
4.12799e-05
2.63384e-05
1.76274e-05
1.24633e-05
9.44799e-06
7.70618e-06
6.67002e-06
5.98252e-06
5.42814e-06
4.88008e-06
4.27542e-06
3.59976e-06
2.87573e-06
2.15081e-06
1.48189e-06
9.19376e-07
4.94881e-07
2.16066e-07
6.98359e-08
2.50163e-08
9.95331e-08
0.00110589
0.000538663
0.000259798
0.000141044
8.20441e-05
5.14443e-05
3.39106e-05
2.3753e-05
1.80296e-05
1.48918e-05
1.31479e-05
1.20553e-05
1.11681e-05
1.02306e-05
9.1159e-06
7.79361e-06
6.31024e-06
4.76977e-06
3.3065e-06
2.05056e-06
1.09403e-06
4.69103e-07
1.43956e-07
3.87148e-08
1.22824e-07
0.00151147
0.00084193
0.000454131
0.000253021
0.00014688
8.90291e-05
5.67539e-05
3.86515e-05
2.89061e-05
2.38927e-05
2.13558e-05
1.99309e-05
1.88192e-05
1.75673e-05
1.59427e-05
1.38733e-05
1.14214e-05
8.76163e-06
6.14481e-06
3.83807e-06
2.05131e-06
8.76071e-07
2.63876e-07
5.76652e-08
1.3432e-07
0.00197053
0.00121464
0.000734506
0.000421842
0.000247715
0.000145496
8.89465e-05
5.82001e-05
4.23118e-05
3.46443e-05
3.11678e-05
2.95349e-05
2.84157e-05
2.70635e-05
2.50752e-05
2.22861e-05
1.87379e-05
1.46676e-05
1.04753e-05
6.63997e-06
3.5853e-06
1.5389e-06
4.60481e-07
8.39262e-08
1.15622e-07
0.0024558
0.00164369
0.00108792
0.000673833
0.000397725
0.000233095
0.000136797
8.5273e-05
5.96005e-05
4.78585e-05
4.30799e-05
4.13504e-05
4.05278e-05
3.94256e-05
3.73716e-05
3.40225e-05
2.93252e-05
2.35353e-05
1.7215e-05
1.11463e-05
6.12091e-06
2.65665e-06
7.95565e-07
1.26882e-07
6.56282e-08
0.00293518
0.00210519
0.0015016
0.00101436
0.000613514
0.000360796
0.000209964
0.000126046
8.37641e-05
6.50853e-05
5.81045e-05
5.62722e-05
5.61225e-05
5.57779e-05
5.41431e-05
5.05664e-05
4.47764e-05
3.69542e-05
2.77979e-05
1.84799e-05
1.03794e-05
4.58e-06
1.38304e-06
2.097e-07
1.94048e-08
0.00337554
0.00256725
0.00195232
0.0014181
0.000930186
0.000550063
0.000318279
0.000187352
0.000120181
8.94741e-05
7.78788e-05
7.54921e-05
7.63856e-05
7.74872e-05
7.70106e-05
7.38004e-05
6.71741e-05
5.70757e-05
4.42529e-05
3.03186e-05
1.7505e-05
7.89851e-06
2.4262e-06
3.85642e-07
1.08687e-07
0.00375083
0.0029965
0.00240787
0.00186738
0.00133004
0.000832597
0.000482649
0.000280161
0.000173904
0.000124671
0.000105573
0.000100706
0.0001027
0.000106097
0.000107857
0.000106004
9.9154e-05
8.67194e-05
6.93422e-05
4.90613e-05
2.92361e-05
1.35698e-05
4.28072e-06
7.67857e-07
6.64482e-07
0.00404307
0.00336359
0.00283158
0.00232779
0.00178404
0.00122501
0.000735281
0.000425933
0.00025755
0.00017641
0.000143811
0.000135176
0.00013687
0.000143329
0.000148892
0.000149918
0.000144049
0.000129591
0.000106792
7.80543e-05
4.81181e-05
2.30915e-05
7.55154e-06
1.59006e-06
2.45595e-06
0.00424578
0.00364819
0.00318941
0.00275722
0.00225781
0.00168409
0.00111765
0.00066034
0.000393687
0.000257445
0.000198518
0.000180648
0.000181921
0.000190992
0.000202265
0.000208954
0.000206109
0.000190562
0.00016161
0.000121899
7.77705e-05
3.87148e-05
1.32299e-05
3.30385e-06
7.06371e-06
0.00436351
0.00384436
0.00345887
0.00311545
0.0027041
0.00217531
0.00158087
0.00103329
0.000624297
0.000393691
0.00028375
0.000243648
0.000239579
0.000251147
0.000269491
0.000285106
0.000289125
0.000275358
0.000240313
0.000186811
0.000123211
6.3682e-05
2.28463e-05
6.6949e-06
1.73261e-05
0.00440965
0.00395831
0.0036332
0.00337461
0.00307404
0.00264529
0.00208976
0.00150033
0.000992604
0.000634889
0.000429547
0.000341017
0.000317983
0.000328936
0.000352773
0.000381055
0.000397459
0.000389714
0.000350652
0.000280873
0.000191226
0.000102489
3.86088e-05
1.29611e-05
3.75833e-05
0.004401
0.00400643
0.0037222
0.00352677
0.003332
0.0030347
0.00258437
0.00202467
0.00146496
0.00100588
0.000690965
0.000510905
0.000437239
0.000430991
0.000457958
0.00049806
0.000533177
0.000539462
0.000501048
0.000413958
0.000290724
0.000161196
6.3516e-05
2.3703e-05
7.34206e-05
0.00435641
0.00401079
0.00374902
0.00358657
0.00346834
0.00329881
0.00299445
0.00253949
0.00200177
0.00148735
0.00107654
0.000798087
0.000642962
0.000584868
0.00059559
0.000638661
0.000695621
0.000725658
0.000697686
0.000596371
0.000432748
0.000247767
0.000101459
4.08308e-05
0.000130872
0.00429178
0.0039921
0.0037406
0.00358329
0.00350107
0.00342457
0.00326539
0.0029638
0.00252845
0.00203364
0.00157216
0.00120812
0.000964075
0.000832606
0.000794089
0.000820984
0.000884817
0.000944006
0.000940916
0.000836292
0.000629733
0.000372511
0.000157364
6.59034e-05
0.000214903
0.00422187
0.00396829
0.00372399
0.0035525
0.00346763
0.00343382
0.00338087
0.00323417
0.00295401
0.00256077
0.00212336
0.00171951
0.0014024
0.00119261
0.001087
0.00106945
0.00110695
0.00118531
0.0012211
0.00113435
0.000892601
0.000548816
0.000238368
0.000100068
0.000324599
0.00415384
0.00395297
0.00371953
0.00352744
0.00341406
0.00337477
0.00336898
0.00333385
0.00320951
0.0029694
0.00263558
0.0022659
0.0019241
0.00165584
0.00148212
0.00140422
0.00140771
0.00145775
0.00151907
0.00147833
0.00122997
0.00079375
0.000356381
0.000147376
0.000450515
0.00408524
0.00395189
0.00374087
0.00353126
0.00337909
0.00330272
0.00328936
0.0033008
0.00328393
0.00319176
0.0030053
0.00274238
0.00244786
0.00217251
0.00195608
0.0018203
0.00176937
0.00177849
0.0018312
0.00183525
0.00163666
0.00112731
0.000531119
0.000223546
0.000621024
0.00400231
0.0039603
0.00379168
0.00358319
0.00339129
0.00326452
0.00320724
0.00320626
0.0032281
0.00322986
0.00317554
0.0030497
0.00286307
0.00264717
0.00244158
0.00228052
0.00218742
0.0021661
0.00217959
0.00219737
0.00205826
0.00156978
0.000796448
0.00036076
0.000996096
0.00388237
0.00395823
0.00386301
0.00367728
0.00346992
0.00329097
0.00317457
0.00312281
0.00312346
0.00314914
0.00316753
0.00315109
0.00308532
0.0029738
0.00283653
0.00269828
0.00259812
0.00255466
0.00256233
0.00256922
0.00249063
0.00208683
0.00122371
0.000597934
0.00153899
0.00370493
0.00391786
0.00392966
0.00380163
0.00360542
0.00339911
0.00322551
0.0031081
0.00305089
0.00304426
0.00306773
0.00309746
0.00311151
0.00309615
0.0030495
0.00297148
0.00289914
0.00285753
0.00285887
0.00288991
0.00287826
0.00267441
0.00195395
0.000972858
0.000509614
0.00345088
0.00380711
0.00395586
0.00392767
0.00378167
0.00357985
0.00337167
0.00319561
0.00307071
0.00299772
0.0029751
0.00298902
0.00302125
0.00305423
0.003075
0.00306946
0.00304738
0.00303254
0.00304053
0.00307865
0.00313376
0.00312373
0.00288057
0.0021749
0.00116288
0.00311466
0.00359878
0.00389889
0.00400839
0.00395973
0.00380614
0.00360073
0.00338774
0.00320269
0.00305811
0.00296593
0.00292125
0.00291734
0.00294128
0.00297925
0.0030176
0.00304338
0.00306349
0.00309091
0.00313469
0.00319807
0.00326899
0.00329821
0.00315825
0.00269272
0.00270517
0.00327943
0.00372073
0.00398837
0.00408052
0.00402723
0.00387458
0.00366768
0.00345048
0.00325102
0.00308761
0.00297126
0.0028977
0.00286609
0.00286921
0.00289642
0.00293649
0.00298084
0.00302573
0.00307807
0.00314221
0.00321833
0.00329714
0.00335212
0.0033387
0.00224557
0.00285803
0.00340298
0.0038205
0.00407687
0.00417077
0.00412751
0.00398424
0.00378358
0.00356339
0.00335117
0.00316771
0.00302131
0.00291896
0.00285277
0.00282309
0.00282464
0.00285
0.00289274
0.00294592
0.00300683
0.0030768
0.00315426
0.00323259
0.00329797
0.00177484
0.00236869
0.0029603
0.0034871
0.00389694
0.00415972
0.00427227
0.00425245
0.00413123
0.00394551
0.00372857
0.00350905
0.00330623
0.00313338
0.00299472
0.00289454
0.00282771
0.00279069
0.00278373
0.00280143
0.00284023
0.0028957
0.00295869
0.00302735
0.00309711
0.00133547
0.00186452
0.00244101
0.00301449
0.00353087
0.00394431
0.00422695
0.00437165
0.00438921
0.00430376
0.00414507
0.00394362
0.00372554
0.00351126
0.00331512
0.0031411
0.00300407
0.002898
0.00282226
0.00277165
0.00274823
0.00274944
0.00277053
0.00280845
0.00285857
0.000957515
0.00139688
0.00191112
0.0024678
0.00302386
0.0035331
0.00395555
0.00426532
0.00445139
0.00451827
0.00448215
0.0043661
0.00419541
0.00399352
0.00378155
0.00357242
0.00337878
0.00320742
0.00305595
0.00293766
0.00284796
0.00278049
0.00273265
0.00270441
0.00269666
0.000662392
0.000996394
0.00142567
0.00192172
0.0024563
0.00299317
0.00349331
0.00392261
0.00425855
0.00448803
0.00461001
0.00463331
0.00457385
0.00445081
0.00428462
0.00409342
0.00389132
0.00369218
0.00350193
0.00332761
0.00316991
0.00303268
0.00292218
0.00283371
0.0027636
0.000453579
0.000685046
0.00100818
0.00142545
0.00190158
0.00241082
0.00292221
0.00339756
0.00381636
0.00415973
0.00441608
0.00458185
0.00466104
0.00466359
0.00460329
0.00449563
0.00435495
0.00419483
0.00402546
0.00385001
0.0036748
0.00350616
0.00334988
0.00320538
0.00307575
0.000319028
0.0004675
0.000679889
0.000989715
0.00139311
0.00184395
0.00232577
0.00280807
0.00326711
0.00367335
0.00401601
0.00428629
0.00448121
0.00460314
0.00465866
0.00465742
0.00461034
0.00452837
0.00442153
0.00429708
0.00416164
0.00402089
0.00387921
0.00373657
0.00359492
0.000219589
0.000318879
0.000459297
0.000656546
0.000927223
0.00129379
0.00173183
0.00218223
0.00263647
0.00307481
0.00347773
0.00382313
0.00410744
0.0043292
0.0044892
0.0045921
0.00464475
0.00465491
0.00463049
0.0045787
0.00450598
0.00441809
0.00431972
0.00421417
0.00410459
0.000136667
0.000199089
0.000287215
0.000410659
0.000581482
0.000814057
0.00112334
0.00148964
0.00189538
0.00232384
0.00273196
0.00311577
0.00346652
0.00377233
0.00401808
0.00421086
0.00435543
0.00445657
0.00451929
0.00454885
0.00455056
0.00452947
0.00449002
0.00443592
0.00437071
6.89726e-05
0.00010137
0.000147467
0.000212561
0.000303476
0.000428428
0.000596479
0.000818007
0.00109647
0.00140294
0.00172679
0.00206536
0.00240952
0.00272
0.0029988
0.00324586
0.00345816
0.00363493
0.00377609
0.00388291
0.00395804
0.00400436
0.00402461
0.00402155
0.00399841
2.42114e-05
3.59132e-05
5.2649e-05
7.63324e-05
0.000109505
0.000155456
0.000218078
0.00030194
0.000413117
0.000560621
0.000729626
0.000913027
0.00110804
0.00130554
0.00150304
0.00170037
0.00187126
0.00202048
0.00214741
0.00225155
0.00233298
0.00239189
0.00242891
0.00244539
0.0024433
6.32047e-06
9.42781e-06
1.37912e-05
1.9805e-05
2.79154e-05
3.85479e-05
5.21154e-05
6.91653e-05
9.05356e-05
0.000117571
0.000152137
0.000193561
0.000240642
0.000292269
0.000347433
0.000404018
0.000456242
0.000503356
0.000546884
0.000584234
0.000616143
0.000641281
0.000659598
0.000671744
0.000678152
1.49897e-05
2.23036e-05
3.22083e-05
4.5343e-05
6.23213e-05
8.29059e-05
0.000105532
0.000128225
0.000148618
0.000164981
0.000176768
0.000183696
0.000184589
0.000176046
0.000158233
0.000132392
0.00010225
7.32254e-05
5.00851e-05
3.50138e-05
4.26145e-05
7.12793e-05
0.000115754
0.000176387
0.000252283
0.000756732
0.000430399
0.000263604
0.000658018
0.000406498
0.000277239
0.00203499
0.00149586
0.00114524
0.00322326
0.00301143
0.00272168
0.00332931
0.00332077
0.00326531
0.00315532
0.00320272
0.00323422
0.00290819
0.00295685
0.00300264
0.00270209
0.00271658
0.00273821
0.00271334
0.00267298
0.00264144
0.00297481
0.00288913
0.0028154
0.00347309
0.00335888
0.00325098
0.00400544
0.00390677
0.0038064
0.0043053
0.00423493
0.00415949
0.003963
0.00391596
0.00385791
0.0024271
0.00239926
0.00236042
0.000679506
0.000677157
0.000671445
0.000335655
0.000423631
0.00051778
2.69772e-12
2.15443e-11
1.73777e-10
6.61247e-10
1.65472e-09
3.23685e-09
5.39597e-09
8.05569e-09
1.11072e-08
1.44296e-08
1.78962e-08
2.13748e-08
2.47481e-08
2.79528e-08
3.09634e-08
3.37077e-08
3.60846e-08
3.88782e-08
5.05037e-08
4.64386e-08
6.00541e-08
9.57302e-08
4.3871e-07
6.97262e-08
3.11335e-07
7.32765e-08
6.8554e-08
9.67695e-08
5.70955e-08
4.51414e-08
4.34954e-08
3.47685e-08
2.76057e-08
2.02412e-08
1.25858e-08
6.46955e-09
6.57081e-09
6.22808e-08
9.66662e-07
1.67083e-07
2.46714e-07
4.57441e-07
7.89739e-07
1.28443e-06
2.00123e-06
3.01404e-06
4.41062e-06
6.29098e-06
8.76272e-06
1.19337e-05
1.59147e-05
2.08043e-05
2.66651e-05
3.35009e-05
4.12247e-05
4.96477e-05
5.84806e-05
6.73256e-05
7.56902e-05
8.30056e-05
8.86235e-05
9.19706e-05
9.26408e-05
9.01352e-05
8.42893e-05
7.54595e-05
6.43808e-05
5.20474e-05
3.94989e-05
2.78237e-05
1.79133e-05
1.03107e-05
5.13489e-06
2.0938e-06
6.32662e-07
1.18738e-07
4.11526e-08
4.47354e-08
2.7401e-08
8.72324e-09
2.64759e-11
3.21951e-11
1.53442e-10
4.4599e-10
9.48335e-10
1.67097e-09
2.59595e-09
3.68314e-09
4.87882e-09
6.12368e-09
7.35896e-09
8.53143e-09
9.59962e-09
1.05395e-08
1.13418e-08
1.20067e-08
1.2566e-08
1.32105e-08
1.4523e-08
1.49149e-08
1.7559e-08
2.54262e-08
5.27267e-08
2.72457e-08
4.22613e-08
2.44123e-08
2.29361e-08
2.67955e-08
2.3787e-08
2.38157e-08
2.60946e-08
2.8782e-08
3.26244e-08
3.77752e-08
4.46267e-08
5.42146e-08
6.95366e-08
1.02754e-07
1.95436e-07
1.62752e-07
1.9971e-07
2.70769e-07
3.73188e-07
5.14889e-07
7.08475e-07
9.70275e-07
1.32124e-06
1.78928e-06
2.40564e-06
3.16717e-06
4.09681e-06
5.21569e-06
6.5339e-06
8.04687e-06
9.73258e-06
1.155e-05
1.34403e-05
1.53293e-05
1.71329e-05
1.8765e-05
2.01483e-05
2.12372e-05
2.20326e-05
2.23345e-05
2.19858e-05
2.09626e-05
1.94641e-05
1.75389e-05
1.52127e-05
1.2613e-05
9.9189e-06
7.33056e-06
5.03632e-06
3.17543e-06
1.80918e-06
9.11064e-07
3.90438e-07
1.28437e-07
2.69483e-08
3.28769e-08
2.82937e-10
1.57455e-10
7.07801e-10
2.13593e-09
4.58493e-09
8.04045e-09
1.23715e-08
1.7358e-08
2.27211e-08
2.81588e-08
3.33808e-08
3.81386e-08
4.22504e-08
4.56129e-08
4.81963e-08
5.00406e-08
5.12621e-08
5.20666e-08
5.27222e-08
5.33551e-08
5.4684e-08
5.75599e-08
6.2607e-08
6.29776e-08
6.7909e-08
7.132e-08
7.82766e-08
8.86136e-08
1.0059e-07
1.16509e-07
1.37395e-07
1.64017e-07
1.9779e-07
2.40418e-07
2.94179e-07
3.62199e-07
4.48841e-07
5.60385e-07
7.02901e-07
8.65161e-07
1.07742e-06
1.34952e-06
1.69342e-06
2.12548e-06
2.66632e-06
3.34083e-06
4.17813e-06
5.20974e-06
6.4628e-06
7.95143e-06
9.7032e-06
1.17464e-05
1.41031e-05
1.67871e-05
1.98018e-05
2.3141e-05
2.67895e-05
3.07266e-05
3.49321e-05
3.93964e-05
4.41373e-05
4.92324e-05
5.40173e-05
5.79656e-05
6.07106e-05
6.19402e-05
6.14337e-05
5.89927e-05
5.45447e-05
4.82506e-05
4.05243e-05
3.20096e-05
2.34997e-05
1.57935e-05
9.51737e-06
4.97897e-06
2.12779e-06
6.47844e-07
1.04385e-07
4.725e-08
1.0824e-09
4.7701e-10
2.0891e-09
6.62452e-09
1.48252e-08
2.67558e-08
4.19419e-08
5.9546e-08
7.85186e-08
9.77362e-08
1.16132e-07
1.32803e-07
1.47093e-07
1.58625e-07
1.67301e-07
1.73278e-07
1.76954e-07
1.78935e-07
1.79976e-07
1.80903e-07
1.82587e-07
1.86028e-07
1.92075e-07
2.00964e-07
2.14716e-07
2.33869e-07
2.60291e-07
2.9565e-07
3.41091e-07
3.99365e-07
4.7362e-07
5.67642e-07
6.86226e-07
8.35348e-07
1.02259e-06
1.25759e-06
1.55238e-06
1.92184e-06
2.38344e-06
2.95792e-06
3.67608e-06
4.57118e-06
5.68174e-06
7.05325e-06
8.73857e-06
1.07975e-05
1.32954e-05
1.62996e-05
1.98757e-05
2.40871e-05
2.90046e-05
3.46971e-05
4.12234e-05
4.86256e-05
5.6923e-05
6.61048e-05
7.61235e-05
8.68878e-05
9.82669e-05
0.000110094
0.000122177
0.000134289
0.000144541
0.000152415
0.000157306
0.000158606
0.000155821
0.000148628
0.00013699
0.000121275
0.000102332
8.14971e-05
6.04789e-05
4.1114e-05
2.49959e-05
1.30921e-05
5.52451e-06
1.63304e-06
2.45147e-07
3.07173e-08
2.51764e-09
1.05539e-09
4.65048e-09
1.51477e-08
3.48599e-08
6.44357e-08
1.02884e-07
1.48025e-07
1.96995e-07
2.46704e-07
2.94236e-07
3.37151e-07
3.73684e-07
4.02834e-07
4.24372e-07
4.38762e-07
4.47088e-07
4.50914e-07
4.52218e-07
4.52897e-07
4.55115e-07
4.61268e-07
4.73794e-07
4.95213e-07
5.28277e-07
5.75757e-07
6.40958e-07
7.27741e-07
8.40483e-07
9.84991e-07
1.1686e-06
1.40053e-06
1.6924e-06
2.05877e-06
2.5179e-06
3.09261e-06
3.81118e-06
4.70832e-06
5.82623e-06
7.21633e-06
8.94087e-06
1.10723e-05
1.36941e-05
1.69021e-05
2.08037e-05
2.55166e-05
3.11661e-05
3.78811e-05
4.57897e-05
5.5016e-05
6.5676e-05
7.78627e-05
9.16294e-05
0.000106973
0.000123817
0.00014202
0.000161364
0.00018149
0.000201958
0.000222259
0.000241864
0.000259359
0.00027355
0.000283498
0.000288515
0.000287802
0.000280682
0.000266684
0.000245709
0.000218196
0.000185286
0.00014891
0.000111722
7.68149e-05
4.71478e-05
2.48226e-05
1.04648e-05
3.07661e-06
4.58734e-07
3.59166e-08
4.39982e-09
1.94078e-09
8.90215e-09
2.94523e-08
6.88868e-08
1.29357e-07
2.09387e-07
3.04552e-07
4.08578e-07
5.14492e-07
6.15691e-07
7.06677e-07
7.83508e-07
8.44006e-07
8.87761e-07
9.15891e-07
9.30897e-07
9.36113e-07
9.35197e-07
9.32717e-07
9.33509e-07
9.42544e-07
9.6487e-07
1.00565e-06
1.07024e-06
1.16436e-06
1.29442e-06
1.46794e-06
1.69394e-06
1.98371e-06
2.35149e-06
2.81528e-06
3.39775e-06
4.12724e-06
5.03911e-06
6.17708e-06
7.59478e-06
9.35736e-06
1.15432e-05
1.42455e-05
1.75739e-05
2.16545e-05
2.66305e-05
3.26619e-05
3.99239e-05
4.86031e-05
5.88917e-05
7.09797e-05
8.50445e-05
0.000101238
0.000119667
0.000140375
0.000163314
0.000188327
0.00021513
0.000243301
0.000272271
0.000301379
0.000329854
0.000356831
0.000381605
0.000402709
0.000419327
0.000430558
0.000435434
0.000432938
0.000422096
0.000402109
0.000372552
0.000333634
0.000286478
0.000233354
0.000177753
0.000124158
7.7339e-05
4.12021e-05
1.75042e-05
5.17455e-06
8.00057e-07
2.26683e-07
6.27559e-09
3.18489e-09
1.56325e-08
5.22626e-08
1.23324e-07
2.33695e-07
3.815e-07
5.58878e-07
7.53925e-07
9.52863e-07
1.14263e-06
1.31237e-06
1.45434e-06
1.56437e-06
1.64199e-06
1.68941e-06
1.7109e-06
1.7129e-06
1.70342e-06
1.69111e-06
1.68494e-06
1.69398e-06
1.72727e-06
1.7939e-06
1.90318e-06
2.06503e-06
2.29043e-06
2.5922e-06
2.98576e-06
3.49025e-06
4.12967e-06
4.93426e-06
5.94187e-06
7.19965e-06
8.76581e-06
1.07115e-05
1.31231e-05
1.61038e-05
1.97759e-05
2.42823e-05
2.97876e-05
3.64785e-05
4.45629e-05
5.4268e-05
6.58356e-05
7.95139e-05
9.55462e-05
0.000114155
0.000135521
0.000159759
0.00018689
0.000216813
0.000249283
0.000283907
0.000320145
0.000357268
0.00039449
0.000430975
0.00046593
0.00049863
0.000528361
0.000553577
0.0005737
0.000587791
0.000594663
0.00059294
0.000581151
0.00055789
0.000522076
0.000473316
0.000412352
0.000341494
0.000264927
0.000188651
0.000119765
6.48844e-05
2.79231e-05
8.34437e-06
1.37283e-06
8.55803e-07
7.51888e-09
4.88382e-09
2.60924e-08
8.78935e-08
2.08301e-07
3.96415e-07
6.49733e-07
9.54987e-07
1.29129e-06
1.63424e-06
1.96028e-06
2.25014e-06
2.49003e-06
2.67227e-06
2.79545e-06
2.86406e-06
2.88715e-06
2.87669e-06
2.84658e-06
2.81171e-06
2.7872e-06
2.78807e-06
2.82905e-06
2.92469e-06
3.08964e-06
3.33931e-06
3.69063e-06
4.16315e-06
4.78032e-06
5.57103e-06
6.57133e-06
7.82629e-06
9.39199e-06
1.13376e-05
1.37478e-05
1.67248e-05
2.03909e-05
2.48903e-05
3.03916e-05
3.70887e-05
4.52016e-05
5.4976e-05
6.66802e-05
8.06007e-05
9.7032e-05
0.000116263
0.000138556
0.000164123
0.000193097
0.000225495
0.000261196
0.000299916
0.000341202
0.000384443
0.000428936
0.000473866
0.000518389
0.000561707
0.000603088
0.000641848
0.000677321
0.000708261
0.000734239
0.000754233
0.000766775
0.000769988
0.000761663
0.000739437
0.000701128
0.000645242
0.000571631
0.000482231
0.000381699
0.000277663
0.000180136
9.95911e-05
4.35819e-05
1.32147e-05
2.34716e-06
2.37938e-06
7.57622e-09
7.25127e-09
4.22301e-08
1.42898e-07
3.39031e-07
6.45796e-07
1.05928e-06
1.55767e-06
2.10639e-06
2.66422e-06
3.19122e-06
3.65404e-06
4.02996e-06
4.30795e-06
4.48752e-06
4.57721e-06
4.59242e-06
4.55316e-06
4.48211e-06
4.40303e-06
4.33973e-06
4.31538e-06
4.35231e-06
4.47213e-06
4.69628e-06
5.04685e-06
5.54777e-06
6.22636e-06
7.11508e-06
8.25359e-06
9.69104e-06
1.14884e-05
1.37208e-05
1.64803e-05
1.98783e-05
2.40477e-05
2.91461e-05
3.5357e-05
4.28922e-05
5.19926e-05
6.29281e-05
7.59951e-05
9.15111e-05
0.000109805
0.000131203
0.000156004
0.000184454
0.000216714
0.000252823
0.000292672
0.000335982
0.000382305
0.000431037
0.000481464
0.000532817
0.000584304
0.000635173
0.000684743
0.000732408
0.000777597
0.000819724
0.0008581
0.000892547
0.000922039
0.000944848
0.000958525
0.000959925
0.000945351
0.000910934
0.000853304
0.000770563
0.000663485
0.000536697
0.000399439
0.000265301
0.000150064
6.69926e-05
2.06786e-05
3.98355e-06
5.53279e-06
6.08965e-09
1.06706e-08
6.69424e-08
2.2705e-07
5.38362e-07
1.0245e-06
1.67814e-06
2.46266e-06
3.3205e-06
4.18591e-06
4.99581e-06
5.69885e-06
6.2607e-06
6.6655e-06
6.91428e-06
7.02194e-06
7.01345e-06
6.92025e-06
6.77718e-06
6.62012e-06
6.48438e-06
6.4038e-06
6.41043e-06
6.53474e-06
6.80631e-06
7.25499e-06
7.91247e-06
8.81428e-06
1.0002e-05
1.15261e-05
1.34481e-05
1.58441e-05
1.88069e-05
2.24495e-05
2.69072e-05
3.23405e-05
3.89373e-05
4.69151e-05
5.65225e-05
6.80393e-05
8.17748e-05
9.80632e-05
0.000117254
0.000139698
0.000165722
0.000195605
0.000229542
0.000267607
0.000309723
0.00035564
0.000404936
0.000457033
0.000511237
0.000566801
0.000622986
0.00067911
0.000734589
0.000788955
0.000841833
0.000892888
0.000941596
0.000988374
0.00103333
0.00107559
0.00111333
0.00114367
0.00116253
0.00116466
0.00114395
0.00109416
0.00101027
0.000890378
0.000737808
0.000562903
0.000383429
0.00022235
0.000101538
3.19913e-05
6.65988e-06
1.13858e-05
3.42865e-09
1.58515e-08
1.04603e-07
3.54867e-07
8.39221e-07
1.59122e-06
2.59591e-06
3.7936e-06
5.09394e-06
6.39486e-06
7.60061e-06
8.63504e-06
9.44892e-06
1.00212e-05
1.03561e-05
1.0478e-05
1.04251e-05
1.02443e-05
9.98626e-06
9.70249e-06
9.44298e-06
9.25504e-06
9.18285e-06
9.26773e-06
9.54901e-06
1.00654e-05
1.08571e-05
1.19678e-05
1.34478e-05
1.53569e-05
1.77675e-05
2.07681e-05
2.44659e-05
2.89905e-05
3.44961e-05
4.11645e-05
4.92075e-05
5.88682e-05
7.04224e-05
8.4177e-05
0.000100467
0.000119648
0.00014208
0.000168111
0.000198038
0.000232072
0.000270345
0.00031282
0.000359285
0.000409351
0.000462469
0.000517964
0.000575101
0.000633152
0.000691473
0.000749555
0.00080706
0.000863825
0.00091983
0.000975132
0.00102957
0.00108472
0.00114108
0.00119814
0.00125428
0.00130654
0.00135027
0.00137891
0.001384
0.00135571
0.00128429
0.00116273
0.000990436
0.000776942
0.000544058
0.000324148
0.000151772
4.89053e-05
1.08974e-05
2.13559e-05
1.31019e-09
2.39923e-08
1.61307e-07
5.45756e-07
1.28545e-06
2.42629e-06
3.93915e-06
5.7283e-06
7.65472e-06
9.56539e-06
1.13201e-05
1.28104e-05
1.39687e-05
1.47688e-05
1.52203e-05
1.53604e-05
1.52446e-05
1.4939e-05
1.45139e-05
1.404e-05
1.35849e-05
1.32126e-05
1.29822e-05
1.29485e-05
1.31628e-05
1.36744e-05
1.45329e-05
1.57907e-05
1.75061e-05
1.97468e-05
2.25933e-05
2.61428e-05
3.05124e-05
3.58424e-05
4.22994e-05
5.00787e-05
5.94068e-05
7.05422e-05
8.37756e-05
9.94271e-05
0.00011784
0.000139371
0.000164369
0.000193158
0.000225963
0.000262845
0.000303965
0.000349108
0.000397927
0.000449911
0.000504408
0.000560685
0.000618007
0.000675716
0.000733312
0.00079051
0.000847275
0.00090382
0.000960576
0.0010181
0.00107727
0.00114011
0.00120763
0.00127987
0.00135574
0.00143262
0.00150595
0.00156864
0.00161062
0.0016187
0.00157754
0.00147243
0.00129466
0.00104857
0.000757584
0.000465077
0.000223798
7.38542e-05
1.73837e-05
3.71675e-05
5.38837e-09
3.72301e-08
2.45836e-07
8.27799e-07
1.94022e-06
3.64269e-06
5.88145e-06
8.5064e-06
1.1309e-05
1.40667e-05
1.6581e-05
1.87027e-05
2.03426e-05
2.14697e-05
2.21014e-05
2.22908e-05
2.2114e-05
2.1659e-05
2.10184e-05
2.02844e-05
1.95454e-05
1.88849e-05
1.83804e-05
1.81036e-05
1.81213e-05
1.84964e-05
1.92906e-05
2.05663e-05
2.23905e-05
2.48377e-05
2.79946e-05
3.19632e-05
3.68652e-05
4.28454e-05
5.00749e-05
5.87533e-05
6.91112e-05
8.141e-05
9.59408e-05
0.000113019
0.000132977
0.000156146
0.000182837
0.00021334
0.000247719
0.000286104
0.000328405
0.000374345
0.00042346
0.000475146
0.000528692
0.000583356
0.000638446
0.000693419
0.000747958
0.000802038
0.000855968
0.000910395
0.000966272
0.00102477
0.00108777
0.00115749
0.00123539
0.00132205
0.00141698
0.00151826
0.00162201
0.00172163
0.00180683
0.00186266
0.00186913
0.00180277
0.0016424
0.00137999
0.00103389
0.000656718
0.000325769
0.000110244
2.70013e-05
6.07367e-05
2.48497e-08
5.89408e-08
3.70754e-07
1.23985e-06
2.889e-06
5.39111e-06
8.65188e-06
1.2442e-05
1.64574e-05
2.03839e-05
2.39497e-05
2.69566e-05
2.92912e-05
3.09178e-05
3.18637e-05
3.21996e-05
3.20225e-05
3.14426e-05
3.05744e-05
2.95319e-05
2.84253e-05
2.73598e-05
2.64348e-05
2.57435e-05
2.5373e-05
2.54055e-05
2.59195e-05
2.69922e-05
2.87022e-05
3.11326e-05
3.43758e-05
3.85368e-05
4.37377e-05
5.01216e-05
5.78558e-05
6.71346e-05
7.81804e-05
9.12435e-05
0.000106599
0.00012454
0.000145364
0.000169358
0.000196776
0.00022786
0.000262592
0.000300986
0.000342864
0.00038786
0.000435445
0.000484977
0.000535746
0.000587043
0.000638264
0.000689016
0.000739193
0.000789049
0.00083925
0.000890901
0.000945523
0.00100496
0.0010718
0.0011483
0.00123612
0.0013362
0.00144858
0.00157204
0.00170371
0.0018382
0.00196647
0.00207407
0.00213923
0.0021318
0.00201659
0.00176551
0.00137959
0.000912118
0.000468556
0.000162927
4.08723e-05
9.40444e-05
8.92452e-08
9.5579e-08
5.53611e-07
1.83448e-06
4.24501e-06
7.86742e-06
1.25438e-05
1.79339e-05
2.36072e-05
2.91347e-05
3.41566e-05
3.84198e-05
4.17849e-05
4.42131e-05
4.57414e-05
4.64561e-05
4.64715e-05
4.59141e-05
4.49146e-05
4.36037e-05
4.21101e-05
4.05602e-05
3.90769e-05
3.77791e-05
3.67806e-05
3.61904e-05
3.61125e-05
3.66469e-05
3.78921e-05
3.99468e-05
4.29135e-05
4.69023e-05
5.20351e-05
5.84498e-05
6.63037e-05
7.57764e-05
8.70706e-05
0.000100412
0.000116044
0.000134221
0.000155195
0.000179199
0.00020642
0.000236985
0.000270882
0.000308009
0.000348116
0.000390791
0.000435505
0.000481652
0.000528599
0.000575705
0.000622444
0.000668625
0.000714386
0.000760269
0.000807292
0.000857009
0.000911525
0.000973449
0.00104554
0.00112987
0.00122808
0.00134118
0.00146942
0.00161214
0.00176739
0.0019313
0.00209691
0.00225221
0.00237719
0.00243965
0.00239402
0.0021893
0.00179401
0.00124429
0.000666598
0.000238981
6.04042e-05
0.000138623
1.81014e-07
1.49148e-07
8.17209e-07
2.68167e-06
6.15547e-06
1.13198e-05
1.79208e-05
2.54689e-05
3.33746e-05
4.10726e-05
4.81057e-05
5.4164e-05
5.90853e-05
6.28292e-05
6.54404e-05
6.70145e-05
6.76713e-05
6.75396e-05
6.67509e-05
6.54383e-05
6.37376e-05
6.17879e-05
5.97316e-05
5.77132e-05
5.58772e-05
5.43675e-05
5.33243e-05
5.28801e-05
5.31702e-05
5.43242e-05
5.64666e-05
5.97239e-05
6.42246e-05
7.01058e-05
7.75149e-05
8.66128e-05
9.75755e-05
0.000110594
0.00012587
0.000143607
0.000164004
0.000187232
0.000213415
0.000242598
0.000274747
0.000309731
0.000347221
0.000386773
0.000427933
0.000470235
0.000513328
0.000556591
0.000599303
0.000641722
0.000684312
0.000727933
0.000773955
0.000824354
0.000881767
0.00094948
0.00102972
0.00112426
0.00123438
0.00136085
0.00150388
0.001663
0.00183695
0.00202319
0.00221702
0.00240986
0.00258627
0.00271676
0.00275278
0.00262726
0.00226661
0.0016625
0.000938233
0.000348975
8.74039e-05
0.000194292
3.83711e-07
2.365e-07
1.1966e-06
3.87723e-06
8.81213e-06
1.6058e-05
2.5221e-05
3.56189e-05
4.64739e-05
5.70718e-05
6.68591e-05
7.54785e-05
8.27544e-05
8.86495e-05
9.32128e-05
9.65365e-05
9.87275e-05
9.98919e-05
0.000100134
9.95614e-05
9.82916e-05
9.6454e-05
9.41929e-05
9.16661e-05
8.90419e-05
8.65001e-05
8.42332e-05
8.23889e-05
8.11784e-05
8.07886e-05
8.13808e-05
8.31224e-05
8.6173e-05
9.06893e-05
9.68242e-05
0.000104729
0.000114559
0.000126473
0.000140632
0.000157195
0.000176305
0.000198088
0.000222636
0.000249873
0.0002798
0.000312517
0.000347381
0.000383746
0.000421416
0.000460086
0.000499479
0.000539308
0.000579428
0.000620165
0.000662221
0.000706726
0.00075536
0.0008105
0.000875381
0.000953272
0.00104578
0.00115409
0.00127891
0.00142054
0.0015788
0.00175318
0.00194267
0.00214557
0.00235876
0.00257635
0.00278696
0.00296864
0.00308086
0.003053
0.00277338
0.00216756
0.00130309
0.000509106
0.000124662
0.000258955
7.60021e-07
3.75866e-07
1.74433e-06
5.55963e-06
1.24745e-05
2.24748e-05
3.49686e-05
4.90385e-05
6.3701e-05
7.80989e-05
9.16034e-05
0.000103835
0.000114627
0.000123953
0.000131864
0.000138434
0.000143737
0.000147823
0.000150725
0.000152486
0.000153163
0.000152832
0.000151602
0.000149612
0.000147016
0.000143987
0.000140768
0.000137584
0.000134677
0.000132277
0.000130641
0.000130011
0.00013062
0.000132696
0.000136443
0.000142036
0.000149639
0.000159411
0.000171503
0.000186062
0.000203196
0.000223028
0.000245914
0.000271066
0.000298612
0.000328531
0.00036049
0.000394129
0.000429232
0.000465639
0.000503267
0.00054214
0.000582486
0.000624881
0.000670302
0.000720096
0.000776186
0.000841347
0.000919518
0.00101278
0.00112199
0.00124752
0.00138942
0.00154742
0.00172091
0.00190905
0.00211079
0.00232501
0.0025498
0.00278145
0.00301244
0.00322702
0.00339285
0.00344705
0.00327925
0.00274471
0.00178154
0.000744783
0.000177483
0.000328371
1.43082e-06
6.01788e-07
2.55387e-06
7.95484e-06
1.75297e-05
3.11072e-05
4.78255e-05
6.65009e-05
8.59541e-05
0.000105222
0.000123648
0.000140879
0.000156787
0.000171378
0.000184707
0.00019679
0.000207628
0.00021721
0.000225504
0.000232449
0.000237976
0.000242024
0.000244599
0.000245815
0.000245775
0.000244577
0.000242343
0.0002393
0.000235711
0.000231893
0.000228185
0.000224926
0.000222459
0.000221192
0.000221485
0.000223574
0.000227707
0.000234127
0.000243061
0.000254795
0.000269377
0.000286653
0.00030677
0.000329483
0.00035475
0.00038252
0.000412667
0.000445089
0.000479629
0.000516294
0.000555226
0.00059672
0.0006413
0.000689827
0.000743497
0.000803788
0.000872903
0.000954034
0.00105134
0.00116433
0.00129323
0.00143791
0.00159788
0.00177221
0.00195962
0.00215873
0.00236852
0.00258822
0.00281691
0.00305242
0.00329053
0.00352125
0.00372095
0.00383754
0.00376629
0.00333276
0.00237834
0.00110007
0.000257761
0.000392517
2.63837e-06
9.92844e-07
3.82832e-06
1.15022e-05
2.46572e-05
4.28144e-05
6.47679e-05
8.90722e-05
0.000114409
0.000139789
0.000164608
0.000188596
0.000211708
0.000234002
0.000255443
0.000276034
0.000295744
0.000314506
0.000332273
0.000348826
0.000363913
0.00037728
0.000388753
0.000398268
0.000405803
0.000411317
0.000414763
0.000416181
0.000415789
0.000413882
0.000410829
0.000407049
0.000403001
0.000399237
0.000396309
0.00039467
0.000394795
0.000397171
0.000402194
0.000410075
0.000420981
0.000434968
0.000452122
0.000472418
0.000495867
0.000522499
0.000552369
0.000585546
0.000622003
0.000661939
0.000705689
0.000753749
0.000806822
0.00086588
0.000932194
0.00100769
0.0010952
0.00119903
0.00131843
0.00145289
0.0016019
0.0017647
0.00194028
0.00212733
0.00232427
0.00252935
0.00274107
0.00295876
0.00318257
0.00341146
0.00364356
0.00387395
0.00408785
0.00424656
0.00425928
0.00394316
0.00304672
0.00159098
0.000395767
0.000434639
5.11415e-06
1.80349e-06
6.12076e-06
1.72335e-05
3.52888e-05
5.92719e-05
8.7602e-05
0.000118656
0.000151105
0.000184058
0.000217047
0.000249942
0.00028281
0.000315595
0.000348361
0.000381249
0.000414224
0.000447101
0.000479664
0.000511615
0.000542549
0.000572024
0.000599645
0.000625057
0.000647989
0.000668175
0.000685366
0.000699381
0.000710154
0.000717763
0.000722461
0.000724646
0.000724836
0.000723517
0.000721282
0.000718922
0.000717283
0.000717114
0.000719027
0.000723522
0.000731014
0.000741827
0.000756232
0.000774438
0.000796636
0.000823012
0.000853748
0.00088898
0.000929071
0.000974378
0.00102536
0.00108264
0.00114704
0.0012197
0.00130224
0.00139707
0.00150783
0.00163553
0.00177597
0.0019286
0.00209261
0.00226701
0.00245054
0.00264175
0.0028389
0.00304017
0.00324397
0.00344987
0.00365829
0.00386891
0.00408133
0.00429457
0.00450171
0.00467959
0.00476035
0.00457505
0.00380273
0.00223778
0.000619772
0.000409577
1.28844e-05
4.18154e-06
1.12766e-05
2.79869e-05
5.29246e-05
8.43129e-05
0.000120337
0.000159429
0.000200438
0.000242724
0.000286019
0.000330287
0.000375522
0.000421856
0.000469681
0.000519129
0.000570164
0.000622571
0.00067599
0.000729978
0.000784008
0.000837472
0.000889746
0.000940242
0.000988402
0.00103368
0.00107554
0.00111348
0.00114699
0.0011757
0.00119955
0.00121873
0.00123362
0.00124456
0.00125212
0.00125727
0.00126099
0.00126425
0.00126797
0.00127302
0.00128018
0.00129015
0.00130355
0.00132094
0.00134281
0.00136963
0.00140183
0.00143986
0.00148417
0.00153528
0.00159381
0.00166057
0.00173657
0.00182329
0.00192292
0.00203938
0.00217166
0.00231343
0.00246421
0.00262333
0.00278993
0.00296294
0.00314106
0.00332275
0.00350624
0.00368968
0.00387172
0.00405268
0.00423285
0.00441125
0.00458852
0.00476615
0.00494222
0.00510884
0.00523184
0.00519097
0.0046339
0.00310506
0.00101429
0.000260718
4.3291e-05
1.33692e-05
2.63287e-05
5.24278e-05
8.69126e-05
0.000127508
0.000172647
0.000221252
0.000272551
0.0003262
0.000381945
0.00043979
0.00049997
0.000563001
0.000629276
0.000699136
0.000772735
0.00084991
0.00093003
0.00101239
0.00109633
0.00118114
0.00126606
0.0013503
0.00143308
0.00151358
0.00159101
0.00166472
0.00173357
0.00179613
0.00185222
0.00190169
0.00194453
0.00198094
0.00201134
0.00203645
0.00205715
0.00207447
0.00208951
0.00210339
0.00211724
0.00213214
0.0021491
0.0021691
0.00219302
0.00222171
0.00225599
0.00229659
0.00234423
0.0023996
0.00246362
0.00253771
0.00262303
0.00272228
0.00283839
0.00296441
0.00309616
0.00323353
0.00337611
0.00352326
0.00367413
0.00382763
0.00398243
0.00413694
0.00428935
0.00443767
0.00458139
0.00472159
0.00485688
0.00498584
0.00510946
0.0052306
0.005353
0.00547897
0.00559963
0.00565762
0.00543335
0.00426819
0.00187193
0.000428707
5.37399e-05
5.17028e-05
7.91291e-05
0.000117209
0.000162092
0.000212222
0.00026707
0.000326159
0.00038889
0.000454932
0.00052413
0.000596852
0.000673587
0.000754819
0.000841177
0.000933555
0.00103264
0.00113867
0.00124987
0.00136484
0.00148284
0.00160328
0.00172541
0.00184835
0.00197114
0.00209275
0.00221211
0.00232805
0.00243927
0.0025445
0.00264278
0.00273338
0.00281579
0.00288976
0.00295531
0.00301278
0.00306275
0.00310606
0.00314374
0.00317695
0.00320695
0.00323503
0.00326251
0.00329066
0.00332074
0.003354
0.0033918
0.00343532
0.00348543
0.00354297
0.00360934
0.00368958
0.00378152
0.003881
0.00398305
0.00408845
0.00419698
0.00430821
0.00442157
0.00453635
0.00465164
0.00476629
0.00487894
0.00498792
0.00509177
0.00518845
0.00527685
0.00535732
0.00542918
0.00549319
0.00555094
0.00560515
0.00565999
0.00572091
0.00579201
0.00586461
0.0058753
0.00559324
0.0044274
0.0023859
0.000220429
0.000226763
0.000254432
0.000292839
0.000339611
0.000393404
0.000453694
0.000520701
0.000592281
0.000668332
0.000749138
0.000834995
0.000926734
0.00102486
0.00113015
0.00124455
0.00136922
0.00150347
0.00164622
0.00179336
0.0019444
0.00209922
0.00225713
0.00241726
0.00257859
0.00274005
0.00290049
0.00305853
0.0032127
0.00336157
0.00350382
0.0036383
0.00376406
0.00388036
0.00398677
0.00408317
0.0041697
0.00424683
0.00431525
0.00437589
0.00442984
0.00447835
0.00452273
0.00456434
0.00460458
0.00464505
0.00468859
0.00473692
0.00479009
0.00484815
0.00491047
0.00497271
0.00503602
0.00510093
0.00516708
0.00523411
0.00530152
0.00536871
0.00543515
0.00550027
0.00556316
0.00562284
0.0056782
0.0057281
0.00577113
0.00580377
0.00582277
0.00583041
0.00582868
0.00581907
0.00580321
0.00578345
0.00576311
0.00574661
0.00573892
0.00574306
0.00575073
0.00571541
0.00550654
0.00490455
0.000940722
0.000819637
0.000762258
0.000744033
0.000753278
0.000783365
0.000828328
0.000885443
0.000952253
0.00102753
0.00111031
0.00120039
0.00130011
0.00141107
0.00153356
0.00166937
0.00181888
0.00197574
0.00213897
0.00230857
0.00248403
0.00266464
0.00284938
0.00303716
0.0032269
0.00341771
0.003609
0.00379881
0.00398552
0.00416765
0.00434382
0.00451273
0.00467323
0.00482433
0.00496528
0.0050957
0.00521535
0.00532421
0.00542254
0.00551082
0.00558974
0.0056602
0.00572319
0.00577981
0.00583114
0.00587803
0.00592008
0.00595753
0.00599174
0.00602365
0.00605374
0.00608185
0.00610798
0.0061321
0.00615407
0.00617358
0.00619026
0.00620361
0.00621308
0.00621807
0.00621805
0.00621249
0.00620085
0.00618248
0.0061562
0.00612001
0.00606798
0.00600152
0.00592545
0.00584267
0.00575505
0.00566447
0.00557313
0.00548367
0.0053989
0.00532108
0.0052499
0.00517755
0.00508115
0.00491803
0.00237637
0.00206144
0.00181909
0.00165615
0.00155773
0.00150841
0.00149573
0.00151091
0.00154566
0.00159724
0.00166489
0.00174904
0.00185106
0.00197112
0.00210102
0.00224119
0.0023918
0.00255214
0.00272111
0.00289767
0.00308128
0.00327097
0.00346469
0.00366085
0.00385834
0.00405588
0.00425187
0.0044458
0.00463688
0.00482415
0.00500657
0.00518305
0.00535252
0.00551398
0.00566659
0.00580969
0.0059427
0.00606516
0.00617676
0.00627732
0.00636683
0.00644546
0.00651353
0.00657147
0.00661982
0.00665914
0.00668985
0.0067124
0.00672735
0.00673523
0.00673649
0.00673144
0.0067203
0.0067032
0.00668017
0.00665114
0.00661599
0.00657451
0.00652643
0.00647144
0.00640935
0.00633999
0.00626321
0.00617888
0.00608673
0.00598623
0.00587639
0.00575204
0.00561723
0.0054771
0.00533428
0.00519036
0.00504672
0.00490469
0.00476544
0.00462968
0.00449709
0.00436526
0.00422864
0.00407827
0.00315309
0.00300208
0.00283742
0.0026811
0.00254705
0.00244349
0.00237542
0.0023411
0.00233919
0.00236575
0.00241239
0.00247744
0.00255962
0.00265762
0.0027696
0.00289396
0.0030295
0.00317584
0.00333097
0.00349273
0.00365887
0.00382748
0.00399763
0.00416851
0.00433972
0.0045106
0.00468046
0.00484863
0.00501442
0.00517709
0.0053359
0.00549004
0.00563868
0.00578099
0.00591617
0.00604347
0.00616223
0.00627183
0.00637173
0.00646148
0.00654069
0.00660911
0.0066666
0.0067131
0.00674869
0.0067735
0.00678774
0.00679162
0.00678545
0.00676951
0.00674411
0.00670952
0.006666
0.00661374
0.00655294
0.00648373
0.00640625
0.00632059
0.00622689
0.00612528
0.00601597
0.00589918
0.00577523
0.00564442
0.0055069
0.00536306
0.00521323
0.00505736
0.00489626
0.00472952
0.00456139
0.00439392
0.00422812
0.00406465
0.00390396
0.00374616
0.00359084
0.00343547
0.00327757
0.0031159
0.00324632
0.00323337
0.00319944
0.00315244
0.00310252
0.00306089
0.0030367
0.00302577
0.00302782
0.0030454
0.00307887
0.00312767
0.00319075
0.00326667
0.00335402
0.00345154
0.00355781
0.00367001
0.00378687
0.00390744
0.00403074
0.00415576
0.00428161
0.0044075
0.00453279
0.00465696
0.00477957
0.00490016
0.00501831
0.00513359
0.00524554
0.0053537
0.00545756
0.00555657
0.0056502
0.00573787
0.00581903
0.00589314
0.00595968
0.00601815
0.00606808
0.00610907
0.00614077
0.00616292
0.00617532
0.00617786
0.00617045
0.0061531
0.00612587
0.00608886
0.0060422
0.00598606
0.00592061
0.00584603
0.00576255
0.00567039
0.00556985
0.00546126
0.00534505
0.00522166
0.00509164
0.00495555
0.00481401
0.00466758
0.00451685
0.00436239
0.00420472
0.00404486
0.00388379
0.00372223
0.00356149
0.00340251
0.00324598
0.0030924
0.00294208
0.00279508
0.00265144
0.00251102
0.00237367
0.00223993
0.00304794
0.00308468
0.00311255
0.00313415
0.00315466
0.00318069
0.00320899
0.00323803
0.00327015
0.00330715
0.00335004
0.0033992
0.00345462
0.00351595
0.00358254
0.00365278
0.00372497
0.00379873
0.00387358
0.00394906
0.00402475
0.00410019
0.00417497
0.00424873
0.00432113
0.00439188
0.00446072
0.00452742
0.00459175
0.00465348
0.0047124
0.00476826
0.00482078
0.00486964
0.00491455
0.00495519
0.00499126
0.00502242
0.00504832
0.00506859
0.00508285
0.00509077
0.00509203
0.00508639
0.00507363
0.00505357
0.00502605
0.00499096
0.00494825
0.0048979
0.00483994
0.00477443
0.00470144
0.00462113
0.00453367
0.00443935
0.0043385
0.00423158
0.00411913
0.00400173
0.00387998
0.00375454
0.00362604
0.00349507
0.00336226
0.00322832
0.00309399
0.00295996
0.00282671
0.00269505
0.00256582
0.00243983
0.00231754
0.00219905
0.00208432
0.0019731
0.00186586
0.00176359
0.00166624
0.00157376
0.00276839
0.00280181
0.00283635
0.00287117
0.00290634
0.0029426
0.00298011
0.00301873
0.00305843
0.00309934
0.00314162
0.0031853
0.0032303
0.00327636
0.00332315
0.00336996
0.00341526
0.00345899
0.00350107
0.00354141
0.00357993
0.00361656
0.00365125
0.00368395
0.00371462
0.00374323
0.00376974
0.00379411
0.0038163
0.00383625
0.00385387
0.00386887
0.00388108
0.00389054
0.00389725
0.00390117
0.00390224
0.00390036
0.00389537
0.00388674
0.00387427
0.00385781
0.00383721
0.00381234
0.00378308
0.00374931
0.0037109
0.00366777
0.00361986
0.00356717
0.00350971
0.00344752
0.00338068
0.00330933
0.00323369
0.00315403
0.0030707
0.00298404
0.00289433
0.00280199
0.00270752
0.00261154
0.00251474
0.00241781
0.00232114
0.00222503
0.00212977
0.00203579
0.00194296
0.00185201
0.00176367
0.00167854
0.00159674
0.00151815
0.00144266
0.00137052
0.00130182
0.00123612
0.00117348
0.00111558
0.00261854
0.00260672
0.00260261
0.00260477
0.00261196
0.00262319
0.00263766
0.00265467
0.00267362
0.00269391
0.00271517
0.00273699
0.002759
0.0027808
0.00280209
0.00282316
0.00284322
0.00286191
0.00287857
0.00289316
0.00290573
0.00291632
0.00292501
0.00293184
0.00293688
0.00294017
0.00294177
0.00294172
0.00294004
0.00293675
0.00293168
0.00292451
0.00291521
0.00290384
0.00289044
0.00287506
0.00285771
0.00283843
0.0028171
0.00279368
0.00276807
0.00274029
0.00271029
0.00267799
0.00264334
0.00260629
0.00256683
0.00252497
0.00248076
0.00243429
0.00238573
0.00233524
0.0022829
0.0022288
0.00217305
0.00211575
0.00205696
0.00199686
0.00193515
0.00187239
0.00180909
0.00174575
0.00168281
0.00162049
0.00155889
0.0014981
0.00143816
0.00137934
0.00132197
0.00126627
0.00121229
0.00115968
0.00110842
0.00105881
0.00101212
0.000968744
0.000927473
0.000888094
0.000850694
0.000815516
0.00274279
0.00268174
0.00262979
0.00258499
0.00254522
0.00251066
0.00248181
0.00245906
0.00244254
0.00242943
0.00241861
0.00240952
0.00240162
0.00239439
0.00238741
0.00238042
0.00237451
0.00236901
0.00236345
0.00235746
0.00235074
0.00234308
0.0023343
0.0023243
0.00231301
0.00230038
0.00228643
0.00227117
0.00225461
0.00223681
0.00221777
0.00219752
0.0021761
0.00215357
0.00212997
0.00210534
0.00207974
0.00205321
0.00202576
0.00199739
0.0019681
0.00193775
0.00190602
0.00187309
0.00183913
0.00180437
0.00176895
0.00173295
0.00169647
0.00165958
0.00162235
0.00158479
0.00154682
0.00150839
0.0014695
0.00143022
0.0013906
0.00135077
0.00131087
0.00127105
0.00123122
0.00119132
0.00115141
0.0011116
0.00107198
0.00103289
0.000995056
0.000958764
0.000924216
0.000890408
0.000857233
0.000824715
0.00079292
0.000761924
0.000731855
0.000702753
0.000674595
0.00064741
0.000621212
0.000596063
0.00313504
0.00302816
0.00293189
0.00284775
0.00277364
0.00270747
0.00264768
0.00259294
0.00254322
0.0024978
0.00245579
0.00241647
0.00237921
0.0023435
0.00230897
0.0022754
0.00224324
0.00221255
0.00218293
0.00215401
0.00212551
0.00209717
0.00206878
0.00204015
0.00201114
0.00198168
0.0019517
0.00192118
0.00189014
0.00185858
0.00182656
0.00179412
0.00176132
0.00172824
0.00169496
0.00166153
0.00162805
0.00159457
0.00156117
0.00152788
0.00149474
0.00146179
0.00142908
0.00139658
0.00136419
0.00133189
0.00129968
0.00126756
0.00123552
0.00120358
0.00117172
0.00113996
0.00110829
0.00107685
0.00104593
0.00101569
0.000986186
0.000957554
0.000929865
0.000902604
0.000875363
0.00084817
0.000821058
0.000794054
0.000767197
0.00074055
0.000714202
0.000688206
0.000662618
0.000637423
0.000612651
0.000588332
0.000564493
0.000541157
0.000518338
0.000496055
0.000474332
0.000453192
0.000432643
0.000412749
0.00369026
0.0035747
0.00346294
0.0033565
0.00325622
0.00316207
0.00307284
0.00298723
0.00290623
0.00282939
0.00275652
0.00268732
0.00262139
0.00255837
0.00249785
0.00243946
0.00238273
0.00232717
0.0022725
0.00221838
0.00216458
0.00211094
0.00205737
0.00200388
0.00195047
0.00189721
0.0018442
0.00179154
0.00173934
0.00168773
0.00163681
0.00158679
0.00153779
0.00148991
0.00144327
0.00139795
0.00135404
0.0013116
0.00127069
0.00123134
0.00119353
0.00115727
0.00112253
0.0010889
0.00105612
0.00102417
0.000993016
0.000962631
0.000932972
0.000903998
0.000875662
0.000847924
0.000820748
0.000794107
0.000767986
0.000742365
0.000717231
0.000692581
0.000668404
0.000644658
0.000621307
0.000598334
0.000575721
0.000553455
0.000531532
0.000509952
0.000488721
0.000467854
0.000447375
0.000427318
0.000407717
0.000388599
0.000369985
0.000351891
0.000334324
0.000317288
0.000300784
0.000284812
0.000269371
0.00025451
0.00406867
0.00397371
0.00387511
0.00377192
0.00366646
0.00356039
0.00345482
0.00335044
0.00324773
0.00314704
0.00304857
0.00295236
0.00285838
0.00276657
0.00267675
0.00258837
0.0024995
0.00241038
0.00232148
0.00223319
0.00214593
0.00206006
0.00197589
0.00189371
0.00181376
0.00173624
0.0016613
0.00158907
0.00151962
0.00145299
0.00138921
0.00132826
0.0012701
0.00121468
0.00116192
0.00111174
0.00106405
0.00101874
0.000975714
0.000934861
0.000896071
0.000859233
0.000824229
0.000790927
0.000759197
0.000728917
0.000699967
0.000672237
0.000645626
0.000620043
0.000595403
0.000571628
0.000548648
0.000526401
0.000504826
0.000483873
0.000463503
0.000443689
0.000424406
0.000405637
0.000387369
0.000369591
0.000352289
0.000335448
0.000319056
0.00030311
0.000287613
0.000272575
0.000258009
0.000243933
0.000230364
0.00021731
0.000204778
0.000192766
0.000181267
0.000170271
0.000159763
0.000149729
0.000140156
0.000131068
0.00378063
0.00369252
0.003596
0.00349242
0.00338327
0.00326994
0.00315374
0.00303584
0.00291721
0.00279871
0.00268101
0.00256462
0.00244995
0.00233724
0.00222642
0.00211482
0.00200509
0.00189807
0.00179439
0.00169456
0.00159896
0.00150783
0.0014213
0.00133942
0.00126216
0.00118943
0.00112111
0.00105702
0.000996983
0.000940798
0.000888251
0.000839124
0.000793201
0.00075027
0.000710126
0.000672573
0.000637422
0.000604495
0.000573623
0.000544649
0.000517426
0.000491816
0.000467689
0.000444927
0.000423419
0.000403062
0.000383758
0.000365416
0.000347955
0.000331302
0.000315389
0.000300158
0.000285557
0.00027154
0.000258066
0.0002451
0.000232615
0.000220588
0.000209001
0.00019784
0.00018709
0.000176738
0.000166765
0.000157153
0.000147893
0.000138993
0.000130462
0.000122311
0.000114544
0.000107163
0.000100167
9.35478e-05
8.72962e-05
8.13991e-05
7.58418e-05
7.06078e-05
6.56802e-05
6.10424e-05
5.66808e-05
5.25978e-05
0.0023051
0.00223866
0.00216364
0.0020818
0.00199475
0.00190396
0.00181076
0.00171637
0.0016219
0.00152828
0.00143632
0.00134656
0.00125941
0.00117414
0.00109101
0.00101425
0.000943392
0.000878166
0.000818083
0.000762653
0.000711507
0.000664233
0.000620488
0.000579975
0.000542433
0.000507626
0.000475347
0.000445402
0.000417618
0.000391831
0.00036789
0.000345654
0.000324991
0.000305779
0.000287904
0.00027126
0.000255747
0.000241275
0.000227757
0.000215116
0.000203281
0.000192182
0.000181759
0.000171953
0.000162712
0.000153989
0.000145738
0.000137919
0.000130495
0.000123434
0.000116707
0.000110289
0.000104156
9.829e-05
9.26739e-05
8.72941e-05
8.21394e-05
7.72007e-05
7.24705e-05
6.79419e-05
6.36068e-05
5.94534e-05
5.54634e-05
5.16215e-05
4.79501e-05
4.448e-05
4.12235e-05
3.81796e-05
3.53408e-05
3.26974e-05
3.02391e-05
2.79555e-05
2.58363e-05
2.38712e-05
2.20501e-05
2.03631e-05
1.88002e-05
1.73526e-05
1.60124e-05
1.47763e-05
0.000661531
0.000648277
0.000632485
0.000614678
0.000595289
0.000574666
0.000553106
0.000530888
0.00050826
0.000485438
0.000462592
0.000440062
0.000417978
0.000397266
0.000378124
0.000360265
0.00034371
0.000328087
0.000313009
0.000298211
0.000283621
0.000269283
0.000255282
0.000241706
0.00022863
0.000216113
0.000204192
0.000192886
0.0001822
0.000172127
0.000162649
0.000153745
0.000145385
0.000137538
0.000130172
0.000123252
0.000116745
0.000110617
0.000104836
9.93719e-05
9.41996e-05
8.92956e-05
8.46318e-05
8.01818e-05
7.59227e-05
7.18346e-05
6.79003e-05
6.41048e-05
6.04353e-05
5.68816e-05
5.34355e-05
5.00914e-05
4.68457e-05
4.36966e-05
4.06441e-05
3.76898e-05
3.48368e-05
3.20889e-05
2.94502e-05
2.69237e-05
2.45097e-05
2.22017e-05
1.99834e-05
1.78494e-05
1.58849e-05
1.41224e-05
1.25352e-05
1.11004e-05
9.80408e-06
8.63663e-06
7.59024e-06
6.65735e-06
5.8302e-06
5.10083e-06
4.4612e-06
3.90332e-06
3.41947e-06
3.00232e-06
2.64506e-06
2.34164e-06
0.000624502
0.000738276
0.000849835
0.000955094
0.00105098
0.00113492
0.00120501
0.00126032
0.00130057
0.00132614
0.00133781
0.00133524
0.00132124
0.00129851
0.00126913
0.00123421
0.00119436
0.00115166
0.00110715
0.00106151
0.00101547
0.00096971
0.000924744
0.00088096
0.000838643
0.000797992
0.000759127
0.000722108
0.000686944
0.000653608
0.000622042
0.000592166
0.000563887
0.000537103
0.00051171
0.000487598
0.000464654
0.000442765
0.000421835
0.000401806
0.000382604
0.000364132
0.00034629
0.000328985
0.000312151
0.000295737
0.0002797
0.000264005
0.000248625
0.000233546
0.000218762
0.000204277
0.000190103
0.00017626
0.000162774
0.000149676
0.000137005
0.000124799
0.000113099
0.000101941
9.13589e-05
8.13804e-05
7.20261e-05
6.33113e-05
5.52495e-05
4.78461e-05
4.10964e-05
3.49893e-05
2.95077e-05
2.46289e-05
2.03245e-05
1.65614e-05
1.33029e-05
1.05103e-05
8.14407e-06
6.16528e-06
4.53595e-06
3.21984e-06
2.18258e-06
1.39096e-06
0.00445935
0.00555215
0.00596628
0.00423998
0.00368305
0.00325141
0.00469027
0.00439686
0.004078
0.0039241
0.00374087
0.00353328
0.00296878
0.00281762
0.00266212
0.00212461
0.0020135
0.001905
0.00149628
0.0014228
0.00135294
0.00106955
0.00102659
0.000986079
0.000786359
0.000758782
0.000732269
0.000574666
0.000553979
0.0005336
0.000395609
0.00037895
0.000362445
0.000241711
0.00022939
0.000217287
0.000123289
0.000115929
0.000108799
4.91224e-05
4.5895e-05
4.28072e-05
1.37298e-05
1.27786e-05
1.18786e-05
2.10436e-06
1.90988e-06
1.74188e-06
8.50104e-07
4.90285e-07
2.51506e-07
5.55366e-09
6.98148e-09
2.17778e-08
1.9421e-07
7.80406e-07
2.18434e-06
5.06285e-06
1.04788e-05
2.0065e-05
3.61566e-05
6.183e-05
0.000100195
0.000152017
0.0002138
0.000277547
0.000335916
0.000371349
0.000357715
0.000292018
0.00018401
8.82252e-05
0.00017547
0.000757948
0.00224707
0.00521611
7.34607e-09
8.32732e-09
3.28138e-08
1.11714e-07
3.05652e-07
7.24792e-07
1.5442e-06
3.04767e-06
5.65991e-06
9.93735e-06
1.64838e-05
2.57062e-05
3.74454e-05
5.09801e-05
6.5308e-05
7.98537e-05
9.50095e-05
0.000112418
0.000135333
0.00016877
0.000221729
0.000315095
0.00045012
0.000645188
0.000898222
1.42815e-07
4.9023e-08
1.231e-07
3.42716e-07
7.65714e-07
1.50671e-06
2.75671e-06
4.80263e-06
8.03744e-06
1.29601e-05
2.01761e-05
3.04191e-05
4.46264e-05
6.40976e-05
9.07555e-05
0.000127523
0.000176066
0.000235208
0.000306889
0.000392281
0.000492084
0.000588656
0.000670965
0.000734579
0.000781249
1.04126e-06
2.15211e-07
3.09984e-07
7.97247e-07
1.71467e-06
3.19999e-06
5.51694e-06
9.07617e-06
1.44555e-05
2.24405e-05
3.40914e-05
5.08191e-05
7.44044e-05
0.000106889
0.000150407
0.000206245
0.000271082
0.000346918
0.000433431
0.000526707
0.000608567
0.000670883
0.000715037
0.000742025
0.000755247
3.24605e-06
5.68131e-07
5.56552e-07
1.31472e-06
2.7814e-06
5.08156e-06
8.51561e-06
1.35895e-05
2.10317e-05
3.1826e-05
4.72561e-05
6.88995e-05
9.84873e-05
0.000137561
0.000186879
0.000244846
0.000313329
0.000393551
0.00048157
0.00056202
0.000626874
0.000674347
0.000704382
0.000719886
0.000726417
6.58965e-06
1.0742e-06
7.98232e-07
1.71525e-06
3.58705e-06
6.48701e-06
1.06867e-05
1.66929e-05
2.52449e-05
3.73184e-05
5.41134e-05
7.69861e-05
0.000107287
0.00014613
0.000194316
0.000253797
0.00032585
0.000411598
0.000495512
0.00056928
0.000627636
0.000667696
0.000690682
0.000701586
0.000707542
1.01543e-05
1.60539e-06
9.80075e-07
1.9055e-06
3.94639e-06
7.11275e-06
1.1604e-05
1.78445e-05
2.64843e-05
3.83834e-05
5.45815e-05
7.63167e-05
0.000105078
0.000142685
0.000192199
0.000257911
0.000335838
0.000422096
0.000505427
0.000576852
0.000630271
0.000664073
0.000681753
0.000690324
0.000697821
1.28522e-05
2.0123e-06
1.07481e-06
1.89279e-06
3.88315e-06
7.01016e-06
1.13974e-05
1.73725e-05
2.54853e-05
3.65178e-05
5.14956e-05
7.19863e-05
0.000100738
0.000140692
0.000194836
0.000265078
0.000348905
0.000438395
0.000521614
0.000589532
0.000636704
0.000663937
0.000677208
0.00068511
0.000695783
1.40018e-05
2.19836e-06
1.08261e-06
1.74345e-06
3.5416e-06
6.43145e-06
1.05055e-05
1.60148e-05
2.35088e-05
3.39783e-05
4.85085e-05
6.92293e-05
9.9436e-05
0.00014339
0.000204005
0.000281557
0.000371515
0.000463051
0.000544276
0.000606172
0.000645452
0.000666046
0.000676122
0.000685236
0.000704
1.37075e-05
2.17408e-06
1.03216e-06
1.54569e-06
3.10992e-06
5.7132e-06
9.46023e-06
1.46283e-05
2.18074e-05
3.20592e-05
4.70529e-05
6.96288e-05
0.000104151
0.000154967
0.00022402
0.000309424
0.000403824
0.000494996
0.000570646
0.000623431
0.000653661
0.000668617
0.000678827
0.00069439
0.000722947
1.24603e-05
1.99793e-06
9.46191e-07
1.36505e-06
2.72912e-06
5.07843e-06
8.57993e-06
1.36052e-05
2.09151e-05
3.19028e-05
4.89183e-05
7.57167e-05
0.000117651
0.00017791
0.00025651
0.000348468
0.000443464
0.000528558
0.000593784
0.000636066
0.000659843
0.00067429
0.000689445
0.00071352
0.000751841
1.08217e-05
1.75111e-06
8.44797e-07
1.22489e-06
2.46971e-06
4.69253e-06
8.17792e-06
1.34956e-05
2.17449e-05
3.4886e-05
5.61342e-05
9.02899e-05
0.000142645
0.000214127
0.000301677
0.000396884
0.000487642
0.000562611
0.000616065
0.000649564
0.000670307
0.000687575
0.000709733
0.00074272
0.000789771
9.30233e-06
1.51486e-06
7.61463e-07
1.16894e-06
2.43253e-06
4.77648e-06
8.68216e-06
1.50561e-05
2.55382e-05
4.2886e-05
7.13501e-05
0.000116876
0.000181833
0.000264458
0.0003579
0.00045121
0.000532917
0.000595619
0.000638459
0.000666502
0.000687794
0.000710347
0.000740356
0.000781642
0.000835656
8.24744e-06
1.351e-06
7.39905e-07
1.27328e-06
2.78798e-06
5.68803e-06
1.07717e-05
1.94653e-05
3.41761e-05
5.86373e-05
9.80067e-05
0.000158182
0.0002365
0.000327473
0.00042136
0.000507179
0.00057684
0.000627851
0.000663337
0.000689864
0.000714685
0.000743845
0.000781439
0.000829519
0.00088805
7.88235e-06
1.30459e-06
8.31873e-07
1.66904e-06
3.84098e-06
8.05125e-06
1.55874e-05
2.86234e-05
5.05845e-05
8.63921e-05
0.000142385
0.000217144
0.000305656
0.000399059
0.000487095
0.000561669
0.000619395
0.000661905
0.000694285
0.000722755
0.000752858
0.000788626
0.000832437
0.000884974
0.000944921
8.43927e-06
1.43049e-06
1.13157e-06
2.59744e-06
6.12498e-06
1.29299e-05
2.49917e-05
4.54497e-05
7.89107e-05
0.000131418
0.000204767
0.000291748
0.000384488
0.000473671
0.000551691
0.000614868
0.000663797
0.000702258
0.000735321
0.000767769
0.000803282
0.000844268
0.000891892
0.000945793
0.00100341
1.0409e-05
1.82771e-06
1.81552e-06
4.52955e-06
1.05984e-05
2.20553e-05
4.19785e-05
7.44932e-05
0.000125527
0.000198704
0.000285199
0.000377664
0.000467691
0.000548412
0.000616253
0.000671145
0.00071576
0.000754021
0.000789802
0.000826222
0.000865497
0.000909012
0.000957172
0.00100869
0.00105957
1.47779e-05
2.69757e-06
3.20685e-06
8.26366e-06
1.89923e-05
3.8776e-05
7.18697e-05
0.000123799
0.000198487
0.000285906
0.000379055
0.000470393
0.000553881
0.00062624
0.000686977
0.000737823
0.000781602
0.00082123
0.000859166
0.000897308
0.000937093
0.000979448
0.00102423
0.00106906
0.00110819
2.35818e-05
4.47091e-06
6.0334e-06
1.55895e-05
3.52679e-05
7.02758e-05
0.000126071
0.000204619
0.00029513
0.000390676
0.000484602
0.000571754
0.000649141
0.000715944
0.000773067
0.000822308
0.000865654
0.000904912
0.000941664
0.000977368
0.00101333
0.00105029
0.00108745
0.00112083
0.00114226
4.06122e-05
8.22308e-06
1.26467e-05
3.23396e-05
7.07376e-05
0.000134967
0.000220893
0.000317484
0.000418067
0.000516634
0.000609019
0.000692363
0.000765501
0.000828567
0.000882438
0.000928295
0.000967433
0.00100127
0.00103139
0.0010595
0.00108699
0.0011143
0.00113954
0.00115643
0.00115716
8.07055e-05
1.82072e-05
3.36401e-05
8.03555e-05
0.000160433
0.000258449
0.000364954
0.000473609
0.000579559
0.000678884
0.00076878
0.00084768
0.000915022
0.000970956
0.00101614
0.00105169
0.00107916
0.00110055
0.00111807
0.00113369
0.00114865
0.00116253
0.00117187
0.00116727
0.00114729
0.000124758
5.36976e-05
0.000123172
0.000229358
0.000345575
0.000465661
0.000585169
0.00069992
0.000806068
0.000900622
0.000981603
0.001048
0.00109968
0.00113736
0.00116255
0.00117747
0.00118482
0.00118746
0.00118789
0.00118773
0.00118729
0.00118492
0.00117521
0.00114855
0.00110908
0.000492495
0.000358382
0.000455953
0.000575779
0.000699114
0.000820448
0.000934991
0.00103806
0.00112588
0.00119607
0.00124772
0.00128125
0.00129833
0.00130159
0.00129434
0.00128015
0.00126238
0.0012437
0.00122572
0.00120876
0.00119178
0.00117191
0.00114118
0.00109576
0.00104068
0.00261563
0.00165773
0.00137336
0.00131824
0.00134711
0.00140178
0.00145615
0.00149816
0.00152277
0.001529
0.00151829
0.0014936
0.00145867
0.00141749
0.00137379
0.00133057
0.00128986
0.00125254
0.00121834
0.00118601
0.00115345
0.00111734
0.00106923
0.00100971
0.00094435
0.0028231
0.00254207
0.0023658
0.00224927
0.0021622
0.00208644
0.00201201
0.00193437
0.00185244
0.00176724
0.0016809
0.00159595
0.0015148
0.00143938
0.00137085
0.00130953
0.00125491
0.00120573
0.00116021
0.00111624
0.00107151
0.00102312
0.000964008
0.000897063
0.000827882
0.00372569
0.00340004
0.0031097
0.00285249
0.0026236
0.00241798
0.00223202
0.00206328
0.00191028
0.0017723
0.00164875
0.0015391
0.00144254
0.00135796
0.00128392
0.00121862
0.00116003
0.00110602
0.00105446
0.00100344
0.00095121
0.000895898
0.000832727
0.000765188
0.000698281
0.00328733
0.00303847
0.00279778
0.00257036
0.0023596
0.00216538
0.00198929
0.00183107
0.00169016
0.0015656
0.00145619
0.00136044
0.00127654
0.00120258
0.00113657
0.00107647
0.00102032
0.000966386
0.000913216
0.000859711
0.000805071
0.000748521
0.000687555
0.000625275
0.000565318
0.00248754
0.0023159
0.00215028
0.00199185
0.00184472
0.0017099
0.00158746
0.001477
0.00137777
0.00128905
0.00120986
0.00113919
0.00107515
0.00101625
0.000961017
0.000908085
0.000856305
0.000804835
0.000753175
0.000701115
0.000648657
0.00059586
0.000541793
0.0004886
0.000438093
0.00178787
0.00167494
0.00156883
0.00147066
0.0013822
0.00130048
0.00122495
0.00115462
0.00108907
0.00102912
0.000975086
0.000923915
0.00087484
0.000827076
0.000779935
0.000732893
0.000685636
0.000638115
0.000590529
0.000543226
0.000496667
0.000451104
0.000406597
0.000363914
0.00032325
0.00128125
0.00121539
0.00115423
0.0010972
0.00104369
0.000992087
0.000942583
0.000895615
0.000851761
0.00081021
0.000769258
0.000728534
0.000687749
0.000646685
0.000605233
0.000563414
0.000521424
0.000479658
0.000438621
0.000398758
0.000360382
0.000323782
0.000289183
0.0002567
0.000226104
0.000943607
0.000903616
0.000865711
0.000828474
0.000791896
0.000756247
0.000722018
0.000688321
0.000654445
0.000620354
0.000585939
0.000551104
0.000515857
0.000480287
0.000444568
0.000408968
0.000373878
0.000339813
0.000307115
0.000276037
0.00024682
0.000219666
0.000194647
0.000171613
0.000150125
0.000703685
0.000675751
0.000648094
0.000620315
0.000592361
0.000564233
0.000535985
0.000507613
0.000479086
0.000450374
0.000421472
0.00039229
0.000363047
0.000333983
0.000305358
0.000277463
0.000250644
0.000225203
0.00020133
0.000179177
0.000158866
0.000140438
0.000123795
0.000108661
9.45862e-05
0.000511138
0.000488471
0.00046573
0.000442861
0.000419841
0.000396683
0.000373435
0.000350173
0.000326972
0.000303784
0.000280738
0.000258019
0.000235816
0.000214308
0.000193661
0.000174035
0.000155597
0.00013848
0.000122774
0.000108528
9.57505e-05
8.43812e-05
7.42408e-05
6.50516e-05
5.64048e-05
0.000344298
0.000326141
0.000308076
0.000290063
0.000272101
0.000254226
0.000236504
0.000219023
0.000201887
0.000185196
0.000169062
0.000153595
0.000138885
0.000124993
0.000111964
9.98462e-05
8.86832e-05
7.85026e-05
6.93107e-05
6.10956e-05
5.3825e-05
4.74325e-05
4.1714e-05
3.65633e-05
3.17526e-05
0.000204192
0.000191247
0.000178589
0.000166218
0.000154147
0.000142405
0.000131028
0.000120052
0.000109527
9.95077e-05
9.00522e-05
8.11992e-05
7.29578e-05
6.53138e-05
5.82518e-05
5.17742e-05
4.58834e-05
4.05641e-05
3.5801e-05
3.15615e-05
2.77944e-05
2.45803e-05
2.1746e-05
1.91694e-05
1.67375e-05
0.000101248
9.38828e-05
8.68175e-05
8.00525e-05
7.35935e-05
6.74453e-05
6.16067e-05
5.60752e-05
5.08594e-05
4.59819e-05
4.14623e-05
3.72996e-05
3.34694e-05
2.99376e-05
2.66835e-05
2.37162e-05
2.10335e-05
1.85974e-05
1.64425e-05
1.45489e-05
1.289e-05
1.14577e-05
1.0197e-05
9.05207e-06
7.9985e-06
3.95994e-05
3.64973e-05
3.35675e-05
3.08075e-05
2.82149e-05
2.57833e-05
2.34981e-05
2.13466e-05
1.93314e-05
1.74678e-05
1.57629e-05
1.42047e-05
1.27713e-05
1.14386e-05
1.01914e-05
9.06688e-06
8.07031e-06
7.17636e-06
6.37629e-06
5.66543e-06
5.04258e-06
4.50424e-06
4.03333e-06
3.61183e-06
3.24048e-06
1.09603e-05
1.00773e-05
9.25601e-06
8.49335e-06
7.78648e-06
7.12984e-06
6.51254e-06
5.92752e-06
5.37938e-06
4.87881e-06
4.42597e-06
4.00752e-06
3.62191e-06
3.25955e-06
2.92114e-06
2.61763e-06
2.35155e-06
2.11491e-06
1.89909e-06
1.70402e-06
1.53207e-06
1.38296e-06
1.25237e-06
1.13911e-06
1.03424e-06
1.58782e-06
1.45752e-06
1.3537e-06
1.27046e-06
1.20284e-06
1.14413e-06
1.08812e-06
1.03629e-06
9.96148e-07
9.6781e-07
9.41968e-07
9.08125e-07
8.6444e-07
8.18198e-07
7.78418e-07
7.48246e-07
7.21049e-07
6.93315e-07
6.62585e-07
6.34199e-07
6.12096e-07
5.92467e-07
5.69168e-07
5.38625e-07
4.98887e-07
1.15638e-07
1.10776e-07
2.20461e-07
4.06597e-07
6.41667e-07
8.83533e-07
1.09761e-06
1.3096e-06
1.57651e-06
1.88855e-06
2.1722e-06
2.35542e-06
2.42357e-06
2.44636e-06
2.49824e-06
2.59863e-06
2.67207e-06
2.65444e-06
2.61178e-06
2.59291e-06
2.61575e-06
2.64352e-06
2.62134e-06
2.52759e-06
2.36386e-06
0.00304089
0.000501617
0.000256227
0.000278026
0.000313567
0.000329494
0.000321211
0.000335799
0.000574849
0.00308213
0.00297681
0.00049187
0.00025836
0.000288581
0.000328495
0.000346011
0.000335871
0.000350679
0.000594982
0.00318491
0.00292418
0.000481404
0.000261309
0.000300476
0.000344913
0.000364244
0.000352328
0.000367997
0.000619012
0.00326674
0.00285549
0.000468856
0.000265235
0.000313527
0.000362404
0.00038366
0.000369848
0.00038714
0.000647805
0.00337237
0.00277363
0.00045427
0.000270425
0.000327819
0.000381001
0.000404302
0.00038846
0.000408103
0.00068213
0.00349613
0.00267329
0.000437353
0.000277129
0.000343532
0.0004008
0.000426234
0.000408087
0.000430742
0.000723016
0.00364685
0.00255163
0.00041813
0.000285752
0.000360896
0.000421926
0.000449525
0.000428851
0.000454751
0.000771327
0.00383076
0.00240635
0.000396912
0.000296978
0.000380231
0.000444538
0.000474228
0.000450668
0.000479586
0.000827667
0.00405574
0.00223721
0.000374436
0.000311745
0.000401957
0.000468848
0.000500389
0.000473381
0.000504431
0.00089206
0.00432994
0.00204619
0.000351992
0.000331341
0.000426635
0.000495131
0.000528038
0.000496807
0.000528176
0.000963489
0.00466073
0.00183675
0.000331679
0.000357472
0.000455009
0.00052371
0.00055723
0.000520781
0.000549416
0.00103931
0.00505195
0.00161279
0.000316864
0.000392313
0.000488051
0.000554981
0.000587965
0.000545012
0.000566618
0.00111482
0.00550069
0.00138567
0.00031386
0.000439476
0.000527032
0.000589363
0.000620179
0.000569422
0.000578271
0.00118361
0.0059941
0.00117086
0.0003336
0.000503022
0.000573825
0.000627223
0.000653666
0.000593848
0.000583477
0.00123665
0.00650527
0.000994568
0.000395788
0.000588001
0.000630756
0.000669076
0.000688036
0.000618402
0.00058248
0.00126319
0.00698618
0.000878155
0.000537105
0.000701086
0.000699925
0.000714893
0.000723153
0.000642248
0.000577563
0.00125615
0.00737119
0.000856655
0.000816114
0.00085495
0.00078059
0.000763204
0.000758093
0.000664304
0.000571598
0.00121152
0.00758998
0.00157019
0.0013325
0.00105681
0.000865762
0.000810028
0.000790549
0.000682958
0.000563814
0.00114023
0.00755964
0.00556212
0.00220428
0.00128077
0.00093596
0.000847553
0.000816593
0.000695707
0.000552236
0.00106295
0.00724451
0.0113243
0.00297656
0.00136732
0.000949863
0.000865717
0.000831349
0.000700284
0.000536068
0.000971261
0.00671126
0.00244997
0.00137425
0.00098643
0.000873957
0.000860599
0.000833051
0.000697225
0.000516538
0.000874002
0.00604251
0.000907112
0.000867374
0.000837938
0.000837691
0.000853616
0.000831561
0.00069106
0.000495825
0.000778048
0.00532803
0.000797678
0.000797563
0.000801418
0.000824029
0.000853017
0.000832709
0.000685993
0.000476007
0.000688713
0.00463713
0.000759373
0.000764305
0.000783197
0.000821152
0.000859584
0.000837986
0.000683924
0.000458303
0.000608246
0.00400629
0.000731832
0.000745937
0.000778141
0.000828354
0.000873721
0.000849723
0.000685733
0.000443287
0.000537214
0.00345055
0.000717406
0.000740553
0.0007845
0.000846394
0.000896363
0.000867386
0.000690834
0.000430879
0.000475016
0.00296883
0.000713492
0.000747778
0.000804712
0.000875221
0.000925897
0.000888892
0.000698069
0.000420671
0.000420501
0.00255217
0.000721312
0.000768119
0.0008356
0.000911071
0.00095906
0.000911874
0.000706118
0.000412073
0.000372349
0.00218893
0.000740954
0.000798814
0.000873733
0.000950623
0.000992938
0.000934174
0.000713664
0.000404389
0.000329317
0.00186795
0.00077062
0.000837175
0.000916327
0.000991141
0.00102498
0.000953867
0.000719409
0.000396856
0.000290369
0.00158021
0.000808631
0.000881153
0.000961093
0.00103015
0.00105276
0.000969202
0.000722092
0.000388682
0.000254713
0.00131941
0.000853458
0.000928822
0.00100578
0.00106508
0.00107392
0.000978679
0.000720519
0.000379074
0.0002218
0.00108201
0.000903458
0.000978083
0.00104787
0.00109356
0.00108832
0.000981252
0.000713606
0.000367279
0.000191271
0.000866739
0.000956601
0.00102639
0.00108428
0.00111509
0.00109498
0.000975696
0.000700315
0.000352627
0.000162886
0.000674043
0.00101023
0.00107054
0.00111319
0.00112815
0.00109255
0.000960767
0.000679779
0.00033465
0.000136449
0.000505332
0.00106078
0.00110625
0.00113267
0.00113101
0.00107962
0.000935348
0.000651435
0.000313306
0.00011198
0.000362091
0.00110359
0.00113181
0.00114067
0.00112185
0.00105476
0.000898557
0.000615053
0.000289216
9.15973e-05
0.000245359
0.00113413
0.00114382
0.00113456
0.00109873
0.00101673
0.000849861
0.000570523
0.000261946
7.3822e-05
0.000154873
0.0011486
0.0011391
0.00111193
0.00106004
0.000964651
0.00078936
0.000518456
0.000231928
5.84793e-05
8.90727e-05
0.00114301
0.00111467
0.00107084
0.00100474
0.000898317
0.000717906
0.000460131
0.000200047
4.54968e-05
4.50607e-05
0.00111363
0.0010683
0.00101027
0.000932717
0.000818339
0.000637171
0.000397426
0.000167469
3.47474e-05
1.87877e-05
0.00105844
0.000999367
0.00093065
0.000845123
0.000726204
0.000549617
0.000332711
0.000135524
2.60584e-05
5.71103e-06
0.000977526
0.000909263
0.000834166
0.00074451
0.000623771
0.000458465
0.000268742
0.000105553
1.91667e-05
1.12723e-06
0.000874278
0.000802021
0.000725091
0.000635319
0.000517757
0.000368974
0.000208947
7.8986e-05
1.39456e-05
2.09535e-06
0.000756852
0.00068555
0.000610677
0.000523586
0.000414878
0.000286232
0.000156085
5.63815e-05
1.00279e-05
4.54825e-06
0.000631409
0.000564985
0.000495056
0.000414326
0.000318922
0.000212441
0.000110639
3.86126e-05
7.18713e-06
6.86308e-06
0.000506088
0.000446908
0.000383965
0.000313661
0.000234171
0.000149792
7.5206e-05
2.55839e-05
5.18103e-06
8.30803e-06
0.000388009
0.00033727
0.000284239
0.000226471
0.000163568
0.000100754
4.92887e-05
1.64007e-05
3.7292e-06
8.63342e-06
0.000282878
0.000242323
0.000200327
0.000155427
0.000108136
6.5318e-05
3.11757e-05
1.01773e-05
2.66959e-06
7.87686e-06
0.000195917
0.000165539
0.000134119
0.000100889
6.9196e-05
4.08363e-05
1.9131e-05
6.28625e-06
1.90017e-06
6.5384e-06
0.000128969
0.00010749
8.52259e-05
6.32048e-05
4.27843e-05
2.50347e-05
1.16532e-05
3.87595e-06
1.34529e-06
5.04946e-06
8.06507e-05
6.6284e-05
5.18814e-05
3.85228e-05
2.59979e-05
1.51159e-05
7.00803e-06
2.36035e-06
9.13587e-07
3.6329e-06
4.77584e-05
3.9042e-05
3.08929e-05
2.29749e-05
1.54552e-05
8.93936e-06
4.13281e-06
1.40638e-06
5.8951e-07
2.43921e-06
2.6939e-05
2.23378e-05
1.78132e-05
1.32716e-05
8.911e-06
5.13736e-06
2.37121e-06
8.12943e-07
3.58172e-07
1.51259e-06
1.44093e-05
1.21051e-05
9.73045e-06
7.27885e-06
4.89467e-06
2.82331e-06
1.30466e-06
4.49454e-07
2.00751e-07
8.45391e-07
6.99825e-06
5.95376e-06
4.83398e-06
3.64569e-06
2.46943e-06
1.43464e-06
6.67772e-07
2.31016e-07
9.99925e-08
4.06158e-07
2.87342e-06
2.47434e-06
2.03272e-06
1.55195e-06
1.06581e-06
6.29261e-07
2.98148e-07
1.0408e-07
4.12055e-08
1.51966e-07
9.25802e-07
8.03483e-07
6.64833e-07
5.11827e-07
3.5557e-07
2.13545e-07
1.03612e-07
3.67984e-08
1.21083e-08
3.41984e-08
4.47609e-07
3.82378e-07
3.0607e-07
2.24467e-07
1.46574e-07
8.17289e-08
3.62878e-08
1.17485e-08
2.60409e-09
2.40163e-09
2.12472e-06
1.80016e-06
1.41011e-06
9.94657e-07
6.0983e-07
3.07861e-07
1.16351e-07
2.68845e-08
2.48074e-09
3.64204e-10
)
;

boundaryField
{
    inlet
    {
        type            fixedValue;
        value           uniform 0.129363;
    }
    outlet
    {
        type            zeroGradient;
    }
    walls
    {
        type            kqRWallFunction;
        value           nonuniform List<scalar> 
446
(
0.0732126
0.0445222
0.0297895
0.020627
0.0145962
0.0107965
0.008449
0.00695904
0.00599071
0.00534272
0.00487998
0.00452225
0.00422422
0.00395678
0.00370023
0.00344126
0.00317181
0.00288683
0.00258427
0.00226588
0.00193696
0.00160994
0.00129916
0.0010159
0.00076761
0.000558031
0.000387872
0.000255516
0.000157591
8.94234e-05
4.54941e-05
1.99065e-05
7.15663e-06
3.03132e-06
5.07837e-06
8.3137e-06
1.11967e-05
1.37078e-05
1.55406e-05
1.601e-05
1.54629e-05
1.4856e-05
1.3708e-05
1.19915e-05
1.05039e-05
9.3818e-06
8.4531e-06
7.83094e-06
7.45592e-06
7.10493e-06
6.61855e-06
5.85799e-06
4.7634e-06
3.4245e-06
2.0699e-06
9.76969e-07
3.13574e-07
4.75079e-08
2.21463e-09
1.15089e-09
1.15089e-09
2.06981e-09
1.56648e-08
1.03866e-07
3.50792e-07
8.69351e-07
1.80685e-06
3.37166e-06
5.85076e-06
9.61594e-06
1.49897e-05
2.23036e-05
3.22083e-05
4.5343e-05
6.23213e-05
8.29059e-05
0.000105532
0.000128225
0.000148618
0.000164981
0.000176768
0.000183696
0.000184589
0.000176046
0.000158233
0.000132392
0.00010225
7.32254e-05
5.00851e-05
3.50138e-05
4.26145e-05
7.12793e-05
0.000115754
0.000176387
0.000252283
0.000335655
0.000423631
0.00051778
0.000624502
0.000738276
0.000849835
0.000955094
0.00105098
0.00113492
0.00120501
0.00126032
0.00130057
0.00132614
0.00133781
0.00133524
0.00132124
0.00129851
0.00126913
0.00123421
0.00119436
0.00115166
0.00110715
0.00106151
0.00101547
0.00096971
0.000924744
0.00088096
0.000838643
0.000797992
0.000759127
0.000722108
0.000686944
0.000653608
0.000622042
0.000592166
0.000563887
0.000537103
0.00051171
0.000487598
0.000464654
0.000442765
0.000421835
0.000401806
0.000382604
0.000364132
0.00034629
0.000328985
0.000312151
0.000295737
0.0002797
0.000264005
0.000248625
0.000233546
0.000218762
0.000204277
0.000190103
0.00017626
0.000162774
0.000149676
0.000137005
0.000124799
0.000113099
0.000101941
9.13589e-05
8.13804e-05
7.20261e-05
6.33113e-05
5.52495e-05
4.78461e-05
4.10964e-05
3.49893e-05
2.95077e-05
2.46289e-05
2.03245e-05
1.65614e-05
1.33029e-05
1.05103e-05
8.14407e-06
6.16528e-06
4.53595e-06
3.21984e-06
2.18258e-06
1.39096e-06
8.50104e-07
4.90285e-07
2.51506e-07
1.15638e-07
1.10776e-07
2.20461e-07
4.06597e-07
6.41667e-07
8.83533e-07
1.09761e-06
1.3096e-06
1.57651e-06
1.88855e-06
2.1722e-06
2.35542e-06
2.42357e-06
2.44636e-06
2.49824e-06
2.59863e-06
2.67207e-06
2.65444e-06
2.61178e-06
2.59291e-06
2.61575e-06
2.64352e-06
2.62134e-06
2.52759e-06
2.36386e-06
2.12472e-06
1.80016e-06
1.41011e-06
9.94657e-07
6.0983e-07
3.07861e-07
1.16351e-07
2.68845e-08
2.48074e-09
3.64204e-10
2.09535e-06
4.54825e-06
6.86308e-06
8.30803e-06
8.63342e-06
7.87686e-06
6.5384e-06
5.04946e-06
3.6329e-06
2.43921e-06
1.51259e-06
8.45391e-07
4.06158e-07
1.51966e-07
3.41984e-08
2.40163e-09
3.64204e-10
0.00604251
0.00532803
0.00463713
0.00400629
0.00345055
0.00296883
0.00255217
0.00218893
0.00186795
0.00158021
0.00131941
0.00108201
0.000866739
0.000674043
0.000505332
0.000362091
0.000245359
0.000154873
8.90727e-05
4.50607e-05
1.87877e-05
5.71103e-06
1.12723e-06
0.00308213
0.00318491
0.00326674
0.00337237
0.00349613
0.00364685
0.00383076
0.00405574
0.00432994
0.00466073
0.00505195
0.00550069
0.0059941
0.00650527
0.00698618
0.00737119
0.00758998
0.00755964
0.00724451
0.00671126
0.00304089
0.00297681
0.00292418
0.00285549
0.00277363
0.00267329
0.00255163
0.00240635
0.00223721
0.00204619
0.00183675
0.00161279
0.00138567
0.00117086
0.000994568
0.000878155
0.000856655
0.00157019
0.00556212
0.0113243
5.55366e-09
6.98148e-09
2.17778e-08
1.9421e-07
7.80406e-07
2.18434e-06
5.06285e-06
1.04788e-05
2.0065e-05
3.61566e-05
6.183e-05
0.000100195
0.000152017
0.0002138
0.000277547
0.000335916
0.000371349
0.000357715
0.000292018
0.00018401
8.82252e-05
0.00017547
0.000757948
0.00224707
0.00521611
2.69772e-12
2.15443e-11
1.73777e-10
6.61247e-10
1.65472e-09
3.23685e-09
5.39597e-09
8.05569e-09
1.11072e-08
1.44296e-08
1.78962e-08
2.13748e-08
2.47481e-08
2.79528e-08
3.09634e-08
3.37077e-08
3.60846e-08
3.88782e-08
5.05037e-08
4.64386e-08
6.00541e-08
9.57302e-08
4.3871e-07
6.97262e-08
3.11335e-07
7.32765e-08
6.8554e-08
9.67695e-08
5.70955e-08
4.51414e-08
4.34954e-08
3.47685e-08
2.76057e-08
2.02412e-08
1.25858e-08
6.46955e-09
6.57081e-09
6.22808e-08
9.66662e-07
1.67083e-07
2.46714e-07
4.57441e-07
7.89739e-07
1.28443e-06
2.00123e-06
3.01404e-06
4.41062e-06
6.29098e-06
8.76272e-06
1.19337e-05
1.59147e-05
2.08043e-05
2.66651e-05
3.35009e-05
4.12247e-05
4.96477e-05
5.84806e-05
6.73256e-05
7.56902e-05
8.30056e-05
8.86235e-05
9.19706e-05
9.26408e-05
9.01352e-05
8.42893e-05
7.54595e-05
6.43808e-05
5.20474e-05
3.94989e-05
2.78237e-05
1.79133e-05
1.03107e-05
5.13489e-06
2.0938e-06
6.32662e-07
1.18738e-07
4.11526e-08
4.47354e-08
2.7401e-08
8.72324e-09
0.000656885
0.000205704
0.000151014
9.3284e-05
5.70577e-05
3.50629e-05
2.21263e-05
1.43204e-05
9.36392e-06
6.10743e-06
3.90479e-06
2.38872e-06
1.35298e-06
6.79133e-07
2.87322e-07
1.04967e-07
2.06554e-08
3.9609e-08
8.25575e-08
1.04714e-07
9.66953e-08
6.49611e-08
3.0459e-08
8.31061e-09
1.09772e-09
0.0732148
0.0445357
0.0298234
0.02069
0.0146932
0.0109271
0.00861743
0.00717188
0.00625939
0.00568311
0.00531509
0.0050807
0.00494244
0.00488131
0.00489039
0.00497494
0.00515172
0.00545063
0.0059598
0.0063548
)
;
    }
    baffle
    {
        type            kqRWallFunction;
        value           nonuniform List<scalar> 
98
(
1.09772e-09
9.92948e-09
4.03906e-08
9.95331e-08
1.22824e-07
1.3432e-07
1.15622e-07
6.56282e-08
1.94048e-08
1.08687e-07
6.64482e-07
2.45595e-06
7.06371e-06
1.73261e-05
3.75833e-05
7.34206e-05
0.000130872
0.000214903
0.000324599
0.000450515
0.000621024
0.000996096
0.00153899
0.000756732
0.000430399
0.000263604
2.69772e-12
2.64759e-11
2.82937e-10
1.0824e-09
2.51764e-09
4.39982e-09
6.27559e-09
7.51888e-09
7.57622e-09
6.08965e-09
3.42865e-09
1.31019e-09
5.38837e-09
2.48497e-08
8.92452e-08
1.81014e-07
3.83711e-07
7.60021e-07
1.43082e-06
2.63837e-06
5.11415e-06
1.28844e-05
4.3291e-05
8.72324e-09
3.28769e-08
4.725e-08
3.07173e-08
3.59166e-08
2.26683e-07
8.55803e-07
2.37938e-06
5.53279e-06
1.13858e-05
2.13559e-05
3.71675e-05
6.07367e-05
9.40444e-05
0.000138623
0.000194292
0.000258955
0.000328371
0.000392517
0.000434639
0.000409577
0.000260718
0.000428707
0.00445935
0.00555215
0.00596628
5.55366e-09
7.34607e-09
1.42815e-07
1.04126e-06
3.24605e-06
6.58965e-06
1.01543e-05
1.28522e-05
1.40018e-05
1.37075e-05
1.24603e-05
1.08217e-05
9.30233e-06
8.24744e-06
7.88235e-06
8.43927e-06
1.0409e-05
1.47779e-05
2.35818e-05
4.06122e-05
8.07055e-05
0.000124758
0.000492495
)
;
    }
    front
    {
        type            empty;
    }
    back
    {
        type            empty;
    }
}


// ************************************************************************* //
