/*--------------------------------*- C++ -*----------------------------------*\
| =========                 |                                                 |
| \\      /  F ield         | OpenFOAM: The Open Source CFD Toolbox           |
|  \\    /   O peration     | Version:  v2012                                 |
|   \\  /    A nd           | Website:  www.openfoam.com                      |
|    \\/     M anipulation  |                                                 |
\*---------------------------------------------------------------------------*/
FoamFile
{
    version     2.0;
    format      ascii;
    class       volScalarField;
    location    "2000";
    object      omega;
}
// * * * * * * * * * * * * * * * * * * * * * * * * * * * * * * * * * * * * * //

dimensions      [0 0 -1 0 0 0 0];


internalField   nonuniform List<scalar> 
6502
(
1248.07
160.998
56.7856
45.4131
43.9854
43.9844
45.4082
56.7664
160.928
1248.07
1245.78
238.492
74.8559
46.4911
41.802
41.7958
46.4625
74.7608
238.288
1245.79
1244.61
271.825
89.9372
48.8992
40.5408
40.5223
48.8229
89.7286
271.472
1244.61
1243.88
283.386
100.36
51.5282
39.917
39.877
51.378
100.002
282.842
1243.89
1243.4
282.944
106.166
53.7121
39.6554
39.5841
53.4665
105.636
282.209
1243.41
1243.1
275.768
108.071
55.0979
39.5319
39.4191
54.7365
107.358
274.789
1243.11
1242.91
266.18
107.266
55.692
39.4112
39.2444
55.1855
106.33
264.867
1242.92
1242.79
257.033
105.065
55.6828
39.2353
39.0013
54.999
103.83
255.252
1242.81
1242.71
249.257
102.338
55.2524
38.985
38.6685
54.3534
100.728
246.951
1242.74
1242.66
243.06
99.5782
54.5728
38.6605
38.2457
53.407
97.4803
240.011
1242.69
1242.63
238.632
97.1356
53.7629
38.281
37.7434
52.2737
94.3606
234.522
1242.66
1242.6
235.64
95.1331
52.946
37.8755
37.1784
51.0201
91.4749
230.173
1242.64
1242.57
233.808
93.6572
52.2152
37.4663
36.5833
49.6884
88.81
226.586
1242.63
1242.55
232.942
92.7164
51.6343
37.08
35.9898
48.2986
86.3378
223.738
1242.63
1242.53
232.822
92.2402
51.2423
36.7435
35.4112
46.9949
84.1139
222.061
1242.63
1242.51
233.298
92.2381
51.0855
36.4763
34.8613
45.7972
82.2576
220.629
1242.63
1242.49
234.238
92.6991
51.1916
36.3111
34.3536
44.6776
80.5652
219.163
1242.65
1242.47
235.569
93.6172
51.5901
36.286
33.903
43.6066
78.882
217.418
1242.67
1242.44
237.188
94.9676
52.3076
36.4371
33.5274
42.5565
77.0536
215.068
1242.71
1242.42
238.957
96.695
53.3647
36.8035
33.2468
41.4977
74.8265
210.654
1242.74
1242.39
240.659
98.708
54.7648
37.4089
33.0789
40.313
70.297
168.468
462.711
1242.36
242.004
100.839
56.4586
38.2727
33.0509
39.0317
64.6906
132.889
241.415
1242.34
242.85
102.911
58.3661
39.3835
33.1804
37.7321
58.953
106.836
155.522
1242.32
243.171
104.768
60.3909
40.7114
33.4864
36.5008
53.5254
87.4598
112.64
1242.3
242.956
106.287
62.4378
42.2289
33.9859
35.4157
48.5524
72.891
88.1076
1242.28
242.254
107.38
64.4112
43.8964
34.6853
34.5428
44.2042
61.9384
72.5564
1242.27
241.108
107.975
66.2106
45.6612
35.5859
33.9336
40.6506
53.6108
61.8045
1242.26
239.553
108.004
67.729
47.4584
36.7182
33.6353
37.8357
47.2211
53.8586
1242.25
237.624
107.414
68.8534
49.1915
38.0144
33.6655
35.7091
42.2917
47.7151
1242.24
235.388
106.178
69.4764
50.7575
39.421
34.019
34.2173
38.5158
42.8271
1242.24
232.922
104.303
69.5001
52.0398
40.8611
34.6637
33.3032
35.6793
38.9048
1242.24
230.326
101.841
68.8445
52.9104
42.2322
35.5387
32.9063
33.6556
35.7925
1242.24
227.959
98.9336
67.4696
53.2419
43.4097
36.5565
32.9555
32.3417
33.4072
1242.24
225.572
95.6583
65.3654
52.9158
44.25
37.5982
33.355
31.6336
31.6789
1242.24
222.96
92.0869
62.5662
51.8381
44.5998
38.5174
33.9832
31.4264
30.5597
1242.24
220.167
88.3402
59.1783
49.9651
44.3133
39.1467
34.6901
31.6003
29.9733
1242.24
218.28
84.9625
55.4749
47.3471
43.2793
39.3113
35.2994
32.0057
29.8251
1242.24
217.503
82.2501
51.7473
44.1195
41.4458
38.8501
35.6202
32.4673
29.9887
1242.24
216.006
79.5837
48.0686
40.4522
38.8356
37.6376
35.4629
32.788
30.3041
1242.24
214.707
77.1633
44.6362
36.5953
35.575
35.6161
34.6622
32.7602
30.5784
1242.24
214.5
75.6677
41.7876
32.8629
31.8944
32.8293
33.1079
32.191
30.5983
1242.24
214.38
74.5412
39.4094
29.4562
28.067
29.4215
30.7577
30.9262
30.1496
1242.24
214.216
73.6395
37.5964
26.5303
24.3579
25.5022
27.5447
28.8443
29.0363
1242.24
214.049
73.3105
36.3929
24.2221
21.0877
21.6612
23.733
25.9283
27.1517
1242.24
214.026
73.1383
35.6705
22.6725
18.4422
18.2885
19.9913
22.3755
24.5034
1242.24
213.989
72.9844
35.2774
21.6419
16.5384
15.5475
16.6003
18.7807
21.1712
1242.24
214.009
72.9075
35.0331
20.9686
15.2298
13.3389
13.7068
15.4234
17.7202
1242.24
214.031
72.8264
34.8261
20.5078
14.3553
11.872
11.4561
12.554
14.4705
1242.24
213.48
72.4519
34.5229
20.1356
13.7656
10.9387
10.021
10.369
11.7258
1242.24
207.46
71.2579
34.0371
19.804
13.4028
10.4221
9.20883
9.04307
9.74013
1242.24
205.773
70.6433
33.6371
19.5289
13.25
10.316
9.00329
8.59148
8.75478
1242.24
205.359
70.2638
33.3265
19.3905
13.3358
10.5964
9.37767
8.89433
8.81706
1242.24
205.265
70.0206
33.1671
19.4998
13.7909
11.3584
10.3422
9.92664
9.76499
1242.24
206.178
70.1564
33.3358
20.0534
14.8196
12.7918
12.0541
11.7904
11.6598
1242.24
212.545
71.2746
34.1465
21.4205
16.8227
15.2912
14.8918
14.8426
14.8294
1242.24
212.986
72.0844
35.9951
24.4453
20.7559
19.8182
19.8031
20.024
20.2129
1242.24
213.565
74.6372
41.2797
31.8689
29.4301
29.156
29.5341
30.0569
30.5281
1242.24
216.962
86.1525
59.702
53.9319
53.0172
53.3427
54.0152
54.7796
55.5307
1242.24
253
156.809
144.746
143.377
143.585
144.108
144.759
145.488
146.262
1242.24
814.073
814.073
814.073
814.073
814.073
814.073
814.073
814.074
814.074
781.435
781.399
781.395
781.39
781.387
781.386
781.384
781.384
781.383
781.383
781.383
781.383
781.383
781.383
781.383
781.383
781.383
781.383
781.383
781.383
781.383
781.383
781.383
781.383
1078.91
226.598
149.934
131.258
127.104
126.3
126.438
126.797
127.167
127.498
127.866
128.759
132.686
133.295
133.477
133.616
133.77
133.955
134.173
134.433
134.814
135.787
138.776
155.159
269.21
1376.44
124.079
72.2695
51.0795
44.6646
42.434
41.8258
41.8251
42.0344
42.305
42.6112
43.029
43.6862
43.9915
44.1829
44.3704
44.5978
44.8926
45.2919
45.8974
47.0459
49.9092
58.6707
90.1615
231.188
1376.44
89.2144
53.2551
32.6277
24.4149
21.0639
19.772
19.3668
19.337
19.4584
19.6404
19.8573
20.0967
20.298
20.4953
20.7282
21.0347
21.4663
22.1225
23.2381
25.4238
30.3739
43.159
81.1433
228.845
1376.44
72.6577
47.0188
27.4888
18.0945
14.0709
12.2862
11.5805
11.3788
11.4067
11.5383
11.7195
11.9287
12.158
12.4206
12.742
13.1634
13.7597
14.682
16.258
19.2443
25.5155
40.2663
81.2128
236.967
1376.44
62.9333
44.3732
27.0138
16.7687
11.8258
9.63028
8.70108
8.40484
8.41639
8.57863
8.82195
9.11722
9.45596
9.84407
10.3012
10.8689
11.6311
12.76
14.618
18.0022
24.805
40.1594
81.6084
237.455
1376.44
56.2791
42.8756
28.3535
17.3761
11.6639
8.9235
7.78591
7.44357
7.48178
7.71943
8.07013
8.49549
8.98121
9.52777
10.1499
10.8845
11.8118
13.1003
15.1087
18.6275
25.5326
40.9209
82.2849
237.889
1376.44
51.1734
41.7287
29.8986
19.2707
12.5778
9.23256
7.7758
7.35451
7.41948
7.73744
8.19992
8.75858
9.39462
10.1061
10.9054
11.8249
12.9359
14.3917
16.5266
20.0996
26.9536
42.1635
83.2201
238.388
1376.44
46.9129
40.5666
31.2343
21.7131
14.1377
10.091
8.23653
7.63528
7.70654
8.08128
8.63377
9.30515
10.0734
10.9375
11.9134
13.0322
14.3603
16.0353
18.3598
22.0432
28.869
43.8691
84.5388
239.17
1376.44
43.192
39.2376
32.1818
23.9664
16.4576
11.4067
8.97971
8.11172
8.11522
8.49602
9.09511
9.84452
10.714
11.7053
12.8394
14.1577
15.7298
17.6862
20.3038
24.2347
31.1731
46.0517
86.3143
240.253
1376.44
39.8743
37.6858
32.6504
25.9097
18.9623
13.2599
9.9923
8.67401
8.49011
8.82459
9.43916
10.2256
11.1582
12.2366
13.4932
14.9868
16.8028
19.0785
22.0835
26.4257
33.6949
48.6587
88.5891
241.669
1376.44
36.9233
35.9463
32.6155
27.3973
21.3062
15.6126
11.4049
9.37026
8.78311
8.9971
9.57502
10.3721
11.3277
12.4453
13.7728
15.386
17.4085
19.9928
23.4285
28.3139
36.1549
51.5186
91.368
243.587
1376.44
34.3567
34.1008
32.0978
28.3371
23.324
18.0043
13.4479
10.4293
9.21293
9.10506
9.53271
10.2571
11.1859
12.3017
13.6426
15.3175
17.461
20.2807
24.1133
29.5915
38.1906
54.3001
94.4681
245.976
1376.44
32.2165
32.2689
31.1933
28.693
24.8602
20.2441
15.713
12.1341
9.99292
9.26713
9.40305
9.94383
10.7508
11.7973
13.0895
14.7351
16.9126
19.8786
24.0048
30.0216
39.4469
56.5758
97.5307
248.685
1376.44
30.5454
30.5776
30.042
28.5145
25.8162
22.1217
17.9953
14.2067
11.4075
9.85168
9.39102
9.59937
10.1643
11.022
12.207
13.7466
15.8491
18.8096
23.0928
29.5022
39.678
57.9399
100.079
251.403
1376.44
29.3617
29.1448
28.8098
27.9236
26.173
23.4674
20.0401
16.4354
13.2927
11.0633
9.85217
9.49954
9.67294
10.2244
11.154
12.5184
14.443
17.262
21.5039
28.0827
38.8054
58.1227
101.612
253.517
1376.44
28.6547
28.0604
27.6639
27.096
26.0188
24.199
21.6166
18.5326
15.4317
12.8103
10.9657
9.93226
9.58141
9.68171
10.2242
11.2758
12.9116
15.4397
19.4384
25.9278
36.9113
57.0704
101.736
252.72
1376.45
28.3683
27.365
26.7384
26.2203
25.5187
24.3634
22.588
20.2195
17.5111
14.8626
12.6427
11.0508
10.1045
9.7296
9.77374
10.2867
11.5342
13.6192
17.1658
23.2774
34.2079
54.9946
100.958
251.276
1376.46
28.4096
27.0481
26.1215
25.4656
24.8729
24.1093
22.9622
21.3161
19.2199
16.8852
14.6282
12.7202
11.3088
10.4264
10.0481
10.0874
10.6823
12.1218
15.0218
20.4147
30.9083
52.0742
99.8043
252.65
1376.46
28.6385
27.0453
25.836
24.952
24.2775
23.6478
22.8771
21.8025
20.3436
18.5448
16.5673
14.6529
13.0069
11.7577
10.9681
10.6282
10.732
11.5087
13.422
17.6858
27.1666
48.2734
98.2238
257.512
1376.47
28.8731
27.2371
25.8415
24.7255
23.8711
23.1893
22.5524
21.8172
20.8585
19.6148
18.1197
16.4909
14.8896
13.4967
12.4404
11.7943
11.5262
11.7585
12.9225
15.8971
23.3381
43.5282
95.5716
259.853
1376.49
28.8978
27.4522
26.0311
24.7771
23.7223
22.8927
22.2118
21.5887
20.9137
20.0893
19.0696
17.8792
16.6094
15.3712
14.2653
13.4163
12.8708
12.7364
13.2507
15.2611
20.9414
37.8457
91.6949
264.05
1376.52
28.4798
27.4665
26.2345
24.9811
23.8256
22.8282
22.0163
21.3429
20.7435
20.1351
19.448
18.6501
17.7616
16.8416
15.9348
15.1039
14.4492
14.0874
14.2035
15.335
19.3064
32.384
82.2026
264.357
1376.56
27.4311
27.0524
26.2311
25.1741
24.0554
22.9884
22.0438
21.2474
20.5817
20.0044
19.459
18.8991
18.3051
17.6905
17.0667
16.4335
15.8573
15.442
15.3355
15.8395
17.9622
25.0733
49.6751
125.04
306.058
25.6368
26.0153
25.793
25.1422
24.2431
23.2477
22.2626
21.3669
20.5931
19.9293
19.3668
18.8739
18.4223
18.0014
17.6055
17.2058
16.8092
16.477
16.3048
16.4492
17.2552
19.8464
27.2194
45.2577
83.0765
23.084
24.2358
24.7211
24.6491
24.1627
23.4152
22.538
21.6336
20.7858
20.0196
19.3657
18.8136
18.3574
17.9855
17.6877
17.4361
17.2007
16.9957
16.8672
16.8922
17.1999
18.0445
20.0498
24.6086
32.896
19.9253
21.7327
22.9137
23.5037
23.5799
23.2566
22.6603
21.9022
21.0887
20.2883
19.5491
18.9053
18.354
17.9096
17.5746
17.3354
17.1601
17.0297
16.9532
16.96
17.1015
17.4608
18.1773
19.4448
21.3318
16.6312
18.6944
20.4242
21.6329
22.3244
22.5479
22.3909
21.9495
21.326
20.611
19.8735
19.1709
18.5324
17.9896
17.5371
17.1934
16.9531
16.7944
16.7033
16.6821
16.7448
16.9165
17.2369
17.7519
18.4713
13.5624
15.5618
17.4866
19.1336
20.3678
21.1602
21.5322
21.5411
21.2637
20.7855
20.1836
19.5281
18.8711
18.2563
17.7059
17.2462
16.8759
16.5895
16.3911
16.2725
16.2335
16.2744
16.4029
16.6284
16.9496
11.0713
12.7382
14.5528
16.3199
17.8866
19.1442
20.0244
20.5309
20.7
20.5897
20.2659
19.7961
19.2404
18.6507
18.068
17.5146
17.0397
16.6349
16.3037
16.034
15.8398
15.7219
15.6777
15.7074
15.8048
9.47213
10.6214
12.0662
13.6565
15.2474
16.7252
18.0047
18.9582
19.5811
19.8979
19.9494
19.7859
19.4605
19.0238
18.5243
17.9955
17.4737
16.9817
16.5219
16.135
15.8123
15.5399
15.3169
15.1508
15.0508
9.05063
9.56356
10.4566
11.624
12.9559
14.3515
15.7324
17.0368
18.0467
18.7647
19.21
19.411
19.404
19.2286
18.9262
18.5349
18.0862
17.6134
17.1336
16.6684
16.223
15.8121
15.4589
15.1558
14.8975
9.74032
9.84677
10.1469
10.7047
11.5329
12.5858
13.7829
15.0626
16.2653
17.2689
18.0521
18.6102
18.9527
19.0996
19.0779
18.9187
18.6512
18.305
17.9061
17.4735
17.0257
16.5768
16.1428
15.7246
15.334
11.539
11.412
11.306
11.2824
11.4766
11.9954
12.7682
13.7185
14.7425
15.7415
16.6485
17.42
18.0311
18.473
18.7487
18.8715
18.8598
18.7343
18.5174
18.2292
17.8889
17.5126
17.1132
16.7027
16.2937
14.7299
14.5238
14.2156
13.836
13.4445
13.1433
13.2152
13.5989
14.1954
14.9149
15.6787
16.4253
17.1078
17.6933
18.1625
18.5081
18.7317
18.8402
18.8451
18.7599
18.5992
18.3775
18.1075
17.8019
17.4733
20.2558
20.1186
19.7846
19.2462
18.5206
17.6751
16.8022
16.2053
16.0129
16.1404
16.4653
16.8999
17.3792
17.8558
18.297
18.6818
18.9973
19.2361
19.3952
19.4765
19.4863
19.4332
19.3263
19.1746
18.9883
30.8447
30.9531
30.8135
30.3767
29.5921
28.4749
27.124
25.5944
24.0592
23.1408
22.6259
22.3792
22.3001
22.3233
22.4036
22.5166
22.6495
22.7844
22.9037
22.9968
23.062
23.1007
23.1146
23.1064
23.0812
56.1893
56.6951
57.0073
57.0433
56.6634
55.7346
54.3311
52.5847
50.4211
47.8907
46.1251
44.9654
44.0601
43.3146
42.6715
42.1227
41.7292
41.4558
41.2618
41.1251
41.0486
41.036
41.0802
41.1733
41.3118
147.045
147.795
148.519
149.196
149.662
149.48
148.588
147.324
145.554
143.372
141.127
138.994
137.38
136.212
135.098
134.068
133.216
132.577
132.061
131.622
131.32
131.197
131.216
131.348
131.59
814.074
814.075
814.076
814.077
814.078
814.08
814.081
814.083
814.085
814.086
814.087
814.088
814.088
814.087
814.086
814.084
814.081
814.079
814.077
814.076
814.076
814.079
814.082
814.087
814.093
814.133
814.107
814.094
125.8
130.752
123.121
41.6097
45.2884
44.2832
23.3452
24.9948
25.796
19.2446
20.0058
20.614
17.3053
17.6928
18.0722
15.9411
16.1135
16.3095
15.0061
14.9995
15.0255
14.6988
14.5277
14.3824
15.0176
14.7375
14.486
15.9374
15.597
15.269
17.168
16.8585
16.5461
18.7998
18.5971
18.3827
23.0492
23.0115
22.971
41.4769
41.6721
41.9001
131.907
132.286
132.729
814.1
814.107
814.114
1052.53
781.383
781.383
781.383
781.383
781.383
781.383
781.383
781.383
781.383
781.383
781.383
781.383
781.383
781.383
781.383
781.383
781.383
781.383
781.383
781.383
781.383
781.383
781.383
781.383
781.383
781.383
781.383
781.383
781.383
781.383
781.383
781.383
781.383
781.383
781.383
781.383
781.383
781.383
781.383
781.383
781.383
781.383
781.383
781.383
781.383
781.383
781.383
781.383
781.384
781.384
781.384
781.385
781.385
781.386
781.387
781.387
781.388
781.389
781.389
781.39
781.39
781.39
781.39
781.389
781.389
781.388
781.387
781.386
781.385
781.384
781.384
781.383
781.383
781.383
781.383
781.383
781.383
781.383
1052.53
1323.67
261.774
153.288
137.969
135.411
134.894
134.765
134.727
134.715
134.713
134.715
134.718
134.723
134.727
134.731
134.737
134.748
134.776
134.845
135.114
135.796
134.61
134.958
134.954
135.419
135.923
135.301
129.752
134.01
134.687
134.876
134.958
134.982
135.042
135.13
135.196
135.211
135.239
135.8
136.341
136.459
136.59
136.803
137.078
137.387
137.694
137.868
137.27
134.61
133.985
134.004
134.162
134.305
134.362
134.315
134.145
133.836
133.376
132.758
131.985
131.071
130.049
129.015
128.72
129.068
130.978
131.754
131.496
131.226
131.081
131.095
131.28
131.642
132.18
132.924
134.123
137.34
153.126
261.97
1323.67
1323.67
231.074
89.0524
57.9471
49.6538
47.1791
46.3638
46.0688
45.9533
45.9062
45.8876
45.8822
45.8828
45.8859
45.8898
45.8948
45.9009
45.9069
45.9065
45.898
45.9759
45.9527
45.9681
45.9303
45.9526
46.0286
46.0369
45.3779
45.8488
46.1044
46.2622
46.3862
46.4996
46.6348
46.7964
46.9763
47.1756
47.4198
47.7881
48.19
48.5381
48.891
49.2736
49.6806
50.0922
50.4733
50.7593
50.8463
50.7088
50.7646
50.8743
50.9299
50.8768
50.6851
50.3397
49.8324
49.1631
48.3394
47.3783
46.31
45.185
44.0854
43.3779
42.8669
42.5156
42.3187
42.0688
41.8011
41.6384
41.6304
41.8057
42.1928
42.8376
43.8465
45.5334
48.9564
58.0707
89.5162
231.23
1323.67
1323.67
228.712
79.9683
42.3149
29.8791
25.2285
23.3513
22.5461
22.1821
22.0105
21.9275
21.8878
21.8699
21.8631
21.8624
21.8652
21.8695
21.8725
21.869
21.856
21.8643
21.8931
21.9284
21.9447
21.9643
22.0094
22.0763
22.0564
22.1893
22.3368
22.4848
22.6398
22.8088
23.0023
23.2252
23.4782
23.763
24.0853
24.4566
24.8594
25.2716
25.6928
26.1194
26.539
26.9316
27.2714
27.5299
27.6857
27.7479
27.7608
27.6935
27.5135
27.2021
26.7518
26.1642
25.4498
24.6295
23.7329
22.799
21.8777
21.0329
20.3467
19.8804
19.5323
19.2829
19.1277
19.0574
19.0877
19.2438
19.547
20.0241
20.7227
21.7426
23.3135
26.0085
31.3916
44.2266
81.6754
229.595
1323.67
1323.67
228.451
78.4004
38.6589
24.2484
18.1553
15.3567
14.0012
13.318
12.9627
12.7738
12.6723
12.6183
12.5908
12.5787
12.5757
12.5781
12.5829
12.5875
12.5948
12.6127
12.6456
12.688
12.7311
12.7791
12.8427
12.9269
13.0137
13.1356
13.281
13.4461
13.6323
13.8427
14.0814
14.351
14.6523
14.9847
15.347
15.7367
16.1449
16.5586
16.9667
17.3561
17.7104
18.0114
18.2402
18.3811
18.4246
18.3694
18.2171
17.9589
17.5893
17.1101
16.5312
15.8695
15.1501
14.4073
13.6771
12.9981
12.4092
11.9498
11.6823
11.5385
11.4904
11.5373
11.6829
11.9326
12.2958
12.785
13.4178
14.2242
15.2635
16.6611
18.6979
22.0382
28.3745
42.5478
81.4685
230.16
1323.67
1323.67
228.393
78.0454
37.6569
22.4295
15.5695
12.1635
10.3729
9.39629
8.8498
8.53866
8.35996
8.25771
8.20067
8.17102
8.15847
8.15666
8.16252
8.17663
8.1986
8.22981
8.27207
8.32458
8.38546
8.45628
8.54147
8.64489
8.76517
8.90797
9.07401
9.26403
9.47955
9.72228
9.99366
10.294
10.622
10.9744
11.3458
11.729
12.1134
12.486
12.8329
13.1389
13.3886
13.5671
13.662
13.6642
13.5698
13.3788
13.094
12.7199
12.2658
11.7466
11.1826
10.5989
10.024
9.48808
9.01966
8.64222
8.37304
8.22702
8.21473
8.29967
8.47351
8.73905
9.10342
9.57641
10.1706
10.9024
11.7949
12.8845
14.236
15.9792
18.3959
22.146
28.9027
43.4452
82.5349
230.969
1323.67
1323.67
228.353
77.9132
37.3069
21.748
14.5136
10.7568
8.67522
7.47546
6.76739
6.34332
6.08784
5.93465
5.84479
5.7947
5.77071
5.76551
5.77473
5.79557
5.8269
5.86872
5.92166
5.98605
6.06215
6.15127
6.25587
6.37857
6.52087
6.68505
6.87272
7.08514
7.32328
7.58755
7.87742
8.19096
8.52446
8.87213
9.22601
9.57609
9.91047
10.2159
10.4785
10.685
10.8231
10.883
10.858
10.7456
10.5475
10.2693
9.92023
9.51316
9.06471
8.59498
8.1264
7.68231
7.28443
6.95235
6.70071
6.53849
6.46989
6.49698
6.61675
6.81543
7.09446
7.46184
7.92961
8.51338
9.23279
10.1127
11.1859
12.4985
14.1234
16.1922
18.977
23.1072
30.1947
44.9236
83.9396
231.917
1323.67
1323.67
228.307
77.8179
37.1273
21.4289
14.0148
10.0669
7.80703
6.45599
5.62753
5.11273
4.79156
4.59264
4.47257
4.40477
4.37241
4.36488
4.37584
4.40156
4.44014
4.49091
4.55399
4.62985
4.71928
4.82353
4.94435
5.08367
5.24315
5.42435
5.62844
5.85606
6.10717
6.38076
6.67453
6.98461
7.3053
7.62899
7.94624
8.24612
8.51668
8.74568
8.92147
9.03381
9.07481
9.03965
8.92721
8.74026
8.48554
8.17334
7.81719
7.43325
7.03964
6.65533
6.29867
5.98566
5.72917
5.53825
5.41748
5.36806
5.38943
5.48085
5.64131
5.86882
6.17039
6.55824
7.04904
7.6642
8.43085
9.38347
10.5666
12.04
13.8907
16.261
19.4228
23.9807
31.4819
46.4947
85.5155
233.062
1323.67
1323.67
228.255
77.7448
37.01
21.2402
13.7319
9.67738
7.31092
5.86276
4.95229
4.37258
4.00332
3.77094
3.62904
3.54805
3.50895
3.49955
3.51219
3.54227
3.5872
3.64582
3.7179
3.8038
3.9043
4.02049
4.15373
4.30544
4.47687
4.66897
4.8822
5.11632
5.37017
5.64143
5.92637
6.21969
6.51444
6.80212
7.07292
7.31623
7.52129
7.6779
7.77727
7.8128
7.78066
7.68039
7.51502
7.29114
7.0186
6.70993
6.37972
6.04366
5.71746
5.41562
5.1503
4.93045
4.76174
4.64667
4.5853
4.57662
4.61994
4.716
4.86751
5.07758
5.35595
5.7173
6.18143
6.77425
7.52942
8.49072
9.71544
11.2802
13.2921
15.9153
19.4374
24.4591
32.4786
47.9423
87.144
234.342
1323.67
1323.67
228.212
77.6712
36.9019
21.0884
13.5263
9.41114
6.98269
5.47685
4.51658
3.89672
3.49699
3.24298
3.08697
2.99788
2.95527
2.94582
2.96096
2.99541
3.04609
3.11147
3.19101
3.28489
3.3937
3.51831
3.65971
3.81885
3.99646
4.19286
4.40776
4.64006
4.88764
5.14717
5.41395
5.68188
5.9435
6.19025
6.41282
6.60174
6.74804
6.84393
6.88352
6.86338
6.78299
6.64494
6.45495
6.22164
5.95595
5.67049
5.37862
5.09348
4.82689
4.58853
4.38527
4.22112
4.09756
4.01429
3.97023
3.96471
3.9984
4.07501
4.19727
4.37017
4.60406
4.91415
5.32135
5.85399
6.5503
7.46191
8.65853
10.2351
12.3239
15.1201
18.9446
24.4197
33.0249
49.0999
88.6993
235.704
1323.67
1323.67
228.161
77.5853
36.7842
20.9388
13.3432
9.19338
6.731
5.19395
4.20706
3.56612
3.15095
2.88663
2.72469
2.63312
2.59067
2.5833
2.60191
2.64078
2.69652
2.76731
2.85242
2.95179
3.06582
3.19509
3.34025
3.50183
3.68004
3.87463
4.08468
4.30838
4.54294
4.78439
5.02756
5.26611
5.49268
5.69924
5.87748
6.01944
6.11806
6.1678
6.16523
6.10936
6.00194
5.84729
5.65224
5.42628
5.17994
4.92454
4.67121
4.43
4.20914
4.01451
3.84955
3.71553
3.61219
3.53857
3.49387
3.47831
3.49369
3.5462
3.63592
3.76809
3.95212
4.20194
4.53734
4.98627
5.5884
6.39996
7.50058
9.0028
11.0667
13.9269
17.9533
23.8171
33.0173
49.8244
90.0464
237.071
1323.67
1323.67
228.099
77.4837
36.6506
20.7783
13.1598
8.99035
6.51156
4.96152
3.96517
3.31817
2.89992
2.63497
2.47425
2.3852
2.34612
2.34263
2.36535
2.40839
2.46818
2.54278
2.63129
2.7335
2.84957
2.97985
3.12467
3.28419
3.45822
3.64605
3.84627
4.05666
4.27401
4.49412
4.71174
4.9207
5.11418
5.28496
5.42595
5.53069
5.59384
5.61172
5.58271
5.50747
5.38912
5.23265
5.04401
4.83412
4.61173
4.38631
4.16671
3.96032
3.7727
3.60733
3.46581
3.34828
3.2541
3.18255
3.1335
3.10792
3.10833
3.13988
3.20226
3.29945
3.43885
3.63178
3.89495
4.25309
4.7432
5.42091
6.37
7.71577
9.64461
12.4354
16.5222
22.6543
32.395
50.0002
91.0625
238.407
1323.68
1323.67
228.023
77.364
36.4974
20.6009
12.9661
8.78715
6.30434
4.75459
3.76167
3.12013
2.70845
2.45041
2.29643
2.21366
2.18021
2.18165
2.2086
2.25515
2.31773
2.39436
2.48405
2.58648
2.70165
2.82969
2.9707
3.12454
3.29074
3.46828
3.65549
3.8499
4.04824
4.24629
4.43906
4.62084
4.78547
4.92673
5.03868
5.11616
5.15522
5.1535
5.1105
5.02784
4.90958
4.75954
4.58525
4.39501
4.19694
3.99872
3.80724
3.62799
3.46483
3.31994
3.19414
3.08733
2.99903
2.929
2.87763
2.84636
2.83792
2.85575
2.89944
2.97159
3.07737
3.22501
3.42708
3.70306
4.08364
4.618
5.38549
6.51375
8.20601
10.7826
14.7527
20.973
31.1278
49.5309
91.6194
239.62
1323.68
1323.67
227.932
77.2238
36.3222
20.4037
12.7582
8.57799
6.10106
4.56203
3.5825
2.95517
2.55717
2.31144
2.16798
2.09383
2.06722
2.07387
2.1046
2.15367
2.21761
2.29447
2.38328
2.48363
2.59541
2.71861
2.85314
2.99871
3.15466
3.31982
3.49241
3.66997
3.84927
4.02638
4.19667
4.35503
4.49607
4.61446
4.70529
4.76443
4.78895
4.77732
4.7297
4.64803
4.53669
4.39907
4.24197
4.07247
3.89745
3.72321
3.55522
3.39771
3.25359
3.1245
3.01103
2.91321
2.83088
2.76417
2.71385
2.68159
2.67017
2.68141
2.71496
2.77234
2.85684
2.97382
3.13178
3.34437
3.63422
4.03983
4.62788
5.51466
6.90143
9.13173
12.787
18.8582
29.2114
48.3234
91.5738
240.589
1323.68
1323.67
227.833
77.0633
36.1237
20.1856
12.5353
8.36172
5.89949
4.37993
3.42165
2.81505
2.43568
2.20571
2.07491
2.01048
1.99096
2.00248
2.03619
2.08662
2.15051
2.226
2.31217
2.4086
2.51511
2.6316
2.75788
2.89357
3.03794
3.18982
3.34744
3.50846
3.66989
3.82814
3.97905
4.11814
4.24074
4.34232
4.41881
4.46689
4.4843
4.47006
4.42463
4.34989
4.24941
4.12707
3.98837
3.83931
3.68569
3.53275
3.38493
3.24566
3.11748
3.00196
2.89972
2.81095
2.73579
2.67464
2.62848
2.59907
2.58929
2.59967
2.63003
2.68124
2.75518
2.85502
2.98593
3.15654
3.38177
3.68843
4.12615
4.78896
5.85411
7.65261
10.8073
16.4497
26.6762
46.268
90.7265
241.155
1323.68
1323.67
227.722
76.881
35.9013
19.9471
12.2986
8.13984
5.70078
4.20836
3.27762
2.69641
2.33882
2.12646
2.00919
1.95461
1.94183
1.95751
1.99328
2.04399
2.10662
2.17948
2.2617
2.35291
2.4529
2.56154
2.67858
2.8036
2.93588
3.07436
3.21741
3.36287
3.50807
3.64978
3.78436
3.9079
4.0164
4.10603
4.17339
4.21577
4.23135
4.21942
4.18046
4.11614
4.02933
3.9236
3.80344
3.67404
3.54041
3.40693
3.27724
3.15392
3.03977
2.93732
2.84666
2.76803
2.70181
2.64865
2.60968
2.58671
2.5822
2.59611
2.62854
2.67999
2.75141
2.84444
2.96193
3.10888
3.29436
3.53519
3.86428
4.35031
5.13286
6.4873
9.01476
13.945
23.6164
43.281
88.7874
240.992
1323.69
1323.67
227.577
76.6667
35.6509
19.6872
12.0496
7.91534
5.50823
4.05
3.15185
2.59924
2.26518
2.07113
1.96741
1.92231
1.91568
1.93483
1.97189
2.02211
2.08268
2.15209
2.22957
2.3148
2.40759
2.50782
2.61527
2.72959
2.84957
2.97484
3.104
3.23495
3.3654
3.49251
3.61313
3.72387
3.82136
3.90239
3.9641
4.00423
4.02126
4.01454
3.98441
3.93216
3.86019
3.77138
3.66871
3.55756
3.44307
3.32847
3.21681
3.11061
3.01211
2.92306
2.8443
2.77642
2.72013
2.67637
2.64654
2.63273
2.63632
2.65754
2.69653
2.75345
2.82854
2.92238
3.03636
3.1734
3.33912
3.5442
3.80965
4.1791
4.74626
5.72058
7.5989
11.6218
20.2567
39.4318
85.6546
240.072
1323.69
1323.67
227.398
76.4112
35.3644
19.4029
11.7897
7.69235
5.32707
3.90995
3.04862
2.52679
2.21708
2.04142
1.95096
1.91497
1.91411
1.93638
1.97446
2.02395
2.08227
2.14799
2.22046
2.29944
2.38483
2.4765
2.57428
2.67774
2.78593
2.8985
3.01403
3.13105
3.24761
3.3613
3.46933
3.56881
3.65695
3.73112
3.78893
3.82845
3.84831
3.84779
3.82695
3.78605
3.72836
3.65634
3.57285
3.48169
3.38664
3.2909
3.19725
3.10806
3.0253
2.95052
2.88475
2.82882
2.78396
2.75168
2.73378
2.73271
2.7484
2.78072
2.83024
2.89697
2.98046
3.08033
3.19669
3.33096
3.48723
3.67264
3.90068
4.20024
4.63675
5.36544
6.76915
9.81526
16.9516
34.8245
81.0946
238.145
1323.7
1323.67
227.161
76.0898
35.0252
19.0871
11.5196
7.47666
5.1654
3.79686
2.97628
2.48687
2.20195
2.04464
1.96742
1.94067
1.9459
1.97147
2.01086
2.06021
2.11696
2.17963
2.24746
2.32025
2.39825
2.4817
2.57102
2.66501
2.76138
2.86054
2.96201
3.06484
3.16761
3.26843
3.36454
3.45312
3.53216
3.59966
3.65371
3.69255
3.71487
3.71956
3.70693
3.67804
3.63492
3.57973
3.5149
3.44309
3.36702
3.29003
3.21484
3.14362
3.07817
3.01988
2.96945
2.92629
2.89401
2.87612
2.87462
2.89188
2.92586
2.97582
3.04121
3.12142
3.21569
3.32332
3.4441
3.57916
3.73116
3.90546
4.11061
4.36544
4.71487
5.27155
6.33039
8.69008
14.5587
30.1167
74.4647
232.998
1323.7
1323.67
226.81
75.6483
34.5978
18.725
11.2398
7.27749
5.03677
3.72582
2.95017
2.49475
2.23507
2.0964
2.03299
2.01618
2.02902
2.06073
2.1047
2.15716
2.21553
2.27826
2.34446
2.41378
2.48616
2.56163
2.64008
2.72102
2.80382
2.88841
2.97458
3.06208
3.15065
3.24014
3.32608
3.40332
3.47227
3.53192
3.58106
3.6175
3.64004
3.6486
3.64348
3.62554
3.59618
3.55712
3.51012
3.4565
3.39606
3.3365
3.28025
3.22881
3.18355
3.14574
3.11646
3.09661
3.0882
3.09401
3.11734
3.15648
3.21032
3.27789
3.35821
3.45035
3.55347
3.667
3.79085
3.92604
4.07516
4.24231
4.43253
4.65727
4.94611
5.37761
6.17115
7.96709
12.7036
26.334
68.0734
223.715
1323.71
1323.67
226.188
74.9411
33.9948
18.2817
10.949
7.11131
4.96544
3.72397
2.99815
2.57826
2.34423
2.22467
2.17566
2.17103
2.19397
2.23434
2.28577
2.34442
2.40782
2.47437
2.543
2.6131
2.68427
2.75633
2.82911
2.90235
2.97577
3.04923
3.12256
3.19564
3.26822
3.33965
3.40791
3.4708
3.52799
3.57755
3.61827
3.64945
3.67049
3.68124
3.68195
3.6733
3.65635
3.63244
3.60304
3.56957
3.53343
3.49768
3.46472
3.4364
3.41429
3.39982
3.39437
3.39945
3.41709
3.45012
3.49881
3.55921
3.6306
3.71218
3.80312
3.90264
4.01012
4.12523
4.24827
4.38089
4.52675
4.68854
4.86788
5.07096
5.3164
5.65599
6.24375
7.56379
11.2249
22.7835
62.0137
217.64
1323.71
1323.67
224.352
73.3664
32.9375
17.6638
10.6422
7.01019
4.99711
3.84084
3.17002
2.7864
2.57707
2.4753
2.44054
2.44755
2.4809
2.531
2.59174
2.65922
2.73089
2.80502
2.88034
2.95597
3.03131
3.10592
3.17949
3.2517
3.32227
3.39086
3.45717
3.52112
3.58266
3.64171
3.69717
3.74729
3.79201
3.8307
3.86284
3.88806
3.90619
3.91728
3.92166
3.91995
3.91301
3.90193
3.88795
3.87239
3.85668
3.84259
3.83183
3.82601
3.82667
3.83525
3.85336
3.88294
3.92696
3.98444
4.05012
4.12364
4.20457
4.29238
4.38658
4.48668
4.59237
4.70376
4.82174
4.94907
5.09106
5.24798
5.41701
5.60177
5.81382
6.08546
6.51544
7.43647
10.0616
19.1378
54.2028
207.97
1323.69
1323.68
209.582
67.6428
30.4668
16.64
10.3182
7.0434
5.2198
4.16672
3.55295
3.20102
3.01156
2.92211
2.89591
2.91007
2.95043
3.00804
3.07703
3.15326
3.23383
3.31682
3.40084
3.48478
3.56781
3.64929
3.72868
3.80555
3.87967
3.95033
4.01647
4.07823
4.13557
4.18838
4.23634
4.279
4.31626
4.34804
4.37431
4.39518
4.41085
4.42168
4.42818
4.43101
4.43101
4.42914
4.42648
4.42421
4.42358
4.42585
4.43228
4.44425
4.46351
4.49136
4.53013
4.58221
4.64229
4.70721
4.77714
4.85207
4.93189
5.01634
5.10516
5.19815
5.29544
5.39786
5.50749
5.62925
5.76775
5.91528
6.06966
6.2342
6.41659
6.63586
6.94627
7.53429
9.14793
15.1415
42.23
185.891
1323.71
267.871
98.9412
45.5033
24.565
14.9884
10.0881
7.3774
5.79559
4.85034
4.28155
3.94995
3.76414
3.67181
3.64033
3.64936
3.6863
3.7429
3.81344
3.89289
3.97745
4.06517
4.15467
4.2447
4.33418
4.42221
4.50801
4.59089
4.67013
4.74496
4.81469
4.87896
4.93752
4.99026
5.03709
5.07797
5.11302
5.14242
5.16645
5.18553
5.20013
5.21087
5.21843
5.22359
5.22721
5.23025
5.23376
5.23906
5.24737
5.25961
5.27668
5.29998
5.33388
5.37689
5.42592
5.47721
5.53173
5.58975
5.6514
5.71673
5.78569
5.85812
5.93384
6.01305
6.09674
6.18791
6.29195
6.41017
6.53454
6.66116
6.79116
6.92729
7.07467
7.24384
7.45956
7.79317
8.49779
10.6088
18.7172
54.6628
239.252
80.6379
48.4825
30.1087
19.8794
14.0198
10.5186
8.35329
6.96613
6.1063
5.55949
5.21322
4.99851
4.87339
4.81079
4.79257
4.80683
4.84496
4.89917
4.96476
5.03863
5.11871
5.20314
5.29023
5.37849
5.46664
5.55365
5.63871
5.72057
5.79808
5.87038
5.93683
5.99707
6.05088
6.09821
6.1391
6.17373
6.20237
6.22538
6.24328
6.25671
6.26643
6.27324
6.27801
6.28166
6.28513
6.28964
6.29772
6.31082
6.3288
6.35164
6.37886
6.40679
6.43656
6.46893
6.50405
6.54206
6.58306
6.62711
6.6744
6.72497
6.77837
6.83526
6.89767
6.97032
7.05474
7.14256
7.23323
7.32408
7.4152
7.50751
7.60281
7.70427
7.81749
7.95283
8.13238
8.41578
9.00083
10.6147
15.9423
33.8707
37.4454
29.818
23.2452
18.2988
14.7341
12.1388
10.3563
9.1123
8.24316
7.63223
7.20304
6.90402
6.70023
6.56751
6.48684
6.44512
6.43279
6.44261
6.46952
6.5109
6.56417
6.62692
6.69653
6.77064
6.84728
6.92522
7.00449
7.0818
7.1552
7.22352
7.28606
7.3424
7.39236
7.43587
7.47295
7.50379
7.52841
7.54708
7.56039
7.56911
7.57411
7.57632
7.57666
7.57605
7.57536
7.57513
7.57456
7.57358
7.57337
7.57472
7.57811
7.58353
7.59114
7.60115
7.6138
7.62946
7.64866
7.67203
7.69806
7.72355
7.74891
7.77509
7.80598
7.84542
7.89274
7.94286
7.99273
8.0408
8.08706
8.1321
8.17717
8.22423
8.27617
8.33711
8.41328
8.51595
8.67263
8.9668
9.6605
11.3988
25.3609
23.7131
21.4224
19.0531
16.8404
14.8832
13.3408
12.138
11.2067
10.4871
9.93429
9.51147
9.18938
8.94615
8.76482
8.63181
8.53711
8.47514
8.44017
8.42756
8.43561
8.4621
8.50142
8.54954
8.60294
8.65764
8.70992
8.75989
8.80737
8.85216
8.89409
8.933
8.96869
9.00083
9.02854
9.04837
9.06005
9.06475
9.06339
9.05676
9.04559
9.03059
9.01246
8.99188
8.96952
8.94594
8.92153
8.89664
8.87167
8.84702
8.82299
8.79982
8.77764
8.75658
8.73668
8.71803
8.70071
8.68477
8.66961
8.65415
8.63817
8.62166
8.60538
8.59078
8.58431
8.58429
8.58668
8.58705
8.58402
8.57806
8.5703
8.56215
8.55519
8.55103
8.55115
8.5569
8.57014
8.59619
8.65331
8.78392
20.9533
20.8328
20.2901
19.4534
18.4512
17.3823
16.2785
15.2288
14.331
13.5804
12.9578
12.4431
12.0187
11.6706
11.3879
11.1604
10.9798
10.844
10.7445
10.6737
10.6243
10.5922
10.5787
10.5822
10.5847
10.5868
10.5885
10.5895
10.5895
10.5883
10.5854
10.5807
10.5737
10.5643
10.552
10.5357
10.5152
10.4902
10.4611
10.4278
10.3909
10.3504
10.3069
10.2606
10.212
10.1614
10.1092
10.0556
10.001
9.94559
9.8896
9.83317
9.77641
9.71937
9.66207
9.60448
9.54656
9.48826
9.42946
9.36998
9.30973
9.24865
9.18683
9.12459
9.06305
9.00385
8.95243
8.90344
8.8531
8.80123
8.74893
8.69728
8.64721
8.59934
8.55398
8.51108
8.47026
8.43087
8.39264
8.35854
18.4289
18.6509
18.7041
18.5917
18.3379
17.974
17.523
17.0056
16.4519
15.8947
15.3632
14.8761
14.4434
14.0759
13.7639
13.5007
13.2813
13.0934
12.9316
12.7923
12.6722
12.5684
12.4787
12.4012
12.3318
12.2683
12.209
12.1528
12.0986
12.0456
11.993
11.9405
11.8873
11.8333
11.7779
11.7208
11.6618
11.6004
11.5366
11.4703
11.4014
11.33
11.256
11.1797
11.1011
11.0204
10.9378
10.8534
10.7674
10.6799
10.591
10.5009
10.4097
10.3172
10.2237
10.1292
10.0336
9.93723
9.84014
9.74256
9.64478
9.54713
9.44995
9.35361
9.2585
9.16526
9.07496
8.98841
8.90837
8.83248
8.761
8.69457
8.63356
8.57825
8.52895
8.48578
8.44908
8.41938
8.39774
8.38692
16.5361
16.7405
16.899
16.9987
17.0334
16.9983
16.8867
16.7008
16.4572
16.1788
15.8932
15.6195
15.3612
15.1213
14.9007
14.6974
14.5079
14.332
14.1686
14.0167
13.8752
13.7428
13.6185
13.5013
13.3899
13.2835
13.181
13.0817
12.9849
12.8898
12.7962
12.7034
12.611
12.5187
12.4262
12.3331
12.2391
12.1442
12.0479
11.9502
11.851
11.75
11.6473
11.5429
11.4368
11.329
11.2197
11.1089
10.9967
10.8831
10.7684
10.6527
10.536
10.4186
10.3005
10.1822
10.0639
9.94622
9.82972
9.71506
9.60291
9.49397
9.38887
9.28811
9.19228
9.10224
9.01896
8.94343
8.8764
8.81856
8.77068
8.73324
8.70649
8.69042
8.68507
8.69006
8.70688
8.73859
8.78694
8.8536
15.0843
15.1598
15.2389
15.3107
15.3649
15.3904
15.3786
15.3364
15.2738
15.193
15.0984
14.9945
14.885
14.7724
14.6586
14.5432
14.4237
14.3015
14.1778
14.0534
13.929
13.8048
13.6813
13.5586
13.4368
13.3159
13.1959
13.0768
12.9585
12.841
12.724
12.6077
12.4919
12.3765
12.2614
12.1464
12.0315
11.9166
11.8016
11.6864
11.5708
11.455
11.3388
11.2224
11.1059
10.9892
10.8724
10.7558
10.6393
10.5233
10.408
10.2936
10.1804
10.0688
9.95922
9.85238
9.749
9.64984
9.55546
9.46659
9.38405
9.30878
9.24167
9.18367
9.13542
9.09762
9.07078
9.05555
9.05128
9.0592
9.0804
9.11534
9.16337
9.22391
9.29728
9.38506
9.48735
9.60274
9.73307
9.88669
14.2569
14.1654
14.097
14.0454
14.0045
13.9681
13.9311
13.8904
13.8446
13.793
13.7353
13.6721
13.6036
13.5303
13.4525
13.3718
13.2858
13.1947
13.0991
12.9995
12.8966
12.7908
12.6829
12.5733
12.4625
12.351
12.2393
12.1276
12.0163
11.9058
11.7967
11.6886
11.5818
11.4764
11.3725
11.2702
11.1697
11.0709
10.9735
10.8776
10.7829
10.6896
10.5977
10.5073
10.4183
10.3308
10.2451
10.1613
10.08
10.0014
9.92634
9.85521
9.78854
9.7269
9.67089
9.62126
9.57856
9.54347
9.51535
9.49571
9.48579
9.48676
9.49953
9.52442
9.56127
9.61024
9.67143
9.74577
9.83392
9.93529
10.0487
10.1713
10.3019
10.4413
10.5963
10.7691
10.953
11.1475
11.3547
11.5753
14.2271
13.9976
13.7913
13.6029
13.4264
13.262
13.1109
12.9742
12.8524
12.7374
12.6264
12.5182
12.412
12.307
12.2024
12.0982
11.9979
11.9001
11.8044
11.7103
11.6179
11.5272
11.4382
11.3512
11.2665
11.1843
11.1047
11.028
10.9543
10.8837
10.8162
10.7519
10.6906
10.6324
10.5772
10.5249
10.4756
10.429
10.3852
10.3442
10.3057
10.2695
10.2345
10.2014
10.1707
10.1431
10.1192
10.0996
10.085
10.0759
10.0731
10.0766
10.0868
10.1039
10.1286
10.1617
10.2038
10.2559
10.3189
10.3933
10.4782
10.5728
10.6771
10.791
10.9142
11.0479
11.1957
11.3587
11.5374
11.7237
11.9157
12.1121
12.312
12.515
12.7208
12.9285
13.137
13.3465
13.5574
13.7684
14.9093
14.5697
14.2554
13.9713
13.7126
13.4741
13.2522
13.0437
12.8489
12.6663
12.4938
12.33
12.1736
12.0237
11.8798
11.7418
11.6135
11.4967
11.3913
11.2969
11.2132
11.1401
11.0772
11.024
10.9802
10.9452
10.9184
10.8992
10.887
10.881
10.8808
10.8856
10.8949
10.9083
10.9252
10.9454
10.9684
10.9941
11.0225
11.0534
11.0868
11.1233
11.1628
11.2054
11.2508
11.299
11.3505
11.4057
11.465
11.5287
11.5975
11.6718
11.7521
11.8399
11.9375
12.0466
12.168
12.3031
12.4529
12.6137
12.782
12.9578
13.1407
13.3304
13.526
13.7271
13.9329
14.1418
14.3519
14.561
14.7672
14.9688
15.1644
15.3524
15.5315
15.7005
15.8586
16.0054
16.1408
16.2635
16.1928
15.846
15.5128
15.1968
14.9001
14.6228
14.3623
14.1154
13.8853
13.6711
13.473
13.2908
13.1238
12.9717
12.834
12.7111
12.6096
12.5315
12.4759
12.4416
12.4271
12.4309
12.4512
12.4864
12.5347
12.5941
12.663
12.7395
12.8219
12.9088
12.9988
13.0913
13.1853
13.2802
13.3756
13.4712
13.5671
13.6634
13.7607
13.8593
13.9598
14.0628
14.1692
14.2767
14.3844
14.4932
14.6041
14.7177
14.8349
14.9564
15.0828
15.2146
15.3525
15.4971
15.6488
15.8077
15.9737
16.1464
16.3254
16.5096
16.6979
16.8894
17.0832
17.2783
17.4733
17.6667
17.8565
18.04
18.2149
18.3786
18.529
18.664
18.7822
18.882
18.9625
19.0229
19.0627
19.0821
19.0814
19.0606
18.1313
17.8776
17.629
17.39
17.1642
16.9545
16.7626
16.5898
16.4369
16.3045
16.1929
16.1022
16.0322
15.9829
15.9549
15.9547
15.9988
16.0788
16.1909
16.3306
16.4934
16.6745
16.8697
17.0747
17.2858
17.4995
17.7128
17.9232
18.1286
18.3274
18.5184
18.701
18.8745
19.0389
19.1941
19.3407
19.4791
19.6102
19.7347
19.8536
19.9681
20.0792
20.1881
20.2954
20.4022
20.5097
20.6187
20.7302
20.8449
20.9636
21.0867
21.2146
21.3477
21.4858
21.6287
21.7758
21.9261
22.0788
22.2325
22.3859
22.5376
22.6868
22.8328
22.9754
23.1133
23.2434
23.3619
23.4649
23.5487
23.6108
23.6492
23.6629
23.6512
23.6143
23.5526
23.4668
23.3581
23.2281
23.0781
22.9101
22.9257
22.8873
22.8609
22.8506
22.8597
22.8905
22.9447
23.0232
23.1262
23.2533
23.4038
23.5779
23.7757
24.0015
24.2633
24.619
25.0179
25.4423
25.8786
26.317
26.7483
27.1665
27.5669
27.9457
28.3002
28.6289
28.9307
29.2053
29.4532
29.6751
29.8724
30.0465
30.1994
30.3327
30.4486
30.5491
30.6363
30.7123
30.779
30.8385
30.8924
30.9426
30.9908
31.0386
31.0871
31.1379
31.1921
31.2504
31.3135
31.3816
31.4549
31.5332
31.6161
31.7029
31.7926
31.8839
31.9751
32.0646
32.1508
32.2321
32.3081
32.3802
32.4534
32.5341
32.6145
32.6796
32.7188
32.7269
32.702
32.6444
32.5557
32.438
32.2941
32.1264
31.9379
31.7312
31.509
31.2737
31.0278
30.774
42.1925
42.5305
42.9075
43.3204
43.7664
44.2421
44.7434
45.2656
45.8037
46.3527
46.9115
47.5014
48.1224
48.864
49.7382
50.5842
51.3506
52.0078
52.5772
53.0766
53.516
53.9021
54.2383
54.5268
54.7697
54.9694
55.1287
55.2506
55.3388
55.3969
55.4288
55.4384
55.4292
55.4046
55.3679
55.3222
55.2703
55.2149
55.158
55.101
55.0458
54.9949
54.9499
54.912
54.8819
54.8601
54.8473
54.8433
54.848
54.8607
54.8805
54.9064
54.937
54.9709
55.0062
55.0412
55.0738
55.1025
55.1268
55.1483
55.1735
55.2212
55.3336
55.5541
55.7655
55.8752
55.8906
55.8352
55.7286
55.5845
55.4121
55.2181
55.0075
54.7845
54.5524
54.3139
54.0716
53.8273
53.5826
53.3399
133.284
133.919
134.605
135.325
136.068
136.82
137.573
138.315
139.036
139.732
140.432
141.629
142.905
144.06
144.988
145.421
145.024
144.31
143.723
143.322
143.057
142.873
142.73
142.6
142.469
142.331
142.183
142.026
141.862
141.694
141.524
141.356
141.19
141.03
140.876
140.731
140.597
140.473
140.362
140.254
140.153
140.071
140.004
139.951
139.911
139.882
139.864
139.856
139.857
139.865
139.88
139.899
139.923
139.949
139.977
140.007
140.04
140.078
140.133
140.224
140.403
140.804
141.756
143.647
144.906
145.21
145.218
145.129
145.003
144.858
144.703
144.541
144.375
144.207
144.038
143.87
143.704
143.54
143.377
143.219
814.123
814.132
814.141
814.149
814.157
814.164
814.169
814.174
814.177
814.179
814.18
814.18
814.178
814.177
814.174
814.172
814.168
814.165
814.161
814.158
814.154
814.15
814.147
814.143
814.14
814.137
814.134
814.131
814.128
814.125
814.123
814.12
814.118
814.116
814.114
814.112
814.11
814.108
814.107
814.105
814.104
814.102
814.101
814.099
814.098
814.097
814.095
814.094
814.093
814.092
814.091
814.089
814.088
814.087
814.086
814.085
814.084
814.083
814.082
814.081
814.08
814.08
814.079
814.078
814.077
814.077
814.076
814.076
814.075
814.075
814.075
814.074
814.074
814.074
814.074
814.074
814.073
814.073
814.073
814.073
814.429
814.516
814.549
70.6658
91.5839
100.863
14.3628
17.3476
19.7003
8.99772
9.26604
9.53797
8.33627
8.32575
8.33048
8.38884
8.40831
8.44967
8.93023
9.02595
9.1472
10.0492
10.2306
10.4354
11.7826
11.9997
12.2295
13.9551
14.1391
14.3213
16.3611
16.4455
16.516
19.0243
18.971
18.8986
22.7434
22.5655
22.3722
30.5372
30.3015
30.0602
53.1213
52.9141
52.7121
143.086
142.962
142.865
814.073
814.073
814.073
1078.91
781.383
781.383
781.383
781.383
781.383
781.383
781.384
781.384
781.386
781.388
781.391
781.395
781.4
781.405
781.41
781.412
781.411
781.406
781.397
781.39
781.397
781.443
781.562
781.799
1376.44
269.264
156.049
141.096
139.201
136.747
136.835
138.304
140.195
142.208
144.115
145.443
145.462
144.148
141.434
136.976
130.627
124.601
122.637
117.902
112.392
105.858
99.1337
90.559
82.2185
1376.44
238.292
91.4241
61.3307
55.0252
54.2139
55.164
56.6813
58.2018
59.3812
59.9055
59.4246
57.6413
54.5634
50.2262
44.8015
39.9501
36.5989
33.9745
31.4408
29.014
26.9256
25.095
23.2307
21.2543
1376.44
226.904
79.5324
43.8324
34.2387
32.2786
32.6151
33.4698
34.1478
34.3028
33.7108
32.227
29.8298
26.6885
23.0871
19.609
17.4683
16.1297
15.3457
14.9328
14.7646
14.6777
14.501
14.1088
13.4543
1376.44
225.922
76.8772
38.6122
26.9297
23.7129
23.2345
23.4088
23.4322
22.9731
21.8959
20.188
17.9647
15.48
13.1102
11.6746
10.9872
10.8748
11.1803
11.6973
12.1978
12.5201
12.5612
12.2996
11.7929
1376.44
226.009
76.3951
36.8544
23.7838
19.4961
18.2702
17.9006
17.5144
16.7818
15.6175
14.0773
12.3365
10.6762
9.47585
8.99065
9.07102
9.60928
10.3799
11.1628
11.7633
12.0574
12.013
11.6847
11.1852
1376.44
226.44
76.7155
36.4568
22.3858
17.1984
15.3197
14.5238
13.8914
13.0788
12.0107
10.7617
9.50745
8.48917
8.03165
8.11043
8.63424
9.47014
10.4266
11.2548
11.7849
11.9492
11.7812
11.385
10.8939
1376.44
227.011
77.3837
36.7149
21.9087
15.971
13.5193
12.3675
11.571
10.7582
9.84296
8.88898
8.04884
7.55468
7.54381
7.95758
8.7213
9.72646
10.7662
11.538
11.9306
11.9443
11.6673
11.2292
10.7613
1376.44
227.589
78.0819
37.2681
21.9631
15.4241
12.482
11.0116
10.0755
9.26948
8.50337
7.81989
7.34423
7.2344
7.5177
8.19314
9.15203
10.2363
11.2556
11.8908
12.1096
11.9772
11.6171
11.1617
10.7269
1376.44
228.419
78.19
37.8889
22.3335
15.3474
11.9823
10.2261
9.1577
8.37031
7.73989
7.28594
7.0996
7.26893
7.84938
8.76523
9.85912
10.9455
11.822
12.2537
12.2852
12.0262
11.6111
11.157
10.7591
1376.44
228.998
78.6464
38.5833
22.8852
15.5833
11.883
9.87667
8.68347
7.89989
7.38102
7.12142
7.18232
7.66027
8.52253
9.63087
10.7804
11.779
12.4033
12.6003
12.4545
12.093
11.645
11.1995
10.8362
1376.44
229.234
79.2909
39.1414
23.3561
15.8766
11.964
9.78553
8.50668
7.7398
7.33577
7.27733
7.63331
8.42863
9.54117
10.7621
11.8568
12.6391
12.9877
12.9514
12.6431
12.195
11.7122
11.2734
10.9394
1376.44
229.146
80.1709
39.4665
23.5947
16.0515
12.0525
9.80331
8.51092
7.81338
7.57392
7.78508
8.50525
9.61544
10.9016
12.1073
13.0166
13.4922
13.5505
13.2881
12.8317
12.3013
11.79
11.3593
11.0514
1376.44
228.672
79.9461
39.2677
23.4819
16.007
12.0506
9.84886
8.64766
8.11523
8.1289
8.7806
9.89619
11.2456
12.551
13.5715
14.1526
14.2797
14.0452
13.5723
12.9852
12.389
11.8593
11.4403
11.1574
1376.44
227.958
79.1856
38.6582
23.0587
15.7612
11.9743
9.95746
8.99113
8.77305
9.32554
10.4534
11.8707
13.2628
14.366
15.0173
15.1798
14.9422
14.4321
13.7762
13.0837
12.4398
11.903
11.5014
11.246
1376.44
227.533
78.5721
38.0564
22.5773
15.4901
11.9972
10.3346
9.7969
10.1966
11.3794
12.8833
14.3491
15.4964
16.1628
16.3043
16.0186
15.4343
14.6837
13.8787
13.1073
12.4355
11.9058
11.5315
11.3092
1376.44
227.019
77.9418
37.5462
22.3359
15.5568
12.501
11.4265
11.6168
12.8668
14.4609
15.9682
17.0961
17.6958
17.7329
17.3254
16.6102
15.7209
14.7731
13.8558
13.0355
12.3605
11.8581
11.5254
11.3442
1376.44
226.443
77.4129
37.3474
22.6009
16.3993
14.1251
13.9659
15.2576
16.9
18.3667
19.3594
19.7593
19.5664
18.9282
17.994
16.9007
15.7624
14.6683
13.6831
12.8528
12.2085
11.7597
11.4857
11.353
1376.44
226.005
77.3759
37.9881
24.0631
19.0322
18.069
19.2143
20.7164
21.9392
22.5806
22.5484
21.9277
20.8973
19.617
18.224
16.8287
15.5141
14.3403
13.3474
12.5599
11.9887
11.6229
11.4229
11.341
1376.44
226.048
78.6301
40.636
28.6622
25.7326
26.0612
26.8787
27.323
27.1944
26.315
24.9489
23.2851
21.4795
19.6586
17.9197
16.3331
14.9455
13.7854
12.865
12.184
11.7304
11.472
11.3525
11.3137
1376.45
228.333
83.5473
50.232
41.5008
38.7006
37.1726
35.687
33.6984
31.2962
28.6978
26.0567
23.49
21.0873
18.9131
17.009
15.3968
14.0808
13.0535
12.2962
11.7827
11.4796
11.3372
11.2885
11.2715
1376.45
244.019
110.43
77.5874
63.581
55.0333
48.3867
42.6441
37.5438
32.9835
28.9191
25.3324
22.2142
19.554
17.3354
15.5335
14.1149
13.0392
12.2639
11.7439
11.4336
11.2859
11.2429
11.2352
11.2052
1376.48
340.637
168.674
110.837
82.555
65.206
53.0352
43.8557
36.6496
30.8703
26.1946
22.4147
19.3843
16.9909
15.1402
13.7482
12.7378
12.0376
11.5861
11.3268
11.2083
11.1825
11.1937
11.1783
11.0917
400.823
227.586
146.122
101.838
74.9895
57.3558
45.0752
36.1662
29.5289
24.5079
20.6886
17.7932
15.6242
14.0319
12.897
12.121
11.6205
11.3246
11.1776
11.13
11.1386
11.165
11.1634
11.082
10.8959
89.222
73.6732
59.7067
48.2919
39.2416
32.153
26.6336
22.3568
19.0653
16.5597
14.6859
13.3216
12.366
11.7319
11.3436
11.1369
11.0569
11.0564
11.1004
11.1543
11.1897
11.1816
11.0962
10.8963
10.5823
20.7397
20.4862
19.4648
18.0831
16.6076
15.1985
13.9458
12.8942
12.0593
11.4392
11.02
10.7792
10.6864
10.7028
10.7901
10.9171
11.0561
11.1806
11.2713
11.3058
11.2688
11.1474
10.9185
10.5633
10.1141
9.77147
9.89698
9.92249
9.87686
9.79653
9.71199
9.65465
9.64563
9.69841
9.81842
10.003
10.2406
10.5092
10.7804
11.0326
11.2508
11.4184
11.5181
11.5323
11.449
11.2632
10.9696
10.5583
10.0338
9.47308
8.3572
8.40934
8.48691
8.59108
8.73219
8.91449
9.14037
9.41039
9.72171
10.0665
10.431
10.7938
11.1276
11.4149
11.6445
11.8072
11.8867
11.8637
11.7225
11.4572
11.0738
10.5677
9.95943
9.31871
8.71321
8.52794
8.64295
8.80047
9.00498
9.26301
9.5634
9.90125
10.2689
10.6551
11.043
11.4095
11.7306
11.9912
12.1893
12.3101
12.3378
12.2574
12.0542
11.7165
11.2448
10.6358
9.95912
9.25381
8.56985
7.97719
9.32415
9.54609
9.80721
10.1059
10.4377
10.7944
11.1661
11.5397
11.899
12.2204
12.4866
12.6956
12.8311
12.8796
12.8295
12.671
12.3933
11.9807
11.4207
10.7388
10.0022
9.24678
8.51186
7.84864
7.32906
10.6923
10.9789
11.2892
11.6173
11.9548
12.2909
12.6116
12.9009
13.1496
13.3429
13.4666
13.5088
13.4594
13.3102
13.056
12.6924
12.2086
11.5713
10.842
10.0723
9.2929
8.53547
7.83925
7.2558
6.85638
12.4972
12.7749
13.0545
13.3282
13.5862
13.8176
14.0104
14.1526
14.2323
14.2386
14.1619
13.9949
13.7329
13.3748
12.9223
12.3774
11.7262
10.9922
10.2228
9.44925
8.69852
8.00134
7.39715
6.93179
6.65023
14.5177
14.7043
14.8728
15.015
15.1219
15.1838
15.1913
15.1354
15.0085
14.8042
14.5187
14.151
13.7034
13.1816
12.5944
11.9523
11.266
10.5507
9.82806
9.12017
8.44972
7.84272
7.33257
6.96693
6.81058
16.5748
16.609
16.612
16.5771
16.4973
16.3659
16.1771
15.9264
15.6107
15.2291
14.7828
14.276
13.7164
13.1147
12.4831
11.834
11.1792
10.5317
9.90557
9.31322
8.76614
8.28204
7.8851
7.62785
7.57093
18.7953
18.662
18.4955
18.291
18.0441
17.7511
17.4103
17.022
16.5874
16.1081
15.5875
15.0327
14.4555
13.8696
13.287
12.7148
12.1581
11.6254
11.1288
10.6727
10.2533
9.88963
9.59385
9.40371
9.37639
22.1428
21.8872
21.6055
21.2939
20.9491
20.5705
20.1623
19.7307
19.2784
18.8023
18.3018
17.7861
17.2732
16.7819
16.3204
15.8785
15.4458
15.0287
14.6582
14.3373
14.0467
13.7749
13.5355
13.3695
13.3118
29.7907
29.5018
29.195
28.8654
28.5088
28.128
27.7413
27.368
27.0044
26.6208
26.202
25.7688
25.3588
25.0033
24.7033
24.4066
24.065
23.7018
23.4042
23.1825
22.9936
22.7908
22.5872
22.4456
22.3197
52.496
52.2622
52.0108
51.7349
51.4215
51.0749
50.7574
50.528
50.3587
50.1255
49.783
49.4089
49.095
48.8888
48.777
48.6185
48.2486
47.6266
47.2068
47.0134
46.9031
46.7591
46.6121
46.4715
46.3291
142.771
142.644
142.487
142.309
142.058
141.728
141.478
141.443
141.564
141.502
141.179
140.845
140.637
140.604
140.683
140.641
140.037
137.216
135.589
135.094
134.966
134.848
134.755
134.659
134.568
814.073
814.073
814.073
814.073
814.073
814.073
814.073
814.073
814.073
814.073
814.073
814.073
814.073
814.073
814.073
814.073
814.073
814.073
814.073
814.073
814.073
814.073
814.073
814.073
814.073
1242.48
209.865
77.114
42.627
29.927
29.9591
44.2086
82.7162
216.206
1242.48
1242.47
209.814
77.7455
43.0801
30.2024
29.9597
44.1511
83.0287
216.237
1242.49
1242.47
209.715
78.4928
43.6047
30.5145
29.9277
44.04
83.4073
217.023
1242.5
1242.46
209.575
79.2482
44.2016
30.8632
29.8644
43.8606
83.7537
217.874
1242.51
1242.46
209.396
79.8432
44.8923
31.2551
29.7592
43.5807
84.039
218.945
1242.52
1242.45
209.207
80.4127
45.7184
31.7008
29.6054
43.1673
84.2169
220.188
1242.53
1242.44
209.045
81.1839
46.7224
32.2117
29.3984
42.6
84.2412
221.582
1242.54
1242.43
208.952
82.24
47.9421
32.8002
29.1368
41.8489
84.0522
223.072
1242.56
1242.41
208.99
83.6758
49.4188
33.48
28.8233
40.8849
83.5703
224.563
1242.58
1242.4
209.249
85.6129
51.1972
34.2641
28.4671
39.6899
82.6941
225.898
1242.61
1242.38
209.881
88.2024
53.3229
35.161
28.082
38.2565
81.3037
226.837
1242.64
1242.36
211.195
91.6335
55.8363
36.1688
27.6915
36.6122
79.2962
227.088
1242.67
1242.35
213.6
96.178
58.7616
37.2684
27.3168
34.8284
76.6437
226.437
1242.71
1242.33
218.093
102.127
62.1165
38.4134
26.9742
33.0029
73.3728
224.508
1242.76
1242.32
226.746
109.988
65.9136
39.3663
26.6204
31.2907
69.6682
220.882
1242.79
1242.31
241.781
120.467
69.6315
39.8061
26.0387
29.9136
65.9684
215.777
1242.82
1242.3
263.795
131.965
72.3451
39.2752
25.0338
28.6781
63.1762
209.262
1242.84
1242.36
299.262
142.331
72.4331
37.1679
23.4522
27.4531
61.2799
203.391
1242.84
1242.68
333.75
145.191
67.2445
32.8486
21.2238
26.245
59.9445
200.878
1242.81
1243.14
336.152
128.141
53.7638
25.9912
18.4962
25.1667
59.1393
198.982
1242.77
344.832
150.37
65.9736
30.7747
17.8468
15.9365
24.4222
58.8132
197.781
1242.72
56.1299
34.8915
21.7871
15.1016
12.8182
14.5226
24.1476
58.7257
197.203
1242.66
18.1588
15.0007
12.5767
11.3128
11.4535
14.1688
24.2342
58.9479
197.102
1242.61
12.4885
11.4576
10.6858
10.4468
11.1495
14.1801
24.4706
59.3293
197.287
1242.56
11.1401
10.536
10.1688
10.2317
11.1354
14.3095
24.7444
59.7425
197.59
1242.51
10.6375
10.2059
10.0211
10.2311
11.2342
14.4799
25.0016
60.1075
197.892
1242.47
10.4243
10.1084
10.0379
10.3339
11.3866
14.6584
25.2153
60.3811
198.12
1242.44
10.362
10.1342
10.143
10.4913
11.5633
14.8287
25.3767
60.5499
198.243
1242.41
10.3911
10.2331
10.2976
10.6759
11.7469
14.9832
25.4887
60.6226
198.258
1242.39
10.4783
10.3743
10.4775
10.8702
11.9264
15.1194
25.5618
60.6226
198.182
1242.36
10.6008
10.5377
10.6664
11.0618
12.0939
15.2374
25.6106
60.584
198.048
1242.34
10.7407
10.7081
10.8521
11.2413
12.2434
15.338
25.6521
60.5506
197.907
1242.32
10.8831
10.8737
11.0251
11.4009
12.3698
15.4223
25.7042
60.5792
197.847
1242.31
11.0164
11.025
11.1773
11.5334
12.4677
15.4909
25.7843
60.7502
198.099
1242.29
11.1316
11.1546
11.3016
11.6321
12.5326
15.5434
25.9043
61.1764
199.494
1242.28
11.2228
11.2566
11.3913
11.6904
12.5599
15.5786
26.0566
61.9186
205.13
1242.26
11.2869
11.3261
11.4399
11.702
12.5463
15.5959
26.1941
62.2279
205.593
1242.26
11.3228
11.3583
11.4405
11.661
12.4906
15.606
26.3803
62.6036
205.954
1242.25
11.3295
11.3474
11.3858
11.5621
12.3933
15.6187
26.6398
63.1181
206.458
1242.24
11.3038
11.2852
11.2673
11.4011
12.2581
15.6461
26.9882
63.7826
207.112
1242.24
11.2372
11.1605
11.0763
11.1766
12.0932
15.7039
27.439
64.5948
207.899
1242.24
11.1143
10.9586
10.8052
10.8912
11.9124
15.8118
28.0031
65.5414
208.783
1242.24
10.9122
10.6641
10.45
10.5547
11.7365
15.9927
28.6875
66.6041
209.743
1242.24
10.6049
10.2653
10.0158
10.187
11.5935
16.2669
29.4836
67.7352
210.712
1242.24
10.1774
9.7687
9.52688
9.82327
11.5173
16.65
30.3761
68.907
211.648
1242.24
9.61773
9.18436
9.00956
9.49813
11.5405
17.1574
31.359
70.0455
212.52
1242.24
8.94232
8.55129
8.51272
9.25909
11.6942
17.7895
32.359
71.0959
213.256
1242.24
8.2164
7.93879
8.10042
9.15635
12.0036
18.5318
33.3673
72.1328
214.111
1242.24
7.5601
7.43454
7.83868
9.2326
12.487
19.3689
34.4419
73.4798
215.368
1242.24
7.04083
7.10012
7.77392
9.51267
13.1209
20.3562
35.6177
74.345
215.593
1242.24
6.71268
6.98411
7.9356
9.99267
13.8855
21.1883
36.2375
74.0293
210.34
1242.24
6.6565
7.13896
8.33788
10.5705
14.5336
21.7908
36.6131
73.8408
208.293
1242.24
6.9669
7.60053
8.88317
11.152
15.0855
22.239
36.875
73.839
207.923
1242.24
7.80102
8.44266
9.67896
11.8518
15.6415
22.6115
37.044
73.8205
207.765
1242.24
9.56636
10.0896
11.137
13.0541
16.5308
23.1544
37.2542
73.7814
207.625
1242.24
13.3769
13.6802
14.3984
15.8623
18.7543
24.6791
38.0422
73.966
207.583
1242.24
22.2482
22.3027
22.6155
23.4541
25.4136
30.0066
41.6284
75.7001
208.589
1242.24
46.1892
46.0799
46.0713
46.3135
47.1836
49.8195
58.073
86.644
218.143
1242.24
134.463
134.35
134.254
134.229
134.443
135.72
142.018
155.856
253.388
1242.24
814.073
814.073
814.073
814.073
814.073
814.073
814.073
814.073
814.073
1242.24
)
;

boundaryField
{
    inlet
    {
        type            fixedValue;
        value           uniform 46.9047;
    }
    outlet
    {
        type            zeroGradient;
    }
    walls
    {
        blending        binomial2;
        n               2;
        beta1           0.075;
        type            omegaWallFunction;
        value           nonuniform List<scalar> 
446
(
1248.07
1245.78
1244.61
1243.88
1243.4
1243.1
1242.91
1242.79
1242.71
1242.66
1242.63
1242.6
1242.57
1242.55
1242.53
1242.51
1242.49
1242.47
1242.44
1242.42
1242.39
1242.36
1242.34
1242.32
1242.3
1242.28
1242.27
1242.26
1242.25
1242.24
1242.24
1242.24
1242.24
1242.24
1242.24
1242.24
1242.24
1242.24
1242.24
1242.24
1242.24
1242.24
1242.24
1242.24
1242.24
1242.24
1242.24
1242.24
1242.24
1242.24
1242.24
1242.24
1242.24
1242.24
1242.24
1242.24
1242.24
1242.24
1242.24
1242.24
1242.24
814.073
814.073
814.073
814.073
814.073
814.073
814.073
814.074
814.074
814.074
814.075
814.076
814.077
814.078
814.08
814.081
814.083
814.085
814.086
814.087
814.088
814.088
814.087
814.086
814.084
814.081
814.079
814.077
814.076
814.076
814.079
814.082
814.087
814.093
814.1
814.107
814.114
814.123
814.132
814.141
814.149
814.157
814.164
814.169
814.174
814.177
814.179
814.18
814.18
814.178
814.177
814.174
814.172
814.168
814.165
814.161
814.158
814.154
814.15
814.147
814.143
814.14
814.137
814.134
814.131
814.128
814.125
814.123
814.12
814.118
814.116
814.114
814.112
814.11
814.108
814.107
814.105
814.104
814.102
814.101
814.099
814.098
814.097
814.095
814.094
814.093
814.092
814.091
814.089
814.088
814.087
814.086
814.085
814.084
814.083
814.082
814.081
814.08
814.08
814.079
814.078
814.077
814.077
814.076
814.076
814.075
814.075
814.075
814.074
814.074
814.074
814.074
814.074
814.073
814.073
814.073
814.073
814.073
814.073
814.073
814.073
814.073
814.073
814.073
814.073
814.073
814.073
814.073
814.073
814.073
814.073
814.073
814.073
814.073
814.073
814.073
814.073
814.073
814.073
814.073
814.073
814.073
814.073
814.073
814.073
814.073
814.073
814.073
814.073
814.073
814.073
814.073
814.073
814.073
1242.24
1242.24
1242.24
1242.24
1242.24
1242.24
1242.24
1242.24
1242.24
1242.24
1242.24
1242.24
1242.24
1242.24
1242.24
1242.24
1242.24
1242.24
1242.72
1242.66
1242.61
1242.56
1242.51
1242.47
1242.44
1242.41
1242.39
1242.36
1242.34
1242.32
1242.31
1242.29
1242.28
1242.26
1242.26
1242.25
1242.24
1242.24
1242.24
1242.24
1242.24
1242.48
1242.49
1242.5
1242.51
1242.52
1242.53
1242.54
1242.56
1242.58
1242.61
1242.64
1242.67
1242.71
1242.76
1242.79
1242.82
1242.84
1242.84
1242.81
1242.77
1242.48
1242.47
1242.47
1242.46
1242.46
1242.45
1242.44
1242.43
1242.41
1242.4
1242.38
1242.36
1242.35
1242.33
1242.32
1242.31
1242.3
1242.36
1242.68
1243.14
1078.91
781.383
781.383
781.383
781.383
781.383
781.383
781.384
781.384
781.386
781.388
781.391
781.395
781.4
781.405
781.41
781.412
781.411
781.406
781.397
781.39
781.397
781.443
781.562
781.799
1052.53
781.383
781.383
781.383
781.383
781.383
781.383
781.383
781.383
781.383
781.383
781.383
781.383
781.383
781.383
781.383
781.383
781.383
781.383
781.383
781.383
781.383
781.383
781.383
781.383
781.383
781.383
781.383
781.383
781.383
781.383
781.383
781.383
781.383
781.383
781.383
781.383
781.383
781.383
781.383
781.383
781.383
781.383
781.383
781.383
781.383
781.383
781.383
781.383
781.384
781.384
781.384
781.385
781.385
781.386
781.387
781.387
781.388
781.389
781.389
781.39
781.39
781.39
781.39
781.389
781.389
781.388
781.387
781.386
781.385
781.384
781.384
781.383
781.383
781.383
781.383
781.383
781.383
781.383
1052.53
781.435
781.399
781.395
781.39
781.387
781.386
781.384
781.384
781.383
781.383
781.383
781.383
781.383
781.383
781.383
781.383
781.383
781.383
781.383
781.383
781.383
781.383
781.383
781.383
1078.91
1248.07
1245.79
1244.61
1243.89
1243.41
1243.11
1242.92
1242.81
1242.74
1242.69
1242.66
1242.64
1242.63
1242.63
1242.63
1242.63
1242.65
1242.67
1242.71
1242.74
)
;
    }
    baffle
    {
        blending        binomial2;
        n               2;
        beta1           0.075;
        type            omegaWallFunction;
        value           nonuniform List<scalar> 
98
(
1078.91
1376.44
1376.44
1376.44
1376.44
1376.44
1376.44
1376.44
1376.44
1376.44
1376.44
1376.44
1376.44
1376.44
1376.44
1376.44
1376.45
1376.46
1376.46
1376.47
1376.49
1376.52
1376.56
814.133
814.107
814.094
1052.53
1323.67
1323.67
1323.67
1323.67
1323.67
1323.67
1323.67
1323.67
1323.67
1323.67
1323.67
1323.67
1323.67
1323.67
1323.67
1323.67
1323.67
1323.67
1323.67
1323.67
1323.67
1323.68
1052.53
1323.67
1323.67
1323.67
1323.67
1323.67
1323.67
1323.67
1323.67
1323.67
1323.67
1323.68
1323.68
1323.68
1323.68
1323.69
1323.69
1323.7
1323.7
1323.71
1323.71
1323.69
1323.71
814.429
814.516
814.549
1078.91
1376.44
1376.44
1376.44
1376.44
1376.44
1376.44
1376.44
1376.44
1376.44
1376.44
1376.44
1376.44
1376.44
1376.44
1376.44
1376.44
1376.44
1376.44
1376.44
1376.45
1376.45
1376.48
)
;
    }
    front
    {
        type            empty;
    }
    back
    {
        type            empty;
    }
}


// ************************************************************************* //
