/*--------------------------------*- C++ -*----------------------------------*\
| =========                 |                                                 |
| \\      /  F ield         | OpenFOAM: The Open Source CFD Toolbox           |
|  \\    /   O peration     | Version:  v2012                                 |
|   \\  /    A nd           | Website:  www.openfoam.com                      |
|    \\/     M anipulation  |                                                 |
\*---------------------------------------------------------------------------*/
FoamFile
{
    version     2.0;
    format      ascii;
    class       volScalarField;
    location    "572";
    object      k;
}
// * * * * * * * * * * * * * * * * * * * * * * * * * * * * * * * * * * * * * //

dimensions      [0 2 -2 0 0 0 0];


internalField   nonuniform List<scalar> 
6598
(
1.38444
1.73333
1.7955
1.81115
1.81777
1.81777
1.81115
1.7955
1.73333
1.38444
0.807206
1.26438
1.38573
1.42332
1.435
1.435
1.42332
1.38573
1.26438
0.807206
0.528199
0.953975
1.09626
1.14825
1.16535
1.16535
1.14825
1.09626
0.953976
0.528199
0.375205
0.744008
0.886787
0.945708
0.966818
0.966819
0.945708
0.886787
0.744009
0.375206
0.282808
0.597199
0.73161
0.792283
0.815624
0.815625
0.792283
0.731611
0.5972
0.282809
0.222686
0.491054
0.61404
0.673358
0.697451
0.697451
0.67336
0.614042
0.491056
0.222687
0.181217
0.411924
0.523063
0.57937
0.603178
0.603178
0.579372
0.523066
0.411928
0.181218
0.151262
0.351322
0.451295
0.503831
0.526714
0.526715
0.503834
0.451299
0.351327
0.151263
0.128806
0.303811
0.393686
0.442224
0.463833
0.463834
0.442228
0.393692
0.303817
0.128808
0.111457
0.265802
0.346722
0.391324
0.411504
0.411507
0.39133
0.346729
0.265811
0.11146
0.097715
0.234858
0.307904
0.348787
0.367506
0.367509
0.348794
0.307915
0.23487
0.0977188
0.0866029
0.209281
0.275426
0.312872
0.330171
0.330175
0.312882
0.27544
0.209297
0.0866081
0.077459
0.18786
0.247956
0.28227
0.298227
0.298233
0.282284
0.247975
0.187882
0.0774661
0.0698221
0.16971
0.224496
0.255978
0.270692
0.2707
0.255998
0.224523
0.16974
0.0698317
0.0633619
0.154175
0.204287
0.233221
0.246795
0.246806
0.233248
0.204324
0.154216
0.0633749
0.0578363
0.140759
0.186743
0.213389
0.225926
0.22594
0.213427
0.186794
0.140814
0.0578541
0.0530641
0.129077
0.171405
0.195999
0.207595
0.207614
0.19605
0.171477
0.129153
0.0530882
0.0489072
0.118833
0.157911
0.180662
0.191408
0.191433
0.180731
0.158012
0.118937
0.0489399
0.0452586
0.10979
0.14597
0.167065
0.177046
0.177079
0.167159
0.146108
0.109935
0.045303
0.0420346
0.101764
0.135353
0.154962
0.164253
0.164298
0.155089
0.135538
0.10194
0.042093
0.0392389
0.0947671
0.126076
0.144372
0.153054
0.153114
0.144541
0.126325
0.0950263
0.0393219
0.0367315
0.0884747
0.117733
0.134845
0.14298
0.143059
0.135069
0.118065
0.08884
0.0377174
0.0344706
0.0827832
0.110182
0.126221
0.133862
0.133963
0.126509
0.110612
0.0833395
0.0370867
0.0324221
0.0776127
0.103321
0.118386
0.125579
0.125704
0.118738
0.10383
0.0784984
0.0374791
0.0305575
0.0728961
0.0970641
0.11124
0.118028
0.118174
0.11164
0.0976465
0.074344
0.0389679
0.0288531
0.0685763
0.0913356
0.104702
0.111121
0.111289
0.105141
0.092055
0.0708862
0.0414182
0.0272883
0.0646022
0.086068
0.0986922
0.104777
0.104973
0.0992142
0.0870495
0.0680319
0.0445973
0.0257999
0.0608232
0.0810692
0.0929976
0.098773
0.0990102
0.093663
0.0824664
0.0656923
0.0483535
0.0244261
0.0573294
0.0764504
0.0877401
0.0932375
0.0935297
0.0886103
0.0784112
0.0639213
0.0522333
0.0231531
0.0540905
0.0721762
0.0828824
0.0881333
0.0884964
0.0840189
0.0748383
0.0626038
0.0553098
0.0219689
0.0510779
0.0682075
0.0783809
0.0834151
0.0838658
0.0798435
0.0716924
0.0616249
0.0576445
0.0208628
0.048265
0.0645104
0.0741973
0.0790434
0.0795983
0.0760417
0.0689166
0.0608688
0.0592921
0.0198252
0.0456282
0.0610548
0.0702979
0.0749831
0.0756581
0.0725728
0.0664465
0.0601641
0.0602996
0.0188478
0.0431471
0.0578141
0.0666532
0.0712032
0.0720126
0.0693982
0.0642217
0.0594377
0.0607236
0.0179229
0.0408035
0.0547647
0.0632367
0.0676758
0.0686321
0.0664811
0.0621831
0.0586351
0.0606231
0.0170436
0.0385811
0.0518854
0.0600249
0.0643759
0.0654893
0.0637876
0.0602843
0.0577198
0.0600589
0.0162037
0.0364657
0.0491575
0.0569971
0.0612814
0.0625596
0.061287
0.0584875
0.0566741
0.0590944
0.0153973
0.0344445
0.0465644
0.0541345
0.0583723
0.0598208
0.0589531
0.0567647
0.0554976
0.0577974
0.0146193
0.0325065
0.0440913
0.0514207
0.0556307
0.0572534
0.0567641
0.0550982
0.054206
0.0562412
0.013865
0.0306423
0.0417249
0.0488406
0.0530406
0.0548401
0.0547026
0.0534799
0.052829
0.0545056
0.01313
0.0288436
0.0394534
0.0463803
0.0505869
0.0525654
0.0527555
0.0519104
0.0514063
0.052676
0.0124104
0.027103
0.0372655
0.0440263
0.0482549
0.0504144
0.0509121
0.0503956
0.0499826
0.0508397
0.0117027
0.0254138
0.03515
0.0417644
0.0460288
0.048372
0.0491622
0.0489428
0.0486013
0.0490801
0.0110036
0.0237698
0.0330951
0.0395791
0.0438907
0.0464201
0.0474933
0.0475558
0.0472969
0.0474671
0.0103101
0.0221656
0.0310883
0.0374521
0.0418192
0.0445365
0.0458872
0.0462296
0.0460877
0.0460472
0.00961933
0.0205955
0.0291154
0.035362
0.0397874
0.042692
0.044317
0.0449457
0.0449692
0.0448336
0.00892856
0.019054
0.027161
0.0332833
0.0377626
0.0408493
0.0427445
0.0436692
0.0439103
0.0437997
0.00823487
0.0175354
0.0252078
0.0311862
0.0357049
0.0389618
0.0411192
0.0423471
0.0428534
0.0428792
0.00753502
0.0160336
0.0232372
0.0290373
0.0335684
0.0369743
0.0393789
0.0409101
0.0417168
0.0419708
0.00682505
0.0145423
0.0212302
0.026801
0.0313029
0.0348248
0.0374523
0.0392767
0.0404025
0.0409496
0.00609939
0.013052
0.0191679
0.0244429
0.0288586
0.0324508
0.0352655
0.0373606
0.0388058
0.0396815
0.00534974
0.0115488
0.0170347
0.0219377
0.0261966
0.0297993
0.032753
0.0350829
0.0368288
0.0380406
0.00455562
0.0100353
0.0148252
0.0192781
0.0233028
0.0268454
0.0298767
0.0323908
0.0344008
0.0359297
0.00369352
0.00864954
0.0126612
0.0165452
0.0202296
0.0236223
0.0266536
0.0292845
0.0314994
0.0332993
0.00277694
0.00745583
0.0108082
0.0140224
0.017214
0.0203138
0.0232232
0.0258648
0.0281942
0.0301832
0.00177924
0.00629878
0.00931899
0.0119824
0.0146253
0.0172913
0.0199137
0.0224097
0.0247087
0.0267591
0.00101542
0.00487576
0.007874
0.0103408
0.012632
0.0149019
0.0171667
0.0193799
0.0214828
0.0234188
0.000806882
0.00307055
0.00613645
0.00870925
0.0109678
0.0130649
0.0150649
0.0169725
0.0187719
0.0204412
0.000836021
0.00199954
0.00447474
0.00695076
0.00926534
0.0113046
0.0131196
0.0147316
0.0161586
0.0174335
0.00092558
0.00161393
0.00241303
0.0035892
0.00483895
0.00604751
0.00692608
0.00768728
0.00835152
0.00891023
0.00834801
0.00319965
0.00316719
0.00318662
0.00315306
0.00302151
0.00274349
0.0024859
0.00225424
0.00204227
0.00184613
0.00166964
0.00151153
0.00136939
0.00123947
0.00112273
0.00101998
0.000925865
0.000836703
0.000749684
0.000662162
0.000571218
0.000471046
0.000354037
0.000201209
0.0163304
0.00717059
0.0063436
0.00614481
0.00595687
0.00562084
0.00507475
0.00443532
0.00387613
0.00340766
0.00301935
0.00270408
0.00245073
0.00224519
0.00207416
0.0019165
0.00175509
0.00158846
0.00141801
0.00124737
0.00108252
0.000929051
0.000798832
0.000670692
0.000373478
0.0250372
0.0125699
0.009002
0.00776781
0.0069888
0.00621182
0.00534524
0.00441625
0.00367547
0.00312687
0.00271881
0.00241907
0.00219796
0.00203709
0.00191858
0.00182271
0.00172556
0.00161977
0.00149952
0.00136219
0.00121083
0.00105433
0.000911075
0.000780109
0.000430724
0.0348267
0.0192375
0.0122752
0.00962171
0.00791359
0.00648121
0.00521127
0.00411822
0.00321369
0.00259664
0.00217056
0.00188768
0.00170199
0.00159024
0.00152912
0.00149776
0.00147089
0.00143479
0.0013792
0.00129724
0.00118744
0.00105575
0.000918494
0.000779502
0.000435639
0.0445627
0.0279172
0.0169264
0.0121454
0.00916324
0.00691187
0.00516986
0.00387691
0.00293255
0.00225446
0.00177554
0.00146863
0.00128312
0.00119216
0.00116572
0.00117536
0.00120152
0.00121759
0.00121074
0.00117289
0.0011007
0.000997096
0.000873917
0.000733575
0.000411613
0.0520895
0.0372206
0.0234649
0.0156672
0.0109239
0.00766249
0.00537276
0.00382641
0.00279348
0.00208828
0.00159167
0.00125056
0.00104076
0.000940783
0.000923092
0.000951708
0.00100248
0.00104326
0.00106017
0.00104575
0.000996728
0.000914372
0.000806301
0.00067072
0.000374948
0.0573647
0.0462834
0.0307288
0.0200149
0.013308
0.00880011
0.00584818
0.00398527
0.00282013
0.00206839
0.00155425
0.00119716
0.000967679
0.000846362
0.000809563
0.000827006
0.000871324
0.000911876
0.000932861
0.000926689
0.000890751
0.000826155
0.000736313
0.000613611
0.00033874
0.0613272
0.0537179
0.0378343
0.024934
0.0162095
0.0103318
0.00659393
0.00435059
0.0030086
0.00218408
0.00164154
0.00126677
0.00101138
0.000854398
0.000779693
0.000764702
0.00078426
0.000811175
0.000826423
0.000822661
0.000798994
0.000759293
0.0007082
0.000630971
0.000385465
0.064273
0.0595798
0.0444442
0.0302269
0.0196156
0.0122821
0.00763119
0.00493398
0.00337078
0.00244221
0.00185238
0.00145387
0.00117194
0.000973393
0.000846165
0.000780434
0.000763391
0.000774733
0.000787315
0.000795478
0.000801901
0.000815538
0.000848783
0.000926992
0.00123246
0.0663713
0.0639137
0.0504192
0.0356519
0.0232572
0.0144806
0.00892244
0.00571932
0.00391531
0.0028572
0.00219851
0.00176904
0.00147309
0.00125696
0.00109865
0.000993415
0.000943774
0.000953061
0.000988944
0.00105207
0.00115679
0.00133166
0.00161868
0.00203771
0.00250499
0.0677614
0.0669648
0.0553366
0.0403238
0.0268115
0.0168185
0.0103964
0.00670964
0.00465802
0.00345665
0.00270758
0.00222859
0.00191947
0.00171722
0.00158582
0.00150892
0.00148436
0.00152209
0.00161145
0.00175426
0.00195549
0.00221179
0.00249774
0.0027759
0.0030283
0.0685103
0.0689417
0.0591117
0.0443449
0.03023
0.0192462
0.0120357
0.00788631
0.00559579
0.00425403
0.00340745
0.00285594
0.00249908
0.00227897
0.00215929
0.0021145
0.00212821
0.00218643
0.00228447
0.00242009
0.00258957
0.00278846
0.00301878
0.00330924
0.00364384
0.0687024
0.0699957
0.0617785
0.0478026
0.0335394
0.0217366
0.0138084
0.00921183
0.00669623
0.00522621
0.00429905
0.00368687
0.00326912
0.00298828
0.00281999
0.0027444
0.00274779
0.00280073
0.00290155
0.00304361
0.00322507
0.00344924
0.00372673
0.00407204
0.0044619
0.0683758
0.0702532
0.063455
0.0506781
0.036456
0.0242419
0.0156983
0.0106547
0.00791654
0.00632538
0.00533117
0.00469977
0.00427341
0.00397335
0.00377301
0.00366003
0.00362919
0.00365107
0.00373129
0.00386938
0.00407323
0.00433168
0.00461989
0.00494241
0.00528023
0.067565
0.0698336
0.0643398
0.0529785
0.0391538
0.0268725
0.0177484
0.0122089
0.00920217
0.00752816
0.00648502
0.00582296
0.00540079
0.00511927
0.00493058
0.00481429
0.00474446
0.00473857
0.00479586
0.00491282
0.00508186
0.00529093
0.00553103
0.00579358
0.00606533
0.0663128
0.0688389
0.0645539
0.05469
0.0416981
0.0294859
0.0200431
0.0139211
0.0105382
0.00874405
0.00768888
0.007012
0.00658146
0.00629989
0.00611391
0.00598255
0.00589999
0.00587317
0.00590092
0.00597936
0.00610234
0.00626096
0.00644513
0.00664513
0.0068519
0.0646694
0.0673498
0.0641739
0.0557793
0.0441556
0.0321777
0.0225225
0.0159184
0.0120235
0.00994312
0.00883158
0.00816655
0.00774827
0.00747709
0.00728517
0.00714999
0.00706538
0.00702792
0.00703391
0.00707882
0.00715758
0.00726426
0.00739233
0.00753524
0.00768771
0.0626921
0.065436
0.0632699
0.0563434
0.0462674
0.0349823
0.0252194
0.0181742
0.0137754
0.0113027
0.00996722
0.0092316
0.00879264
0.00852069
0.00834866
0.00824214
0.00818336
0.00816202
0.00817066
0.00820231
0.00825529
0.00832642
0.00841298
0.0085122
0.00862164
0.0604468
0.0631609
0.0618828
0.0563793
0.0478405
0.0378809
0.0281857
0.0207658
0.0158156
0.0128652
0.0112166
0.0103103
0.00980019
0.00950938
0.0093498
0.00927258
0.0092488
0.00926123
0.00929802
0.00934907
0.00940959
0.00947324
0.00954168
0.00961563
0.00969545
0.0580112
0.0605942
0.0600596
0.0558952
0.0488766
0.0403047
0.0315141
0.0238084
0.0183234
0.0148257
0.0127673
0.0116079
0.0109684
0.0106188
0.0104403
0.0103681
0.0103633
0.0104027
0.0104703
0.0105545
0.0106434
0.0107282
0.0108065
0.0108775
0.0109448
0.0554758
0.0578193
0.0578553
0.054896
0.0493474
0.0421855
0.0345141
0.0273333
0.0214095
0.0173479
0.0147892
0.0132787
0.0124224
0.0119584
0.011728
0.0116393
0.011641
0.0117002
0.0117933
0.0119027
0.0120157
0.0121252
0.0122218
0.012302
0.0123664
0.052943
0.0549406
0.0553491
0.0534092
0.0492311
0.0434686
0.0369848
0.0306024
0.0249735
0.0205605
0.0174327
0.015487
0.0143236
0.0136615
0.0133169
0.0131719
0.0131529
0.0132119
0.0133151
0.0134392
0.013567
0.0136871
0.0137937
0.0138829
0.0139513
0.0505214
0.0520836
0.052655
0.0515031
0.0485249
0.0440985
0.0388406
0.0334052
0.0283424
0.0240496
0.0207225
0.0183726
0.0168291
0.0158806
0.0153527
0.0150919
0.0150033
0.0150241
0.0151097
0.0152276
0.015355
0.015478
0.0155883
0.0156812
0.0157583
0.0483147
0.0493871
0.0499234
0.0492986
0.0472894
0.0440562
0.0399949
0.0355821
0.0312654
0.0273909
0.0241694
0.0216854
0.0198998
0.0187001
0.0179506
0.017523
0.0173172
0.0172577
0.0172891
0.0173682
0.0174678
0.0175742
0.0176779
0.0177728
0.0178585
0.0464055
0.0469853
0.0473289
0.0469699
0.0456548
0.0433967
0.0404119
0.0370177
0.0335424
0.0302697
0.0274014
0.0250465
0.0232304
0.0219133
0.0210143
0.0204399
0.0201042
0.0199306
0.0198688
0.0198786
0.0199317
0.0200117
0.0201059
0.020207
0.0203078
0.0448389
0.044983
0.0450436
0.0447274
0.0438218
0.0422686
0.040157
0.0376724
0.0350359
0.0324557
0.0300984
0.0280744
0.0264348
0.0251779
0.0242619
0.0236202
0.0231904
0.0229185
0.0227702
0.0227193
0.0227394
0.0228064
0.0229031
0.0230164
0.023137
0.0436081
0.0434282
0.0431982
0.0427781
0.0420351
0.0409049
0.0394091
0.0376405
0.03573
0.033816
0.0320214
0.0304385
0.0291211
0.0280797
0.0272898
0.0266967
0.0262637
0.0259808
0.0258232
0.0257645
0.0257816
0.0258541
0.0259647
0.0260995
0.0262475
0.0426488
0.0422939
0.0418446
0.0412719
0.0405277
0.0395814
0.0384386
0.0371429
0.0357656
0.0343896
0.0330952
0.0319484
0.0309924
0.0302386
0.0296704
0.0292279
0.0289119
0.0287132
0.0286177
0.0286087
0.0286698
0.0287844
0.0289377
0.0291176
0.0293132
0.0418439
0.0414748
0.0409326
0.0402525
0.0394509
0.0385404
0.037541
0.0364858
0.0354186
0.0343891
0.0334458
0.0326303
0.031971
0.0314756
0.0311299
0.0308814
0.0307246
0.0306538
0.0306622
0.0307401
0.0308763
0.0310593
0.0312781
0.0315222
0.0317813
0.0410391
0.0408016
0.0403136
0.0396356
0.0388176
0.0379045
0.0369394
0.0359645
0.0350204
0.0341452
0.0333721
0.0327277
0.0322295
0.031882
0.0316749
0.0315726
0.0315429
0.0315807
0.0316797
0.031833
0.0320337
0.0322736
0.0325445
0.0328383
0.0331458
0.0400633
0.0400707
0.0397708
0.0392244
0.0384905
0.0376285
0.036696
0.0357464
0.0348272
0.0339784
0.0332318
0.0326102
0.0321278
0.031789
0.0315894
0.0315124
0.0315306
0.0316026
0.031727
0.0318976
0.0321077
0.0323512
0.032622
0.0329142
0.03322
0.0387539
0.0390766
0.0390617
0.038759
0.0382229
0.0375112
0.0366834
0.035797
0.0349047
0.0340513
0.0332729
0.032596
0.0320376
0.0316062
0.0313023
0.0311202
0.0310475
0.0310641
0.0311484
0.0312664
0.0314173
0.0315969
0.0318016
0.0320265
0.0322652
0.0369767
0.0376411
0.0379614
0.0379749
0.0377247
0.0372591
0.0366305
0.0358925
0.0350964
0.0342885
0.0335079
0.0327855
0.0321436
0.0315963
0.0311507
0.0308078
0.0305642
0.030412
0.0303398
0.0303319
0.0303765
0.0304611
0.030565
0.0306829
0.0308117
0.0346476
0.0356381
0.0362974
0.0366507
0.0367288
0.0365688
0.0362123
0.0357041
0.0350892
0.0344106
0.0337063
0.0330089
0.0323439
0.0317302
0.0311806
0.0307024
0.0302985
0.0299682
0.0297082
0.0295123
0.0293736
0.029284
0.0292325
0.029211
0.0292129
0.0317652
0.0330276
0.0339857
0.0346541
0.0350529
0.0352079
0.0351502
0.0349148
0.0345385
0.0340576
0.0335063
0.0329154
0.0323106
0.031713
0.0311387
0.0305993
0.0301023
0.0296524
0.0292513
0.0288987
0.0285929
0.0283305
0.0281072
0.0279186
0.0277606
0.0284662
0.0299052
0.0310783
0.0319895
0.032651
0.0330789
0.0332943
0.0333231
0.0331935
0.0329349
0.0325761
0.0321437
0.0316617
0.0311506
0.0306274
0.0301057
0.0295956
0.0291049
0.0286387
0.0282003
0.0277915
0.0274126
0.0270631
0.026742
0.0264489
0.0250807
0.0265405
0.0277926
0.0288302
0.0296429
0.0302434
0.0306475
0.030873
0.0309409
0.0308736
0.0306935
0.0304225
0.030081
0.0296872
0.029257
0.0288039
0.0283389
0.0278709
0.0274068
0.0269517
0.0265094
0.0260826
0.0256727
0.025281
0.0249092
0.0218963
0.023202
0.0243528
0.0253425
0.0261635
0.0268058
0.0272695
0.0275735
0.0277348
0.027771
0.0276996
0.0275375
0.0273011
0.0270052
0.0266633
0.0262871
0.0258868
0.0254707
0.0250458
0.0246178
0.0241911
0.0237691
0.0233544
0.0229491
0.022556
0.0185186
0.0194781
0.020316
0.0210273
0.021603
0.0220525
0.0223796
0.0225939
0.0227063
0.0227277
0.0226696
0.0225428
0.0223581
0.0221253
0.0218538
0.0215515
0.0212258
0.0208829
0.020528
0.0201658
0.0197998
0.0194331
0.0190681
0.0187069
0.018352
0.00936439
0.00976165
0.0101125
0.0104186
0.0106724
0.0108787
0.0110403
0.0111599
0.0112405
0.0112853
0.0112975
0.0112805
0.0112378
0.0111726
0.011088
0.010987
0.0108725
0.0107469
0.0106125
0.0104713
0.0103252
0.0101756
0.0100239
0.0098711
0.00971831
0.000410139
0.000995331
0.00200368
0.00230497
0.00250605
0.00265884
0.00288082
0.00301771
0.00341702
0.00334987
0.00371181
0.00421951
0.00407699
0.00450351
0.00493625
0.00487491
0.00523322
0.00556703
0.00561516
0.00590069
0.00616261
0.00632716
0.00655285
0.00676397
0.00705372
0.0072333
0.00740596
0.0078411
0.00798264
0.00812284
0.00873493
0.0088431
0.00895348
0.00977763
0.00985737
0.00994039
0.0110081
0.011067
0.0111268
0.012418
0.0124615
0.0125029
0.0140003
0.0140375
0.0140697
0.0158156
0.0158592
0.0158953
0.0179291
0.0179869
0.0180366
0.0203974
0.0204761
0.0205477
0.0232501
0.0233555
0.0234555
0.0263902
0.0265285
0.0266642
0.0295013
0.0296875
0.0298736
0.0320265
0.0322709
0.0325173
0.0334332
0.0337209
0.0340121
0.0335055
0.0337936
0.0340874
0.0324901
0.03272
0.0329572
0.030936
0.0310659
0.031203
0.0292308
0.029261
0.0293016
0.027641
0.0275403
0.0274544
0.0262076
0.0259861
0.0257797
0.0245928
0.0242925
0.024004
0.0222158
0.0218869
0.0215656
0.0180428
0.0177404
0.0174428
0.00958464
0.00945249
0.00932192
0.000110916
0.000252544
0.000384757
0.000495848
0.00059485
0.000683282
0.000764453
0.000839927
0.000910748
0.00097763
0.00104109
0.00110155
0.00115934
0.00121479
0.00126818
0.00131978
0.00136985
0.00141863
0.00146636
0.00151328
0.00155962
0.00160559
0.00165142
0.00169735
0.0017436
0.00179044
0.00183813
0.00188698
0.00193733
0.00198957
0.00204417
0.00210171
0.00216288
0.00222859
0.0022978
0.00236981
0.00244477
0.00252298
0.00260479
0.00268992
0.00277864
0.00287156
0.00296893
0.00307105
0.00317823
0.00329078
0.00340899
0.00353313
0.00366343
0.00380002
0.00394291
0.00409185
0.00424616
0.00440459
0.00456486
0.00472316
0.00487317
0.00500478
0.00510474
0.00516707
0.00520052
0.00520918
0.0051921
0.00511582
0.00498462
0.00479627
0.00454329
0.00424799
0.00392715
0.00358934
0.00324503
0.00289739
0.0025907
0.00230576
0.00203229
0.00176369
0.00149351
0.00121032
0.000899101
0.000514479
0.000418739
0.000780255
0.000984581
0.00116083
0.00134829
0.00154051
0.00172808
0.00191136
0.00208952
0.00226203
0.00242847
0.00258861
0.00274244
0.0028901
0.00303191
0.00316827
0.00329966
0.00342662
0.00354968
0.00366941
0.00378636
0.00390107
0.0040141
0.00412595
0.00423715
0.00434819
0.00445957
0.00457179
0.00468532
0.00480066
0.0049183
0.00503873
0.00516232
0.00528973
0.00542342
0.00556339
0.00570917
0.00586093
0.00601871
0.00618247
0.00635312
0.00653127
0.00671744
0.00691212
0.0071158
0.00732895
0.00755201
0.00778534
0.0080292
0.00828367
0.00854854
0.00882316
0.0091062
0.00939538
0.00968688
0.00997464
0.0102496
0.0104998
0.0107097
0.0108523
0.0109138
0.0108875
0.0107627
0.0105094
0.0101167
0.00961838
0.00902042
0.00837613
0.00771479
0.00705636
0.00642304
0.00581232
0.0051559
0.0044683
0.0037737
0.00310721
0.00250638
0.00200921
0.00158906
0.000859295
0.000644649
0.0012331
0.00150514
0.00176622
0.00204839
0.00233356
0.00260986
0.00287456
0.00312641
0.00336552
0.00359246
0.00380802
0.00401305
0.00420838
0.00439481
0.00457311
0.00474404
0.00490834
0.00506672
0.00521987
0.00536849
0.00551323
0.00565474
0.00579365
0.00593059
0.00606616
0.00620095
0.00633555
0.00647054
0.0066065
0.00674399
0.00688358
0.00702578
0.00717113
0.00732013
0.00747562
0.00763703
0.00780407
0.00797683
0.00815576
0.00834131
0.00853396
0.00873415
0.00894228
0.00915872
0.00938372
0.00961746
0.00985992
0.0101109
0.0103698
0.0106357
0.0109069
0.0111811
0.0114546
0.0117224
0.0119774
0.01221
0.0124084
0.012557
0.0126283
0.0126019
0.0124685
0.0122166
0.0118378
0.0113273
0.0106791
0.00991663
0.0091286
0.00832763
0.00752869
0.00678878
0.00611789
0.00546852
0.00480055
0.00411206
0.00342123
0.0027674
0.00220485
0.00173236
0.00092152
0.000846594
0.00165635
0.00202018
0.00236801
0.00272258
0.00306858
0.00339571
0.00370338
0.00399287
0.00426622
0.00452541
0.00477208
0.00500751
0.00523269
0.00544842
0.00565537
0.00585417
0.00604541
0.0062297
0.00640763
0.00657982
0.00674686
0.00690938
0.00706799
0.0072233
0.00737591
0.00752643
0.00767545
0.00782358
0.00797139
0.00811946
0.00826839
0.00841872
0.00857102
0.00872583
0.00888373
0.00904744
0.00921615
0.00938975
0.00956841
0.00975237
0.00994193
0.0101373
0.0103387
0.0105462
0.0107597
0.0109788
0.011203
0.0114314
0.0116627
0.0118949
0.0121255
0.0123511
0.0125671
0.0127679
0.0129462
0.0130926
0.013196
0.013242
0.013211
0.0130712
0.0128161
0.0124381
0.0119387
0.0113258
0.0106125
0.00981626
0.00895851
0.00805858
0.00713141
0.00628265
0.00554574
0.0049179
0.0043247
0.0037399
0.00315718
0.00259243
0.0020803
0.00161897
0.000854861
0.00104566
0.0020807
0.00254146
0.00295752
0.00335936
0.00373455
0.00408074
0.00440425
0.00470968
0.00500065
0.00527956
0.00554796
0.0058068
0.00605662
0.00629775
0.00653045
0.00675496
0.00697158
0.00718065
0.00738256
0.00757777
0.00776676
0.00795005
0.00812818
0.00830171
0.00847122
0.00863728
0.00880047
0.00896137
0.00912057
0.00927865
0.00943617
0.00959372
0.00975186
0.00991116
0.0100722
0.010236
0.0104045
0.0105771
0.0107535
0.010934
0.0111185
0.0113071
0.0114998
0.0116964
0.0118964
0.0120992
0.0123037
0.0125085
0.0127115
0.0129101
0.013101
0.0132799
0.0134416
0.0135802
0.0136881
0.0137561
0.0137732
0.0137261
0.0135994
0.0133773
0.0130457
0.0125883
0.0120072
0.0113189
0.0105423
0.00969371
0.00878063
0.00781258
0.00680856
0.0058214
0.00491148
0.00416465
0.00359908
0.00311791
0.00267381
0.0022458
0.00183435
0.00143131
0.000732999
0.0012974
0.00253715
0.00307383
0.00352866
0.00394607
0.00432434
0.00466652
0.00499024
0.0053008
0.00560212
0.00589591
0.00618284
0.00646298
0.00673608
0.00700182
0.00725991
0.00751014
0.00775244
0.00798685
0.00821355
0.00843277
0.00864488
0.00885027
0.00904939
0.00924274
0.00943084
0.00961422
0.00979345
0.00996909
0.0101417
0.0103119
0.0104803
0.0106473
0.0108137
0.01098
0.0111467
0.0113144
0.0114851
0.0116594
0.0118369
0.0120175
0.0122012
0.0123879
0.0125776
0.0127698
0.0129641
0.0131595
0.0133548
0.0135483
0.0137378
0.0139203
0.0140922
0.0142485
0.0143837
0.0144911
0.0145629
0.014591
0.0145639
0.0144702
0.0142934
0.0140191
0.0136355
0.0131345
0.0125152
0.0117881
0.0109724
0.0100933
0.00915461
0.00815627
0.00709111
0.00597435
0.00485796
0.00384038
0.00306734
0.002569
0.00221001
0.00189939
0.00158711
0.00123233
0.000633285
0.00163817
0.00313033
0.00363882
0.00408315
0.00448124
0.00483534
0.00516066
0.00547767
0.00578972
0.00609924
0.00640653
0.00671099
0.00701166
0.00730747
0.00759742
0.00788068
0.00815661
0.00842478
0.00868495
0.00893706
0.00918116
0.00941746
0.00964622
0.00986782
0.0100827
0.0102912
0.010494
0.0106914
0.0108842
0.0110728
0.0112579
0.0114399
0.0116196
0.0117976
0.0119744
0.0121507
0.012327
0.0125041
0.0126845
0.0128678
0.013054
0.013243
0.0134348
0.0136294
0.0138265
0.0140256
0.0142259
0.0144262
0.014625
0.01482
0.0150086
0.015187
0.0153509
0.0154947
0.0156102
0.0156895
0.0157244
0.0157013
0.015619
0.0154553
0.0151895
0.0148104
0.0143072
0.0136759
0.0129259
0.0120769
0.0111704
0.0101954
0.00920294
0.00817734
0.00709289
0.00593269
0.00472002
0.00355277
0.00263441
0.00212305
0.00179698
0.00151052
0.00114844
0.000574727
0.00236462
0.00370743
0.00419884
0.00460838
0.00496274
0.00527893
0.00558549
0.00589515
0.00620873
0.00652633
0.00684671
0.00716809
0.00748856
0.00780631
0.00811978
0.00842765
0.00872891
0.00902281
0.00930883
0.00958668
0.00985626
0.0101176
0.0103708
0.0106162
0.0108541
0.0110848
0.0113089
0.0115268
0.0117391
0.0119462
0.0121489
0.0123476
0.0125431
0.0127359
0.0129267
0.0131163
0.0133053
0.0134943
0.0136845
0.013878
0.0140747
0.0142745
0.0144777
0.0146843
0.0148942
0.0151072
0.0153228
0.0155402
0.015758
0.0159745
0.0161872
0.0163931
0.0165879
0.0167667
0.0169232
0.01705
0.0171385
0.0171758
0.0171522
0.0170507
0.016855
0.016549
0.016117
0.0155465
0.0148441
0.0140074
0.013076
0.0120699
0.0110374
0.0100114
0.00900244
0.00800667
0.00699242
0.00591151
0.00475429
0.00363387
0.00289605
0.00248018
0.00207466
0.00166284
0.00327438
0.00424823
0.0047107
0.0050682
0.0053728
0.00565889
0.00595354
0.00625902
0.00657531
0.00690089
0.00723341
0.00757023
0.00790877
0.00824667
0.00858191
0.00891281
0.00923803
0.00955654
0.00986759
0.0101707
0.0104655
0.0107519
0.01103
0.0112999
0.0115617
0.0118159
0.0120627
0.0123027
0.0125363
0.0127641
0.0129866
0.0132045
0.0134184
0.013629
0.013837
0.0140431
0.0142481
0.0144527
0.0146577
0.0148653
0.0150766
0.0152918
0.0155112
0.0157352
0.015964
0.0161977
0.0164361
0.016679
0.0169256
0.0171745
0.0174239
0.0176715
0.0179138
0.0181467
0.0183648
0.0185616
0.0187289
0.018857
0.0189342
0.0189462
0.0188777
0.0187118
0.0184309
0.0180187
0.0174619
0.0167548
0.0159054
0.0149313
0.0138656
0.0127797
0.0117122
0.0107165
0.00983765
0.00909161
0.00846887
0.00796288
0.00759151
0.00761679
0.00806198
0.00888283
0.00409234
0.00475471
0.00515587
0.00546186
0.00573248
0.00600602
0.00629267
0.00659524
0.00691323
0.0072445
0.0075861
0.00793489
0.00828787
0.00864231
0.00899586
0.00934653
0.00969273
0.0100332
0.0103669
0.0106932
0.0110116
0.0113218
0.0116237
0.0119173
0.0122027
0.0124801
0.0127499
0.0130124
0.013268
0.0135173
0.0137607
0.013999
0.0142327
0.0144626
0.0146894
0.0149139
0.015137
0.0153595
0.0155824
0.0158064
0.0160347
0.0162676
0.0165057
0.0167496
0.0169999
0.0172572
0.0175217
0.0177935
0.0180724
0.0183577
0.0186483
0.0189424
0.0192376
0.0195306
0.0198171
0.0200918
0.0203479
0.0205773
0.0207699
0.0209139
0.0209959
0.0210009
0.0209125
0.0207137
0.0203882
0.0199235
0.0193137
0.0185605
0.0176748
0.0166794
0.0156187
0.0145519
0.0135483
0.0126782
0.012001
0.0115899
0.0115142
0.0118228
0.0124197
0.0133722
0.00475483
0.00522831
0.00556358
0.00583374
0.00608869
0.00635127
0.00663019
0.00692826
0.00724498
0.00757804
0.00792431
0.00828044
0.00864317
0.00900956
0.00937702
0.00974333
0.0101067
0.0104656
0.0108188
0.0111656
0.0115051
0.011837
0.012161
0.0124769
0.0127847
0.0130846
0.0133767
0.0136614
0.013939
0.0142099
0.0144746
0.0147337
0.0149879
0.0152379
0.0154844
0.0157283
0.0159705
0.0162119
0.0164536
0.0166965
0.0169425
0.0171939
0.0174514
0.0177159
0.0179883
0.0182694
0.01856
0.0188606
0.0191714
0.0194924
0.0198231
0.0201624
0.0205087
0.0208596
0.0212118
0.0215611
0.0219021
0.0222283
0.0225316
0.0228025
0.0230303
0.023203
0.0233072
0.0233293
0.0232556
0.0230741
0.0227766
0.0223598
0.0218282
0.0211942
0.0204748
0.0197046
0.0189301
0.0182104
0.0176168
0.0172454
0.0171735
0.0174463
0.0181072
0.0191322
0.00532951
0.00569001
0.00597621
0.00622432
0.00646501
0.00671602
0.00698536
0.00727595
0.00758743
0.00791765
0.00826355
0.00862178
0.00898905
0.00936227
0.00973873
0.010116
0.0104922
0.0108655
0.0112346
0.0115985
0.0119562
0.0123071
0.0126509
0.0129871
0.0133158
0.0136367
0.0139501
0.0142561
0.0145549
0.014847
0.0151327
0.0154126
0.0156873
0.0159575
0.016224
0.0164875
0.0167491
0.0170098
0.0172706
0.0175327
0.0177972
0.0180671
0.0183438
0.0186282
0.0189216
0.0192252
0.0195401
0.0198671
0.020207
0.0205602
0.0209268
0.0213064
0.0216978
0.0220996
0.0225093
0.0229237
0.0233385
0.0237484
0.024147
0.0245267
0.0248789
0.0251941
0.025462
0.0256721
0.0258139
0.0258787
0.02586
0.0257559
0.0255707
0.025309
0.0249823
0.0246104
0.0242203
0.0238448
0.0235215
0.0232916
0.0232009
0.0232765
0.0235884
0.0240973
0.00586988
0.00616055
0.00641288
0.0066449
0.00687282
0.00711219
0.00737032
0.00765047
0.0079528
0.0082756
0.00861614
0.00897128
0.00933782
0.0097127
0.0100931
0.0104766
0.0108611
0.0112446
0.0116256
0.012003
0.0123756
0.0127426
0.0131035
0.0134577
0.013805
0.0141453
0.0144783
0.0148043
0.0151233
0.0154357
0.0157417
0.0160419
0.0163367
0.0166268
0.0169129
0.0171959
0.0174768
0.0177565
0.0180362
0.0183172
0.0186006
0.0188883
0.019183
0.0194861
0.0197988
0.0201227
0.0204591
0.0208093
0.0211742
0.0215548
0.0219516
0.0223647
0.0227935
0.0232372
0.0236939
0.0241612
0.0246356
0.0251129
0.0255875
0.0260534
0.0265032
0.0269291
0.0273226
0.027675
0.0279778
0.0282235
0.0284064
0.028524
0.0285749
0.0285594
0.0284822
0.028351
0.0281752
0.0279675
0.0277571
0.027563
0.0274068
0.0272999
0.0273172
0.0274512
0.00640747
0.0066534
0.00688115
0.0070995
0.00731771
0.00754627
0.00779252
0.00806016
0.00835018
0.00866165
0.00899244
0.00933981
0.00970081
0.0100725
0.0104522
0.0108372
0.0112255
0.011615
0.012004
0.0123912
0.0127752
0.0131552
0.0135303
0.0138999
0.0142636
0.014621
0.0149719
0.0153162
0.015654
0.0159854
0.0163107
0.0166301
0.0169442
0.0172535
0.0175588
0.0178607
0.0181603
0.0184585
0.0187565
0.0190556
0.019357
0.0196621
0.0199739
0.0202941
0.0206242
0.0209659
0.0213208
0.0216903
0.0220759
0.0224787
0.0228995
0.0233389
0.0237969
0.0242728
0.0247656
0.0252732
0.0257929
0.0263209
0.0268526
0.0273825
0.0279042
0.0284107
0.0288943
0.0293471
0.0297613
0.0301293
0.0304451
0.0307034
0.0308992
0.0310292
0.0310922
0.0310872
0.0310128
0.0308773
0.0307009
0.0305019
0.0302907
0.0300761
0.0298994
0.0297663
0.00696876
0.00718236
0.00738942
0.0075949
0.00780492
0.00802342
0.00825773
0.00851175
0.00878741
0.00908474
0.0094024
0.00973822
0.0100897
0.010454
0.0108287
0.0112112
0.0115992
0.0119907
0.0123839
0.0127772
0.0131693
0.013559
0.0139454
0.0143276
0.0147051
0.0150773
0.0154439
0.0158046
0.0161594
0.0165083
0.0168513
0.0171888
0.0175211
0.0178486
0.018172
0.018492
0.0188095
0.0191255
0.019441
0.0197573
0.0200758
0.0203979
0.0207253
0.0210609
0.0214064
0.0217635
0.0221339
0.0225192
0.022921
0.0233408
0.0237796
0.0242384
0.0247173
0.0252164
0.0257347
0.0262708
0.0268222
0.0273857
0.0279572
0.0285316
0.029103
0.0296647
0.0302095
0.0307297
0.0312172
0.0316647
0.0320647
0.0324097
0.032693
0.0329087
0.0330521
0.0331183
0.0331031
0.0330162
0.0328608
0.0326488
0.0323948
0.0321126
0.0318142
0.0315182
0.00757948
0.00776625
0.0079537
0.00814489
0.0083435
0.0085524
0.00877389
0.00901362
0.0092738
0.00955532
0.00985765
0.0101793
0.0105182
0.010872
0.0112382
0.0116145
0.0119987
0.0123886
0.0127824
0.0131785
0.0135753
0.0139715
0.014366
0.014758
0.0151465
0.0155309
0.0159107
0.0162856
0.0166553
0.0170197
0.0173788
0.0177327
0.0180816
0.018426
0.0187663
0.0191033
0.0194376
0.0197703
0.0201023
0.0204348
0.0207692
0.0211068
0.021449
0.0217988
0.0221579
0.0225281
0.0229111
0.0233089
0.0237229
0.024155
0.0246062
0.0250778
0.0255704
0.026084
0.0266183
0.0271719
0.027743
0.0283285
0.0289247
0.0295269
0.0301293
0.0307258
0.031309
0.0318715
0.0324053
0.0329028
0.0333551
0.033754
0.0340915
0.0343607
0.0345557
0.0346693
0.0347017
0.0346484
0.0345101
0.0342962
0.0340206
0.0336983
0.0333431
0.0329642
0.00826867
0.00842997
0.00859638
0.00876985
0.00895297
0.00914807
0.00935537
0.00957977
0.00982378
0.0100887
0.0103746
0.0106806
0.011005
0.0113458
0.011701
0.0120683
0.0124455
0.0128306
0.0132217
0.013617
0.0140151
0.0144145
0.0148139
0.0152123
0.0156088
0.0160025
0.0163927
0.0167791
0.0171612
0.0175387
0.0179116
0.0182799
0.0186436
0.0190031
0.0193587
0.0197111
0.0200609
0.020409
0.0207563
0.0211038
0.0214529
0.0218049
0.0221611
0.0225234
0.0228943
0.0232756
0.0236689
0.0240761
0.0244988
0.0249388
0.0253975
0.0258762
0.0263755
0.0268961
0.0274376
0.0279991
0.0285791
0.0291747
0.0297825
0.0303981
0.0310162
0.0316305
0.0322343
0.03282
0.0333806
0.0339075
0.0343917
0.0348242
0.035197
0.0355028
0.0357354
0.035889
0.0359601
0.0359404
0.0358278
0.0356277
0.0353513
0.0350126
0.0346254
0.0341984
0.00907217
0.00920681
0.0093492
0.00950073
0.00966318
0.00983833
0.0100283
0.0102348
0.0104618
0.0107097
0.0109789
0.0112685
0.0115773
0.0119038
0.0122459
0.0126017
0.0129692
0.0133463
0.0137311
0.0141219
0.0145174
0.0149162
0.0153168
0.015718
0.0161188
0.0165183
0.0169156
0.0173102
0.0177015
0.0180892
0.0184731
0.018853
0.019229
0.0196013
0.0199701
0.020336
0.0206995
0.0210614
0.0214224
0.0217836
0.0221461
0.0225109
0.0228796
0.0232533
0.0236347
0.0240253
0.0244267
0.0248407
0.025269
0.0257132
0.0261749
0.0266553
0.0271555
0.027676
0.0282169
0.0287778
0.029357
0.0299522
0.0305601
0.0311768
0.0317972
0.0324153
0.0330246
0.033619
0.0341914
0.034733
0.0352345
0.0356874
0.0360835
0.0364159
0.036679
0.036869
0.036978
0.0369964
0.0369195
0.0367482
0.0364897
0.0361559
0.0357601
0.0353117
0.0100322
0.0101387
0.0102541
0.0103798
0.0105172
0.0106679
0.0108338
0.0110203
0.0112293
0.0114601
0.0117123
0.0119852
0.0122779
0.0125887
0.0129158
0.0132576
0.0136122
0.0139777
0.0143516
0.0147324
0.0151205
0.0155136
0.0159107
0.0163101
0.0167106
0.0171112
0.0175112
0.0179098
0.0183063
0.0187003
0.0190914
0.0194796
0.0198646
0.0202466
0.0206259
0.0210027
0.0213777
0.0217513
0.0221242
0.0224973
0.0228714
0.0232477
0.0236271
0.024011
0.0244013
0.0247995
0.0252069
0.0256253
0.0260562
0.0265012
0.0269618
0.0274393
0.0279347
0.0284489
0.0289821
0.0295343
0.0301046
0.0306898
0.0312875
0.0318942
0.0325052
0.033115
0.0337177
0.0343085
0.0348803
0.0354244
0.035932
0.0363948
0.0368054
0.0371581
0.0374483
0.0376713
0.0378177
0.0378774
0.0378432
0.037712
0.0374864
0.0371747
0.0367891
0.0363395
0.0111929
0.0112701
0.0113557
0.0114518
0.0115601
0.0116813
0.011821
0.0119858
0.0121746
0.0123862
0.0126197
0.0128742
0.0131492
0.0134425
0.0137521
0.0140768
0.014415
0.0147645
0.0151228
0.01549
0.0158662
0.0162495
0.0166378
0.0170292
0.0174231
0.0178189
0.0182159
0.0186133
0.0190101
0.0194054
0.0197991
0.020191
0.0205808
0.0209688
0.021355
0.0217397
0.0221232
0.0225059
0.0228884
0.0232712
0.023655
0.0240408
0.0244293
0.0248217
0.0252192
0.0256229
0.0260344
0.0264548
0.0268857
0.0273284
0.0277844
0.0282548
0.0287408
0.0292432
0.0297623
0.0302981
0.0308498
0.0314157
0.0319936
0.0325803
0.0331718
0.0337627
0.0343487
0.0349249
0.0354846
0.0360203
0.0365237
0.0369873
0.0374054
0.0377734
0.0380858
0.0383364
0.0385164
0.0386158
0.0386255
0.0385394
0.0383552
0.0380768
0.0377144
0.0372774
0.0125472
0.0125985
0.0126567
0.012725
0.0128057
0.0129001
0.0130173
0.0131602
0.0133277
0.0135182
0.0137307
0.0139641
0.0142176
0.0144897
0.0147787
0.0150832
0.0154016
0.0157322
0.016074
0.0164273
0.0167898
0.0171596
0.0175348
0.0179147
0.0182983
0.0186852
0.0190745
0.0194648
0.0198552
0.0202455
0.0206355
0.0210255
0.021415
0.0218041
0.0221928
0.0225812
0.0229696
0.0233581
0.0237469
0.0241366
0.0245274
0.02492
0.0253151
0.0257134
0.0261155
0.0265223
0.0269348
0.0273542
0.0277817
0.0282186
0.0286661
0.0291253
0.0295972
0.0300826
0.030582
0.0310954
0.0316223
0.0321618
0.0327119
0.0332702
0.0338333
0.0343966
0.0349559
0.0355061
0.0360429
0.0365596
0.0370491
0.0375055
0.0379231
0.0382964
0.0386204
0.0388886
0.0390928
0.0392237
0.039272
0.0392294
0.0390898
0.0388518
0.0385222
0.0381087
0.0141023
0.0141384
0.0141792
0.0142287
0.0142906
0.014368
0.0144671
0.0145896
0.0147357
0.0149043
0.0150945
0.0153052
0.0155354
0.015784
0.0160495
0.0163308
0.0166267
0.016936
0.0172581
0.0175919
0.0179358
0.0182885
0.0186484
0.0190142
0.0193848
0.0197588
0.0201349
0.0205127
0.020892
0.0212725
0.0216543
0.0220372
0.0224211
0.0228059
0.023192
0.0235797
0.0239685
0.0243584
0.0247495
0.0251418
0.0255355
0.0259309
0.0263284
0.0267285
0.0271307
0.0275358
0.0279447
0.0283582
0.0287776
0.0292037
0.0296377
0.0300805
0.030533
0.030996
0.03147
0.031955
0.0324508
0.0329567
0.0334713
0.0339927
0.0345181
0.0350445
0.0355683
0.0360857
0.0365915
0.0370796
0.0375448
0.0379822
0.0383862
0.0387515
0.039073
0.0393448
0.0395598
0.0397094
0.0397849
0.0397771
0.0396772
0.0394792
0.0391854
0.038802
0.0159294
0.0159636
0.0159992
0.0160399
0.0160909
0.0161581
0.0162442
0.0163498
0.0164759
0.0166226
0.0167895
0.0169759
0.0171809
0.0174036
0.0176431
0.0178988
0.0181692
0.0184534
0.0187502
0.0190581
0.0193765
0.0197044
0.0200408
0.0203847
0.0207348
0.0210897
0.0214489
0.021812
0.0221784
0.0225478
0.0229197
0.0232938
0.02367
0.0240483
0.0244286
0.0248109
0.0251945
0.0255797
0.0259669
0.0263556
0.0267456
0.0271368
0.0275295
0.0279231
0.0283171
0.0287121
0.029109
0.0295085
0.0299116
0.0303191
0.0307321
0.0311513
0.0315775
0.0320114
0.0324534
0.0329036
0.033362
0.0338278
0.0343002
0.0347774
0.0352575
0.0357378
0.0362154
0.036687
0.0371485
0.0375954
0.0380232
0.0384269
0.0388017
0.0391429
0.0394458
0.0397054
0.0399154
0.0400681
0.0401557
0.0401692
0.0400984
0.0399341
0.0396743
0.0393227
0.0180837
0.0181283
0.0181704
0.0182132
0.0182616
0.0183224
0.0183988
0.0184912
0.018601
0.0187284
0.0188736
0.0190361
0.0192155
0.0194111
0.0196223
0.0198483
0.0200884
0.0203419
0.0206076
0.0208845
0.0211723
0.0214705
0.0217783
0.0220948
0.0224193
0.0227513
0.0230901
0.0234347
0.0237842
0.024138
0.0244958
0.024857
0.0252211
0.0255878
0.0259566
0.0263269
0.0266988
0.0270726
0.0274485
0.0278257
0.0282036
0.0285824
0.0289609
0.0293378
0.0297136
0.0300888
0.0304641
0.0308401
0.0312176
0.0315973
0.0319799
0.032366
0.0327563
0.0331514
0.0335514
0.0339566
0.0343669
0.0347818
0.0352006
0.0356222
0.0360449
0.0364668
0.0368856
0.0372987
0.0377031
0.038095
0.0384707
0.038826
0.0391569
0.0394593
0.0397289
0.0399609
0.0401499
0.0402896
0.0403728
0.0403915
0.0403358
0.0401948
0.0399628
0.0396407
0.0206176
0.020683
0.0207421
0.0207972
0.0208519
0.0209113
0.0209802
0.0210625
0.0211591
0.0212703
0.0213959
0.0215361
0.0216905
0.0218589
0.0220408
0.022236
0.022444
0.0226645
0.0228972
0.0231424
0.0233992
0.0236667
0.0239443
0.0242311
0.0245264
0.0248296
0.0251399
0.0254567
0.0257792
0.0261068
0.0264392
0.0267759
0.0271162
0.0274597
0.0278057
0.0281542
0.0285054
0.0288582
0.0292114
0.0295645
0.0299172
0.0302678
0.0306155
0.0309606
0.0313036
0.0316449
0.031985
0.0323242
0.0326632
0.0330023
0.0333422
0.0336833
0.034026
0.0343706
0.0347175
0.0350666
0.0354181
0.0357715
0.0361265
0.036482
0.0368371
0.0371903
0.0375399
0.0378841
0.0382203
0.038546
0.0388579
0.0391528
0.0394272
0.0396776
0.0399002
0.0400909
0.0402448
0.0403568
0.0404208
0.0404298
0.0403748
0.0402448
0.0400317
0.0397336
0.0235567
0.0236523
0.0237384
0.0238163
0.0238885
0.0239587
0.0240314
0.0241104
0.0241983
0.0242965
0.0244056
0.0245261
0.0246581
0.0248016
0.0249565
0.0251227
0.0253002
0.0254887
0.025688
0.0258981
0.0261185
0.0263487
0.0265881
0.026836
0.0270917
0.0273548
0.0276249
0.0279013
0.0281834
0.028471
0.0287638
0.0290625
0.0293657
0.0296722
0.0299812
0.030292
0.030604
0.0309167
0.0312278
0.0315358
0.0318401
0.0321413
0.0324396
0.0327351
0.0330281
0.0333188
0.0336076
0.0338946
0.0341803
0.0344649
0.0347486
0.0350318
0.0353148
0.0355977
0.0358807
0.0361639
0.0364472
0.0367303
0.0370131
0.0372948
0.0375746
0.0378517
0.0381247
0.0383922
0.0386525
0.0389035
0.0391428
0.0393678
0.0395758
0.0397635
0.039928
0.0400656
0.0401724
0.0402439
0.0402751
0.0402603
0.0401916
0.0400592
0.0398537
0.0395714
0.0268059
0.026942
0.0270664
0.0271792
0.0272817
0.0273762
0.0274662
0.0275552
0.0276461
0.0277415
0.0278428
0.0279505
0.0280649
0.0281866
0.0283159
0.0284529
0.0285979
0.0287513
0.0289133
0.0290836
0.0292622
0.0294485
0.0296423
0.0298431
0.0300505
0.0302641
0.0304838
0.0307091
0.0309394
0.0311744
0.0314136
0.0316565
0.0319024
0.0321511
0.0324012
0.0326512
0.0328988
0.0331433
0.0333853
0.0336248
0.0338617
0.0340962
0.0343281
0.0345576
0.0347849
0.0350098
0.0352327
0.0354536
0.0356726
0.0358898
0.0361054
0.0363196
0.0365323
0.0367438
0.0369541
0.0371631
0.0373708
0.037577
0.0377815
0.0379837
0.0381832
0.0383792
0.0385708
0.0387569
0.0389363
0.0391073
0.0392682
0.039417
0.0395514
0.0396691
0.0397672
0.039843
0.0398931
0.0399139
0.0399014
0.0398508
0.0397557
0.0396076
0.0393979
0.0391212
0.0300735
0.0302682
0.0304497
0.0306169
0.0307696
0.0309089
0.0310365
0.0311551
0.0312673
0.0313754
0.0314811
0.0315859
0.0316912
0.0317978
0.0319065
0.0320181
0.032133
0.0322517
0.0323742
0.0325009
0.0326318
0.0327671
0.0329065
0.0330501
0.0331977
0.0333493
0.0335054
0.0336655
0.0338288
0.0339947
0.0341624
0.0343299
0.0344968
0.0346629
0.0348285
0.0349936
0.0351578
0.0353207
0.0354822
0.0356421
0.0358003
0.0359567
0.0361113
0.036264
0.0364147
0.0365636
0.0367105
0.0368555
0.0369986
0.0371397
0.037279
0.0374164
0.0375519
0.0376855
0.0378173
0.037947
0.0380747
0.0382001
0.038323
0.0384431
0.0385599
0.0386729
0.0387813
0.0388844
0.0389812
0.0390705
0.039151
0.0392212
0.0392793
0.0393233
0.0393512
0.0393606
0.0393489
0.0393132
0.0392503
0.0391564
0.0390264
0.0388533
0.0386296
0.0383493
0.0327871
0.0330525
0.0333045
0.0335408
0.03376
0.0339616
0.0341461
0.0343146
0.0344686
0.0346096
0.0347391
0.0348592
0.0349716
0.0350776
0.0351785
0.0352755
0.0353695
0.0354612
0.0355506
0.0356383
0.0357248
0.0358105
0.0358957
0.0359808
0.0360658
0.0361508
0.0362352
0.0363193
0.0364034
0.0364877
0.0365722
0.0366566
0.0367408
0.0368244
0.0369075
0.03699
0.0370717
0.0371526
0.0372323
0.037311
0.0373883
0.0374643
0.0375388
0.0376118
0.0376832
0.0377529
0.0378209
0.0378872
0.0379516
0.0380142
0.0380749
0.0381337
0.0381905
0.0382452
0.0382978
0.0383482
0.0383962
0.0384417
0.0384844
0.0385242
0.0385606
0.0385932
0.0386215
0.0386448
0.0386624
0.0386735
0.0386769
0.0386717
0.0386563
0.0386295
0.0385895
0.0385345
0.0384625
0.0383713
0.0382583
0.0381208
0.0379545
0.0377539
0.0375134
0.0372237
0.0343359
0.0346571
0.0349667
0.035262
0.0355409
0.0358017
0.0360438
0.0362669
0.0364713
0.0366574
0.0368263
0.0369792
0.0371171
0.0372414
0.0373532
0.0374536
0.0375434
0.0376235
0.037695
0.0377589
0.037816
0.0378673
0.0379133
0.0379548
0.0379923
0.0380261
0.0380567
0.0380844
0.0381095
0.0381323
0.0381531
0.0381721
0.0381893
0.038205
0.0382191
0.0382318
0.038243
0.0382528
0.0382611
0.038268
0.0382733
0.0382772
0.0382795
0.0382803
0.0382794
0.0382769
0.0382728
0.0382669
0.0382593
0.0382499
0.0382386
0.0382254
0.0382104
0.0381933
0.0381741
0.0381528
0.0381293
0.0381033
0.0380748
0.0380435
0.0380091
0.0379713
0.0379297
0.0378839
0.0378332
0.037777
0.0377146
0.0376451
0.0375676
0.0374809
0.0373839
0.0372752
0.0371533
0.0370165
0.0368631
0.0366906
0.0364956
0.0362739
0.036017
0.0357196
0.034419
0.0347513
0.0350766
0.035392
0.0356952
0.0359843
0.0362577
0.0365143
0.0367527
0.036972
0.0371724
0.0373544
0.0375187
0.0376661
0.0377976
0.0379139
0.0380159
0.0381046
0.0381807
0.0382453
0.0382991
0.0383431
0.038378
0.0384046
0.0384234
0.0384353
0.0384407
0.0384401
0.0384342
0.0384233
0.0384079
0.0383884
0.0383651
0.0383383
0.0383084
0.0382755
0.0382397
0.0382014
0.0381606
0.0381174
0.0380719
0.0380242
0.0379745
0.0379226
0.0378688
0.0378131
0.0377554
0.0376957
0.0376343
0.0375709
0.0375057
0.0374386
0.0373697
0.0372989
0.0372262
0.0371516
0.0370749
0.0369962
0.0369152
0.0368319
0.0367461
0.0366575
0.0365658
0.0364707
0.0363718
0.0362685
0.0361605
0.0360471
0.0359276
0.0358012
0.0356671
0.0355242
0.0353714
0.0352076
0.0350315
0.0348401
0.0346293
0.0343928
0.0341268
0.0338303
0.0332295
0.0335061
0.033781
0.0340521
0.0343172
0.0345746
0.0348226
0.0350598
0.0352843
0.0354951
0.0356918
0.0358741
0.0360421
0.0361958
0.0363353
0.036461
0.0365733
0.0366725
0.0367591
0.0368338
0.0368971
0.0369495
0.0369916
0.0370238
0.0370466
0.0370606
0.0370662
0.0370641
0.0370548
0.0370388
0.0370166
0.0369887
0.0369552
0.0369168
0.0368736
0.0368259
0.0367742
0.0367186
0.0366593
0.0365967
0.0365308
0.0364618
0.03639
0.0363155
0.0362384
0.0361588
0.0360769
0.0359927
0.0359063
0.0358178
0.0357272
0.0356347
0.0355403
0.0354439
0.0353457
0.0352456
0.0351436
0.0350397
0.0349338
0.0348258
0.0347157
0.0346032
0.0344883
0.0343706
0.03425
0.0341262
0.0339988
0.0338675
0.0337315
0.0335902
0.033443
0.0332889
0.0331267
0.0329541
0.0327688
0.0325692
0.0323523
0.0321141
0.0318531
0.0315701
0.0313639
0.031531
0.031701
0.0318718
0.032042
0.0322102
0.0323752
0.032536
0.032692
0.0328418
0.0329847
0.0331203
0.0332482
0.033368
0.0334794
0.0335824
0.0336769
0.0337627
0.03384
0.0339087
0.0339691
0.0340212
0.0340652
0.0341015
0.0341301
0.0341513
0.0341653
0.0341725
0.0341731
0.0341672
0.0341553
0.0341376
0.0341144
0.0340859
0.0340524
0.0340142
0.0339714
0.0339244
0.0338732
0.0338183
0.0337597
0.0336979
0.0336329
0.0335649
0.0334938
0.0334199
0.0333432
0.0332637
0.0331817
0.0330971
0.0330102
0.0329209
0.0328293
0.0327356
0.0326396
0.0325416
0.0324414
0.0323391
0.0322347
0.0321281
0.0320193
0.0319082
0.0317948
0.0316787
0.0315598
0.0314372
0.0313104
0.0311792
0.0310434
0.0309025
0.0307559
0.030603
0.0304428
0.0302733
0.0300926
0.0298991
0.0296911
0.029467
0.0292256
0.028968
0.0293562
0.0294155
0.0294755
0.0295361
0.0295973
0.0296586
0.0297197
0.0297806
0.0298413
0.0299013
0.02996
0.030017
0.0300721
0.030125
0.0301755
0.0302233
0.0302681
0.0303099
0.0303484
0.0303834
0.0304149
0.0304427
0.0304667
0.0304869
0.0305033
0.0305157
0.0305242
0.0305288
0.0305294
0.0305262
0.030519
0.0305081
0.0304933
0.0304749
0.0304528
0.0304271
0.030398
0.0303654
0.0303295
0.0302904
0.0302478
0.0302014
0.0301515
0.0300982
0.0300417
0.0299822
0.0299198
0.0298547
0.0297869
0.0297166
0.0296438
0.0295685
0.029491
0.0294111
0.0293289
0.0292445
0.0291578
0.0290689
0.0289778
0.0288844
0.0287886
0.0286905
0.0285898
0.0284864
0.0283802
0.0282704
0.0281565
0.0280384
0.0279156
0.0277877
0.0276543
0.0275147
0.027368
0.0272135
0.0270498
0.0268758
0.0266903
0.0264922
0.0262807
0.026057
0.0273722
0.0273021
0.0272417
0.0271891
0.0271428
0.0271016
0.0270645
0.027031
0.0270005
0.0269739
0.0269496
0.0269271
0.0269063
0.0268869
0.0268687
0.0268515
0.0268351
0.0268193
0.0268041
0.0267892
0.0267746
0.0267599
0.0267452
0.0267303
0.026715
0.0266992
0.0266828
0.0266657
0.0266477
0.0266287
0.0266086
0.0265873
0.0265648
0.0265409
0.0265155
0.0264887
0.0264603
0.0264303
0.0263986
0.0263652
0.0263298
0.0262921
0.026252
0.0262096
0.0261648
0.0261179
0.0260687
0.0260173
0.0259637
0.025908
0.0258502
0.0257904
0.0257284
0.0256644
0.0255984
0.0255303
0.0254601
0.0253879
0.0253135
0.025237
0.0251582
0.0250771
0.0249936
0.0249075
0.0248186
0.0247266
0.0246312
0.0245322
0.0244292
0.0243216
0.0242092
0.0240912
0.0239673
0.0238366
0.0236985
0.0235521
0.0233968
0.0232316
0.0230561
0.0228711
0.0255627
0.0253611
0.025175
0.0250026
0.0248421
0.0246923
0.0245518
0.0244197
0.024295
0.0241776
0.0240676
0.0239636
0.0238649
0.023771
0.0236817
0.0235966
0.0235154
0.023438
0.023364
0.0232933
0.0232257
0.0231609
0.0230989
0.0230394
0.0229822
0.0229272
0.0228743
0.0228232
0.0227738
0.0227259
0.0226794
0.0226341
0.0225899
0.0225466
0.022504
0.0224621
0.0224206
0.0223795
0.0223386
0.0222978
0.0222569
0.0222158
0.0221743
0.0221322
0.0220895
0.0220461
0.0220018
0.0219566
0.0219103
0.021863
0.0218146
0.021765
0.0217141
0.021662
0.0216085
0.0215536
0.0214973
0.0214395
0.0213802
0.0213191
0.0212564
0.0211918
0.0211253
0.0210567
0.0209858
0.0209125
0.0208366
0.0207577
0.0206757
0.0205901
0.0205006
0.0204068
0.0203082
0.0202044
0.0200948
0.0199789
0.0198561
0.0197259
0.019588
0.0194428
0.0236905
0.0233907
0.0231063
0.0228364
0.02258
0.0223363
0.0221044
0.0218836
0.0216732
0.0214726
0.0212813
0.0210997
0.0209268
0.0207616
0.0206038
0.0204529
0.0203086
0.0201705
0.0200384
0.0199119
0.0197909
0.019675
0.019564
0.0194577
0.0193559
0.0192584
0.0191649
0.0190753
0.0189893
0.0189068
0.0188277
0.0187516
0.0186785
0.0186081
0.0185403
0.018475
0.0184119
0.0183509
0.0182918
0.0182345
0.0181788
0.0181245
0.0180716
0.0180198
0.017969
0.017919
0.0178698
0.0178211
0.0177729
0.0177249
0.0176772
0.0176295
0.0175818
0.0175339
0.0174858
0.0174374
0.0173885
0.017339
0.0172889
0.0172381
0.0171864
0.0171336
0.0170798
0.0170247
0.0169682
0.0169102
0.0168503
0.0167886
0.0167246
0.0166582
0.0165891
0.016517
0.0164415
0.0163622
0.0162789
0.0161911
0.0160984
0.0160003
0.0158967
0.0157878
0.0212097
0.020864
0.020531
0.0202103
0.0199017
0.0196048
0.0193192
0.0190444
0.01878
0.0185257
0.0182812
0.0180461
0.0178204
0.0176041
0.0173966
0.0171971
0.0170053
0.0168211
0.016644
0.0164739
0.0163104
0.0161533
0.0160024
0.0158574
0.015718
0.0155842
0.0154556
0.015332
0.0152133
0.0150992
0.0149896
0.0148843
0.014783
0.0146857
0.0145921
0.0145021
0.0144155
0.0143321
0.0142518
0.0141745
0.0140999
0.0140279
0.0139584
0.0138913
0.0138263
0.0137634
0.0137025
0.0136433
0.0135857
0.0135297
0.013475
0.0134216
0.0133693
0.013318
0.0132676
0.0132179
0.0131688
0.0131203
0.0130722
0.0130243
0.0129765
0.0129288
0.012881
0.0128329
0.0127844
0.0127354
0.0126857
0.0126351
0.0125835
0.0125306
0.0124762
0.0124201
0.012362
0.0123017
0.0122389
0.0121733
0.0121046
0.0120325
0.0119568
0.0118777
0.0171085
0.0167817
0.0164641
0.0161556
0.0158565
0.0155665
0.0152854
0.0150133
0.0147499
0.0144951
0.0142487
0.0140106
0.0137805
0.0135583
0.013344
0.0131376
0.0129386
0.0127465
0.0125612
0.0123823
0.0122097
0.0120431
0.0118824
0.0117273
0.0115777
0.0114332
0.0112939
0.0111594
0.0110296
0.0109044
0.0107835
0.0106669
0.0105543
0.0104456
0.0103407
0.0102394
0.0101416
0.0100472
0.00995596
0.00986786
0.00978273
0.00970046
0.00962093
0.00954402
0.00946962
0.00939766
0.00932806
0.0092607
0.00919548
0.00913231
0.00907108
0.00901169
0.00895404
0.00889804
0.00884359
0.00879059
0.00873894
0.00868855
0.00863932
0.00859115
0.00854395
0.00849761
0.00845203
0.00840711
0.00836273
0.00831879
0.00827517
0.00823174
0.00818836
0.00814492
0.00810124
0.00805719
0.00801259
0.00796726
0.00792101
0.00787366
0.00782498
0.00777476
0.00772282
0.00766955
0.00917299
0.00902652
0.00888305
0.00874293
0.00860626
0.00847315
0.0083438
0.00821823
0.00809636
0.00797815
0.00786356
0.00775252
0.00764497
0.00754083
0.00744003
0.00734248
0.00724827
0.00715742
0.00706975
0.00698511
0.00690335
0.00682434
0.00674796
0.0066741
0.00660264
0.00653349
0.00646655
0.00640172
0.00633891
0.00627806
0.00621907
0.00616187
0.00610639
0.00605255
0.0060003
0.00594956
0.00590028
0.00585238
0.00580582
0.00576054
0.00571648
0.00567359
0.00563182
0.00559111
0.00555141
0.00551268
0.00547487
0.00543793
0.00540183
0.00536651
0.00533193
0.00529806
0.00526485
0.00523226
0.00520025
0.00516878
0.00513781
0.00510729
0.0050772
0.00504749
0.00501812
0.00498905
0.00496024
0.00493166
0.00490325
0.00487498
0.0048468
0.00481867
0.00479053
0.00476234
0.00473404
0.00470558
0.00467688
0.0046479
0.00461854
0.00458875
0.00455843
0.0045275
0.00449585
0.00446341
0.00372989
0.00633691
0.00844623
0.00998213
0.010859
0.0127962
0.0147292
0.0164036
0.018569
0.0204092
0.0216858
0.0230377
0.0247543
0.0253953
0.0259945
0.0276473
0.0278287
0.0279791
0.0296646
0.029572
0.0294662
0.0312407
0.0309804
0.030709
0.0325838
0.0322171
0.0318338
0.0337613
0.0333309
0.0328744
0.0348447
0.0343782
0.0338775
0.0358625
0.0353766
0.0348493
0.0368038
0.0363138
0.0357765
0.0376509
0.0371674
0.0366311
0.0383669
0.0378982
0.037372
0.0389145
0.038466
0.0379566
0.0392597
0.038834
0.0383454
0.0393775
0.0389741
0.0385076
0.0392352
0.0388515
0.0384064
0.0387981
0.03843
0.0380041
0.038033
0.0376765
0.0372676
0.0369106
0.0365637
0.0361717
0.0354114
0.0350765
0.0347043
0.0335336
0.0332168
0.0328701
0.0312941
0.031003
0.0306882
0.0287209
0.0284624
0.0281851
0.0258448
0.0256239
0.0253884
0.0226974
0.0225167
0.0223248
0.0193074
0.0191665
0.0190172
0.0156869
0.0155818
0.0154705
0.0118051
0.0117294
0.0116498
0.00762149
0.00757152
0.00751959
0.0044347
0.00440521
0.00437484
0.000802686
0.00164178
0.00232544
0.00295974
0.00357011
0.00417015
0.00476893
0.00537385
0.00599467
0.00664854
0.00736822
0.00811749
0.00887311
0.00964172
0.010432
0.0112518
0.0121088
0.0130191
0.0140849
0.0153947
0.0169206
0.0185925
0.0205238
0.0230519
0.0258245
0.00187775
0.00368147
0.00482397
0.00606061
0.00743591
0.00887307
0.0103257
0.0117607
0.0131588
0.0145121
0.0158204
0.0170952
0.0183812
0.0196948
0.0210471
0.022451
0.0239331
0.0255264
0.0273869
0.0296144
0.0319528
0.0342011
0.0363045
0.0379622
0.0398739
0.00253099
0.00519261
0.00682746
0.00852969
0.0102787
0.0119693
0.0135638
0.015065
0.0164936
0.0178729
0.0192219
0.0205616
0.0219153
0.0232921
0.0246945
0.0261252
0.0275943
0.0291538
0.0307913
0.0324056
0.0336803
0.0345312
0.034944
0.034815
0.0341569
0.00312985
0.00657575
0.00870924
0.0107133
0.0125771
0.0142583
0.0157772
0.0171778
0.0185039
0.0197885
0.0210506
0.0223051
0.0235627
0.024824
0.0260823
0.0273272
0.0285763
0.0298221
0.0308998
0.0316934
0.0320752
0.032105
0.0318176
0.0312221
0.0303028
0.00380305
0.00814966
0.010691
0.0128396
0.0146798
0.0162485
0.0176263
0.018882
0.0200669
0.021214
0.0223337
0.0234387
0.0245323
0.0256081
0.0266518
0.0276588
0.0286095
0.0293958
0.0299079
0.0301248
0.0300669
0.029777
0.0292774
0.0285744
0.0276568
0.00476316
0.00999238
0.0128453
0.0150464
0.0167768
0.018189
0.0193956
0.0204769
0.02149
0.0224662
0.0234093
0.0243289
0.0252248
0.0260878
0.0269005
0.027642
0.0282589
0.0286426
0.0287763
0.0286892
0.0284211
0.0279977
0.0274328
0.0267298
0.0258788
0.00610317
0.0128537
0.015495
0.017465
0.0189773
0.0201711
0.0211596
0.0220408
0.0228555
0.0236348
0.024377
0.02509
0.0257716
0.0264099
0.026989
0.0274691
0.0277704
0.0278593
0.0277577
0.0275062
0.0271326
0.0266535
0.0260765
0.0253997
0.0246116
0.00987606
0.0162714
0.0186441
0.020173
0.0212911
0.0221644
0.0229022
0.0235523
0.0241485
0.0247137
0.0252393
0.025735
0.0261984
0.0266177
0.0269666
0.0271852
0.0272346
0.0271217
0.0268778
0.0265347
0.0261096
0.0256121
0.0250446
0.0244015
0.0236692
0.0158586
0.0199568
0.0217383
0.0227541
0.0234651
0.0240133
0.0244754
0.0248911
0.0252791
0.0256227
0.0259353
0.0262239
0.0264828
0.0266932
0.0268145
0.0268118
0.0266792
0.0264327
0.0261039
0.0257105
0.025263
0.024766
0.0242178
0.02361
0.0229269
0.0209219
0.0230794
0.0241455
0.0247614
0.0251758
0.0254812
0.0257266
0.0259363
0.0261199
0.0262727
0.0264062
0.0265181
0.0265953
0.0266135
0.0265471
0.0263841
0.0261302
0.0258057
0.0254312
0.0250161
0.0245659
0.0240816
0.0235585
0.0229857
0.022346
0.0242893
0.0252789
0.0258447
0.0261807
0.0263835
0.0265075
0.0265863
0.0266381
0.0266602
0.0266639
0.0266502
0.0266114
0.0265333
0.0263996
0.0261988
0.0259303
0.0256046
0.0252405
0.0248467
0.0244283
0.0239875
0.0235224
0.0230263
0.0224869
0.0218857
0.0264964
0.0268813
0.0271043
0.0272072
0.0272266
0.0271944
0.0271335
0.0270499
0.02695
0.0268356
0.0267024
0.0265421
0.0263449
0.0261033
0.0258147
0.025483
0.0251231
0.0247422
0.0243449
0.0239334
0.0235077
0.0230642
0.0225948
0.0220858
0.0215183
0.0280828
0.0281261
0.0280951
0.0279996
0.0278582
0.0276911
0.0275058
0.0273092
0.0271035
0.0268855
0.02665
0.0263914
0.0261049
0.0257883
0.0254436
0.02508
0.0247033
0.0243171
0.0239234
0.0235227
0.0231134
0.0226908
0.0222455
0.0217632
0.0212247
0.0293307
0.0291486
0.0289262
0.0286717
0.0283963
0.0281076
0.0278118
0.0275117
0.0272063
0.0268931
0.0265692
0.0262313
0.0258756
0.0255063
0.0251271
0.0247427
0.0243562
0.0239684
0.0235795
0.0231891
0.0227946
0.02239
0.0219651
0.0215055
0.0209911
0.0304067
0.0300608
0.0296916
0.0293058
0.0289088
0.0285086
0.0281091
0.0277101
0.0273101
0.0269082
0.0265032
0.0260962
0.0256885
0.0252809
0.024876
0.0244774
0.0240836
0.0236934
0.0233073
0.0229247
0.022542
0.0221515
0.021743
0.0213016
0.0208069
0.0314107
0.030936
0.0304453
0.0299446
0.0294421
0.0289412
0.028443
0.027949
0.027459
0.0269756
0.0265014
0.0260356
0.025579
0.0251328
0.0246991
0.0242797
0.0238736
0.0234791
0.023095
0.0227192
0.0223455
0.0219654
0.0215691
0.0211418
0.0206625
0.0323677
0.0318013
0.031218
0.0306262
0.0300311
0.0294371
0.0288453
0.0282641
0.0276957
0.0271412
0.026602
0.026079
0.0255737
0.0250872
0.0246212
0.0241761
0.0237501
0.0233413
0.022948
0.0225675
0.0221942
0.02182
0.0214331
0.021017
0.0205493
0.0333122
0.0326816
0.0320288
0.0313595
0.0306837
0.0300107
0.0293441
0.0286889
0.0280487
0.0274264
0.0268243
0.0262445
0.0256887
0.0251587
0.0246556
0.0241785
0.0237249
0.0232935
0.0228826
0.0224892
0.0221077
0.0217297
0.0213426
0.020929
0.0204659
0.0342467
0.0335702
0.0328658
0.0321418
0.0314072
0.0306706
0.0299388
0.0292179
0.0285127
0.0278273
0.0271653
0.0265295
0.0259224
0.0253462
0.0248014
0.0242859
0.0237978
0.0233368
0.022901
0.0224873
0.02209
0.0217002
0.0213051
0.0208864
0.0204208
0.0351563
0.0344542
0.0337165
0.0329529
0.0321732
0.0313865
0.0306012
0.0298243
0.029062
0.0283195
0.0276015
0.0269119
0.026254
0.0256305
0.0250404
0.024482
0.0239551
0.0234593
0.0229932
0.0225533
0.0221339
0.0217258
0.0213155
0.0208847
0.0204091
0.0360055
0.035293
0.0345376
0.0337496
0.032939
0.0321158
0.0312891
0.0304669
0.0296565
0.0288643
0.0280959
0.0273564
0.0266504
0.0259794
0.0253429
0.0247404
0.0241727
0.0236396
0.0231398
0.0226699
0.0222238
0.0217922
0.0213612
0.020912
0.0204197
0.0367515
0.0360412
0.0352815
0.0344825
0.0336547
0.0328081
0.0319523
0.0310963
0.0302481
0.0294152
0.028604
0.0278205
0.0270706
0.0263552
0.0256741
0.0250292
0.0244216
0.0238513
0.0233169
0.0228152
0.0223398
0.0218812
0.0214252
0.0209524
0.020438
0.0373496
0.0366513
0.0358983
0.0351004
0.0342677
0.0334104
0.0325382
0.0316605
0.0307861
0.029923
0.0290789
0.0282598
0.0274712
0.0267167
0.0259971
0.0253147
0.0246708
0.0240659
0.0234985
0.0229652
0.0224599
0.0219725
0.0214886
0.0209887
0.0204476
0.0377576
0.0370788
0.0363418
0.0355556
0.0347298
0.0338742
0.0329986
0.0321124
0.0312243
0.0303429
0.0294757
0.0286297
0.027811
0.0270254
0.0262756
0.025563
0.0248889
0.0242541
0.0236573
0.023095
0.0225608
0.0220445
0.0215314
0.021002
0.0204313
0.0379418
0.0372872
0.0365725
0.035806
0.0349966
0.0341535
0.033286
0.0324034
0.0315144
0.0306275
0.0297506
0.0288907
0.0280544
0.0272475
0.0264752
0.0257405
0.0250443
0.0243864
0.0237657
0.0231786
0.0226182
0.0220743
0.0215321
0.0209722
0.0203702
0.0378636
0.0372361
0.0365488
0.0358088
0.0350243
0.0342037
0.0333557
0.0324888
0.0316118
0.0307329
0.02986
0.0290003
0.0281605
0.0273465
0.0265635
0.0258155
0.0251055
0.0244329
0.0237953
0.0231889
0.0226066
0.0220378
0.0214679
0.0208779
0.0202446
0.0374841
0.0368855
0.0362295
0.0355224
0.0347709
0.0339826
0.0331652
0.0323268
0.0314752
0.0306185
0.0297642
0.0289194
0.0280909
0.0272845
0.0265052
0.0257572
0.025043
0.0243639
0.0237176
0.0230987
0.0224997
0.0219099
0.0213149
0.0206967
0.0200335
0.0367702
0.0362023
0.0355817
0.0349133
0.0342027
0.0334563
0.0326808
0.0318831
0.0310705
0.0302502
0.0294292
0.0286144
0.0278121
0.0270279
0.0262667
0.0255324
0.0248272
0.0241518
0.0235045
0.0228802
0.0222707
0.0216646
0.0210484
0.0204057
0.0197161
0.0356985
0.0351642
0.0345834
0.0339599
0.033298
0.0326026
0.0318793
0.031134
0.030373
0.0296026
0.0288289
0.0280583
0.0272965
0.0265486
0.0258192
0.0251116
0.0244278
0.0237678
0.0231292
0.0225068
0.0218927
0.0212761
0.0206444
0.0199827
0.0192714
0.0342592
0.033763
0.0332274
0.0326549
0.0320486
0.0314124
0.0307505
0.0300678
0.0293692
0.0286602
0.0279461
0.0272322
0.0265235
0.0258245
0.0251391
0.0244701
0.0238189
0.0231846
0.0225642
0.0219521
0.0213402
0.0207198
0.02008
0.0194056
0.0186694
0.0324589
0.0320062
0.0315212
0.0310052
0.0304605
0.0298898
0.0292964
0.0286838
0.028056
0.0274174
0.0267722
0.0261249
0.0254794
0.0248395
0.0242082
0.0235876
0.0229782
0.0223783
0.0217842
0.02119
0.0205892
0.0199743
0.0193297
0.0186386
0.0178809
0.0303174
0.0299134
0.0294833
0.029028
0.0285489
0.0280479
0.0275273
0.0269896
0.0264379
0.0258755
0.0253055
0.0247312
0.0241559
0.0235822
0.0230124
0.0224474
0.0218868
0.021328
0.020767
0.0201994
0.019617
0.0190077
0.0183597
0.0176605
0.0168959
0.02786
0.0275087
0.0271368
0.0267448
0.0263333
0.0259038
0.0254578
0.0249969
0.0245234
0.0240395
0.0235475
0.0230496
0.0225479
0.0220444
0.02154
0.0210349
0.0205275
0.0200154
0.0194946
0.0189554
0.0183911
0.0177936
0.0171545
0.0164642
0.0157119
0.0251127
0.0248168
0.0245046
0.0241765
0.0238329
0.0234745
0.0231023
0.0227175
0.0223214
0.0219153
0.0215007
0.0210789
0.0206512
0.0202182
0.0197803
0.0193363
0.0188855
0.0184216
0.0179392
0.0174319
0.0168952
0.0163233
0.0157098
0.0150478
0.0143292
0.0221
0.0218599
0.021607
0.0213415
0.0210636
0.0207737
0.0204723
0.0201601
0.0198377
0.0195058
0.0191651
0.0188162
0.0184594
0.0180948
0.0177217
0.0173387
0.0169419
0.0165257
0.0160866
0.0156212
0.0151256
0.0145954
0.014026
0.0134123
0.0127488
0.0188417
0.0186547
0.0184578
0.0182509
0.018034
0.0178073
0.0175709
0.0173252
0.0170701
0.0168061
0.0165331
0.0162512
0.0159602
0.0156596
0.0153484
0.0150251
0.0146829
0.0143192
0.0139329
0.0135214
0.0130817
0.0126106
0.0121049
0.0115614
0.0109765
0.0153392
0.0151995
0.0150522
0.0148971
0.0147339
0.0145628
0.0143834
0.0141959
0.014
0.0137956
0.0135825
0.0133605
0.0131291
0.0128876
0.0126354
0.0123714
0.0120917
0.0117947
0.0114755
0.0111332
0.0107663
0.0103738
0.00995398
0.00950551
0.00902621
0.0115558
0.0114564
0.0113513
0.0112403
0.0111233
0.0110001
0.0108705
0.0107341
0.0105907
0.0104401
0.010282
0.0101161
0.00994196
0.00975926
0.00956752
0.00936624
0.00915458
0.00893144
0.00869417
0.00844199
0.00817421
0.0078901
0.00758878
0.00726877
0.00692621
0.00745968
0.0073991
0.00733601
0.00726945
0.0071991
0.00712482
0.00704644
0.00696378
0.00687665
0.00678491
0.00668838
0.00658692
0.00648037
0.00636858
0.00625144
0.00612881
0.00600056
0.00586651
0.00572637
0.00557977
0.00542637
0.00526578
0.0050975
0.00492063
0.00473284
0.00433915
0.00430215
0.0042637
0.00422366
0.00418186
0.00413812
0.00409227
0.00404412
0.00399345
0.00394007
0.00388375
0.00382427
0.00376137
0.0036948
0.00362428
0.00354951
0.00347016
0.00338588
0.00329628
0.00320092
0.00309929
0.00299083
0.00287484
0.00275048
0.00261665
0.0127456
0.0353989
0.0308698
0.0242493
0.0202602
0.0178645
0.0156963
0.013136
0.00978732
0.00662276
0.012926
0.0364404
0.0313028
0.0243518
0.0204025
0.0180684
0.0159037
0.0133122
0.00991215
0.00665628
0.013161
0.0373408
0.031642
0.0244225
0.0205529
0.0182881
0.0161218
0.0134921
0.0100372
0.00668541
0.0134516
0.0382521
0.0319387
0.0244767
0.0207132
0.0185198
0.0163464
0.0136739
0.0101624
0.00670999
0.0137497
0.0391016
0.0321698
0.024509
0.0208837
0.0187625
0.0165754
0.0138548
0.0102849
0.00672921
0.0140482
0.0398986
0.0323325
0.0245249
0.0210701
0.0190191
0.0168098
0.0140352
0.0104045
0.00674236
0.0143307
0.0406216
0.032415
0.0245288
0.0212784
0.0192922
0.0170502
0.0142147
0.0105205
0.00674865
0.0145956
0.0412423
0.0324017
0.0245268
0.0215152
0.0195848
0.0172974
0.014393
0.010632
0.0067473
0.0148692
0.0417162
0.0322733
0.024526
0.0217881
0.0198999
0.0175522
0.0145697
0.0107382
0.00673755
0.0150326
0.0420498
0.0319972
0.0245373
0.0221062
0.0202413
0.0178155
0.0147445
0.0108381
0.00671868
0.0150624
0.0421112
0.0315445
0.0245799
0.0224808
0.0206128
0.0180881
0.0149166
0.0109306
0.00669017
0.0147291
0.0417786
0.0309054
0.0246861
0.0229242
0.0210169
0.0183695
0.0150844
0.011014
0.00665173
0.0137857
0.0410475
0.0300674
0.0248951
0.0234448
0.0214519
0.0186559
0.0152442
0.0110851
0.00660355
0.0120387
0.0396591
0.0292246
0.0253055
0.0240418
0.0219136
0.0189401
0.015384
0.011134
0.00654378
0.00952412
0.0374505
0.0285007
0.0259484
0.0247113
0.0223786
0.0191955
0.0154833
0.0111457
0.00646319
0.00708643
0.0345381
0.0279865
0.0267614
0.0254142
0.0228033
0.0193829
0.015512
0.0111063
0.00635839
0.00594189
0.0317217
0.0280655
0.02774
0.0260879
0.023121
0.0194458
0.0154314
0.0109987
0.00622825
0.00904219
0.0296987
0.0289146
0.0288176
0.0266152
0.0232312
0.0193062
0.015196
0.0108078
0.00607289
0.0183856
0.0285724
0.0304701
0.0298162
0.0268004
0.0229533
0.0188622
0.0147755
0.0105315
0.00589515
0.0263394
0.0304983
0.032562
0.03012
0.0262447
0.0221627
0.0181705
0.0142645
0.01021
0.00570133
0.0316312
0.0349979
0.0331917
0.0290898
0.0248985
0.0210061
0.0173349
0.0137019
0.00984831
0.005499
0.0387879
0.0351242
0.0307484
0.0267302
0.0231324
0.0197797
0.0165068
0.0131547
0.00948464
0.00530609
0.0326671
0.030306
0.0273816
0.024415
0.0215481
0.0186926
0.0157539
0.0126473
0.00913549
0.00512516
0.028927
0.0270946
0.02496
0.0226818
0.0203015
0.0177902
0.0151041
0.0121993
0.00882191
0.0049626
0.026466
0.0250058
0.0233063
0.0214098
0.0193333
0.0170601
0.0145629
0.0118177
0.00855423
0.00482131
0.0248304
0.023576
0.0221196
0.0204584
0.0185828
0.0164768
0.0141228
0.0115
0.00833317
0.0047015
0.0236671
0.0225491
0.0212458
0.0197353
0.0179974
0.0160142
0.0137729
0.0112389
0.00815346
0.00460197
0.0228036
0.0217805
0.0205817
0.0191768
0.0175398
0.0156505
0.0135012
0.0110228
0.00800711
0.0045209
0.0221248
0.0211748
0.0200548
0.0187305
0.0171725
0.0153596
0.0132797
0.0108483
0.00789672
0.00445405
0.0215963
0.0207042
0.0196456
0.018384
0.0168884
0.0151388
0.0131021
0.0107124
0.00782168
0.00440148
0.02118
0.0203353
0.0193263
0.0181153
0.0166705
0.0149699
0.0129617
0.010611
0.00777541
0.00436043
0.0208499
0.0200449
0.0190768
0.0179072
0.0165052
0.0148347
0.0128526
0.0105421
0.0077519
0.00432834
0.0205878
0.019816
0.0188818
0.0177466
0.0163779
0.0147265
0.0127706
0.0104989
0.00774559
0.004303
0.0203804
0.019636
0.0187297
0.0176236
0.0162731
0.0146407
0.0127139
0.0104753
0.00775181
0.00428247
0.0202172
0.0194948
0.0186113
0.0175242
0.0161884
0.0145771
0.012677
0.0104654
0.00776665
0.00426513
0.020089
0.019384
0.0185163
0.0174411
0.0161217
0.0145318
0.0126535
0.0104642
0.00778681
0.00424955
0.0199877
0.0192938
0.0184366
0.017375
0.016072
0.0144993
0.0126376
0.0104671
0.00780942
0.00423451
0.0199105
0.0192246
0.0183768
0.0173259
0.0160343
0.0144731
0.0126238
0.0104698
0.00783183
0.00421892
0.0198644
0.0191799
0.0183351
0.0172883
0.0160019
0.0144471
0.0126066
0.0104683
0.00785156
0.00420178
0.0198443
0.0191534
0.0183041
0.0172546
0.0159673
0.0144143
0.0125804
0.0104584
0.0078661
0.00418215
0.0198392
0.0191348
0.0182739
0.0172155
0.0159223
0.0143676
0.012539
0.0104355
0.00787292
0.00415916
0.0198356
0.0191113
0.0182332
0.0171607
0.0158576
0.0142989
0.0124759
0.010395
0.00786942
0.00413198
0.0198185
0.0190695
0.0181696
0.0170791
0.0157632
0.0141993
0.012384
0.0103319
0.00785292
0.00409979
0.0197719
0.0189947
0.0180698
0.0169586
0.0156279
0.0140591
0.0122556
0.010241
0.00782066
0.00406181
0.0196785
0.0188712
0.0179194
0.0167855
0.0154392
0.0138677
0.0120827
0.0101168
0.00776979
0.00401726
0.0195202
0.0186821
0.0177022
0.0165443
0.0151829
0.0136136
0.0118572
0.00995403
0.00769734
0.00396532
0.0192776
0.018409
0.0173998
0.0162167
0.0148434
0.0132856
0.0115715
0.00974725
0.00760021
0.0039051
0.0189308
0.0180316
0.0169893
0.015781
0.0144055
0.0128739
0.0112192
0.00949134
0.00747498
0.00383553
0.0184557
0.0175189
0.0164449
0.0152234
0.013859
0.0123723
0.0107958
0.00918095
0.00731753
0.00375522
0.0178201
0.0168539
0.0157644
0.0145482
0.013214
0.0117834
0.0102976
0.00880919
0.00712241
0.00366214
0.0170103
0.016033
0.0149481
0.0137567
0.0124698
0.0111107
0.00972424
0.00836884
0.00688249
0.00355333
0.0160231
0.0150557
0.013996
0.0128481
0.0116252
0.0103522
0.00907781
0.00786989
0.00658937
0.00342425
0.0148584
0.0139221
0.0129078
0.0118223
0.0106803
0.00950792
0.00835867
0.00730981
0.00623371
0.00327229
0.0135173
0.0126339
0.0116863
0.0106828
0.0096383
0.00858061
0.00756931
0.00668655
0.0058139
0.00309165
0.0120022
0.0111964
0.0103383
0.0094373
0.00850695
0.00757799
0.00671627
0.00600048
0.00531793
0.00286239
0.0103214
0.00961958
0.00887671
0.00809912
0.00730043
0.00651456
0.00581035
0.00525013
0.00472244
0.0025626
0.00849215
0.00792312
0.00732139
0.00668879
0.00603746
0.00541009
0.00486213
0.00442479
0.00397902
0.00218867
0.00654384
0.00613523
0.00569776
0.00522763
0.00473881
0.00427344
0.00386313
0.00349737
0.00307407
0.00166174
0.00452233
0.00428776
0.00401963
0.00371284
0.00338538
0.00306079
0.00272581
0.00236648
0.00191361
0.000843198
0.00246482
0.00229798
0.00211044
0.00189587
0.0016425
0.00133791
0.000979149
0.000549565
0.000414856
0.000404995
)
;

boundaryField
{
    inlet
    {
        type            fixedValue;
        value           uniform 2.26051;
    }
    outlet
    {
        type            zeroGradient;
    }
    walls
    {
        type            kqRWallFunction;
        value           nonuniform List<scalar> 
446
(
1.38444
0.807206
0.528199
0.375205
0.282808
0.222686
0.181217
0.151262
0.128806
0.111457
0.097715
0.0866029
0.077459
0.0698221
0.0633619
0.0578363
0.0530641
0.0489072
0.0452586
0.0420346
0.0392389
0.0367315
0.0344706
0.0324221
0.0305575
0.0288531
0.0272883
0.0257999
0.0244261
0.0231531
0.0219689
0.0208628
0.0198252
0.0188478
0.0179229
0.0170436
0.0162037
0.0153973
0.0146193
0.013865
0.01313
0.0124104
0.0117027
0.0110036
0.0103101
0.00961933
0.00892856
0.00823487
0.00753502
0.00682505
0.00609939
0.00534974
0.00455562
0.00369352
0.00277694
0.00177924
0.00101542
0.000806882
0.000836021
0.00092558
0.00092558
0.00161393
0.00241303
0.0035892
0.00483895
0.00604751
0.00692608
0.00768728
0.00835152
0.00891023
0.00936439
0.00976165
0.0101125
0.0104186
0.0106724
0.0108787
0.0110403
0.0111599
0.0112405
0.0112853
0.0112975
0.0112805
0.0112378
0.0111726
0.011088
0.010987
0.0108725
0.0107469
0.0106125
0.0104713
0.0103252
0.0101756
0.0100239
0.0098711
0.00971831
0.00958464
0.00945249
0.00932192
0.00917299
0.00902652
0.00888305
0.00874293
0.00860626
0.00847315
0.0083438
0.00821823
0.00809636
0.00797815
0.00786356
0.00775252
0.00764497
0.00754083
0.00744003
0.00734248
0.00724827
0.00715742
0.00706975
0.00698511
0.00690335
0.00682434
0.00674796
0.0066741
0.00660264
0.00653349
0.00646655
0.00640172
0.00633891
0.00627806
0.00621907
0.00616187
0.00610639
0.00605255
0.0060003
0.00594956
0.00590028
0.00585238
0.00580582
0.00576054
0.00571648
0.00567359
0.00563182
0.00559111
0.00555141
0.00551268
0.00547487
0.00543793
0.00540183
0.00536651
0.00533193
0.00529806
0.00526485
0.00523226
0.00520025
0.00516878
0.00513781
0.00510729
0.0050772
0.00504749
0.00501812
0.00498905
0.00496024
0.00493166
0.00490325
0.00487498
0.0048468
0.00481867
0.00479053
0.00476234
0.00473404
0.00470558
0.00467688
0.0046479
0.00461854
0.00458875
0.00455843
0.0045275
0.00449585
0.00446341
0.0044347
0.00440521
0.00437484
0.00433915
0.00430215
0.0042637
0.00422366
0.00418186
0.00413812
0.00409227
0.00404412
0.00399345
0.00394007
0.00388375
0.00382427
0.00376137
0.0036948
0.00362428
0.00354951
0.00347016
0.00338588
0.00329628
0.00320092
0.00309929
0.00299083
0.00287484
0.00275048
0.00261665
0.00246482
0.00229798
0.00211044
0.00189587
0.0016425
0.00133791
0.000979149
0.000549565
0.000414856
0.000404995
0.0045209
0.00445405
0.00440148
0.00436043
0.00432834
0.004303
0.00428247
0.00426513
0.00424955
0.00423451
0.00421892
0.00420178
0.00418215
0.00415916
0.00413198
0.00409979
0.00406181
0.00401726
0.00396532
0.0039051
0.00383553
0.00375522
0.00366214
0.00355333
0.00342425
0.00327229
0.00309165
0.00286239
0.0025626
0.00218867
0.00166174
0.000843198
0.000404995
0.005499
0.00530609
0.00512516
0.0049626
0.00482131
0.0047015
0.00460197
0.00662276
0.00665628
0.00668541
0.00670999
0.00672921
0.00674236
0.00674865
0.0067473
0.00673755
0.00671868
0.00669017
0.00665173
0.00660355
0.00654378
0.00646319
0.00635839
0.00622825
0.00607289
0.00589515
0.00570133
0.0127456
0.012926
0.013161
0.0134516
0.0137497
0.0140482
0.0143307
0.0145956
0.0148692
0.0150326
0.0150624
0.0147291
0.0137857
0.0120387
0.00952412
0.00708643
0.00594189
0.00904219
0.0183856
0.0263394
0.000802686
0.00164178
0.00232544
0.00295974
0.00357011
0.00417015
0.00476893
0.00537385
0.00599467
0.00664854
0.00736822
0.00811749
0.00887311
0.00964172
0.010432
0.0112518
0.0121088
0.0130191
0.0140849
0.0153947
0.0169206
0.0185925
0.0205238
0.0230519
0.0258245
0.000110916
0.000252544
0.000384757
0.000495848
0.00059485
0.000683282
0.000764453
0.000839927
0.000910748
0.00097763
0.00104109
0.00110155
0.00115934
0.00121479
0.00126818
0.00131978
0.00136985
0.00141863
0.00146636
0.00151328
0.00155962
0.00160559
0.00165142
0.00169735
0.0017436
0.00179044
0.00183813
0.00188698
0.00193733
0.00198957
0.00204417
0.00210171
0.00216288
0.00222859
0.0022978
0.00236981
0.00244477
0.00252298
0.00260479
0.00268992
0.00277864
0.00287156
0.00296893
0.00307105
0.00317823
0.00329078
0.00340899
0.00353313
0.00366343
0.00380002
0.00394291
0.00409185
0.00424616
0.00440459
0.00456486
0.00472316
0.00487317
0.00500478
0.00510474
0.00516707
0.00520052
0.00520918
0.0051921
0.00511582
0.00498462
0.00479627
0.00454329
0.00424799
0.00392715
0.00358934
0.00324503
0.00289739
0.0025907
0.00230576
0.00203229
0.00176369
0.00149351
0.00121032
0.000899101
0.000514479
0.00834801
0.00319965
0.00316719
0.00318662
0.00315306
0.00302151
0.00274349
0.0024859
0.00225424
0.00204227
0.00184613
0.00166964
0.00151153
0.00136939
0.00123947
0.00112273
0.00101998
0.000925865
0.000836703
0.000749684
0.000662162
0.000571218
0.000471046
0.000354037
0.000201209
1.38444
0.807206
0.528199
0.375206
0.282809
0.222687
0.181218
0.151263
0.128808
0.11146
0.0977188
0.0866081
0.0774661
0.0698317
0.0633749
0.0578541
0.0530882
0.0489399
0.045303
0.042093
)
;
    }
    baffle
    {
        type            kqRWallFunction;
        value           nonuniform List<scalar> 
34
(
0.000201209
0.000373478
0.000430724
0.000435639
0.000411613
0.000374948
0.00033874
0.000410139
0.000995331
0.00200368
0.000110916
0.000418739
0.000644649
0.000846594
0.00104566
0.0012974
0.00163817
0.000514479
0.000859295
0.00092152
0.000854861
0.000732999
0.000633285
0.000574727
0.00372989
0.00633691
0.00844623
0.000802686
0.00187775
0.00253099
0.00312985
0.00380305
0.00476316
0.00610317
)
;
    }
    front
    {
        type            empty;
    }
    back
    {
        type            empty;
    }
}


// ************************************************************************* //
