/*--------------------------------*- C++ -*----------------------------------*\
| =========                 |                                                 |
| \\      /  F ield         | OpenFOAM: The Open Source CFD Toolbox           |
|  \\    /   O peration     | Version:  v2012                                 |
|   \\  /    A nd           | Website:  www.openfoam.com                      |
|    \\/     M anipulation  |                                                 |
\*---------------------------------------------------------------------------*/
FoamFile
{
    version     2.0;
    format      ascii;
    class       volScalarField;
    location    "560";
    object      p;
}
// * * * * * * * * * * * * * * * * * * * * * * * * * * * * * * * * * * * * * //

dimensions      [0 2 -2 0 0 0 0];


internalField   nonuniform List<scalar> 
6018
(
1.24018
1.23934
1.23928
1.24011
1.24204
1.24506
1.24907
1.25391
1.25942
1.26545
1.27185
1.2785
1.28535
1.29245
1.2998
1.30723
1.31445
1.32292
1.33841
1.36294
1.23548
1.23481
1.23534
1.23699
1.23971
1.24339
1.24792
1.25314
1.25894
1.26522
1.27184
1.27862
1.2855
1.29256
1.29981
1.30702
1.31395
1.32122
1.33122
1.34279
1.22583
1.22662
1.22859
1.23158
1.23547
1.24013
1.24541
1.25123
1.25748
1.26411
1.27098
1.2778
1.28468
1.29186
1.29914
1.30621
1.31305
1.32033
1.3282
1.33256
1.21512
1.2176
1.22122
1.22571
1.23088
1.23659
1.24271
1.24916
1.25588
1.26281
1.26985
1.27687
1.28398
1.29126
1.29847
1.3054
1.31214
1.3191
1.32539
1.32794
1.20319
1.20761
1.21312
1.2193
1.2259
1.23277
1.23981
1.24699
1.25425
1.26157
1.26889
1.27618
1.28351
1.29087
1.29809
1.30499
1.3117
1.31838
1.32383
1.32588
1.19006
1.19685
1.20458
1.21267
1.22083
1.22894
1.23695
1.24487
1.2527
1.26043
1.26804
1.27557
1.28309
1.29058
1.29788
1.30484
1.31159
1.31829
1.32376
1.32582
1.1756
1.1855
1.1959
1.20614
1.21595
1.22533
1.23431
1.24297
1.25135
1.25947
1.26735
1.27507
1.28276
1.29041
1.29786
1.30495
1.31181
1.31886
1.3252
1.32777
1.1603
1.17376
1.18736
1.2
1.21157
1.22219
1.23209
1.24146
1.25039
1.25891
1.26704
1.2749
1.28271
1.29053
1.29816
1.3055
1.31254
1.31995
1.3279
1.33229
1.14234
1.16162
1.17923
1.1945
1.20779
1.21955
1.23026
1.24021
1.24957
1.25845
1.26691
1.27502
1.28293
1.29077
1.29856
1.30615
1.31332
1.32073
1.33084
1.34245
1.12447
1.15279
1.17382
1.19074
1.20498
1.21753
1.22879
1.23909
1.24867
1.25769
1.26627
1.27451
1.28252
1.29045
1.29842
1.30627
1.31377
1.3224
1.33798
1.36254
1.31388
1.31252
1.31127
1.31051
1.3103
1.31051
1.31091
1.31135
1.31177
1.31213
1.31236
1.31217
1.31144
1.31029
1.30896
1.30769
1.30656
1.30539
1.30398
1.30216
1.29989
1.29725
1.29416
1.29032
1.28562
1.27995
1.27331
1.26635
1.26003
1.25509
1.25136
1.24799
1.24473
1.24199
1.31324
1.3118
1.31063
1.31006
1.31013
1.31056
1.31109
1.31155
1.31192
1.31221
1.31235
1.31201
1.31117
1.30997
1.30872
1.3076
1.30661
1.30556
1.30431
1.30266
1.30047
1.29796
1.29534
1.29209
1.28758
1.28185
1.27498
1.26754
1.26045
1.25445
1.24955
1.24501
1.24078
1.23748
1.31112
1.30955
1.30854
1.30841
1.30914
1.31024
1.31127
1.31203
1.31252
1.31276
1.31272
1.31207
1.31091
1.30955
1.30845
1.3077
1.30704
1.30622
1.30522
1.30391
1.30185
1.29915
1.29597
1.29183
1.28615
1.27877
1.27005
1.26076
1.25168
1.24367
1.23724
1.23211
1.2284
1.22636
1.30705
1.30537
1.30467
1.30524
1.30704
1.30929
1.3114
1.31301
1.31397
1.31429
1.31382
1.31272
1.31114
1.30966
1.30871
1.30827
1.30795
1.30743
1.30649
1.30482
1.30182
1.29729
1.29136
1.28403
1.27529
1.26545
1.25502
1.24485
1.23568
1.22804
1.22208
1.21762
1.21489
1.2141
1.30122
1.29956
1.29944
1.30108
1.30417
1.30787
1.31148
1.31436
1.31608
1.3164
1.31538
1.3137
1.31181
1.3104
1.30973
1.30949
1.30908
1.30799
1.30578
1.30187
1.29588
1.28795
1.27857
1.26824
1.2574
1.24649
1.23592
1.2262
1.21771
1.21068
1.20525
1.20147
1.19974
1.20037
1.29464
1.29322
1.29389
1.2966
1.30096
1.30618
1.31137
1.31557
1.31792
1.31817
1.31686
1.31494
1.31308
1.3118
1.31105
1.31006
1.30814
1.30476
1.29943
1.29184
1.2822
1.27122
1.25959
1.24786
1.23638
1.22543
1.21523
1.20602
1.19806
1.19162
1.18676
1.18358
1.18285
1.18511
1.28832
1.2876
1.28902
1.29258
1.29796
1.30441
1.31085
1.31594
1.31859
1.31897
1.31795
1.31634
1.31464
1.31291
1.31082
1.30769
1.30279
1.29573
1.28644
1.27531
1.26299
1.25022
1.23756
1.22534
1.21375
1.20299
1.1932
1.18449
1.17702
1.17107
1.16672
1.16394
1.16398
1.16793
1.2835
1.28336
1.2853
1.28942
1.29544
1.30262
1.30967
1.31502
1.31793
1.31886
1.31852
1.31719
1.31497
1.3118
1.30721
1.30071
1.29188
1.2809
1.26832
1.2548
1.24095
1.22727
1.21415
1.20175
1.19009
1.17942
1.16997
1.16169
1.15448
1.14869
1.14483
1.14272
1.14297
1.14868
1.28017
1.28044
1.28274
1.28716
1.29341
1.3007
1.3077
1.31301
1.31629
1.31791
1.3179
1.31612
1.31248
1.30681
1.2988
1.28837
1.27591
1.26197
1.24725
1.23235
1.21762
1.20328
1.18969
1.17697
1.16498
1.15437
1.1455
1.13785
1.13115
1.12572
1.12248
1.12124
1.12037
1.12442
1.27822
1.27874
1.28121
1.28564
1.2917
1.2986
1.30509
1.3102
1.31376
1.31556
1.3151
1.31194
1.30591
1.29697
1.28539
1.2717
1.25664
1.24083
1.22473
1.2088
1.19329
1.17821
1.1643
1.15176
1.14035
1.13045
1.1221
1.11495
1.10856
1.10314
1.10036
1.10045
1.0973
1.09193
1.31257
1.31272
1.31323
1.314
1.31465
1.31469
1.31245
1.31256
1.31299
1.3137
1.31429
1.3142
1.31212
1.3123
1.31267
1.31317
1.31328
1.31258
1.31166
1.31203
1.3123
1.31212
1.3111
1.30925
1.31114
1.31172
1.31153
1.30988
1.30711
1.30395
1.31049
1.31111
1.30977
1.30602
1.30134
1.29743
1.30978
1.30994
1.3067
1.30094
1.2953
1.29102
1.30914
1.30809
1.30258
1.29557
1.28974
1.28572
1.30813
1.30539
1.29814
1.29089
1.28547
1.28193
1.30606
1.30202
1.29426
1.28749
1.2827
1.27964
1.27755
1.27812
1.28053
1.2847
1.29021
1.29631
1.30204
1.30672
1.30991
1.31095
1.30896
1.30337
1.29422
1.28201
1.26752
1.25158
1.23487
1.21783
1.20066
1.18401
1.16824
1.15324
1.13913
1.12618
1.11488
1.1054
1.09776
1.09192
1.08766
1.08498
1.08438
1.08537
1.08239
1.07024
1.27813
1.27857
1.28071
1.28432
1.28894
1.29396
1.29866
1.30233
1.30418
1.30325
1.29862
1.29
1.27786
1.26309
1.24664
1.22934
1.21163
1.19398
1.17643
1.15911
1.14262
1.1273
1.11359
1.10237
1.09386
1.08777
1.08397
1.08204
1.08149
1.08184
1.0827
1.08328
1.08226
1.07851
1.27998
1.28012
1.28172
1.28445
1.28792
1.29161
1.29484
1.29674
1.2963
1.29253
1.28481
1.27333
1.25895
1.24255
1.22494
1.20706
1.18894
1.17059
1.15269
1.13565
1.12011
1.10671
1.09602
1.08837
1.08351
1.08087
1.07985
1.07977
1.08007
1.08058
1.08126
1.08185
1.08219
1.08195
1.28312
1.28274
1.2835
1.28507
1.28713
1.28915
1.29033
1.28968
1.28621
1.2792
1.26849
1.25463
1.23874
1.22158
1.2036
1.18536
1.1672
1.14945
1.13269
1.11761
1.10479
1.09464
1.0873
1.08258
1.07998
1.07885
1.07855
1.07875
1.0793
1.08011
1.08108
1.08215
1.08325
1.08395
1.28761
1.28642
1.28602
1.2861
1.28641
1.28626
1.28476
1.28091
1.27402
1.26385
1.25055
1.23484
1.21837
1.20118
1.18329
1.16577
1.1489
1.13317
1.11899
1.10681
1.09691
1.08937
1.0841
1.08081
1.07901
1.07825
1.0782
1.07863
1.07944
1.08048
1.08162
1.08297
1.08446
1.0854
1.29331
1.29098
1.28906
1.28728
1.28539
1.28255
1.2778
1.27038
1.26006
1.2471
1.23196
1.21568
1.19885
1.18191
1.16555
1.15009
1.13584
1.12302
1.11175
1.10212
1.09423
1.08811
1.08371
1.08081
1.07918
1.07854
1.07857
1.07906
1.0799
1.08093
1.08208
1.08359
1.08528
1.08626
1.29986
1.29604
1.29218
1.28811
1.28357
1.27756
1.26924
1.25826
1.24476
1.22975
1.21366
1.19718
1.18097
1.16576
1.15191
1.13945
1.12835
1.1184
1.10943
1.10145
1.0946
1.08899
1.08469
1.08174
1.08
1.07919
1.07904
1.07938
1.08005
1.08097
1.08212
1.08369
1.08543
1.08641
1.30697
1.30131
1.2951
1.28829
1.28057
1.27107
1.25923
1.24485
1.2283
1.21242
1.19598
1.1803
1.16603
1.15357
1.14288
1.13367
1.12544
1.1177
1.11023
1.10309
1.09652
1.09082
1.08627
1.08298
1.08082
1.07959
1.07909
1.07914
1.07962
1.08043
1.08155
1.08312
1.08485
1.08587
1.31449
1.30665
1.29764
1.28758
1.27626
1.26309
1.24744
1.22944
1.21257
1.19571
1.17987
1.16606
1.15456
1.14535
1.13794
1.13161
1.12559
1.11933
1.11266
1.10574
1.09896
1.09278
1.08765
1.08382
1.08104
1.07936
1.07858
1.07836
1.07865
1.07935
1.08044
1.08198
1.08366
1.08474
1.32206
1.31159
1.29936
1.2856
1.27028
1.25298
1.23344
1.21495
1.19749
1.18016
1.16601
1.15481
1.14648
1.14048
1.13592
1.13184
1.12738
1.12201
1.11565
1.10851
1.10113
1.09401
1.08814
1.08376
1.08059
1.07864
1.07759
1.07719
1.07735
1.07798
1.07905
1.08053
1.08213
1.08329
1.32903
1.31546
1.29961
1.28189
1.26243
1.24139
1.22034
1.20094
1.1819
1.16629
1.1546
1.14638
1.14114
1.13791
1.1356
1.13318
1.12978
1.12493
1.11851
1.11072
1.10249
1.09459
1.08788
1.0829
1.07962
1.07765
1.07654
1.07605
1.07611
1.07667
1.07769
1.07911
1.08063
1.08176
1.33473
1.31764
1.298
1.2763
1.25267
1.22786
1.20661
1.18509
1.16752
1.1544
1.14549
1.1402
1.13761
1.13656
1.13594
1.13475
1.13212
1.1275
1.1207
1.11217
1.10292
1.09424
1.08713
1.08207
1.07883
1.07691
1.0758
1.07525
1.07522
1.07569
1.07664
1.07796
1.07939
1.08032
1.33846
1.31758
1.29391
1.26801
1.24054
1.214
1.19057
1.17026
1.155
1.14447
1.13829
1.1355
1.13498
1.13555
1.1362
1.13591
1.13377
1.12904
1.12167
1.11243
1.10262
1.09365
1.08648
1.08147
1.07835
1.07652
1.07545
1.07488
1.0748
1.07518
1.07603
1.07725
1.07859
1.07926
1.33955
1.31485
1.28724
1.25745
1.22699
1.20061
1.17592
1.15729
1.14423
1.13621
1.13237
1.13151
1.13245
1.13417
1.13567
1.13585
1.13369
1.12863
1.12092
1.11155
1.10178
1.09293
1.08591
1.08107
1.0781
1.07639
1.07541
1.0749
1.07482
1.07516
1.07591
1.077
1.07819
1.07869
1.33755
1.3092
1.27772
1.24397
1.21318
1.18566
1.16235
1.14574
1.13493
1.12913
1.1271
1.12755
1.1294
1.13173
1.13342
1.13332
1.13072
1.12549
1.11809
1.10932
1.10023
1.09194
1.08533
1.08075
1.07797
1.07643
1.07561
1.07525
1.07525
1.07558
1.07626
1.07719
1.07811
1.07842
1.33228
1.30043
1.26579
1.23006
1.19862
1.17081
1.14971
1.13535
1.12673
1.1227
1.12187
1.12303
1.12519
1.12735
1.12837
1.12743
1.12444
1.11951
1.11298
1.1054
1.09755
1.09032
1.08447
1.08037
1.07789
1.07659
1.07602
1.07588
1.07603
1.0764
1.07697
1.07768
1.07826
1.07834
1.32376
1.28865
1.25137
1.21595
1.18354
1.15709
1.13822
1.12602
1.11924
1.11643
1.11621
1.11742
1.1191
1.12028
1.12012
1.11833
1.1152
1.11085
1.10547
1.09941
1.09321
1.0875
1.08288
1.07963
1.07769
1.07678
1.07654
1.0767
1.07703
1.07743
1.07784
1.07824
1.07845
1.07837
1.31223
1.27454
1.23471
1.1997
1.1684
1.14439
1.1278
1.11752
1.11211
1.11
1.10968
1.11024
1.1108
1.11058
1.10923
1.10684
1.10373
1.09999
1.09575
1.09127
1.08689
1.08298
1.07998
1.07805
1.07707
1.0768
1.07702
1.07751
1.07803
1.07842
1.07862
1.07867
1.07859
1.07844
1.2979
1.25836
1.21873
1.18373
1.15423
1.13268
1.11823
1.1095
1.10492
1.10291
1.10206
1.10152
1.10061
1.099
1.0967
1.09395
1.09094
1.08773
1.08442
1.08131
1.07872
1.07667
1.07537
1.07508
1.07549
1.07628
1.07721
1.07811
1.07881
1.07914
1.07916
1.07893
1.07868
1.07852
1.28135
1.24023
1.20288
1.16833
1.14117
1.12194
1.10939
1.10186
1.09744
1.09497
1.09332
1.09145
1.08917
1.08645
1.0835
1.08054
1.07766
1.07492
1.07238
1.07018
1.06893
1.06879
1.06914
1.07034
1.07243
1.0747
1.07674
1.07829
1.07923
1.07953
1.0794
1.07903
1.07873
1.07859
1.26346
1.22309
1.1862
1.1536
1.12907
1.11198
1.10093
1.0941
1.08967
1.08652
1.08369
1.08054
1.07715
1.07366
1.07032
1.06725
1.06451
1.06216
1.06028
1.05896
1.0585
1.0594
1.06132
1.06393
1.06757
1.07157
1.07513
1.07777
1.07922
1.0796
1.07938
1.079
1.07872
1.07862
1.24431
1.20624
1.16976
1.13982
1.1178
1.10261
1.09272
1.0862
1.08153
1.07756
1.07352
1.06933
1.06515
1.0612
1.05765
1.05456
1.05197
1.04992
1.04849
1.04781
1.04805
1.04957
1.05265
1.05646
1.06104
1.06664
1.07197
1.07616
1.07862
1.07939
1.07921
1.07885
1.07861
1.07856
1.22446
1.18807
1.15403
1.12701
1.10726
1.0937
1.08464
1.07822
1.07303
1.06814
1.06316
1.05821
1.05354
1.04935
1.04571
1.04266
1.04024
1.03843
1.03736
1.03714
1.03792
1.03987
1.04328
1.04818
1.05374
1.06016
1.06718
1.07315
1.07716
1.07885
1.07896
1.07861
1.07839
1.07837
1.20532
1.1707
1.13941
1.11507
1.09736
1.08513
1.07662
1.07009
1.0643
1.05861
1.05293
1.04749
1.04255
1.03825
1.03459
1.0316
1.02932
1.02774
1.02696
1.02708
1.02824
1.03059
1.03426
1.03933
1.04568
1.05306
1.06108
1.06872
1.07459
1.07779
1.07863
1.07839
1.07813
1.07807
1.18761
1.15456
1.1259
1.10394
1.088
1.07682
1.06863
1.06187
1.05553
1.04921
1.04305
1.03734
1.03227
1.02793
1.02429
1.02138
1.01924
1.01785
1.01731
1.01769
1.01913
1.02174
1.02564
1.03089
1.03749
1.04538
1.05418
1.0631
1.07081
1.07594
1.07804
1.07818
1.07783
1.07768
1.17022
1.13926
1.11334
1.09354
1.07912
1.06873
1.06072
1.0537
1.04688
1.04013
1.03369
1.02783
1.02273
1.01839
1.0148
1.01198
1.00996
1.00874
1.0084
1.009
1.01065
1.01345
1.0175
1.02287
1.02961
1.03769
1.04692
1.05671
1.06594
1.07309
1.07696
1.07786
1.07745
1.07719
1.15299
1.12488
1.10163
1.08381
1.07066
1.06089
1.05296
1.04569
1.03852
1.03149
1.02491
1.01902
1.01393
1.00962
1.00609
1.00336
1.00145
1.00039
1.00021
1.001
1.00282
1.00577
1.00993
1.01537
1.02215
1.03029
1.0397
1.04998
1.0603
1.06926
1.07519
1.07728
1.07704
1.0766
1.1372
1.11165
1.0908
1.07474
1.06262
1.05332
1.04543
1.03796
1.03057
1.0234
1.01678
1.01091
1.00586
1.0016
0.998142
0.995494
0.993698
0.992762
0.992729
0.993668
0.995639
0.998712
1.00296
1.00844
1.01523
1.02335
1.03279
1.0433
1.05425
1.06457
1.0726
1.07636
1.0766
1.07589
1.12293
1.09955
1.08083
1.06631
1.05501
1.04608
1.03822
1.03063
1.02311
1.0159
1.00932
1.00351
0.998515
0.994321
0.990933
0.98837
0.98667
0.985851
0.985943
0.987011
0.989105
0.992282
0.996598
1.00211
1.00889
1.01696
1.02635
1.03691
1.04817
1.05931
1.06902
1.07493
1.07594
1.07502
1.10973
1.08852
1.07172
1.05844
1.04787
1.03925
1.03143
1.02378
1.01623
1.00906
1.00255
0.996821
0.991894
0.987769
0.984454
0.981971
0.98036
0.979643
0.979842
0.98102
0.983219
0.986486
0.990865
0.996407
1.00316
1.01118
1.02047
1.031
1.04249
1.05406
1.06479
1.07285
1.07487
1.0739
1.09742
1.07852
1.0634
1.05115
1.04123
1.03288
1.02514
1.01749
1.00998
1.00289
0.99648
0.990843
0.985993
0.98194
0.978698
0.97629
0.97476
0.974132
0.974423
0.975696
0.977985
0.981329
0.985766
0.991333
0.998073
1.00602
1.01522
1.02567
1.03725
1.04907
1.06042
1.07012
1.0734
1.0726
1.08638
1.06952
1.05581
1.04449
1.03515
1.02706
1.01941
1.01183
1.0044
0.997421
0.991124
0.985582
0.980813
0.976832
0.973659
0.971321
0.969863
0.969313
0.969685
0.971039
0.973406
0.976819
0.981307
0.986901
0.993633
1.00153
1.01064
1.02098
1.03244
1.04434
1.05609
1.06676
1.0717
1.07134
1.07675
1.06152
1.049
1.03851
1.02968
1.02183
1.01432
1.00684
0.999522
0.992674
0.986493
0.981047
0.976357
0.972444
0.969336
0.967062
0.965668
0.965186
0.965626
0.967051
0.969486
0.97296
0.977498
0.983122
0.989854
0.997721
1.00675
1.01697
1.0283
1.04038
1.05225
1.06328
1.07003
1.07042
1.06836
1.05449
1.04301
1.03327
1.0249
1.01729
1.00992
1.00257
0.995386
0.98867
0.982601
0.977246
0.972629
0.96878
0.965728
0.96351
0.962172
0.96175
0.962248
0.963733
0.966229
0.969759
0.974345
0.980003
0.986749
0.994601
1.00358
1.01369
1.02493
1.03716
1.04918
1.0603
1.06855
1.06984
1.06104
1.04842
1.03788
1.0288
1.02085
1.01347
1.00627
0.999058
0.992016
0.985426
0.979462
0.974188
0.969636
0.965841
0.962837
0.960666
0.959376
0.959002
0.959549
0.961087
0.963637
0.967221
0.971855
0.977553
0.984325
0.992182
1.00113
1.01118
1.02235
1.03451
1.04674
1.05796
1.06722
1.06947
1.05474
1.04332
1.03361
1.02515
1.01759
1.01044
1.00341
0.996345
0.989439
0.982965
0.97709
0.971884
0.967384
0.963632
0.960666
0.958532
0.957275
0.956937
0.957527
0.959113
0.961712
0.965347
0.970031
0.975777
0.98259
0.990474
0.999431
1.00946
1.02057
1.03266
1.04497
1.05632
1.06611
1.06927
1.04943
1.03917
1.03023
1.02236
1.01516
1.00824
1.00138
0.994463
0.987682
0.981305
0.975502
0.970345
0.96588
0.962155
0.959217
0.957105
0.955868
0.955559
0.956184
0.95781
0.960455
0.96414
0.968879
0.97468
0.98155
0.989486
0.998485
1.00854
1.01964
1.03172
1.0442
1.05557
1.06545
1.06937
1.0451
1.03595
1.02774
1.02044
1.01361
1.00691
1.00022
0.993443
0.986769
0.980467
0.974711
0.969581
0.965129
0.961414
0.958488
0.956383
0.955158
0.954869
0.95552
0.957181
0.959869
0.963604
0.968401
0.974269
0.981212
0.989227
0.998305
1.00843
1.01958
1.03175
1.04452
1.05588
1.06561
1.0699
1.04177
1.03365
1.02618
1.01944
1.01297
1.0065
0.99997
0.993316
0.986729
0.980474
0.974736
0.969605
0.965142
0.961418
0.95848
0.956365
0.95514
0.954857
0.955525
0.957215
0.959944
0.963731
0.968593
0.97454
0.981576
0.989698
0.998896
1.00915
1.02043
1.03275
1.04562
1.0573
1.06681
1.07117
1.03942
1.0323
1.02557
1.0194
1.01329
1.00704
1.00066
0.994117
0.987587
0.981343
0.975586
0.970421
0.965924
0.962169
0.959189
0.957043
0.955804
0.955516
0.956193
0.957907
0.960674
0.964515
0.969448
0.975484
0.98263
0.990885
1.00024
1.01067
1.02217
1.0347
1.0477
1.05991
1.06924
1.0736
1.03804
1.03192
1.02594
1.02034
1.01461
1.00857
1.00233
0.995868
0.989363
0.983094
0.977285
0.972055
0.967496
0.96367
0.960617
0.958425
0.957155
0.956847
0.957524
0.959256
0.962059
0.965956
0.970965
0.977102
0.984376
0.992787
1.00233
1.013
1.02477
1.03762
1.05102
1.06368
1.07307
1.07734
1.0376
1.03254
1.02732
1.0223
1.01696
1.01114
1.00501
0.998599
0.992084
0.985753
0.979848
0.974515
0.969852
0.965907
0.962763
0.960505
0.959183
0.958839
0.959507
0.961252
0.964091
0.968045
0.973138
0.979386
0.9868
0.99539
1.00516
1.0161
1.02823
1.04151
1.05545
1.06845
1.07815
1.08247
1.03809
1.03416
1.02977
1.0253
1.02039
1.01481
1.00874
1.00234
0.995769
0.98933
0.983281
0.9778
0.972981
0.968884
0.965622
0.96327
0.961876
0.961484
0.962135
0.963888
0.966762
0.970778
0.975958
0.982324
0.989891
0.998675
1.00869
1.01995
1.03251
1.04638
1.06086
1.07421
1.08432
1.08877
1.03951
1.03682
1.03331
1.0294
1.02493
1.01959
1.01355
1.0071
1.00043
0.993831
0.987591
0.981909
0.976878
0.972598
0.969187
0.96671
0.965225
0.964771
0.965397
0.967157
0.970065
0.974144
0.979418
0.985906
0.993632
1.00262
1.01289
1.02449
1.03756
1.05214
1.0672
1.08093
1.09122
1.09578
1.04185
1.04056
1.03802
1.0347
1.03062
1.02549
1.01944
1.0129
1.00607
0.999259
0.992779
0.986832
0.981539
0.977037
0.973439
0.970809
0.969214
0.968688
0.969284
0.971048
0.973993
0.978139
0.983508
0.990121
0.998004
1.00719
1.01772
1.02966
1.04324
1.05834
1.07413
1.08822
1.09843
1.10287
1.04514
1.04542
1.04395
1.04124
1.0375
1.03253
1.02647
1.01976
1.0127
1.00563
0.998832
0.99255
0.986947
0.982179
0.978354
0.975547
0.973827
0.973218
0.973783
0.975553
0.978538
0.982754
0.988221
0.994958
1.00299
1.01236
1.02313
1.03542
1.0495
1.065
1.08125
1.09536
1.10535
1.10957
1.04939
1.05146
1.05117
1.04912
1.04565
1.04078
1.03466
1.02772
1.02036
1.01291
1.00571
0.999029
0.993069
0.98799
0.983902
0.980896
0.979039
0.978343
0.978878
0.98066
0.983691
0.987984
0.993551
1.00041
1.00858
1.01811
1.02909
1.04171
1.05626
1.07205
1.08812
1.10172
1.11113
1.11508
1.05469
1.05876
1.05979
1.05845
1.05522
1.05035
1.04408
1.0368
1.02899
1.02106
1.01337
1.00622
0.999853
0.994419
0.990041
0.986821
0.984819
0.98404
0.984553
0.986357
0.989446
0.993824
0.999496
1.00647
1.01476
1.02443
1.03557
1.04844
1.06306
1.07889
1.09417
1.10655
1.11491
1.11845
1.06103
1.06741
1.06994
1.06936
1.06634
1.06134
1.0547
1.04692
1.03852
1.02998
1.02171
1.01405
1.00723
1.0014
0.996716
0.993275
0.991128
0.990281
0.990787
0.99263
0.995794
1.00027
1.00606
1.01314
1.02155
1.03133
1.04262
1.05559
1.06997
1.08516
1.09884
1.10929
1.11616
1.11908
1.06839
1.07751
1.08177
1.08198
1.07909
1.07375
1.06651
1.05801
1.04886
1.0396
1.03067
1.02243
1.0151
1.00886
1.00386
1.0002
0.997921
0.997032
0.997555
0.999463
1.00273
1.00733
1.01324
1.02045
1.02897
1.03887
1.05026
1.06316
1.07701
1.0905
1.10172
1.10974
1.11492
1.11725
1.0768
1.08921
1.09545
1.09647
1.09351
1.08757
1.07948
1.07004
1.05996
1.04983
1.04013
1.03124
1.02336
1.01669
1.01138
1.00753
1.00515
1.00425
1.00483
1.00684
1.01024
1.01499
1.02105
1.02841
1.03708
1.04712
1.05855
1.07108
1.08365
1.09468
1.10283
1.10822
1.11181
1.11389
1.08627
1.10271
1.11121
1.11297
1.1097
1.10285
1.09361
1.08296
1.07173
1.06056
1.04998
1.04036
1.0319
1.02479
1.0192
1.01519
1.01276
1.01191
1.0126
1.01475
1.01832
1.02326
1.02952
1.03709
1.04597
1.05617
1.06747
1.07911
1.08964
1.09758
1.10254
1.10554
1.10791
1.10987
1.09672
1.11823
1.12931
1.13167
1.12775
1.11962
1.10885
1.09668
1.08405
1.07167
1.06009
1.04967
1.04061
1.03308
1.02723
1.02313
1.02072
1.01998
1.02082
1.02317
1.02697
1.03216
1.03869
1.04656
1.05573
1.06601
1.07679
1.08684
1.09461
1.0993
1.10155
1.10283
1.10446
1.10639
1.10799
1.13598
1.15001
1.15277
1.14776
1.1378
1.12506
1.11103
1.09676
1.083
1.07032
1.05904
1.04936
1.04144
1.03542
1.03129
1.02898
1.02841
1.02947
1.03208
1.03618
1.04171
1.04865
1.05691
1.06632
1.07635
1.08591
1.09353
1.09821
1.10017
1.10063
1.10104
1.10218
1.10399
1.11983
1.15624
1.17363
1.17642
1.16964
1.15723
1.14203
1.1258
1.10964
1.09436
1.08048
1.06832
1.05803
1.04978
1.04366
1.0396
1.03747
1.03716
1.03852
1.04148
1.04599
1.052
1.0595
1.06808
1.0773
1.08633
1.09368
1.09834
1.10034
1.1006
1.10027
1.1004
1.10132
1.10263
1.13142
1.17911
1.20033
1.20255
1.19312
1.17749
1.15934
1.14061
1.12235
1.10543
1.09034
1.07731
1.06646
1.05798
1.05186
1.04796
1.04612
1.04618
1.04796
1.0514
1.05644
1.063
1.07088
1.07947
1.08768
1.09442
1.09881
1.10083
1.10124
1.10087
1.10046
1.10061
1.10147
1.10223
1.14237
1.20454
1.23001
1.23068
1.21742
1.19776
1.17629
1.1549
1.13456
1.11599
1.09967
1.08579
1.07447
1.06583
1.05983
1.05621
1.05483
1.05544
1.05779
1.06176
1.06734
1.0744
1.0823
1.08971
1.09537
1.09904
1.10086
1.10144
1.10139
1.10108
1.10092
1.10124
1.10191
1.10229
1.14701
1.23044
1.26133
1.25943
1.24139
1.21744
1.19283
1.16884
1.14631
1.12603
1.10845
1.09375
1.08192
1.0732
1.06745
1.06428
1.06369
1.0651
1.06793
1.07217
1.07804
1.08509
1.09166
1.09623
1.09876
1.10014
1.10085
1.10116
1.10126
1.10124
1.10137
1.10179
1.10224
1.10235
1.15321
1.25651
1.29353
1.28797
1.26429
1.23584
1.20813
1.18121
1.15619
1.13422
1.11551
1.10018
1.0881
1.0799
1.07498
1.07242
1.07262
1.07499
1.07819
1.08185
1.08631
1.09087
1.0945
1.09698
1.09846
1.09949
1.10031
1.10082
1.10111
1.10134
1.10167
1.10209
1.10239
1.10238
1.07832
1.26894
1.31666
1.30742
1.28073
1.25012
1.22114
1.19159
1.16392
1.13999
1.12012
1.10409
1.09192
1.08362
1.07893
1.07742
1.07863
1.08106
1.08303
1.08443
1.08648
1.08964
1.09288
1.09553
1.09755
1.09903
1.10005
1.10068
1.10105
1.10139
1.1018
1.10221
1.10244
1.10242
1.3034
1.2989
1.2916
1.28568
1.28147
1.27874
1.30174
1.29738
1.29084
1.28574
1.28189
1.2793
1.30218
1.29836
1.29242
1.2877
1.28393
1.2813
1.30519
1.30156
1.29621
1.29145
1.28757
1.28478
1.31067
1.30669
1.30191
1.29697
1.29288
1.28978
1.31859
1.31423
1.30943
1.30429
1.29989
1.29626
1.32854
1.32402
1.3187
1.31323
1.30832
1.30389
1.34011
1.33518
1.32936
1.3234
1.31775
1.31233
1.35285
1.3474
1.34097
1.3344
1.32789
1.3214
1.36614
1.3602
1.35312
1.3459
1.33854
1.33081
1.37923
1.37314
1.36541
1.35752
1.34927
1.34004
1.39177
1.38577
1.3774
1.36874
1.35944
1.34841
1.40356
1.39744
1.38848
1.37898
1.36837
1.35519
1.41362
1.40746
1.39786
1.38749
1.37532
1.35965
1.42109
1.41511
1.40478
1.39351
1.37953
1.36114
1.42593
1.41959
1.40861
1.39635
1.38043
1.35924
1.42761
1.42049
1.40894
1.39559
1.37762
1.35373
1.42535
1.41764
1.40551
1.39098
1.371
1.34464
1.41906
1.41085
1.3982
1.38253
1.36074
1.33236
1.40924
1.40041
1.38722
1.37046
1.34716
1.31738
1.39623
1.38673
1.37297
1.35526
1.3308
1.30007
1.3799
1.37005
1.35588
1.33745
1.31235
1.281
1.36068
1.35081
1.33643
1.3176
1.2924
1.26098
1.33937
1.3297
1.3153
1.29641
1.27146
1.24071
1.31674
1.30743
1.29317
1.27454
1.25002
1.22047
1.29347
1.28464
1.27066
1.25244
1.22862
1.20049
1.27007
1.26186
1.24827
1.23052
1.20781
1.18131
1.24702
1.23948
1.22638
1.2093
1.188
1.16313
1.22469
1.21782
1.20538
1.18922
1.16959
1.14686
1.20342
1.19722
1.18556
1.17049
1.15253
1.13224
1.18345
1.17791
1.1671
1.15313
1.13657
1.11808
1.16495
1.16003
1.15006
1.13712
1.12189
1.10488
1.148
1.14363
1.13454
1.12268
1.10877
1.09331
1.13263
1.12874
1.12056
1.11003
1.09718
1.08332
1.1188
1.11532
1.10795
1.09871
1.08704
1.07464
1.10644
1.10329
1.09663
1.08843
1.07828
1.06706
1.09541
1.09264
1.08663
1.07935
1.07056
1.06044
1.08559
1.08319
1.07785
1.07147
1.06381
1.05478
1.07679
1.07481
1.07014
1.06469
1.05803
1.05013
1.06891
1.06733
1.06334
1.05886
1.05319
1.04651
1.06179
1.0606
1.05735
1.05388
1.04932
1.0439
1.05523
1.0545
1.05208
1.04969
1.04634
1.04221
1.04906
1.04883
1.04738
1.04615
1.04414
1.04138
1.04309
1.04343
1.04306
1.04312
1.04262
1.04135
1.03711
1.03812
1.03895
1.04048
1.04169
1.04209
1.03092
1.0327
1.03489
1.03806
1.04124
1.04355
1.02429
1.02696
1.03065
1.0357
1.04112
1.04566
1.01701
1.02056
1.02598
1.03323
1.04115
1.04833
1.00873
1.01308
1.02058
1.03039
1.04118
1.05153
0.998908
1.00414
1.01417
1.02689
1.04104
1.05518
0.986934
0.993196
1.00606
1.02209
1.04033
1.05915
0.97215
0.979439
0.995239
1.01501
1.03842
1.06323
0.953659
0.961818
0.980124
1.00444
1.03441
1.06686
0.930284
0.939126
0.959452
0.988936
1.02686
1.06901
0.900545
0.909872
0.931752
0.965896
1.01326
1.06818
0.862512
0.871843
0.893918
0.931162
0.988142
1.06062
0.813421
0.821123
0.841724
0.879027
0.942855
1.04105
0.750313
0.753229
0.770963
0.802321
0.855719
0.98347
0.671823
0.665678
0.676321
0.69284
0.705876
0.859389
0.57951
0.559796
0.557962
0.564992
0.464008
0.385842
0.486769
0.455907
0.421733
0.391338
0.114073
-0.599924
0.401338
0.36772
0.30211
0.238419
0.00677659
-0.498238
0.320112
0.287117
0.213445
0.137627
0.00870242
-0.239266
-0.172604
-0.169607
-0.167118
-0.165242
-0.164367
-0.165041
-0.167328
-0.170789
-0.174844
-0.178761
-0.181856
-0.183966
-0.185298
-0.186013
-0.186105
-0.185732
-0.185153
-0.184574
-0.184091
-0.183713
-0.183429
-0.183218
-0.183073
-0.182979
-0.182908
-0.182853
-0.182806
-0.182759
-0.182713
-0.182672
-0.182641
-0.182625
-0.182626
-0.182636
-0.170854
-0.169202
-0.168092
-0.166497
-0.165747
-0.166574
-0.169029
-0.172521
-0.176412
-0.180135
-0.183001
-0.184897
-0.186153
-0.186644
-0.186352
-0.18561
-0.184848
-0.184259
-0.183847
-0.183552
-0.183329
-0.183169
-0.183055
-0.182968
-0.182904
-0.182854
-0.182808
-0.182763
-0.18272
-0.182681
-0.182649
-0.182633
-0.182633
-0.182642
-0.170829
-0.170259
-0.169926
-0.168788
-0.168443
-0.169569
-0.172129
-0.175553
-0.179225
-0.182653
-0.185367
-0.187107
-0.188058
-0.18827
-0.187663
-0.186513
-0.185311
-0.184377
-0.183773
-0.183421
-0.183217
-0.183093
-0.183005
-0.182937
-0.182888
-0.182848
-0.182808
-0.182769
-0.18273
-0.18269
-0.182657
-0.182638
-0.182637
-0.182647
-0.171794
-0.172654
-0.172127
-0.171171
-0.171213
-0.172694
-0.175448
-0.178894
-0.182418
-0.185557
-0.187981
-0.189536
-0.190296
-0.190294
-0.189554
-0.188236
-0.186669
-0.185229
-0.184142
-0.183487
-0.183163
-0.183019
-0.182947
-0.1829
-0.182865
-0.182836
-0.182809
-0.182778
-0.182741
-0.182701
-0.182663
-0.182638
-0.182635
-0.182646
-0.173732
-0.175177
-0.174171
-0.173133
-0.173432
-0.17529
-0.178345
-0.181931
-0.185419
-0.188375
-0.190562
-0.191907
-0.192468
-0.192303
-0.191471
-0.190076
-0.188319
-0.186527
-0.184927
-0.183829
-0.18324
-0.182989
-0.182898
-0.182863
-0.182843
-0.182828
-0.182811
-0.182787
-0.182754
-0.182713
-0.18267
-0.182637
-0.182628
-0.182639
-0.176156
-0.177467
-0.176116
-0.174949
-0.175452
-0.177678
-0.181028
-0.184743
-0.18819
-0.190979
-0.192943
-0.194063
-0.194417
-0.194084
-0.193143
-0.191684
-0.189832
-0.187799
-0.18592
-0.184392
-0.183465
-0.183026
-0.182871
-0.182831
-0.182823
-0.182819
-0.182812
-0.182796
-0.182768
-0.182726
-0.182676
-0.182631
-0.182613
-0.182621
-0.178518
-0.179589
-0.178026
-0.176727
-0.177384
-0.179951
-0.18353
-0.187303
-0.190656
-0.193258
-0.195
-0.195899
-0.196049
-0.195539
-0.194467
-0.192926
-0.191018
-0.188839
-0.186757
-0.184973
-0.183761
-0.183107
-0.182855
-0.182798
-0.182799
-0.182807
-0.18281
-0.182801
-0.182776
-0.182734
-0.182677
-0.18262
-0.182588
-0.18259
-0.180366
-0.181394
-0.179717
-0.178338
-0.179047
-0.181904
-0.185637
-0.189401
-0.192626
-0.195043
-0.196588
-0.197298
-0.197271
-0.196597
-0.195386
-0.193745
-0.191778
-0.189578
-0.18732
-0.185372
-0.183954
-0.183142
-0.182807
-0.182737
-0.182755
-0.182781
-0.182796
-0.182794
-0.182772
-0.182729
-0.182665
-0.182595
-0.182549
-0.182541
-0.181323
-0.182506
-0.180774
-0.179412
-0.180194
-0.183264
-0.187079
-0.190803
-0.19391
-0.196184
-0.197592
-0.198172
-0.198017
-0.197212
-0.195872
-0.194122
-0.192078
-0.189847
-0.187562
-0.185508
-0.183942
-0.183026
-0.182656
-0.182605
-0.182663
-0.182724
-0.18276
-0.182769
-0.18275
-0.182703
-0.182632
-0.18255
-0.182485
-0.182464
-0.180936
-0.182349
-0.180699
-0.179434
-0.180498
-0.183742
-0.187608
-0.19132
-0.194376
-0.196595
-0.197956
-0.198487
-0.198268
-0.197373
-0.195928
-0.194074
-0.191941
-0.189649
-0.187338
-0.185261
-0.183654
-0.182694
-0.182347
-0.182361
-0.182493
-0.182617
-0.18269
-0.182716
-0.182702
-0.182653
-0.182573
-0.182478
-0.182391
-0.182356
-0.178718
-0.180356
-0.178979
-0.177963
-0.179404
-0.182986
-0.187038
-0.190856
-0.193993
-0.196287
-0.197715
-0.198288
-0.198074
-0.197142
-0.195625
-0.193678
-0.191451
-0.189081
-0.186724
-0.184631
-0.18305
-0.182136
-0.181857
-0.181972
-0.18222
-0.182445
-0.18258
-0.182635
-0.182628
-0.182574
-0.182482
-0.182372
-0.182269
-0.182213
-0.174445
-0.176278
-0.1753
-0.174731
-0.176737
-0.180798
-0.185279
-0.18937
-0.192747
-0.195262
-0.196881
-0.1976
-0.197478
-0.196579
-0.195041
-0.193033
-0.190728
-0.188285
-0.185884
-0.183788
-0.182249
-0.181406
-0.181225
-0.181485
-0.181874
-0.182211
-0.182434
-0.182531
-0.182534
-0.182474
-0.182368
-0.18224
-0.182124
-0.182042
-0.168288
-0.170202
-0.169605
-0.169795
-0.172869
-0.177275
-0.182285
-0.186839
-0.190644
-0.193553
-0.195512
-0.196509
-0.196589
-0.195813
-0.194326
-0.19231
-0.189958
-0.187462
-0.185033
-0.182943
-0.181453
-0.180689
-0.180604
-0.180987
-0.181535
-0.181993
-0.182293
-0.182435
-0.182446
-0.182377
-0.18225
-0.1821
-0.181969
-0.181877
-0.160457
-0.162324
-0.162143
-0.163346
-0.167443
-0.172409
-0.178032
-0.183256
-0.187704
-0.191206
-0.193686
-0.195125
-0.195544
-0.195013
-0.193677
-0.191729
-0.189384
-0.186865
-0.184423
-0.18234
-0.180879
-0.18018
-0.180176
-0.180647
-0.181301
-0.18186
-0.182249
-0.182426
-0.182422
-0.182325
-0.182167
-0.181984
-0.181832
-0.181746
-0.151135
-0.152855
-0.153191
-0.15527
-0.160088
-0.166066
-0.172554
-0.178666
-0.183987
-0.188308
-0.191526
-0.1936
-0.194531
-0.194393
-0.193328
-0.191534
-0.189248
-0.186731
-0.184267
-0.18216
-0.180682
-0.179983
-0.180019
-0.180551
-0.181278
-0.181927
-0.182352
-0.182531
-0.182516
-0.182371
-0.182162
-0.181934
-0.181754
-0.181668
-0.140589
-0.142133
-0.142884
-0.145641
-0.151338
-0.158441
-0.165992
-0.173209
-0.179647
-0.185044
-0.18925
-0.192184
-0.193834
-0.194264
-0.1936
-0.192038
-0.189838
-0.18729
-0.184722
-0.182482
-0.180874
-0.180071
-0.180055
-0.180608
-0.181396
-0.182122
-0.182595
-0.182773
-0.182715
-0.182532
-0.182265
-0.181983
-0.181768
-0.181673
-0.129249
-0.130598
-0.131623
-0.135082
-0.141726
-0.149925
-0.15866
-0.167188
-0.175003
-0.18176
-0.187235
-0.191304
-0.193928
-0.195134
-0.195017
-0.193751
-0.191624
-0.188965
-0.186151
-0.183582
-0.181626
-0.180518
-0.180284
-0.180733
-0.18152
-0.182298
-0.182836
-0.183067
-0.183001
-0.18277
-0.182465
-0.18214
-0.181889
-0.181783
-0.117789
-0.118859
-0.120153
-0.124289
-0.131762
-0.141033
-0.151066
-0.161119
-0.170588
-0.179021
-0.18611
-0.191667
-0.195598
-0.19787
-0.198522
-0.197702
-0.195718
-0.192939
-0.189753
-0.186589
-0.183901
-0.182039
-0.181148
-0.181128
-0.181672
-0.18239
-0.182966
-0.183264
-0.183267
-0.183037
-0.182716
-0.182375
-0.182105
-0.181988
-0.107095
-0.107782
-0.109403
-0.114092
-0.122141
-0.132481
-0.143939
-0.155738
-0.167178
-0.177681
-0.186825
-0.194331
-0.200039
-0.203852
-0.205739
-0.205794
-0.204274
-0.201537
-0.197939
-0.193869
-0.189867
-0.186464
-0.184022
-0.182682
-0.182302
-0.182534
-0.182964
-0.183285
-0.183376
-0.183244
-0.182961
-0.18265
-0.182383
-0.18226
-0.0981205
-0.0984965
-0.100194
-0.105063
-0.113666
-0.125127
-0.138192
-0.152016
-0.165829
-0.178897
-0.19065
-0.200695
-0.208843
-0.214936
-0.218751
-0.220242
-0.219584
-0.217106
-0.213193
-0.208064
-0.202239
-0.196449
-0.191303
-0.187306
-0.184699
-0.183407
-0.183061
-0.183154
-0.183285
-0.183283
-0.183118
-0.182893
-0.182675
-0.182565
-0.0916241
-0.0917913
-0.0931951
-0.0979962
-0.107256
-0.11997
-0.13493
-0.151148
-0.167819
-0.184006
-0.198943
-0.212098
-0.223269
-0.232161
-0.238226
-0.241366
-0.241744
-0.239634
-0.235704
-0.229884
-0.222298
-0.21389
-0.205382
-0.197518
-0.191072
-0.186577
-0.18409
-0.183154
-0.183037
-0.183131
-0.183144
-0.183075
-0.182952
-0.182881
-0.0879792
-0.0880055
-0.0890585
-0.0938625
-0.103864
-0.118149
-0.135335
-0.1544
-0.174405
-0.19412
-0.212534
-0.228885
-0.242718
-0.253698
-0.261643
-0.266569
-0.268257
-0.266816
-0.263229
-0.257187
-0.248513
-0.238231
-0.226751
-0.214844
-0.203643
-0.194335
-0.187766
-0.184173
-0.182912
-0.182836
-0.183048
-0.183194
-0.183223
-0.183211
-0.087381
-0.0873983
-0.0882823
-0.0933454
-0.104325
-0.120542
-0.140347
-0.162614
-0.186084
-0.209152
-0.230561
-0.24942
-0.265226
-0.277738
-0.286925
-0.292828
-0.295457
-0.294993
-0.291757
-0.285794
-0.277535
-0.266658
-0.253125
-0.238385
-0.223108
-0.20849
-0.196303
-0.187924
-0.18374
-0.182623
-0.182839
-0.18324
-0.183504
-0.183558
-0.0899189
-0.090172
-0.0911853
-0.0968218
-0.109141
-0.12761
-0.150279
-0.175724
-0.202221
-0.227834
-0.251192
-0.27147
-0.288306
-0.30162
-0.311479
-0.317972
-0.321259
-0.321602
-0.319085
-0.313761
-0.305778
-0.294904
-0.280937
-0.265322
-0.247858
-0.228855
-0.211026
-0.196446
-0.187109
-0.183151
-0.182596
-0.183267
-0.183826
-0.183955
-0.0954748
-0.0962838
-0.0978293
-0.104426
-0.118374
-0.139207
-0.164634
-0.192747
-0.221357
-0.248391
-0.272587
-0.293333
-0.310473
-0.324077
-0.334282
-0.341195
-0.344975
-0.34588
-0.343964
-0.339299
-0.331909
-0.321648
-0.308423
-0.29254
-0.274005
-0.253101
-0.231249
-0.210783
-0.194831
-0.185682
-0.182747
-0.183241
-0.184214
-0.184495
-0.103702
-0.105398
-0.107902
-0.115827
-0.131529
-0.154581
-0.18229
-0.212221
-0.241879
-0.269312
-0.293531
-0.314187
-0.331282
-0.344957
-0.355362
-0.362596
-0.366773
-0.368124
-0.366682
-0.362514
-0.355628
-0.345965
-0.333493
-0.318175
-0.299824
-0.278468
-0.254702
-0.230142
-0.207888
-0.191889
-0.184312
-0.183324
-0.184731
-0.185287
-0.114036
-0.116943
-0.120758
-0.13024
-0.147693
-0.172604
-0.20189
-0.232717
-0.262516
-0.289645
-0.313439
-0.333754
-0.350672
-0.364332
-0.374862
-0.382336
-0.386825
-0.388536
-0.387482
-0.38372
-0.377267
-0.368106
-0.356217
-0.341516
-0.32381
-0.302914
-0.278854
-0.252394
-0.225688
-0.202903
-0.188651
-0.18409
-0.185315
-0.186464
-0.125831
-0.130223
-0.135587
-0.146722
-0.165835
-0.192088
-0.222199
-0.253134
-0.282458
-0.30891
-0.332096
-0.351992
-0.368691
-0.382299
-0.392905
-0.40056
-0.405298
-0.407295
-0.406558
-0.40313
-0.397035
-0.388281
-0.376856
-0.362692
-0.34564
-0.325485
-0.302012
-0.275274
-0.246339
-0.218429
-0.196786
-0.186108
-0.185915
-0.188167
-0.138425
-0.144544
-0.151582
-0.164367
-0.184903
-0.211954
-0.242254
-0.272743
-0.301262
-0.3269
-0.349443
-0.368915
-0.385385
-0.398914
-0.409557
-0.41734
-0.422276
-0.424502
-0.42403
-0.420888
-0.415101
-0.406686
-0.39564
-0.381923
-0.365432
-0.345991
-0.323343
-0.297224
-0.267855
-0.237086
-0.2091
-0.190411
-0.187016
-0.190205
-0.151151
-0.159212
-0.167973
-0.182274
-0.203863
-0.231285
-0.261352
-0.291099
-0.318701
-0.343523
-0.365456
-0.384525
-0.400762
-0.414189
-0.424833
-0.432702
-0.43779
-0.440198
-0.439951
-0.437058
-0.431545
-0.423429
-0.412716
-0.399386
-0.383373
-0.364551
-0.342708
-0.317506
-0.288674
-0.256968
-0.225257
-0.198928
-0.18934
-0.192424
-0.163376
-0.173584
-0.184047
-0.199614
-0.221917
-0.249433
-0.279038
-0.307945
-0.334654
-0.358726
-0.380105
-0.398797
-0.4148
-0.428107
-0.438722
-0.446639
-0.451841
-0.454394
-0.45434
-0.451666
-0.4464
-0.43856
-0.428156
-0.415181
-0.399598
-0.381323
-0.360203
-0.335929
-0.307996
-0.276433
-0.243375
-0.211815
-0.193016
-0.195353
-0.174571
-0.187125
-0.19922
-0.215817
-0.238575
-0.266003
-0.29505
-0.323142
-0.349047
-0.372461
-0.393346
-0.41169
-0.427462
-0.440635
-0.451195
-0.459131
-0.464415
-0.467082
-0.467192
-0.464714
-0.459676
-0.452096
-0.441988
-0.429355
-0.414181
-0.396416
-0.375954
-0.352535
-0.32566
-0.295092
-0.261911
-0.22729
-0.199357
-0.198694
-0.184339
-0.199414
-0.213116
-0.230522
-0.25354
-0.280763
-0.309246
-0.336612
-0.361831
-0.384681
-0.405133
-0.423155
-0.438703
-0.451733
-0.462221
-0.47015
-0.47549
-0.478245
-0.478494
-0.476191
-0.471364
-0.464031
-0.454212
-0.441918
-0.427149
-0.409883
-0.390051
-0.367459
-0.341715
-0.312417
-0.279645
-0.244088
-0.209646
-0.201683
-0.192368
-0.210117
-0.22556
-0.243526
-0.266624
-0.293579
-0.321553
-0.348312
-0.372965
-0.395343
-0.415418
-0.433148
-0.44848
-0.461364
-0.471767
-0.479669
-0.485042
-0.48786
-0.488229
-0.48608
-0.481447
-0.474351
-0.464815
-0.452859
-0.438499
-0.421736
-0.402535
-0.380771
-0.356174
-0.328263
-0.296341
-0.260874
-0.224358
-0.207108
-0.198322
-0.21878
-0.235916
-0.254723
-0.277771
-0.304387
-0.331937
-0.358219
-0.38242
-0.404409
-0.42416
-0.441629
-0.456758
-0.469496
-0.479805
-0.487665
-0.493048
-0.495916
-0.496377
-0.494364
-0.489905
-0.483031
-0.47377
-0.462152
-0.448206
-0.431958
-0.413408
-0.392496
-0.369052
-0.34267
-0.312541
-0.278289
-0.243253
-0.219488
-0.201837
-0.22531
-0.24439
-0.264117
-0.286984
-0.313199
-0.340395
-0.366321
-0.390173
-0.411847
-0.431325
-0.448564
-0.463507
-0.476104
-0.486316
-0.49412
-0.499496
-0.502402
-0.502927
-0.501027
-0.49672
-0.490048
-0.481048
-0.469759
-0.456228
-0.440502
-0.422622
-0.402595
-0.380347
-0.355613
-0.327842
-0.296685
-0.264376
-0.239367
-0.202817
-0.229805
-0.25123
-0.271649
-0.294315
-0.320064
-0.346921
-0.372611
-0.396219
-0.417641
-0.436889
-0.45393
-0.468707
-0.481171
-0.491285
-0.499027
-0.50438
-0.507307
-0.507872
-0.50606
-0.501879
-0.495383
-0.48662
-0.475644
-0.462514
-0.447305
-0.430099
-0.410966
-0.389926
-0.366892
-0.341644
-0.313648
-0.284702
-0.262575
-0.20114
-0.231925
-0.255714
-0.277103
-0.299781
-0.325056
-0.351529
-0.377039
-0.400511
-0.421781
-0.440859
-0.457728
-0.472347
-0.484684
-0.494703
-0.502378
-0.507697
-0.510626
-0.511207
-0.509456
-0.505369
-0.499017
-0.490463
-0.479769
-0.467014
-0.452298
-0.435745
-0.417487
-0.397635
-0.376242
-0.353363
-0.328493
-0.303021
-0.28491
-0.19643
-0.231465
-0.257856
-0.280564
-0.303429
-0.328245
-0.354286
-0.379625
-0.40303
-0.424216
-0.443183
-0.459933
-0.474438
-0.486665
-0.496585
-0.504181
-0.509447
-0.512361
-0.512929
-0.511209
-0.507179
-0.500934
-0.49255
-0.482102
-0.469681
-0.455415
-0.439465
-0.422027
-0.403294
-0.383409
-0.362692
-0.341062
-0.31855
-0.304024
-0.188139
-0.228353
-0.257771
-0.282106
-0.305312
-0.329718
-0.355274
-0.38041
-0.403788
-0.42495
-0.443858
-0.460522
-0.474935
-0.487074
-0.496917
-0.504452
-0.509671
-0.512552
-0.51307
-0.511336
-0.507322
-0.501138
-0.492872
-0.482613
-0.47047
-0.456592
-0.441174
-0.424464
-0.406742
-0.388209
-0.369344
-0.350338
-0.330816
-0.318987
-0.176448
-0.222495
-0.255313
-0.281554
-0.305409
-0.329547
-0.354586
-0.379446
-0.402796
-0.423985
-0.442884
-0.459502
-0.473847
-0.485911
-0.495683
-0.503155
-0.508325
-0.511172
-0.511647
-0.509889
-0.505868
-0.499693
-0.491466
-0.481306
-0.469353
-0.455773
-0.440789
-0.424691
-0.407833
-0.390453
-0.373138
-0.356319
-0.33975
-0.329556
-0.162124
-0.213863
-0.250284
-0.278824
-0.30369
-0.327781
-0.352321
-0.376812
-0.400078
-0.421315
-0.440253
-0.456867
-0.471174
-0.483183
-0.492891
-0.500297
-0.5054
-0.508188
-0.508619
-0.506825
-0.502794
-0.496613
-0.488394
-0.478262
-0.466376
-0.452948
-0.438257
-0.422626
-0.406452
-0.389975
-0.373885
-0.358845
-0.3449
-0.335588
-0.142738
-0.201404
-0.24237
-0.27379
-0.300089
-0.324428
-0.348568
-0.372612
-0.395693
-0.416948
-0.435953
-0.452604
-0.466909
-0.478885
-0.488541
-0.495882
-0.50091
-0.503619
-0.503993
-0.502137
-0.498072
-0.491857
-0.483612
-0.473463
-0.461576
-0.448182
-0.433614
-0.418259
-0.40255
-0.386698
-0.371487
-0.357634
-0.345306
-0.336969
-0.118893
-0.184325
-0.231167
-0.266178
-0.29445
-0.319448
-0.343388
-0.366964
-0.389735
-0.410923
-0.429983
-0.446699
-0.461035
-0.473007
-0.482632
-0.48992
-0.494877
-0.497499
-0.497797
-0.495859
-0.491733
-0.48544
-0.477109
-0.466877
-0.454915
-0.441463
-0.426882
-0.411615
-0.396133
-0.380662
-0.366009
-0.352662
-0.341107
-0.333937
-0.0903607
-0.163929
-0.21675
-0.255732
-0.286574
-0.312739
-0.336787
-0.359968
-0.382331
-0.403323
-0.422372
-0.439147
-0.453539
-0.465537
-0.475158
-0.482414
-0.487316
-0.489862
-0.490072
-0.488027
-0.483809
-0.477398
-0.468919
-0.458517
-0.446375
-0.432758
-0.418037
-0.402674
-0.387205
-0.371893
-0.357571
-0.344254
-0.33334
-0.326743
-0.0583401
-0.137386
-0.197652
-0.241943
-0.276163
-0.304122
-0.32871
-0.351682
-0.373607
-0.394267
-0.413184
-0.429965
-0.44441
-0.456457
-0.466103
-0.473358
-0.478231
-0.480726
-0.480855
-0.47868
-0.474336
-0.467769
-0.459086
-0.448432
-0.436002
-0.422084
-0.407073
-0.391457
-0.375799
-0.360387
-0.34619
-0.332602
-0.322211
-0.315299
-0.0297289
-0.104604
-0.173554
-0.224394
-0.262786
-0.293305
-0.319008
-0.342095
-0.36366
-0.383895
-0.402533
-0.419209
-0.43366
-0.445755
-0.455448
-0.462733
-0.467612
-0.470087
-0.470164
-0.467874
-0.463361
-0.456598
-0.447662
-0.436685
-0.423873
-0.409531
-0.394084
-0.378043
-0.361983
-0.346225
-0.331868
-0.317617
-0.307245
-0.299976
0.00405807
-0.0671523
-0.144266
-0.202435
-0.245987
-0.279946
-0.307447
-0.331104
-0.35252
-0.372325
-0.390558
-0.406986
-0.421342
-0.43344
-0.443179
-0.450518
-0.455437
-0.457927
-0.457987
-0.455624
-0.450937
-0.443948
-0.434715
-0.42336
-0.410087
-0.395217
-0.379196
-0.362558
-0.34588
-0.32953
-0.31465
-0.299349
-0.288908
-0.281012
0.0388983
-0.0337092
-0.108488
-0.17481
-0.225143
-0.263527
-0.293643
-0.318491
-0.340117
-0.359613
-0.377388
-0.393432
-0.40756
-0.419571
-0.429317
-0.436709
-0.441693
-0.444234
-0.444312
-0.441917
-0.437095
-0.429893
-0.420337
-0.40857
-0.394782
-0.379298
-0.362577
-0.345162
-0.327629
-0.310389
-0.294561
-0.278248
-0.267874
-0.258166
0.0676022
0.00307113
-0.0665945
-0.14148
-0.20022
-0.24361
-0.277073
-0.303884
-0.326242
-0.3457
-0.363087
-0.37868
-0.392452
-0.404257
-0.413934
-0.421349
-0.426402
-0.429022
-0.429157
-0.426773
-0.421864
-0.414504
-0.404648
-0.39246
-0.378132
-0.361974
-0.344435
-0.326057
-0.307395
-0.28888
-0.27161
-0.254037
-0.242835
-0.230817
0.0930546
0.0377881
-0.0291966
-0.0989031
-0.16942
-0.219637
-0.257254
-0.286811
-0.310532
-0.330371
-0.347591
-0.362783
-0.376141
-0.38764
-0.397155
-0.404536
-0.409643
-0.412359
-0.412592
-0.410271
-0.405347
-0.397877
-0.387795
-0.375215
-0.360353
-0.343483
-0.325022
-0.305481
-0.285375
-0.265143
-0.245853
-0.226221
-0.212783
-0.198533
0.111782
0.0716877
0.00743661
-0.0620773
-0.13315
-0.190289
-0.233382
-0.266519
-0.292385
-0.31322
-0.330661
-0.345654
-0.358659
-0.369826
-0.379121
-0.386416
-0.391552
-0.394376
-0.394747
-0.392551
-0.387698
-0.380183
-0.369971
-0.357076
-0.341697
-0.324094
-0.304615
-0.283699
-0.261793
-0.239328
-0.2173
-0.194743
-0.178427
-0.16101
0.122301
0.0951774
0.0393678
-0.0249801
-0.0874375
-0.155553
-0.205846
-0.242458
-0.270953
-0.293563
-0.311822
-0.326994
-0.339866
-0.350806
-0.35991
-0.367117
-0.372285
-0.375237
-0.375796
-0.373801
-0.369115
-0.361663
-0.351418
-0.338315
-0.32247
-0.304113
-0.283512
-0.260995
-0.236892
-0.211583
-0.185937
-0.159482
-0.139394
-0.117327
0.126184
0.107859
0.0663451
0.00645581
-0.0527247
-0.113212
-0.172253
-0.2142
-0.245602
-0.270502
-0.290284
-0.306219
-0.319371
-0.330357
-0.339438
-0.346659
-0.351929
-0.355078
-0.355904
-0.354206
-0.349801
-0.342545
-0.332382
-0.319187
-0.302974
-0.283867
-0.262038
-0.23768
-0.210954
-0.182129
-0.151864
-0.120306
-0.0947039
-0.0658727
0.124733
0.110777
0.0816943
0.0359303
-0.0235558
-0.078745
-0.131118
-0.179027
-0.215259
-0.243092
-0.265002
-0.282404
-0.296451
-0.307954
-0.317358
-0.324843
-0.330401
-0.333899
-0.33513
-0.333865
-0.329881
-0.32298
-0.313033
-0.299876
-0.283408
-0.263616
-0.240514
-0.214098
-0.184337
-0.151344
-0.115514
-0.0776004
-0.0440993
-0.00573928
0.11877
0.106346
0.0854364
0.0536937
0.00970397
-0.045201
-0.0934111
-0.137684
-0.177837
-0.209831
-0.234699
-0.254301
-0.269995
-0.282688
-0.292965
-0.301147
-0.307337
-0.311461
-0.313328
-0.312699
-0.309323
-0.302956
-0.293388
-0.280426
-0.263829
-0.24345
-0.21911
-0.190533
-0.157457
-0.119755
-0.0775762
-0.032328
0.0109081
0.0601258
0.108425
0.096992
0.0813174
0.0598849
0.0308809
-0.00875475
-0.0550603
-0.0978851
-0.135013
-0.169155
-0.197614
-0.220308
-0.238495
-0.253214
-0.265116
-0.274635
-0.281993
-0.287183
-0.290048
-0.290357
-0.287846
-0.282238
-0.273259
-0.26067
-0.244113
-0.223289
-0.197821
-0.167192
-0.130807
-0.0880657
-0.038732
0.0151926
0.0693086
0.126901
0.0935463
0.0840611
0.0725655
0.0587886
0.0409605
0.0163024
-0.016175
-0.0551006
-0.0913531
-0.122474
-0.152262
-0.178405
-0.200005
-0.217717
-0.232172
-0.243888
-0.253174
-0.260071
-0.264462
-0.266146
-0.264862
-0.260319
-0.252204
-0.240218
-0.22394
-0.202911
-0.176607
-0.144379
-0.105151
-0.0575959
-0.000560099
0.0647334
0.13489
0.203986
0.0760948
0.0690382
0.0615669
0.053851
0.0447932
0.0317605
0.0129798
-0.0121604
-0.0430729
-0.0726237
-0.0994972
-0.127108
-0.152397
-0.173971
-0.191925
-0.206888
-0.219129
-0.228628
-0.2353
-0.238976
-0.23943
-0.236381
-0.229502
-0.218442
-0.202795
-0.181998
-0.155513
-0.122517
-0.0815162
-0.0306305
0.0325402
0.109606
0.203241
0.300013
0.0592228
0.0541374
0.0503199
0.0475874
0.0454292
0.0417353
0.0343476
0.0226864
0.00510217
-0.0181577
-0.0421053
-0.0668604
-0.0944815
-0.120204
-0.142171
-0.161348
-0.177657
-0.190855
-0.200804
-0.207324
-0.210235
-0.20929
-0.204171
-0.194512
-0.180024
-0.160245
-0.134496
-0.101742
-0.0606167
-0.00936234
0.0546511
0.134572
0.237732
0.344606
0.237436
0.206719
0.142368
0.0591866
-0.0343191
-0.143456
0.157589
0.130033
0.07648
-0.00631555
-0.107584
-0.160477
0.0892277
0.0652914
0.0202591
-0.0489695
-0.145368
-0.173793
0.0331942
0.0131229
-0.0250041
-0.0767941
-0.151405
-0.174564
-0.0105443
-0.0273088
-0.0591512
-0.0977537
-0.152854
-0.17503
-0.0443534
-0.0577015
-0.0842123
-0.114329
-0.155651
-0.177142
-0.0701
-0.0804764
-0.10246
-0.126697
-0.157779
-0.179148
-0.0893213
-0.0971429
-0.115617
-0.13536
-0.158876
-0.180006
-0.102858
-0.109013
-0.12416
-0.141066
-0.159456
-0.179639
-0.111802
-0.117065
-0.129417
-0.144517
-0.159544
-0.178138
-0.117228
-0.122013
-0.132791
-0.146081
-0.159211
-0.175591
-0.119773
-0.124133
-0.133773
-0.145472
-0.15789
-0.171761
-0.119818
-0.12373
-0.132341
-0.142476
-0.154423
-0.166099
-0.117738
-0.121224
-0.128902
-0.137385
-0.148514
-0.158526
-0.11394
-0.117053
-0.123935
-0.130818
-0.140791
-0.149428
-0.108818
-0.11162
-0.117853
-0.123377
-0.1319
-0.139082
-0.102719
-0.105291
-0.110964
-0.115547
-0.122388
-0.127877
-0.0959382
-0.0984096
-0.103552
-0.107599
-0.112809
-0.116569
-0.0887223
-0.0913065
-0.096103
-0.0997015
-0.103762
-0.106175
-0.0812694
-0.084229
-0.0891082
-0.0924454
-0.09593
-0.0974952
-0.0737198
-0.077328
-0.0828058
-0.0864609
-0.089922
-0.0910962
-0.0661576
-0.0706985
-0.0772878
-0.0819745
-0.0860764
-0.0873514
-0.0586413
-0.0643908
-0.0725814
-0.0790024
-0.0844931
-0.0864215
-0.0512307
-0.058289
-0.0685193
-0.077455
-0.0851329
-0.0883124
-0.04408
-0.0522719
-0.0653438
-0.0772626
-0.0878131
-0.0928504
-0.0370172
-0.0461815
-0.06312
-0.0781709
-0.0922148
-0.099717
-0.0293948
-0.0395409
-0.0610761
-0.0798123
-0.0979168
-0.108305
-0.0208577
-0.0319087
-0.0586037
-0.0815717
-0.104331
-0.118026
-0.0116012
-0.0231976
-0.055533
-0.0829365
-0.110821
-0.128265
-0.00207321
-0.0135595
-0.0517569
-0.083508
-0.116806
-0.138373
0.00722572
-0.00329363
-0.0469552
-0.0829331
-0.121784
-0.14769
0.0156944
0.00697307
-0.0406383
-0.0809209
-0.125366
-0.155615
0.0227863
0.0163787
-0.0330757
-0.0773873
-0.127179
-0.161775
0.028795
0.024986
-0.0246074
-0.0730951
-0.126591
-0.165836
0.0351576
0.0340969
-0.0143325
-0.0683321
-0.123227
-0.167428
0.0428886
0.0439807
-0.000922293
-0.061122
-0.117522
-0.166502
0.0519132
0.0551083
0.0165725
-0.0500357
-0.108572
-0.162908
0.0615012
0.0660084
0.0368238
-0.0354804
-0.0948247
-0.15612
0.0706889
0.0756436
0.0573466
-0.018151
-0.0774953
-0.145765
0.0782324
0.0832502
0.0725322
0.00195269
-0.0600251
-0.131226
0.0841785
0.0892757
0.0833814
0.0220678
-0.0467381
-0.114108
0.0891446
0.0934714
0.091527
0.0450951
-0.0284918
-0.0926774
0.0930548
0.0953916
0.0974087
0.0693489
-0.00271183
-0.06552
0.0959557
0.0969697
0.101419
0.0889643
0.0239477
-0.0440816
0.0984378
0.0993945
0.104327
0.100065
0.0502199
-0.0208019
0.100847
0.102025
0.106375
0.10659
0.0756715
0.0108079
0.102969
0.104074
0.106944
0.110172
0.0950943
0.0415209
0.104789
0.105132
0.106344
0.110398
0.10476
0.0673825
0.106624
0.105995
0.106029
0.1091
0.109794
0.0907412
0.108658
0.107571
0.106916
0.108544
0.112559
0.10574
0.110602
0.109574
0.109023
0.110264
0.115005
0.115427
0.111859
0.111251
0.111812
0.113933
0.118342
0.122163
0.112136
0.112042
0.114059
0.118137
0.122615
0.126659
0.111517
0.111893
0.11523
0.121609
0.126581
0.129083
0.110665
0.111363
0.115128
0.122585
0.128229
0.129
0.109819
0.110644
0.113946
0.120304
0.125338
0.124781
0.10896
0.109711
0.111515
0.114546
0.116744
0.11498
0.108134
0.108439
0.107551
0.105832
0.103577
0.0999666
0.107465
0.106762
0.102327
0.0955283
0.0885277
0.0823763
0.1071
0.1049
0.0967881
0.08546
0.0742326
0.0655983
0.145449
0.105052
0.102096
0.0993393
0.0903888
0.0806115
0.0726603
0.0659786
0.059665
0.0534584
0.0474042
0.0415232
0.0357804
0.0301726
0.0248364
0.019812
0.0150917
0.0105534
0.00644639
0.00152432
0.147285
0.111277
0.102024
0.097721
0.0894627
0.0801603
0.0723564
0.06576
0.0595364
0.0534211
0.0474412
0.0415999
0.0358943
0.0303804
0.0251118
0.0200962
0.0153308
0.010741
0.00654204
0.00168896
0.136664
0.109892
0.097344
0.0917595
0.0848336
0.0768062
0.0696404
0.0634534
0.0576288
0.0519027
0.046282
0.0408003
0.0354217
0.0302011
0.0251519
0.0202738
0.0155607
0.0109997
0.00653744
0.00218981
0.121242
0.104302
0.0928978
0.0868818
0.0809118
0.074042
0.0675288
0.0617383
0.0562916
0.0509292
0.0456276
0.0404116
0.0352691
0.0302163
0.025264
0.0204263
0.0156944
0.0110925
0.00647897
0.00237613
0.105743
0.0959868
0.0874402
0.08183
0.0766535
0.0709162
0.0652323
0.0599685
0.0549467
0.0499656
0.0449873
0.0400326
0.0351028
0.030214
0.0253633
0.0205838
0.0158515
0.0112232
0.00655
0.00242317
0.092319
0.0870922
0.0813115
0.0766011
0.0722146
0.0675468
0.0627933
0.0581874
0.0536745
0.0491288
0.044513
0.0398446
0.0351306
0.0304085
0.0256501
0.0209268
0.0161787
0.0115257
0.00681227
0.00252179
0.0812965
0.0787104
0.0750109
0.0713958
0.0678839
0.0641772
0.060292
0.0563576
0.0523736
0.0482749
0.0440335
0.0396615
0.0351783
0.0306063
0.0259587
0.0212655
0.0165291
0.0118048
0.00699969
0.00261639
0.0724762
0.071129
0.0689284
0.0665097
0.0639748
0.0611876
0.0581383
0.0548723
0.0513969
0.0476997
0.0437802
0.039656
0.0353521
0.0308965
0.0263156
0.0216378
0.016874
0.0120758
0.00713296
0.00262017
0.0652475
0.064443
0.0632697
0.0618712
0.0602446
0.0583177
0.0560882
0.0535067
0.0505614
0.0472713
0.0436634
0.0397703
0.0356306
0.0312823
0.0267608
0.0220997
0.0173127
0.0124547
0.00740348
0.00271194
0.0625384
0.062202
0.0614261
0.0603599
0.0590502
0.0574512
0.0554612
0.0530638
0.0502866
0.0471477
0.0436601
0.0398509
0.0357633
0.031446
0.0269394
0.0222782
0.0174789
0.0125897
0.00753089
0.0026912
0.0456736
0.0418287
0.0406805
0.0418056
0.0448848
0.0485384
0.0507954
0.0505156
0.0461267
0.0351669
0.0171911
-0.00326365
-0.0288839
-0.0570595
-0.0826623
-0.106857
-0.12816
-0.146077
-0.160291
-0.170554
-0.176747
-0.178643
-0.175958
-0.168416
-0.155818
-0.137767
-0.11352
-0.0821575
-0.042831
0.0054838
0.0639987
0.132485
0.205686
0.246694
0.0363104
0.0330961
0.0335936
0.0375614
0.0446966
0.0541772
0.0644041
0.0738693
0.0806818
0.0819724
0.0748031
0.0614709
0.0388132
0.011521
-0.0154207
-0.0437254
-0.070176
-0.0938228
-0.11321
-0.128048
-0.138357
-0.143856
-0.14431
-0.13968
-0.129735
-0.113962
-0.0918628
-0.0630665
-0.0272731
0.0157175
0.0654388
0.119024
0.167254
0.191588
0.0311737
0.0280011
0.0293484
0.0352677
0.0455687
0.0595771
0.0760233
0.0936768
0.11032
0.122588
0.127081
0.122819
0.108384
0.0848663
0.0554688
0.0259574
-0.0031743
-0.0327248
-0.0578188
-0.0781498
-0.0936877
-0.103673
-0.108039
-0.107003
-0.100289
-0.0875233
-0.0685887
-0.0436282
-0.0127902
0.0234678
0.063727
0.104472
0.138279
0.154851
0.0299731
0.0264888
0.0282687
0.0353248
0.0478734
0.0652462
0.0863752
0.110273
0.135073
0.157264
0.172683
0.178318
0.172784
0.155976
0.130451
0.0997465
0.0662345
0.0323476
0.00279396
-0.0223828
-0.0437394
-0.0586512
-0.0675645
-0.0710237
-0.068383
-0.0594362
-0.0444771
-0.024095
0.00121178
0.0305438
0.0619985
0.0923319
0.116522
0.12859
0.0327366
0.0283795
0.030251
0.0380554
0.0521489
0.0720801
0.0967872
0.125202
0.155984
0.185985
0.210856
0.226351
0.229648
0.219994
0.199276
0.170031
0.135553
0.0994763
0.0648497
0.0335097
0.00673195
-0.0127472
-0.0258415
-0.0340472
-0.0359883
-0.0312683
-0.0206222
-0.00518194
0.0143446
0.0369792
0.0606765
0.0826926
0.0998271
0.108515
0.0394033
0.0338097
0.0352828
0.0434049
0.0585351
0.0805171
0.107932
0.139609
0.174434
0.209785
0.241659
0.265278
0.276708
0.274138
0.258245
0.231588
0.197856
0.160515
0.122591
0.0866479
0.0555371
0.0312423
0.0131426
0.000506147
-0.00606432
-0.00558786
0.0010113
0.0117786
0.0258722
0.0422482
0.0591827
0.0747102
0.0866431
0.092903
0.0500096
0.0424833
0.0429842
0.0511776
0.0669513
0.0902271
0.119673
0.153855
0.191216
0.229743
0.26594
0.294926
0.312288
0.315497
0.304297
0.280615
0.24787
0.209949
0.170373
0.131797
0.0970769
0.0683278
0.0459886
0.0298849
0.0201229
0.0168923
0.0193219
0.0258339
0.0353602
0.046697
0.0582471
0.0686793
0.0766743
0.0809695
0.0648212
0.0544472
0.0529846
0.0606874
0.0768077
0.100991
0.131924
0.167948
0.207331
0.248052
0.286564
0.318192
0.338557
0.344943
0.336712
0.315255
0.2838
0.246092
0.205593
0.165617
0.128959
0.0974467
0.0721213
0.0533617
0.0410617
0.0349061
0.0340592
0.0371558
0.0430316
0.0503939
0.0578591
0.0644003
0.0693288
0.0720511
0.0813729
0.0687457
0.0648725
0.0707832
0.0863025
0.111412
0.143894
0.181814
0.223079
0.265508
0.305422
0.33843
0.360579
0.36865
0.361752
0.341216
0.310515
0.273015
0.231779
0.190502
0.152191
0.118744
0.0912411
0.0704339
0.0563104
0.048426
0.045722
0.0466049
0.0499184
0.0542986
0.05848
0.061764
0.0640382
0.0652147
0.0906386
0.0783304
0.0733688
0.0786721
0.094895
0.12103
0.154983
0.194448
0.236282
0.278771
0.319279
0.352069
0.373961
0.383715
0.378362
0.358681
0.328789
0.291521
0.249351
0.20622
0.16569
0.1301
0.101061
0.0790463
0.0638682
0.0547798
0.0508286
0.050888
0.0531766
0.056229
0.0587807
0.060472
0.0616441
0.0623662
0.107273
0.103568
0.0924747
0.0775793
0.0630091
0.0524403
0.108331
0.103724
0.0909367
0.0731608
0.0559378
0.0437609
0.110653
0.105859
0.0922814
0.0724513
0.0531894
0.0395138
0.114057
0.109548
0.0958651
0.0749897
0.0546031
0.039374
0.117299
0.113496
0.101268
0.0811102
0.0602023
0.0435179
0.118575
0.115946
0.10698
0.0901279
0.0697411
0.0518789
0.117571
0.116051
0.11117
0.099826
0.082626
0.0645271
0.115799
0.114817
0.113024
0.107914
0.09683
0.0809094
0.11453
0.113775
0.112844
0.111194
0.106734
0.0964478
0.114129
0.113287
0.111986
0.110529
0.10848
0.102657
)
;

boundaryField
{
    inlet
    {
        type            zeroGradient;
    }
    outlet
    {
        type            fixedValue;
        value           uniform 0;
    }
    walls
    {
        type            zeroGradient;
    }
    baffle
    {
        type            zeroGradient;
    }
    frontAndBack
    {
        type            empty;
    }
}


// ************************************************************************* //
