/*--------------------------------*- C++ -*----------------------------------*\
| =========                 |                                                 |
| \\      /  F ield         | OpenFOAM: The Open Source CFD Toolbox           |
|  \\    /   O peration     | Version:  v2012                                 |
|   \\  /    A nd           | Website:  www.openfoam.com                      |
|    \\/     M anipulation  |                                                 |
\*---------------------------------------------------------------------------*/
FoamFile
{
    version     2.0;
    format      ascii;
    class       labelList;
    note        "nPoints:12640  nCells:6084  nFaces:24571  nInternalFaces:11933";
    location    "constant/polyMesh";
    object      neighbour;
}
// * * * * * * * * * * * * * * * * * * * * * * * * * * * * * * * * * * * * * //


11933
(
1
20
211
2
21
3
22
4
23
5
24
6
25
7
26
8
27
9
28
10
29
11
30
12
31
13
32
14
33
15
34
16
35
17
36
18
37
19
38
39
21
40
223
22
41
23
42
24
43
25
44
26
45
27
46
28
47
29
48
30
49
31
50
32
51
33
52
34
53
35
54
36
55
37
56
38
57
39
58
59
41
60
235
42
61
43
62
44
63
45
64
46
65
47
66
48
67
49
68
50
69
51
70
52
71
53
72
54
73
55
74
56
75
57
76
58
77
59
78
79
61
80
247
62
81
63
82
64
83
65
84
66
85
67
86
68
87
69
88
70
89
71
90
72
91
73
92
74
93
75
94
76
95
77
96
78
97
79
98
99
81
100
259
82
101
83
102
84
103
85
104
86
105
87
106
88
107
89
108
90
109
91
110
92
111
93
112
94
113
95
114
96
115
97
116
98
117
99
118
119
101
120
271
102
121
103
122
104
123
105
124
106
125
107
126
108
127
109
128
110
129
111
130
112
131
113
132
114
133
115
134
116
135
117
136
118
137
119
138
139
121
140
283
122
141
123
142
124
143
125
144
126
145
127
146
128
147
129
148
130
149
131
150
132
151
133
152
134
153
135
154
136
155
137
156
138
157
139
158
159
141
160
295
142
161
143
162
144
163
145
164
146
165
147
166
148
167
149
168
150
169
151
170
152
171
153
172
154
173
155
174
156
175
157
176
158
177
159
178
179
161
180
307
162
181
163
182
164
183
165
184
166
185
167
186
168
187
169
188
170
189
171
190
172
191
173
192
174
193
175
194
176
195
177
196
178
197
179
198
199
181
319
182
183
184
185
186
187
188
189
190
191
192
193
194
195
196
197
198
199
201
212
347
202
213
203
214
204
215
205
216
206
217
207
218
208
219
209
220
210
221
211
222
223
213
224
375
214
225
215
226
216
227
217
228
218
229
219
230
220
231
221
232
222
233
223
234
235
225
236
403
226
237
227
238
228
239
229
240
230
241
231
242
232
243
233
244
234
245
235
246
247
237
248
431
238
249
239
250
240
251
241
252
242
253
243
254
244
255
245
256
246
257
247
258
259
249
260
459
250
261
251
262
252
263
253
264
254
265
255
266
256
267
257
268
258
269
259
270
271
261
272
487
262
273
263
274
264
275
265
276
266
277
267
278
268
279
269
280
270
281
271
282
283
273
284
515
274
285
275
286
276
287
277
288
278
289
279
290
280
291
281
292
282
293
283
294
295
285
296
543
286
297
287
298
288
299
289
300
290
301
291
302
292
303
293
304
294
305
295
306
307
297
308
571
298
309
299
310
300
311
301
312
302
313
303
314
304
315
305
316
306
317
307
318
319
309
599
600
310
601
311
602
312
603
313
604
314
605
315
606
316
607
317
608
318
609
319
610
611
321
348
322
349
323
350
324
351
325
352
326
353
327
354
328
355
329
356
330
357
331
358
332
359
333
360
334
361
335
362
336
363
337
364
338
365
339
366
340
367
341
368
342
369
343
370
344
371
345
372
346
373
347
374
375
349
376
350
377
351
378
352
379
353
380
354
381
355
382
356
383
357
384
358
385
359
386
360
387
361
388
362
389
363
390
364
391
365
392
366
393
367
394
368
395
369
396
370
397
371
398
372
399
373
400
374
401
375
402
403
377
404
378
405
379
406
380
407
381
408
382
409
383
410
384
411
385
412
386
413
387
414
388
415
389
416
390
417
391
418
392
419
393
420
394
421
395
422
396
423
397
424
398
425
399
426
400
427
401
428
402
429
403
430
431
405
432
406
433
407
434
408
435
409
436
410
437
411
438
412
439
413
440
414
441
415
442
416
443
417
444
418
445
419
446
420
447
421
448
422
449
423
450
424
451
425
452
426
453
427
454
428
455
429
456
430
457
431
458
459
433
460
434
461
435
462
436
463
437
464
438
465
439
466
440
467
441
468
442
469
443
470
444
471
445
472
446
473
447
474
448
475
449
476
450
477
451
478
452
479
453
480
454
481
455
482
456
483
457
484
458
485
459
486
487
461
488
462
489
463
490
464
491
465
492
466
493
467
494
468
495
469
496
470
497
471
498
472
499
473
500
474
501
475
502
476
503
477
504
478
505
479
506
480
507
481
508
482
509
483
510
484
511
485
512
486
513
487
514
515
489
516
490
517
491
518
492
519
493
520
494
521
495
522
496
523
497
524
498
525
499
526
500
527
501
528
502
529
503
530
504
531
505
532
506
533
507
534
508
535
509
536
510
537
511
538
512
539
513
540
514
541
515
542
543
517
544
518
545
519
546
520
547
521
548
522
549
523
550
524
551
525
552
526
553
527
554
528
555
529
556
530
557
531
558
532
559
533
560
534
561
535
562
536
563
537
564
538
565
539
566
540
567
541
568
542
569
543
570
571
545
572
546
573
547
574
548
575
549
576
550
577
551
578
552
579
553
580
554
581
555
582
556
583
557
584
558
585
559
586
560
587
561
588
562
589
563
590
564
591
565
592
566
593
567
594
568
595
569
596
570
597
571
598
599
573
1320
574
1321
575
1322
576
1323
577
1324
578
1325
579
1326
580
1327
581
1328
582
1329
583
1330
584
1331
585
1332
586
1333
587
1334
588
1335
589
1336
590
1337
591
1338
592
1339
593
1340
594
1341
595
1342
596
1343
597
1344
598
1345
599
1346
1347
601
612
1347
602
613
603
614
604
615
605
616
606
617
607
618
608
619
609
620
610
621
611
622
623
613
624
1375
614
625
615
626
616
627
617
628
618
629
619
630
620
631
621
632
622
633
623
634
635
625
636
1403
626
637
627
638
628
639
629
640
630
641
631
642
632
643
633
644
634
645
635
646
647
637
648
1431
638
649
639
650
640
651
641
652
642
653
643
654
644
655
645
656
646
657
647
658
659
649
660
1459
650
661
651
662
652
663
653
664
654
665
655
666
656
667
657
668
658
669
659
670
671
661
672
1487
662
673
663
674
664
675
665
676
666
677
667
678
668
679
669
680
670
681
671
682
683
673
684
1515
674
685
675
686
676
687
677
688
678
689
679
690
680
691
681
692
682
693
683
694
695
685
696
1543
686
697
687
698
688
699
689
700
690
701
691
702
692
703
693
704
694
705
695
706
707
697
708
1571
698
709
699
710
700
711
701
712
702
713
703
714
704
715
705
716
706
717
707
718
719
709
720
1599
710
721
711
722
712
723
713
724
714
725
715
726
716
727
717
728
718
729
719
730
731
721
732
1627
722
733
723
734
724
735
725
736
726
737
727
738
728
739
729
740
730
741
731
742
743
733
744
1655
734
745
735
746
736
747
737
748
738
749
739
750
740
751
741
752
742
753
743
754
755
745
756
1683
746
757
747
758
748
759
749
760
750
761
751
762
752
763
753
764
754
765
755
766
767
757
768
1711
758
769
759
770
760
771
761
772
762
773
763
774
764
775
765
776
766
777
767
778
779
769
780
1739
770
781
771
782
772
783
773
784
774
785
775
786
776
787
777
788
778
789
779
790
791
781
792
1767
782
793
783
794
784
795
785
796
786
797
787
798
788
799
789
800
790
801
791
802
803
793
804
1795
794
805
795
806
796
807
797
808
798
809
799
810
800
811
801
812
802
813
803
814
815
805
816
1823
806
817
807
818
808
819
809
820
810
821
811
822
812
823
813
824
814
825
815
826
827
817
828
1851
818
829
819
830
820
831
821
832
822
833
823
834
824
835
825
836
826
837
827
838
839
829
840
1879
830
841
831
842
832
843
833
844
834
845
835
846
836
847
837
848
838
849
839
850
851
841
852
1907
842
853
843
854
844
855
845
856
846
857
847
858
848
859
849
860
850
861
851
862
863
853
864
1935
854
865
855
866
856
867
857
868
858
869
859
870
860
871
861
872
862
873
863
874
875
865
876
1963
866
877
867
878
868
879
869
880
870
881
871
882
872
883
873
884
874
885
875
886
887
877
888
1991
878
889
879
890
880
891
881
892
882
893
883
894
884
895
885
896
886
897
887
898
899
889
900
2019
890
901
891
902
892
903
893
904
894
905
895
906
896
907
897
908
898
909
899
910
911
901
912
2047
902
913
903
914
904
915
905
916
906
917
907
918
908
919
909
920
910
921
911
922
923
913
924
2075
914
925
915
926
916
927
917
928
918
929
919
930
920
931
921
932
922
933
923
934
935
925
936
2103
926
937
927
938
928
939
929
940
930
941
931
942
932
943
933
944
934
945
935
946
947
937
948
2131
938
949
939
950
940
951
941
952
942
953
943
954
944
955
945
956
946
957
947
958
959
949
960
2159
950
961
951
962
952
963
953
964
954
965
955
966
956
967
957
968
958
969
959
970
971
961
972
2187
962
973
963
974
964
975
965
976
966
977
967
978
968
979
969
980
970
981
971
982
983
973
984
2215
974
985
975
986
976
987
977
988
978
989
979
990
980
991
981
992
982
993
983
994
995
985
996
2243
986
997
987
998
988
999
989
1000
990
1001
991
1002
992
1003
993
1004
994
1005
995
1006
1007
997
1008
2271
998
1009
999
1010
1000
1011
1001
1012
1002
1013
1003
1014
1004
1015
1005
1016
1006
1017
1007
1018
1019
1009
1020
2299
1010
1021
1011
1022
1012
1023
1013
1024
1014
1025
1015
1026
1016
1027
1017
1028
1018
1029
1019
1030
1031
1021
1032
2327
1022
1033
1023
1034
1024
1035
1025
1036
1026
1037
1027
1038
1028
1039
1029
1040
1030
1041
1031
1042
1043
1033
1044
2355
1034
1045
1035
1046
1036
1047
1037
1048
1038
1049
1039
1050
1040
1051
1041
1052
1042
1053
1043
1054
1055
1045
1056
2383
1046
1057
1047
1058
1048
1059
1049
1060
1050
1061
1051
1062
1052
1063
1053
1064
1054
1065
1055
1066
1067
1057
1068
2411
1058
1069
1059
1070
1060
1071
1061
1072
1062
1073
1063
1074
1064
1075
1065
1076
1066
1077
1067
1078
1079
1069
1080
2439
1070
1081
1071
1082
1072
1083
1073
1084
1074
1085
1075
1086
1076
1087
1077
1088
1078
1089
1079
1090
1091
1081
1092
2467
1082
1093
1083
1094
1084
1095
1085
1096
1086
1097
1087
1098
1088
1099
1089
1100
1090
1101
1091
1102
1103
1093
1104
2495
1094
1105
1095
1106
1096
1107
1097
1108
1098
1109
1099
1110
1100
1111
1101
1112
1102
1113
1103
1114
1115
1105
1116
2523
1106
1117
1107
1118
1108
1119
1109
1120
1110
1121
1111
1122
1112
1123
1113
1124
1114
1125
1115
1126
1127
1117
1128
2551
1118
1129
1119
1130
1120
1131
1121
1132
1122
1133
1123
1134
1124
1135
1125
1136
1126
1137
1127
1138
1139
1129
1140
2579
1130
1141
1131
1142
1132
1143
1133
1144
1134
1145
1135
1146
1136
1147
1137
1148
1138
1149
1139
1150
1151
1141
1152
2607
1142
1153
1143
1154
1144
1155
1145
1156
1146
1157
1147
1158
1148
1159
1149
1160
1150
1161
1151
1162
1163
1153
1164
2635
1154
1165
1155
1166
1156
1167
1157
1168
1158
1169
1159
1170
1160
1171
1161
1172
1162
1173
1163
1174
1175
1165
1176
2663
1166
1177
1167
1178
1168
1179
1169
1180
1170
1181
1171
1182
1172
1183
1173
1184
1174
1185
1175
1186
1187
1177
1188
2691
1178
1189
1179
1190
1180
1191
1181
1192
1182
1193
1183
1194
1184
1195
1185
1196
1186
1197
1187
1198
1199
1189
1200
2719
1190
1201
1191
1202
1192
1203
1193
1204
1194
1205
1195
1206
1196
1207
1197
1208
1198
1209
1199
1210
1211
1201
1212
2747
1202
1213
1203
1214
1204
1215
1205
1216
1206
1217
1207
1218
1208
1219
1209
1220
1210
1221
1211
1222
1223
1213
1224
2775
1214
1225
1215
1226
1216
1227
1217
1228
1218
1229
1219
1230
1220
1231
1221
1232
1222
1233
1223
1234
1235
1225
1236
2803
1226
1237
1227
1238
1228
1239
1229
1240
1230
1241
1231
1242
1232
1243
1233
1244
1234
1245
1235
1246
1247
1237
1248
2831
1238
1249
1239
1250
1240
1251
1241
1252
1242
1253
1243
1254
1244
1255
1245
1256
1246
1257
1247
1258
1259
1249
1260
2859
1250
1261
1251
1262
1252
1263
1253
1264
1254
1265
1255
1266
1256
1267
1257
1268
1258
1269
1259
1270
1271
1261
1272
2887
1262
1273
1263
1274
1264
1275
1265
1276
1266
1277
1267
1278
1268
1279
1269
1280
1270
1281
1271
1282
1283
1273
1284
2915
1274
1285
1275
1286
1276
1287
1277
1288
1278
1289
1279
1290
1280
1291
1281
1292
1282
1293
1283
1294
1295
1285
1296
2943
1286
1297
1287
1298
1288
1299
1289
1300
1290
1301
1291
1302
1292
1303
1293
1304
1294
1305
1295
1306
1307
1297
1308
2971
1298
1309
1299
1310
1300
1311
1301
1312
1302
1313
1303
1314
1304
1315
1305
1316
1306
1317
1307
1318
1319
1309
2999
1310
1311
1312
1313
1314
1315
1316
1317
1318
1319
1321
1348
1322
1349
1323
1350
1324
1351
1325
1352
1326
1353
1327
1354
1328
1355
1329
1356
1330
1357
1331
1358
1332
1359
1333
1360
1334
1361
1335
1362
1336
1363
1337
1364
1338
1365
1339
1366
1340
1367
1341
1368
1342
1369
1343
1370
1344
1371
1345
1372
1346
1373
1347
1374
1375
1349
1376
1350
1377
1351
1378
1352
1379
1353
1380
1354
1381
1355
1382
1356
1383
1357
1384
1358
1385
1359
1386
1360
1387
1361
1388
1362
1389
1363
1390
1364
1391
1365
1392
1366
1393
1367
1394
1368
1395
1369
1396
1370
1397
1371
1398
1372
1399
1373
1400
1374
1401
1375
1402
1403
1377
1404
1378
1405
1379
1406
1380
1407
1381
1408
1382
1409
1383
1410
1384
1411
1385
1412
1386
1413
1387
1414
1388
1415
1389
1416
1390
1417
1391
1418
1392
1419
1393
1420
1394
1421
1395
1422
1396
1423
1397
1424
1398
1425
1399
1426
1400
1427
1401
1428
1402
1429
1403
1430
1431
1405
1432
1406
1433
1407
1434
1408
1435
1409
1436
1410
1437
1411
1438
1412
1439
1413
1440
1414
1441
1415
1442
1416
1443
1417
1444
1418
1445
1419
1446
1420
1447
1421
1448
1422
1449
1423
1450
1424
1451
1425
1452
1426
1453
1427
1454
1428
1455
1429
1456
1430
1457
1431
1458
1459
1433
1460
1434
1461
1435
1462
1436
1463
1437
1464
1438
1465
1439
1466
1440
1467
1441
1468
1442
1469
1443
1470
1444
1471
1445
1472
1446
1473
1447
1474
1448
1475
1449
1476
1450
1477
1451
1478
1452
1479
1453
1480
1454
1481
1455
1482
1456
1483
1457
1484
1458
1485
1459
1486
1487
1461
1488
1462
1489
1463
1490
1464
1491
1465
1492
1466
1493
1467
1494
1468
1495
1469
1496
1470
1497
1471
1498
1472
1499
1473
1500
1474
1501
1475
1502
1476
1503
1477
1504
1478
1505
1479
1506
1480
1507
1481
1508
1482
1509
1483
1510
1484
1511
1485
1512
1486
1513
1487
1514
1515
1489
1516
1490
1517
1491
1518
1492
1519
1493
1520
1494
1521
1495
1522
1496
1523
1497
1524
1498
1525
1499
1526
1500
1527
1501
1528
1502
1529
1503
1530
1504
1531
1505
1532
1506
1533
1507
1534
1508
1535
1509
1536
1510
1537
1511
1538
1512
1539
1513
1540
1514
1541
1515
1542
1543
1517
1544
1518
1545
1519
1546
1520
1547
1521
1548
1522
1549
1523
1550
1524
1551
1525
1552
1526
1553
1527
1554
1528
1555
1529
1556
1530
1557
1531
1558
1532
1559
1533
1560
1534
1561
1535
1562
1536
1563
1537
1564
1538
1565
1539
1566
1540
1567
1541
1568
1542
1569
1543
1570
1571
1545
1572
1546
1573
1547
1574
1548
1575
1549
1576
1550
1577
1551
1578
1552
1579
1553
1580
1554
1581
1555
1582
1556
1583
1557
1584
1558
1585
1559
1586
1560
1587
1561
1588
1562
1589
1563
1590
1564
1591
1565
1592
1566
1593
1567
1594
1568
1595
1569
1596
1570
1597
1571
1598
1599
1573
1600
1574
1601
1575
1602
1576
1603
1577
1604
1578
1605
1579
1606
1580
1607
1581
1608
1582
1609
1583
1610
1584
1611
1585
1612
1586
1613
1587
1614
1588
1615
1589
1616
1590
1617
1591
1618
1592
1619
1593
1620
1594
1621
1595
1622
1596
1623
1597
1624
1598
1625
1599
1626
1627
1601
1628
1602
1629
1603
1630
1604
1631
1605
1632
1606
1633
1607
1634
1608
1635
1609
1636
1610
1637
1611
1638
1612
1639
1613
1640
1614
1641
1615
1642
1616
1643
1617
1644
1618
1645
1619
1646
1620
1647
1621
1648
1622
1649
1623
1650
1624
1651
1625
1652
1626
1653
1627
1654
1655
1629
1656
1630
1657
1631
1658
1632
1659
1633
1660
1634
1661
1635
1662
1636
1663
1637
1664
1638
1665
1639
1666
1640
1667
1641
1668
1642
1669
1643
1670
1644
1671
1645
1672
1646
1673
1647
1674
1648
1675
1649
1676
1650
1677
1651
1678
1652
1679
1653
1680
1654
1681
1655
1682
1683
1657
1684
1658
1685
1659
1686
1660
1687
1661
1688
1662
1689
1663
1690
1664
1691
1665
1692
1666
1693
1667
1694
1668
1695
1669
1696
1670
1697
1671
1698
1672
1699
1673
1700
1674
1701
1675
1702
1676
1703
1677
1704
1678
1705
1679
1706
1680
1707
1681
1708
1682
1709
1683
1710
1711
1685
1712
1686
1713
1687
1714
1688
1715
1689
1716
1690
1717
1691
1718
1692
1719
1693
1720
1694
1721
1695
1722
1696
1723
1697
1724
1698
1725
1699
1726
1700
1727
1701
1728
1702
1729
1703
1730
1704
1731
1705
1732
1706
1733
1707
1734
1708
1735
1709
1736
1710
1737
1711
1738
1739
1713
1740
1714
1741
1715
1742
1716
1743
1717
1744
1718
1745
1719
1746
1720
1747
1721
1748
1722
1749
1723
1750
1724
1751
1725
1752
1726
1753
1727
1754
1728
1755
1729
1756
1730
1757
1731
1758
1732
1759
1733
1760
1734
1761
1735
1762
1736
1763
1737
1764
1738
1765
1739
1766
1767
1741
1768
1742
1769
1743
1770
1744
1771
1745
1772
1746
1773
1747
1774
1748
1775
1749
1776
1750
1777
1751
1778
1752
1779
1753
1780
1754
1781
1755
1782
1756
1783
1757
1784
1758
1785
1759
1786
1760
1787
1761
1788
1762
1789
1763
1790
1764
1791
1765
1792
1766
1793
1767
1794
1795
1769
1796
1770
1797
1771
1798
1772
1799
1773
1800
1774
1801
1775
1802
1776
1803
1777
1804
1778
1805
1779
1806
1780
1807
1781
1808
1782
1809
1783
1810
1784
1811
1785
1812
1786
1813
1787
1814
1788
1815
1789
1816
1790
1817
1791
1818
1792
1819
1793
1820
1794
1821
1795
1822
1823
1797
1824
1798
1825
1799
1826
1800
1827
1801
1828
1802
1829
1803
1830
1804
1831
1805
1832
1806
1833
1807
1834
1808
1835
1809
1836
1810
1837
1811
1838
1812
1839
1813
1840
1814
1841
1815
1842
1816
1843
1817
1844
1818
1845
1819
1846
1820
1847
1821
1848
1822
1849
1823
1850
1851
1825
1852
1826
1853
1827
1854
1828
1855
1829
1856
1830
1857
1831
1858
1832
1859
1833
1860
1834
1861
1835
1862
1836
1863
1837
1864
1838
1865
1839
1866
1840
1867
1841
1868
1842
1869
1843
1870
1844
1871
1845
1872
1846
1873
1847
1874
1848
1875
1849
1876
1850
1877
1851
1878
1879
1853
1880
1854
1881
1855
1882
1856
1883
1857
1884
1858
1885
1859
1886
1860
1887
1861
1888
1862
1889
1863
1890
1864
1891
1865
1892
1866
1893
1867
1894
1868
1895
1869
1896
1870
1897
1871
1898
1872
1899
1873
1900
1874
1901
1875
1902
1876
1903
1877
1904
1878
1905
1879
1906
1907
1881
1908
1882
1909
1883
1910
1884
1911
1885
1912
1886
1913
1887
1914
1888
1915
1889
1916
1890
1917
1891
1918
1892
1919
1893
1920
1894
1921
1895
1922
1896
1923
1897
1924
1898
1925
1899
1926
1900
1927
1901
1928
1902
1929
1903
1930
1904
1931
1905
1932
1906
1933
1907
1934
1935
1909
1936
1910
1937
1911
1938
1912
1939
1913
1940
1914
1941
1915
1942
1916
1943
1917
1944
1918
1945
1919
1946
1920
1947
1921
1948
1922
1949
1923
1950
1924
1951
1925
1952
1926
1953
1927
1954
1928
1955
1929
1956
1930
1957
1931
1958
1932
1959
1933
1960
1934
1961
1935
1962
1963
1937
1964
1938
1965
1939
1966
1940
1967
1941
1968
1942
1969
1943
1970
1944
1971
1945
1972
1946
1973
1947
1974
1948
1975
1949
1976
1950
1977
1951
1978
1952
1979
1953
1980
1954
1981
1955
1982
1956
1983
1957
1984
1958
1985
1959
1986
1960
1987
1961
1988
1962
1989
1963
1990
1991
1965
1992
1966
1993
1967
1994
1968
1995
1969
1996
1970
1997
1971
1998
1972
1999
1973
2000
1974
2001
1975
2002
1976
2003
1977
2004
1978
2005
1979
2006
1980
2007
1981
2008
1982
2009
1983
2010
1984
2011
1985
2012
1986
2013
1987
2014
1988
2015
1989
2016
1990
2017
1991
2018
2019
1993
2020
1994
2021
1995
2022
1996
2023
1997
2024
1998
2025
1999
2026
2000
2027
2001
2028
2002
2029
2003
2030
2004
2031
2005
2032
2006
2033
2007
2034
2008
2035
2009
2036
2010
2037
2011
2038
2012
2039
2013
2040
2014
2041
2015
2042
2016
2043
2017
2044
2018
2045
2019
2046
2047
2021
2048
2022
2049
2023
2050
2024
2051
2025
2052
2026
2053
2027
2054
2028
2055
2029
2056
2030
2057
2031
2058
2032
2059
2033
2060
2034
2061
2035
2062
2036
2063
2037
2064
2038
2065
2039
2066
2040
2067
2041
2068
2042
2069
2043
2070
2044
2071
2045
2072
2046
2073
2047
2074
2075
2049
2076
2050
2077
2051
2078
2052
2079
2053
2080
2054
2081
2055
2082
2056
2083
2057
2084
2058
2085
2059
2086
2060
2087
2061
2088
2062
2089
2063
2090
2064
2091
2065
2092
2066
2093
2067
2094
2068
2095
2069
2096
2070
2097
2071
2098
2072
2099
2073
2100
2074
2101
2075
2102
2103
2077
2104
2078
2105
2079
2106
2080
2107
2081
2108
2082
2109
2083
2110
2084
2111
2085
2112
2086
2113
2087
2114
2088
2115
2089
2116
2090
2117
2091
2118
2092
2119
2093
2120
2094
2121
2095
2122
2096
2123
2097
2124
2098
2125
2099
2126
2100
2127
2101
2128
2102
2129
2103
2130
2131
2105
2132
2106
2133
2107
2134
2108
2135
2109
2136
2110
2137
2111
2138
2112
2139
2113
2140
2114
2141
2115
2142
2116
2143
2117
2144
2118
2145
2119
2146
2120
2147
2121
2148
2122
2149
2123
2150
2124
2151
2125
2152
2126
2153
2127
2154
2128
2155
2129
2156
2130
2157
2131
2158
2159
2133
2160
2134
2161
2135
2162
2136
2163
2137
2164
2138
2165
2139
2166
2140
2167
2141
2168
2142
2169
2143
2170
2144
2171
2145
2172
2146
2173
2147
2174
2148
2175
2149
2176
2150
2177
2151
2178
2152
2179
2153
2180
2154
2181
2155
2182
2156
2183
2157
2184
2158
2185
2159
2186
2187
2161
2188
2162
2189
2163
2190
2164
2191
2165
2192
2166
2193
2167
2194
2168
2195
2169
2196
2170
2197
2171
2198
2172
2199
2173
2200
2174
2201
2175
2202
2176
2203
2177
2204
2178
2205
2179
2206
2180
2207
2181
2208
2182
2209
2183
2210
2184
2211
2185
2212
2186
2213
2187
2214
2215
2189
2216
2190
2217
2191
2218
2192
2219
2193
2220
2194
2221
2195
2222
2196
2223
2197
2224
2198
2225
2199
2226
2200
2227
2201
2228
2202
2229
2203
2230
2204
2231
2205
2232
2206
2233
2207
2234
2208
2235
2209
2236
2210
2237
2211
2238
2212
2239
2213
2240
2214
2241
2215
2242
2243
2217
2244
2218
2245
2219
2246
2220
2247
2221
2248
2222
2249
2223
2250
2224
2251
2225
2252
2226
2253
2227
2254
2228
2255
2229
2256
2230
2257
2231
2258
2232
2259
2233
2260
2234
2261
2235
2262
2236
2263
2237
2264
2238
2265
2239
2266
2240
2267
2241
2268
2242
2269
2243
2270
2271
2245
2272
2246
2273
2247
2274
2248
2275
2249
2276
2250
2277
2251
2278
2252
2279
2253
2280
2254
2281
2255
2282
2256
2283
2257
2284
2258
2285
2259
2286
2260
2287
2261
2288
2262
2289
2263
2290
2264
2291
2265
2292
2266
2293
2267
2294
2268
2295
2269
2296
2270
2297
2271
2298
2299
2273
2300
2274
2301
2275
2302
2276
2303
2277
2304
2278
2305
2279
2306
2280
2307
2281
2308
2282
2309
2283
2310
2284
2311
2285
2312
2286
2313
2287
2314
2288
2315
2289
2316
2290
2317
2291
2318
2292
2319
2293
2320
2294
2321
2295
2322
2296
2323
2297
2324
2298
2325
2299
2326
2327
2301
2328
2302
2329
2303
2330
2304
2331
2305
2332
2306
2333
2307
2334
2308
2335
2309
2336
2310
2337
2311
2338
2312
2339
2313
2340
2314
2341
2315
2342
2316
2343
2317
2344
2318
2345
2319
2346
2320
2347
2321
2348
2322
2349
2323
2350
2324
2351
2325
2352
2326
2353
2327
2354
2355
2329
2356
2330
2357
2331
2358
2332
2359
2333
2360
2334
2361
2335
2362
2336
2363
2337
2364
2338
2365
2339
2366
2340
2367
2341
2368
2342
2369
2343
2370
2344
2371
2345
2372
2346
2373
2347
2374
2348
2375
2349
2376
2350
2377
2351
2378
2352
2379
2353
2380
2354
2381
2355
2382
2383
2357
2384
2358
2385
2359
2386
2360
2387
2361
2388
2362
2389
2363
2390
2364
2391
2365
2392
2366
2393
2367
2394
2368
2395
2369
2396
2370
2397
2371
2398
2372
2399
2373
2400
2374
2401
2375
2402
2376
2403
2377
2404
2378
2405
2379
2406
2380
2407
2381
2408
2382
2409
2383
2410
2411
2385
2412
2386
2413
2387
2414
2388
2415
2389
2416
2390
2417
2391
2418
2392
2419
2393
2420
2394
2421
2395
2422
2396
2423
2397
2424
2398
2425
2399
2426
2400
2427
2401
2428
2402
2429
2403
2430
2404
2431
2405
2432
2406
2433
2407
2434
2408
2435
2409
2436
2410
2437
2411
2438
2439
2413
2440
2414
2441
2415
2442
2416
2443
2417
2444
2418
2445
2419
2446
2420
2447
2421
2448
2422
2449
2423
2450
2424
2451
2425
2452
2426
2453
2427
2454
2428
2455
2429
2456
2430
2457
2431
2458
2432
2459
2433
2460
2434
2461
2435
2462
2436
2463
2437
2464
2438
2465
2439
2466
2467
2441
2468
2442
2469
2443
2470
2444
2471
2445
2472
2446
2473
2447
2474
2448
2475
2449
2476
2450
2477
2451
2478
2452
2479
2453
2480
2454
2481
2455
2482
2456
2483
2457
2484
2458
2485
2459
2486
2460
2487
2461
2488
2462
2489
2463
2490
2464
2491
2465
2492
2466
2493
2467
2494
2495
2469
2496
2470
2497
2471
2498
2472
2499
2473
2500
2474
2501
2475
2502
2476
2503
2477
2504
2478
2505
2479
2506
2480
2507
2481
2508
2482
2509
2483
2510
2484
2511
2485
2512
2486
2513
2487
2514
2488
2515
2489
2516
2490
2517
2491
2518
2492
2519
2493
2520
2494
2521
2495
2522
2523
2497
2524
2498
2525
2499
2526
2500
2527
2501
2528
2502
2529
2503
2530
2504
2531
2505
2532
2506
2533
2507
2534
2508
2535
2509
2536
2510
2537
2511
2538
2512
2539
2513
2540
2514
2541
2515
2542
2516
2543
2517
2544
2518
2545
2519
2546
2520
2547
2521
2548
2522
2549
2523
2550
2551
2525
2552
2526
2553
2527
2554
2528
2555
2529
2556
2530
2557
2531
2558
2532
2559
2533
2560
2534
2561
2535
2562
2536
2563
2537
2564
2538
2565
2539
2566
2540
2567
2541
2568
2542
2569
2543
2570
2544
2571
2545
2572
2546
2573
2547
2574
2548
2575
2549
2576
2550
2577
2551
2578
2579
2553
2580
2554
2581
2555
2582
2556
2583
2557
2584
2558
2585
2559
2586
2560
2587
2561
2588
2562
2589
2563
2590
2564
2591
2565
2592
2566
2593
2567
2594
2568
2595
2569
2596
2570
2597
2571
2598
2572
2599
2573
2600
2574
2601
2575
2602
2576
2603
2577
2604
2578
2605
2579
2606
2607
2581
2608
2582
2609
2583
2610
2584
2611
2585
2612
2586
2613
2587
2614
2588
2615
2589
2616
2590
2617
2591
2618
2592
2619
2593
2620
2594
2621
2595
2622
2596
2623
2597
2624
2598
2625
2599
2626
2600
2627
2601
2628
2602
2629
2603
2630
2604
2631
2605
2632
2606
2633
2607
2634
2635
2609
2636
2610
2637
2611
2638
2612
2639
2613
2640
2614
2641
2615
2642
2616
2643
2617
2644
2618
2645
2619
2646
2620
2647
2621
2648
2622
2649
2623
2650
2624
2651
2625
2652
2626
2653
2627
2654
2628
2655
2629
2656
2630
2657
2631
2658
2632
2659
2633
2660
2634
2661
2635
2662
2663
2637
2664
2638
2665
2639
2666
2640
2667
2641
2668
2642
2669
2643
2670
2644
2671
2645
2672
2646
2673
2647
2674
2648
2675
2649
2676
2650
2677
2651
2678
2652
2679
2653
2680
2654
2681
2655
2682
2656
2683
2657
2684
2658
2685
2659
2686
2660
2687
2661
2688
2662
2689
2663
2690
2691
2665
2692
2666
2693
2667
2694
2668
2695
2669
2696
2670
2697
2671
2698
2672
2699
2673
2700
2674
2701
2675
2702
2676
2703
2677
2704
2678
2705
2679
2706
2680
2707
2681
2708
2682
2709
2683
2710
2684
2711
2685
2712
2686
2713
2687
2714
2688
2715
2689
2716
2690
2717
2691
2718
2719
2693
2720
2694
2721
2695
2722
2696
2723
2697
2724
2698
2725
2699
2726
2700
2727
2701
2728
2702
2729
2703
2730
2704
2731
2705
2732
2706
2733
2707
2734
2708
2735
2709
2736
2710
2737
2711
2738
2712
2739
2713
2740
2714
2741
2715
2742
2716
2743
2717
2744
2718
2745
2719
2746
2747
2721
2748
2722
2749
2723
2750
2724
2751
2725
2752
2726
2753
2727
2754
2728
2755
2729
2756
2730
2757
2731
2758
2732
2759
2733
2760
2734
2761
2735
2762
2736
2763
2737
2764
2738
2765
2739
2766
2740
2767
2741
2768
2742
2769
2743
2770
2744
2771
2745
2772
2746
2773
2747
2774
2775
2749
2776
2750
2777
2751
2778
2752
2779
2753
2780
2754
2781
2755
2782
2756
2783
2757
2784
2758
2785
2759
2786
2760
2787
2761
2788
2762
2789
2763
2790
2764
2791
2765
2792
2766
2793
2767
2794
2768
2795
2769
2796
2770
2797
2771
2798
2772
2799
2773
2800
2774
2801
2775
2802
2803
2777
2804
2778
2805
2779
2806
2780
2807
2781
2808
2782
2809
2783
2810
2784
2811
2785
2812
2786
2813
2787
2814
2788
2815
2789
2816
2790
2817
2791
2818
2792
2819
2793
2820
2794
2821
2795
2822
2796
2823
2797
2824
2798
2825
2799
2826
2800
2827
2801
2828
2802
2829
2803
2830
2831
2805
2832
2806
2833
2807
2834
2808
2835
2809
2836
2810
2837
2811
2838
2812
2839
2813
2840
2814
2841
2815
2842
2816
2843
2817
2844
2818
2845
2819
2846
2820
2847
2821
2848
2822
2849
2823
2850
2824
2851
2825
2852
2826
2853
2827
2854
2828
2855
2829
2856
2830
2857
2831
2858
2859
2833
2860
2834
2861
2835
2862
2836
2863
2837
2864
2838
2865
2839
2866
2840
2867
2841
2868
2842
2869
2843
2870
2844
2871
2845
2872
2846
2873
2847
2874
2848
2875
2849
2876
2850
2877
2851
2878
2852
2879
2853
2880
2854
2881
2855
2882
2856
2883
2857
2884
2858
2885
2859
2886
2887
2861
2888
2862
2889
2863
2890
2864
2891
2865
2892
2866
2893
2867
2894
2868
2895
2869
2896
2870
2897
2871
2898
2872
2899
2873
2900
2874
2901
2875
2902
2876
2903
2877
2904
2878
2905
2879
2906
2880
2907
2881
2908
2882
2909
2883
2910
2884
2911
2885
2912
2886
2913
2887
2914
2915
2889
2916
2890
2917
2891
2918
2892
2919
2893
2920
2894
2921
2895
2922
2896
2923
2897
2924
2898
2925
2899
2926
2900
2927
2901
2928
2902
2929
2903
2930
2904
2931
2905
2932
2906
2933
2907
2934
2908
2935
2909
2936
2910
2937
2911
2938
2912
2939
2913
2940
2914
2941
2915
2942
2943
2917
2944
2918
2945
2919
2946
2920
2947
2921
2948
2922
2949
2923
2950
2924
2951
2925
2952
2926
2953
2927
2954
2928
2955
2929
2956
2930
2957
2931
2958
2932
2959
2933
2960
2934
2961
2935
2962
2936
2963
2937
2964
2938
2965
2939
2966
2940
2967
2941
2968
2942
2969
2943
2970
2971
2945
2972
2946
2973
2947
2974
2948
2975
2949
2976
2950
2977
2951
2978
2952
2979
2953
2980
2954
2981
2955
2982
2956
2983
2957
2984
2958
2985
2959
2986
2960
2987
2961
2988
2962
2989
2963
2990
2964
2991
2965
2992
2966
2993
2967
2994
2968
2995
2969
2996
2970
2997
2971
2998
2999
2973
3000
2974
3001
2975
3002
2976
3003
2977
3004
2978
3005
2979
3006
2980
3007
2981
3008
2982
3009
2983
3010
2984
3011
2985
3012
2986
3013
2987
3014
2988
3015
2989
3016
2990
3017
2991
3018
2992
3019
2993
3020
2994
3021
2995
3022
2996
3023
2997
3024
2998
3025
2999
3026
3027
3001
3028
3002
3029
3003
3030
3004
3031
3005
3032
3006
3033
3007
3034
3008
3035
3009
3036
3010
3037
3011
3038
3012
3039
3013
3040
3014
3041
3015
3042
3016
3043
3017
3044
3018
3045
3019
3046
3020
3047
3021
3048
3022
3049
3023
3050
3024
3051
3025
3052
3026
3053
3027
3054
3055
3029
3056
3030
3057
3031
3058
3032
3059
3033
3060
3034
3061
3035
3062
3036
3063
3037
3064
3038
3065
3039
3066
3040
3067
3041
3068
3042
3069
3043
3070
3044
3071
3045
3072
3046
3073
3047
3074
3048
3075
3049
3076
3050
3077
3051
3078
3052
3079
3053
3080
3054
3081
3055
3082
3083
3057
3804
3058
3805
3059
3806
3060
3807
3061
3808
3062
3809
3063
3810
3064
3811
3065
3812
3066
3813
3067
3814
3068
3815
3069
3816
3070
3817
3071
3818
3072
3819
3073
3820
3074
3821
3075
3822
3076
3823
3077
3824
3078
3825
3079
3826
3080
3827
3081
3828
3082
3829
3083
3830
3831
3085
3096
3831
3086
3097
3087
3098
3088
3099
3089
3100
3090
3101
3091
3102
3092
3103
3093
3104
3094
3105
3095
3106
3107
3097
3108
3859
3098
3109
3099
3110
3100
3111
3101
3112
3102
3113
3103
3114
3104
3115
3105
3116
3106
3117
3107
3118
3119
3109
3120
3887
3110
3121
3111
3122
3112
3123
3113
3124
3114
3125
3115
3126
3116
3127
3117
3128
3118
3129
3119
3130
3131
3121
3132
3915
3122
3133
3123
3134
3124
3135
3125
3136
3126
3137
3127
3138
3128
3139
3129
3140
3130
3141
3131
3142
3143
3133
3144
3943
3134
3145
3135
3146
3136
3147
3137
3148
3138
3149
3139
3150
3140
3151
3141
3152
3142
3153
3143
3154
3155
3145
3156
3971
3146
3157
3147
3158
3148
3159
3149
3160
3150
3161
3151
3162
3152
3163
3153
3164
3154
3165
3155
3166
3167
3157
3168
3999
3158
3169
3159
3170
3160
3171
3161
3172
3162
3173
3163
3174
3164
3175
3165
3176
3166
3177
3167
3178
3179
3169
3180
4027
3170
3181
3171
3182
3172
3183
3173
3184
3174
3185
3175
3186
3176
3187
3177
3188
3178
3189
3179
3190
3191
3181
3192
4055
3182
3193
3183
3194
3184
3195
3185
3196
3186
3197
3187
3198
3188
3199
3189
3200
3190
3201
3191
3202
3203
3193
3204
4083
3194
3205
3195
3206
3196
3207
3197
3208
3198
3209
3199
3210
3200
3211
3201
3212
3202
3213
3203
3214
3215
3205
3216
4111
3206
3217
3207
3218
3208
3219
3209
3220
3210
3221
3211
3222
3212
3223
3213
3224
3214
3225
3215
3226
3227
3217
3228
4139
3218
3229
3219
3230
3220
3231
3221
3232
3222
3233
3223
3234
3224
3235
3225
3236
3226
3237
3227
3238
3239
3229
3240
4167
3230
3241
3231
3242
3232
3243
3233
3244
3234
3245
3235
3246
3236
3247
3237
3248
3238
3249
3239
3250
3251
3241
3252
4195
3242
3253
3243
3254
3244
3255
3245
3256
3246
3257
3247
3258
3248
3259
3249
3260
3250
3261
3251
3262
3263
3253
3264
4223
3254
3265
3255
3266
3256
3267
3257
3268
3258
3269
3259
3270
3260
3271
3261
3272
3262
3273
3263
3274
3275
3265
3276
4251
3266
3277
3267
3278
3268
3279
3269
3280
3270
3281
3271
3282
3272
3283
3273
3284
3274
3285
3275
3286
3287
3277
3288
4279
3278
3289
3279
3290
3280
3291
3281
3292
3282
3293
3283
3294
3284
3295
3285
3296
3286
3297
3287
3298
3299
3289
3300
4307
3290
3301
3291
3302
3292
3303
3293
3304
3294
3305
3295
3306
3296
3307
3297
3308
3298
3309
3299
3310
3311
3301
3312
4335
3302
3313
3303
3314
3304
3315
3305
3316
3306
3317
3307
3318
3308
3319
3309
3320
3310
3321
3311
3322
3323
3313
3324
4363
3314
3325
3315
3326
3316
3327
3317
3328
3318
3329
3319
3330
3320
3331
3321
3332
3322
3333
3323
3334
3335
3325
3336
4391
3326
3337
3327
3338
3328
3339
3329
3340
3330
3341
3331
3342
3332
3343
3333
3344
3334
3345
3335
3346
3347
3337
3348
4419
3338
3349
3339
3350
3340
3351
3341
3352
3342
3353
3343
3354
3344
3355
3345
3356
3346
3357
3347
3358
3359
3349
3360
4447
3350
3361
3351
3362
3352
3363
3353
3364
3354
3365
3355
3366
3356
3367
3357
3368
3358
3369
3359
3370
3371
3361
3372
4475
3362
3373
3363
3374
3364
3375
3365
3376
3366
3377
3367
3378
3368
3379
3369
3380
3370
3381
3371
3382
3383
3373
3384
4503
3374
3385
3375
3386
3376
3387
3377
3388
3378
3389
3379
3390
3380
3391
3381
3392
3382
3393
3383
3394
3395
3385
3396
4531
3386
3397
3387
3398
3388
3399
3389
3400
3390
3401
3391
3402
3392
3403
3393
3404
3394
3405
3395
3406
3407
3397
3408
4559
3398
3409
3399
3410
3400
3411
3401
3412
3402
3413
3403
3414
3404
3415
3405
3416
3406
3417
3407
3418
3419
3409
3420
4587
3410
3421
3411
3422
3412
3423
3413
3424
3414
3425
3415
3426
3416
3427
3417
3428
3418
3429
3419
3430
3431
3421
3432
4615
3422
3433
3423
3434
3424
3435
3425
3436
3426
3437
3427
3438
3428
3439
3429
3440
3430
3441
3431
3442
3443
3433
3444
4643
3434
3445
3435
3446
3436
3447
3437
3448
3438
3449
3439
3450
3440
3451
3441
3452
3442
3453
3443
3454
3455
3445
3456
4671
3446
3457
3447
3458
3448
3459
3449
3460
3450
3461
3451
3462
3452
3463
3453
3464
3454
3465
3455
3466
3467
3457
3468
4699
3458
3469
3459
3470
3460
3471
3461
3472
3462
3473
3463
3474
3464
3475
3465
3476
3466
3477
3467
3478
3479
3469
3480
4727
3470
3481
3471
3482
3472
3483
3473
3484
3474
3485
3475
3486
3476
3487
3477
3488
3478
3489
3479
3490
3491
3481
3492
4755
3482
3493
3483
3494
3484
3495
3485
3496
3486
3497
3487
3498
3488
3499
3489
3500
3490
3501
3491
3502
3503
3493
3504
4783
3494
3505
3495
3506
3496
3507
3497
3508
3498
3509
3499
3510
3500
3511
3501
3512
3502
3513
3503
3514
3515
3505
3516
4811
3506
3517
3507
3518
3508
3519
3509
3520
3510
3521
3511
3522
3512
3523
3513
3524
3514
3525
3515
3526
3527
3517
3528
4839
3518
3529
3519
3530
3520
3531
3521
3532
3522
3533
3523
3534
3524
3535
3525
3536
3526
3537
3527
3538
3539
3529
3540
4867
3530
3541
3531
3542
3532
3543
3533
3544
3534
3545
3535
3546
3536
3547
3537
3548
3538
3549
3539
3550
3551
3541
3552
4895
3542
3553
3543
3554
3544
3555
3545
3556
3546
3557
3547
3558
3548
3559
3549
3560
3550
3561
3551
3562
3563
3553
3564
4923
3554
3565
3555
3566
3556
3567
3557
3568
3558
3569
3559
3570
3560
3571
3561
3572
3562
3573
3563
3574
3575
3565
3576
4951
3566
3577
3567
3578
3568
3579
3569
3580
3570
3581
3571
3582
3572
3583
3573
3584
3574
3585
3575
3586
3587
3577
3588
4979
3578
3589
3579
3590
3580
3591
3581
3592
3582
3593
3583
3594
3584
3595
3585
3596
3586
3597
3587
3598
3599
3589
3600
5007
3590
3601
3591
3602
3592
3603
3593
3604
3594
3605
3595
3606
3596
3607
3597
3608
3598
3609
3599
3610
3611
3601
3612
5035
3602
3613
3603
3614
3604
3615
3605
3616
3606
3617
3607
3618
3608
3619
3609
3620
3610
3621
3611
3622
3623
3613
3624
5063
3614
3625
3615
3626
3616
3627
3617
3628
3618
3629
3619
3630
3620
3631
3621
3632
3622
3633
3623
3634
3635
3625
3636
5091
3626
3637
3627
3638
3628
3639
3629
3640
3630
3641
3631
3642
3632
3643
3633
3644
3634
3645
3635
3646
3647
3637
3648
5119
3638
3649
3639
3650
3640
3651
3641
3652
3642
3653
3643
3654
3644
3655
3645
3656
3646
3657
3647
3658
3659
3649
3660
5147
3650
3661
3651
3662
3652
3663
3653
3664
3654
3665
3655
3666
3656
3667
3657
3668
3658
3669
3659
3670
3671
3661
3672
5175
3662
3673
3663
3674
3664
3675
3665
3676
3666
3677
3667
3678
3668
3679
3669
3680
3670
3681
3671
3682
3683
3673
3684
5203
3674
3685
3675
3686
3676
3687
3677
3688
3678
3689
3679
3690
3680
3691
3681
3692
3682
3693
3683
3694
3695
3685
3696
5231
3686
3697
3687
3698
3688
3699
3689
3700
3690
3701
3691
3702
3692
3703
3693
3704
3694
3705
3695
3706
3707
3697
3708
5259
3698
3709
3699
3710
3700
3711
3701
3712
3702
3713
3703
3714
3704
3715
3705
3716
3706
3717
3707
3718
3719
3709
3720
5287
3710
3721
3711
3722
3712
3723
3713
3724
3714
3725
3715
3726
3716
3727
3717
3728
3718
3729
3719
3730
3731
3721
3732
5315
3722
3733
3723
3734
3724
3735
3725
3736
3726
3737
3727
3738
3728
3739
3729
3740
3730
3741
3731
3742
3743
3733
3744
5343
3734
3745
3735
3746
3736
3747
3737
3748
3738
3749
3739
3750
3740
3751
3741
3752
3742
3753
3743
3754
3755
3745
3756
5371
3746
3757
3747
3758
3748
3759
3749
3760
3750
3761
3751
3762
3752
3763
3753
3764
3754
3765
3755
3766
3767
3757
3768
5399
3758
3769
3759
3770
3760
3771
3761
3772
3762
3773
3763
3774
3764
3775
3765
3776
3766
3777
3767
3778
3779
3769
3780
5427
3770
3781
3771
3782
3772
3783
3773
3784
3774
3785
3775
3786
3776
3787
3777
3788
3778
3789
3779
3790
3791
3781
3792
5455
3782
3793
3783
3794
3784
3795
3785
3796
3786
3797
3787
3798
3788
3799
3789
3800
3790
3801
3791
3802
3803
3793
5483
5684
3794
5685
3795
5686
3796
5687
3797
5688
3798
5689
3799
5690
3800
5691
3801
5692
3802
5693
3803
5694
5695
3805
3832
3806
3833
3807
3834
3808
3835
3809
3836
3810
3837
3811
3838
3812
3839
3813
3840
3814
3841
3815
3842
3816
3843
3817
3844
3818
3845
3819
3846
3820
3847
3821
3848
3822
3849
3823
3850
3824
3851
3825
3852
3826
3853
3827
3854
3828
3855
3829
3856
3830
3857
3831
3858
3859
3833
3860
3834
3861
3835
3862
3836
3863
3837
3864
3838
3865
3839
3866
3840
3867
3841
3868
3842
3869
3843
3870
3844
3871
3845
3872
3846
3873
3847
3874
3848
3875
3849
3876
3850
3877
3851
3878
3852
3879
3853
3880
3854
3881
3855
3882
3856
3883
3857
3884
3858
3885
3859
3886
3887
3861
3888
3862
3889
3863
3890
3864
3891
3865
3892
3866
3893
3867
3894
3868
3895
3869
3896
3870
3897
3871
3898
3872
3899
3873
3900
3874
3901
3875
3902
3876
3903
3877
3904
3878
3905
3879
3906
3880
3907
3881
3908
3882
3909
3883
3910
3884
3911
3885
3912
3886
3913
3887
3914
3915
3889
3916
3890
3917
3891
3918
3892
3919
3893
3920
3894
3921
3895
3922
3896
3923
3897
3924
3898
3925
3899
3926
3900
3927
3901
3928
3902
3929
3903
3930
3904
3931
3905
3932
3906
3933
3907
3934
3908
3935
3909
3936
3910
3937
3911
3938
3912
3939
3913
3940
3914
3941
3915
3942
3943
3917
3944
3918
3945
3919
3946
3920
3947
3921
3948
3922
3949
3923
3950
3924
3951
3925
3952
3926
3953
3927
3954
3928
3955
3929
3956
3930
3957
3931
3958
3932
3959
3933
3960
3934
3961
3935
3962
3936
3963
3937
3964
3938
3965
3939
3966
3940
3967
3941
3968
3942
3969
3943
3970
3971
3945
3972
3946
3973
3947
3974
3948
3975
3949
3976
3950
3977
3951
3978
3952
3979
3953
3980
3954
3981
3955
3982
3956
3983
3957
3984
3958
3985
3959
3986
3960
3987
3961
3988
3962
3989
3963
3990
3964
3991
3965
3992
3966
3993
3967
3994
3968
3995
3969
3996
3970
3997
3971
3998
3999
3973
4000
3974
4001
3975
4002
3976
4003
3977
4004
3978
4005
3979
4006
3980
4007
3981
4008
3982
4009
3983
4010
3984
4011
3985
4012
3986
4013
3987
4014
3988
4015
3989
4016
3990
4017
3991
4018
3992
4019
3993
4020
3994
4021
3995
4022
3996
4023
3997
4024
3998
4025
3999
4026
4027
4001
4028
4002
4029
4003
4030
4004
4031
4005
4032
4006
4033
4007
4034
4008
4035
4009
4036
4010
4037
4011
4038
4012
4039
4013
4040
4014
4041
4015
4042
4016
4043
4017
4044
4018
4045
4019
4046
4020
4047
4021
4048
4022
4049
4023
4050
4024
4051
4025
4052
4026
4053
4027
4054
4055
4029
4056
4030
4057
4031
4058
4032
4059
4033
4060
4034
4061
4035
4062
4036
4063
4037
4064
4038
4065
4039
4066
4040
4067
4041
4068
4042
4069
4043
4070
4044
4071
4045
4072
4046
4073
4047
4074
4048
4075
4049
4076
4050
4077
4051
4078
4052
4079
4053
4080
4054
4081
4055
4082
4083
4057
4084
4058
4085
4059
4086
4060
4087
4061
4088
4062
4089
4063
4090
4064
4091
4065
4092
4066
4093
4067
4094
4068
4095
4069
4096
4070
4097
4071
4098
4072
4099
4073
4100
4074
4101
4075
4102
4076
4103
4077
4104
4078
4105
4079
4106
4080
4107
4081
4108
4082
4109
4083
4110
4111
4085
4112
4086
4113
4087
4114
4088
4115
4089
4116
4090
4117
4091
4118
4092
4119
4093
4120
4094
4121
4095
4122
4096
4123
4097
4124
4098
4125
4099
4126
4100
4127
4101
4128
4102
4129
4103
4130
4104
4131
4105
4132
4106
4133
4107
4134
4108
4135
4109
4136
4110
4137
4111
4138
4139
4113
4140
4114
4141
4115
4142
4116
4143
4117
4144
4118
4145
4119
4146
4120
4147
4121
4148
4122
4149
4123
4150
4124
4151
4125
4152
4126
4153
4127
4154
4128
4155
4129
4156
4130
4157
4131
4158
4132
4159
4133
4160
4134
4161
4135
4162
4136
4163
4137
4164
4138
4165
4139
4166
4167
4141
4168
4142
4169
4143
4170
4144
4171
4145
4172
4146
4173
4147
4174
4148
4175
4149
4176
4150
4177
4151
4178
4152
4179
4153
4180
4154
4181
4155
4182
4156
4183
4157
4184
4158
4185
4159
4186
4160
4187
4161
4188
4162
4189
4163
4190
4164
4191
4165
4192
4166
4193
4167
4194
4195
4169
4196
4170
4197
4171
4198
4172
4199
4173
4200
4174
4201
4175
4202
4176
4203
4177
4204
4178
4205
4179
4206
4180
4207
4181
4208
4182
4209
4183
4210
4184
4211
4185
4212
4186
4213
4187
4214
4188
4215
4189
4216
4190
4217
4191
4218
4192
4219
4193
4220
4194
4221
4195
4222
4223
4197
4224
4198
4225
4199
4226
4200
4227
4201
4228
4202
4229
4203
4230
4204
4231
4205
4232
4206
4233
4207
4234
4208
4235
4209
4236
4210
4237
4211
4238
4212
4239
4213
4240
4214
4241
4215
4242
4216
4243
4217
4244
4218
4245
4219
4246
4220
4247
4221
4248
4222
4249
4223
4250
4251
4225
4252
4226
4253
4227
4254
4228
4255
4229
4256
4230
4257
4231
4258
4232
4259
4233
4260
4234
4261
4235
4262
4236
4263
4237
4264
4238
4265
4239
4266
4240
4267
4241
4268
4242
4269
4243
4270
4244
4271
4245
4272
4246
4273
4247
4274
4248
4275
4249
4276
4250
4277
4251
4278
4279
4253
4280
4254
4281
4255
4282
4256
4283
4257
4284
4258
4285
4259
4286
4260
4287
4261
4288
4262
4289
4263
4290
4264
4291
4265
4292
4266
4293
4267
4294
4268
4295
4269
4296
4270
4297
4271
4298
4272
4299
4273
4300
4274
4301
4275
4302
4276
4303
4277
4304
4278
4305
4279
4306
4307
4281
4308
4282
4309
4283
4310
4284
4311
4285
4312
4286
4313
4287
4314
4288
4315
4289
4316
4290
4317
4291
4318
4292
4319
4293
4320
4294
4321
4295
4322
4296
4323
4297
4324
4298
4325
4299
4326
4300
4327
4301
4328
4302
4329
4303
4330
4304
4331
4305
4332
4306
4333
4307
4334
4335
4309
4336
4310
4337
4311
4338
4312
4339
4313
4340
4314
4341
4315
4342
4316
4343
4317
4344
4318
4345
4319
4346
4320
4347
4321
4348
4322
4349
4323
4350
4324
4351
4325
4352
4326
4353
4327
4354
4328
4355
4329
4356
4330
4357
4331
4358
4332
4359
4333
4360
4334
4361
4335
4362
4363
4337
4364
4338
4365
4339
4366
4340
4367
4341
4368
4342
4369
4343
4370
4344
4371
4345
4372
4346
4373
4347
4374
4348
4375
4349
4376
4350
4377
4351
4378
4352
4379
4353
4380
4354
4381
4355
4382
4356
4383
4357
4384
4358
4385
4359
4386
4360
4387
4361
4388
4362
4389
4363
4390
4391
4365
4392
4366
4393
4367
4394
4368
4395
4369
4396
4370
4397
4371
4398
4372
4399
4373
4400
4374
4401
4375
4402
4376
4403
4377
4404
4378
4405
4379
4406
4380
4407
4381
4408
4382
4409
4383
4410
4384
4411
4385
4412
4386
4413
4387
4414
4388
4415
4389
4416
4390
4417
4391
4418
4419
4393
4420
4394
4421
4395
4422
4396
4423
4397
4424
4398
4425
4399
4426
4400
4427
4401
4428
4402
4429
4403
4430
4404
4431
4405
4432
4406
4433
4407
4434
4408
4435
4409
4436
4410
4437
4411
4438
4412
4439
4413
4440
4414
4441
4415
4442
4416
4443
4417
4444
4418
4445
4419
4446
4447
4421
4448
4422
4449
4423
4450
4424
4451
4425
4452
4426
4453
4427
4454
4428
4455
4429
4456
4430
4457
4431
4458
4432
4459
4433
4460
4434
4461
4435
4462
4436
4463
4437
4464
4438
4465
4439
4466
4440
4467
4441
4468
4442
4469
4443
4470
4444
4471
4445
4472
4446
4473
4447
4474
4475
4449
4476
4450
4477
4451
4478
4452
4479
4453
4480
4454
4481
4455
4482
4456
4483
4457
4484
4458
4485
4459
4486
4460
4487
4461
4488
4462
4489
4463
4490
4464
4491
4465
4492
4466
4493
4467
4494
4468
4495
4469
4496
4470
4497
4471
4498
4472
4499
4473
4500
4474
4501
4475
4502
4503
4477
4504
4478
4505
4479
4506
4480
4507
4481
4508
4482
4509
4483
4510
4484
4511
4485
4512
4486
4513
4487
4514
4488
4515
4489
4516
4490
4517
4491
4518
4492
4519
4493
4520
4494
4521
4495
4522
4496
4523
4497
4524
4498
4525
4499
4526
4500
4527
4501
4528
4502
4529
4503
4530
4531
4505
4532
4506
4533
4507
4534
4508
4535
4509
4536
4510
4537
4511
4538
4512
4539
4513
4540
4514
4541
4515
4542
4516
4543
4517
4544
4518
4545
4519
4546
4520
4547
4521
4548
4522
4549
4523
4550
4524
4551
4525
4552
4526
4553
4527
4554
4528
4555
4529
4556
4530
4557
4531
4558
4559
4533
4560
4534
4561
4535
4562
4536
4563
4537
4564
4538
4565
4539
4566
4540
4567
4541
4568
4542
4569
4543
4570
4544
4571
4545
4572
4546
4573
4547
4574
4548
4575
4549
4576
4550
4577
4551
4578
4552
4579
4553
4580
4554
4581
4555
4582
4556
4583
4557
4584
4558
4585
4559
4586
4587
4561
4588
4562
4589
4563
4590
4564
4591
4565
4592
4566
4593
4567
4594
4568
4595
4569
4596
4570
4597
4571
4598
4572
4599
4573
4600
4574
4601
4575
4602
4576
4603
4577
4604
4578
4605
4579
4606
4580
4607
4581
4608
4582
4609
4583
4610
4584
4611
4585
4612
4586
4613
4587
4614
4615
4589
4616
4590
4617
4591
4618
4592
4619
4593
4620
4594
4621
4595
4622
4596
4623
4597
4624
4598
4625
4599
4626
4600
4627
4601
4628
4602
4629
4603
4630
4604
4631
4605
4632
4606
4633
4607
4634
4608
4635
4609
4636
4610
4637
4611
4638
4612
4639
4613
4640
4614
4641
4615
4642
4643
4617
4644
4618
4645
4619
4646
4620
4647
4621
4648
4622
4649
4623
4650
4624
4651
4625
4652
4626
4653
4627
4654
4628
4655
4629
4656
4630
4657
4631
4658
4632
4659
4633
4660
4634
4661
4635
4662
4636
4663
4637
4664
4638
4665
4639
4666
4640
4667
4641
4668
4642
4669
4643
4670
4671
4645
4672
4646
4673
4647
4674
4648
4675
4649
4676
4650
4677
4651
4678
4652
4679
4653
4680
4654
4681
4655
4682
4656
4683
4657
4684
4658
4685
4659
4686
4660
4687
4661
4688
4662
4689
4663
4690
4664
4691
4665
4692
4666
4693
4667
4694
4668
4695
4669
4696
4670
4697
4671
4698
4699
4673
4700
4674
4701
4675
4702
4676
4703
4677
4704
4678
4705
4679
4706
4680
4707
4681
4708
4682
4709
4683
4710
4684
4711
4685
4712
4686
4713
4687
4714
4688
4715
4689
4716
4690
4717
4691
4718
4692
4719
4693
4720
4694
4721
4695
4722
4696
4723
4697
4724
4698
4725
4699
4726
4727
4701
4728
4702
4729
4703
4730
4704
4731
4705
4732
4706
4733
4707
4734
4708
4735
4709
4736
4710
4737
4711
4738
4712
4739
4713
4740
4714
4741
4715
4742
4716
4743
4717
4744
4718
4745
4719
4746
4720
4747
4721
4748
4722
4749
4723
4750
4724
4751
4725
4752
4726
4753
4727
4754
4755
4729
4756
4730
4757
4731
4758
4732
4759
4733
4760
4734
4761
4735
4762
4736
4763
4737
4764
4738
4765
4739
4766
4740
4767
4741
4768
4742
4769
4743
4770
4744
4771
4745
4772
4746
4773
4747
4774
4748
4775
4749
4776
4750
4777
4751
4778
4752
4779
4753
4780
4754
4781
4755
4782
4783
4757
4784
4758
4785
4759
4786
4760
4787
4761
4788
4762
4789
4763
4790
4764
4791
4765
4792
4766
4793
4767
4794
4768
4795
4769
4796
4770
4797
4771
4798
4772
4799
4773
4800
4774
4801
4775
4802
4776
4803
4777
4804
4778
4805
4779
4806
4780
4807
4781
4808
4782
4809
4783
4810
4811
4785
4812
4786
4813
4787
4814
4788
4815
4789
4816
4790
4817
4791
4818
4792
4819
4793
4820
4794
4821
4795
4822
4796
4823
4797
4824
4798
4825
4799
4826
4800
4827
4801
4828
4802
4829
4803
4830
4804
4831
4805
4832
4806
4833
4807
4834
4808
4835
4809
4836
4810
4837
4811
4838
4839
4813
4840
4814
4841
4815
4842
4816
4843
4817
4844
4818
4845
4819
4846
4820
4847
4821
4848
4822
4849
4823
4850
4824
4851
4825
4852
4826
4853
4827
4854
4828
4855
4829
4856
4830
4857
4831
4858
4832
4859
4833
4860
4834
4861
4835
4862
4836
4863
4837
4864
4838
4865
4839
4866
4867
4841
4868
4842
4869
4843
4870
4844
4871
4845
4872
4846
4873
4847
4874
4848
4875
4849
4876
4850
4877
4851
4878
4852
4879
4853
4880
4854
4881
4855
4882
4856
4883
4857
4884
4858
4885
4859
4886
4860
4887
4861
4888
4862
4889
4863
4890
4864
4891
4865
4892
4866
4893
4867
4894
4895
4869
4896
4870
4897
4871
4898
4872
4899
4873
4900
4874
4901
4875
4902
4876
4903
4877
4904
4878
4905
4879
4906
4880
4907
4881
4908
4882
4909
4883
4910
4884
4911
4885
4912
4886
4913
4887
4914
4888
4915
4889
4916
4890
4917
4891
4918
4892
4919
4893
4920
4894
4921
4895
4922
4923
4897
4924
4898
4925
4899
4926
4900
4927
4901
4928
4902
4929
4903
4930
4904
4931
4905
4932
4906
4933
4907
4934
4908
4935
4909
4936
4910
4937
4911
4938
4912
4939
4913
4940
4914
4941
4915
4942
4916
4943
4917
4944
4918
4945
4919
4946
4920
4947
4921
4948
4922
4949
4923
4950
4951
4925
4952
4926
4953
4927
4954
4928
4955
4929
4956
4930
4957
4931
4958
4932
4959
4933
4960
4934
4961
4935
4962
4936
4963
4937
4964
4938
4965
4939
4966
4940
4967
4941
4968
4942
4969
4943
4970
4944
4971
4945
4972
4946
4973
4947
4974
4948
4975
4949
4976
4950
4977
4951
4978
4979
4953
4980
4954
4981
4955
4982
4956
4983
4957
4984
4958
4985
4959
4986
4960
4987
4961
4988
4962
4989
4963
4990
4964
4991
4965
4992
4966
4993
4967
4994
4968
4995
4969
4996
4970
4997
4971
4998
4972
4999
4973
5000
4974
5001
4975
5002
4976
5003
4977
5004
4978
5005
4979
5006
5007
4981
5008
4982
5009
4983
5010
4984
5011
4985
5012
4986
5013
4987
5014
4988
5015
4989
5016
4990
5017
4991
5018
4992
5019
4993
5020
4994
5021
4995
5022
4996
5023
4997
5024
4998
5025
4999
5026
5000
5027
5001
5028
5002
5029
5003
5030
5004
5031
5005
5032
5006
5033
5007
5034
5035
5009
5036
5010
5037
5011
5038
5012
5039
5013
5040
5014
5041
5015
5042
5016
5043
5017
5044
5018
5045
5019
5046
5020
5047
5021
5048
5022
5049
5023
5050
5024
5051
5025
5052
5026
5053
5027
5054
5028
5055
5029
5056
5030
5057
5031
5058
5032
5059
5033
5060
5034
5061
5035
5062
5063
5037
5064
5038
5065
5039
5066
5040
5067
5041
5068
5042
5069
5043
5070
5044
5071
5045
5072
5046
5073
5047
5074
5048
5075
5049
5076
5050
5077
5051
5078
5052
5079
5053
5080
5054
5081
5055
5082
5056
5083
5057
5084
5058
5085
5059
5086
5060
5087
5061
5088
5062
5089
5063
5090
5091
5065
5092
5066
5093
5067
5094
5068
5095
5069
5096
5070
5097
5071
5098
5072
5099
5073
5100
5074
5101
5075
5102
5076
5103
5077
5104
5078
5105
5079
5106
5080
5107
5081
5108
5082
5109
5083
5110
5084
5111
5085
5112
5086
5113
5087
5114
5088
5115
5089
5116
5090
5117
5091
5118
5119
5093
5120
5094
5121
5095
5122
5096
5123
5097
5124
5098
5125
5099
5126
5100
5127
5101
5128
5102
5129
5103
5130
5104
5131
5105
5132
5106
5133
5107
5134
5108
5135
5109
5136
5110
5137
5111
5138
5112
5139
5113
5140
5114
5141
5115
5142
5116
5143
5117
5144
5118
5145
5119
5146
5147
5121
5148
5122
5149
5123
5150
5124
5151
5125
5152
5126
5153
5127
5154
5128
5155
5129
5156
5130
5157
5131
5158
5132
5159
5133
5160
5134
5161
5135
5162
5136
5163
5137
5164
5138
5165
5139
5166
5140
5167
5141
5168
5142
5169
5143
5170
5144
5171
5145
5172
5146
5173
5147
5174
5175
5149
5176
5150
5177
5151
5178
5152
5179
5153
5180
5154
5181
5155
5182
5156
5183
5157
5184
5158
5185
5159
5186
5160
5187
5161
5188
5162
5189
5163
5190
5164
5191
5165
5192
5166
5193
5167
5194
5168
5195
5169
5196
5170
5197
5171
5198
5172
5199
5173
5200
5174
5201
5175
5202
5203
5177
5204
5178
5205
5179
5206
5180
5207
5181
5208
5182
5209
5183
5210
5184
5211
5185
5212
5186
5213
5187
5214
5188
5215
5189
5216
5190
5217
5191
5218
5192
5219
5193
5220
5194
5221
5195
5222
5196
5223
5197
5224
5198
5225
5199
5226
5200
5227
5201
5228
5202
5229
5203
5230
5231
5205
5232
5206
5233
5207
5234
5208
5235
5209
5236
5210
5237
5211
5238
5212
5239
5213
5240
5214
5241
5215
5242
5216
5243
5217
5244
5218
5245
5219
5246
5220
5247
5221
5248
5222
5249
5223
5250
5224
5251
5225
5252
5226
5253
5227
5254
5228
5255
5229
5256
5230
5257
5231
5258
5259
5233
5260
5234
5261
5235
5262
5236
5263
5237
5264
5238
5265
5239
5266
5240
5267
5241
5268
5242
5269
5243
5270
5244
5271
5245
5272
5246
5273
5247
5274
5248
5275
5249
5276
5250
5277
5251
5278
5252
5279
5253
5280
5254
5281
5255
5282
5256
5283
5257
5284
5258
5285
5259
5286
5287
5261
5288
5262
5289
5263
5290
5264
5291
5265
5292
5266
5293
5267
5294
5268
5295
5269
5296
5270
5297
5271
5298
5272
5299
5273
5300
5274
5301
5275
5302
5276
5303
5277
5304
5278
5305
5279
5306
5280
5307
5281
5308
5282
5309
5283
5310
5284
5311
5285
5312
5286
5313
5287
5314
5315
5289
5316
5290
5317
5291
5318
5292
5319
5293
5320
5294
5321
5295
5322
5296
5323
5297
5324
5298
5325
5299
5326
5300
5327
5301
5328
5302
5329
5303
5330
5304
5331
5305
5332
5306
5333
5307
5334
5308
5335
5309
5336
5310
5337
5311
5338
5312
5339
5313
5340
5314
5341
5315
5342
5343
5317
5344
5318
5345
5319
5346
5320
5347
5321
5348
5322
5349
5323
5350
5324
5351
5325
5352
5326
5353
5327
5354
5328
5355
5329
5356
5330
5357
5331
5358
5332
5359
5333
5360
5334
5361
5335
5362
5336
5363
5337
5364
5338
5365
5339
5366
5340
5367
5341
5368
5342
5369
5343
5370
5371
5345
5372
5346
5373
5347
5374
5348
5375
5349
5376
5350
5377
5351
5378
5352
5379
5353
5380
5354
5381
5355
5382
5356
5383
5357
5384
5358
5385
5359
5386
5360
5387
5361
5388
5362
5389
5363
5390
5364
5391
5365
5392
5366
5393
5367
5394
5368
5395
5369
5396
5370
5397
5371
5398
5399
5373
5400
5374
5401
5375
5402
5376
5403
5377
5404
5378
5405
5379
5406
5380
5407
5381
5408
5382
5409
5383
5410
5384
5411
5385
5412
5386
5413
5387
5414
5388
5415
5389
5416
5390
5417
5391
5418
5392
5419
5393
5420
5394
5421
5395
5422
5396
5423
5397
5424
5398
5425
5399
5426
5427
5401
5428
5402
5429
5403
5430
5404
5431
5405
5432
5406
5433
5407
5434
5408
5435
5409
5436
5410
5437
5411
5438
5412
5439
5413
5440
5414
5441
5415
5442
5416
5443
5417
5444
5418
5445
5419
5446
5420
5447
5421
5448
5422
5449
5423
5450
5424
5451
5425
5452
5426
5453
5427
5454
5455
5429
5456
5430
5457
5431
5458
5432
5459
5433
5460
5434
5461
5435
5462
5436
5463
5437
5464
5438
5465
5439
5466
5440
5467
5441
5468
5442
5469
5443
5470
5444
5471
5445
5472
5446
5473
5447
5474
5448
5475
5449
5476
5450
5477
5451
5478
5452
5479
5453
5480
5454
5481
5455
5482
5483
5457
5804
5458
5805
5459
5806
5460
5807
5461
5808
5462
5809
5463
5810
5464
5811
5465
5812
5466
5813
5467
5814
5468
5815
5469
5816
5470
5817
5471
5818
5472
5819
5473
5820
5474
5821
5475
5822
5476
5823
5477
5824
5478
5825
5479
5826
5480
5827
5481
5828
5482
5829
5483
5830
5831
5485
5504
5695
5486
5505
5487
5506
5488
5507
5489
5508
5490
5509
5491
5510
5492
5511
5493
5512
5494
5513
5495
5514
5496
5515
5497
5516
5498
5517
5499
5518
5500
5519
5501
5520
5502
5521
5503
5522
5523
5505
5524
5707
5506
5525
5507
5526
5508
5527
5509
5528
5510
5529
5511
5530
5512
5531
5513
5532
5514
5533
5515
5534
5516
5535
5517
5536
5518
5537
5519
5538
5520
5539
5521
5540
5522
5541
5523
5542
5543
5525
5544
5719
5526
5545
5527
5546
5528
5547
5529
5548
5530
5549
5531
5550
5532
5551
5533
5552
5534
5553
5535
5554
5536
5555
5537
5556
5538
5557
5539
5558
5540
5559
5541
5560
5542
5561
5543
5562
5563
5545
5564
5731
5546
5565
5547
5566
5548
5567
5549
5568
5550
5569
5551
5570
5552
5571
5553
5572
5554
5573
5555
5574
5556
5575
5557
5576
5558
5577
5559
5578
5560
5579
5561
5580
5562
5581
5563
5582
5583
5565
5584
5743
5566
5585
5567
5586
5568
5587
5569
5588
5570
5589
5571
5590
5572
5591
5573
5592
5574
5593
5575
5594
5576
5595
5577
5596
5578
5597
5579
5598
5580
5599
5581
5600
5582
5601
5583
5602
5603
5585
5604
5755
5586
5605
5587
5606
5588
5607
5589
5608
5590
5609
5591
5610
5592
5611
5593
5612
5594
5613
5595
5614
5596
5615
5597
5616
5598
5617
5599
5618
5600
5619
5601
5620
5602
5621
5603
5622
5623
5605
5624
5767
5606
5625
5607
5626
5608
5627
5609
5628
5610
5629
5611
5630
5612
5631
5613
5632
5614
5633
5615
5634
5616
5635
5617
5636
5618
5637
5619
5638
5620
5639
5621
5640
5622
5641
5623
5642
5643
5625
5644
5779
5626
5645
5627
5646
5628
5647
5629
5648
5630
5649
5631
5650
5632
5651
5633
5652
5634
5653
5635
5654
5636
5655
5637
5656
5638
5657
5639
5658
5640
5659
5641
5660
5642
5661
5643
5662
5663
5645
5664
5791
5646
5665
5647
5666
5648
5667
5649
5668
5650
5669
5651
5670
5652
5671
5653
5672
5654
5673
5655
5674
5656
5675
5657
5676
5658
5677
5659
5678
5660
5679
5661
5680
5662
5681
5663
5682
5683
5665
5803
5666
5667
5668
5669
5670
5671
5672
5673
5674
5675
5676
5677
5678
5679
5680
5681
5682
5683
5685
5696
5831
5686
5697
5687
5698
5688
5699
5689
5700
5690
5701
5691
5702
5692
5703
5693
5704
5694
5705
5695
5706
5707
5697
5708
5859
5698
5709
5699
5710
5700
5711
5701
5712
5702
5713
5703
5714
5704
5715
5705
5716
5706
5717
5707
5718
5719
5709
5720
5887
5710
5721
5711
5722
5712
5723
5713
5724
5714
5725
5715
5726
5716
5727
5717
5728
5718
5729
5719
5730
5731
5721
5732
5915
5722
5733
5723
5734
5724
5735
5725
5736
5726
5737
5727
5738
5728
5739
5729
5740
5730
5741
5731
5742
5743
5733
5744
5943
5734
5745
5735
5746
5736
5747
5737
5748
5738
5749
5739
5750
5740
5751
5741
5752
5742
5753
5743
5754
5755
5745
5756
5971
5746
5757
5747
5758
5748
5759
5749
5760
5750
5761
5751
5762
5752
5763
5753
5764
5754
5765
5755
5766
5767
5757
5768
5999
5758
5769
5759
5770
5760
5771
5761
5772
5762
5773
5763
5774
5764
5775
5765
5776
5766
5777
5767
5778
5779
5769
5780
6027
5770
5781
5771
5782
5772
5783
5773
5784
5774
5785
5775
5786
5776
5787
5777
5788
5778
5789
5779
5790
5791
5781
5792
6055
5782
5793
5783
5794
5784
5795
5785
5796
5786
5797
5787
5798
5788
5799
5789
5800
5790
5801
5791
5802
5803
5793
6083
5794
5795
5796
5797
5798
5799
5800
5801
5802
5803
5805
5832
5806
5833
5807
5834
5808
5835
5809
5836
5810
5837
5811
5838
5812
5839
5813
5840
5814
5841
5815
5842
5816
5843
5817
5844
5818
5845
5819
5846
5820
5847
5821
5848
5822
5849
5823
5850
5824
5851
5825
5852
5826
5853
5827
5854
5828
5855
5829
5856
5830
5857
5831
5858
5859
5833
5860
5834
5861
5835
5862
5836
5863
5837
5864
5838
5865
5839
5866
5840
5867
5841
5868
5842
5869
5843
5870
5844
5871
5845
5872
5846
5873
5847
5874
5848
5875
5849
5876
5850
5877
5851
5878
5852
5879
5853
5880
5854
5881
5855
5882
5856
5883
5857
5884
5858
5885
5859
5886
5887
5861
5888
5862
5889
5863
5890
5864
5891
5865
5892
5866
5893
5867
5894
5868
5895
5869
5896
5870
5897
5871
5898
5872
5899
5873
5900
5874
5901
5875
5902
5876
5903
5877
5904
5878
5905
5879
5906
5880
5907
5881
5908
5882
5909
5883
5910
5884
5911
5885
5912
5886
5913
5887
5914
5915
5889
5916
5890
5917
5891
5918
5892
5919
5893
5920
5894
5921
5895
5922
5896
5923
5897
5924
5898
5925
5899
5926
5900
5927
5901
5928
5902
5929
5903
5930
5904
5931
5905
5932
5906
5933
5907
5934
5908
5935
5909
5936
5910
5937
5911
5938
5912
5939
5913
5940
5914
5941
5915
5942
5943
5917
5944
5918
5945
5919
5946
5920
5947
5921
5948
5922
5949
5923
5950
5924
5951
5925
5952
5926
5953
5927
5954
5928
5955
5929
5956
5930
5957
5931
5958
5932
5959
5933
5960
5934
5961
5935
5962
5936
5963
5937
5964
5938
5965
5939
5966
5940
5967
5941
5968
5942
5969
5943
5970
5971
5945
5972
5946
5973
5947
5974
5948
5975
5949
5976
5950
5977
5951
5978
5952
5979
5953
5980
5954
5981
5955
5982
5956
5983
5957
5984
5958
5985
5959
5986
5960
5987
5961
5988
5962
5989
5963
5990
5964
5991
5965
5992
5966
5993
5967
5994
5968
5995
5969
5996
5970
5997
5971
5998
5999
5973
6000
5974
6001
5975
6002
5976
6003
5977
6004
5978
6005
5979
6006
5980
6007
5981
6008
5982
6009
5983
6010
5984
6011
5985
6012
5986
6013
5987
6014
5988
6015
5989
6016
5990
6017
5991
6018
5992
6019
5993
6020
5994
6021
5995
6022
5996
6023
5997
6024
5998
6025
5999
6026
6027
6001
6028
6002
6029
6003
6030
6004
6031
6005
6032
6006
6033
6007
6034
6008
6035
6009
6036
6010
6037
6011
6038
6012
6039
6013
6040
6014
6041
6015
6042
6016
6043
6017
6044
6018
6045
6019
6046
6020
6047
6021
6048
6022
6049
6023
6050
6024
6051
6025
6052
6026
6053
6027
6054
6055
6029
6056
6030
6057
6031
6058
6032
6059
6033
6060
6034
6061
6035
6062
6036
6063
6037
6064
6038
6065
6039
6066
6040
6067
6041
6068
6042
6069
6043
6070
6044
6071
6045
6072
6046
6073
6047
6074
6048
6075
6049
6076
6050
6077
6051
6078
6052
6079
6053
6080
6054
6081
6055
6082
6083
6057
6058
6059
6060
6061
6062
6063
6064
6065
6066
6067
6068
6069
6070
6071
6072
6073
6074
6075
6076
6077
6078
6079
6080
6081
6082
6083
)


// ************************************************************************* //
