/*--------------------------------*- C++ -*----------------------------------*\
| =========                 |                                                 |
| \\      /  F ield         | OpenFOAM: The Open Source CFD Toolbox           |
|  \\    /   O peration     | Version:  v2012                                 |
|   \\  /    A nd           | Website:  www.openfoam.com                      |
|    \\/     M anipulation  |                                                 |
\*---------------------------------------------------------------------------*/
FoamFile
{
    version     2.0;
    format      ascii;
    class       volScalarField;
    location    "622";
    object      nut;
}
// * * * * * * * * * * * * * * * * * * * * * * * * * * * * * * * * * * * * * //

dimensions      [0 2 -1 0 0 0 0];


internalField   nonuniform List<scalar> 
6057
(
0.000484495
0.000503329
0.000523912
0.000546489
0.00057137
0.00059895
0.000629727
0.000664342
0.000703632
0.000748711
0.000801093
0.000862894
0.000937153
0.00102839
0.00114357
0.00129397
0.00149879
0.0017928
0.00224362
0.00299408
0.00267529
0.00277317
0.00287848
0.00299235
0.00311591
0.00325034
0.00339718
0.00355839
0.00373647
0.00393464
0.00415717
0.00440985
0.00470071
0.00504129
0.00544874
0.00594966
0.00658756
0.00743854
0.00864941
0.0105509
0.00455404
0.00471033
0.00487754
0.00505678
0.00524932
0.00545685
0.00568121
0.00592458
0.00618974
0.0064801
0.00680006
0.00715522
0.00755293
0.00800279
0.00851741
0.00911304
0.00980955
0.0106278
0.0115791
0.0126305
0.00573929
0.00592928
0.00613161
0.00634733
0.00657767
0.00682402
0.00708797
0.00737131
0.00767605
0.0080044
0.00835888
0.00874226
0.00915752
0.00960768
0.0100954
0.0106223
0.0111871
0.0117827
0.012392
0.0129839
0.00630351
0.00650913
0.00672739
0.00695929
0.00720595
0.00746857
0.00774841
0.00804673
0.00836476
0.00870364
0.00906419
0.00944677
0.00985095
0.010275
0.0107156
0.0111668
0.0116201
0.0120653
0.0124957
0.0129216
0.00629984
0.00650657
0.0067256
0.00695804
0.00720508
0.00746796
0.00774798
0.00804643
0.00836457
0.00870351
0.0090641
0.00944672
0.00985091
0.010275
0.0107156
0.0111668
0.0116201
0.0120653
0.0124957
0.0129216
0.00572827
0.00592176
0.00612642
0.00634376
0.00657521
0.00682236
0.00708686
0.00737059
0.00767557
0.00800408
0.00835867
0.00874213
0.00915743
0.00960763
0.0100954
0.0106223
0.0111871
0.0117827
0.012392
0.0129839
0.00453599
0.0046987
0.00486972
0.00505156
0.00524589
0.00545459
0.0056797
0.00592358
0.00618906
0.00647965
0.00679976
0.00715503
0.0075528
0.0080027
0.00851735
0.00911301
0.00980953
0.0106278
0.0115791
0.0126305
0.00265407
0.00276132
0.00287088
0.00298758
0.00311278
0.00324826
0.00339579
0.00355746
0.00373585
0.00393423
0.0041569
0.00440966
0.00470058
0.00504121
0.00544868
0.00594963
0.00658754
0.00743853
0.00864941
0.0105509
0.000483783
0.000502896
0.000523629
0.000546299
0.00057124
0.00059886
0.000629665
0.000664299
0.000703602
0.00074869
0.000801079
0.000862885
0.000937147
0.00102838
0.00114356
0.00129397
0.00149879
0.0017928
0.00224362
0.00299408
0.000271369
0.000278685
0.00028598
0.000293292
0.000300659
0.000308118
0.000315712
0.000323485
0.000331484
0.000339761
0.00034837
0.00035737
0.000366824
0.000376802
0.000387375
0.000398595
0.000410509
0.000423222
0.000436847
0.000451507
0.000467339
0.0012769
0.00134521
0.00141249
0.00147865
0.00154357
0.00160716
0.00166944
0.00173049
0.00179048
0.00184963
0.00190828
0.00196682
0.00202574
0.00208558
0.00214695
0.00221016
0.00227656
0.00234668
0.00242106
0.00250025
0.00258478
0.00232995
0.00243936
0.00254557
0.00264875
0.00274914
0.00284702
0.00294276
0.00303679
0.00312962
0.00322181
0.00331397
0.00340681
0.00350106
0.00359755
0.00369676
0.00380018
0.00390871
0.00402309
0.00414405
0.00427233
0.0044087
0.00311593
0.00323547
0.00335121
0.00346385
0.00357404
0.00368242
0.00378961
0.00389626
0.00400303
0.00411056
0.00421954
0.00433066
0.00444468
0.00456237
0.00468449
0.00481231
0.00494653
0.00508784
0.00523698
0.00539471
0.00556181
0.0035961
0.00370423
0.00380943
0.00391278
0.00401522
0.00411759
0.00422067
0.00432519
0.00443182
0.00454121
0.00465398
0.00477073
0.00489209
0.00501866
0.00515154
0.0052914
0.0054386
0.00559353
0.00575673
0.00592892
0.00611083
0.00379068
0.00387095
0.00394972
0.00402831
0.00410786
0.00418934
0.00427368
0.00436166
0.00445404
0.00455145
0.0046545
0.00476373
0.00487964
0.00500298
0.00513508
0.00527602
0.00542551
0.00558299
0.00574834
0.00592237
0.00610583
0.00373375
0.0037724
0.00381071
0.00385012
0.00389186
0.00393704
0.0039867
0.00404176
0.00410306
0.00417136
0.0042473
0.00433146
0.00442443
0.0045275
0.00464266
0.00477054
0.00491161
0.00505962
0.00521397
0.00537624
0.00554717
0.00348036
0.00346965
0.00345922
0.00345033
0.00344406
0.00344143
0.0034434
0.00345091
0.00346492
0.00348628
0.00351566
0.0035536
0.00360038
0.00365612
0.00372313
0.00380192
0.00389151
0.00399936
0.00412182
0.00425113
0.00438827
0.0031277
0.00307278
0.00301774
0.00296284
0.00290828
0.00285428
0.00280118
0.00274948
0.00269983
0.00265293
0.00260955
0.00257222
0.00254152
0.00251622
0.00249335
0.00247245
0.00245504
0.00245164
0.00247314
0.00252347
0.00258635
0.00278191
0.00270046
0.00261796
0.00253328
0.00244517
0.00235233
0.0022534
0.00214696
0.0020316
0.00190615
0.00176997
0.00162338
0.00146693
0.00130161
0.00114179
0.000994759
0.000865272
0.00075576
0.000666834
0.000593921
0.000531935
7.19843e-05
6.7585e-05
6.84279e-05
7.79546e-05
0.000107081
0.000110306
0.000104349
0.000157109
0.000174775
0.000186078
0.000196456
0.000206149
0.000215313
0.000224057
0.000232464
0.000240598
0.000248511
0.000256251
0.000263857
0.000120884
0.00022479
0.000299947
0.0003163
0.000320576
0.000353861
0.000399655
0.000456842
0.000520803
0.000585663
0.000651458
0.00071825
0.000786028
0.000854745
0.000924292
0.000994501
0.00106515
0.00113595
0.00120664
0.000149271
0.000440601
0.00046651
0.000475339
0.000513484
0.000581016
0.000682343
0.000805591
0.00093657
0.00106959
0.00120305
0.00133595
0.00146776
0.00159807
0.00172653
0.00185279
0.00197653
0.00209746
0.00221535
0.000182108
0.000568687
0.00061143
0.000646766
0.000719269
0.000841562
0.0010053
0.00119051
0.0013815
0.0015714
0.00175667
0.00193552
0.00210721
0.0022715
0.00242847
0.00257836
0.00272157
0.00285856
0.00298987
0.00021243
0.000686747
0.000728326
0.000831343
0.000952187
0.00113048
0.00134833
0.00158202
0.00181571
0.00204101
0.0022533
0.00245082
0.00263344
0.00280192
0.00295754
0.0031018
0.00323628
0.00336254
0.00348208
0.00023429
0.000708982
0.000848572
0.00102923
0.00120418
0.00143204
0.0016903
0.00195494
0.0022103
0.00244731
0.00266154
0.00285214
0.00302031
0.00316839
0.00329921
0.00341571
0.0035207
0.00361675
0.00370613
0.000250095
0.000763296
0.000979424
0.00123637
0.00146071
0.00172974
0.00201342
0.00229082
0.00254724
0.00277422
0.00296864
0.00313124
0.00326504
0.00337413
0.00346289
0.00353556
0.00359595
0.00364735
0.00369254
0.000263044
0.00084918
0.00111873
0.00144569
0.00171067
0.00200851
0.00230475
0.00257834
0.00281797
0.00301709
0.00317468
0.00329362
0.00337894
0.0034365
0.00347214
0.00349118
0.00349816
0.00349682
0.00349012
0.000273706
0.000952024
0.00125968
0.00164997
0.00194557
0.00225903
0.00255541
0.00281231
0.00302112
0.00317937
0.00328872
0.0033546
0.00338429
0.00338556
0.00336572
0.0033311
0.00328676
0.00323648
0.0031829
0.000282452
0.00105745
0.00139761
0.00183708
0.00215992
0.00247689
0.00276104
0.00299178
0.00316025
0.00326951
0.00332495
0.00333498
0.00330951
0.00325844
0.0031906
0.00311313
0.00303116
0.00294783
0.00286465
0.00249193
0.00240287
0.00231363
0.0022235
0.00213228
0.00204009
0.00194723
0.00185396
0.00176026
0.00166548
0.00156724
0.00146731
0.00136474
0.00125687
0.00113952
0.00100526
0.000833866
0.000536379
0.000340242
0.000229224
0.000137825
0.00223139
0.00212347
0.00201101
0.00189413
0.00177383
0.00165135
0.00152873
0.00140794
0.00129087
0.00118338
0.00108817
0.000995218
0.000898406
0.000803684
0.000715124
0.000634987
0.000548788
0.000428066
0.00032059
0.000223265
0.000101449
0.00195659
0.00181542
0.00166897
0.0015219
0.00138033
0.00125119
0.00114198
0.00106003
0.00100663
0.000964335
0.000929181
0.000892149
0.000849798
0.000801752
0.000744736
0.000676527
0.000596609
0.000481128
0.00036853
0.000246639
8.95242e-05
0.00168829
0.00153442
0.00139354
0.00127745
0.00119708
0.00115903
0.00116072
0.00117771
0.00119388
0.00120034
0.00119194
0.00116559
0.0011182
0.00104586
0.000949077
0.000797526
0.00065873
0.00052777
0.00040586
0.00024788
9.5107e-05
0.00149953
0.00139148
0.00132987
0.00132158
0.00135936
0.00142214
0.00147679
0.00151065
0.00152093
0.00150923
0.00147535
0.00141863
0.00133832
0.00122415
0.00104201
0.00089071
0.000750547
0.000612387
0.000438945
0.000262832
0.000101468
0.00145572
0.00144469
0.00149199
0.00157771
0.00167034
0.00173964
0.00177597
0.00178831
0.0017777
0.00174615
0.00169328
0.00161805
0.00151931
0.00138173
0.00118879
0.00102402
0.000867238
0.000690604
0.000483113
0.000284001
0.000107606
0.00155861
0.00163985
0.00175303
0.00186141
0.0019431
0.00199039
0.00200897
0.00200674
0.00198523
0.00194421
0.00188234
0.00179807
0.00168965
0.00155448
0.00134383
0.00116014
0.000986199
0.000770209
0.000534309
0.000308509
0.000113382
0.00174846
0.00187991
0.0020049
0.00209994
0.00216161
0.0021947
0.00220488
0.00219665
0.0021703
0.00212452
0.00205771
0.00196797
0.00185315
0.00171102
0.00150065
0.00129837
0.00110749
0.000855414
0.000590359
0.00033527
0.0001188
0.00196313
0.00210604
0.00221966
0.00229898
0.00234894
0.00237545
0.00238208
0.00237109
0.00234166
0.00229243
0.00222175
0.00212766
0.00200784
0.00185958
0.00165914
0.00143857
0.00122014
0.000943694
0.000649818
0.00036378
0.000123898
0.00216777
0.00230409
0.00240525
0.00247481
0.0025192
0.00254294
0.00254787
0.00253456
0.0025021
0.00244923
0.00237449
0.00227609
0.00215171
0.00199839
0.00181257
0.00158023
0.00132995
0.0010331
0.00071162
0.000393754
0.000128724
0.00235218
0.00247957
0.00257244
0.00263716
0.00267933
0.00270199
0.00270532
0.00268936
0.00265325
0.00259598
0.00251641
0.00241312
0.00228405
0.00212618
0.00193542
0.00170684
0.00143593
0.00112201
0.000774915
0.000425004
0.00013332
0.00251893
0.00263973
0.00272838
0.00279141
0.00283321
0.00285516
0.0028566
0.00283736
0.00279674
0.00273405
0.00264863
0.00253953
0.00240517
0.00224277
0.00204798
0.00181483
0.00153658
0.00120914
0.000838995
0.000457393
0.000137726
0.00267268
0.00279002
0.00287745
0.0029409
0.00298313
0.00300432
0.00300346
0.00298026
0.00293422
0.00286504
0.00277258
0.00265655
0.00251597
0.00234856
0.00215008
0.00191383
0.00163094
0.00129345
0.000903257
0.000490811
0.000141976
0.00281747
0.00293405
0.00302257
0.00308766
0.00313059
0.0031509
0.0031473
0.00311946
0.0030671
0.00299034
0.00288965
0.00276542
0.00261748
0.00244429
0.00224203
0.00200362
0.00171834
0.00137415
0.000967186
0.000525166
0.000146101
0.00295628
0.0030744
0.00316554
0.00323282
0.00327657
0.00329582
0.00328905
0.00325591
0.00319638
0.00311102
0.0030009
0.00286722
0.00271071
0.00253078
0.00232434
0.00208433
0.00179848
0.00145068
0.00103034
0.000560372
0.000150128
0.00309138
0.00321264
0.00330717
0.00337695
0.00342153
0.00343949
0.00342909
0.00339005
0.00332256
0.00322764
0.003107
0.00296268
0.00279644
0.00260879
0.00239763
0.00215626
0.00187127
0.00152263
0.00109234
0.000596349
0.000154082
0.00322395
0.00334937
0.00344773
0.00352012
0.00356543
0.0035818
0.00356733
0.00352179
0.00344563
0.0033403
0.00320818
0.00305219
0.00287519
0.00267893
0.00246248
0.00221982
0.00193681
0.00158978
0.00115288
0.000633013
0.000157987
0.00335447
0.00348461
0.003587
0.00366194
0.00370777
0.00372218
0.00370319
0.00365062
0.00356515
0.00344869
0.00330429
0.0031358
0.00294722
0.00274163
0.00251942
0.00227547
0.00199531
0.00165201
0.00121167
0.000670273
0.000161865
0.00348285
0.00361796
0.00372431
0.0038016
0.00384762
0.00385967
0.00383572
0.00377562
0.00368031
0.00355216
0.00339489
0.00321329
0.00301258
0.00279716
0.00256884
0.00232363
0.00204704
0.00170932
0.00126848
0.000708022
0.000165739
0.00360843
0.00374853
0.00385864
0.00393794
0.00398377
0.00399302
0.00396365
0.00389561
0.00379007
0.00364981
0.00347928
0.00328425
0.0030711
0.00284564
0.0026111
0.00236473
0.00209233
0.00176176
0.00132313
0.000746132
0.000169632
0.00373004
0.00387501
0.00398858
0.00406953
0.00411477
0.00412075
0.00408556
0.00400924
0.00389316
0.00374058
0.00355664
0.00334809
0.00312253
0.00288709
0.00264642
0.00239913
0.00213154
0.00180946
0.00137546
0.000784448
0.000173568
0.00384594
0.00399573
0.0041125
0.00419475
0.00423908
0.00424125
0.00419989
0.00411503
0.00398826
0.0038233
0.00362603
0.00340419
0.00316653
0.00292147
0.00267503
0.0024272
0.00216499
0.00185259
0.00142531
0.000822782
0.000177573
0.00391492
0.00410865
0.0042285
0.00431174
0.00435477
0.00435283
0.00430505
0.00421149
0.00407401
0.00389679
0.00368649
0.00345185
0.00320271
0.00294869
0.0026971
0.00244926
0.00219306
0.00189132
0.00147257
0.000860919
0.000181675
0.00383802
0.00410436
0.00433452
0.00441857
0.00445996
0.00445381
0.00439949
0.00429718
0.00414906
0.00395988
0.00373711
0.00349043
0.00323075
0.00296872
0.0027128
0.00246566
0.00221609
0.00192586
0.00151711
0.000898539
0.00018591
0.00376307
0.0040238
0.00427912
0.00451109
0.00455301
0.00454265
0.00448174
0.0043707
0.00421214
0.00401148
0.003777
0.00351935
0.00325035
0.00298153
0.00272234
0.00247671
0.00223442
0.00195642
0.00155877
0.000935232
0.000190315
0.00369653
0.00395161
0.00419954
0.00443717
0.00462473
0.00461792
0.00455046
0.00443077
0.00426208
0.00405057
0.00380542
0.00353813
0.00326131
0.00298715
0.00272593
0.00248275
0.0022484
0.00198317
0.00159739
0.000970273
0.00019494
0.00363994
0.00389112
0.00413689
0.0043702
0.00456878
0.00467839
0.00460445
0.00447623
0.00429781
0.00407631
0.00382176
0.00354644
0.00326355
0.00298573
0.00272384
0.00248415
0.00225837
0.0020063
0.00163281
0.00100287
0.000199845
0.00359733
0.00384588
0.00409205
0.00433082
0.00453341
0.00465468
0.0046427
0.00450601
0.00431843
0.00408802
0.00382563
0.00354414
0.00325714
0.00297746
0.0027164
0.00248128
0.00226464
0.00202591
0.00166608
0.00103481
0.000204944
0.00356961
0.00381781
0.0040667
0.00431569
0.00453235
0.00465995
0.00466461
0.00451926
0.00432325
0.0040853
0.00381689
0.00353131
0.00324228
0.00296289
0.00270471
0.00247523
0.00226851
0.0020441
0.00169871
0.00106738
0.000210137
0.00355474
0.00380424
0.00405835
0.00432114
0.00455682
0.00470148
0.0046695
0.00451676
0.00431382
0.00407014
0.0037977
0.00350997
0.00322067
0.00294288
0.00268845
0.00246563
0.0022697
0.00206047
0.00173082
0.00110066
0.000215445
0.00354903
0.00380008
0.00406045
0.00433972
0.00459774
0.00476364
0.00465995
0.00450028
0.00429153
0.00404358
0.00376869
0.00348041
0.00319229
0.00291737
0.00266777
0.0024526
0.00226828
0.00207497
0.00176229
0.00113483
0.000220857
0.00354785
0.00380023
0.00406868
0.00436968
0.00465395
0.00474753
0.00463676
0.00447093
0.00425741
0.00400647
0.00373059
0.00344317
0.00315756
0.00288666
0.00264294
0.00243633
0.00226437
0.00208758
0.00179279
0.00116972
0.000226365
0.00354859
0.0038019
0.00408077
0.00440712
0.00472368
0.00471842
0.0046009
0.00442961
0.00421232
0.00395965
0.00368409
0.00339883
0.00311689
0.00285108
0.00261421
0.00241701
0.00225802
0.00209818
0.00182218
0.00120516
0.000231964
0.00354962
0.00380356
0.00409633
0.00444915
0.00474345
0.00467693
0.00455315
0.00437714
0.00415709
0.00390385
0.00362984
0.00334789
0.00307066
0.00281087
0.00258175
0.00239478
0.00224924
0.00210657
0.00185004
0.00124097
0.000237634
0.00355073
0.00380619
0.00411655
0.004495
0.00469711
0.00462366
0.0044942
0.00431426
0.00409245
0.00383977
0.0035684
0.00329073
0.00301907
0.00276616
0.00254565
0.00236969
0.00223799
0.0021124
0.00187575
0.00127674
0.000243334
0.00355169
0.00381041
0.00414021
0.00454687
0.00463947
0.00455941
0.00442482
0.00424173
0.0040191
0.00376794
0.00350011
0.00322752
0.00296217
0.00271692
0.00250591
0.00234173
0.00222408
0.00211516
0.00189842
0.00131182
0.000249004
0.00355025
0.00381362
0.0041618
0.00459032
0.00457136
0.00448503
0.00434581
0.00416026
0.00393761
0.00368875
0.00342513
0.0031582
0.00289977
0.00266296
0.0024624
0.00231079
0.00220723
0.00211411
0.00191672
0.00134529
0.00025455
0.003539
0.00381356
0.00417585
0.00453102
0.00449389
0.00440152
0.00425807
0.00407059
0.00384848
0.00360241
0.00334337
0.00308245
0.00283148
0.00260394
0.00241488
0.00227666
0.00218701
0.00210818
0.00192877
0.00137591
0.000259848
0.00352331
0.0038049
0.00418075
0.00445281
0.00440838
0.00431006
0.00416258
0.00397342
0.00375205
0.00350885
0.00325443
0.00299972
0.00275671
0.00253939
0.00236304
0.00223904
0.00216284
0.00209587
0.00184648
0.00140217
0.000264741
0.00350825
0.00379385
0.00416754
0.00436831
0.0043164
0.00421199
0.00406034
0.00386932
0.0036484
0.00340772
0.00315766
0.00290918
0.00267473
0.00246881
0.00230659
0.00219764
0.00213403
0.002024
0.00163877
0.00142348
0.000269023
0.00349351
0.00377857
0.00413998
0.00427838
0.00421955
0.00410855
0.0039521
0.00375846
0.00353718
0.00329826
0.00305207
0.00280989
0.00258481
0.00239183
0.00224539
0.00215227
0.00209986
0.00176737
0.00148593
0.00136245
0.000272357
0.00347786
0.00375665
0.00409849
0.00418435
0.0041189
0.00400057
0.00383793
0.00364029
0.00341735
0.00317915
0.00293634
0.00270082
0.00248646
0.00230845
0.00217963
0.00210296
0.0020094
0.00157288
0.00137454
0.00128761
0.000274776
0.0034609
0.00372654
0.00404134
0.00408924
0.00401483
0.00388766
0.00371676
0.00351316
0.00328698
0.00304853
0.00280901
0.00258117
0.00237966
0.00221934
0.00211009
0.00205005
0.0017601
0.00142545
0.00129104
0.00122406
0.000276023
0.00344239
0.00368962
0.00397385
0.00399315
0.00390647
0.00376729
0.00358597
0.00337422
0.00314338
0.00290423
0.00266879
0.0024508
0.00226541
0.00212633
0.00203834
0.00199448
0.00157731
0.00131941
0.00123451
0.00119516
0.000276121
0.00342078
0.00364896
0.00390397
0.00389443
0.00379104
0.00363589
0.00344121
0.00321984
0.00298359
0.00274446
0.00251536
0.00231098
0.00214647
0.00203129
0.00196648
0.00182275
0.00144556
0.00125385
0.00120885
0.00120364
0.000275054
0.00339324
0.0036037
0.00383775
0.00378971
0.00366409
0.00348879
0.00327813
0.00304611
0.00280551
0.00256879
0.00235031
0.00216539
0.00202702
0.00193962
0.00189811
0.00164294
0.00136014
0.00122886
0.00121732
0.00123942
0.00027295
0.00336007
0.00355542
0.00376686
0.00367287
0.00351937
0.00332066
0.00309288
0.00285088
0.00260848
0.00237938
0.0021784
0.00202119
0.00191352
0.00185573
0.00183516
0.00151337
0.00131906
0.00124586
0.00126384
0.00129207
0.000269363
0.0033256
0.00351259
0.00366482
0.00353503
0.00334956
0.00312633
0.00288279
0.00263436
0.00239585
0.00218244
0.00200849
0.00188492
0.00181281
0.00178306
0.00166541
0.00142431
0.00132385
0.00131084
0.00135282
0.00135168
0.000264354
0.00328043
0.00347814
0.00353818
0.00336671
0.00314791
0.00290226
0.00264765
0.00240003
0.00217534
0.00198891
0.00185215
0.00176849
0.00172959
0.00171992
0.00149255
0.00138743
0.00138354
0.00143483
0.00148704
0.00130875
0.000257122
0.00322868
0.00345156
0.00337384
0.00315876
0.00290965
0.00264785
0.00239111
0.0021561
0.00195913
0.00181261
0.00172028
0.00167379
0.0016583
0.00150739
0.00140099
0.00142507
0.00151348
0.0016149
0.001662
0.00125751
0.000248078
0.00317731
0.00337267
0.0031599
0.0029051
0.00263399
0.00236725
0.00212241
0.00191636
0.00176278
0.0016654
0.00161401
0.00159207
0.00147825
0.00138366
0.00141393
0.00154699
0.00165605
0.00170161
0.00163357
0.00119417
0.000237611
0.00312115
0.00315256
0.00288908
0.00260514
0.00232603
0.0020712
0.00185733
0.0016986
0.00160028
0.00154761
0.00145239
0.00130214
0.00128653
0.00137129
0.00149105
0.00152955
0.00159392
0.00164295
0.00156107
0.00112026
0.000225975
0.00303767
0.0028638
0.00256187
0.00226574
0.00199884
0.00177827
0.00161635
0.00151976
0.00147081
0.00123692
0.00113512
0.0011461
0.00123483
0.00136147
0.00139245
0.00145637
0.00153667
0.00157525
0.00147047
0.00103417
0.000213188
0.00283669
0.00250812
0.00218744
0.00190307
0.00167476
0.00151239
0.0014202
0.00126455
0.00104724
0.000993285
0.00102502
0.00109842
0.00119467
0.00124664
0.00131222
0.00140043
0.001472
0.00147876
0.00133715
0.000900624
0.000200565
0.0024547
0.00209606
0.001785
0.00154391
0.00138209
0.0012984
0.00101984
0.000888729
0.00088074
0.000925872
0.000968985
0.00098829
0.00102631
0.00114595
0.00123957
0.00132239
0.00134818
0.00131415
0.00114394
0.00074043
0.000188321
0.0020089
0.00165017
0.0013872
0.00122321
0.0010694
0.000816685
0.000764816
0.000801048
0.000849869
0.000838403
0.000782573
0.000751085
0.00080311
0.000967249
0.00109877
0.00114414
0.00114743
0.00108835
0.000914526
0.000582923
0.000175857
0.00151711
0.00120868
0.00103894
0.000763872
0.000649761
0.00067534
0.000751124
0.000793189
0.000715033
0.000579581
0.000537948
0.000570367
0.000659722
0.000808301
0.000890796
0.000910955
0.000898845
0.000833417
0.000687028
0.000447391
0.000162619
0.00101338
0.000827153
0.000532232
0.00052443
0.000614653
0.000721434
0.000708588
0.000597759
0.000455926
0.000393222
0.00041451
0.000473254
0.000557977
0.000618992
0.000653296
0.000662618
0.000648004
0.000597336
0.000498186
0.000344571
0.000140157
0.000567979
0.000329014
0.000399276
0.000528139
0.000625352
0.000603069
0.000454623
0.000307215
0.000243062
0.000239594
0.000261747
0.000294667
0.00033267
0.000370956
0.000403221
0.000420838
0.000422191
0.000403793
0.000357203
0.00027121
0.000116134
0.000158581
0.000122081
0.000118017
0.000113579
0.000103218
8.96423e-05
7.62835e-05
7.16806e-05
7.39452e-05
7.86318e-05
8.3754e-05
8.87703e-05
9.36127e-05
9.83799e-05
0.000103283
0.000108657
0.000113617
0.000116987
0.000108528
0.000110626
9.32126e-05
0.000290118
0.00117281
0.00153944
0.00199188
0.00235906
0.0026684
0.00292902
0.00312289
0.00324479
0.00329941
0.00329818
0.00325328
0.00317767
0.00308348
0.00298073
0.00287655
0.00277496
0.0026774
0.00258346
0.000296554
0.00129409
0.0016819
0.00214221
0.00252916
0.00282208
0.00305147
0.00320296
0.00327531
0.00327728
0.00322386
0.00313225
0.00301836
0.00289565
0.00277365
0.00265727
0.00254731
0.00244175
0.00233742
0.000302048
0.00142329
0.0018279
0.00229511
0.00266963
0.00293973
0.00313312
0.00324002
0.00326363
0.0032174
0.00312036
0.0029932
0.00285399
0.00271554
0.00258426
0.00246055
0.00234069
0.0022194
0.00209214
0.000306545
0.00149845
0.00198311
0.00245776
0.00278209
0.00302526
0.00318047
0.00324326
0.00322158
0.00313367
0.0030027
0.00285142
0.00269774
0.00255138
0.00241371
0.00228017
0.0021441
0.00200018
0.00184702
0.000310129
0.00154933
0.00215088
0.00256673
0.00286926
0.00308318
0.00320021
0.00322145
0.00315982
0.00303809
0.00288271
0.00271708
0.00255628
0.00240504
0.00225967
0.002113
0.00195967
0.00180002
0.00164184
0.000312896
0.00159049
0.00225061
0.00264885
0.00293418
0.00311821
0.00319875
0.00318253
0.00308733
0.00294001
0.00276895
0.00259608
0.00243193
0.00227584
0.00212127
0.00196289
0.00180247
0.00165153
0.00152902
0.000314919
0.00162236
0.00231549
0.00271333
0.00298009
0.00313495
0.00318194
0.00313326
0.00301138
0.00284633
0.00266676
0.0024912
0.00232482
0.00216319
0.00200091
0.00183991
0.0016939
0.00158526
0.00153643
0.000316267
0.00164571
0.00236669
0.00276231
0.00301019
0.00313765
0.00315486
0.00307926
0.00293753
0.00276175
0.00257903
0.00240314
0.00223439
0.00206775
0.0019038
0.00175627
0.00164999
0.00160989
0.00164701
0.000317007
0.00166141
0.00240573
0.00279797
0.00302754
0.0031301
0.00312178
0.00302494
0.00286979
0.00268915
0.00250688
0.00233145
0.00216016
0.00199138
0.00183598
0.00171996
0.00167228
0.00170792
0.00181594
0.000317205
0.00167033
0.00243411
0.00282242
0.00303489
0.00311552
0.00308615
0.00297361
0.00281087
0.00262995
0.00245023
0.0022752
0.0021019
0.0019361
0.00180111
0.00173073
0.00174814
0.00184943
0.00200421
0.000316924
0.00167333
0.00245326
0.00283759
0.00303466
0.00309659
0.00305065
0.00292764
0.00276232
0.0025845
0.00240826
0.00223329
0.00205959
0.00190312
0.00179874
0.00178088
0.00185879
0.00200957
0.00218851
0.000316225
0.00167126
0.00246454
0.00284523
0.0030289
0.00307546
0.00301726
0.00288853
0.00272478
0.00255235
0.00237971
0.00220455
0.00203277
0.00189184
0.00182465
0.00185919
0.00198766
0.0021713
0.00235959
0.000315164
0.00166488
0.00246918
0.00284687
0.0030193
0.00305378
0.00298735
0.00285708
0.0026982
0.00253251
0.0023631
0.00218771
0.0020204
0.00190003
0.00187258
0.00195478
0.00212304
0.00232667
0.00251741
0.000313795
0.00165491
0.00246828
0.00284381
0.00300723
0.00303277
0.00296177
0.00283351
0.00268193
0.00252354
0.00235664
0.00218138
0.00202106
0.00192442
0.00193603
0.00205968
0.00225794
0.00247319
0.00266434
0.000312166
0.001642
0.00246282
0.00283714
0.00299374
0.00301327
0.00294094
0.00281757
0.0026749
0.00252338
0.0022978
0.0021837
0.0020329
0.00196146
0.00200946
0.00216871
0.00238912
0.00261145
0.00280322
0.000310319
0.00162671
0.00245364
0.00282775
0.00297965
0.00299584
0.00292494
0.00280865
0.00267553
0.00235996
0.00216447
0.00219242
0.00205374
0.00200793
0.00208915
0.00227802
0.00251493
0.00274279
0.00293632
0.000308294
0.00160954
0.00244146
0.00281637
0.00296554
0.00298077
0.00291359
0.00280584
0.00265691
0.00221762
0.00206939
0.00213625
0.00208132
0.00206101
0.00217208
0.00238551
0.00263555
0.00286864
0.00306531
0.000306124
0.00159092
0.00242689
0.00280356
0.00295183
0.00296817
0.00290651
0.00280803
0.00249533
0.00211618
0.00200349
0.00208157
0.00211411
0.00211837
0.00225632
0.00249062
0.00275152
0.00299009
0.00319114
0.000303838
0.0015712
0.00241042
0.00278978
0.00293877
0.00295801
0.0029032
0.00281399
0.00237405
0.0020438
0.00195659
0.00204209
0.00215083
0.00217818
0.00234079
0.00259328
0.00286335
0.00310777
0.00331414
0.000301463
0.00155069
0.00239248
0.00277536
0.00292654
0.00295014
0.00290308
0.00282266
0.00228644
0.00199219
0.00192357
0.00201499
0.00219027
0.00223938
0.00242428
0.00269256
0.00297098
0.00322164
0.003434
0.000299018
0.00152963
0.00237342
0.00276055
0.0029152
0.00294434
0.00290552
0.00275418
0.00222316
0.00195628
0.00190162
0.00199743
0.00217863
0.00230089
0.00250524
0.00278711
0.00307355
0.00333084
0.00354969
0.000296523
0.00150824
0.00235351
0.00274555
0.00290476
0.00294034
0.0029099
0.00267286
0.00217782
0.00193189
0.00188775
0.0019866
0.00216407
0.00236121
0.00258195
0.00284745
0.00311877
0.00340111
0.00365948
0.000293993
0.00148668
0.00233297
0.00273047
0.00289517
0.00293788
0.0029157
0.00261258
0.00214617
0.00191625
0.00187992
0.00198056
0.00215434
0.00235136
0.00256683
0.00280998
0.00307026
0.00334211
0.00362617
0.00029144
0.00146509
0.00231199
0.00271542
0.00288637
0.00293669
0.00292253
0.00256939
0.00212515
0.00190776
0.00187671
0.00197685
0.00214589
0.00233492
0.00253804
0.00276753
0.00301721
0.00328019
0.00355581
0.000288874
0.00144355
0.0022907
0.00270044
0.00287826
0.00293651
0.0029301
0.00253946
0.0021126
0.00190515
0.00187717
0.00197471
0.00213762
0.00231819
0.0025101
0.00272702
0.00296588
0.00322078
0.00348952
0.000286303
0.00142216
0.00226923
0.00268556
0.00287076
0.00293713
0.00293817
0.00252022
0.00210704
0.00190736
0.00188063
0.00197418
0.00213013
0.00230237
0.00248429
0.00269007
0.00291912
0.00316642
0.00342883
0.000283734
0.00140098
0.00224765
0.0026708
0.00286375
0.00293835
0.00294658
0.00250984
0.00210745
0.00191362
0.00188666
0.00197535
0.00212407
0.00228826
0.00246127
0.00265765
0.0028788
0.00312015
0.00337738
0.000281171
0.00138005
0.00222603
0.00265614
0.00285714
0.00294
0.00295518
0.00250697
0.00211306
0.00192338
0.00189501
0.00197823
0.00211981
0.00227653
0.00244181
0.00263061
0.00284599
0.00308359
0.00333794
0.000278616
0.00135939
0.00220441
0.00264157
0.00285083
0.00294195
0.00296386
0.00251056
0.00212327
0.00193628
0.00190553
0.00198291
0.00211766
0.00226765
0.00242645
0.00260949
0.00282112
0.00305711
0.00331092
0.000276072
0.00133901
0.00218283
0.00262707
0.00284473
0.00294407
0.00297254
0.00251979
0.00213768
0.00195209
0.00191818
0.00198949
0.00211782
0.0022619
0.00241546
0.00259433
0.00280389
0.00303998
0.00329504
0.000273547
0.00131889
0.00216128
0.00261262
0.00283876
0.00294624
0.00298111
0.00253397
0.00215592
0.00197066
0.00193301
0.00199806
0.00212043
0.00225941
0.00240879
0.00258481
0.00279357
0.00303076
0.00328796
0.000271038
0.0012992
0.00213974
0.00259814
0.00283275
0.00294822
0.00298927
0.0025521
0.0021775
0.00199206
0.0019506
0.00200903
0.00212576
0.00226034
0.00240636
0.00258055
0.00278929
0.00302775
0.00328614
0.000268603
0.00127898
0.00211773
0.00258329
0.00282648
0.00294988
0.00299698
0.00257369
0.0022019
0.00201556
0.00197028
0.002023
0.00213478
0.00226559
0.00240905
0.00258154
0.00278972
0.00302856
0.00328721
0.00026623
0.00125832
0.00209531
0.00256806
0.00281991
0.00295115
0.0030042
0.00259837
0.00222896
0.00204095
0.00199198
0.00203974
0.00214737
0.00227525
0.00241652
0.00258702
0.00279385
0.00303195
0.00328966
0.000263913
0.0012374
0.00207248
0.00255243
0.00281296
0.00295197
0.00301092
0.00262577
0.00225856
0.00206827
0.00201567
0.0020591
0.00216325
0.0022889
0.00242821
0.00259635
0.00280092
0.0030371
0.00329273
0.000261642
0.00121634
0.00204925
0.00253638
0.00280559
0.00295229
0.00301713
0.00265552
0.00229057
0.0020975
0.00204133
0.00208092
0.00218211
0.00230611
0.00244366
0.00260899
0.00281032
0.00304334
0.0032956
0.000259414
0.00119522
0.00202561
0.00251987
0.00279774
0.00295206
0.00302281
0.00268718
0.00232482
0.00212863
0.00206893
0.00210505
0.00220369
0.00232649
0.00246244
0.00262453
0.00282149
0.00304973
0.00329707
0.000257221
0.00117406
0.00200157
0.00250287
0.00278937
0.00295125
0.00302796
0.00272026
0.00236106
0.00216157
0.00209842
0.00213135
0.0022277
0.00234972
0.00248426
0.0026427
0.00283407
0.00305583
0.00329646
0.00025506
0.0011529
0.00197717
0.00248537
0.00278043
0.00294983
0.00303258
0.00275423
0.002399
0.00219622
0.0021297
0.00215974
0.00225392
0.0023756
0.00250898
0.00266354
0.00284827
0.00306229
0.00329005
0.000252925
0.00113176
0.00195241
0.00246734
0.00277091
0.00294779
0.00303666
0.00278846
0.00243827
0.0022324
0.00216244
0.00219009
0.00228237
0.00240403
0.00253677
0.00268729
0.00286513
0.00306784
0.00327833
0.000250811
0.00111069
0.00192732
0.00244877
0.00276076
0.0029451
0.00304021
0.00282223
0.00247837
0.00226986
0.00219642
0.00222204
0.00231295
0.00243482
0.00256752
0.00271451
0.002885
0.00306507
0.00326733
0.000248716
0.00108972
0.00190192
0.00242963
0.00274997
0.00294175
0.00304324
0.00285469
0.00251864
0.0023082
0.00223138
0.00225504
0.00234529
0.00246804
0.00260126
0.00274564
0.00289545
0.00306414
0.00325769
0.000246636
0.00106889
0.00187622
0.00240994
0.00273851
0.00293775
0.00304573
0.00288487
0.00255825
0.00234687
0.00226691
0.00228868
0.00237878
0.00250313
0.00263821
0.0027736
0.00290574
0.00306586
0.00324956
0.000244568
0.00104824
0.00185027
0.00238968
0.0027264
0.0029331
0.00304771
0.00291168
0.00259614
0.00238509
0.00230239
0.00232232
0.00241264
0.00253925
0.00267738
0.00278974
0.00291884
0.0030702
0.00324291
0.000242509
0.0010278
0.00182409
0.00236887
0.00271363
0.00292781
0.00304919
0.00293389
0.00263103
0.0024218
0.00233694
0.00235516
0.0024459
0.00257582
0.00269843
0.00280761
0.00293355
0.00307566
0.00323618
0.000240457
0.00100761
0.00179774
0.00234754
0.00270021
0.00292192
0.00305018
0.00295025
0.00266145
0.00245567
0.00236933
0.00238589
0.00247693
0.00261039
0.00271146
0.0028247
0.00294677
0.00307929
0.00322628
0.00023841
0.0009877
0.00177127
0.00232572
0.00268618
0.00291544
0.00305071
0.00295949
0.00268572
0.00248505
0.00239802
0.00241305
0.00250428
0.00261524
0.00272182
0.00283685
0.00295372
0.00307608
0.003209
0.000236365
0.000968124
0.00174475
0.00230347
0.00267159
0.00290844
0.00305082
0.00296046
0.00270215
0.00250805
0.00242111
0.00243433
0.00252498
0.00261316
0.00272443
0.00283801
0.00294803
0.00305923
0.00317892
0.000234322
0.000948927
0.00171825
0.00228084
0.00265648
0.00290097
0.00305054
0.00295223
0.00270917
0.00252274
0.00243667
0.00244759
0.00251617
0.00260363
0.00271393
0.0028222
0.0029233
0.00302266
0.00313077
0.000232281
0.00093016
0.00169189
0.00225794
0.00264094
0.0028931
0.00304993
0.00293415
0.00270559
0.00252747
0.00244244
0.00245034
0.00249563
0.00258135
0.00268505
0.00278432
0.00287461
0.00296311
0.00306925
0.000230239
0.00091188
0.00166575
0.00223486
0.00262505
0.00288492
0.00304904
0.00290637
0.00269103
0.00252122
0.00243681
0.00243221
0.00246433
0.00254245
0.00263457
0.00272173
0.00280066
0.0028817
0.00300055
0.000228198
0.000894142
0.00163995
0.00221173
0.00260893
0.00287649
0.00304619
0.00287016
0.00266591
0.00250372
0.00241908
0.00239564
0.00242079
0.00248542
0.00256216
0.00263556
0.00270513
0.00278684
0.00292118
0.000226158
0.000877007
0.00161463
0.00218868
0.00259267
0.00286777
0.00299834
0.00282723
0.00263201
0.00247575
0.00238974
0.00235023
0.00236408
0.00241173
0.00247115
0.00253172
0.0025958
0.00268596
0.00282259
0.000224121
0.000860534
0.00158993
0.00216588
0.00257641
0.00285883
0.00294724
0.00277974
0.00259135
0.00243933
0.00234748
0.00229698
0.00229669
0.0023262
0.00236865
0.00242055
0.00248346
0.00256369
0.00268244
0.000222087
0.000844783
0.00156597
0.00214347
0.00256028
0.0028498
0.00289672
0.00273035
0.00254695
0.00239761
0.00229697
0.00223865
0.00222349
0.0022355
0.00226416
0.00231383
0.00237837
0.00240786
0.00249026
0.000220059
0.000829811
0.00154291
0.00212163
0.00254442
0.00284079
0.00284931
0.00268226
0.00250239
0.00235451
0.00224666
0.00217982
0.0021508
0.00214804
0.00216902
0.00222161
0.0022448
0.00217052
0.0022453
0.000218039
0.000815674
0.00152088
0.00210053
0.002529
0.00283195
0.00280744
0.00263874
0.00246141
0.00231431
0.00220081
0.00212608
0.00208563
0.00207297
0.00209244
0.00214558
0.00205047
0.00184683
0.00198296
0.000216032
0.000802425
0.00150001
0.00208033
0.00251416
0.00282342
0.0027734
0.00260272
0.00242747
0.0022812
0.00216393
0.00208349
0.00203584
0.00202063
0.00203979
0.00204744
0.00176898
0.00153315
0.00149632
0.00021404
0.000790116
0.00148043
0.00206121
0.00250006
0.00281536
0.00274916
0.00257674
0.00240367
0.00225914
0.00214071
0.00205846
0.00201081
0.00200209
0.0020177
0.0019085
0.00148981
0.00138422
0.000987443
0.00021207
0.000778881
0.00146234
0.00204343
0.00248695
0.00280799
0.00273755
0.00256399
0.0023936
0.00225235
0.00213587
0.00205693
0.00201857
0.00202313
0.00202123
0.00175794
0.0013123
0.00110467
0.000464312
0.000210531
0.000770557
0.00144885
0.00202999
0.00247698
0.00280247
0.00273773
0.00256312
0.00239495
0.00225738
0.00214485
0.00207375
0.00205272
0.00207057
0.00201044
0.00162536
0.00110867
0.000517736
0.000192621
0.00020901
0.000762766
0.00143637
0.00201758
0.00246784
0.00279759
0.00274482
0.00257092
0.00240631
0.00227461
0.00217008
0.00211352
0.00211605
0.00214114
0.00199953
0.00154503
0.000788906
0.000227688
0.000143185
0.000207507
0.000755428
0.00142469
0.00200592
0.00245929
0.00279323
0.00275998
0.00258808
0.00242836
0.00230491
0.0022128
0.00217813
0.00221137
0.00224363
0.00204796
0.00149781
0.000483049
0.000135956
6.41697e-05
9.79377e-05
9.17314e-05
8.96872e-05
8.95859e-05
9.02799e-05
9.13238e-05
9.24646e-05
9.3575e-05
9.45826e-05
9.54451e-05
9.61318e-05
9.66123e-05
9.68466e-05
9.677e-05
9.62633e-05
9.50915e-05
9.27933e-05
7.79366e-05
8.15345e-05
7.00626e-05
3.59959e-05
0.000217016
0.000425622
0.000496414
0.0004911
0.000492465
0.000496378
0.000500303
0.000502763
0.000502782
0.000499642
0.00049276
0.00048163
0.000465785
0.00044475
0.000417956
0.000384638
0.000343759
0.000267479
0.000211117
0.000164352
6.46901e-05
0.000453534
0.000653398
0.000879842
0.000889132
0.000886157
0.00088514
0.000882477
0.000875675
0.000863065
0.000843412
0.000815747
0.000779321
0.000733604
0.000678339
0.000613615
0.000540003
0.000458699
0.000371432
0.000269785
0.000170176
6.61318e-05
0.000672702
0.00087944
0.00113607
0.00123246
0.00122651
0.00122368
0.00121894
0.00120814
0.00118893
0.00115953
0.00111844
0.0010644
0.000996436
0.000914029
0.000817316
0.000707477
0.000587146
0.000460599
0.000332962
0.000210107
6.76561e-05
0.000911299
0.00113658
0.00143576
0.00154175
0.00154236
0.00154287
0.0015413
0.00153185
0.00151154
0.001478
0.00142912
0.00136299
0.00127798
0.00117292
0.00104753
0.000902923
0.000742491
0.000572263
0.000400994
0.000240763
8.74194e-05
0.00116195
0.00142758
0.00179092
0.00182893
0.00184012
0.00184879
0.00185331
0.00184804
0.00182946
0.0017947
0.00174111
0.00166614
0.00156748
0.00144321
0.00129231
0.00111533
0.000915528
0.000699902
0.000480977
0.000276013
0.000102773
0.00142971
0.00174565
0.00207145
0.00209798
0.00212209
0.00214113
0.00215234
0.00215231
0.00213668
0.00210211
0.00204547
0.00196368
0.00185375
0.00171304
0.00153967
0.00133334
0.00109651
0.000836694
0.000568081
0.000314208
0.000108064
0.00171652
0.00208797
0.00230777
0.00235033
0.00238775
0.00241751
0.00243587
0.00244127
0.00242887
0.00239501
0.00233617
0.0022488
0.00212933
0.00197439
0.00178122
0.00154848
0.00127779
0.000975926
0.000658287
0.000353974
0.000112712
0.00201391
0.00244133
0.00252912
0.00258704
0.00263714
0.00267694
0.00270278
0.0027133
0.0027039
0.00267072
0.00261001
0.00251783
0.00239007
0.00222266
0.00201196
0.0017556
0.001454
0.00111304
0.000748523
0.000394199
0.000116869
0.00229811
0.00265471
0.00273712
0.00280947
0.00287141
0.00292048
0.0029532
0.00296819
0.00296122
0.00292841
0.00286582
0.00276922
0.00263407
0.00245562
0.00222936
0.00195183
0.0016222
0.00124527
0.000836742
0.000434078
0.000120641
0.00255362
0.00283524
0.00293336
0.00301904
0.00309178
0.00314915
0.00318788
0.00320653
0.00320128
0.00316831
0.00310361
0.00300275
0.00286082
0.00267248
0.00243237
0.0021359
0.00178098
0.00137115
0.000921732
0.000473068
0.000124101
0.00277883
0.00300592
0.00311895
0.00321689
0.00329935
0.00336401
0.0034078
0.00342925
0.00342494
0.00339121
0.00332404
0.0032189
0.0030706
0.0028733
0.00262083
0.00230748
0.00192981
0.00149007
0.0010029
0.000510852
0.000127305
0.00297725
0.00316717
0.00329459
0.00340388
0.00349504
0.00356599
0.00361392
0.00363734
0.00363322
0.00359809
0.00352801
0.00341845
0.00326404
0.00305854
0.00279503
0.00246671
0.00206873
0.00160191
0.00108003
0.000547282
0.000130297
0.00314812
0.00331923
0.00346068
0.00358052
0.00367946
0.00375582
0.00380706
0.00383168
0.00382704
0.00378989
0.00371645
0.00360224
0.00344187
0.00322881
0.00295548
0.00261397
0.002198
0.00170683
0.00115316
0.000582316
0.000133113
0.00327226
0.00346227
0.00361737
0.00374707
0.003853
0.00393398
0.00398777
0.00401293
0.00400715
0.00396742
0.00389016
0.00377106
0.0036048
0.00338472
0.00310269
0.00274973
0.00231802
0.00180512
0.00122243
0.000615976
0.000135781
0.00338739
0.00359608
0.00376453
0.00390353
0.00401578
0.0041007
0.00415641
0.00418152
0.00417405
0.00413126
0.00404978
0.00392554
0.00375344
0.00352682
0.00323718
0.00287447
0.00242923
0.00189713
0.00128804
0.000648324
0.000138327
0.00349348
0.0037203
0.00390182
0.00404968
0.00416768
0.00425597
0.00431306
0.00433765
0.00432807
0.00428181
0.00419578
0.00406619
0.00388825
0.00365555
0.00335938
0.00298865
0.00253207
0.00198323
0.00135023
0.000679433
0.000140771
0.00358471
0.00383441
0.00402871
0.00418506
0.00430837
0.00439955
0.00445759
0.00448129
0.00446928
0.00441929
0.00432846
0.00419335
0.0040096
0.00377125
0.00346967
0.00309271
0.00262702
0.0020638
0.00140923
0.000709387
0.000143131
0.00364455
0.00393788
0.00414451
0.00430904
0.00443729
0.00453099
0.00458968
0.00461224
0.0045976
0.00454372
0.00444799
0.00430726
0.0041177
0.00387413
0.00356834
0.00318707
0.00271452
0.00213924
0.00146528
0.000738271
0.000145426
0.00369567
0.00402027
0.00424847
0.00442083
0.00455373
0.00464977
0.00470889
0.00473014
0.00471278
0.004655
0.00455439
0.00440803
0.00421269
0.00396431
0.00365564
0.00327216
0.00279506
0.00220993
0.00151861
0.000766171
0.000147669
0.00374304
0.00403983
0.00433981
0.00451953
0.004657
0.00475527
0.00481466
0.00483449
0.00481442
0.00475287
0.00464756
0.0044957
0.00424606
0.00397466
0.0037318
0.00334842
0.00286912
0.00227624
0.00156945
0.000793174
0.000149875
0.00378989
0.00406019
0.00436408
0.00460447
0.00474655
0.0048468
0.00490629
0.00492467
0.004902
0.00483692
0.0047273
0.00442512
0.00411258
0.00387322
0.00371468
0.0034163
0.00293718
0.00233854
0.00161804
0.000819374
0.000152058
0.0038362
0.00408312
0.00435848
0.00462819
0.00482167
0.00492357
0.00498303
0.00499995
0.0049749
0.00486989
0.00459353
0.00427804
0.00398682
0.00377109
0.00364572
0.00347701
0.00299972
0.00239721
0.0016646
0.000844869
0.000154232
0.00387718
0.0040989
0.00434805
0.00458988
0.00479176
0.00493669
0.00501167
0.00500182
0.00490215
0.00471467
0.00445074
0.00415239
0.00387498
0.00367714
0.00358036
0.00352
0.00305719
0.00245261
0.00170937
0.000869758
0.00015641
0.00390745
0.00410694
0.00432936
0.0045429
0.00471522
0.0048317
0.00488322
0.00486266
0.00476512
0.00458725
0.00433805
0.00404783
0.00377832
0.00359282
0.00351911
0.00349269
0.00311003
0.00250514
0.00175259
0.000894133
0.000158606
0.00393696
0.00411619
0.00431265
0.00450228
0.00465314
0.0047508
0.00479006
0.00476595
0.00467174
0.0044996
0.00425357
0.00396601
0.00369861
0.00351763
0.00346007
0.00346575
0.00315931
0.00255516
0.00179443
0.00091807
0.000160832
0.00397513
0.00413719
0.00431336
0.00448535
0.0046236
0.00471306
0.00474697
0.00471834
0.00461937
0.00444271
0.00419337
0.00390381
0.00363369
0.00345128
0.00340194
0.00343763
0.00320547
0.00260295
0.00183505
0.000941616
0.000163105
0.00403336
0.00418045
0.00434057
0.0044991
0.0046277
0.00471003
0.00473697
0.00470014
0.00459183
0.00440647
0.00415084
0.00385644
0.00358054
0.00339228
0.00334444
0.00340465
0.00324877
0.00264867
0.00187455
0.000964779
0.00016544
0.00408705
0.00425797
0.00440281
0.00454583
0.00466406
0.00473609
0.00475215
0.00470286
0.0045818
0.00438542
0.00412173
0.00382088
0.00353737
0.0033401
0.00328842
0.00336674
0.00328937
0.00269237
0.00191296
0.000987535
0.000167856
0.00408412
0.00434344
0.0045045
0.00463144
0.00473196
0.00478764
0.00478902
0.00472387
0.00458693
0.00437728
0.00410397
0.00379551
0.00350315
0.00329463
0.00323453
0.00332446
0.00332734
0.00273406
0.00195028
0.00100981
0.000170373
0.00407352
0.00431954
0.00454777
0.00474375
0.00482542
0.00485904
0.004838
0.00475611
0.00460335
0.00437958
0.0040958
0.00377901
0.00347708
0.00325576
0.00318325
0.0032787
0.00336269
0.00277362
0.00198645
0.00103139
0.000173016
0.00405619
0.00428661
0.00450378
0.00469346
0.00484413
0.00494116
0.00489614
0.00479022
0.00462466
0.00438958
0.00409573
0.0037704
0.0034587
0.00322369
0.00313606
0.00323088
0.0033658
0.00281082
0.00202141
0.00105213
0.000175814
0.00403316
0.00424609
0.00445007
0.0046314
0.00477828
0.00488472
0.00494961
0.00483385
0.00464852
0.00440564
0.00410389
0.00377002
0.0034484
0.00319922
0.00309462
0.00318292
0.00333817
0.00284694
0.00205618
0.00107277
0.000178706
0.00400544
0.00419952
0.00438842
0.00455937
0.00470068
0.00480539
0.0048715
0.0048874
0.00468553
0.0044289
0.00412157
0.0037793
0.00344711
0.00318328
0.00306
0.00313627
0.00330726
0.00288284
0.00209148
0.00109401
0.000181673
0.00397411
0.00414841
0.00432074
0.00447944
0.00461339
0.00471504
0.00478155
0.00481321
0.00473921
0.00446767
0.00415125
0.00379992
0.00345571
0.00317636
0.00303276
0.00309176
0.00327273
0.00291869
0.00212744
0.00111599
0.000184718
0.00394024
0.00409432
0.00424899
0.00439387
0.00451874
0.00461592
0.00468187
0.00471662
0.00472035
0.00453034
0.00419673
0.00383291
0.00347448
0.00317849
0.00301306
0.00305027
0.0032343
0.00295453
0.0021641
0.00113876
0.000187853
0.00390487
0.00403876
0.00417516
0.00430503
0.0044193
0.00451059
0.0045749
0.00461199
0.00462167
0.0046065
0.00426051
0.00387827
0.00350312
0.0031897
0.00300131
0.00301271
0.00319258
0.0029903
0.00220148
0.00116239
0.000191086
0.00386897
0.00398313
0.00410116
0.0042153
0.00431777
0.00440183
0.00446336
0.00450186
0.00451674
0.00451062
0.00434265
0.00393934
0.00354263
0.00321023
0.00299811
0.00297989
0.0031478
0.00302594
0.00223954
0.00118694
0.000194423
0.0038334
0.00392873
0.00402875
0.00412695
0.0042168
0.00429252
0.00435012
0.00438893
0.00440825
0.00441037
0.00439643
0.00401206
0.00359413
0.00324026
0.00300394
0.00295241
0.00310007
0.0030613
0.0022782
0.00121244
0.000197873
0.00379888
0.00387663
0.00395945
0.00404199
0.00411892
0.00418548
0.00423809
0.00427579
0.00429898
0.00430857
0.00430596
0.00409473
0.00365712
0.00327903
0.00301855
0.00293034
0.00304988
0.00309619
0.0023173
0.00123891
0.000201443
0.00376596
0.00382767
0.00389449
0.00396213
0.00402631
0.00408333
0.00413022
0.00416596
0.00419197
0.004208
0.00421537
0.00417177
0.00372054
0.00332322
0.00304008
0.00291295
0.00299682
0.00313028
0.00235657
0.00126637
0.000205141
0.00373501
0.00378246
0.00383479
0.00388866
0.00394074
0.00398828
0.00402908
0.0040624
0.00409
0.00411125
0.00412722
0.00413615
0.00377209
0.00336873
0.00306519
0.00289971
0.00293862
0.00309115
0.00239561
0.00129481
0.000208977
0.00370622
0.00374134
0.00378091
0.00382244
0.00386344
0.00390198
0.00393664
0.00396709
0.00399528
0.00402054
0.00404363
0.00406256
0.00380195
0.00340572
0.0030875
0.00288662
0.00287286
0.00299295
0.00243491
0.00132427
0.000212965
0.00367962
0.0037044
0.00373308
0.00376392
0.00379515
0.00382551
0.00385428
0.00388158
0.00390952
0.00393763
0.00396639
0.00399341
0.00380163
0.00342135
0.00309672
0.00286644
0.00279746
0.00288039
0.002475
0.00135472
0.000217118
0.0036551
0.00367153
0.00369123
0.00371313
0.00373606
0.00375932
0.00378276
0.00380688
0.00383378
0.00386376
0.0038968
0.00393005
0.00376448
0.00340229
0.00307947
0.00283032
0.00271117
0.00275724
0.00251583
0.0013859
0.000221452
0.0036324
0.00364242
0.00365505
0.00366978
0.00368596
0.00370335
0.00372222
0.00374336
0.00376833
0.00379968
0.00383578
0.00387337
0.00368982
0.00333851
0.00302268
0.00276875
0.00261473
0.00262602
0.00255709
0.00141736
0.000225987
0.00361114
0.00361668
0.00362403
0.0036333
0.00364428
0.00365708
0.0036723
0.00369102
0.0037148
0.00374632
0.00378395
0.00382386
0.00357904
0.00322645
0.00292057
0.00267566
0.0025107
0.00248876
0.00243558
0.00144828
0.000230762
0.00359067
0.00359355
0.00359752
0.00360289
0.00361013
0.0036196
0.00363216
0.00364906
0.00367191
0.00370305
0.00374101
0.00378138
0.00343092
0.00307341
0.00278123
0.00255394
0.00239499
0.00234774
0.00227823
0.00148118
0.000235852
0.00357048
0.00357201
0.00357429
0.00357751
0.00358235
0.00358969
0.00360053
0.00361626
0.00363842
0.00366836
0.00370587
0.00364664
0.00324603
0.00289655
0.00262205
0.00241449
0.00226842
0.00220371
0.0021281
0.00151734
0.000241307
0.00354989
0.00355115
0.00355293
0.00355559
0.00355951
0.00356582
0.00357585
0.00359106
0.00361288
0.00364207
0.00367798
0.00343772
0.00304117
0.00271214
0.00245769
0.00226774
0.00213484
0.0020574
0.00198431
0.00155749
0.000247149
0.00352813
0.00353007
0.00353221
0.0035353
0.00353974
0.00354616
0.00355623
0.00357152
0.00359333
0.00362188
0.00364256
0.00322129
0.0028388
0.00253403
0.00229786
0.00212089
0.00199791
0.00191108
0.00184932
0.00160279
0.000253367
0.0035043
0.00350769
0.00351093
0.00351501
0.00352073
0.00352858
0.00353947
0.00355539
0.00357741
0.003605
0.00339924
0.00300283
0.0026525
0.00237023
0.0021476
0.00197813
0.00186035
0.00176777
0.0017195
0.00165545
0.00025983
0.00347726
0.00348274
0.00348769
0.00349325
0.00350046
0.00351022
0.00352312
0.0035401
0.00356247
0.00356273
0.00317193
0.00280354
0.0024842
0.00222088
0.00200783
0.00184154
0.00172363
0.00162835
0.00158252
0.00157889
0.000266011
0.00344563
0.00345368
0.00346082
0.00346827
0.00347721
0.00348874
0.00350379
0.00352269
0.00354535
0.00333235
0.00296848
0.00263059
0.00233607
0.00208663
0.00187939
0.00171301
0.00158995
0.00148953
0.00143312
0.00140861
0.000271991
0.00340759
0.0034186
0.00342831
0.00343798
0.00344887
0.00346216
0.00347895
0.00349963
0.00348844
0.00313122
0.00279189
0.00248002
0.00220379
0.0019654
0.0017629
0.00159474
0.00146369
0.00135484
0.00128864
0.00124532
0.000278932
0.00336085
0.00337514
0.00338771
0.00339988
0.00341291
0.00342804
0.00344634
0.00346809
0.00329049
0.0029603
0.00264445
0.00235175
0.0020886
0.00185685
0.00165567
0.00148408
0.00134483
0.00122814
0.00115409
0.00110907
0.000290111
0.00330251
0.00332036
0.00333607
0.00335095
0.0033663
0.00338336
0.00340313
0.00342566
0.00312411
0.00281623
0.00252088
0.00224392
0.00199083
0.00176332
0.00156137
0.00138436
0.0012352
0.00110973
0.0010155
0.00095382
0.000303586
0.00322898
0.00325065
0.00326973
0.00328754
0.00330537
0.00332444
0.00334562
0.00327064
0.00298231
0.00269605
0.00241831
0.00215487
0.00191013
0.00168585
0.00148239
0.00129956
0.00113935
0.00100208
0.000882293
0.000782078
0.000317211
0.00313597
0.00316169
0.00318433
0.00320523
0.00322566
0.00324683
0.00326945
0.00312144
0.00286002
0.00259463
0.00233357
0.00208283
0.00184602
0.00162498
0.00142049
0.00123185
0.00106228
0.000907718
0.000787663
0.000655712
0.000219215
0.00301882
0.00304867
0.00307496
0.00309899
0.00312205
0.00314531
0.00316943
0.00299257
0.00275523
0.00250986
0.00226457
0.00202617
0.00179798
0.00158144
0.00137806
0.00118451
0.00101006
0.000826199
0.000705837
0.000429253
0.000289487
0.000205634
0.000747037
0.00141145
0.00199276
0.00244981
0.00278883
0.00278714
0.00261938
0.00246708
0.00235641
0.00228409
0.00228194
0.00235463
0.00239787
0.00218487
0.00142337
0.000414368
0.000148823
0.000104053
0.000203797
0.000739624
0.00139959
0.00198093
0.00244139
0.00278542
0.00283013
0.002667
0.00252251
0.00242715
0.00238016
0.00241717
0.0025299
0.0025808
0.0023359
0.00143335
0.000520298
0.000254538
0.000195362
0.000202001
0.000733152
0.00138923
0.00197058
0.00243421
0.00278321
0.00288428
0.0027267
0.00259012
0.00251128
0.00249222
0.0025662
0.00270522
0.00273699
0.00236528
0.00141757
0.000634111
0.000365897
0.000321099
0.000200252
0.000727548
0.00138026
0.00196166
0.00242828
0.00278225
0.00294796
0.00279596
0.00266702
0.00260472
0.0026143
0.00271929
0.00286987
0.00286562
0.00240275
0.00147251
0.000785418
0.000556665
0.000543825
0.00019855
0.000722734
0.00137261
0.00195412
0.00242356
0.00278253
0.00301981
0.00287271
0.00275074
0.00270439
0.00274304
0.00287261
0.00302164
0.0029805
0.00248164
0.0016052
0.000961145
0.000739448
0.000761846
0.0001969
0.000718618
0.00136618
0.00194785
0.00241998
0.0027838
0.00305005
0.0029554
0.00283982
0.00280834
0.002877
0.00302338
0.00315942
0.00309148
0.00259336
0.00177878
0.00116557
0.000949957
0.000991643
0.000195302
0.000715121
0.00136089
0.00194279
0.00241746
0.00278588
0.00305863
0.00304222
0.00293256
0.00291487
0.00301503
0.00317066
0.00329007
0.00309965
0.00266503
0.00197462
0.00138486
0.00117143
0.00122999
0.000193758
0.000712184
0.00135664
0.0019388
0.00241591
0.00278873
0.00306789
0.00313104
0.00302738
0.00302226
0.00314686
0.00331174
0.00341201
0.00309387
0.00266934
0.00217762
0.00161037
0.00139586
0.00147471
0.000192269
0.000709751
0.00135331
0.00193579
0.00241522
0.0027923
0.00307783
0.00322125
0.0031232
0.00312957
0.00326939
0.00344912
0.00341186
0.00308976
0.00267698
0.00228959
0.00183718
0.00162761
0.0017241
0.000190834
0.000707761
0.00135077
0.00193361
0.00241528
0.0027965
0.00308832
0.0033043
0.00321902
0.0032353
0.00338453
0.00358547
0.00341166
0.00308785
0.00268928
0.00234309
0.00206763
0.0018701
0.00197547
0.000189453
0.000706147
0.00134889
0.00193214
0.00241598
0.0028012
0.00309893
0.00332198
0.00331337
0.00333967
0.00349153
0.00361982
0.00341113
0.00308777
0.00270559
0.00239517
0.00227782
0.00211398
0.00221943
0.000188126
0.000704841
0.00134756
0.00193127
0.00241721
0.00280631
0.00310957
0.00333896
0.0034061
0.00343983
0.00359304
0.00362368
0.00341044
0.00308934
0.00272526
0.00244667
0.00236153
0.00234506
0.00244936
0.000186851
0.000703775
0.00134666
0.00193086
0.00241885
0.0028117
0.00312009
0.00335511
0.00349764
0.00353756
0.00369033
0.00362561
0.00340994
0.00309331
0.00274799
0.00249794
0.00244014
0.00255229
0.00265637
0.000185626
0.000702883
0.00134609
0.00193082
0.0024208
0.00281724
0.00313034
0.00337008
0.00354737
0.00363465
0.00371058
0.00362629
0.00341011
0.00310027
0.00277363
0.00254925
0.0025148
0.00266455
0.00283568
0.000184451
0.000702098
0.00134574
0.00193103
0.00242294
0.0028228
0.00314013
0.00338356
0.00356217
0.0036811
0.00371536
0.00362637
0.00341172
0.00311038
0.00280206
0.00260085
0.00258646
0.00274899
0.00298741
0.000183321
0.000701361
0.00134553
0.00193139
0.00242519
0.00282826
0.00314931
0.00339545
0.00357418
0.00368965
0.00371823
0.00362638
0.00341506
0.00312376
0.00283321
0.00265288
0.00265579
0.00282936
0.00311276
0.000182236
0.000700612
0.00134536
0.0019318
0.00242742
0.0028335
0.00315772
0.00340567
0.00358364
0.00369554
0.0037197
0.00362672
0.00342031
0.00314023
0.00286688
0.0027054
0.00272319
0.00290611
0.00320078
0.000181192
0.000699797
0.00134515
0.00193219
0.00242955
0.00283837
0.00316522
0.0034142
0.00359079
0.00369925
0.00372019
0.00362762
0.0034275
0.00315954
0.00290286
0.00275839
0.00278886
0.00297956
0.00328223
0.000180186
0.000698864
0.00134484
0.00193247
0.00243147
0.00284275
0.00317168
0.00342103
0.00359587
0.00370117
0.00372001
0.00362925
0.00343658
0.00318143
0.00294089
0.00281174
0.00285289
0.00304979
0.00335764
0.000179216
0.000697766
0.00134434
0.00193254
0.00243308
0.00284651
0.00317699
0.00342618
0.00359909
0.00370164
0.00371937
0.0036317
0.00344745
0.00320563
0.00298067
0.00286532
0.00291528
0.00311677
0.00342729
0.000178278
0.000696457
0.0013436
0.00193234
0.00243428
0.00284955
0.00318107
0.00342968
0.00360063
0.0037009
0.00371838
0.00363504
0.00345997
0.00323187
0.00302196
0.00291891
0.00297593
0.00318042
0.00349148
0.000177369
0.000694896
0.00134254
0.00193178
0.00243497
0.00285173
0.00318385
0.00343158
0.00360065
0.00369913
0.00371711
0.00363917
0.00347402
0.00325988
0.0030645
0.0029723
0.00303437
0.00324075
0.00355091
0.000176486
0.000693043
0.00134111
0.00193079
0.00243505
0.00285296
0.00318528
0.00343193
0.00359927
0.00369645
0.00371562
0.00364369
0.0034896
0.0032895
0.00310811
0.00302532
0.00309049
0.00329704
0.00360548
0.000175626
0.000690862
0.00133924
0.00192928
0.00243441
0.00285315
0.00318532
0.00343076
0.0035966
0.00369295
0.00371393
0.00364852
0.00350586
0.0033208
0.00315272
0.0030779
0.00314427
0.00334891
0.00365435
0.000174785
0.00068832
0.00133687
0.00192717
0.00243297
0.00285219
0.00318392
0.00342813
0.0035927
0.00368869
0.00371203
0.00365357
0.00352246
0.00335296
0.00319851
0.00313006
0.00319576
0.00339654
0.00369672
0.00017396
0.000685383
0.00133393
0.00192438
0.00243063
0.00285002
0.00318107
0.00342404
0.00358764
0.0036837
0.00370987
0.00365873
0.00353944
0.00338521
0.00324449
0.00318211
0.00324498
0.00343999
0.00373276
0.000173147
0.000682023
0.00133037
0.00192084
0.00242729
0.00284654
0.00317672
0.00341854
0.00358144
0.00367798
0.0037074
0.00366386
0.00355651
0.00341708
0.00329008
0.00323391
0.00329297
0.00347916
0.00376193
0.000172344
0.000678211
0.00132611
0.00191645
0.00242285
0.0028417
0.00317086
0.00341161
0.0035741
0.00367149
0.00370452
0.00366879
0.00357339
0.00344815
0.00333468
0.00328484
0.0033396
0.00351566
0.00378597
0.000171546
0.000673923
0.0013211
0.00191112
0.00241723
0.00283541
0.00316346
0.00340326
0.00356562
0.00366421
0.00370112
0.00367333
0.00358976
0.00347802
0.00337772
0.00333427
0.00338454
0.00354935
0.00380486
0.000170751
0.000669138
0.00131526
0.00190477
0.00241033
0.0028276
0.00315447
0.00339346
0.00355597
0.00365605
0.00369709
0.00367729
0.00360533
0.00350657
0.00341846
0.00338107
0.00342773
0.00357991
0.00381773
0.000169955
0.000663848
0.00130851
0.00189729
0.00240206
0.00281822
0.00314386
0.0033822
0.0035451
0.00364694
0.00369229
0.00368045
0.00361981
0.00353361
0.00345629
0.00342447
0.00346843
0.00360721
0.00382512
0.000169154
0.000658057
0.00130074
0.00188859
0.00239232
0.00280718
0.00313159
0.00336943
0.00353296
0.0036368
0.00368656
0.00368259
0.00363293
0.00355875
0.00349128
0.0034641
0.00350539
0.00363074
0.0038276
0.000168344
0.000651717
0.00129187
0.00187855
0.00238102
0.00279443
0.0031176
0.00335511
0.00351948
0.00362551
0.00367976
0.00368349
0.0036444
0.00358165
0.00352342
0.00350023
0.00353779
0.00364944
0.00382546
0.000167523
0.000644784
0.00128185
0.00186708
0.00236806
0.00277988
0.00310185
0.00333917
0.00350457
0.00361296
0.00367171
0.00368295
0.00365396
0.00360203
0.00355241
0.00353259
0.00356576
0.00366372
0.00381923
0.000166687
0.000637237
0.00127059
0.00185409
0.00235336
0.00276347
0.00308428
0.00332155
0.00348816
0.00359904
0.00366227
0.00368075
0.00366136
0.00361961
0.00357798
0.00356102
0.00358948
0.00367401
0.00380951
0.00016583
0.000629064
0.00125804
0.00183946
0.00233682
0.00274513
0.00306481
0.00330217
0.00347015
0.00358361
0.00365128
0.00367669
0.00366637
0.00363416
0.00359993
0.00358543
0.00360913
0.00368074
0.00379699
0.000164949
0.00062026
0.00124411
0.0018231
0.00231834
0.00272477
0.00304338
0.00328095
0.00345043
0.00356656
0.00363856
0.00367059
0.0036688
0.00364547
0.00361809
0.00360578
0.00362487
0.0036843
0.0037823
0.00016404
0.00061082
0.00122873
0.00180489
0.00229781
0.0027023
0.0030199
0.0032578
0.0034289
0.00354775
0.00362398
0.00366227
0.00366846
0.00365339
0.00363235
0.00362206
0.00363689
0.00368507
0.00376607
0.000163098
0.00060074
0.00121184
0.00178472
0.00227514
0.00267763
0.00299428
0.00323262
0.00340544
0.00352705
0.00360739
0.00365158
0.0036652
0.0036578
0.00364265
0.0036343
0.00364535
0.0036834
0.00374884
0.000162119
0.000590023
0.00119336
0.00176247
0.00225019
0.00265065
0.00296642
0.00320531
0.00337993
0.00350433
0.00358864
0.00363839
0.0036589
0.00365859
0.00364895
0.00364255
0.00365043
0.00367955
0.00373108
0.000161097
0.000578673
0.00117323
0.00173803
0.00222284
0.00262126
0.00293621
0.00317575
0.00335226
0.00347946
0.00356761
0.00362258
0.00364947
0.00365573
0.00365125
0.00364688
0.00365227
0.00367378
0.00371311
0.000160029
0.000566701
0.0011514
0.00171127
0.00219296
0.00258931
0.00290352
0.0031438
0.00332229
0.00345231
0.00354418
0.00360403
0.00363684
0.00364918
0.00364959
0.0036474
0.003651
0.00366624
0.00369519
0.000158907
0.00055412
0.00112781
0.00168206
0.00216039
0.00255467
0.00286822
0.00310934
0.00328987
0.00342274
0.00351823
0.00358268
0.00362097
0.00363895
0.00364402
0.00364418
0.00364675
0.00365705
0.00367743
0.000157727
0.000540949
0.00110243
0.00165027
0.00212497
0.00251716
0.00283014
0.00307221
0.00325486
0.00339062
0.00348964
0.00355844
0.00360182
0.00362508
0.00363461
0.00363733
0.0036396
0.00364628
0.00365987
0.000156483
0.000527208
0.00107521
0.00161576
0.00208651
0.00247659
0.00278909
0.00303221
0.00321709
0.00335579
0.00345829
0.00353124
0.00357939
0.00360761
0.00362147
0.00362694
0.00362963
0.00363393
0.00364242
0.000155167
0.000512925
0.00104615
0.0015784
0.00204481
0.00243272
0.00274484
0.00298913
0.00317635
0.00331806
0.00342405
0.003501
0.00355367
0.00358658
0.00360466
0.00361313
0.00361689
0.00361997
0.00362495
0.000153773
0.000498129
0.00101522
0.00153805
0.00199962
0.00238529
0.00269711
0.0029427
0.00313239
0.00327724
0.00338675
0.00346762
0.00352463
0.00356203
0.00358428
0.00359595
0.00360141
0.0036043
0.00360718
0.000152293
0.000482855
0.000982431
0.00149456
0.00195068
0.00233398
0.00264557
0.00289261
0.00308493
0.00323306
0.00334619
0.00343098
0.00349221
0.00353398
0.00356037
0.00357547
0.00358316
0.00358678
0.00358878
0.000150718
0.000467139
0.000947808
0.00144779
0.0018977
0.0022784
0.00258981
0.00283845
0.00303358
0.00318518
0.00330208
0.00339085
0.0034563
0.0035024
0.00353295
0.00355167
0.00356206
0.00356712
0.00356931
0.000149038
0.000451023
0.000911393
0.00139761
0.00184034
0.00221809
0.00252933
0.00277973
0.00297787
0.00313318
0.00325406
0.00334697
0.00341668
0.00346713
0.00350192
0.00352447
0.00353788
0.00354498
0.00354836
0.000147243
0.000434556
0.000873253
0.00134391
0.00177823
0.00215253
0.00246351
0.00271579
0.00291719
0.00307647
0.00320161
0.00329887
0.00337302
0.00342794
0.00346707
0.00349354
0.00351024
0.00352
0.00352535
0.000145321
0.000417787
0.000833466
0.0012863
0.00166957
0.00203374
0.00239168
0.00264581
0.00285069
0.00301427
0.00314401
0.00324594
0.00332477
0.00338433
0.0034279
0.00345837
0.00347866
0.0034916
0.00349955
0.000143256
0.000400771
0.000792058
0.00121186
0.00155063
0.00189318
0.00224393
0.00256878
0.00277728
0.0029455
0.00308025
0.00318725
0.00327109
0.0033355
0.00338356
0.00341817
0.00344242
0.00345893
0.00346996
0.000141032
0.000383562
0.000749111
0.00111857
0.00143642
0.00175636
0.00208593
0.00242307
0.00269552
0.00286874
0.00300896
0.0031215
0.00321073
0.00328018
0.00333275
0.00337186
0.00340036
0.00342078
0.00343531
0.000138629
0.000366217
0.000704918
0.00102929
0.00132775
0.00162622
0.00193131
0.00224766
0.00257047
0.00278212
0.00292829
0.00304687
0.00314187
0.0032163
0.00327388
0.0033178
0.00335086
0.00337552
0.0033939
0.000136023
0.000348791
0.000659803
0.000944782
0.00122475
0.00150336
0.0017845
0.00207349
0.00237711
0.00268355
0.00283598
0.00296093
0.00306158
0.0031416
0.00320461
0.00325373
0.0032917
0.00332091
0.00334346
0.000133184
0.000331283
0.000604679
0.000865092
0.00112763
0.00138777
0.00164691
0.00190881
0.00218241
0.00247359
0.00272936
0.00286034
0.00296699
0.00305308
0.00312198
0.00317672
0.00321997
0.00325409
0.00328113
0.000130072
0.000313731
0.000548346
0.000790005
0.00103611
0.00127891
0.00151813
0.00175584
0.0019987
0.0022578
0.00253351
0.00274192
0.0028548
0.00294725
0.00302241
0.00308317
0.00313208
0.00317146
0.00320331
0.000126637
0.000296135
0.000495994
0.000719099
0.000949145
0.0011754
0.00139631
0.00161285
0.00182949
0.00205384
0.00229545
0.00255388
0.00272165
0.00282048
0.00290207
0.00296907
0.00302393
0.00306884
0.00310577
0.000119228
0.00026892
0.000448251
0.000652784
0.000866166
0.00107603
0.0012796
0.00147755
0.00167226
0.00186645
0.00207227
0.00229976
0.00254236
0.00266977
0.0027575
0.00283063
0.0028914
0.0029419
0.002984
0.000117675
0.000119373
0.000140497
0.000151976
0.000167374
0.00018511
0.000207523
0.000224853
0.000239105
0.000250964
0.000260063
0.000266959
0.000269709
0.000268483
0.000265974
0.000245806
0.00020356
0.000185236
0.000172459
0.00015738
0.000545977
0.000271229
0.000203824
0.000232339
0.000266834
0.000310987
0.000359916
0.000403936
0.000440987
0.000472173
0.000499493
0.000523498
0.000550621
0.000573314
0.000596571
0.000619937
0.000642278
0.000667663
0.000682993
0.000729332
0.000596592
0.000735613
0.000644295
0.000599372
0.000499323
0.000408849
0.000380193
0.000382976
0.000411145
0.000441844
0.000473066
0.000505183
0.000533727
0.000569016
0.000602987
0.000639286
0.000676751
0.00071673
0.000748128
0.000805329
0.000873273
0.0010218
0.00100184
0.000913841
0.000861452
0.000831406
0.00081701
0.000814726
0.000815435
0.000818962
0.000825666
0.000835325
0.000847432
0.000861252
0.000875549
0.000889526
0.000903338
0.000917118
0.000931341
0.000945262
0.00104615
0.00128079
0.00145533
0.0013463
0.00127105
0.00122121
0.00119071
0.00117486
0.00116567
0.00115989
0.00115714
0.00115677
0.00115813
0.00116063
0.00116375
0.00116715
0.0011707
0.00117434
0.0011783
0.00118235
0.00103379
0.00125751
0.00161601
0.00174654
0.00167647
0.00162333
0.00158506
0.00155892
0.0015406
0.00152499
0.00151167
0.00150017
0.00149003
0.00148079
0.00147207
0.00146361
0.00145527
0.00144694
0.0014388
0.00143093
0.00099632
0.00116739
0.0014625
0.00187796
0.00184337
0.00180967
0.00177934
0.00175315
0.00173061
0.00170795
0.00168542
0.00166317
0.00164124
0.00161962
0.0015983
0.00157728
0.00155656
0.00153611
0.00151614
0.00149699
0.000891713
0.0010152
0.00122734
0.00157012
0.00160583
0.00159584
0.00158045
0.00156186
0.00154139
0.00151723
0.00149044
0.00146199
0.0014327
0.00140321
0.00137402
0.00134544
0.00131771
0.00129087
0.00126518
0.00124089
0.000718377
0.000807782
0.00091109
0.000920133
0.000921855
0.000917191
0.00090758
0.000894416
0.000878019
0.000857364
0.000834345
0.000810496
0.000786881
0.000764164
0.000742711
0.00072265
0.000704045
0.000686702
0.000671233
0.00065696
0.000148683
0.000151365
0.00015392
0.000156179
0.000158115
0.000159727
0.000161035
0.000162068
0.000162878
0.000163572
0.000164143
0.00016459
0.000164914
0.000165121
0.000165219
0.000165216
0.000165121
0.000164943
0.000164693
0.000164368
0.00287749
0.00291109
0.00294069
0.00296757
0.00299298
0.0030181
0.00304359
0.00287781
0.00266369
0.00243753
0.00221441
0.00198375
0.00176451
0.00155481
0.0013558
0.00116298
0.000987177
0.000796776
0.000661818
0.000449961
0.000398513
0.00270638
0.00274339
0.00277605
0.00280557
0.00283319
0.00286004
0.00288689
0.00277469
0.00258161
0.00237568
0.00216336
0.00195109
0.00174339
0.00154329
0.00135191
0.00117002
0.000995782
0.000838104
0.000684563
0.000578623
0.000377805
0.002501
0.0025406
0.00257565
0.0026073
0.00263668
0.00266491
0.00269288
0.0026781
0.00250571
0.00231645
0.00212155
0.00192431
0.00172904
0.00154077
0.00136096
0.00119614
0.00103706
0.00091676
0.000793199
0.000743526
0.000543835
0.00226152
0.00230237
0.0023387
0.00237153
0.00240189
0.00243081
0.00245926
0.00248758
0.00243192
0.00226103
0.00207874
0.00189628
0.00171539
0.00154026
0.0013742
0.00122431
0.00108855
0.000980978
0.000903878
0.000851385
0.000795239
0.00199169
0.00203191
0.00206789
0.00210048
0.00213058
0.00215909
0.00218693
0.0022149
0.00224306
0.0022037
0.00203742
0.00186482
0.00169466
0.00153196
0.00137916
0.00124048
0.00112109
0.00101922
0.000956724
0.000911217
0.0009126
0.00169852
0.00173573
0.00176918
0.00179958
0.00182763
0.00185409
0.00187974
0.00190542
0.00193186
0.00195928
0.00198719
0.00182819
0.00166477
0.00150776
0.00136239
0.00123239
0.00112212
0.00103051
0.000968876
0.000937664
0.000938014
0.0013894
0.00142051
0.00144853
0.00147397
0.00149737
0.00151932
0.00154042
0.00156137
0.00158291
0.00160582
0.00163083
0.00165722
0.00161636
0.00146391
0.00132009
0.00119249
0.00108497
0.00099964
0.000940808
0.000914844
0.000922803
0.00105997
0.00108051
0.00109874
0.001115
0.00112969
0.00114323
0.00115605
0.00116868
0.00118169
0.00119575
0.00121163
0.00123004
0.00125119
0.00127498
0.00122902
0.00110413
0.000997589
0.000914347
0.000857162
0.000829928
0.000836429
0.000649929
0.000654674
0.000658303
0.000661028
0.000663073
0.000664677
0.000666096
0.000667612
0.000669537
0.000672233
0.000676127
0.000681709
0.000689514
0.000700076
0.000713283
0.000728941
0.000747664
0.000750314
0.000700478
0.000675547
0.000678912
0.000126902
0.000127251
0.000127556
0.000127826
0.000128074
0.000128315
0.000128562
0.000128833
0.000129148
0.000129528
0.00013
0.000130592
0.000131342
0.000132286
0.000133464
0.000134907
0.000136648
0.000138682
0.000140929
0.000143378
0.000145982
9.87105e-05
0.000241845
0.000407294
0.00059434
0.000790324
0.000983447
0.00117057
0.00135207
0.00152501
0.0016985
0.00187725
0.0020695
0.00228413
0.00249992
0.0025925
0.00267065
0.00273645
0.00279182
0.0028385
7.88301e-05
0.000216819
0.000371468
0.000541794
0.000718786
0.000893607
0.0010641
0.00122421
0.00138116
0.00153817
0.00169806
0.001865
0.00204716
0.00225012
0.00240186
0.00248383
0.00255364
0.00261306
0.00266371
6.05497e-05
0.000192054
0.000338618
0.000494784
0.000652037
0.000806254
0.000951597
0.00109325
0.00123488
0.00137727
0.00152251
0.0016726
0.00183089
0.00200466
0.00218469
0.00226834
0.00234034
0.00240229
0.00245564
5.33925e-05
0.000166355
0.000301474
0.000446703
0.000591169
0.000717357
0.000835469
0.000958632
0.00108443
0.00121292
0.00134534
0.00148282
0.00162563
0.00177805
0.00194501
0.00202717
0.00209871
0.00216094
0.00221508
6.09576e-05
0.000147855
0.000257945
0.000394904
0.000518987
0.00062206
0.000720853
0.000824038
0.000932311
0.001046
0.0011656
0.00129132
0.00142277
0.00156261
0.00168963
0.00176645
0.00183424
0.00189388
0.00194631
7.75983e-05
0.000143705
0.000221327
0.000330882
0.000429058
0.000520237
0.000606677
0.000693902
0.000785413
0.000883266
0.000988474
0.00110085
0.00122051
0.0013495
0.00142759
0.00149505
0.00155539
0.00160913
0.00165686
5.78188e-05
0.000154145
0.000203854
0.000265612
0.000335704
0.000410483
0.000486973
0.00056444
0.000644437
0.000729377
0.000820574
0.000919504
0.00102719
0.0011074
0.00116729
0.00122176
0.00127096
0.00131514
0.00135469
5.28586e-05
0.000178898
0.000211878
0.000236035
0.0002703
0.000317198
0.000373935
0.000436103
0.00050251
0.000573752
0.000650281
0.000733037
0.000821691
0.000867338
0.000908827
0.000946326
0.000980004
0.00101007
0.00103677
5.30404e-05
0.000156258
0.000232696
0.000238106
0.000240688
0.000263397
0.000302716
0.000348085
0.000398852
0.000455207
0.000516617
0.000545583
0.000566817
0.000585335
0.000601342
0.000615021
0.000626546
0.000636097
0.000643861
3.96794e-05
5.38469e-05
7.24363e-05
9.06429e-05
9.69406e-05
8.70524e-05
0.000103533
0.000113056
0.000115546
0.000117585
0.000119349
0.000120814
0.000122049
0.000123102
0.000124005
0.000124781
0.000125446
0.000126014
0.000126497
)
;

boundaryField
{
    inlet
    {
        type            calculated;
        value           uniform 0.0132252;
    }
    outlet
    {
        type            calculated;
        value           nonuniform List<scalar> 10(0.000157629 0.000732387 0.000810002 0.000945262 0.00118235 0.00143093 0.00149699 0.00124089 0.00065696 0.000164368);
    }
    walls
    {
        type            nutUBlendedWallFunction;
        blending        stepwise;
        Cmu             0.09;
        kappa           0.41;
        E               9.8;
        n               4;
        value           nonuniform List<scalar> 
423
(
9.57564e-06
9.5751e-06
9.57529e-06
9.57608e-06
9.57735e-06
9.579e-06
9.58094e-06
9.58312e-06
9.58549e-06
9.58803e-06
9.59072e-06
9.59356e-06
9.59658e-06
9.59978e-06
9.60318e-06
9.60682e-06
9.61074e-06
9.61483e-06
9.61846e-06
9.62093e-06
8.58636e-06
8.77985e-06
8.94692e-06
9.0893e-06
9.20901e-06
9.3081e-06
9.38858e-06
9.45245e-06
9.50171e-06
9.53829e-06
9.5641e-06
9.58101e-06
9.59081e-06
9.59517e-06
9.59561e-06
9.5935e-06
9.59001e-06
9.58606e-06
9.58235e-06
9.57927e-06
9.57701e-06
1.04989e-07
6.41238e-07
6.97265e-07
4.18634e-07
1.55144e-07
1.06963e-06
2.13444e-06
3.0626e-06
3.85127e-06
4.55159e-06
5.17614e-06
5.73697e-06
6.2423e-06
6.69809e-06
7.10875e-06
7.47774e-06
7.80788e-06
8.10141e-06
8.36017e-06
5.12164e-07
8.66582e-07
9.29836e-07
3.97586e-07
1.29296e-08
6.82212e-07
1.54584e-06
2.43009e-06
3.29566e-06
4.08656e-06
4.85337e-06
5.57958e-06
6.25541e-06
6.88092e-06
7.46012e-06
7.99686e-06
8.49339e-06
8.95128e-06
9.37202e-06
9.75721e-06
1.01085e-05
1.04277e-05
1.07167e-05
1.09771e-05
1.12111e-05
1.14204e-05
1.1607e-05
1.17726e-05
1.1919e-05
1.20479e-05
1.21607e-05
1.22588e-05
1.23435e-05
1.2416e-05
1.24773e-05
1.25283e-05
1.25698e-05
1.26026e-05
1.26271e-05
1.26438e-05
1.26534e-05
1.26565e-05
1.26532e-05
1.26434e-05
1.26273e-05
1.26054e-05
1.2578e-05
1.25453e-05
1.25073e-05
1.24641e-05
1.24157e-05
1.23622e-05
1.23038e-05
1.22407e-05
1.2173e-05
1.2101e-05
1.20248e-05
1.19449e-05
1.18615e-05
1.17752e-05
1.16864e-05
1.15958e-05
1.15039e-05
1.14117e-05
1.13198e-05
1.1229e-05
1.11404e-05
1.10546e-05
1.09728e-05
1.08939e-05
1.08337e-05
1.07779e-05
1.07281e-05
1.06714e-05
1.0619e-05
1.05712e-05
1.05294e-05
1.04939e-05
1.0464e-05
1.04389e-05
1.04181e-05
1.0401e-05
1.03873e-05
1.03763e-05
1.03676e-05
1.03606e-05
1.03548e-05
1.03497e-05
1.03449e-05
1.03398e-05
1.03342e-05
1.03275e-05
1.03195e-05
1.03098e-05
1.0298e-05
1.02839e-05
1.02671e-05
1.02473e-05
1.02243e-05
1.01977e-05
1.01673e-05
1.01326e-05
1.00935e-05
1.00496e-05
1.00006e-05
9.94643e-06
9.88654e-06
9.82043e-06
9.74761e-06
9.66767e-06
9.58017e-06
9.48461e-06
9.38046e-06
9.26713e-06
9.14403e-06
9.0105e-06
8.86582e-06
8.70922e-06
8.53987e-06
8.35683e-06
8.15911e-06
7.94557e-06
7.71496e-06
7.46592e-06
7.19691e-06
6.90628e-06
6.59222e-06
6.25272e-06
5.88548e-06
5.48776e-06
5.0562e-06
4.58652e-06
4.07061e-06
3.5256e-06
2.93084e-06
2.2697e-06
1.53139e-06
7.90994e-07
2.13008e-07
2.2319e-07
3.74588e-07
2.98371e-07
1.85727e-08
3.7932e-07
4.86468e-07
1.13912e-07
2.3806e-07
8.71706e-07
1.54833e-06
2.25187e-06
2.86164e-06
3.40193e-06
3.88545e-06
4.31678e-06
4.70265e-06
5.05056e-06
5.36605e-06
5.65299e-06
5.91435e-06
6.1526e-06
6.36987e-06
6.5685e-06
6.74694e-06
6.91036e-06
7.06053e-06
7.19947e-06
7.32902e-06
7.45105e-06
7.5676e-06
7.68092e-06
7.79349e-06
7.90809e-06
8.02788e-06
8.15638e-06
8.29751e-06
8.45554e-06
8.63481e-06
8.83937e-06
9.07247e-06
9.33584e-06
9.62842e-06
9.94489e-06
1.02746e-05
1.06055e-05
1.09162e-05
1.11894e-05
1.14146e-05
1.15894e-05
1.17162e-05
1.17984e-05
1.18412e-05
1.18508e-05
1.1834e-05
1.17967e-05
1.17441e-05
1.16811e-05
1.1612e-05
1.15399e-05
1.14671e-05
1.13952e-05
1.13247e-05
1.12585e-05
1.11794e-05
4.88572e-06
1.84733e-06
1.36264e-06
1.46583e-06
1.75754e-06
1.87318e-06
1.79754e-06
1.67371e-06
1.44827e-06
1.10592e-06
6.24264e-07
1.97483e-08
5.04546e-07
1.10162e-06
1.62708e-06
2.09649e-06
2.50846e-06
2.9156e-06
3.20846e-06
3.73727e-06
4.72206e-08
6.5489e-08
5.74643e-07
1.21428e-06
1.79399e-06
2.30261e-06
2.74584e-06
3.1282e-06
3.45755e-06
3.74231e-06
3.98971e-06
4.20583e-06
4.3956e-06
4.56302e-06
4.71124e-06
4.84281e-06
4.95979e-06
5.06384e-06
5.15633e-06
5.23843e-06
5.31112e-06
5.37525e-06
5.43153e-06
5.48058e-06
5.52287e-06
5.55875e-06
5.58846e-06
5.61212e-06
5.62975e-06
5.64118e-06
5.64629e-06
5.64496e-06
5.63703e-06
5.62212e-06
5.59971e-06
5.56927e-06
5.53008e-06
5.48131e-06
5.42199e-06
5.35103e-06
5.26722e-06
5.1693e-06
5.05578e-06
4.92481e-06
4.77419e-06
4.60165e-06
4.40482e-06
4.17991e-06
3.92032e-06
3.61553e-06
3.25242e-06
2.82026e-06
2.28959e-06
1.54269e-06
6.62037e-07
2.87933e-08
1.04848e-06
2.61907e-06
3.81808e-06
7.20056e-06
1.59933e-07
1.68519e-06
1.58525e-06
1.74797e-06
2.03476e-06
2.37054e-06
2.72207e-06
3.07083e-06
3.40702e-06
3.72547e-06
4.02366e-06
4.30052e-06
4.55588e-06
4.79002e-06
5.00349e-06
5.19693e-06
5.37103e-06
5.52645e-06
5.66379e-06
5.78353e-06
5.88606e-06
5.97191e-06
6.04131e-06
6.09429e-06
6.13037e-06
6.14871e-06
6.14852e-06
6.1295e-06
6.0909e-06
6.03108e-06
5.94694e-06
5.83601e-06
5.69541e-06
5.52147e-06
5.30982e-06
5.05552e-06
4.75325e-06
4.39749e-06
3.98295e-06
3.50534e-06
2.96133e-06
2.34117e-06
1.60259e-06
8.09858e-07
4.49696e-08
4.41574e-07
1.23529e-06
1.88093e-06
2.45419e-06
2.87186e-06
3.18728e-06
3.39905e-06
3.50108e-06
3.48414e-06
3.33606e-06
3.03204e-06
2.544e-06
1.84699e-06
9.29939e-07
1.51231e-07
9.55956e-06
9.55293e-06
9.56116e-06
9.56714e-06
9.57154e-06
9.57521e-06
9.57846e-06
9.5815e-06
9.58443e-06
9.58734e-06
9.59027e-06
9.59328e-06
9.5964e-06
9.59967e-06
9.60311e-06
9.60678e-06
9.61072e-06
9.61482e-06
9.61846e-06
9.62093e-06
)
;
    }
    baffle
    {
        type            nutUBlendedWallFunction;
        blending        stepwise;
        Cmu             0.09;
        kappa           0.41;
        E               9.8;
        n               4;
        value           nonuniform List<scalar> 
45
(
4.48766e-06
4.04771e-06
3.9299e-06
3.86556e-06
3.8341e-06
3.80793e-06
3.77448e-06
3.72646e-06
3.6592e-06
3.56917e-06
3.45301e-06
3.3068e-06
3.12509e-06
2.8999e-06
2.62144e-06
2.27937e-06
1.85079e-06
1.29313e-06
7.4277e-07
2.82623e-07
4.51293e-08
3.70669e-06
3.25288e-06
3.08714e-06
1.54288e-06
9.81948e-07
1.34449e-06
1.41576e-06
1.44534e-06
1.44174e-06
1.43915e-06
1.49554e-06
1.63998e-06
1.86389e-06
2.13025e-06
2.39729e-06
2.63074e-06
2.80247e-06
2.88931e-06
2.87207e-06
2.7221e-06
2.38549e-06
1.73035e-06
9.95291e-07
3.44323e-07
)
;
    }
    frontAndBack
    {
        type            empty;
    }
}


// ************************************************************************* //
