/*--------------------------------*- C++ -*----------------------------------*\
| =========                 |                                                 |
| \\      /  F ield         | OpenFOAM: The Open Source CFD Toolbox           |
|  \\    /   O peration     | Version:  v2012                                 |
|   \\  /    A nd           | Website:  www.openfoam.com                      |
|    \\/     M anipulation  |                                                 |
\*---------------------------------------------------------------------------*/
FoamFile
{
    version     2.0;
    format      ascii;
    class       volScalarField;
    location    "622";
    object      omega;
}
// * * * * * * * * * * * * * * * * * * * * * * * * * * * * * * * * * * * * * //

dimensions      [0 0 -1 0 0 0 0];


internalField   nonuniform List<scalar> 
6057
(
96.0729
99.8074
103.889
108.366
113.3
118.769
124.871
131.735
139.527
148.465
158.853
171.107
185.832
203.923
226.763
256.587
297.202
355.503
444.897
593.711
42.7405
44.5777
46.593
48.8113
51.2652
53.997
57.0586
60.5155
64.4508
68.9719
74.219
80.3779
87.6975
96.5154
107.291
120.645
137.384
158.412
184.184
212.299
33.4055
34.9187
36.581
38.415
40.4491
42.7169
45.2611
48.1351
51.4059
55.1594
59.5063
64.5915
70.6079
77.8161
86.5749
97.3896
110.993
128.497
151.72
184.071
30.3401
31.7521
33.3051
35.0204
36.9245
39.0499
41.4367
44.1351
47.2086
50.7388
54.8319
59.6282
65.3174
72.1616
80.5325
90.9754
104.322
121.907
146
180.766
29.2686
30.6465
32.1631
33.8395
35.7015
37.7814
40.1187
42.7633
45.7785
49.2461
53.2732
58.0031
63.6312
70.4315
78.7989
89.3217
102.91
121.028
146.119
182.382
29.2746
30.6507
32.166
33.8414
35.7029
37.7823
40.1193
42.7637
45.7788
49.2463
53.2734
58.0032
63.6312
70.4316
78.7989
89.3217
102.91
121.028
146.119
182.382
30.3623
31.7671
33.3152
35.0273
36.9292
39.0531
41.4388
44.1364
47.2095
50.7394
54.8322
59.6284
65.3176
72.1617
80.5326
90.9754
104.322
121.907
146
180.766
33.463
34.9551
36.6052
38.431
40.4594
42.7236
45.2655
48.138
51.4079
55.1607
59.5071
64.592
70.6082
77.8163
86.5751
97.3897
110.993
128.497
151.72
184.071
42.9052
44.666
46.6488
48.8453
51.287
54.0112
57.0679
60.5216
64.4549
68.9746
74.2208
80.379
87.6983
96.5159
107.291
120.645
137.384
158.412
184.184
212.299
95.9316
99.7217
103.833
108.328
113.274
118.751
124.859
131.727
139.521
148.461
158.85
171.105
185.831
203.922
226.763
256.587
297.202
355.502
444.897
593.711
53.8111
55.2617
56.7083
58.1583
59.619
61.0981
62.604
64.1453
65.7316
67.3728
69.0799
70.8645
72.7393
74.7177
76.8143
79.0392
81.4018
83.9226
86.6244
89.5315
92.6707
25.7018
25.8846
26.1158
26.3972
26.731
27.1191
27.5636
28.0665
28.6297
29.2554
29.9458
30.7034
31.5305
32.43
33.405
34.4599
35.5922
36.8096
38.1212
39.5377
41.0722
19.1247
19.2906
19.506
19.7694
20.0795
20.4353
20.8364
21.2825
21.7742
22.3122
22.8979
23.533
24.2198
24.9609
25.7607
26.6201
27.5438
28.5385
29.6119
30.7731
32.0331
16.6761
16.8888
17.1441
17.4398
17.774
18.1453
18.553
18.9972
19.4782
19.9971
20.5555
21.1555
21.7997
22.4913
23.2339
24.0308
24.8876
25.8107
26.8078
27.8877
29.0608
15.6242
15.8839
16.1804
16.5114
16.8749
17.2699
17.6959
18.153
18.6418
19.1637
19.7204
20.3142
20.9481
21.6256
22.3499
23.1256
23.9588
24.8565
25.8267
26.8781
28.0211
15.2316
15.5426
15.8866
16.2611
16.6644
17.0957
17.5545
18.0413
18.5569
19.1026
19.6803
20.2924
20.9415
21.6306
22.362
23.1408
23.9738
24.8699
25.8385
26.8881
28.0291
15.2533
15.6325
16.0429
16.4819
16.9476
17.439
17.9563
18.5003
19.0727
19.6756
20.3115
20.9828
21.692
22.4397
23.225
24.0485
24.9116
25.8385
26.8384
27.918
29.0884
15.6089
16.0894
16.6015
17.1413
17.7055
18.2925
18.9021
19.5359
20.1982
20.8948
21.6333
22.4223
23.2699
24.1829
25.16
26.2022
27.3182
28.4414
29.5791
30.7871
32.0795
16.2462
16.8825
17.5609
18.2766
19.0247
19.8017
20.6046
21.4319
22.2841
23.1651
24.0849
25.0769
26.1734
27.4219
28.887
30.6165
32.6149
34.7854
36.9221
38.875
40.8401
17.0549
17.8977
18.8122
19.8002
20.8663
22.0181
23.266
24.6225
26.1018
27.7197
29.4924
31.4376
33.5623
35.8612
38.6365
42.1774
46.7154
52.5186
59.8593
69.1604
81.1204
14.274
13.4017
13.5689
15.458
21.2337
25.6207
29.1739
32.1466
34.6569
36.8982
38.9562
40.8783
42.6954
44.4294
46.0964
47.7092
49.2784
50.8131
52.3215
15.0233
10.0196
12.7841
18.2471
22.0539
23.9499
24.8005
25.2237
25.4127
25.4701
25.4743
25.4525
25.4209
25.3911
25.3727
25.3738
25.4016
25.4622
25.561
18.551
12.0484
15.43
18.8736
20.6939
21.3156
21.3608
21.1632
20.8328
20.4585
20.0987
19.7746
19.4974
19.2731
19.1048
18.9942
18.9417
18.9468
19.0083
22.632
14.1011
16.3258
18.184
19.0031
19.1301
18.9228
18.5508
18.107
17.6699
17.2795
16.951
16.6905
16.4993
16.3763
16.319
16.3241
16.3879
16.5066
26.4004
15.3302
16.4273
17.2428
17.537
17.4588
17.1751
16.7804
16.3548
15.9611
15.6277
15.365
15.1752
15.057
15.0072
15.0213
15.0948
15.2229
15.4009
29.1172
15.9996
16.2063
16.4169
16.3786
16.2025
15.9065
15.5445
15.1804
14.8608
14.6062
14.4234
14.3128
14.2716
14.2959
14.381
14.5221
14.714
14.9521
31.0813
16.3132
15.8683
15.7239
15.5069
15.2565
14.9709
14.6604
14.3694
14.13
13.9569
13.8544
13.8219
13.857
13.9561
14.1149
14.3289
14.5933
14.9032
32.6906
16.3917
15.5045
15.1504
14.8417
14.5481
14.2704
14.0138
13.7943
13.632
13.5366
13.5111
13.5555
13.6683
13.8475
14.0902
14.3926
14.7502
15.1577
34.0157
16.3455
15.1562
14.6766
14.3221
14.0117
13.7421
13.5295
13.3738
13.2801
13.2547
13.3004
13.4187
13.6107
13.8767
14.2164
14.6275
15.1066
15.6483
35.1027
16.2509
14.8386
14.2825
13.9052
13.5936
13.3401
13.1571
13.0524
13.0159
13.0497
13.1576
13.3438
13.6126
13.9682
14.413
14.947
15.5681
16.2724
17.6522
18.5846
19.575
20.622
21.7265
22.8921
24.1212
25.4157
26.7747
28.1886
29.622
31.1338
32.7619
34.5352
36.4633
38.4766
40.3591
41.5324
40.4253
37.4983
31.7764
17.4229
18.1387
18.8256
19.467
20.0444
20.5383
20.9141
21.1251
21.1242
21.074
21.0407
20.9694
20.7926
20.5675
20.3341
20.1212
19.6065
18.3826
16.4223
13.7335
13.1235
16.0587
16.2465
16.2794
16.1296
15.7733
15.1926
14.3952
13.4997
12.7671
12.1309
11.6118
11.1503
10.7402
10.4016
10.1499
9.9738
9.807
9.61217
9.56168
9.76875
11.5809
13.6274
13.1145
12.3689
11.4242
10.3587
9.29596
8.38312
7.78098
7.37707
7.11755
6.97377
6.9184
6.94449
7.06585
7.27084
7.56237
7.9596
8.48023
9.15528
10.0972
12.3031
10.6509
9.62014
8.50647
7.44644
6.57218
5.95488
5.62562
5.47684
5.44443
5.48943
5.59674
5.75968
5.97688
6.25583
6.60045
7.02502
7.55816
8.24329
9.15401
10.4867
13.1259
7.94382
6.8784
5.9721
5.30191
4.88102
4.68368
4.64427
4.68346
4.77875
4.91596
5.09144
5.30565
5.56185
5.86722
6.23464
6.68608
7.25937
8.02083
9.08799
10.7299
13.9199
6.01874
5.22326
4.66579
4.33934
4.19115
4.16952
4.22419
4.32063
4.44873
4.6051
4.79029
5.00688
5.25999
5.55882
5.92013
6.3713
6.95799
7.7649
8.94772
10.8513
14.6671
4.83986
4.32274
4.02064
3.88367
3.85595
3.89672
3.97938
4.08894
4.22137
4.37661
4.55629
4.76369
5.00456
5.28905
5.63553
6.07556
6.66141
7.49166
8.75674
10.8839
15.368
4.14471
3.82786
3.67414
3.62825
3.64907
3.71126
3.801
3.91121
4.04081
4.19048
4.3621
4.55894
4.7867
5.05564
5.38468
5.80782
6.3828
7.21892
8.53781
10.8552
16.0275
3.72565
3.53517
3.4602
3.45704
3.49777
3.5671
3.6575
3.76574
3.89157
4.03584
4.20029
4.38789
4.60398
4.85848
5.17007
5.57329
6.13
6.95868
8.30841
10.7858
16.6517
3.45909
3.34307
3.31007
3.32757
3.37682
3.44829
3.53806
3.64432
3.76715
3.90734
4.06634
4.24666
4.45306
4.69487
4.99012
5.37277
5.90682
6.71846
8.0809
10.6905
17.2463
3.27661
3.20476
3.19482
3.22282
3.27584
3.34803
3.43714
3.54208
3.66302
3.80062
3.95595
4.13101
4.32988
4.56103
4.84145
5.20425
5.71401
6.50243
7.86357
10.5804
17.8163
3.14313
3.0981
3.10133
3.13485
3.1897
3.2622
3.35092
3.45519
3.57523
3.71155
3.86488
4.03666
4.2302
4.45291
4.7205
5.06489
5.55044
6.31227
7.66169
10.4632
18.3661
3.04031
3.01203
3.02293
3.05941
3.1152
3.18779
3.27631
3.38038
3.50029
3.63641
3.7892
3.95957
4.14995
4.36656
4.62362
4.95161
5.41412
6.14811
7.47839
10.3446
18.8997
2.95816
2.94046
2.95582
2.9939
3.05001
3.12248
3.21081
3.31493
3.43522
3.57201
3.72553
3.89616
4.08544
4.29827
4.54726
4.86124
5.30265
6.00907
7.31532
10.2288
19.4206
2.89082
2.87985
2.8978
2.9365
2.9924
3.06442
3.15244
3.25666
3.37764
3.51575
3.67104
3.84341
4.0335
4.2448
4.48819
4.79076
5.21351
5.89376
7.17316
10.119
19.9322
2.8349
2.82815
2.84736
2.88589
2.94105
3.01224
3.09969
3.20393
3.32574
3.46561
3.6235
3.79889
3.99148
4.20334
4.44356
4.73737
5.14423
5.80053
7.05196
10.0176
20.4373
2.78827
2.78398
2.80343
2.84111
2.89499
2.96492
3.05149
3.15556
3.27821
3.42013
3.58125
3.76067
3.95723
4.17157
4.41091
4.69861
5.09253
5.72768
6.95144
9.92662
20.939
2.74947
2.74631
2.76519
2.80142
2.85352
2.92177
3.00711
3.1108
3.23423
3.37834
3.54312
3.72737
3.92912
4.14761
4.38822
4.67238
5.05634
5.67354
6.87111
9.84771
21.4401
2.71739
2.71437
2.73201
2.76627
2.81614
2.88232
2.96613
3.06922
3.19334
3.3397
3.50841
3.69806
3.90597
4.13004
4.37384
4.65689
5.03391
5.63663
6.81043
9.7825
21.9437
2.69113
2.68751
2.70338
2.73525
2.78251
2.84633
2.92837
3.03069
3.15539
3.304
3.47677
3.6722
3.88699
4.11784
4.36651
4.65072
5.02375
5.61563
6.76889
9.73261
22.4528
2.66999
2.66523
2.67898
2.70812
2.75248
2.81376
2.89388
2.99531
3.12052
3.27133
3.44823
3.64965
3.87183
4.11035
4.36534
4.65277
5.02468
5.60946
6.74608
9.69972
22.9709
2.65351
2.64729
2.65866
2.68489
2.72618
2.78476
2.86287
2.96336
3.08903
3.24202
3.42304
3.63056
3.86043
4.1073
4.36979
4.6623
5.03584
5.61729
6.74174
9.6857
23.5016
2.64161
2.63371
2.64258
2.66574
2.70389
2.75966
2.83571
2.93526
3.06141
3.21658
3.40172
3.61537
3.85309
4.10872
4.37963
4.67887
5.05667
5.63855
6.75583
9.69301
24.0494
2.63431
2.62452
2.63092
2.65103
2.68591
2.73883
2.81283
2.91152
3.03826
3.1957
3.385
3.60476
3.85035
4.11497
4.39497
4.70236
5.08692
5.67296
6.78853
9.72473
24.6193
2.63155
2.61969
2.6236
2.64081
2.67255
2.72257
2.79466
2.89272
3.02029
3.1802
3.37378
3.59967
3.85306
4.1267
4.41622
4.73297
5.12665
5.72054
6.84035
9.78623
25.2175
2.63318
2.61906
2.62037
2.63472
2.66362
2.71112
2.78159
2.87947
3.00833
3.17109
3.36919
3.60126
3.86231
4.14483
4.44411
4.77123
5.17627
5.78163
6.91193
9.8834
25.8521
2.63892
2.62235
2.62098
2.63246
2.65879
2.70446
2.7741
2.87253
3.00338
3.16958
3.37258
3.61091
3.87944
4.17056
4.47965
4.81802
5.23654
5.85697
7
10.0032
26.5116
2.64852
2.62935
2.62529
2.63411
2.65835
2.70296
2.77278
2.87296
3.00676
3.17718
3.38557
3.6303
3.90605
4.20508
4.52314
4.8731
5.30601
5.9426
7.10069
10.1353
27.1834
2.66189
2.64005
2.63351
2.64022
2.66328
2.70782
2.7789
2.8814
3.01891
3.19425
3.40852
3.65985
3.94275
4.24959
4.5768
4.93854
5.38671
6.04093
7.21558
10.2776
27.8701
2.6793
2.65493
2.64627
2.65141
2.67401
2.71922
2.79252
2.89868
3.04108
3.22241
3.44344
3.7019
3.99207
4.30652
4.64261
5.01614
5.48033
6.1534
7.346
10.4315
28.5702
2.7017
2.67469
2.66412
2.66827
2.69127
2.73833
2.81523
2.9264
3.07511
3.26373
3.49253
3.75873
4.05633
4.37813
4.72269
5.10792
5.58872
6.28189
7.49288
10.5988
29.2827
2.72965
2.70001
2.68792
2.69184
2.71631
2.76669
2.84878
2.96659
3.12323
3.32057
3.55825
3.83284
4.13799
4.46683
4.81938
5.21614
5.71393
6.4283
7.65863
10.7809
30.007
2.76393
2.73183
2.71875
2.72345
2.75077
2.80621
2.89529
3.02162
3.18797
3.3956
3.64331
3.92693
4.23972
4.57524
4.93527
5.34332
5.8583
6.59464
7.84488
10.9785
30.7404
2.80558
2.77133
2.75803
2.76479
2.79672
2.85919
2.95726
3.09419
3.27221
3.49175
3.75065
4.0439
4.36436
4.70614
5.07311
5.49215
6.0243
6.78308
8.05352
11.1925
31.4779
2.85585
2.81991
2.80744
2.818
2.85645
2.92816
3.03753
3.18735
3.37911
3.61221
3.88342
4.1868
4.51486
4.86242
5.23577
5.66545
6.21442
6.99574
8.28618
11.423
32.2113
2.91615
2.87921
2.86897
2.8855
2.9326
3.01606
3.13929
3.30447
3.51209
3.76035
4.04485
4.35874
4.69421
5.04698
5.42616
5.86601
6.43107
7.23448
8.54396
11.6695
32.9287
2.98864
2.95114
2.9447
2.9693
3.02812
3.12616
3.26607
3.44915
3.67469
3.93959
4.2382
4.56278
4.90531
5.26265
5.64706
6.09642
6.6763
7.50053
8.82693
11.93
33.6141
3.07569
3.03865
3.037
3.07271
3.14634
3.26205
3.42159
3.62508
3.87047
4.15326
4.46656
4.80179
5.15083
5.512
5.90098
6.35887
6.95158
7.79398
9.13373
12.2002
34.247
3.17933
3.14461
3.14977
3.19892
3.29082
3.42749
3.6096
3.83589
4.10282
4.40445
4.73273
5.07831
5.43311
5.79722
6.18993
6.65486
7.25746
8.11611
9.46235
12.4662
34.801
3.30167
3.27168
3.28727
3.35254
3.46542
3.62638
3.8339
4.08512
4.37492
4.69601
5.03918
5.39448
5.75398
6.11998
6.51526
6.98501
7.59403
8.46928
9.80577
12.7019
35.2322
3.44495
3.4229
3.45519
3.53868
3.6748
3.86286
4.09846
4.3764
4.69001
5.0307
5.38825
5.75219
6.11495
6.48159
6.87762
7.34873
7.9623
8.84852
10.1517
12.9258
35.5451
3.61148
3.60086
3.6531
3.76051
3.92421
4.14185
4.40783
4.71389
5.05173
5.41166
5.78248
6.15346
6.51758
6.88325
7.2771
7.74414
8.35848
9.24027
10.4864
13.1369
35.7064
3.80406
3.81013
3.88755
4.02409
4.21982
4.47032
4.7678
5.10278
5.46467
5.84284
6.22519
6.60101
6.96421
7.32718
7.71342
8.16918
8.77227
9.62095
10.7825
13.2976
35.7191
4.0265
4.05933
4.16644
4.33704
4.56927
4.85591
5.18643
5.54961
5.9347
6.32938
6.72088
7.0991
7.4599
7.81155
8.18341
8.61784
9.18559
9.95985
11.0044
13.3785
35.5812
4.28331
4.35331
4.49703
4.70794
4.9816
5.30738
5.67215
6.06301
6.46869
6.87786
7.27599
7.65498
8.00933
8.34585
8.68689
9.07626
9.56815
10.2169
11.1137
13.3701
35.309
4.58251
4.69817
4.88914
5.14826
5.46832
5.83524
6.23392
6.65129
7.07613
7.49719
7.90046
8.28195
8.62229
8.92744
9.20932
9.51318
9.87352
10.3442
11.0714
13.2264
34.845
4.94549
5.11396
5.36024
5.67431
6.04409
6.45197
6.88215
7.32354
7.76705
8.20058
8.61097
8.98601
9.30395
9.54448
9.71897
9.87385
10.0358
10.2874
10.8319
12.9746
34.197
5.3776
5.61665
5.92982
6.30543
6.72593
7.17155
7.62896
8.09248
8.55658
9.00892
9.43124
9.79461
10.0455
10.1526
10.1415
10.062
9.97002
9.99786
10.3807
12.5938
33.2614
5.90999
6.23527
6.6252
7.06537
7.53282
8.00944
8.49028
8.97931
9.47367
9.9563
10.3878
10.6887
10.783
10.6521
10.3451
9.95503
9.60766
9.45864
9.84387
12.1625
32.0915
6.583
7.00689
7.47947
7.97981
8.48414
8.98432
9.49241
10.0226
10.5668
11.082
11.4639
11.5914
11.3849
10.867
10.1684
9.4768
8.96704
8.76354
9.27589
11.7416
30.7375
7.43964
7.97425
8.52616
9.07229
9.60064
10.1271
10.6855
11.2867
11.8964
12.3773
12.5657
12.3184
11.6069
10.5875
9.53788
8.66744
8.12567
8.03711
8.73308
11.3574
29.2322
8.54168
9.18133
9.79223
10.3648
10.9169
11.5029
12.1559
12.8646
13.461
13.7207
13.4176
12.494
11.1516
9.74133
8.52876
7.62682
7.14348
7.3388
8.27602
11.0599
27.5781
9.92987
10.652
11.2981
11.8958
12.5188
13.2294
14.0429
14.7672
15.0908
14.6752
13.4496
11.7386
9.98264
8.47493
7.31014
6.56819
6.37177
6.85645
8.06513
11.1869
25.9451
11.6244
12.4004
13.0924
13.7784
14.5684
15.5142
16.3655
16.7039
16.059
14.3707
12.2119
10.1846
8.4817
7.1993
6.29842
5.88467
6.06697
6.77511
8.22285
11.6848
24.3613
13.601
14.4779
15.338
16.2538
17.3954
18.3486
18.5346
17.3963
15.0364
12.3671
10.2024
8.53796
7.30588
6.51548
6.03102
5.921
6.28121
7.13582
8.79699
12.4235
22.7489
15.9389
17.1352
18.451
19.8448
20.7524
20.4075
18.1957
14.8258
11.9497
9.77266
8.63953
7.81625
7.16136
6.69001
6.45632
6.54545
7.01487
7.98511
9.77575
13.2535
21.0364
19.1344
21.0628
23.0051
23.2767
21.3515
17.3945
12.7364
10.4491
9.48652
8.96004
8.57667
8.15986
7.76065
7.4793
7.41773
7.65583
8.22523
9.26233
11.0186
13.9737
19.1088
24.9462
26.3152
25.8706
19.385
13.6145
10.8413
9.48139
9.21395
9.45815
9.70784
9.77841
9.66023
9.42938
9.20199
9.12721
9.38292
9.98165
10.9454
12.3923
14.3877
16.7218
37.9701
21.4438
20.7299
19.9504
18.1304
15.7458
13.3993
12.5908
12.9886
13.8118
14.7115
15.5926
16.4432
17.2806
18.1418
19.0858
19.957
20.5489
20.5817
19.4941
14.1331
36.0554
16.1333
14.5381
13.9327
13.5449
13.2413
13.0077
12.8532
12.7813
12.7896
12.8715
13.0314
13.2767
13.6149
14.0521
14.5905
15.2276
15.9567
16.7683
36.8552
16.0148
14.2682
13.6321
13.241
12.9484
12.7326
12.5986
12.5483
12.5801
12.6918
12.8848
13.1675
13.5471
14.0256
14.5964
15.2442
15.9472
16.6815
37.538
15.9016
14.0216
13.3655
12.9755
12.6932
12.4902
12.367
12.3257
12.3646
12.4839
12.6858
12.9747
13.3506
13.8022
14.3043
14.8211
15.3115
15.7355
38.0969
15.7846
13.7895
13.121
12.7341
12.459
12.2617
12.1391
12.0936
12.1246
12.2315
12.4154
12.6729
12.9883
13.3289
13.646
13.8834
13.9878
13.914
38.5423
15.6634
13.5671
12.8904
12.5064
12.234
12.0348
11.9031
11.8419
11.8513
11.929
12.0696
12.2564
12.4525
12.601
12.6346
12.4913
12.1245
11.5091
38.8862
15.5406
13.3515
12.668
12.2852
12.0108
11.8028
11.6539
11.5684
11.5463
11.5813
11.657
11.7376
11.7641
11.663
11.3664
10.8306
10.0456
9.05105
39.1377
15.4172
13.1411
12.4501
12.0662
11.7854
11.5633
11.3921
11.2776
11.2184
11.201
11.194
11.1411
10.9665
10.5969
9.98871
9.142
8.11576
7.02617
39.3052
15.2934
12.9349
12.235
11.8475
11.5571
11.3177
11.1223
10.9779
10.8797
10.8038
10.7011
10.4977
10.114
9.49835
8.65106
7.63475
6.57081
5.60216
39.3971
15.1695
12.7326
12.022
11.629
11.327
11.0696
10.8512
10.679
10.5426
10.4047
10.1983
9.83953
9.26118
8.45172
7.46441
6.41676
5.45157
4.68097
39.4217
15.0459
12.5343
11.8114
11.4115
11.0978
10.8238
10.5859
10.3902
10.2181
10.0163
9.70315
9.19519
8.45381
7.51469
6.48032
5.49422
4.68007
4.09241
39.3868
14.9231
12.3403
11.604
11.1968
10.8725
10.5851
10.333
10.1191
9.91377
9.64757
9.22891
8.58637
7.72137
6.71389
5.69931
4.81791
4.15055
3.70937
39.2999
14.8016
12.1511
11.4007
10.9866
10.654
10.358
10.0977
9.8709
9.63455
9.30412
8.78487
8.02844
7.0789
6.05082
5.09423
4.32523
3.78361
3.45138
39.1681
14.6819
11.9674
11.2027
10.7828
10.4451
10.1456
9.88341
9.64826
9.38261
8.98905
8.3772
7.52954
6.52831
5.51239
4.6301
3.96379
3.52325
3.26883
38.998
14.5644
11.7897
11.0109
10.5869
10.2478
9.95036
9.69182
9.45195
9.15802
8.70351
8.00848
7.09091
6.06393
5.07989
4.27319
3.6954
3.33345
3.1337
38.7955
14.4494
11.6186
10.8261
10.3999
10.0633
9.77318
9.52321
9.2813
8.96046
8.44729
7.67766
6.71018
5.67652
4.73437
3.99652
3.49285
3.19094
3.02983
38.5659
14.3372
11.4543
10.649
10.2227
9.89227
9.61424
9.37679
9.13533
8.78909
8.21698
7.38322
6.38397
5.35572
4.45776
3.78165
3.33847
3.08143
2.94781
38.3142
14.2279
11.297
10.48
10.0555
9.73488
9.47294
9.25114
9.01184
8.64085
8.01216
7.12473
6.10499
5.09164
4.23677
3.61429
3.21932
2.99585
2.88191
38.0445
14.1216
11.1468
10.3191
9.89857
9.59075
9.34817
9.14459
8.90864
8.51255
7.83141
6.89914
5.86777
4.87566
4.06037
3.4831
3.12661
2.92839
2.82857
37.7605
14.0183
11.0037
10.1663
9.75156
9.45921
9.23843
9.05461
8.823
8.40213
7.67312
6.70361
5.66745
4.70033
3.91944
3.37981
3.05433
2.87512
2.7854
37.4653
13.9178
10.8675
10.0216
9.61411
9.33929
9.14199
8.97872
8.75232
8.30774
7.53567
6.53559
5.49962
4.55818
3.80785
3.29941
2.99827
2.8333
2.75067
37.1615
13.8201
10.7379
9.88462
9.48567
9.22988
9.0571
8.91491
8.69413
8.22768
7.41754
6.39364
5.36009
4.44239
3.72087
3.23803
2.95537
2.80084
2.72304
36.8514
13.725
10.6147
9.75499
9.36562
9.1298
8.982
8.86127
8.64648
8.16043
7.31725
6.27551
5.24557
4.34975
3.65461
3.1923
2.92318
2.77607
2.70146
36.537
13.6324
10.4975
9.63232
9.25327
9.03791
8.91503
8.81595
8.60773
8.10426
7.23335
6.17981
5.15484
4.27827
3.60503
3.15883
2.89977
2.75788
2.68514
36.2197
13.542
10.3861
9.51618
9.14792
8.9531
8.85472
8.77733
8.5765
8.05837
7.16518
6.10432
5.08538
4.22524
3.5697
3.136
2.88432
2.74589
2.67399
35.9008
13.4538
10.2799
9.40612
9.04889
8.87433
8.79977
8.74403
8.55163
8.02199
7.11177
6.04713
5.03492
4.18849
3.54699
3.1228
2.87625
2.73984
2.66791
35.5813
13.3675
10.1788
9.30169
8.9555
8.80066
8.74907
8.71487
8.53211
7.99438
7.07206
6.00655
5.00148
4.16629
3.53569
3.11844
2.87512
2.73949
2.66679
35.262
13.283
10.0823
9.20247
8.86715
8.73128
8.70165
8.68881
8.51703
7.97483
7.04502
5.98101
4.98338
4.15728
3.53482
3.12229
2.88053
2.74457
2.67043
34.9435
13.2002
9.99013
9.10804
8.78327
8.66546
8.65672
8.66496
8.50558
7.96265
7.02963
5.96915
4.97919
4.16037
3.54366
3.13382
2.8921
2.75479
2.67855
34.626
13.119
9.902
9.018
8.70335
8.60258
8.61356
8.64254
8.49699
7.95717
7.02496
5.96969
4.98764
4.17467
3.56162
3.15265
2.90954
2.76987
2.69089
34.3097
13.0393
9.81768
8.93201
8.62694
8.54211
8.5716
8.62086
8.49058
7.95773
7.03014
5.98153
5.00769
4.19945
3.58826
3.17846
2.93263
2.78964
2.70727
33.9959
12.9613
9.73682
8.84979
8.55365
8.48362
8.53036
8.59927
8.48559
7.96367
7.04448
6.0037
5.03846
4.23414
3.62324
3.21108
2.96132
2.81416
2.72777
33.6842
12.8841
9.65957
8.7713
8.48342
8.42705
8.48952
8.57652
8.48006
7.97415
7.06865
6.03587
5.07936
4.2784
3.66613
3.25035
2.99595
2.84409
2.75361
33.3815
12.8162
9.58748
8.69693
8.41617
8.3721
8.44875
8.55223
8.47288
7.98618
7.09893
6.07732
5.13061
4.33265
3.71925
3.29921
3.0386
2.88074
2.78531
33.0867
12.7569
9.52032
8.62641
8.35166
8.3185
8.40779
8.5261
8.46371
7.99846
7.13391
6.12711
5.19126
4.39729
3.78275
3.35761
3.08957
2.92462
2.82354
32.7986
12.7048
9.45786
8.55953
8.28962
8.26602
8.36644
8.49791
8.45224
8.01052
7.1728
6.18425
5.26052
4.47165
3.8563
3.42564
3.14929
2.97645
2.86924
32.5165
12.659
9.39997
8.4961
8.22989
8.21449
8.32454
8.46753
8.43823
8.02191
7.21484
6.24787
5.33764
4.55511
3.93958
3.50346
3.21838
3.03715
2.92352
32.2395
12.6186
9.3465
8.43599
8.17229
8.16376
8.282
8.43488
8.42151
8.03219
7.25939
6.31721
5.42185
4.64705
4.03232
3.59129
3.29755
3.10781
2.98775
31.9671
12.5832
9.29728
8.3791
8.11672
8.11375
8.23876
8.39995
8.40195
8.04097
7.30583
6.39173
5.51242
4.74691
4.13425
3.68938
3.38757
3.18971
3.06358
31.6984
12.5525
9.25213
8.32533
8.06309
8.0644
8.19483
8.36279
8.37951
8.0479
7.35358
6.47122
5.60877
4.85432
4.24527
3.79805
3.48931
3.28428
3.15287
31.433
12.5261
9.2109
8.27459
8.01135
8.0157
8.15023
8.3235
8.35417
8.05259
7.40054
6.55453
5.71125
4.96897
4.36595
3.91771
3.60372
3.39279
3.25763
31.1704
12.5035
9.17345
8.22681
7.96147
7.96766
8.10503
8.28225
8.32602
8.05475
7.44597
6.64019
5.81971
5.09053
4.49601
4.04879
3.73171
3.51699
3.37937
30.9101
12.4843
9.13963
8.18192
7.91343
7.92033
8.05936
8.23925
8.2952
8.05415
7.48934
6.72582
5.93283
5.21988
4.63547
4.19201
3.87424
3.65778
3.51975
30.6516
12.468
9.10928
8.13988
7.86725
7.87378
8.01335
8.19476
8.26194
8.05069
7.53018
6.81074
6.04911
5.356
4.78442
4.34735
4.03191
3.81612
3.68041
30.3945
12.4544
9.08226
8.10062
7.82296
7.82811
7.9672
8.14912
8.22656
8.04439
7.56817
6.8943
6.16751
5.49803
4.94271
4.51521
4.20472
3.99301
3.86312
30.1387
12.4428
9.05837
8.06411
7.7806
7.78345
7.92113
8.10268
8.18947
8.03543
7.60313
6.976
6.2872
5.64584
5.11004
4.69528
4.39335
4.18971
4.07007
29.8836
12.4328
9.03741
8.03028
7.74023
7.73996
7.8754
8.0559
8.15119
8.02415
7.63511
7.05554
6.40766
5.79855
5.28662
4.88783
4.59882
4.40805
4.30427
29.6292
12.4238
9.01913
7.99906
7.7019
7.6978
7.83032
8.00925
8.11233
8.01109
7.66439
7.13297
6.5296
5.95671
5.47198
5.09386
4.82295
4.651
4.57052
29.3751
12.4153
9.00323
7.97036
7.66566
7.65715
7.78621
7.96328
8.07362
7.99701
7.69159
7.20877
6.65284
6.12124
5.66759
5.31549
5.06894
4.92356
4.87742
29.1212
12.4066
8.98936
7.94403
7.63156
7.61822
7.74342
7.91858
8.0359
7.98287
7.71766
7.28458
6.77968
6.29285
5.87586
5.55625
5.34206
5.23371
5.23706
28.8675
12.3968
8.9771
7.91992
7.59961
7.58115
7.70233
7.87578
8.0001
7.96982
7.74398
7.36171
6.91242
6.47444
6.10061
5.82169
5.65062
5.59514
5.67946
28.6138
12.3852
8.96598
7.8978
7.56977
7.5461
7.66328
7.83554
7.96717
7.95922
7.77257
7.44353
7.05382
6.67017
6.34754
6.12013
6.00745
6.02924
6.23941
28.3601
12.3709
8.95544
7.87739
7.54196
7.51317
7.62657
7.79847
7.93813
7.95253
7.80563
7.53438
7.20768
6.88559
6.62463
6.46389
6.43317
6.57867
6.94984
28.1066
12.353
8.94486
7.85836
7.51604
7.48235
7.59255
7.7652
7.91391
7.95127
7.84523
7.63704
7.37909
7.12836
6.94308
6.87131
6.96133
7.32321
7.89355
27.8534
12.3304
8.93358
7.84031
7.4918
7.45363
7.56148
7.73623
7.89538
7.95704
7.89518
7.75473
7.57338
7.40681
7.31819
7.36972
7.646
8.29458
9.12394
27.6006
12.3023
8.92086
7.82277
7.46893
7.42687
7.53344
7.71187
7.88326
7.9712
7.95946
7.89109
7.79632
7.73149
7.77031
8.00121
8.62432
9.61767
10.6975
27.3485
12.2678
8.90596
7.80519
7.44708
7.40188
7.50837
7.69227
7.87793
7.9946
8.0389
8.04915
8.05377
8.11494
8.32449
8.80922
9.87178
11.3014
12.5603
27.0976
12.2259
8.88813
7.787
7.42579
7.37834
7.48604
7.67727
7.87941
8.02749
8.13352
8.2306
8.35083
8.57007
9.01165
9.90503
11.5009
13.2804
14.5572
26.8481
12.1759
8.86666
7.76763
7.40458
7.35586
7.46608
7.66644
7.88726
8.06942
8.24217
8.43504
8.68949
9.10302
9.84094
11.2423
13.42
15.1852
16.5195
26.6006
12.1171
8.84095
7.74649
7.38294
7.33396
7.44794
7.65905
7.90048
8.11902
8.36202
8.65854
9.06369
9.70036
10.7745
12.6801
15.2661
16.5723
18.6563
26.3558
12.0487
8.81057
7.72322
7.36048
7.31223
7.43099
7.65404
7.91736
8.17345
8.48733
8.89091
9.45283
10.3171
11.7203
14.0232
16.5851
17.5909
21.3558
26.1645
11.9889
8.78285
7.70273
7.34149
7.29443
7.41765
7.65099
7.93274
8.22
8.59097
9.08203
9.76944
10.8079
12.4694
14.9362
17.4318
18.9191
23.9386
25.9755
11.925
8.75207
7.68053
7.3216
7.27629
7.40436
7.64822
7.94841
8.26611
8.69041
9.26039
10.0478
11.1909
12.9434
15.2349
17.9218
19.2934
17.7948
25.7886
11.8566
8.71794
7.65619
7.30028
7.25722
7.39047
7.645
7.96364
8.31102
8.78414
9.42024
10.2708
11.4263
13.0374
14.9811
17.7115
17.9215
17.5858
17.2029
16.1128
15.7537
15.7359
15.8578
16.0412
16.2415
16.4366
16.6136
16.7651
16.8857
16.9701
17.0112
16.9978
16.9088
16.703
16.2993
15.5572
14.3711
12.3066
5.45788
6.96913
6.2354
6.14471
6.15083
6.19431
6.25271
6.32339
6.40758
6.50738
6.62533
6.7645
6.92897
7.12412
7.35693
7.63587
7.96927
8.35772
8.76832
9.10367
9.15544
8.36834
5.12215
4.78802
4.70481
4.70222
4.74562
4.81526
4.90673
5.01925
5.15363
5.31167
5.4962
5.71136
5.96323
6.26078
6.61743
7.05274
7.59246
8.2615
9.0643
9.9365
10.1872
4.41657
4.18589
4.11505
4.11673
4.15983
4.22742
4.31678
4.42794
4.56113
4.71776
4.90052
5.11367
5.36384
5.66133
6.02222
6.47172
7.04835
7.80685
8.82526
10.1644
11.4953
3.96491
3.79496
3.73345
3.73148
3.76536
3.82615
3.90744
4.01031
4.13484
4.28227
4.45514
4.65777
4.89696
5.18352
5.5349
5.97946
6.56352
7.36389
8.50595
10.1572
12.4892
3.64744
3.49803
3.43808
3.42991
3.45527
3.5077
3.5812
3.67596
3.79192
3.93013
4.09302
4.28475
4.51206
4.78579
5.12364
5.5551
6.13085
6.94203
8.14302
10.029
13.2948
3.39759
3.25933
3.19932
3.18471
3.20301
3.24846
3.31665
3.40518
3.51427
3.64484
3.79909
3.98096
4.19699
4.45779
4.78092
5.1961
5.75634
6.55792
7.7868
9.84665
13.9793
3.19676
3.06544
3.00481
2.98561
2.99892
3.03939
3.10359
3.18752
3.2913
3.41565
3.56253
3.73565
3.94123
4.18961
4.49803
4.89627
5.43766
6.22408
7.46404
9.65588
14.5805
3.03591
2.90891
2.84713
2.82524
2.83554
2.8729
2.93381
3.01429
3.1139
3.23311
3.37365
3.53895
3.73493
3.97158
4.26581
4.64714
5.1695
5.9383
7.17974
9.47382
15.1183
2.90849
2.78293
2.72003
2.69701
2.70588
2.74137
2.79992
2.8778
2.97404
3.0889
3.22389
3.38217
3.56934
3.79501
4.07572
4.44078
4.94446
5.69489
6.93226
9.3069
15.6062
2.80799
2.68172
2.61843
2.59545
2.60398
2.63851
2.69542
2.77126
2.86471
2.9758
3.10588
3.25784
3.43695
3.6524
3.92037
4.26994
4.75564
5.48773
6.71773
9.15669
16.0537
2.7292
2.60123
2.53808
2.51586
2.52476
2.55892
2.61467
2.68884
2.77987
2.88765
3.01336
3.15963
3.33139
3.53741
3.79347
4.12841
4.59699
5.31122
6.53187
9.02274
16.4682
2.66812
2.53816
2.47539
2.45427
2.46386
2.49796
2.55284
2.62554
2.71439
2.81921
2.94102
3.08221
3.24733
3.44471
3.68971
4.01095
4.4634
5.16052
6.3707
8.90388
16.8553
2.62164
2.48967
2.42729
2.40728
2.41762
2.45174
2.50583
2.57712
2.66395
2.76609
2.88443
3.02113
3.18034
3.3699
3.60471
3.91318
4.35055
5.03151
6.23075
8.79873
17.2196
2.58746
2.45335
2.39119
2.37208
2.38297
2.41699
2.47023
2.54008
2.62496
2.72463
2.83991
2.97271
3.12675
3.30933
3.53483
3.8315
4.25488
4.92074
6.109
8.70596
17.5648
2.56395
2.42742
2.36499
2.3463
2.3574
2.39105
2.44325
2.51154
2.59446
2.69185
2.80443
2.93391
3.08356
3.26002
3.47712
3.76295
4.17343
4.82535
6.00295
8.62435
17.8941
2.54973
2.41039
2.34696
2.32807
2.33888
2.37177
2.42265
2.4892
2.57011
2.66531
2.77552
2.90226
3.0483
3.21955
3.42918
3.70513
4.10382
4.74297
5.91046
8.55285
18.2102
2.5437
2.40103
2.33575
2.31589
2.3258
2.35747
2.40671
2.47129
2.55007
2.64311
2.75123
2.87574
3.01896
3.18595
3.38907
3.65612
4.04409
4.67165
5.82975
8.49053
18.5156
2.54471
2.39822
2.33024
2.30859
2.31694
2.34691
2.39415
2.45647
2.53293
2.62381
2.73
2.85277
2.99392
3.15762
3.35524
3.61438
3.99267
4.60976
5.75929
8.43661
18.8123
2.55172
2.40105
2.32955
2.30529
2.31143
2.3392
2.38405
2.4438
2.51773
2.60633
2.71068
2.83204
2.97188
3.13335
3.32651
3.57868
3.94824
4.55591
5.69775
8.39036
19.1025
2.5638
2.40871
2.33293
2.30536
2.30869
2.33375
2.3758
2.43266
2.50379
2.5899
2.69232
2.81252
2.95175
3.11212
3.30195
3.54798
3.90966
4.50889
5.64395
8.35114
19.3879
2.57987
2.42068
2.34
2.30843
2.30831
2.33019
2.36904
2.42269
2.49068
2.57396
2.6742
2.79339
2.93257
3.0925
3.28021
3.52126
3.87584
4.46756
5.59684
8.31832
19.6704
2.59899
2.43661
2.35064
2.31417
2.31011
2.32841
2.3637
2.41374
2.47812
2.55809
2.65608
2.77426
2.91314
3.07285
3.25954
3.49712
3.84573
4.43093
5.55548
8.29133
19.9516
2.62134
2.45593
2.36444
2.32268
2.31419
2.32847
2.35976
2.40566
2.46594
2.54229
2.63747
2.75396
2.89239
3.05233
3.23886
3.47448
3.81862
4.39821
5.51913
8.26973
20.2333
2.64733
2.47841
2.38135
2.33398
2.32051
2.33022
2.357
2.39823
2.45382
2.52582
2.61748
2.73185
2.86983
3.03052
3.21767
3.4528
3.79406
4.36882
5.48722
8.2532
20.5173
2.67726
2.5044
2.40146
2.34798
2.32885
2.33325
2.35477
2.39067
2.44103
2.50822
2.59597
2.70788
2.84537
3.00731
3.19608
3.43183
3.7714
4.3424
5.45937
8.24163
20.8054
2.71171
2.53425
2.42492
2.3646
2.33894
2.33715
2.35268
2.38278
2.42763
2.48979
2.57338
2.68251
2.8193
2.98279
3.17407
3.41152
3.75048
4.31876
5.4354
8.23519
21.0994
2.75047
2.56863
2.45224
2.38412
2.35091
2.34209
2.35107
2.37508
2.41429
2.47134
2.55055
2.65649
2.79218
2.95721
3.15163
3.39182
3.73123
4.29784
5.41527
8.23432
21.4015
2.79208
2.60607
2.48275
2.40646
2.36509
2.34867
2.3507
2.36844
2.40196
2.45381
2.52844
2.63072
2.76469
2.93091
3.12881
3.37267
3.7136
4.27966
5.39906
8.23969
21.714
2.83611
2.64561
2.51564
2.43121
2.38146
2.35725
2.35227
2.36382
2.39178
2.43842
2.50805
2.60611
2.73754
2.90434
3.10572
3.35396
3.69754
4.26432
5.38698
8.2523
22.0395
2.88274
2.68747
2.5505
2.45809
2.40014
2.36819
2.35631
2.36172
2.38416
2.42562
2.49028
2.58389
2.71221
2.87833
3.08252
3.33561
3.68304
4.25199
5.37931
8.27412
22.3814
2.9317
2.73213
2.58819
2.4876
2.4214
2.38187
2.36327
2.36265
2.37958
2.41578
2.47531
2.56411
2.68872
2.85362
3.06021
3.31811
3.67047
4.24303
5.37632
8.30667
22.7434
2.9828
2.77953
2.62901
2.52049
2.44604
2.39882
2.37349
2.36693
2.37836
2.40924
2.46347
2.54713
2.66742
2.83025
3.03847
3.30094
3.65886
4.23613
5.37587
8.34446
23.1175
3.03581
2.82959
2.67307
2.55697
2.47444
2.41957
2.38738
2.37478
2.38075
2.4063
2.45513
2.53337
2.64881
2.8087
3.0176
3.28433
3.64815
4.23063
5.37689
8.38344
23.5013
3.09045
2.88214
2.72035
2.59721
2.50689
2.44437
2.40527
2.38651
2.38698
2.40725
2.45065
2.52332
2.63346
2.78956
2.99811
3.26857
3.63849
4.22661
5.37949
8.42364
23.8953
3.1464
2.93696
2.77078
2.64129
2.54359
2.47356
2.42746
2.40243
2.39738
2.41242
2.45046
2.51749
2.622
2.77352
2.98058
3.25402
3.63014
4.2243
5.38399
8.46531
24.3008
3.20331
2.9938
2.82421
2.68922
2.58475
2.50748
2.45439
2.42299
2.41235
2.42224
2.45504
2.51643
2.61504
2.76127
2.96568
3.24112
3.62335
4.22396
5.3908
8.50878
24.719
3.26081
3.05232
2.88041
2.7409
2.63044
2.5464
2.48651
2.44868
2.43241
2.43721
2.46495
2.52068
2.61318
2.75351
2.95411
3.23041
3.61847
4.22593
5.40042
8.55449
25.1507
3.31849
3.11216
2.93909
2.79615
2.68065
2.59052
2.52418
2.48006
2.45808
2.45779
2.48054
2.53082
2.61703
2.75094
2.94664
3.22251
3.61588
4.23059
5.41352
8.60296
25.597
3.37598
3.17292
2.99988
2.85467
2.7352
2.63987
2.56767
2.51769
2.48986
2.48437
2.50228
2.54733
2.62717
2.75427
2.94409
3.21818
3.61602
4.23838
5.43092
8.65481
26.0588
3.4329
3.23416
3.06237
2.91609
2.79381
2.6943
2.617
2.56163
2.52809
2.51742
2.53058
2.57049
2.64417
2.76419
2.94735
3.2183
3.61937
4.2498
5.45362
8.71074
26.5372
3.4889
3.29548
3.12608
2.97994
2.85605
2.75349
2.67202
2.61178
2.57292
2.55723
2.56567
2.6007
2.66854
2.78132
2.95731
3.22388
3.62639
4.26527
5.48284
8.77141
27.0335
3.54371
3.35647
3.19055
3.04572
2.92141
2.817
2.73241
2.66812
2.62449
2.60405
2.60792
2.63825
2.70042
2.80612
2.97483
3.23617
3.63864
4.28573
5.5181
8.83742
27.5493
3.59707
3.41676
3.25531
3.11289
2.98933
2.88424
2.7977
2.73035
2.68273
2.65798
2.65747
2.68322
2.73989
2.83899
3.00075
3.25649
3.65787
4.31205
5.55862
8.90961
28.0866
3.64884
3.47606
3.31993
3.18092
3.05919
2.95458
2.86726
2.79801
2.74753
2.719
2.71436
2.7356
2.78704
2.88028
3.03587
3.28611
3.68537
4.34466
5.60419
8.98947
28.6471
3.69891
3.53412
3.38403
3.24933
3.13041
3.02735
2.94041
2.87049
2.81889
2.78691
2.77841
2.7953
2.84194
2.93032
3.08092
3.32625
3.72232
4.38368
5.65449
9.0793
29.2338
3.74734
3.5907
3.44725
3.31764
3.20243
3.10189
3.0164
2.94685
2.89465
2.86065
2.84907
2.86205
2.90462
2.98944
3.13651
3.37787
3.76986
4.42865
5.70811
9.18281
29.8516
3.79453
3.64591
3.50926
3.38545
3.27474
3.17761
3.09453
3.0264
2.97459
2.93981
2.92599
2.93562
2.97528
3.05798
3.20298
3.4415
3.82945
4.48454
5.77045
9.29083
30.51
3.84065
3.70032
3.57044
3.45254
3.34701
3.25404
3.17423
3.10848
3.05819
3.0246
3.00896
3.01608
3.05424
3.13615
3.28034
3.51721
3.90193
4.55412
5.84395
9.39903
31.2156
3.88617
3.75432
3.63147
3.51936
3.41914
3.33094
3.2551
3.19255
3.14461
3.11254
3.09667
3.10313
3.14144
3.2238
3.36832
3.60483
3.98774
4.63878
5.92967
9.50544
31.9714
3.93168
3.80833
3.69287
3.58677
3.49159
3.40834
3.33701
3.27831
3.2334
3.20345
3.18929
3.19667
3.2365
3.32047
3.4665
3.70422
4.08745
4.73988
6.02848
9.60704
32.7758
3.97799
3.86302
3.75509
3.65549
3.56551
3.48673
3.42015
3.3657
3.3243
3.29709
3.28608
3.29643
3.339
3.42566
3.57451
3.81545
4.20198
4.85909
6.1422
9.69904
33.6119
4.02614
3.91927
3.81883
3.72595
3.64178
3.56757
3.50503
3.45504
3.41745
3.39323
3.38646
3.4033
3.44923
3.5395
3.69252
3.93901
4.33293
4.99931
6.27277
9.75882
34.4114
4.07747
3.97829
3.8851
3.79894
3.72083
3.65188
3.59341
3.54704
3.5133
3.49274
3.4904
3.51233
3.56653
3.66267
3.8211
4.07606
4.48301
5.16758
6.44278
9.83885
35.1849
4.13361
4.04156
3.95521
3.87552
3.80342
3.73994
3.68616
3.64332
3.61259
3.59624
3.59823
3.62467
3.68431
3.79
3.96201
4.23259
4.66113
5.37687
6.67513
10.0095
36.0829
4.19651
4.11087
4.03077
3.95708
3.89066
3.83245
3.78339
3.74449
3.71684
3.70407
3.70994
3.74039
3.80451
3.91621
4.09777
4.38655
4.84884
5.62709
7.02546
10.3783
37.529
4.26848
4.18837
4.11372
4.04532
3.98396
3.93049
3.88575
3.85047
3.8264
3.81671
3.82567
3.8593
3.92691
4.04318
4.23209
4.53481
5.02492
5.85633
7.36726
10.8431
39.2722
4.35222
4.27658
4.20639
4.14234
4.08516
4.03561
3.99444
3.96227
3.94129
3.93425
3.9454
3.98104
4.05065
4.16952
4.36316
4.67643
5.19176
6.07955
7.74517
11.5523
41.0347
4.45105
4.3786
4.31166
4.25081
4.1967
4.15
4.11138
4.08158
4.06265
4.05727
4.06951
4.10555
4.17501
4.29345
4.48739
4.80494
5.33641
6.27947
8.04937
12.2653
43.2866
4.56899
4.4982
4.43308
4.37406
4.32169
4.27653
4.23919
4.21055
4.19236
4.18717
4.19887
4.2333
4.29977
4.41358
4.60105
4.91215
5.43958
6.43194
8.29494
14.9139
45.6966
25.5558
11.7629
8.6704
7.62276
7.27173
7.23215
7.37204
7.63959
7.98025
8.36149
8.8845
9.5756
10.4425
11.4913
12.7103
14.269
15.6309
15.0071
15.2306
25.3275
11.6604
8.61757
7.58581
7.24061
7.20502
7.35157
7.63159
7.9931
8.40468
8.96377
9.67728
10.4965
11.3324
12.0073
12.3403
11.7827
9.95045
8.31983
25.1044
11.5504
8.55983
7.54557
7.20706
7.17591
7.32891
7.62042
8.00095
8.43807
9.01676
9.71954
10.4434
11.0268
11.1802
10.5284
9.24856
7.5751
6.15827
24.8869
11.4342
8.49769
7.50222
7.17112
7.14478
7.30388
7.60578
8.00325
8.46058
9.04189
9.70455
10.3017
10.6199
10.3168
9.16489
7.3462
5.9143
4.97603
24.6755
11.3128
8.4317
7.45604
7.13294
7.11168
7.27646
7.58758
7.99974
8.47147
9.03864
9.63665
10.0892
10.1464
9.52055
8.25066
6.51815
5.09886
4.34351
24.4704
11.1872
8.36243
7.40739
7.09273
7.07671
7.24686
7.56604
7.99024
8.47003
9.00723
9.52209
9.82133
9.65229
8.83059
7.57003
5.96857
4.63014
3.96355
24.2719
11.059
8.29049
7.35664
7.05074
7.04
7.21535
7.54138
7.97464
8.45566
8.94938
9.36958
9.51716
9.17451
8.27087
7.046
5.5634
4.29987
3.6819
24.08
10.9293
8.21649
7.30415
7.00724
7.00181
7.18216
7.5138
7.95287
8.42776
8.87001
9.18832
9.20085
8.73774
7.81305
6.62359
5.2476
4.05817
3.46546
23.8949
10.7991
8.14105
7.25028
6.9625
6.96237
7.14753
7.48342
7.92483
8.38653
8.77356
8.98774
8.89058
8.34763
7.42541
6.27215
4.98735
3.88219
3.30003
23.7165
10.6694
8.06478
7.19541
6.91679
6.92191
7.11161
7.45042
7.89059
8.33286
8.6619
8.77899
8.5945
8.00127
7.09218
5.97368
4.76884
3.75015
3.17399
23.545
10.541
7.9882
7.13989
6.87036
6.88064
7.07439
7.41508
7.85057
8.26823
8.53781
8.57205
8.31583
7.69567
6.80544
5.71951
4.58651
3.64595
3.07772
23.38
10.4148
7.91181
7.08404
6.82347
6.83876
7.03605
7.37754
7.80489
8.1938
8.40544
8.3709
8.05714
7.42717
6.55744
5.50582
4.43398
3.55875
3.0037
23.2215
10.2913
7.83601
7.02815
6.77634
6.79646
6.99673
7.33775
7.75372
8.11082
8.26858
8.17706
7.82012
7.18906
6.34058
5.32479
4.30655
3.48684
2.94694
23.0694
10.1712
7.76119
6.97249
6.72915
6.75386
6.95652
7.29554
7.69756
8.02085
8.13051
7.99218
7.60378
6.97534
6.14971
5.17091
4.20192
3.42813
2.90313
22.9232
10.0551
7.68763
6.91727
6.68207
6.71109
6.91547
7.25081
7.6367
7.92608
7.99319
7.81671
7.40564
6.78296
5.98126
5.03984
4.11638
3.38114
2.87064
22.7829
9.94326
7.61559
6.86268
6.63526
6.66825
6.87363
7.20371
7.57162
7.82815
7.85794
7.65081
7.22424
6.60914
5.83193
4.92801
4.04667
3.34463
2.84818
22.648
9.83615
7.5453
6.80888
6.58883
6.62541
6.83103
7.15434
7.50299
7.72819
7.7257
7.49434
7.05781
6.45184
5.69955
4.83252
3.99028
3.31745
2.83446
22.5182
9.73405
7.47692
6.756
6.54288
6.58261
6.78765
7.10285
7.43141
7.62723
7.59715
7.34699
6.90486
6.30941
5.58208
4.75103
3.9452
3.29834
2.82838
22.3932
9.6372
7.4106
6.70414
6.49747
6.53985
6.74346
7.04937
7.35748
7.52612
7.47279
7.20836
6.76417
6.18033
5.47782
4.68159
3.90979
3.28629
2.82889
22.2726
9.54578
7.34647
6.6534
6.45265
6.49714
6.69844
6.99404
7.28172
7.42546
7.35296
7.07808
6.63467
6.06326
5.38519
4.62264
3.88275
3.28045
2.83494
22.1561
9.45996
7.28463
6.60383
6.40845
6.45445
6.65258
6.93703
7.20458
7.32575
7.2375
6.95608
6.51554
5.95704
5.30284
4.57292
3.86305
3.28004
2.84553
22.0431
9.37987
7.22518
6.55549
6.36489
6.41177
6.60588
6.87851
7.12648
7.22732
7.12612
6.84201
6.40621
5.86075
5.22963
4.53137
3.85043
3.2844
2.85947
21.9334
9.3056
7.1682
6.50843
6.32196
6.36907
6.55835
6.81865
7.04775
7.13041
7.01878
6.73398
6.3071
5.77394
5.16469
4.49714
3.8442
3.29387
2.8765
21.8265
9.23724
7.11379
6.46269
6.27968
6.32632
6.51
6.75763
6.96868
7.0352
6.91536
6.63161
6.21547
5.6971
5.10764
4.46962
3.84379
3.3085
2.89725
21.7219
9.17489
7.06203
6.4183
6.23804
6.28351
6.46088
6.6956
6.88951
6.94179
6.81573
6.53455
6.13005
5.62693
5.05945
4.44876
3.84903
3.32801
2.92244
21.6194
9.11863
7.013
6.37531
6.19704
6.24062
6.41102
6.63271
6.81044
6.85022
6.71971
6.44234
6.04948
5.56258
5.0168
4.43509
3.86078
3.35256
2.95215
21.5184
9.06854
6.96682
6.33376
6.15668
6.19764
6.36047
6.56911
6.73161
6.76051
6.6271
6.3546
5.9736
5.50392
4.97915
4.42436
3.87621
3.38293
2.98721
21.4186
9.02474
6.92359
6.29369
6.11696
6.15458
6.30929
6.50494
6.65313
6.67263
6.53769
6.27097
5.90217
5.45061
4.94612
4.41617
3.89372
3.41581
3.02577
21.3195
8.98735
6.88344
6.25517
6.07791
6.11146
6.25754
6.44031
6.57511
6.58652
6.45125
6.19112
5.83489
5.40224
4.91738
4.41025
3.91244
3.45035
3.06694
21.2207
8.95652
6.84653
6.21827
6.03956
6.0683
6.20531
6.37534
6.49762
6.50212
6.36757
6.11472
5.77136
5.35746
4.89294
4.40743
3.93133
3.48603
3.11096
21.1217
8.93236
6.81302
6.18308
6.00194
6.02515
6.15267
6.31015
6.4207
6.41935
6.28643
6.04145
5.71117
5.31547
4.87247
4.40795
3.95061
3.5223
3.15703
21.0221
8.91483
6.78317
6.14972
5.96513
5.98209
6.09974
6.24485
6.34442
6.33812
6.20761
5.971
5.65392
5.27602
4.85446
4.41124
3.97155
3.55942
3.20472
20.9216
8.90362
6.75715
6.11836
5.92923
5.93919
6.04663
6.17956
6.26881
6.25836
6.1309
5.90307
5.59928
5.23878
4.83786
4.41568
3.99465
3.5985
3.25392
20.8195
8.89908
6.73516
6.08915
5.89436
5.89659
5.99347
6.1144
6.19392
6.18
6.05612
5.8374
5.54692
5.20345
4.82247
4.42099
4.019
3.63883
3.30435
20.7155
8.90146
6.71746
6.06232
5.86067
5.85444
5.94042
6.04952
6.11982
6.10297
5.9831
5.77371
5.49655
5.16975
4.80808
4.42687
4.04398
3.67981
3.35566
20.6091
8.91094
6.70436
6.03809
5.82837
5.8129
5.88767
5.98506
6.04658
6.02724
5.91168
5.71179
5.44788
5.1374
4.79446
4.43304
4.06908
3.72091
3.40745
20.4996
8.92767
6.6962
6.01675
5.79767
5.77219
5.83542
5.9212
5.9743
5.95279
5.84174
5.65144
5.40068
5.10617
4.78141
4.43922
4.0939
3.76169
3.45933
20.3866
8.95189
6.69338
5.99863
5.76886
5.73257
5.78391
5.85816
5.90309
5.87963
5.7732
5.59247
5.35473
5.07585
4.7687
4.44519
4.1181
3.80176
3.5109
20.2696
8.98383
6.69637
5.98412
5.74227
5.69433
5.73343
5.79616
5.83312
5.80782
5.706
5.53477
5.30985
5.04622
4.75617
4.45074
4.14143
3.84081
3.5618
20.1479
9.02379
6.70569
5.97369
5.71828
5.65784
5.68431
5.73549
5.76458
5.73747
5.64015
5.47824
5.2659
5.01715
4.74365
4.45571
4.16366
3.87857
3.6117
20.0209
9.07204
6.72194
5.96789
5.69737
5.62351
5.63693
5.67648
5.69772
5.66871
5.57569
5.42285
5.22279
4.9885
4.73102
4.45996
4.18466
3.91482
3.66032
19.8881
9.12892
6.74579
5.96734
5.68007
5.59183
5.59174
5.61952
5.63286
5.60177
5.51274
5.36862
5.18046
4.96021
4.71821
4.46342
4.20432
3.94944
3.7074
19.7487
9.19477
6.77801
5.97276
5.66703
5.56338
5.54926
5.56507
5.57037
5.53693
5.45149
5.31566
5.13896
4.93226
4.70518
4.46606
4.22259
3.98232
3.7528
19.6021
9.26997
6.81945
5.98501
5.65899
5.53882
5.51009
5.51366
5.5107
5.47456
5.39221
5.26413
5.09837
4.9047
4.69197
4.4679
4.23949
4.01345
3.79639
19.4474
9.35493
6.87108
6.00504
5.65682
5.51892
5.47493
5.46591
5.45441
5.41512
5.33527
5.21431
5.0589
4.87765
4.67866
4.46902
4.2551
4.04287
3.83813
19.2839
9.45008
6.93399
6.03399
5.66151
5.50459
5.44459
5.42256
5.40213
5.35917
5.28115
5.16659
5.02082
4.85135
4.66545
4.4696
4.26957
4.07069
3.87809
19.1106
9.55589
7.00942
6.07313
5.67424
5.49685
5.42
5.38445
5.35463
5.30741
5.23045
5.12147
4.98456
4.82612
4.65261
4.46987
4.28312
4.09712
3.91645
18.9267
9.67286
7.09872
6.12396
5.69636
5.49692
5.40225
5.35256
5.31281
5.26063
5.18389
5.07958
4.95065
4.80242
4.64053
4.47019
4.29608
4.1225
3.95355
18.731
9.80151
7.20347
6.18819
5.72944
5.50619
5.39259
5.32802
5.2777
5.21981
5.14236
5.04172
4.91979
4.78087
4.62976
4.47106
4.30896
4.14743
3.98981
18.5222
9.9424
7.32542
6.26783
5.77528
5.52622
5.39244
5.31215
5.2505
5.18606
5.1069
5.00885
4.89285
4.76223
4.62099
4.47315
4.32255
4.17249
4.02562
18.2992
10.096
7.46655
6.36521
5.83599
5.5588
5.40335
5.30639
5.23259
5.16067
5.07874
4.98212
4.87089
4.74748
4.61516
4.47748
4.33771
4.19834
4.06167
18.0602
10.2629
7.62896
6.48312
5.91432
5.6062
5.42707
5.31225
5.22542
5.14507
5.05925
4.96285
4.85517
4.73783
4.61354
4.48528
4.35542
4.2259
4.09888
17.8036
10.4433
7.81497
6.62432
6.01338
5.67163
5.46625
5.3316
5.23054
5.14077
5.04996
4.95254
4.84716
4.73482
4.61772
4.49793
4.37689
4.25643
4.13842
17.5272
10.6372
8.02687
6.79193
6.13647
5.75851
5.52442
5.3674
5.25007
5.14952
5.05253
4.95287
4.84861
4.74036
4.6296
4.51695
4.40374
4.29147
4.18172
17.2286
10.8443
8.26653
6.98942
6.28736
5.87053
5.60533
5.42349
5.28718
5.17369
5.06897
4.9658
4.8617
4.75696
4.65103
4.54436
4.43792
4.33287
4.23054
16.9047
11.0641
8.53556
7.22016
6.47008
6.01171
5.71288
5.50405
5.34615
5.21677
5.10212
4.99405
4.88967
4.78682
4.68443
4.58253
4.4817
4.38282
4.28695
16.5519
11.2957
8.83526
7.48716
6.68867
6.18625
5.8511
5.61301
5.43156
5.28358
5.15621
5.04205
4.93554
4.83298
4.7327
4.63423
4.53777
4.4439
4.35341
16.1652
11.5372
9.16633
7.79301
6.94673
6.39814
6.02389
5.75407
5.54731
5.37931
5.23774
5.11499
5.00375
4.89939
4.79946
4.70285
4.60933
4.51913
4.43279
15.7383
11.7841
9.52718
8.13853
7.24654
6.65041
6.23457
5.93059
5.69686
5.50905
5.3534
5.21931
5.10031
4.99145
4.88952
4.79277
4.70042
4.61229
4.52862
15.2588
12.028
9.91074
8.51969
7.58661
6.94334
6.48457
6.14483
5.88363
5.67802
5.50795
5.36135
5.23191
5.11562
5.00887
4.90945
4.81603
4.72798
4.64518
57.4724
47.8772
27.8599
30.1361
33.1894
36.7063
41.1507
44.5871
47.4133
49.7649
51.5692
52.9367
53.4819
53.2388
52.7413
52.1162
51.4423
50.819
50.3309
50.0067
34.5033
39.7973
47.2794
53.9107
59.7469
64.3403
67.0198
67.6222
66.6856
64.9613
62.8324
60.5325
58.0274
55.6432
53.3484
51.1426
49.0406
46.9818
45.0885
43.0504
22.7771
26.3577
28.897
31.0023
33.119
35.214
37.1398
39.0157
40.0596
40.312
39.9772
39.2439
38.3068
37.2341
36.1136
34.9725
33.8289
32.6876
31.584
30.4685
14.2964
17.0542
18.8731
20.0247
20.6961
20.9493
20.8663
20.5097
20.2542
20.0827
19.9496
19.829
19.71
19.5875
19.4435
19.2663
19.0583
18.82
18.5565
18.2685
9.57846
11.1195
12.3082
13.1144
13.5928
13.7986
13.7916
13.6302
13.4204
13.2044
12.9895
12.7827
12.5894
12.4119
12.2498
12.1006
11.9613
11.8284
11.7006
11.5751
7.43255
8.13926
8.74534
9.19254
9.48645
9.64412
9.69027
9.65269
9.56812
9.47089
9.36846
9.2662
9.16761
9.07443
8.98707
8.90518
8.82828
8.75527
8.68673
8.62089
6.6193
6.91056
7.16813
7.37196
7.51186
7.59492
7.63075
7.6308
7.60761
7.58339
7.56038
7.53982
7.52207
7.50682
7.49341
7.48108
7.46936
7.45741
7.44636
7.43318
6.68483
6.80433
6.90789
6.99393
7.05537
7.09649
7.12275
7.13944
7.15149
7.17532
7.21051
7.25496
7.30602
7.36085
7.41684
7.47187
7.52461
7.57376
7.62026
7.65969
8.68604
8.77278
8.87147
8.95794
9.04181
9.12641
9.21368
9.30478
9.40743
9.55029
9.72033
9.90472
10.0929
10.2768
10.4506
10.6111
10.756
10.8858
10.9936
11.0842
29.4831
30.015
30.5215
30.9694
31.3533
31.6731
31.9325
32.1373
32.2978
32.4355
32.5487
32.6373
32.7016
32.7427
32.7621
32.7615
32.7427
32.7073
32.6577
32.5934
4.70627
4.63545
4.57052
4.51179
4.45967
4.4146
4.37711
4.3482
4.3292
4.32249
4.33133
4.36175
4.42206
4.52642
4.69939
4.98865
5.48263
6.43445
8.2547
14.394
34.132
4.87143
4.79848
4.73177
4.67142
4.6177
4.57094
4.53157
4.50072
4.47925
4.4692
4.47368
4.49759
4.54848
4.63873
4.78957
5.04019
5.4685
6.24892
7.79344
11.8059
24.612
5.07381
4.99646
4.92577
4.86169
4.80433
4.75387
4.71063
4.67559
4.64972
4.63438
4.6321
4.64697
4.68537
4.75733
4.8797
5.08048
5.4167
5.98161
7.04119
9.2887
16.1563
5.32195
5.23791
5.16093
5.09082
5.02753
4.97112
4.92176
4.88004
4.84726
4.82448
4.81335
4.81695
4.8403
4.89115
4.98181
5.13113
5.37319
5.76017
6.40708
7.61301
10.6468
5.62504
5.5323
5.44689
5.36854
5.29709
5.23248
5.17478
5.12426
5.08183
5.04888
5.02688
5.0174
5.02419
5.05278
5.11176
5.21376
5.37769
5.63373
6.02427
6.6633
7.91384
5.99584
5.89297
5.79756
5.70933
5.62804
5.55357
5.48585
5.42501
5.37146
5.32624
5.29092
5.26701
5.25677
5.26358
5.29334
5.35426
5.45729
5.6182
5.85403
6.19624
6.73179
6.46523
6.35248
6.24739
6.14966
6.05899
5.97518
5.89804
5.82753
5.76378
5.70724
5.65877
5.62059
5.59399
5.58123
5.58558
5.61178
5.66692
5.75922
5.89568
6.08115
6.32677
7.18371
7.06783
6.96016
6.86022
6.76758
6.68181
6.60254
6.52946
6.46235
6.40122
6.34641
6.2987
6.26005
6.2332
6.21867
6.21838
6.23754
6.28051
6.34878
6.44263
6.55831
9.11295
9.0365
8.96664
8.9027
8.84399
8.78983
8.73958
8.69262
8.64842
8.60658
8.56693
8.52971
8.49579
8.46687
8.44772
8.44361
8.45678
8.48475
8.51656
8.55901
8.61516
25.1639
25.2333
25.2936
25.3472
25.3965
25.4441
25.4932
25.547
25.6094
25.6847
25.7782
25.8958
26.0443
26.2316
26.4651
26.7513
27.0966
27.4999
27.9454
28.4312
28.9475
14.738
12.2457
10.2832
8.90465
7.94095
7.25682
6.75872
6.38555
6.103
5.88
5.69591
5.5376
5.39743
5.27188
5.15817
5.05373
4.95694
4.86682
4.7829
14.1317
12.4251
10.6406
9.29451
8.31459
7.59845
7.06656
6.66919
6.36607
6.12542
5.9266
5.75616
5.60546
5.46986
5.34738
5.23558
5.13289
5.03818
4.95073
13.4023
12.5361
10.9535
9.66582
8.69172
7.96017
7.41155
6.99814
6.67757
6.4202
6.20634
6.02304
5.86157
5.71622
5.58425
5.46363
5.35305
5.25147
5.15811
12.4852
12.5656
11.2052
9.99756
9.05358
8.33378
7.79029
7.3718
7.04019
6.76914
6.54124
6.34483
6.1719
6.01652
5.87468
5.74457
5.6249
5.51475
5.41345
11.2768
12.4446
11.381
10.2816
9.39267
8.7163
8.19738
7.78834
7.45528
7.17642
6.93766
6.72939
6.54478
6.37847
6.22604
6.08577
5.95616
5.83629
5.72552
9.64383
11.9541
11.3999
10.5024
9.73077
9.12202
8.64246
8.25335
7.92763
7.64817
7.40374
7.18672
6.99162
6.81375
6.65008
6.49884
6.35846
6.22792
6.10657
7.18571
10.7985
11.0857
10.6509
10.1123
9.61323
9.18099
8.81176
8.49388
8.21543
7.96736
7.74311
7.53822
7.34886
7.17367
7.01099
6.85943
6.71802
6.58608
6.5692
8.94591
10.3398
10.6618
10.5464
10.2574
9.9193
9.58895
9.2839
9.0059
8.75277
8.51992
8.30475
8.1056
7.92138
7.75066
7.59222
7.44503
7.30834
6.59178
6.85781
9.26817
10.4575
11.0077
11.1426
11.0456
10.8627
10.6554
10.4516
10.264
10.0869
9.92149
9.77029
9.63267
9.50756
9.39388
9.29057
9.19671
7.86818
10.6775
14.3637
17.974
19.6845
20.8791
21.7707
22.4184
22.9121
23.3164
23.6662
23.9569
24.2017
24.4105
24.5896
24.7433
24.8752
24.9879
25.0837
)
;

boundaryField
{
    inlet
    {
        type            fixedValue;
        value           uniform 224.918;
    }
    outlet
    {
        type            zeroGradient;
    }
    walls
    {
        blending        binomial2;
        n               2;
        beta1           0.075;
        type            omegaWallFunction;
        value           nonuniform List<scalar> 
423
(
96.0729
99.8074
103.889
108.366
113.3
118.769
124.871
131.735
139.527
148.465
158.853
171.107
185.832
203.923
226.763
256.587
297.202
355.503
444.897
593.711
53.8111
55.2617
56.7083
58.1583
59.619
61.0981
62.604
64.1453
65.7316
67.3728
69.0799
70.8645
72.7393
74.7177
76.8143
79.0392
81.4018
83.9226
86.6244
89.5315
92.6707
14.274
13.4017
13.5689
15.458
21.2337
25.6207
29.1739
32.1466
34.6569
36.8982
38.9562
40.8783
42.6954
44.4294
46.0964
47.7092
49.2784
50.8131
52.3215
14.274
15.0233
18.551
22.632
26.4004
29.1172
31.0813
32.6906
34.0157
35.1027
36.0554
36.8552
37.538
38.0969
38.5423
38.8862
39.1377
39.3052
39.3971
39.4217
39.3868
39.2999
39.1681
38.998
38.7955
38.5659
38.3142
38.0445
37.7605
37.4653
37.1615
36.8514
36.537
36.2197
35.9008
35.5813
35.262
34.9435
34.626
34.3097
33.9959
33.6842
33.3815
33.0867
32.7986
32.5165
32.2395
31.9671
31.6984
31.433
31.1704
30.9101
30.6516
30.3945
30.1387
29.8836
29.6292
29.3751
29.1212
28.8675
28.6138
28.3601
28.1066
27.8534
27.6006
27.3485
27.0976
26.8481
26.6006
26.3558
26.1645
25.9755
25.7886
25.5558
25.3275
25.1044
24.8869
24.6755
24.4704
24.2719
24.08
23.8949
23.7165
23.545
23.38
23.2215
23.0694
22.9232
22.7829
22.648
22.5182
22.3932
22.2726
22.1561
22.0431
21.9334
21.8265
21.7219
21.6194
21.5184
21.4186
21.3195
21.2207
21.1217
21.0221
20.9216
20.8195
20.7155
20.6091
20.4996
20.3866
20.2696
20.1479
20.0209
19.8881
19.7487
19.6021
19.4474
19.2839
19.1106
18.9267
18.731
18.5222
18.2992
18.0602
17.8036
17.5272
17.2286
16.9047
16.5519
16.1652
15.7383
15.2588
14.738
14.1317
13.4023
12.4852
11.2768
9.64383
7.18571
6.5692
6.59178
7.86818
7.86818
10.6775
14.3637
17.974
19.6845
20.8791
21.7707
22.4184
22.9121
23.3164
23.6662
23.9569
24.2017
24.4105
24.5896
24.7433
24.8752
24.9879
25.0837
25.1639
25.2333
25.2936
25.3472
25.3965
25.4441
25.4932
25.547
25.6094
25.6847
25.7782
25.8958
26.0443
26.2316
26.4651
26.7513
27.0966
27.4999
27.9454
28.4312
28.9475
29.4831
30.015
30.5215
30.9694
31.3533
31.6731
31.9325
32.1373
32.2978
32.4355
32.5487
32.6373
32.7016
32.7427
32.7621
32.7615
32.7427
32.7073
32.6577
32.5934
57.4724
47.8772
27.8599
30.1361
33.1894
36.7063
41.1507
44.5871
47.4133
49.7649
51.5692
52.9367
53.4819
53.2388
52.7413
52.1162
51.4423
50.819
50.3309
50.0067
5.45788
8.36834
10.1872
11.4953
12.4892
13.2948
13.9793
14.5805
15.1183
15.6062
16.0537
16.4682
16.8553
17.2196
17.5648
17.8941
18.2102
18.5156
18.8123
19.1025
19.3879
19.6704
19.9516
20.2333
20.5173
20.8054
21.0994
21.4015
21.714
22.0395
22.3814
22.7434
23.1175
23.5013
23.8953
24.3008
24.719
25.1507
25.597
26.0588
26.5372
27.0335
27.5493
28.0866
28.6471
29.2338
29.8516
30.51
31.2156
31.9714
32.7758
33.6119
34.4114
35.1849
36.0829
37.529
39.2722
41.0347
43.2866
45.6966
31.7764
13.1235
11.5809
12.3031
13.1259
13.9199
14.6671
15.368
16.0275
16.6517
17.2463
17.8163
18.3661
18.8997
19.4206
19.9322
20.4373
20.939
21.4401
21.9437
22.4528
22.9709
23.5016
24.0494
24.6193
25.2175
25.8521
26.5116
27.1834
27.8701
28.5702
29.2827
30.007
30.7404
31.4779
32.2113
32.9287
33.6141
34.247
34.801
35.2322
35.5451
35.7064
35.7191
35.5812
35.309
34.845
34.197
33.2614
32.0915
30.7375
29.2322
27.5781
25.9451
24.3613
22.7489
21.0364
19.1088
16.7218
14.1331
95.9316
99.7217
103.833
108.328
113.274
118.751
124.859
131.727
139.521
148.461
158.85
171.105
185.831
203.922
226.763
256.587
297.202
355.502
444.897
593.711
)
;
    }
    baffle
    {
        blending        binomial2;
        n               2;
        beta1           0.075;
        type            omegaWallFunction;
        value           nonuniform List<scalar> 
45
(
17.2029
16.1128
15.7537
15.7359
15.8578
16.0412
16.2415
16.4366
16.6136
16.7651
16.8857
16.9701
17.0112
16.9978
16.9088
16.703
16.2993
15.5572
14.3711
12.3066
5.45788
23.9386
17.7948
17.5858
37.9701
21.4438
20.7299
19.9504
18.1304
15.7458
13.3993
12.5908
12.9886
13.8118
14.7115
15.5926
16.4432
17.2806
18.1418
19.0858
19.957
20.5489
20.5817
19.4941
14.1331
)
;
    }
    frontAndBack
    {
        type            empty;
    }
}


// ************************************************************************* //
