/*--------------------------------*- C++ -*----------------------------------*\
| =========                 |                                                 |
| \\      /  F ield         | OpenFOAM: The Open Source CFD Toolbox           |
|  \\    /   O peration     | Version:  v2012                                 |
|   \\  /    A nd           | Website:  www.openfoam.com                      |
|    \\/     M anipulation  |                                                 |
\*---------------------------------------------------------------------------*/
FoamFile
{
    version     2.0;
    format      ascii;
    class       volScalarField;
    location    "545";
    object      age;
}
// * * * * * * * * * * * * * * * * * * * * * * * * * * * * * * * * * * * * * //

dimensions      [0 0 1 0 0 0 0];


internalField   nonuniform List<scalar> 
6018
(
0.678649
0.622783
0.572535
0.526514
0.483756
0.443566
0.405446
0.369011
0.334002
0.300235
0.267579
0.235939
0.205243
0.175433
0.146462
0.118284
0.0908554
0.0641305
0.038064
0.0126048
0.520638
0.485809
0.453982
0.423817
0.393862
0.36609
0.33912
0.312759
0.286837
0.261244
0.235902
0.21075
0.185748
0.160865
0.136075
0.111351
0.0866657
0.0619881
0.0372733
0.0124663
0.465627
0.441409
0.417618
0.394054
0.370661
0.347472
0.324249
0.30098
0.277634
0.254196
0.230653
0.206995
0.183208
0.159282
0.135212
0.110991
0.0866112
0.0620674
0.0373573
0.0124872
0.458412
0.436309
0.414061
0.391675
0.369144
0.346459
0.32363
0.300656
0.277537
0.254268
0.230845
0.207263
0.183519
0.159606
0.13552
0.111255
0.0868118
0.062193
0.037411
0.0124938
0.458459
0.436322
0.414065
0.391683
0.36917
0.346521
0.323732
0.300796
0.277708
0.254462
0.231053
0.207475
0.183723
0.159793
0.135679
0.111379
0.0868971
0.0622408
0.0374283
0.0124953
0.457873
0.435792
0.413616
0.391319
0.368885
0.346303
0.323568
0.300675
0.277619
0.254398
0.231008
0.207445
0.183704
0.15978
0.135671
0.111375
0.086895
0.0622399
0.037428
0.0124953
0.457211
0.435269
0.413192
0.390958
0.368558
0.345991
0.323259
0.300365
0.277316
0.254105
0.230728
0.207183
0.183466
0.159573
0.135499
0.111244
0.086806
0.0621906
0.0374104
0.0124937
0.45764
0.435885
0.413846
0.391539
0.368999
0.346263
0.323385
0.300373
0.277214
0.253912
0.230464
0.20687
0.183126
0.159231
0.135181
0.110974
0.0866029
0.0620641
0.0373564
0.0124871
0.478918
0.456559
0.433031
0.408686
0.383996
0.359646
0.33503
0.310175
0.285227
0.26025
0.235294
0.210384
0.185533
0.160745
0.136011
0.11132
0.0866524
0.0619837
0.0372726
0.0124663
0.599413
0.570221
0.538066
0.50394
0.468998
0.434
0.399311
0.365114
0.331552
0.298713
0.266648
0.235382
0.20492
0.175253
0.146367
0.118238
0.0908358
0.0641235
0.0380622
0.0126045
44.8621
44.2899
44.6369
45.1719
45.8935
47.0231
48.6612
50.6044
53.7741
54.0539
53.111
52.0333
51.2672
51.0708
51.4083
51.9074
52.4286
52.9905
53.4027
53.9356
54.2701
54.9909
55.8354
56.8305
57.7554
19.9132
2.09162
1.78472
1.39031
1.18083
1.02532
0.909774
0.81808
0.742634
40.0065
40.1379
40.3812
40.8415
41.497
42.3595
43.5201
44.8707
45.8752
46.0014
45.3817
44.8474
44.628
44.6737
44.9018
45.3337
45.8711
46.3107
46.7356
48.6991
52.6551
47.1384
29.1216
16.259
8.05658
2.46243
1.07593
1.06701
0.89008
0.800101
0.72064
0.658118
0.605251
0.560025
39.8154
40.6049
40.8956
40.991
41.0879
41.2118
41.414
41.9308
42.4015
42.7088
42.9002
43.0997
43.3112
43.5906
43.9065
44.225
45.1992
46.2969
44.4445
35.9436
23.2909
11.3588
3.9609
1.35943
1.00198
0.870625
0.769615
0.720914
0.660228
0.619278
0.581764
0.54787
0.517728
0.490937
45.1573
48.1919
49.4054
48.513
46.3734
44.2193
42.7692
42.3006
42.4095
42.6237
42.9948
43.4956
44.0635
44.4541
45.0538
44.7245
42.4635
34.1431
21.3101
9.67209
3.36166
1.01207
0.912366
0.806865
0.746932
0.70195
0.662084
0.629365
0.600191
0.573831
0.548801
0.525076
0.502652
0.480538
57.6098
62.6775
64.2655
62.5069
58.3019
53.2298
48.6876
45.7008
44.3566
44.0962
44.4324
44.8354
45.9373
45.3881
42.8937
35.245
23.2238
11.0849
3.85837
1.01328
0.925264
0.809863
0.76644
0.722366
0.690158
0.661041
0.63498
0.611947
0.590144
0.568172
0.546449
0.524666
0.502737
0.480603
74.9705
81.4395
82.7954
79.5044
72.9506
65.0001
57.5192
51.9161
48.6462
47.1621
46.4061
46.2492
44.6352
38.4652
27.5548
15.0797
5.87766
1.65115
0.948951
0.846566
0.800073
0.757144
0.72778
0.701698
0.678275
0.655786
0.634242
0.61278
0.591032
0.568982
0.54683
0.524575
0.502297
0.480026
94.8543
102.048
102.432
96.8468
87.3461
76.3251
65.9561
57.8434
52.23
49.0491
47.6419
42.5584
33.2431
20.9405
9.80113
3.18756
1.02858
0.934768
0.834089
0.801219
0.769794
0.746158
0.723066
0.701568
0.679901
0.658103
0.635972
0.613477
0.590859
0.56828
0.545816
0.523494
0.501304
0.479194
114.904
121.788
120.31
111.737
98.8136
84.5686
71.414
60.6615
53.4072
48.3383
40.4917
28.7568
16.436
6.5635
1.96214
0.981971
0.889649
0.844789
0.813057
0.792505
0.769132
0.748727
0.726736
0.70465
0.681765
0.658538
0.635146
0.611887
0.588955
0.566425
0.544312
0.522506
0.500866
0.479256
132.29
137.765
133.567
121.556
105.099
87.7305
72.0142
59.6743
50.1642
39.2652
25.8686
13.2952
4.71205
1.3168
0.98619
0.890899
0.860117
0.837799
0.820087
0.798572
0.775115
0.751044
0.726242
0.70149
0.677061
0.653453
0.630911
0.60971
0.590081
0.572602
0.555525
0.537834
0.519409
0.499927
145.074
148.208
140.629
124.639
104.839
85.0869
67.9031
53.5634
39.4279
24.3917
11.4507
3.67833
1.08725
0.988459
0.904462
0.880747
0.860486
0.836915
0.810606
0.781566
0.756157
0.739037
0.721047
0.703919
0.687931
0.673022
0.660789
0.652299
0.647181
0.644433
0.642797
0.640969
0.636613
0.626596
66.1553
58.5697
56.0746
53.0225
48.8995
46.432
65.55
60.0589
59.7594
50.0338
43.5098
40.884
67.0058
64.9379
53.9459
43.3969
39.3983
39.1944
68.6895
61.6398
44.9273
38.6054
39.0453
41.5282
71.5846
47.4717
37.8722
38.4395
42.9941
50.3024
49.9632
37.1637
37.0644
42.545
53.0315
64.708
34.3392
34.9844
39.7496
51.4117
66.7375
82.1692
33.813
35.8603
45.2413
62.2364
82.2181
100.802
33.6268
37.6522
52.3414
74.2455
97.6839
118.046
33.4969
40.5311
60.2462
85.7241
111.177
131.904
152.069
151.607
139.813
120.123
97.9501
76.8432
58.011
40.4691
23.8112
10.4532
3.155
1.05461
0.973088
0.923596
0.900295
0.88211
0.858702
0.838718
0.826734
0.823671
0.851119
0.930883
1.10694
1.45461
2.10795
3.32388
5.56288
9.57561
15.8942
23.8501
33.5652
44.7986
56.2254
64.5935
153.957
147.363
131.209
108.847
85.2869
62.9355
42.3023
23.9617
10.0492
2.86293
1.0537
0.980796
0.94551
0.921308
0.907025
0.89033
0.880448
0.891046
0.949735
1.115
1.47082
2.18892
3.71319
6.95135
12.9316
21.5775
32.8049
45.598
57.8112
66.5793
74.6696
80.4814
86.3359
96.4812
146.371
136.104
116.588
92.5355
68.0133
44.9841
25.0234
10.3183
2.84864
1.0568
0.996337
0.969869
0.948453
0.932464
0.923315
0.928316
0.981852
1.14903
1.53174
2.39556
4.48802
9.22271
17.1492
28.4372
41.8117
54.7862
65.229
71.3732
74.2195
74.2743
74.3741
75.4787
81.93
97.0207
133.724
119.711
97.7155
72.6342
48.1063
26.7538
11.1005
3.06537
1.09062
1.01349
0.994708
0.976191
0.959558
0.954369
0.978657
1.08929
1.38155
2.10597
4.09593
8.81158
17.1537
29.2138
43.1733
57.094
67.3941
72.512
74.2081
73.9747
73.7832
73.8048
74.1971
77.4121
86.3322
99.498
117.107
99.8004
76.2094
51.3036
28.983
12.3555
3.50141
1.17027
1.03777
1.01913
1.00256
0.985003
0.981668
1.02597
1.18992
1.61881
2.94942
6.64594
13.8933
25.1507
39.2223
54.0823
66.2161
72.4953
74.5809
73.9654
73.4942
73.4009
73.4968
73.8781
75.8758
81.3021
90.2914
101.776
97.6698
77.9475
54.1807
31.5631
14.0719
4.16975
1.28647
1.07059
1.04411
1.02864
1.01043
1.00827
1.06255
1.24884
1.8541
4.08537
9.32983
18.6216
31.4717
46.5641
60.8397
70.7032
74.564
74.3943
73.6659
73.2402
73.1478
73.3266
73.7688
76.2336
81.2862
88.4582
96.52
104.533
76.878
56.1952
34.3122
16.2653
5.11262
1.44653
1.11328
1.06997
1.05391
1.03507
1.03067
1.08578
1.28573
2.15223
5.16227
11.7156
22.1317
35.9649
51.1039
64.54
72.6373
75.1522
74.3363
73.3741
72.8884
72.8799
73.1503
74.8746
79.1417
85.9154
93.3593
100.022
104.537
107.547
56.529
36.7316
18.637
6.37281
1.6674
1.16835
1.09844
1.07798
1.06037
1.05427
1.1008
1.2843
2.40188
5.9872
13.3593
24.5424
38.7097
53.6754
66.2008
72.9493
74.2947
73.477
72.7779
72.4932
72.7113
74.1735
78.3798
85.966
95.7425
105.229
112.245
115.433
113.9
110.719
38.2738
21.0594
8.01529
2.14952
1.23478
1.13226
1.10438
1.08866
1.07892
1.09951
1.19477
2.51364
6.47052
14.2673
25.9187
40.2842
55.0605
66.9317
72.5435
73.1593
72.6082
72.1979
72.19
73.1979
76.918
84.8011
96.9673
111.442
125.178
134.785
138.004
134.22
123.965
113.645
23.27
10.0705
2.94984
1.35311
1.17508
1.13256
1.11611
1.10239
1.1059
1.16672
2.4099
6.61918
14.5299
26.4703
41.1347
56.0155
67.6035
72.4313
72.6088
72.1013
71.7088
72.0146
74.0344
80.3249
92.4061
110.034
131.192
152.061
167.662
173.834
169.005
154.295
133.324
116.457
12.512
4.15499
1.55337
1.23393
1.16528
1.14247
1.12579
1.11895
1.16757
2.1695
6.234
14.278
26.3526
41.5008
56.8715
68.5346
72.9181
72.7293
71.8715
71.3107
71.4906
73.5678
81.3072
96.8385
119.966
148.584
178.233
203.188
217.33
216.481
199.74
171.722
140.149
118.119
5.81213
1.87655
1.32048
1.20535
1.17049
1.15009
1.13691
1.17437
1.8488
5.45286
13.4209
25.6741
41.3533
57.5194
69.5807
73.9566
73.2631
72.2527
71.2717
71.0371
71.6976
77.6456
92.875
118.006
151.592
188.621
222.444
247.837
259.087
249.897
221.728
182.416
143.03
118.635
2.66796
1.43923
1.25761
1.20105
1.17539
1.15911
1.18733
1.49818
4.42528
11.9865
24.2829
40.4554
57.4963
70.3237
75.3304
74.8027
74.0524
72.4405
71.1315
70.93
71.9199
80.7318
99.7873
130.524
169.95
210.226
244.225
269.293
280.868
265.879
229.692
183.912
141.71
118.996
1.68771
1.33341
1.23915
1.20582
1.18361
1.18185
1.24898
3.28745
10.0644
22.0705
38.5761
56.5864
70.7461
77.0875
77.7355
77.3464
75.9457
73.8286
71.7889
70.7781
71.4114
78.0372
95.5338
125.598
165.377
206.279
240.498
265.563
275.565
259.982
222.687
177.12
137.675
119.371
1.45591
1.29328
1.23774
1.21015
1.19768
1.25525
2.22621
7.7252
19.0426
35.5156
54.4628
70.4298
78.8789
81.2682
82.1034
81.8729
80.1192
77.3661
74.2354
71.7104
70.6809
72.9921
83.7002
107.184
142.917
183.301
217.769
241.114
250.407
237.718
205.172
165.347
132.73
119.809
1.37455
1.2794
1.24005
1.21895
1.24459
1.48235
5.15558
15.2802
31.2202
50.8267
68.8816
80.139
84.9293
87.6594
89.4823
89.4696
87.6708
84.2654
79.825
75.2905
71.9359
70.608
73.6531
86.1223
112.549
149.292
184.796
207.98
216.594
208.77
183.757
152.589
128.338
120.367
1.33973
1.27768
1.24736
1.24216
1.31841
3.00001
10.9815
25.7902
45.4952
65.5558
80.1156
87.9094
92.9657
97.4055
100.187
100.806
99.13
95.2475
89.6449
83.1413
76.8954
72.3681
70.5472
73.26
85.8246
113.098
147.944
175.335
185.258
181.137
163.92
141.64
125.457
121.102
1.32745
1.2802
1.25961
1.29731
1.66054
6.58511
19.4932
38.5045
60.021
78.0397
89.3819
97.0269
104.2
110.307
114.276
115.698
114.31
110.207
103.771
95.684
86.9324
78.8072
72.8705
70.4602
72.4218
84.4238
111.35
142.968
160.816
159.348
149.023
134.118
124.378
122.387
1.32564
1.28874
1.28627
1.3713
3.24471
12.7538
30.147
52.0973
73.2207
88.5619
99.1089
108.828
118.256
125.978
131.222
133.483
132.534
128.457
121.547
112.356
101.701
90.6716
80.647
73.2521
70.2271
71.562
83.1003
109.608
137.939
146.442
139.591
130.226
124.846
124.812
1.32899
1.30144
1.32591
1.52478
6.56805
20.9702
42.0729
65.2763
84.7427
98.6921
110.735
123.067
134.495
143.773
150.203
153.296
152.885
149.025
141.953
132.115
120.158
106.981
93.7724
81.9951
73.3615
69.8128
70.921
82.7713
109.842
135.704
135.224
129.172
125.543
127.589
1.33822
1.32552
1.38526
2.60157
11.9717
30.5947
54.2816
77.2996
95.2625
109.744
124.349
139.065
152.268
162.963
170.469
174.383
174.559
171.032
164.008
153.849
141.085
126.44
110.877
95.6785
82.4344
72.9893
69.2779
70.7972
84.3047
113.284
134.135
129.538
126.569
129.493
1.34988
1.35184
1.43884
4.84774
18.8246
40.9303
65.998
88.17
105.741
122.162
139.424
156.182
170.977
182.943
191.457
196.183
196.966
193.83
186.972
176.711
163.494
147.894
130.669
112.861
95.8831
81.5637
71.978
68.7991
71.4951
89.5353
121.55
131.355
128.125
130.867
1.36575
1.39189
1.66251
8.39332
26.603
51.3406
76.8491
98.3396
116.791
135.739
155.365
173.899
190.139
203.289
212.807
218.364
219.769
217.021
210.314
199.982
186.467
170.271
151.977
132.358
112.532
94.0946
79.1882
70.4186
68.2308
74.1255
100.663
130.344
129.157
131.978
1.38764
1.4351
2.50542
13.1671
34.8105
61.3657
86.827
108.295
128.538
150.028
171.688
191.828
209.449
223.832
234.473
240.974
243.06
240.679
234.031
223.499
209.588
192.827
173.744
152.923
131.169
109.719
90.4143
75.7213
68.6654
67.8906
80.8015
116.359
131.128
133.356
1.41176
1.47467
4.00279
18.6031
43.0449
70.7581
96.1196
118.323
140.792
164.592
188.044
209.726
228.792
244.593
256.574
264.194
267.053
265.031
258.335
247.416
232.889
215.391
195.493
173.694
150.555
126.949
104.369
85.0643
71.8544
67.4012
69.8994
95.2685
134.147
134.613
1.43695
1.51481
6.12582
24.3433
51.0144
79.4445
104.94
128.483
153.249
179.085
204.203
227.472
248.17
265.66
279.248
288.196
291.951
290.301
283.45
271.935
256.51
237.978
217.041
194.234
169.98
144.814
119.762
96.7029
78.4391
68.43
66.4719
77.5162
123.341
136.144
1.46273
1.56917
8.78614
30.1214
58.5353
87.4554
113.432
138.674
165.612
193.269
220.025
245.017
267.611
287.103
302.589
313.108
317.911
316.666
309.566
297.246
280.63
260.721
238.41
214.355
188.977
162.6
135.808
109.967
87.5734
71.9714
66.3661
67.7003
95.8629
138.417
1.49671
1.87097
11.9099
35.7341
65.5107
94.8569
121.643
148.725
177.639
206.98
235.425
262.335
287.113
308.926
326.621
338.977
345.005
344.217
336.778
323.441
305.339
283.716
259.678
234.055
207.351
179.816
151.706
123.812
98.1137
77.9614
67.2361
65.1147
79.0698
140.131
1.52581
2.38398
15.1465
41.0453
71.903
101.709
129.548
158.456
189.15
220.103
250.331
279.367
306.612
331.056
351.283
365.77
373.231
372.966
365.098
350.518
330.622
306.946
280.851
253.346
225.052
196.239
166.995
137.639
109.477
85.4939
69.8489
64.9956
67.9917
113.22
1.5527
3.06021
18.3268
45.9689
77.7084
108.047
137.079
167.71
200.013
232.549
264.659
296.012
325.969
353.337
376.425
393.361
402.488
402.827
394.433
378.368
356.354
330.288
301.824
272.165
242.041
211.77
181.377
150.88
120.95
93.8869
73.9411
65.3432
63.8759
65.11
1.579
3.84678
21.3467
50.4539
82.9379
113.882
144.152
176.359
210.128
244.23
278.3
312.109
344.971
375.519
401.785
421.495
432.536
433.57
424.55
406.746
382.286
353.504
322.391
290.355
258.22
226.341
194.721
163.214
132.024
102.654
78.9346
66.3568
63.7462
63.8779
1.60488
4.69192
24.1384
54.4755
87.6074
119.204
150.686
184.303
219.412
255.05
291.11
327.445
363.329
397.249
426.963
449.75
462.95
464.771
455.017
435.219
408.009
376.228
342.242
307.671
273.418
239.846
206.937
174.451
142.291
111.328
84.6502
67.97
63.6749
63.378
1.63034
5.54823
26.6585
58.0258
91.7322
123.997
156.61
191.467
227.791
264.905
302.918
341.756
380.677
418.059
451.399
477.503
493.079
495.76
485.156
463.125
432.917
397.947
360.964
323.793
287.401
252.13
217.931
184.491
151.512
119.42
90.5627
70.2449
63.7211
63.1158
1.65536
6.37437
28.8803
61.1072
95.3254
128.239
161.869
197.791
235.198
273.68
313.529
354.742
396.584
437.368
474.364
503.908
522.005
525.586
514.002
489.538
456.199
417.998
378.043
338.336
299.889
263.004
227.58
193.252
159.57
126.648
96.1814
72.9115
63.8614
62.975
1.67991
7.13622
30.7895
63.7279
98.3976
131.911
166.419
203.23
241.565
281.257
322.741
366.081
410.57
454.498
494.966
527.885
548.53
552.997
540.282
513.283
476.858
435.591
392.884
350.867
310.574
272.255
235.746
200.642
166.379
132.844
101.293
75.7228
64.0691
62.8558
1.70397
7.80723
32.3814
65.8997
100.958
134.998
170.23
207.749
246.834
287.519
330.351
375.445
422.135
468.716
512.192
548.147
571.169
576.417
562.424
532.978
493.779
449.874
404.861
360.936
319.14
279.667
242.289
206.57
171.867
137.884
105.639
78.4514
64.3271
62.7563
1.72753
8.36848
33.6584
67.6372
103.017
137.491
173.282
211.321
250.952
292.363
336.174
382.534
430.803
479.293
524.962
563.217
588.136
593.613
578.625
547.163
505.849
460.026
413.38
368.124
325.293
285.036
247.071
210.947
175.974
141.709
109.038
80.8549
64.6047
62.6692
1.75061
8.80894
34.6292
68.9569
104.586
139.386
175.565
213.928
253.876
295.7
340.056
387.092
436.17
485.602
532.379
571.926
596.404
600.896
587.075
554.518
512.119
465.366
417.956
372.089
328.79
288.19
249.976
213.696
178.643
144.276
111.391
82.7149
64.8644
62.5899
1.77323
9.12463
35.308
69.8781
105.678
140.686
177.077
215.562
255.577
297.469
341.885
388.94
437.961
487.232
533.731
572.957
596.29
600.915
586.572
554.196
511.993
465.47
418.282
372.608
329.471
289.008
250.916
214.753
179.822
145.541
112.65
83.8653
65.0651
62.5156
1.79543
9.31887
35.7123
70.4213
106.308
141.4
177.823
216.222
256.042
297.635
341.605
387.998
436.069
484.04
528.86
566.174
588.73
592.883
577.261
546.096
505.373
460.248
414.276
369.609
327.273
287.437
249.841
214.08
179.475
145.461
112.787
84.2028
65.165
62.4436
1.81727
9.39584
35.8653
70.6122
106.498
141.542
177.817
215.913
255.268
296.194
339.214
384.279
430.548
476.174
518.104
552.193
572.57
575.355
560.291
531.031
492.734
449.99
406.111
363.185
322.242
283.491
246.747
211.662
177.589
144.015
111.781
83.6795
65.1137
62.3711
1.83857
9.38542
35.7832
70.467
106.259
141.135
177.079
214.649
253.272
293.175
334.768
377.895
421.619
464.048
502.213
532.284
549.659
551.196
537.019
510.198
474.981
435.305
394.18
353.585
314.522
277.246
241.666
207.505
174.152
141.195
109.633
82.3715
64.789
62.2958
1.85943
9.30588
35.4919
70.0114
105.614
140.201
175.634
212.454
250.088
288.636
328.372
369.042
409.63
448.259
482.161
507.953
522.129
522.489
509.337
485.121
453.237
416.991
379.036
341.174
304.343
268.838
234.674
201.638
169.161
136.984
106.338
80.2967
64.2339
62.2159
1.88
9.1739
35.0226
69.2739
104.585
138.765
173.507
209.361
245.759
282.655
320.177
357.983
395.022
429.506
458.974
480.592
491.77
491.084
478.921
457.208
428.633
395.914
361.311
326.387
291.987
258.444
225.875
194.105
162.621
131.384
101.924
77.5198
63.5168
62.1264
1.90043
9.0067
34.4095
68.2858
103.201
136.849
170.729
205.406
240.337
275.328
310.358
345.017
378.272
408.503
433.616
451.359
459.882
458.302
447.043
427.633
402.193
372.909
341.635
309.673
277.76
246.271
215.397
184.967
154.546
124.419
96.4565
74.1591
62.7326
62.0258
1.92093
8.82201
33.69
67.0806
101.486
134.479
167.333
200.631
233.881
266.758
299.102
330.454
359.86
385.918
406.928
421.187
427.415
425.096
414.664
397.337
374.776
348.701
320.576
291.449
261.963
232.533
203.38
174.296
144.98
116.15
90.0623
70.4342
61.9852
61.9418
1.94171
8.63778
32.9036
65.6927
99.4641
131.673
163.345
195.075
226.446
257.045
286.586
314.591
340.222
362.331
379.601
390.799
395.082
392.177
382.504
367.034
347.047
323.858
298.588
272.067
244.874
217.445
189.961
162.161
134.003
106.72
82.9933
66.7505
61.4945
61.936
1.96303
8.47204
32.0915
64.1576
97.1569
128.443
158.783
188.768
218.085
246.275
272.966
297.684
319.729
338.209
352.158
360.728
363.388
360.038
351.058
337.21
319.456
298.771
275.997
251.809
226.741
201.201
175.256
148.646
121.76
96.4152
75.6997
63.7886
61.3767
62.0232
1.98532
8.34353
31.2968
62.5125
94.5864
124.801
153.663
181.741
208.841
234.522
258.37
279.936
298.66
313.89
324.956
331.31
332.645
328.964
320.596
308.117
292.233
273.651
253.017
230.902
207.78
183.961
159.358
133.877
108.533
85.7324
68.9134
61.7141
61.2466
62.3002
2.0089
8.27328
30.5653
60.7965
91.7716
120.749
147.986
174.012
198.755
221.847
242.891
261.481
277.19
289.565
298.174
302.687
302.949
299.017
291.156
279.79
265.425
248.588
229.797
209.534
188.161
165.827
142.354
118.113
94.8307
75.4701
63.7808
60.9026
61.818
62.9816
2.03385
8.2881
29.9452
59.0468
88.724
116.275
141.74
165.585
187.856
208.302
226.591
242.391
255.387
265.283
271.817
274.811
274.201
270.06
262.593
252.11
238.985
223.63
206.466
187.848
167.974
146.846
124.417
101.844
81.5295
66.8193
60.8378
61.2587
63.1573
63.689
2.06077
8.42077
29.4911
57.2968
85.4433
111.35
134.884
156.439
176.157
193.923
209.516
222.693
233.244
240.983
245.763
247.497
246.165
241.842
234.688
224.938
212.883
198.848
183.127
165.9
147.217
127.082
105.994
85.9733
69.9498
61.2973
60.1737
63.7701
66.0633
64.6494
2.09018
8.74442
29.2328
55.5707
81.9128
105.918
127.346
146.516
163.639
178.732
191.701
202.41
210.737
216.58
219.859
220.536
218.613
214.16
207.306
198.236
187.167
174.307
159.78
143.624
125.884
106.858
88.0327
71.9988
61.8406
59.3276
63.1544
69.0193
69.5629
65.4908
2.15046
9.34546
29.2208
53.8785
78.0925
99.894
119.016
135.716
150.243
162.723
173.176
181.578
187.886
192.056
194.051
193.854
191.481
186.988
180.474
172.059
161.858
149.926
136.264
120.961
104.258
87.1823
72.2498
61.959
58.7466
61.9974
69.0556
73.6664
71.0752
65.9677
2.30838
10.3353
29.5154
52.2078
73.9094
93.1562
109.741
123.883
135.846
145.825
153.931
160.232
164.749
167.478
168.404
167.523
164.844
160.396
154.217
146.336
136.742
125.441
112.482
98.2815
83.4316
70.1691
61.1619
58.0577
60.907
67.8489
74.2859
75.0864
70.5634
66.2763
2.69703
11.8861
30.1878
50.5134
69.2494
85.547
99.3304
110.809
120.247
127.876
133.866
138.332
141.33
142.874
142.956
141.562
138.67
134.255
128.268
120.677
111.473
100.878
89.0717
77.0907
65.9725
59.2906
57.3154
60.0983
67.0569
73.3213
75.8812
73.2002
69.4009
66.5913
3.57493
14.2514
31.3085
48.6833
63.931
76.8633
87.5719
96.2753
103.236
108.69
112.813
115.719
117.468
118.068
117.491
115.683
112.567
108.069
102.151
94.8777
86.5112
77.6411
68.3525
60.7006
56.5951
56.4344
59.9022
67.2813
72.6993
73.6712
72.4911
71.038
68.5431
66.9663
5.73902
17.94
32.955
46.5291
57.7529
66.9818
74.4291
80.3087
84.8572
88.2832
90.7287
92.2886
93.0071
92.8189
91.6636
89.4666
86.163
81.7802
76.538
70.6848
64.7952
59.2897
55.232
54.2308
55.7145
62.094
69.7455
73.3663
72.0671
71.3086
70.6066
69.5939
68.3703
67.9078
10.0662
23.5348
35.2076
43.7594
50.5171
55.8896
60.0152
63.1032
65.3488
66.9109
67.9072
68.3155
68.1076
67.3055
65.8976
63.9086
61.4575
58.7585
56.056
53.6334
51.8673
50.6599
52.9451
58.3803
67.0673
77.8907
74.2623
72.9216
72.1316
71.3478
70.6673
70.0904
69.7653
70.6093
27.5732
32.5574
38.0093
40.8313
42.9592
44.8821
46.2852
47.1747
47.7116
48.0167
48.1372
48.1913
48.2443
48.2979
48.3529
48.4105
48.4731
48.5447
48.6322
48.75
48.9245
49.4173
72.9514
83.9064
82.5139
80.9813
80.3053
79.4471
78.7154
77.1673
76.3996
76.2834
77.9681
81.5842
33.3968
44.0227
67.697
95.4226
121.579
141.372
33.3083
47.5431
73.8943
102.407
127.894
145.59
33.2273
50.4191
77.8712
105.796
129.285
144.429
33.1498
52.3062
79.5407
105.696
125.679
135.769
33.0731
53.0556
78.9539
102.277
118.415
123.763
32.9952
52.6694
76.2824
96.0392
107.668
108.325
32.874
51.229
71.9193
87.5008
94.4057
90.6732
32.5112
49.0345
66.209
77.3066
79.5754
72.1743
31.9093
46.1803
59.5341
66.1946
64.3376
54.2315
31.0763
42.8206
52.2323
54.7279
49.5581
37.9859
29.9982
39.0763
44.676
43.5777
36.1104
24.5124
28.7074
35.0796
37.2035
33.3358
24.7417
14.3788
27.3817
31.0089
30.1496
24.3845
15.777
7.54759
26.1028
27.0578
23.8151
17.0887
9.45223
3.78913
24.783
23.3484
18.3511
11.4678
5.33003
2.12159
23.4659
19.9624
13.875
7.51229
3.10392
1.63663
22.1816
16.9395
10.3241
4.8283
2.06494
1.49005
20.8618
14.3374
7.66719
3.24646
1.71823
1.4258
19.6221
12.1322
5.68783
2.38504
1.58424
1.39527
18.505
10.3104
4.3197
1.99842
1.51767
1.38341
17.5228
8.81189
3.41169
1.81527
1.48185
1.38123
16.6725
7.59186
2.84752
1.71546
1.46412
1.38538
15.946
6.63057
2.51478
1.65658
1.45738
1.39279
15.3326
5.8869
2.30964
1.62138
1.45758
1.40398
14.8191
5.31558
2.17616
1.60138
1.46269
1.41722
14.3771
4.87129
2.08638
1.59154
1.47138
1.43281
14.0024
4.5403
2.02512
1.58879
1.48273
1.44994
13.6916
4.29485
1.9836
1.59105
1.49611
1.46895
13.44
4.11241
1.95628
1.59703
1.5113
1.48945
13.2418
3.97706
1.93947
1.60591
1.52798
1.51033
13.0911
3.87773
1.9307
1.61706
1.54461
1.53131
12.9828
3.80672
1.9282
1.62993
1.56126
1.55228
12.9117
3.75834
1.93068
1.64411
1.57807
1.57319
12.8739
3.7285
1.93712
1.65931
1.59536
1.59402
12.8657
3.71417
1.94679
1.67538
1.61339
1.61473
12.8834
3.71166
1.95912
1.69216
1.63176
1.63531
12.9131
3.72657
1.9737
1.70953
1.65034
1.65575
12.9429
3.76539
1.99021
1.72742
1.66906
1.67603
12.973
3.82635
2.00845
1.74573
1.68792
1.69628
13.0033
3.90599
2.02761
1.76438
1.70689
1.71661
13.034
4.00035
2.04736
1.78331
1.72594
1.73689
13.0651
4.10497
2.06764
1.80236
1.74505
1.75705
13.0966
4.21494
2.08825
1.8215
1.7642
1.77707
13.1285
4.32466
2.10896
1.84069
1.78338
1.79697
13.1608
4.42776
2.12952
1.85987
1.80259
1.81684
13.1934
4.5167
2.14963
1.87899
1.82183
1.83674
13.2262
4.58401
2.16903
1.89795
1.84107
1.85676
13.2593
4.61801
2.18691
1.91654
1.8603
1.87701
13.2611
4.62503
2.20227
1.93458
1.8795
1.89754
13.2167
4.60623
2.21441
1.95192
1.89869
1.91844
13.1178
4.55828
2.22271
1.96841
1.91789
1.93967
12.9567
4.47773
2.22674
1.98395
1.93708
1.96112
12.7282
4.36312
2.22621
1.99846
1.95629
1.98311
12.4324
4.21599
2.22117
2.01194
1.97555
2.00708
12.0728
4.0407
2.21211
2.02455
1.9951
2.03534
11.6573
3.84532
2.20009
2.03646
2.01494
2.06876
11.201
3.64113
2.18651
2.04852
2.03676
2.11115
10.7266
3.44063
2.17356
2.05895
2.05637
2.15339
10.2609
3.25725
2.16372
2.07011
2.10001
2.75304
9.83313
3.09846
2.15473
2.09462
3.33778
12.221
9.51813
2.98769
2.15608
2.14632
5.67858
15.5233
9.26334
2.90997
2.16395
2.43957
7.62074
15.5448
9.06059
2.8534
2.16988
2.82373
8.86337
15.0568
105.879
105.607
106.686
108.327
110.872
114.098
117.389
120.951
123.648
125.058
125.374
125.612
125.851
126.11
126.414
126.81
127.373
128.253
132.644
343.947
400.178
394.613
390.099
387.01
385.697
383.963
383.095
382.144
384.055
393.648
413.32
453.897
528.931
645.341
101.156
93.2045
96.3069
100.723
108.623
119.015
130.789
142.489
152.451
159.556
163.285
162.953
159.223
153.172
146.039
139.319
134.453
131.654
131.778
167.368
262.214
366.055
332.393
325.888
321.765
318.459
315.382
312.523
310.356
309.632
312.261
326.038
362.676
427.496
96.7218
83.5206
87.3308
95.0427
108.534
127.628
150.766
175.227
197.733
215.528
226.922
230.811
226.988
216.437
200.933
182.687
164.66
149.51
138.964
135.213
157.614
247.433
318.471
323.671
316.247
314.068
310.816
306.711
301.979
297.468
295.054
294.583
304.924
329.332
91.488
74.2737
80.303
91.0265
109.747
137.903
174.009
213.731
251.637
282.979
304.616
314.94
313.48
301.05
279.482
251.34
220.129
190.067
164.459
145.801
138.218
165.661
250.48
315.551
328.852
334.227
334.39
329.422
319.592
306.727
294.452
287.972
288.575
300.858
86.0686
66.2587
74.0242
87.6611
111.512
149.262
199.822
256.666
311.621
357.809
390.786
408.414
410.265
397.244
371.303
335.15
292.406
247.925
206.775
172.926
148.839
140.543
179.319
267.991
333.119
355.77
367.82
366.531
353.337
330.945
306.117
287.288
281.128
286.305
80.9754
63.591
68.6632
84.4577
113.327
161.101
227.225
302.138
374.507
435.568
479.924
504.98
510.292
497.075
467.649
425.019
372.84
315.953
260.287
211.464
172.826
147.855
147.345
199.835
295.164
363.582
396.53
407.939
395.939
364.902
325.93
293.241
278.3
277.166
76.8593
63.1409
65.2438
81.2532
114.829
172.715
254.765
347.434
436.172
511.064
566.197
598.463
607.131
593.69
561.094
512.992
453.301
386.608
318.837
256.453
204.576
165.626
148.795
162.992
236.41
335.983
407.704
442.197
439.668
404.282
351.245
303.368
276.467
270.997
73.7297
62.7033
63.3115
78.1326
115.806
183.361
280.624
389.279
491.97
578.775
643.582
682.655
694.509
680.698
645.027
592.157
526.603
452.783
376.077
302.838
239.69
189.405
157.325
152.744
189.171
285.067
386.974
454.762
471.986
442.323
378.44
316.382
276.991
266.628
71.5107
62.5089
62.4088
75.293
116.165
192.326
302.872
424.36
537.45
633.357
705.857
750.857
765.597
751.229
712.701
656.006
586.393
508.203
426.061
345.686
274.256
215.339
171.912
154.013
164.024
229.079
336.69
433.857
478.326
468.267
402.122
329.605
278.963
263.71
70.0437
62.3383
62.1522
72.956
115.884
198.969
319.714
449.823
568.913
669.99
746.741
795.604
812.697
797.591
756.872
698.109
627.006
547.643
463.885
380.56
304.576
240.194
189.547
160.016
157.901
188.385
276.124
381.209
454.644
479.913
415.228
339.866
281.303
261.033
69.1431
62.1903
61.9237
71.1237
114.968
202.735
329.666
463.536
583.716
684.885
760.95
809.476
830.085
810.335
770.232
712.879
643.951
567.186
485.858
403.978
327.659
261.395
207.205
169.376
158.117
167.205
220.157
311.477
396.375
435.887
409.496
343.136
282.582
258.459
68.5556
62.1186
61.7256
69.6842
113.366
203.069
331.512
464.123
580.389
676.092
746.082
788.057
801.392
786.915
750.419
698.165
635.153
564.777
489.891
413.664
341.383
277.1
222.871
180.97
160.901
161.473
182.945
245.398
322.255
375.238
377.832
334.642
280.933
255.751
67.9552
62.1562
61.5475
68.5212
110.916
199.388
324.374
450.986
558.601
644.088
704.062
737.548
746.09
732.43
700.669
655.65
601.269
540.393
475.4
408.882
344.743
286.227
235.353
193.483
166.881
161.423
166.016
195.543
251.099
305.126
329.072
312.499
274.666
252.523
67.2127
62.3185
61.3803
67.5032
107.379
191.027
307.791
424.123
519.183
591.072
639.043
663.454
667.158
653.655
626.576
589.477
545.249
496.094
443.805
390.243
337.746
288.448
244.053
205.58
175.976
163.261
162.728
170.196
198.67
240.927
274.216
280.785
262.869
248.372
66.2118
62.8412
61.2137
66.5263
102.534
177.699
281.371
383.576
463.639
519.975
554.902
570.323
569.449
556.097
533.561
504.647
471.489
435.584
397.975
359.526
321.153
283.868
248.7
216.456
188.407
169.714
163.298
163.399
171.202
194.91
225.592
245.373
246.185
243.13
64.9051
63.598
61.0271
65.4464
96.1504
159.537
245.446
329.759
393.698
434.407
455.899
462.377
457.552
444.733
426.945
406.444
384.728
362.602
340.322
317.822
294.948
271.679
248.181
224.759
201.83
182.022
168.848
164.067
163.77
170.804
190.765
214.015
227.956
236.631
63.3238
64.3154
60.8206
64.1925
88.3241
137.514
201.807
264.049
310.503
337.698
348.481
347.334
339.036
326.825
313.298
300.221
288.606
278.79
270.569
263.348
256.297
248.445
238.937
226.896
212.022
195.82
180.549
169.525
164.872
164.178
171.603
190.844
211.428
229.643
61.597
64.52
60.6929
62.8275
79.6191
113.71
155.046
191.928
216.539
227.062
226.399
218.808
207.443
195.428
184.822
176.963
172.567
171.92
175.042
181.473
190.359
200.328
209.381
214.949
215.777
206.275
193.478
180.079
170.025
165.317
165.049
175.358
197.492
223.05
59.7226
64.7086
60.4953
61.4787
70.9395
90.8205
112.342
127.476
133.974
132.467
125.627
116.265
106.946
99.2539
93.9436
91.2558
91.181
93.6375
98.9218
107.665
120.242
136.32
155.947
176.453
193.758
202.281
199.874
190.001
178.037
169.157
165.502
168.585
186.788
216.677
57.6926
64.6541
60.2932
60.3352
63.6523
71.7569
80.1788
83.326
81.509
76.9864
72.0939
68.164
65.5303
64.0295
63.2933
62.9905
62.9808
63.4702
64.807
67.9138
74.566
85.612
103.05
126.356
153.278
178.251
193.352
194.457
184.758
174.101
167.225
167.193
179.961
211.507
55.584
64.4899
60.1991
59.8137
59.9802
60.3164
60.4963
60.2878
59.5645
58.9184
58.8449
58.7789
58.7213
58.6704
58.6247
58.5833
58.5451
58.5093
58.4744
58.442
58.8464
60.7694
67.1288
81.4426
105.63
135.981
167.408
186.974
188.052
177.924
169.46
167.49
176.354
207.857
53.4548
64.1953
60.0222
59.6244
59.4841
59.3871
59.2737
59.1698
59.0995
59.0998
59.1956
59.3776
59.6535
59.9982
60.3422
60.5762
60.5824
60.2184
59.4821
58.4644
57.4888
56.9436
56.925
58.6741
68.5212
90.4529
123.652
159.705
181.396
178.625
170.885
167.867
174.745
205.573
51.3194
63.7535
59.9679
59.6333
59.4835
59.4138
59.3921
59.5116
59.8949
60.7693
62.3796
64.6219
67.2264
69.8163
71.938
73.1925
73.3318
72.3553
70.3621
67.4757
63.9947
60.4881
57.6326
55.9574
55.7553
61.6503
80.9418
116.153
155.756
176.15
171.245
168.26
174.193
204.272
49.3007
63.2653
59.9315
59.6593
59.5788
59.6638
60.1235
61.4247
63.8515
67.4856
72.0227
76.8045
81.3744
85.2073
87.9741
89.518
89.7845
88.7481
86.393
82.7453
77.9193
72.1839
66.0429
60.3126
56.221
54.5799
58.1356
75.9917
114.008
156.874
171.594
168.649
174.092
203.444
47.4062
62.8038
59.9001
59.7027
59.8773
60.7845
62.9782
66.8293
72.1801
78.6279
85.3993
91.7934
97.3555
101.79
104.971
106.817
107.266
106.269
103.806
99.8698
94.5028
87.8221
80.0599
71.6704
63.5132
57.009
54.0921
56.3421
74.9061
118.101
162.403
169.608
174.198
202.405
45.598
62.378
59.9022
59.8934
60.9298
63.5897
68.2986
75.0002
83.0509
91.5885
99.7729
107.09
113.275
118.199
121.771
123.906
124.535
123.615
121.133
117.085
111.502
104.437
95.9878
86.3699
76.0291
65.8595
57.5048
53.555
55.6061
78.0478
130.181
172.621
174.618
200.605
43.8191
61.9984
59.9501
60.4497
62.9436
67.8628
75.2806
84.5787
94.6991
104.648
113.781
121.813
128.613
134.081
138.106
140.586
141.439
140.61
138.087
133.894
128.091
120.753
111.958
101.808
90.4958
78.4794
66.7455
57.1693
52.7369
56.4199
87.9928
152.821
173.958
199.475
41.9991
61.6185
59.9871
61.356
65.7284
73.0579
82.9882
94.3941
106.025
117.019
126.99
135.807
143.372
149.556
154.209
157.18
158.346
157.631
155.026
150.586
144.419
136.661
127.447
116.889
105.079
92.1783
78.6638
65.7576
55.7661
51.8273
60.4611
111.953
186.412
199.947
40.0675
61.1759
60.111
62.6123
68.9517
78.5778
90.6529
103.706
116.512
128.452
139.35
149.135
157.688
164.822
170.316
173.951
175.545
174.994
172.29
167.516
160.833
152.45
142.586
131.435
119.122
105.713
91.3263
76.4909
62.7823
53.484
51.0882
74.8542
160.816
200.157
37.9453
60.6045
60.3018
64.0436
72.2631
83.9276
97.7637
112.132
125.966
138.899
150.883
161.851
171.628
179.951
186.508
190.994
193.158
192.849
190.054
184.887
177.567
168.385
157.649
145.643
132.587
118.603
103.727
88.0645
72.2459
58.3297
51.0321
53.9709
105.353
200.614
35.5408
59.798
60.484
65.4439
75.3609
88.7563
104.026
119.499
134.325
148.342
161.57
173.915
185.137
194.883
202.745
208.307
211.22
211.264
208.4
202.779
194.703
184.566
172.777
159.711
145.668
130.851
115.347
99.1692
82.5006
66.3477
53.6072
49.3118
74.2651
200.939
32.8219
58.7117
60.6185
66.6434
78.0157
92.8395
109.285
125.735
141.552
156.73
171.321
185.198
198.059
209.471
218.91
225.826
229.724
230.269
227.379
221.242
212.269
200.996
187.971
173.672
158.472
142.632
126.299
109.487
92.1791
74.7293
58.7895
49.2583
50.7005
99.5037
29.7988
57.2013
60.7278
67.5101
80.0687
96.0463
113.467
130.802
147.6
163.972
179.987
195.498
210.164
223.478
234.796
243.391
248.567
249.82
246.983
240.279
230.256
217.643
203.174
187.466
170.963
153.964
136.654
119.092
101.214
83.1226
65.8209
51.9309
45.5313
44.7645
26.5228
55.1298
60.7683
67.9529
81.4201
98.3071
116.539
134.674
152.412
169.95
187.384
204.568
221.149
236.569
250.06
260.684
267.486
269.716
267.065
259.777
248.567
234.411
218.286
200.988
183.053
164.8
146.413
127.988
109.464
90.6895
72.0962
55.9721
46.625
44.5838
23.0782
52.3889
60.706
67.974
82.0176
99.5947
118.489
137.331
155.926
174.545
193.319
212.132
230.653
248.304
264.206
277.199
286.011
289.553
287.283
279.447
266.953
251.091
233.13
214.081
194.606
175.042
155.534
136.171
116.958
97.7001
78.3277
60.2563
47.8218
44.512
19.5773
48.7656
60.3859
67.6651
81.8213
99.8931
119.325
138.762
158.094
177.653
197.615
217.919
238.288
258.162
276.593
292.221
303.421
308.668
307.063
298.78
284.971
267.317
247.422
226.53
205.448
184.553
163.94
143.628
123.651
103.875
84.0081
64.7025
49.582
44.4623
16.1547
44.1776
59.4176
67.0987
80.8803
99.2092
119.045
138.967
158.891
179.203
200.137
221.695
243.683
265.6
286.494
304.871
318.777
326.161
325.584
317.03
301.964
282.548
260.754
238.046
215.374
193.178
171.517
150.317
129.579
109.253
88.9798
68.7958
51.5766
44.4242
12.9505
38.8811
57.4974
66.2745
79.3083
97.5679
117.67
137.96
158.318
179.168
200.806
223.306
246.555
270.147
293.193
314.18
330.941
340.887
341.793
333.203
317.075
296.094
272.608
248.266
224.145
200.756
178.152
156.168
134.731
113.849
93.2156
72.4777
53.6211
44.3926
10.1442
32.9401
54.3597
65.0766
77.2698
95.0334
115.23
135.772
156.406
177.57
199.62
222.693
246.749
271.488
296.139
319.264
338.704
351.475
354.356
346.05
329.272
307.165
282.406
256.791
231.5
207.123
183.738
161.117
139.096
117.705
96.7291
75.6201
55.5698
44.3649
7.99486
26.7791
49.8605
63.2452
74.9184
91.7386
111.769
132.448
153.216
174.478
196.647
219.914
244.294
269.566
295.078
319.513
340.841
356.119
360.95
354.112
337.438
314.954
289.577
263.228
237.185
212.125
188.185
165.11
142.658
120.852
99.5791
78.2214
57.323
44.3395
6.45268
20.898
44.0882
60.4277
72.3056
87.8869
107.369
128.036
148.824
170
192.021
215.128
239.369
264.574
290.183
315.006
337.137
353.802
360.643
355.973
340.581
318.774
293.64
267.247
240.984
215.634
191.418
168.107
145.406
123.32
101.818
80.307
58.8441
44.3159
5.38785
15.7051
37.3652
56.2869
69.2999
83.7025
102.188
122.6
143.312
164.268
185.92
208.565
232.272
256.893
281.934
306.322
328.282
345.224
353.796
351.114
338.189
318.234
294.297
268.626
242.746
217.558
193.393
170.087
147.338
125.133
103.502
81.9224
60.1217
44.2936
4.67696
11.4585
30.2644
50.6934
65.5847
79.3247
96.4624
116.251
136.757
157.416
178.548
200.499
223.37
247.02
270.995
294.339
315.443
331.987
341.133
340.617
330.634
313.367
291.494
267.295
242.404
217.852
194.09
171.046
148.458
126.314
104.679
83.1159
61.1604
44.2722
4.21861
8.24352
23.1495
43.7287
60.7656
74.7035
90.4581
109.183
129.253
149.562
170.107
191.218
213.048
235.474
258.075
280.002
299.853
315.641
325.038
326.268
319.061
304.76
285.492
263.349
239.986
216.523
193.515
170.996
148.782
126.884
105.388
83.9305
61.971
44.2516
3.92742
6.20378
16.739
35.7974
54.5215
69.5499
84.3529
101.68
120.951
140.804
160.761
180.989
201.672
222.742
243.82
264.164
282.582
297.436
306.86
309.406
304.595
293.188
276.748
257.041
235.622
213.632
191.701
169.961
148.329
126.864
105.659
84.4058
62.5648
44.232
3.75991
5.03426
11.6312
27.6587
46.8388
63.4179
78.0911
94.0349
112.105
131.269
150.63
170.02
189.561
209.244
228.769
247.505
264.462
278.315
287.588
291.073
288.248
279.475
265.832
248.721
229.51
209.287
188.703
167.975
147.125
126.273
105.513
84.5715
62.9529
44.2134
3.67709
4.37808
8.00192
20.0564
38.1139
55.9502
71.3424
86.3909
103.042
121.17
139.825
158.446
176.945
195.314
213.344
230.536
246.086
258.942
267.937
272.079
270.847
264.357
253.317
238.786
221.901
203.628
184.596
165.079
145.195
125.128
104.965
84.4445
63.1399
44.1957
3.65567
4.01066
5.80872
13.6498
29.066
47.1078
63.6237
78.5975
94.0229
110.824
128.522
146.364
163.955
181.167
197.842
213.613
227.861
239.76
248.399
252.971
252.99
248.423
239.712
227.626
213.058
196.817
179.467
161.317
142.564
123.442
104.021
84.0358
63.1228
44.1769
3.67645
3.82509
4.70614
9.02448
20.7262
37.4024
54.6224
70.2242
85.0539
100.543
117.01
133.915
150.659
166.899
182.426
196.959
210.042
221.056
229.298
234.124
235.106
232.128
225.443
215.588
203.23
189.006
173.401
156.731
139.251
121.22
102.675
83.3498
62.9107
44.1567
4.58689
3.76644
4.16708
6.14678
13.7298
27.6481
44.4539
60.7987
75.8006
90.4341
105.612
121.358
137.168
152.541
167.127
180.645
192.747
202.981
210.825
215.78
217.485
215.797
210.836
202.954
192.629
180.338
166.48
151.366
135.276
118.462
100.917
82.3719
62.5284
44.1064
7.24789
3.78892
3.93303
4.76417
8.76951
18.9643
33.8424
50.2023
65.7562
80.246
94.4781
109.001
123.713
138.172
151.93
164.63
175.951
185.547
193.035
198.046
200.293
199.634
196.106
189.926
181.416
170.927
158.779
145.264
130.654
115.163
98.7258
81.0714
61.9579
44.0043
12.4291
4.7736
3.86641
4.18971
5.84383
12.0602
23.7942
38.8901
54.6313
69.477
83.4025
96.9935
110.572
124.001
136.899
148.865
159.551
168.645
175.851
180.892
183.553
183.709
181.356
176.615
169.699
160.863
150.367
138.465
125.396
111.306
96.0698
79.4239
61.181
43.8447
19.7248
7.85809
3.89412
3.98571
4.56711
7.50211
15.4517
27.8916
42.7216
57.7527
71.8862
85.1253
97.8566
110.268
122.227
133.42
143.501
152.161
159.134
164.197
167.181
167.989
166.596
163.067
157.546
150.222
141.305
131.005
119.499
106.855
92.895
77.3794
60.1596
43.6123
28.0347
13.9884
5.51294
3.94269
4.13409
5.12726
9.38339
18.3421
30.9509
45.2632
59.5251
72.8884
85.3053
97.0054
108.097
118.475
127.899
136.096
142.817
147.864
151.091
152.415
151.809
149.312
145.021
139.08
131.656
122.908
112.941
101.749
89.122
74.8631
58.8436
43.2912
36.4079
22.5649
9.93547
4.5438
4.01651
4.2882
5.89799
11.1753
20.5494
32.8845
46.4746
59.8829
72.3868
83.8633
94.4207
104.12
112.893
120.576
126.978
131.928
135.298
137.011
137.044
135.419
132.208
127.518
121.472
114.176
105.67
95.8935
84.6401
71.7704
57.1568
42.8531
43.3344
32.474
18.0056
7.62181
4.08465
4.09764
4.45094
6.66349
12.541
21.8891
33.6288
46.3162
58.7559
70.295
80.7383
90.1023
98.4174
105.65
111.713
116.496
119.907
121.884
122.407
121.495
119.199
115.596
110.766
104.764
97.586
89.1564
79.3043
67.9634
54.9896
42.2379
49.77
42.5028
28.6093
14.756
6.20998
4.10069
4.16391
4.65309
7.27832
13.2861
22.2368
33.1243
44.7381
56.0754
66.5357
75.8738
84.0409
91.044
96.8784
101.516
104.921
107.067
107.948
107.583
106.013
103.29
99.4612
94.5476
88.5341
81.3675
72.944
63.2765
52.196
41.3261
57.8252
52.6171
40.5967
25.2876
12.15
5.46311
4.12752
4.20591
4.83974
7.61872
13.3611
21.5699
31.3562
41.7112
51.7891
61.045
69.2114
76.1959
81.9865
86.5941
90.032
92.3143
93.4621
93.5016
92.47
90.4086
87.3517
83.3175
78.3133
72.3401
65.3816
57.5362
48.6062
39.9803
67.9944
63.7611
53.357
38.1554
22.2811
10.386
5.03137
4.15226
4.22274
4.92254
7.61666
12.7783
19.9542
28.3972
37.2834
45.9162
53.8187
60.7237
66.5151
71.1641
74.6839
77.1058
78.4685
78.8156
78.1834
76.618
74.1628
70.8604
66.7614
61.9361
56.4651
50.554
44.023
38.2394
79.1898
76.2478
66.8395
52.361
35.3731
19.8668
9.23676
4.80601
4.1692
4.19348
4.85154
7.17178
11.542
17.4952
24.4137
31.6553
38.6701
45.0609
50.5865
55.1267
58.6418
61.1394
62.652
63.226
62.9088
61.7543
59.8248
57.1937
53.9541
50.2331
46.187
42.1317
38.0618
35.7396
8.87586
2.80632
2.18586
3.14365
9.55795
20.5414
8.748
2.77592
2.19958
3.37129
10.1581
24.8294
8.67188
2.7604
2.2121
3.48762
10.6424
30.4924
8.63658
2.75565
2.22417
3.55314
11.1523
36.4507
8.63247
2.75831
2.23597
3.59799
11.584
40.9354
8.64676
2.77146
2.24757
3.62857
11.8417
43.9436
8.66117
2.80488
2.25904
3.64852
11.9206
45.7929
8.67571
2.85675
2.27042
3.65551
11.8679
46.6845
8.69042
2.9236
2.28171
3.64835
11.7153
46.8133
8.70534
3.00293
2.29291
3.62918
11.4842
46.3497
8.72052
3.0936
2.30404
3.60037
11.1906
45.401
8.73599
3.19514
2.31506
3.56387
10.8468
44.0532
8.75181
3.30741
2.32592
3.52118
10.4628
42.422
8.76802
3.4304
2.33404
3.47339
10.0478
40.5694
8.78468
3.56445
2.34743
3.42133
9.61145
38.5554
8.80185
3.70988
2.36082
3.36682
9.16329
36.4342
8.81961
3.8672
2.37319
3.31115
8.71221
34.2584
8.83806
4.03737
2.38643
3.25536
8.2661
32.0749
8.8573
4.22359
2.40535
3.20048
7.83117
29.9246
8.87747
4.42106
2.43127
3.14765
7.41167
27.8407
8.89872
4.62746
2.46526
3.09811
7.01076
25.8502
8.92124
4.8403
2.50836
3.05313
6.63063
23.9716
8.94521
5.05817
2.56161
3.014
6.27206
22.2138
8.97091
5.28064
2.6261
2.98193
5.93454
20.5741
8.99866
5.50814
2.70314
2.95825
5.61644
19.0396
9.02889
5.74144
2.79433
2.94461
5.31559
17.59
9.06221
5.98161
2.90158
2.94362
5.02963
16.2036
9.09941
6.22956
3.02708
2.95195
4.76191
14.8571
9.14167
6.48599
3.17189
2.96334
4.51493
13.534
9.19064
6.75075
3.34145
2.97467
4.28807
12.2201
9.24875
7.02331
3.54393
2.98584
4.08136
10.9243
9.31983
7.30313
3.78489
2.99556
3.89544
9.69087
9.41034
7.59147
4.07128
3.0097
3.72915
8.54262
9.53211
7.8902
4.41841
3.04405
3.5867
7.49719
9.70921
8.19575
4.8219
3.11909
3.47388
6.56523
9.94002
8.53915
5.2621
3.24365
3.40248
5.75381
9.89216
8.86876
5.78456
3.43453
3.38474
5.0751
15.7537
9.19814
6.18469
3.68207
3.39543
4.56
44.0967
12.651
6.67005
3.89473
3.40567
4.18835
43.433
16.6995
7.36565
4.07941
3.41983
3.92495
42.7396
21.923
8.93098
4.3271
3.43997
3.74892
42.2592
28.3941
11.6469
4.81333
3.45963
3.63933
41.8527
36.8274
16.1782
5.82147
3.48
3.57754
41.432
41.096
22.279
7.97059
3.49918
3.54775
41.1991
40.6823
28.5308
11.7366
4.01071
3.54443
40.96
39.7352
34.6554
17.1691
5.48267
3.56745
40.7191
39.0945
38.2138
23.8885
8.59243
3.58847
40.4542
38.8037
39.2463
30.6115
13.8866
4.63388
40.2189
38.5733
39.254
35.914
20.8183
7.39801
40.033
38.403
38.8384
38.4523
27.9378
12.4932
39.9601
38.2241
38.5841
39.4854
34.1931
19.3822
40.1112
38.0677
38.2669
39.3328
38.1563
27.0339
40.5141
37.9304
37.8727
38.9576
39.9729
33.9424
41.1147
37.8127
37.6267
38.764
40.4834
39.4135
41.4839
37.6072
37.4679
38.8417
41.186
42.9828
39.4578
37.2329
37.3676
39.5195
43.2547
45.2373
38.1873
36.7985
37.4938
41.2137
46.668
50.1365
37.382
36.5548
38.1424
44.0829
51.755
57.3172
36.9204
36.4328
39.3903
47.8637
57.971
65.7869
36.6246
36.3204
41.0206
51.7375
64.1917
74.4133
30.4727
30.5036
30.535
30.5673
30.6005
30.6348
30.6703
30.707
30.7451
30.7848
30.8259
30.8685
30.9125
30.9581
31.005
31.0532
31.1028
31.1535
31.2055
31.2584
21.3798
21.4978
21.6478
21.8415
22.0698
22.3206
22.5853
22.8581
23.1344
23.4085
23.6735
23.9248
24.1604
24.3797
24.5828
24.7712
24.9449
25.1118
25.2456
25.4756
13.0689
13.0026
12.986
13.0193
13.0962
13.2068
13.3432
13.5002
13.6733
13.8581
14.0497
14.2438
14.4366
14.6255
14.8085
14.9851
15.1536
15.321
15.4584
15.7023
7.31041
7.25292
7.22918
7.23144
7.25626
7.29894
7.3551
7.42177
7.4967
7.57788
7.66336
7.75141
7.84056
7.92962
8.01771
8.10456
8.18905
8.27532
8.34604
8.47779
5.04838
5.05558
5.06832
5.08523
5.10543
5.1277
5.15145
5.17635
5.20218
5.22873
5.25582
5.28328
5.31097
5.33876
5.36656
5.39432
5.422
5.44979
5.47638
5.51214
4.69701
4.717
4.7372
4.75757
4.77809
4.79871
4.8194
4.84014
4.86091
4.88168
4.90244
4.92317
4.94386
4.96451
4.98511
5.00566
5.02616
5.04663
5.06688
5.08992
4.79545
4.81859
4.84096
4.86268
4.88391
4.90451
4.92445
4.94393
4.96311
4.98212
5.00106
5.01999
5.03898
5.05804
5.07719
5.09643
5.11574
5.13513
5.15445
5.17565
6.65579
6.79567
6.89946
6.97147
7.01616
7.04032
7.05091
7.05245
7.04829
7.04102
7.03263
7.02459
7.01787
7.0131
7.01056
7.01031
7.01215
7.01599
7.02031
7.02906
12.8953
13.0881
13.2192
13.3013
13.3467
13.3657
13.3648
13.3504
13.3278
13.301
13.2733
13.2469
13.2235
13.204
13.1889
13.1782
13.1718
13.1688
13.1688
13.1699
18.7377
18.7983
18.8599
18.9219
18.978
19.019
19.05
19.0747
19.0962
19.1167
19.1379
19.1609
19.1865
19.215
19.2466
19.281
19.318
19.3569
19.398
19.4385
89.2823
88.5956
80.3703
66.7274
49.6887
32.2089
17.6479
8.27065
4.59279
4.18119
4.20045
4.67862
6.46771
9.91268
14.5611
19.9115
25.4674
30.8076
35.6226
39.7137
42.9755
45.3695
46.9009
47.6012
47.5223
46.7234
45.2808
43.2876
40.8588
38.1404
35.306
32.675
30.3331
30.4078
95.8701
97.6597
91.907
79.9649
63.821
45.8373
28.9318
15.7217
7.54938
4.4784
4.19365
4.21112
4.48289
5.68559
8.14608
11.4943
15.3166
19.2392
22.9564
26.2416
28.9502
31.0057
32.381
33.0854
33.1611
32.6678
31.6805
30.2889
28.5991
26.7363
24.8473
23.1363
21.7562
21.3126
98.2003
103.213
100.047
90.5704
76.3515
59.2598
41.6685
26.086
14.3494
7.18317
4.48379
4.20679
4.22708
4.2684
4.87999
6.22791
8.31372
10.7401
13.2118
15.5033
17.4653
19.0066
20.0806
20.679
20.8258
20.567
19.9599
19.0717
17.9834
16.7906
15.6013
14.5372
13.6974
13.2393
95.8236
102.435
103.313
96.8713
85.2697
70.2777
53.6717
37.5201
23.7187
13.4694
7.14941
4.61894
4.24331
4.2445
4.27468
4.36333
4.82926
5.66189
6.77889
8.03373
9.20688
10.1809
10.8927
11.3191
11.4713
11.355
11.0078
10.4882
9.86622
9.21435
8.59936
8.07635
7.67929
7.4328
88.5101
97.253
99.9978
96.8097
88.543
76.6284
62.469
47.5995
33.618
21.8549
13.0711
7.46616
4.94896
4.34009
4.28736
4.29211
4.32676
4.36065
4.43679
4.63356
4.89617
5.16607
5.39352
5.54603
5.60471
5.59569
5.5375
5.44898
5.3489
5.25276
5.17107
5.10948
5.06965
5.05081
76.957
85.9761
90.2957
89.8908
85.0666
76.7728
65.9715
53.8272
41.5094
30.1144
20.5095
13.1631
8.23297
5.64243
4.58926
4.39576
4.36011
4.36519
4.37642
4.39569
4.42338
4.44737
4.46883
4.48911
4.50869
4.52771
4.54636
4.5648
4.58313
4.60149
4.61998
4.63871
4.65778
4.67727
62.7944
71.1906
76.0932
77.3917
75.3506
70.4395
63.2867
54.6378
45.2015
35.8034
27.1285
19.6955
13.7864
9.64561
6.92556
5.4753
4.839
4.62327
4.54754
4.51483
4.5056
4.50985
4.52118
4.53665
4.5551
4.57533
4.5967
4.61926
4.64302
4.66791
4.69368
4.71989
4.74597
4.77134
48.1663
54.7389
59.342
61.4862
61.3154
59.06
55.1574
49.992
43.9451
37.4597
30.9802
24.9447
19.6002
15.2177
11.8169
9.32294
7.59617
6.50741
5.83966
5.48476
5.29592
5.19456
5.14444
5.12833
5.1378
5.16842
5.22434
5.3128
5.44028
5.60863
5.81226
6.0378
6.26618
6.47749
36.5006
39.7085
42.6156
44.5433
45.2914
44.8434
43.3493
41.1045
38.2092
34.8139
31.1384
27.4521
23.9005
20.6495
17.8269
15.4664
13.556
12.094
10.9639
10.1329
9.55087
9.16629
8.93684
8.82273
8.84873
9.02628
9.34249
9.76888
10.2719
10.811
11.3456
11.8417
12.2737
12.6265
32.0819
32.0149
31.9573
31.9027
31.8485
31.7901
31.5979
31.104
30.2956
29.1974
28.0099
26.8136
25.554
24.2956
23.0814
21.8976
20.8557
20.0098
19.3577
18.8752
18.5384
18.3318
18.2371
18.2466
18.2793
18.3131
18.3484
18.3858
18.4259
18.4693
18.5163
18.567
18.6213
18.6787
36.4173
36.2254
42.4256
54.6825
69.0541
81.6161
36.2554
36.1406
42.9612
55.9053
71.5491
86.002
36.1231
36.0168
42.31
55.1084
71.1439
86.6755
36.0762
35.6627
40.552
52.1497
67.5037
83.1698
36.234
35.3024
38.1412
47.3722
60.8876
75.6025
36.8388
35.1742
35.8579
41.715
52.3448
64.9507
38.5523
36.7183
34.6012
36.6528
43.4448
52.7583
40.3963
40.0061
36.1871
34.0984
36.2609
41.4329
41.3701
44.1368
40.8547
34.8155
32.9394
34.1004
43.7964
44.7824
46.6735
40.6755
32.4234
32.1705
)
;

boundaryField
{
    inlet
    {
        type            fixedValue;
        value           uniform 0;
    }
    outlet
    {
        type            inletOutlet;
        inletValue      uniform 0;
        value           nonuniform List<scalar> 10(31.2584 25.4756 15.7023 8.47779 5.51214 5.08992 5.17565 7.02906 13.1699 19.4385);
    }
    walls
    {
        type            zeroGradient;
    }
    baffle
    {
        type            zeroGradient;
    }
    frontAndBack
    {
        type            empty;
    }
}


// ************************************************************************* //
