/*--------------------------------*- C++ -*----------------------------------*\
| =========                 |                                                 |
| \\      /  F ield         | OpenFOAM: The Open Source CFD Toolbox           |
|  \\    /   O peration     | Version:  v2012                                 |
|   \\  /    A nd           | Website:  www.openfoam.com                      |
|    \\/     M anipulation  |                                                 |
\*---------------------------------------------------------------------------*/
FoamFile
{
    version     2.0;
    format      ascii;
    class       volScalarField;
    location    "545";
    object      k;
}
// * * * * * * * * * * * * * * * * * * * * * * * * * * * * * * * * * * * * * //

dimensions      [0 2 -2 0 0 0 0];


internalField   nonuniform List<scalar> 
6018
(
0.0102844
0.0120729
0.0138368
0.015584
0.0173244
0.0190886
0.0209278
0.0229057
0.0250959
0.0275876
0.0304947
0.0339676
0.0382114
0.0435155
0.0503009
0.0591972
0.0711693
0.0877486
0.111496
0.147015
0.0154068
0.0171219
0.0190311
0.0211539
0.0235157
0.0261498
0.0291112
0.0324763
0.0363388
0.0408119
0.0460335
0.0521736
0.0594431
0.0681057
0.0784777
0.090941
0.105935
0.123916
0.145268
0.169943
0.0290875
0.0318852
0.0348125
0.0379016
0.0411907
0.0447286
0.0485739
0.0527945
0.0574668
0.0626775
0.0685255
0.075126
0.0826096
0.0911192
0.100827
0.111925
0.124613
0.139099
0.155591
0.174326
0.039821
0.0427827
0.0458488
0.0490596
0.0524571
0.0560871
0.0599986
0.0642446
0.0688835
0.0739799
0.079607
0.085848
0.0927987
0.100573
0.109308
0.119168
0.130357
0.143139
0.157877
0.175089
0.0456222
0.0484198
0.0513425
0.0544285
0.0577142
0.0612368
0.0650354
0.0691526
0.0736355
0.0785378
0.0839217
0.0898606
0.0964431
0.103779
0.112007
0.121307
0.131912
0.144134
0.158401
0.175294
0.047037
0.0495685
0.0522676
0.0551679
0.0583003
0.0616967
0.0653917
0.069424
0.0738382
0.0786831
0.084023
0.0899293
0.0964884
0.103808
0.112025
0.121317
0.131916
0.144136
0.158402
0.175294
0.0440916
0.0462573
0.048649
0.0512941
0.0542202
0.0574568
0.0610387
0.0650066
0.0694354
0.0743776
0.0798891
0.0860435
0.0929306
0.10066
0.109362
0.1192
0.130374
0.143147
0.157879
0.175089
0.0358735
0.0374446
0.0393036
0.0414744
0.0439784
0.0468425
0.0501486
0.0539761
0.058347
0.063329
0.0690021
0.0754685
0.0828471
0.0912782
0.100931
0.111988
0.124648
0.139116
0.155597
0.174327
0.0213589
0.0219593
0.0228912
0.024165
0.0258142
0.0279176
0.030489
0.033546
0.0371639
0.0414425
0.0465115
0.0525327
0.0597099
0.0682988
0.0786119
0.0910291
0.105987
0.123943
0.14528
0.169945
0.0191909
0.018915
0.0189577
0.019368
0.0200933
0.0211044
0.0223868
0.023956
0.0258485
0.0281248
0.0308762
0.0342358
0.0383968
0.0436403
0.0503816
0.0592462
0.0711963
0.0877614
0.1115
0.147015
8.46766e-05
0.000107073
0.000108958
9.01517e-05
5.89731e-05
3.11832e-05
1.45275e-05
7.23212e-06
5.536e-06
9.39369e-06
2.54028e-05
5.46699e-05
8.70153e-05
0.00010983
0.000115904
0.000114975
0.000112905
0.000116292
0.000128721
0.00013982
0.000145408
0.000150571
0.00015876
0.000158931
0.000154816
0.00017236
0.000339545
0.000662705
0.00124202
0.00214611
0.00339276
0.00493438
0.00665988
0.00846379
0.000383543
0.000328894
0.000234614
0.000162111
0.00010819
6.98271e-05
4.45716e-05
2.99095e-05
2.56663e-05
5.02088e-05
0.000158669
0.000333611
0.000490662
0.000555339
0.000548383
0.000571009
0.000629957
0.000743111
0.000903268
0.00106549
0.0012062
0.0014696
0.00195488
0.00256095
0.00328612
0.0041322
0.0050955
0.00615458
0.00729863
0.00852658
0.00982286
0.011167
0.012529
0.013874
0.00104003
0.000986252
0.000844204
0.000661972
0.000484659
0.000339017
0.000233401
0.000166662
0.000146141
0.000246828
0.000688433
0.00137669
0.0020437
0.00252155
0.00295504
0.00334137
0.00383098
0.0045465
0.00556957
0.00649686
0.00731695
0.00804377
0.00875723
0.00951213
0.0103752
0.0113736
0.012533
0.0138685
0.0153972
0.017126
0.0190861
0.0213351
0.0237827
0.026376
0.00159314
0.00153848
0.00137461
0.00116946
0.000938243
0.000716197
0.000533507
0.000413158
0.000417008
0.000786532
0.00197927
0.00362654
0.00521492
0.00686698
0.00818288
0.00951338
0.0109234
0.012206
0.0130816
0.013467
0.0136003
0.0137725
0.0141671
0.014863
0.0158893
0.0172499
0.0189382
0.0209311
0.0232092
0.0257295
0.0284047
0.0311838
0.0340219
0.0368993
0.00219933
0.00210141
0.00189417
0.00164034
0.00136358
0.00109296
0.000866813
0.000763886
0.00108624
0.00252277
0.0051251
0.00820279
0.0110722
0.0134437
0.0153261
0.0169297
0.0179743
0.0181717
0.01776
0.0172083
0.0168925
0.0170216
0.017662
0.0187985
0.0203773
0.0223263
0.0245642
0.027008
0.0295815
0.0322194
0.0348773
0.0375372
0.0402
0.042885
0.00301752
0.0028301
0.00252604
0.00216963
0.00181026
0.00148869
0.00128224
0.0015002
0.00307906
0.00669347
0.0111943
0.0153524
0.0182627
0.0202898
0.0216173
0.0220681
0.0215602
0.0204097
0.0193002
0.0186494
0.0186336
0.0192627
0.0204585
0.0221042
0.0240732
0.0262479
0.0285312
0.0308524
0.033167
0.0354567
0.0377248
0.0399889
0.0422745
0.0446125
0.00407195
0.00374425
0.00328445
0.00276948
0.00230037
0.00197561
0.00207405
0.00350469
0.00747788
0.0133295
0.0188459
0.022429
0.0244723
0.025285
0.0249822
0.0236775
0.0219442
0.0204162
0.0195197
0.019383
0.0199491
0.0210756
0.022596
0.0243534
0.0262195
0.0281016
0.0299436
0.0317223
0.03344
0.0351174
0.0367872
0.0384839
0.0402368
0.0420883
0.0053288
0.00476891
0.00408727
0.00339736
0.00288711
0.00285426
0.00409681
0.00788062
0.0146026
0.0210618
0.0256425
0.0278694
0.028178
0.0270779
0.0250355
0.0227837
0.0209203
0.0198001
0.0195006
0.019906
0.0208228
0.0220502
0.023416
0.0247903
0.0260882
0.0272655
0.0283128
0.0292432
0.0300871
0.0308854
0.0316814
0.0325255
0.0334714
0.0345607
0.00665324
0.00582009
0.00491271
0.00415323
0.00392973
0.00499813
0.00859868
0.0147716
0.0220156
0.0276312
0.0303934
0.0304895
0.0286739
0.0259953
0.0232543
0.0210581
0.019693
0.0191694
0.0193239
0.0199251
0.0207493
0.021614
0.0223876
0.0229884
0.0233748
0.0235376
0.0234861
0.0232494
0.0228654
0.0223825
0.0218699
0.0214128
0.0211051
0.0210593
0.00797117
0.00691876
0.00592985
0.00548038
0.00634212
0.00929648
0.014801
0.0218371
0.028223
0.0318202
0.0321042
0.0299815
0.0267679
0.0235666
0.0210176
0.0193713
0.0185804
0.0184391
0.0186918
0.019102
0.0194848
0.0197132
0.0197151
0.0194619
0.0189614
0.0182479
0.0173749
0.0163895
0.01534
0.0142707
0.0132347
0.0125346
0.0125938
0.0142197
5.24092e-07
2.92702e-06
7.01637e-06
1.20406e-05
2.40548e-05
5.25823e-05
2.53866e-06
8.98623e-06
5.09806e-05
0.000166026
0.000290645
0.000370958
5.96942e-06
3.1e-05
0.000207837
0.000503285
0.000783886
0.000970929
8.72598e-06
7.68279e-05
0.000404299
0.000852762
0.00124414
0.00149576
1.06962e-05
0.000159038
0.000674793
0.00129078
0.00179678
0.00210143
1.6699e-05
0.000313229
0.0010757
0.0019128
0.00257135
0.00293654
7.46208e-05
0.000574848
0.00166591
0.00280963
0.00365867
0.00406873
0.000258426
0.000977722
0.00251899
0.00406587
0.00511084
0.00550429
0.000650333
0.00156057
0.00372437
0.00574704
0.00690542
0.00712771
0.0012235
0.00236047
0.00536264
0.00781237
0.00890119
0.0088024
0.00933951
0.00822613
0.00760229
0.00814347
0.0105242
0.0151341
0.0215119
0.0279273
0.0321726
0.0329951
0.0308889
0.0273433
0.0237316
0.0208453
0.0189235
0.0178779
0.017471
0.0174383
0.0175534
0.017655
0.0176525
0.0175172
0.0172632
0.0169118
0.0164173
0.015763
0.0148859
0.0137195
0.0122236
0.010405
0.00834692
0.00621638
0.0042297
0.00312539
0.0109711
0.0101958
0.0103659
0.0120996
0.0157884
0.0212068
0.0271609
0.0316714
0.0331334
0.031434
0.0278571
0.0239675
0.0207615
0.0185669
0.0172957
0.0167028
0.0165332
0.0165874
0.0167473
0.0169676
0.0172484
0.0175926
0.01796
0.0182363
0.0182485
0.0178164
0.0167747
0.0150643
0.0127547
0.00996686
0.00670307
0.00363385
0.00146869
0.00057676
0.0132059
0.0129532
0.0140234
0.0167868
0.0211728
0.0263585
0.0307579
0.0327118
0.0316122
0.0283015
0.0243154
0.0208534
0.0184047
0.0169488
0.0162596
0.0161024
0.016312
0.0168069
0.0175696
0.018591
0.0198111
0.0210681
0.0220873
0.0225274
0.0220871
0.0205911
0.0180996
0.0148949
0.0114726
0.00836478
0.00576053
0.00360813
0.00165652
0.000397048
0.0158882
0.0163101
0.0181743
0.0215285
0.0258123
0.0298008
0.0319906
0.0314819
0.0286357
0.0247555
0.0211416
0.0184786
0.016872
0.0161532
0.0161149
0.0166204
0.0176116
0.0190635
0.0209136
0.0229805
0.0249248
0.0262778
0.0265629
0.0254648
0.022969
0.0193979
0.015436
0.0119666
0.00914478
0.00712973
0.00549097
0.00395956
0.00198423
0.000349067
0.0189417
0.0199657
0.0223245
0.0256703
0.0290617
0.0312259
0.0311674
0.0288516
0.0252421
0.0216015
0.0187804
0.0170495
0.0163334
0.0164683
0.0173362
0.0188812
0.0210445
0.0236666
0.026408
0.0287365
0.0300353
0.0298002
0.0278475
0.0244109
0.0200481
0.0157788
0.0124043
0.00993643
0.00805217
0.00661627
0.00543659
0.00420328
0.00221915
0.000320779
0.0221155
0.0235313
0.0259625
0.0286939
0.0306271
0.0308231
0.02899
0.0257425
0.0221914
0.0192775
0.0174436
0.0167339
0.0170445
0.0182785
0.0203635
0.0231844
0.0264622
0.0296886
0.0321719
0.0332181
0.0323812
0.0296374
0.0253781
0.0203044
0.0160496
0.0128243
0.0103644
0.00851913
0.00716381
0.00614222
0.00529163
0.00426593
0.00232334
0.000280791
0.0250767
0.0265721
0.0286303
0.0303235
0.0305972
0.0291297
0.0262515
0.0228679
0.0199245
0.0180032
0.017283
0.0177368
0.0192901
0.0218481
0.0252231
0.0290165
0.0325648
0.0350592
0.0357861
0.0343779
0.0309017
0.0258139
0.0202872
0.0160744
0.0127889
0.0103133
0.00849709
0.0071738
0.00622249
0.00553396
0.00494929
0.00411074
0.00227274
0.000239113
0.0275815
0.0288309
0.0301314
0.0305728
0.0293573
0.0267964
0.0236042
0.0206783
0.0186831
0.0179138
0.0184484
0.0202354
0.0231575
0.0269507
0.0311008
0.0348232
0.0372282
0.0376121
0.0356727
0.0315142
0.0253294
0.0198509
0.015502
0.012199
0.00972945
0.00794051
0.00668857
0.00580333
0.0051921
0.00477993
0.00441324
0.00372838
0.00202853
0.000233326
0.0294599
0.0301656
0.0304948
0.0297179
0.0274277
0.0244139
0.0215123
0.0194368
0.0185833
0.0191025
0.0210087
0.0241524
0.0282034
0.0325422
0.0362907
0.0385154
0.0385336
0.0360922
0.0312497
0.0241118
0.0185058
0.0141932
0.0109801
0.00863332
0.00699383
0.00583834
0.00503464
0.0044844
0.00413664
0.00393267
0.00371123
0.00316215
0.00168982
0.000228591
0.0306146
0.030593
0.0299358
0.0281706
0.0253339
0.0224375
0.0202397
0.0192319
0.0196552
0.0215408
0.024748
0.0288869
0.0332517
0.0368891
0.0388454
0.0384737
0.0355793
0.0302149
0.0224252
0.0165546
0.0122498
0.00922813
0.00711099
0.00566653
0.00469913
0.00403105
0.0035696
0.00326827
0.00311576
0.00305442
0.00296658
0.00256999
0.00132435
0.000213239
0.0310645
0.0302728
0.0287778
0.0263659
0.0234707
0.0210997
0.0198562
0.0200771
0.0218137
0.0249223
0.0289887
0.0332437
0.0366685
0.0382957
0.0375196
0.0342295
0.0285969
0.0208451
0.0144358
0.0101639
0.0072525
0.00543521
0.00422416
0.00342635
0.00290192
0.0025496
0.0023227
0.00220958
0.00220702
0.0022653
0.00230851
0.00202102
0.000972473
0.000183978
0.0309202
0.0294329
0.0273371
0.0246345
0.0220709
0.0205139
0.0203959
0.0218452
0.0247199
0.0285752
0.0326206
0.0357897
0.0370848
0.0359307
0.0323018
0.0265843
0.0192053
0.0127853
0.00829015
0.00561546
0.00398608
0.00298653
0.00234956
0.00193086
0.00165115
0.00147196
0.00138544
0.00139771
0.00150118
0.00166837
0.00177725
0.001537
0.000649465
0.000154479
0.0303378
0.0283061
0.0258809
0.0232203
0.0212817
0.0207096
0.021704
0.0242153
0.0277635
0.0315394
0.034463
0.0354971
0.0340584
0.0301809
0.0243819
0.0173887
0.0113605
0.00708543
0.00448498
0.00308524
0.0023119
0.00183708
0.00149223
0.00122811
0.00101853
0.000874942
0.000820966
0.000877244
0.00102891
0.00124072
0.00134431
0.00108274
0.000398374
0.000124927
0.0294731
0.0270698
0.0245206
0.0222197
0.0210784
0.0215123
0.0235105
0.0266672
0.0301574
0.0328861
0.0337842
0.0322256
0.028264
0.0225346
0.0160319
0.0100507
0.00607302
0.00379914
0.00266657
0.00210217
0.00176981
0.00152547
0.001302
0.00107239
0.000844062
0.000658691
0.000566284
0.000597752
0.000736883
0.000906107
0.000949594
0.000703804
0.000235722
8.82809e-05
0.0284656
0.025869
0.0234018
0.0216771
0.0214124
0.0227424
0.025402
0.0285878
0.0311974
0.0321077
0.0306234
0.0267572
0.0211787
0.0149333
0.00923425
0.00533626
0.00332168
0.00242911
0.00201964
0.00179206
0.00163508
0.00149831
0.00134423
0.00114508
0.000901321
0.000659229
0.000492019
0.000449762
0.000521684
0.000622817
0.000622013
0.000429094
0.0001346
5.32521e-05
0.0274246
0.0247991
0.0225806
0.0215212
0.0220701
0.0240992
0.0269247
0.029461
0.0305322
0.0293208
0.025746
0.0204504
0.0144865
0.00898235
0.00498142
0.00300576
0.00224151
0.00192579
0.00175965
0.00165559
0.00158311
0.00151926
0.00143423
0.00129272
0.00107205
0.000793943
0.000536061
0.000383667
0.000359457
0.000402132
0.000383849
0.000250427
7.38887e-05
2.72965e-05
0.0264144
0.0238556
0.02204
0.0216789
0.0229017
0.025258
0.0277045
0.0290322
0.0282755
0.0251771
0.020292
0.0146488
0.00932762
0.0052467
0.00294766
0.00209724
0.00181789
0.00168456
0.00160358
0.00155376
0.00152633
0.00151074
0.00148643
0.0014197
0.00127052
0.00101974
0.000706263
0.000431053
0.00028251
0.00025608
0.000228974
0.000142337
3.90206e-05
1.21406e-05
0.0254723
0.0230587
0.0217325
0.0219967
0.0236911
0.0259532
0.0275488
0.0273733
0.0249212
0.0205604
0.0152525
0.0101016
0.00591423
0.00326699
0.00209707
0.00173557
0.00161984
0.00155317
0.00150729
0.0014795
0.0014678
0.00147087
0.00147937
0.00147158
0.00140917
0.00124832
0.000970377
0.000624718
0.000332334
0.000191102
0.000140796
8.10572e-05
2.02909e-05
5.10082e-06
0.024622
0.0224301
0.0216286
0.0223856
0.0242542
0.0260341
0.0264834
0.0248273
0.0211356
0.0162568
0.0112114
0.00690728
0.00389175
0.00232173
0.00175622
0.00159899
0.00154715
0.00151235
0.0014801
0.00145604
0.00143923
0.00143588
0.00144421
0.00145645
0.00144937
0.00138152
0.00120666
0.000904347
0.000532259
0.000230825
0.000110148
5.13476e-05
1.13871e-05
2.56135e-06
0.0238183
0.0219317
0.0215921
0.0227256
0.02447
0.0254807
0.0246997
0.0218289
0.017457
0.0126019
0.00819673
0.0048213
0.00278719
0.0019071
0.00164593
0.00158619
0.00157002
0.0015562
0.00153358
0.00150262
0.00146815
0.00144461
0.00143072
0.00142742
0.0014283
0.00140656
0.00131988
0.00112008
0.000791816
0.000411504
0.000143891
4.67742e-05
8.72701e-06
2.25347e-06
0.0230897
0.0215575
0.0216197
0.0229323
0.024298
0.0243885
0.0224869
0.0187998
0.0142339
0.00976162
0.00606398
0.00353608
0.00222645
0.00175684
0.00165327
0.00164855
0.00165733
0.0016586
0.00164266
0.0016108
0.00156766
0.00151978
0.00147282
0.00143564
0.00141165
0.00138788
0.00133592
0.0012101
0.000965222
0.000605803
0.000241274
6.31463e-05
1.12522e-05
3.45078e-06
0.0224354
0.0212525
0.0216587
0.0229609
0.0237675
0.0229205
0.02013
0.0160174
0.0115827
0.00762005
0.0046138
0.00278533
0.00197354
0.00174495
0.00173036
0.00176183
0.00178937
0.00180203
0.00179193
0.00176012
0.00170986
0.0016462
0.00157674
0.00150447
0.00144312
0.00139045
0.00133177
0.00123355
0.00104748
0.000741373
0.000367844
9.47499e-05
1.61957e-05
5.44421e-06
0.0218583
0.0210187
0.0216773
0.0228048
0.0229539
0.0212545
0.0178465
0.0136114
0.00947828
0.00604817
0.00366223
0.00237434
0.00189386
0.00181016
0.00185075
0.00190768
0.00194922
0.00197017
0.00196585
0.00193726
0.00188619
0.00181503
0.00172793
0.00163196
0.00153539
0.00144484
0.00135782
0.00125476
0.0010953
0.000833258
0.00047077
0.00014206
2.11349e-05
7.92607e-06
0.0213629
0.02085
0.0216569
0.022484
0.0219519
0.0195439
0.0157685
0.0116077
0.00784187
0.00491991
0.00305966
0.00217339
0.00191134
0.00191731
0.00199324
0.00206728
0.00211851
0.00214466
0.0021459
0.00212298
0.00207659
0.00200696
0.00191501
0.00180418
0.00168143
0.00155559
0.00143242
0.00130554
0.00114746
0.000911918
0.000569898
0.000205155
2.95714e-05
1.01733e-05
0.0209508
0.0207354
0.0215907
0.0220346
0.0208535
0.0179002
0.0139529
0.009975
0.00658813
0.00412645
0.00269423
0.00209979
0.00198174
0.00204394
0.00214183
0.00222609
0.00228331
0.00231131
0.00231735
0.00230137
0.00226335
0.00220176
0.0021146
0.00200138
0.00186523
0.00171377
0.00155649
0.00139719
0.00122254
0.00099491
0.000670708
0.000282498
4.14378e-05
1.14232e-05
0.0206075
0.0206604
0.0214827
0.0214995
0.0197355
0.0163903
0.0124074
0.00866194
0.00563895
0.00357957
0.00248659
0.00210155
0.00207826
0.00217499
0.00228466
0.00237273
0.00243135
0.00246115
0.00247093
0.00246203
0.00243435
0.00238524
0.00231023
0.00220505
0.00206838
0.00190421
0.00172174
0.00153044
0.00132902
0.00109252
0.000774853
0.000371009
6.08492e-05
1.20066e-05
0.020347
0.0206203
0.021342
0.0209196
0.0186543
0.0150467
0.0111139
0.00761549
0.00492816
0.00321103
0.00238208
0.00214608
0.00218463
0.00230129
0.00241533
0.00250257
0.00255955
0.00258931
0.00260139
0.0025989
0.00258211
0.00254781
0.00248975
0.00240045
0.00227408
0.00211004
0.00191473
0.00169904
0.00146931
0.00121318
0.000890163
0.000471352
9.20162e-05
1.16785e-05
0.0201557
0.0206068
0.0211718
0.0203279
0.0176476
0.0138775
0.010043
0.00678776
0.00440165
0.00296975
0.00234379
0.00221306
0.0022911
0.00241762
0.00253063
0.00261349
0.00266622
0.00269396
0.00270677
0.0027095
0.00270313
0.00268438
0.00264588
0.00257753
0.00246945
0.00231618
0.00212026
0.00189154
0.0016396
0.00136082
0.00102372
0.000587905
0.000142271
1.02291e-05
0.020027
0.020611
0.0209723
0.0197482
0.0167361
0.0128765
0.00916387
0.00613788
0.00401631
0.00281842
0.00234703
0.00228994
0.00239213
0.00252146
0.00262953
0.00270534
0.00275171
0.0027756
0.00278752
0.002794
0.00279696
0.00279346
0.00277545
0.00273086
0.00264626
0.00251146
0.00232472
0.00209424
0.00183079
0.00153402
0.00117886
0.000723745
0.000216301
9.67675e-06
0.019948
0.0206279
0.0207607
0.0191992
0.0159292
0.0120306
0.00844794
0.00563191
0.00373852
0.00273018
0.00237546
0.00236917
0.00248486
0.00261214
0.00271259
0.00277946
0.00281781
0.00283621
0.00284568
0.00285431
0.00286517
0.00287597
0.0028784
0.00285879
0.0028006
0.00268922
0.00251835
0.00229447
0.00203077
0.00172664
0.00135562
0.0008807
0.000317711
2.87418e-05
0.0199058
0.0206349
0.0205494
0.0186918
0.0152277
0.0113245
0.00787034
0.00524219
0.00354249
0.00268594
0.00241843
0.0024464
0.00256825
0.00269022
0.00278134
0.00283807
0.00286722
0.00287873
0.00288426
0.00289336
0.00291049
0.00293433
0.00295658
0.00296223
0.00293191
0.00284672
0.00269572
0.00248332
0.00222658
0.00192899
0.0015525
0.00105898
0.000447609
8.56055e-05
0.0198937
0.020637
0.0203474
0.0182343
0.0146285
0.0107434
0.00740997
0.00494651
0.00340872
0.00267229
0.00246916
0.00251939
0.00264233
0.00275699
0.00283792
0.00288391
0.00290312
0.00290663
0.00290686
0.00291476
0.00293642
0.0029718
0.00301293
0.00304362
0.00304174
0.00298421
0.00285515
0.00265616
0.00240896
0.00212826
0.00176918
0.00125781
0.000606517
0.00021213
0.0199047
0.0206377
0.0201621
0.0178326
0.0141267
0.0102733
0.00704932
0.00472732
0.00332266
0.00267992
0.0025234
0.00258715
0.00270779
0.00281408
0.00288461
0.00291983
0.00292879
0.00292352
0.00291729
0.00292244
0.00294689
0.00299223
0.00305107
0.00310622
0.00313282
0.00310357
0.00299741
0.00281202
0.00257315
0.00231264
0.00198773
0.00147362
0.000792196
0.000435644
0.0199316
0.0206405
0.0199991
0.0174896
0.0137161
0.00990135
0.00677406
0.00457092
0.00327361
0.00270251
0.00257867
0.00264949
0.00276561
0.00286317
0.00292362
0.00294849
0.00294735
0.0029329
0.00291935
0.00292045
0.00294614
0.00299988
0.00307512
0.00315384
0.00320848
0.00320755
0.00312455
0.00295228
0.00271861
0.00247446
0.00219586
0.00170295
0.00099687
0.000757713
0.0199692
0.0206482
0.0198626
0.017206
0.0133901
0.00961705
0.00657276
0.00446689
0.00325386
0.00273582
0.00263357
0.00270662
0.00281682
0.00290574
0.00295683
0.00297213
0.00296143
0.00293785
0.00291654
0.00291275
0.00293855
0.00299938
0.00308969
0.00319075
0.00327243
0.00329919
0.00323911
0.00307938
0.00284783
0.00261267
0.00238442
0.00194233
0.00120934
0.00113778
0.0200137
0.0206634
0.0197555
0.0169813
0.0131429
0.00941167
0.00643651
0.00440752
0.00325807
0.0027772
0.00268747
0.00275899
0.00286232
0.00294299
0.00298561
0.00299237
0.00297299
0.00294079
0.00291185
0.00290302
0.00292846
0.00299556
0.00309976
0.00322167
0.00332875
0.00338167
0.00334351
0.00319571
0.002964
0.00273108
0.00254813
0.00217819
0.001418
0.00151523
0.0200549
0.0206877
0.0196796
0.0168141
0.0129689
0.00927828
0.00635869
0.00438742
0.00328278
0.00282519
0.00274028
0.00280713
0.00290288
0.00297571
0.00301075
0.00301004
0.00298308
0.00294328
0.00290762
0.00289454
0.00292012
0.00299342
0.00311064
0.00325173
0.00338186
0.00345836
0.00343996
0.00330293
0.00306988
0.00283351
0.00268657
0.00239993
0.00161638
0.00184184
0.0200933
0.020722
0.0196361
0.0167026
0.0128636
0.00921153
0.00633465
0.00440319
0.00332611
0.00287931
0.00279236
0.00285166
0.00293907
0.0030042
0.00303229
0.00302502
0.00299174
0.00294599
0.00290559
0.00289033
0.00291775
0.00299805
0.00312784
0.00328627
0.00343644
0.00353275
0.00353059
0.00340222
0.00316742
0.00292492
0.00280309
0.0026009
0.0018031
0.00208507
0.0201296
0.020767
0.0196254
0.0166446
0.0128228
0.00920746
0.0063615
0.00445328
0.0033876
0.0029403
0.00284494
0.00289362
0.00297151
0.00302835
0.00304938
0.00303617
0.0029981
0.00294908
0.00290741
0.00289349
0.00292566
0.00301464
0.00315692
0.00333068
0.00349714
0.00360832
0.00361739
0.00349434
0.0032577
0.0030097
0.00290109
0.00277711
0.00197898
0.00222537
0.0201645
0.0208228
0.0196471
0.0166373
0.012843
0.00926279
0.00643763
0.00453806
0.00346738
0.00301233
0.00290272
0.0029359
0.0030004
0.00304698
0.00306109
0.00304305
0.00300226
0.00295292
0.00291367
0.00290518
0.0029461
0.00304694
0.00320314
0.0033911
0.00356991
0.00368948
0.00370219
0.0035798
0.00334127
0.00309128
0.00299018
0.00292665
0.00214524
0.00225597
0.0201986
0.0208892
0.0196991
0.016676
0.0129171
0.00937038
0.00655974
0.00466258
0.00358343
0.00310631
0.00297077
0.00298102
0.00302782
0.00306233
0.00306927
0.00304726
0.00300543
0.00295826
0.00292491
0.0029261
0.00298035
0.0030971
0.00326978
0.00347214
0.00366071
0.00378345
0.00379256
0.0036623
0.003417
0.00316767
0.00307667
0.00305279
0.00230236
0.00219149
0.0202321
0.0209584
0.0197689
0.0167511
0.0130444
0.00953992
0.00674429
0.004841
0.00373959
0.00322662
0.00305387
0.00303344
0.00305752
0.00307835
0.00307701
0.00305144
0.00301004
0.00296765
0.00294403
0.00295982
0.00303267
0.00316997
0.00336187
0.00357856
0.00377359
0.00389327
0.0038906
0.0037441
0.00348654
0.00323789
0.00316045
0.00317287
0.00243324
0.00205798
0.0202662
0.0210321
0.0198571
0.0168618
0.0132219
0.00976927
0.00699148
0.00507617
0.00394099
0.00337982
0.00315908
0.00309973
0.00309632
0.00310042
0.00308923
0.00306013
0.0030205
0.00298594
0.00297657
0.0030126
0.00310989
0.00327238
0.00348563
0.00371532
0.00391185
0.00402043
0.00399625
0.00382441
0.00354931
0.00330167
0.00324038
0.00328364
0.00254823
0.00187647
0.0203042
0.0211133
0.0199645
0.0170091
0.0134419
0.0100538
0.00730189
0.0053722
0.00419461
0.00357481
0.00329587
0.00318868
0.00315296
0.00313609
0.00311336
0.00308054
0.00304414
0.0030211
0.00303137
0.00309391
0.00322158
0.00341315
0.00364824
0.00388738
0.00407786
0.00416482
0.00410754
0.00390073
0.00360352
0.00335866
0.00331439
0.00336936
0.00264336
0.00166258
0.0203504
0.0212057
0.0200923
0.0171927
0.0137007
0.0103912
0.0076767
0.00573424
0.00450898
0.00382231
0.00347558
0.0033132
0.00323955
0.00319726
0.00316074
0.00312387
0.00309234
0.00308541
0.00312152
0.00321712
0.00338024
0.00360286
0.0038574
0.0040989
0.00427222
0.00432394
0.00422006
0.00396851
0.00364605
0.00340418
0.00337927
0.00343362
0.00271239
0.00142935
0.0204103
0.021314
0.0202423
0.0174109
0.0139991
0.0107812
0.0081169
0.00616728
0.00489239
0.00413285
0.00371093
0.00348848
0.00337171
0.00329997
0.00324748
0.00320638
0.00318195
0.00319672
0.0032653
0.00339978
0.00360122
0.00385317
0.00412019
0.00435209
0.0044925
0.00449182
0.00432617
0.00402094
0.00367304
0.0034397
0.00343164
0.00346345
0.00274497
0.00119218
0.0204913
0.0214442
0.0204173
0.0176635
0.0143394
0.011221
0.00861931
0.00667262
0.00534871
0.00451432
0.00401792
0.00373318
0.00356928
0.00346538
0.00339542
0.00335068
0.00333692
0.00337969
0.00348658
0.00366319
0.00390148
0.00417525
0.00444124
0.00464519
0.00473152
0.00465768
0.00441443
0.00404911
0.00367973
0.00346166
0.00346285
0.0034625
0.00273115
0.000960974
0.0206022
0.0216041
0.0206216
0.0179512
0.0147282
0.0117022
0.00916935
0.00723705
0.00587758
0.00498039
0.0044152
0.00406952
0.00385754
0.00372041
0.00363286
0.00358645
0.00359162
0.00366606
0.00381362
0.00403032
0.00429686
0.00457677
0.00481983
0.00496978
0.00497503
0.00480456
0.00446924
0.00404263
0.00366184
0.00346592
0.00346185
0.00342162
0.00265742
0.000741531
0.0207489
0.0218031
0.0208614
0.0182783
0.015161
0.0122302
0.00977121
0.00786889
0.00649273
0.00554804
0.00492414
0.00452328
0.00426586
0.00409721
0.00399399
0.00394899
0.00397843
0.00408829
0.00427457
0.00452146
0.00479762
0.00505729
0.00524556
0.00530725
0.00519929
0.00490838
0.00447158
0.00399184
0.00361356
0.00344826
0.00342596
0.00333045
0.00251022
0.000546713
0.0209427
0.0220517
0.0211456
0.0186467
0.0156357
0.0128117
0.0104399
0.00858418
0.00721053
0.00623667
0.00556883
0.00512363
0.00482749
0.00463251
0.00451815
0.00447895
0.00453664
0.00468018
0.00489369
0.00514834
0.00540195
0.00560213
0.00569283
0.00562457
0.00536899
0.00493848
0.00440192
0.00389117
0.0035368
0.00340527
0.00334684
0.00317345
0.00228239
0.000383339
0.0212042
0.0223605
0.0214851
0.0190582
0.0161627
0.0134606
0.0111915
0.00940081
0.00805106
0.00706956
0.00637714
0.00590362
0.00557996
0.00536746
0.00524879
0.00522038
0.00530511
0.00546842
0.00568142
0.00590403
0.00608669
0.0061744
0.00611474
0.00587054
0.00543717
0.00486146
0.00424652
0.00373699
0.00343095
0.00332414
0.00320201
0.0029257
0.00196728
0.000329918
0.0215568
0.0227495
0.0218908
0.0195297
0.0167604
0.014197
0.0120489
0.0103442
0.00904208
0.00807763
0.00738403
0.00690235
0.00656596
0.0063463
0.00622921
0.00621684
0.00630881
0.00645537
0.00661746
0.00674825
0.00679527
0.00670555
0.00643709
0.00597496
0.00535005
0.00464997
0.00400479
0.00353877
0.00329131
0.00317723
0.00295405
0.00255222
0.00153801
0.000299197
0.0220324
0.0232389
0.0223998
0.0200885
0.0174571
0.0150523
0.0130469
0.0114521
0.0102238
0.00930358
0.00863409
0.00816362
0.00782703
0.00760423
0.00748329
0.0074757
0.00752414
0.0075899
0.00762844
0.00759059
0.00742488
0.00708689
0.00655637
0.00585553
0.00506161
0.00429681
0.00368843
0.00329703
0.00309134
0.00291377
0.00255169
0.00200759
0.000997776
0.000256794
0.022679
0.0238767
0.0230568
0.0207769
0.0182988
0.016076
0.014238
0.0127786
0.0116505
0.0107995
0.0101737
0.00971882
0.00937705
0.00913335
0.00897578
0.00890267
0.00883726
0.00874075
0.0085693
0.00827541
0.0078147
0.00716545
0.00634964
0.00544141
0.00455795
0.00382007
0.00330011
0.0029876
0.00277239
0.00246566
0.00194617
0.00132809
0.000523391
0.000202714
0.023579
0.0247397
0.0239367
0.0216675
0.0193626
0.0173458
0.0156972
0.0143929
0.0133805
0.0126046
0.0120121
0.0115364
0.0111456
0.0108274
0.0105739
0.0103322
0.0100497
0.00968799
0.00920506
0.00856117
0.00773799
0.0067626
0.00571726
0.00471611
0.00387119
0.00324577
0.00283263
0.00255132
0.0022533
0.0017913
0.00117617
0.000527417
0.000237283
0.000148068
0.0248638
0.0259563
0.0251712
0.0228854
0.0207699
0.0189673
0.0175046
0.0163363
0.0154018
0.0146386
0.0139914
0.0134068
0.012882
0.0124011
0.0119363
0.0114127
0.0107998
0.0100601
0.00916589
0.00811396
0.00694979
0.00575897
0.00466022
0.0037457
0.00305579
0.00257193
0.00222577
0.00190981
0.0015014
0.000977227
0.000445021
0.000207472
0.000105158
8.73077e-05
0.0268493
0.027783
0.0269926
0.0246027
0.0226148
0.0209299
0.0195323
0.0183555
0.0173381
0.0164239
0.0155705
0.0147771
0.0140264
0.0132783
0.0124566
0.0115284
0.0104708
0.00927932
0.00798108
0.00664512
0.00536342
0.00423277
0.00332584
0.00263876
0.00213727
0.00176055
0.00143071
0.00107323
0.00066321
0.000303143
0.000133234
8.2312e-05
4.36756e-05
3.7463e-05
0.0298746
0.0304029
0.0294196
0.0264851
0.0242898
0.0223969
0.0207694
0.0193016
0.017957
0.0167239
0.0155802
0.0144966
0.0134259
0.0122479
0.0109819
0.00963811
0.0082405
0.00683234
0.00549349
0.00429506
0.00329453
0.00251819
0.0019292
0.0014798
0.00113028
0.000837133
0.000565839
0.000305578
0.000156168
7.37605e-05
4.13924e-05
2.97037e-05
1.55306e-05
1.11321e-05
0.035343
0.032246
0.0298629
0.0251956
0.0219105
0.0193394
0.017251
0.015472
0.0139059
0.0125042
0.0112287
0.00999012
0.00875079
0.00758598
0.00648567
0.00544636
0.00446808
0.00355389
0.00272504
0.00203025
0.00146415
0.00100955
0.000662153
0.000411712
0.000240433
0.000133034
7.92923e-05
4.30555e-05
2.26353e-05
1.22798e-05
9.10149e-06
7.29531e-06
3.78041e-06
2.14848e-06
0.0266086
0.0172708
0.0110362
0.00788042
0.0073837
0.00740919
0.00739576
0.00744341
0.00752229
0.0075773
0.0075765
0.00750041
0.00730662
0.00695529
0.00640994
0.00563294
0.00460684
0.00339258
0.00214317
0.00108486
0.000416154
0.000116821
2.97296e-05
3.23176e-05
3.19288e-05
2.72215e-05
2.22431e-05
1.6672e-05
1.37698e-05
1.29329e-05
1.09221e-05
6.26111e-06
1.82262e-06
2.16741e-07
0.00184812
0.00340558
0.00739058
0.0101156
0.0109513
0.0104748
0.00243361
0.00476764
0.00982481
0.0125913
0.0130427
0.0122252
0.00292142
0.00637463
0.0123884
0.0149861
0.0150798
0.0141139
0.00331518
0.00816391
0.0149232
0.0172506
0.0171647
0.016337
0.00363642
0.0100583
0.0172967
0.0194149
0.0194295
0.0189764
0.00392755
0.0119659
0.0194218
0.0216241
0.0218565
0.0217929
0.00422851
0.0136974
0.0214896
0.0238824
0.0243533
0.0245178
0.00446896
0.0153448
0.0235264
0.0261191
0.0268054
0.0269732
0.00465097
0.0169572
0.0254924
0.0282003
0.0288802
0.0290275
0.00479075
0.0185257
0.0273679
0.0301346
0.0306065
0.0305655
0.00489201
0.0200405
0.029093
0.0316907
0.0319117
0.0315374
0.00492476
0.0214829
0.0307357
0.0329162
0.0327812
0.0319662
0.00483944
0.0227088
0.0319846
0.0338009
0.0332329
0.0319291
0.00476655
0.0239177
0.0329563
0.0343604
0.0333192
0.0315306
0.00471121
0.0248358
0.0336521
0.0346263
0.0331099
0.0308808
0.00506527
0.0256104
0.0341072
0.0346441
0.0326794
0.0300787
0.00575025
0.0262352
0.0343549
0.0344627
0.0320947
0.0292006
0.00648598
0.0266846
0.0344222
0.0341279
0.0314112
0.0283007
0.00724205
0.0269616
0.0343333
0.0336781
0.0306706
0.0274142
0.00801365
0.0270686
0.0341125
0.0331437
0.0299005
0.0265573
0.00876184
0.0270327
0.0337838
0.0325488
0.029121
0.0257418
0.00948524
0.0268753
0.0333662
0.0319116
0.0283472
0.024965
0.0101856
0.0266123
0.0328736
0.0312453
0.0275902
0.0242027
0.0108641
0.0262611
0.0323175
0.0305593
0.0268546
0.023481
0.0115193
0.0258392
0.0317072
0.0298615
0.0261154
0.022817
0.0121504
0.0253623
0.03105
0.0291596
0.0253854
0.0222136
0.0127552
0.024836
0.0303333
0.0284343
0.0246841
0.0216785
0.0133293
0.0242634
0.0295537
0.027679
0.024017
0.0212137
0.0138679
0.0236563
0.028738
0.0269176
0.0233928
0.0208092
0.0143667
0.0230271
0.0279069
0.0261681
0.0228125
0.0204596
0.0148212
0.0223873
0.0270771
0.0254427
0.0222783
0.0201661
0.0152272
0.0217466
0.0262599
0.0247466
0.0217901
0.0199329
0.015581
0.0211122
0.0254622
0.0240701
0.0213431
0.0197419
0.0158787
0.0204896
0.0246877
0.0234081
0.0209327
0.019583
0.0161172
0.0198821
0.0239377
0.0227784
0.0205536
0.0194501
0.0162939
0.0192647
0.0232129
0.0221883
0.0202015
0.0193375
0.0164087
0.0186321
0.0225138
0.0216324
0.0198725
0.0192383
0.0164589
0.0179825
0.0218389
0.0211062
0.0195623
0.0191486
0.0164409
0.0173194
0.0211854
0.0206056
0.0192666
0.0190654
0.0163548
0.0166586
0.0205428
0.0201269
0.0189836
0.0189873
0.016204
0.0160062
0.0199069
0.0196665
0.0187138
0.0189141
0.0159954
0.0153666
0.019271
0.0192206
0.0184592
0.018849
0.0157384
0.0147432
0.0186409
0.0187873
0.0182212
0.0187931
0.0154455
0.0141394
0.0180222
0.0183666
0.0180009
0.0187484
0.0151321
0.013559
0.0174202
0.0179595
0.0178009
0.0187186
0.0148166
0.0130056
0.0168406
0.017568
0.0176256
0.0187094
0.0145196
0.0124831
0.0162896
0.0171946
0.0174746
0.018728
0.0142644
0.0120058
0.015768
0.016842
0.0173535
0.0187765
0.0140651
0.0115821
0.015277
0.0165158
0.0172714
0.0188535
0.0139426
0.0112102
0.0148247
0.0162259
0.0172432
0.0189749
0.0139212
0.0108881
0.0144226
0.0159881
0.0172901
0.0191594
0.0140256
0.0106169
0.0140823
0.0158264
0.0174354
0.0194335
0.0142808
0.0103994
0.0138276
0.015772
0.0176786
0.0198366
0.0147118
0.0102525
0.0136806
0.0158818
0.018067
0.020417
0.0153418
0.0101947
0.0136836
0.0162112
0.018669
0.021253
0.0161974
0.0102471
0.0138875
0.0167669
0.0195979
0.0224724
0.0173068
0.0104937
0.014371
0.0176439
0.0210169
0.024345
0.0187018
0.0109836
0.0151281
0.0189885
0.0232418
0.0272648
0.0204095
0.0117268
0.0161943
0.0209007
0.0265252
0.0322098
0.0224464
0.0126412
0.0174941
0.0228469
0.0275305
0.0279948
0.0242461
0.0132452
0.0183867
0.0236335
0.0269973
0.0307461
0.0262174
0.0138139
0.0189707
0.0235233
0.0258782
0.0316682
0.0283368
0.0143054
0.0192413
0.0229229
0.0244242
0.0291024
0.000881966
0.00028923
0.000366144
0.000439979
0.000465371
0.000529469
0.000594606
0.000629732
0.000618414
0.000582108
0.000524734
0.000458334
0.000365053
0.000257574
0.000155222
7.77431e-05
3.26308e-05
1.15836e-05
3.43783e-06
1.31395e-06
1.2937e-06
1.20508e-06
1.03343e-06
8.22099e-07
6.64705e-07
5.51707e-07
4.62417e-07
3.81645e-07
2.88766e-07
1.84166e-07
8.82428e-08
2.56818e-08
2.9058e-09
2.35757e-10
0.00189415
0.00187907
0.00327426
0.00441522
0.00502439
0.00500289
0.00463322
0.00408496
0.00345479
0.00281132
0.00217156
0.0015402
0.00105792
0.000701671
0.000450672
0.000280454
0.000168281
9.69634e-05
5.37838e-05
2.92432e-05
1.58652e-05
8.4279e-06
4.4536e-06
2.31184e-06
1.22158e-06
6.81343e-07
4.10231e-07
2.70271e-07
1.84293e-07
1.18372e-07
6.342e-08
2.38775e-08
4.92606e-09
2.18568e-09
0.00410538
0.00547109
0.00776576
0.00915402
0.009596
0.00923244
0.00849793
0.00760595
0.00668056
0.00578681
0.00494018
0.00408395
0.00319693
0.00236878
0.00166608
0.00112596
0.000739044
0.000472579
0.000293397
0.000175863
0.000101337
5.60068e-05
2.95347e-05
1.5025e-05
7.70654e-06
4.06875e-06
2.29457e-06
1.42299e-06
9.30762e-07
5.86785e-07
3.13341e-07
1.17322e-07
2.35794e-08
1.60927e-08
0.00711658
0.00891682
0.0110974
0.0120637
0.011918
0.0110574
0.00995392
0.00881135
0.00773879
0.00678341
0.00594898
0.00520041
0.00443305
0.00362984
0.00282646
0.00208901
0.00147733
0.0010113
0.000675575
0.000440912
0.000279301
0.000169584
9.7465e-05
5.23644e-05
2.65964e-05
1.39947e-05
7.74884e-06
4.65154e-06
2.96118e-06
1.81767e-06
9.4197e-07
3.38786e-07
6.62237e-08
5.83709e-08
0.0114623
0.0124936
0.0138926
0.0141325
0.0131957
0.0117351
0.010246
0.00888341
0.00771128
0.00674325
0.00595941
0.00531357
0.00472357
0.00410962
0.00344737
0.00275398
0.00208853
0.00151545
0.00106613
0.000734748
0.000496607
0.000326068
0.000204561
0.000120576
6.60297e-05
3.449e-05
1.89833e-05
1.10133e-05
6.80282e-06
4.07758e-06
2.07301e-06
7.32646e-07
1.4353e-07
1.45929e-07
0.0169586
0.0162187
0.016527
0.0158219
0.0139741
0.0118714
0.0100134
0.00846159
0.00721607
0.00625269
0.00552779
0.00498055
0.00453381
0.00409459
0.00361128
0.00306078
0.0024654
0.00188658
0.0013865
0.000993581
0.000700855
0.000485616
0.000325997
0.000208228
0.000124879
6.99055e-05
3.83071e-05
2.19688e-05
1.31373e-05
7.75272e-06
3.92584e-06
1.39001e-06
2.74708e-07
2.97361e-07
0.0229804
0.0201597
0.0191605
0.0173194
0.0145066
0.01178
0.00960033
0.00789106
0.00658176
0.00561705
0.0049378
0.00447203
0.00413834
0.00384084
0.00351204
0.00310929
0.00262722
0.00210527
0.00160902
0.0011911
0.000865666
0.000621987
0.000438271
0.00029793
0.000192522
0.00011738
6.80511e-05
3.91988e-05
2.30131e-05
1.35178e-05
6.9062e-06
2.47997e-06
4.92535e-07
5.3413e-07
0.029665
0.0244871
0.0218898
0.0187221
0.0149286
0.0116359
0.00919466
0.00735645
0.00598253
0.00500002
0.00434437
0.00393673
0.00368807
0.00350125
0.00329417
0.00301324
0.00263932
0.00219453
0.00173474
0.00132179
0.000983705
0.000725044
0.000528597
0.00037627
0.000257878
0.000168629
0.000105734
6.41259e-05
3.80627e-05
2.24485e-05
1.16819e-05
4.29202e-06
8.51107e-07
8.76036e-07
0.0369686
0.0291998
0.0247889
0.0200942
0.0153161
0.0115301
0.00887968
0.00693099
0.00549167
0.00447802
0.00382669
0.00345646
0.00326851
0.00316383
0.00304571
0.00285391
0.00256444
0.00219117
0.00178019
0.00138978
0.00105347
0.00079275
0.00059278
0.000436758
0.000313374
0.000217067
0.00014551
9.51794e-05
6.04845e-05
3.60618e-05
1.92707e-05
7.31196e-06
1.44067e-06
1.32426e-06
0.044806
0.0344808
0.027906
0.021472
0.0157152
0.0114987
0.00867869
0.00663244
0.00512912
0.00408287
0.00342709
0.00307827
0.00292877
0.00287727
0.0028148
0.00267921
0.0024469
0.00212934
0.00176526
0.00140532
0.00108626
0.000829198
0.000632284
0.000478225
0.00035558
0.000258186
0.000183336
0.000128154
8.79092e-05
5.62288e-05
3.11814e-05
1.23552e-05
2.41933e-06
1.83727e-06
0.0530086
0.0402841
0.0312277
0.0228437
0.0161318
0.0115656
0.00859105
0.00645622
0.00490181
0.00383495
0.00317599
0.00283605
0.00269972
0.00266575
0.00262375
0.00251424
0.00231455
0.00203654
0.0017128
0.00138499
0.00108881
0.000842685
0.00065294
0.000503891
0.00038524
0.000290664
0.000216913
0.000160918
0.000118405
8.28856e-05
4.96387e-05
2.08259e-05
4.0864e-06
2.32795e-06
0.0612676
0.0464018
0.0346513
0.0241655
0.016556
0.0117242
0.008613
0.00640878
0.00483039
0.00376625
0.00311353
0.00276186
0.00260224
0.00254143
0.00248147
0.00237091
0.00218979
0.00194473
0.00165891
0.00135416
0.00107934
0.000848087
0.000665772
0.000521758
0.000407667
0.000317413
0.000247206
0.000193523
0.000151828
0.000115077
7.46674e-05
3.43894e-05
7.06335e-06
2.72132e-06
0.0691976
0.0525164
0.0380298
0.0254126
0.0170076
0.01195
0.0087632
0.00653458
0.0049616
0.00390602
0.00324329
0.00285812
0.00265231
0.00253868
0.0024352
0.00230034
0.00211774
0.00189075
0.00163441
0.00136482
0.00110622
0.000873672
0.000692854
0.00054967
0.000436422
0.000348548
0.000281361
0.000230812
0.000191465
0.000155077
0.00010992
5.45463e-05
1.21373e-05
2.94137e-06
0.0765586
0.0584478
0.0412425
0.0266031
0.0175056
0.0122765
0.00905034
0.00684294
0.00531518
0.00428965
0.00362247
0.00320114
0.00294521
0.00276846
0.00260905
0.00243585
0.00223592
0.00200997
0.00176607
0.001513
0.00126121
0.00101629
0.000803167
0.000639729
0.000511944
0.00041416
0.000341657
0.000288476
0.00024785
0.0002098
0.000158717
8.44745e-05
2.04188e-05
3.00321e-06
0.0831399
0.0640516
0.0441533
0.0276932
0.0180559
0.0127156
0.00950231
0.00737755
0.00595417
0.00500884
0.00438139
0.00396582
0.00369654
0.00347889
0.0032797
0.00307687
0.00285857
0.00262139
0.00236644
0.0020952
0.00180899
0.00151029
0.0012017
0.000942452
0.000742349
0.000590264
0.000479708
0.000400861
0.000342625
0.000291825
0.000227058
0.000130383
3.35173e-05
2.94988e-06
0.0888447
0.0691297
0.04669
0.0287115
0.0186703
0.0132902
0.0101571
0.00819596
0.00696184
0.00618783
0.00570366
0.00540941
0.00520627
0.00502974
0.00486459
0.0046902
0.00449014
0.00425259
0.00396879
0.00363242
0.00323818
0.00278689
0.00228566
0.00175961
0.00133765
0.00101502
0.000780108
0.000618075
0.000504365
0.000415531
0.000320965
0.00018951
5.26307e-05
3.03543e-06
0.0937085
0.0734714
0.0488167
0.0297703
0.0193807
0.0140198
0.011045
0.00934094
0.00839757
0.00791156
0.00770326
0.00766055
0.00763347
0.0076299
0.00762373
0.00758517
0.00748605
0.00729887
0.0069952
0.00655858
0.00597325
0.00524195
0.00439286
0.00345203
0.00253452
0.00183173
0.00132564
0.00098076
0.000750499
0.000585786
0.000438992
0.000259824
7.50878e-05
4.9094e-06
0.0977675
0.0770267
0.0504826
0.030824
0.0201666
0.0148926
0.0121563
0.0107906
0.0102193
0.0101089
0.0102551
0.0104451
0.0106823
0.010933
0.0111574
0.0113183
0.0113886
0.0113375
0.0110831
0.01059
0.00983836
0.00881834
0.0075429
0.00607231
0.00451598
0.00312252
0.00215074
0.00149802
0.00107507
0.000791941
0.000569272
0.000332207
9.72278e-05
8.99884e-06
0.10106
0.0797764
0.0516448
0.0315333
0.0209427
0.0158473
0.0134003
0.0123892
0.0121742
0.0123518
0.012653
0.0130328
0.0134345
0.0138027
0.0140845
0.0142309
0.0141998
0.0139732
0.0135905
0.0130417
0.0122999
0.0113312
0.0101099
0.00863585
0.00694283
0.00506846
0.00330458
0.00216263
0.00145423
0.00101057
0.000693312
0.00039394
0.000114003
1.41468e-05
0.103612
0.0816753
0.0523116
0.0320413
0.0216504
0.0167667
0.0145647
0.0137784
0.0136576
0.0138082
0.0140781
0.0143678
0.0146074
0.0147476
0.0147554
0.0146104
0.0143017
0.0139323
0.0135523
0.0131451
0.0126658
0.0120504
0.0112235
0.0101166
0.00868702
0.00694519
0.00499232
0.00310868
0.00190921
0.00123118
0.000796762
0.000434782
0.000121725
1.9426e-05
0.105446
0.082729
0.0525105
0.032347
0.0222012
0.0174555
0.0152988
0.0143919
0.0140434
0.0139032
0.0137935
0.0136251
0.0133641
0.0130165
0.0126144
0.0122004
0.0118137
0.0115123
0.0113268
0.0112216
0.0111436
0.0110301
0.0107932
0.0103267
0.00951698
0.00826887
0.00656749
0.0045569
0.00264776
0.0015006
0.000887469
0.000453987
0.000120592
2.4107e-05
0.106593
0.0830023
0.0522484
0.0324051
0.0224507
0.0176556
0.0152592
0.0140027
0.0132053
0.0125359
0.0118589
0.0111431
0.0104158
0.00973383
0.00915968
0.00874572
0.00852963
0.00846875
0.00853615
0.00869606
0.00891074
0.00914334
0.009348
0.00944186
0.00930302
0.00877247
0.00768951
0.00599245
0.00388027
0.00202972
0.00100955
0.000462106
0.000113954
2.80184e-05
0.107089
0.0825644
0.0513402
0.0320679
0.0221881
0.017262
0.0145311
0.012825
0.0115355
0.010407
0.00936931
0.00843407
0.00763893
0.00701836
0.00658994
0.00635315
0.0063211
0.00642939
0.00661083
0.0068491
0.00714783
0.00746013
0.00779058
0.00811867
0.00836956
0.00841209
0.00804311
0.00702594
0.00524416
0.00298539
0.00131265
0.000488463
0.000108346
3.13983e-05
0.106983
0.0816552
0.0506768
0.031514
0.0215568
0.0164531
0.0133732
0.011291
0.00970064
0.00841415
0.00738209
0.00659755
0.00605359
0.00572988
0.00559249
0.00560038
0.00570362
0.005848
0.00599375
0.00614344
0.00632766
0.00653791
0.00677603
0.00705793
0.00735839
0.00761659
0.00769403
0.00734492
0.00625676
0.00428401
0.00189629
0.000592613
0.000113722
3.50455e-05
0.106331
0.0803814
0.0497002
0.0306923
0.0206797
0.0154009
0.0120633
0.00979308
0.00815914
0.00698226
0.00617588
0.00567723
0.00542416
0.00535268
0.00540168
0.00551999
0.00567274
0.00583926
0.00599073
0.00612602
0.00624825
0.0063638
0.00646366
0.00659405
0.00675754
0.00694902
0.00711463
0.00710603
0.00662906
0.00531524
0.00306419
0.000868374
0.000142657
4.10457e-05
0.105208
0.0789256
0.0485907
0.0297737
0.0197095
0.0142713
0.0108123
0.00854728
0.00705834
0.00612442
0.00560118
0.00537655
0.00535619
0.00546207
0.00563389
0.00582981
0.00602451
0.00620747
0.00636576
0.00649581
0.0065944
0.00665932
0.00669179
0.00670148
0.00670423
0.00672417
0.00676059
0.00676484
0.00656205
0.00579902
0.00405642
0.00141219
0.000202741
5.20793e-05
0.103692
0.0774609
0.0474601
0.0288747
0.018763
0.0131902
0.00973384
0.00760798
0.0063526
0.00568571
0.00541438
0.00539829
0.00553331
0.00574514
0.00598478
0.00622318
0.00644502
0.00664389
0.00682223
0.00697508
0.0070965
0.00717773
0.0072082
0.00717987
0.00709382
0.00696754
0.00682755
0.00667738
0.00646418
0.00595828
0.00473763
0.00242548
0.000327561
7.05349e-05
0.101852
0.0761377
0.0464076
0.0280677
0.0179184
0.0122349
0.00886316
0.00694139
0.00593442
0.00550377
0.00542621
0.00555145
0.00577898
0.00604564
0.00631573
0.00657191
0.00680727
0.00701912
0.00721877
0.00740368
0.00756855
0.0077027
0.00778926
0.00780653
0.00773298
0.00755687
0.00729077
0.00696953
0.00660257
0.00610107
0.00515585
0.00326087
0.000525974
9.57182e-05
0.0997487
0.0750765
0.0455362
0.0273364
0.0171922
0.011437
0.00819017
0.00648571
0.00570365
0.00546198
0.0055227
0.00573641
0.00601197
0.00629891
0.00657364
0.00682848
0.00706358
0.00728127
0.00749559
0.00770945
0.00792063
0.00812026
0.00829088
0.00840487
0.0084251
0.008311
0.00803513
0.00760726
0.0070703
0.00643479
0.00554033
0.00393955
0.00121084
0.000136792
0.0974256
0.074356
0.0449265
0.0267333
0.0165544
0.010791
0.0076852
0.00618184
0.00558719
0.00548873
0.00564325
0.00590726
0.00620066
0.00648486
0.00674641
0.00698535
0.00720774
0.0074208
0.00763915
0.00787158
0.0081203
0.00838094
0.00863988
0.00887052
0.00902979
0.00905814
0.00888973
0.00848067
0.00784382
0.00704303
0.00605992
0.00459177
0.00206246
0.000169298
0.0949067
0.0739903
0.0446626
0.0263252
0.0160586
0.0102955
0.00731697
0.00598321
0.00553662
0.00554277
0.00575779
0.0060459
0.00633776
0.00660499
0.00684215
0.00705528
0.00725529
0.00745376
0.00766512
0.00790289
0.00817407
0.00848028
0.00881476
0.00915745
0.00946832
0.00968148
0.00970561
0.00944302
0.00883663
0.00792031
0.00679343
0.0053331
0.00298442
0.000186834
0.0921815
0.0737886
0.0450049
0.0261887
0.0157379
0.00994468
0.00705822
0.00585578
0.00552095
0.00560098
0.00585281
0.00614839
0.00642789
0.00667109
0.00687861
0.00706099
0.00723281
0.00740922
0.00760441
0.0078348
0.00811176
0.00844318
0.00883074
0.00926437
0.00971389
0.0101185
0.0103777
0.0103552
0.00991673
0.00901443
0.00774678
0.00621349
0.00406184
0.000336192
0.0892137
0.0735379
0.0461465
0.0264159
0.0156214
0.00973252
0.00688762
0.00577562
0.00552056
0.00565082
0.00592364
0.00621762
0.00648055
0.00669837
0.00687608
0.00702734
0.00716924
0.00731944
0.00749237
0.00770525
0.00797282
0.0083089
0.00872382
0.00921917
0.00977869
0.010355
0.0108535
0.0111201
0.0109571
0.0102071
0.00889294
0.00723535
0.00531564
0.00150815
0.0859614
0.073241
0.0477782
0.0272048
0.0157562
0.0096598
0.00679071
0.00572664
0.00552332
0.00568599
0.00597007
0.00625892
0.00650586
0.00670114
0.00685276
0.00697633
0.00709018
0.00721332
0.00736148
0.0075502
0.00779663
0.0081196
0.00853756
0.00906388
0.00969799
0.0104111
0.0111253
0.011689
0.0118666
0.0113941
0.0101619
0.00842117
0.0066694
0.00393545
0.0823754
0.0728192
0.0495135
0.0288499
0.0162745
0.00975252
0.00676266
0.00569939
0.00552224
0.00570371
0.00599358
0.00627749
0.0065121
0.00669045
0.0068224
0.00692447
0.00701512
0.00711326
0.00723728
0.00739872
0.00761636
0.0079129
0.00831378
0.00884326
0.00951644
0.0103253
0.0112159
0.0120544
0.0125935
0.0124863
0.0114607
0.00968723
0.00798825
0.00731565
0.0784253
0.0721716
0.0513185
0.0309104
0.0174556
0.0101822
0.00682593
0.00569457
0.00551479
0.00570322
0.00599582
0.00627706
0.00650468
0.00667312
0.00679322
0.00688174
0.00695653
0.00703555
0.00713654
0.00727047
0.0074557
0.00771749
0.00808696
0.00859761
0.00927875
0.0101431
0.0111642
0.0122367
0.0131246
0.0134292
0.0127109
0.0109663
0.00932402
0.0108649
0.0740787
0.0711811
0.0530789
0.0333117
0.0191472
0.0110198
0.00713866
0.0057624
0.00550835
0.00568573
0.0059776
0.00625937
0.00648575
0.00665157
0.0067679
0.00685109
0.00691791
0.0069844
0.00706629
0.00717491
0.00732762
0.00755125
0.00788121
0.0083583
0.00902356
0.0099085
0.0110148
0.0122725
0.0134741
0.014201
0.0138652
0.0122038
0.0105243
0.0140578
0.0692851
0.0697263
0.0546713
0.0359218
0.0213115
0.0123058
0.0077356
0.00596318
0.00554073
0.00565779
0.00593589
0.00622334
0.00645378
0.00662394
0.0067442
0.00682965
0.00689599
0.00695692
0.00702517
0.00711229
0.00723507
0.0074213
0.00770946
0.00814576
0.00877996
0.00965883
0.0108106
0.0122034
0.0136707
0.0148033
0.0148985
0.0133784
0.011512
0.0167081
0.0640361
0.0676903
0.0559593
0.0386722
0.0238869
0.0140618
0.0086824
0.0063579
0.00565274
0.00564861
0.00588439
0.0061627
0.00640024
0.00658239
0.00671525
0.00680962
0.0068821
0.00694426
0.00700519
0.00707557
0.00717309
0.00732601
0.00757493
0.00796989
0.00856642
0.00942201
0.0105878
0.0120694
0.0137497
0.0152518
0.0158026
0.0144936
0.0123259
0.0188014
0.058422
0.0649673
0.0567628
0.0413883
0.0267782
0.0162747
0.0100351
0.00702014
0.00590171
0.00569297
0.0058425
0.00609218
0.00632979
0.00652281
0.0066695
0.00677832
0.00686264
0.00693263
0.00699296
0.00705263
0.00713143
0.00725793
0.00747391
0.00783232
0.00839195
0.00921619
0.010374
0.0119049
0.0137457
0.0155697
0.0165783
0.0155577
0.013043
0.0204224
0.052618
0.0615307
0.0569105
0.0438846
0.0298591
0.0188944
0.0118244
0.00802285
0.00636018
0.00584329
0.00584248
0.00602935
0.0062503
0.00644763
0.00660685
0.00673065
0.00682819
0.00690669
0.00697123
0.00702858
0.00709745
0.00720683
0.00739898
0.00772953
0.00825868
0.0090512
0.0101885
0.0117374
0.013689
0.0157822
0.0172267
0.0165609
0.0137143
0.0216518
0.0468189
0.0574322
0.0562718
0.0459701
0.032976
0.021835
0.0140451
0.00942268
0.00710552
0.00616751
0.00593281
0.00600485
0.0061793
0.00636539
0.00652972
0.00666502
0.00677443
0.00686221
0.00693297
0.00699371
0.00706089
0.00716339
0.00734237
0.00765617
0.0081649
0.00893085
0.0100436
0.0115875
0.0136049
0.0159116
0.017757
0.0175017
0.0143704
0.0225555
0.0413055
0.0527558
0.0547384
0.0474476
0.0359545
0.0249803
0.0166517
0.0112459
0.00820581
0.00674125
0.00617709
0.00606481
0.0061475
0.00629502
0.00644886
0.00658697
0.00670393
0.0067997
0.00687689
0.00694366
0.00701531
0.00712133
0.00730308
0.00761252
0.00810831
0.0088556
0.00994588
0.0114702
0.0135136
0.015978
0.0181783
0.0183704
0.0150293
0.0231849
0.0363681
0.0477647
0.0523009
0.0481269
0.0385925
0.0281849
0.0195613
0.0134796
0.00970538
0.00763514
0.00664732
0.00626972
0.00620069
0.00626904
0.00638645
0.00651152
0.00662715
0.00672698
0.00681061
0.00688444
0.00696463
0.00707994
0.00727106
0.00758952
0.0080923
0.00883823
0.00990581
0.0113952
0.0134315
0.0159978
0.0185004
0.0191587
0.0157033
0.0235803
0.0322467
0.0427403
0.0490598
0.047876
0.0406783
0.0312769
0.0226596
0.0160704
0.0116137
0.00890124
0.00741257
0.00668795
0.00639771
0.00633434
0.00637831
0.00646564
0.0065644
0.00665956
0.00674584
0.00682667
0.00691813
0.0070478
0.00725457
0.00758767
0.00810236
0.00885708
0.00992022
0.0113886
0.0133923
0.0159845
0.018732
0.0198635
0.0164019
0.0237746
0.0293265
0.0381077
0.0452169
0.0466284
0.0420049
0.034061
0.0258065
0.0189305
0.0139011
0.0105617
0.00852626
0.007385
0.00680364
0.00654895
0.00647327
0.00648916
0.00654776
0.00662313
0.00670315
0.00678782
0.00689111
0.00703843
0.00726601
0.00761943
0.00815007
0.00891302
0.0099733
0.0114234
0.013395
0.0159963
0.0188894
0.0204819
0.0171273
0.0237947
0.0278815
0.0342678
0.0411668
0.044473
0.0424115
0.0363214
0.0288347
0.0219451
0.0165018
0.0126026
0.0100158
0.00841198
0.00747932
0.00697442
0.00672839
0.00663262
0.0066208
0.00665461
0.00671381
0.00679294
0.00690517
0.0070704
0.00732129
0.00769849
0.00824816
0.00902104
0.0100785
0.0115101
0.0134493
0.0160378
0.0190311
0.0210146
0.0178919
0.023664
0.0284665
0.0317835
0.0374164
0.0416621
0.0418372
0.0378499
0.0315513
0.0249761
0.0193229
0.0149757
0.0118767
0.00979686
0.00847141
0.00766594
0.00720087
0.00695104
0.00683447
0.00680016
0.00681888
0.00687866
0.00698608
0.00716692
0.00744037
0.00784101
0.00840927
0.00919111
0.0102444
0.0116558
0.013559
0.0161187
0.0191751
0.0214876
0.0187013
0.0234042
0.0314986
0.0309794
0.0345047
0.0386235
0.0403857
0.0384975
0.0337466
0.0278596
0.0222511
0.0176065
0.0140729
0.0115392
0.00980533
0.00866419
0.00793915
0.00749576
0.00723969
0.0071086
0.00706412
0.00708682
0.0071734
0.00735545
0.00764653
0.00806557
0.00864719
0.00943298
0.0104776
0.0118652
0.0137284
0.0162462
0.0193332
0.0219309
0.0195513
0.023035
0.036889
0.0326165
0.0331304
0.0359835
0.0383824
0.0382471
0.0352351
0.0304094
0.0251529
0.0204039
0.0165456
0.0136115
0.0114816
0.00999019
0.00897668
0.00830716
0.00787999
0.00762386
0.00749228
0.00745851
0.00751139
0.00767381
0.00796356
0.00839104
0.00897582
0.00975657
0.0107853
0.012144
0.013963
0.0164277
0.0195171
0.0223448
0.0204624
0.0225856
0.0443809
0.0371122
0.0337723
0.0344127
0.0363414
0.0372578
0.0358967
0.0324221
0.0278637
0.0232583
0.0192215
0.0159672
0.0134782
0.0116435
0.0103291
0.00941079
0.00878658
0.00837966
0.00813711
0.00802593
0.00803043
0.00814916
0.00841445
0.00883272
0.00940729
0.0101715
0.0111756
0.0124999
0.0142707
0.0166735
0.0197445
0.0227649
0.0214496
0.0220769
0.0529449
0.0443633
0.0374932
0.0347791
0.035071
0.0360271
0.0358312
0.0337594
0.0302009
0.0260334
0.0220137
0.0185491
0.0157588
0.0136059
0.0119942
0.0108165
0.00997687
0.0093976
0.0090215
0.00881041
0.00874157
0.00879624
0.00901451
0.00939911
0.0099513
0.0106873
0.0116591
0.0129448
0.0146646
0.0169981
0.0200293
0.0232099
0.0224628
0.0215244
0.0603803
0.0535639
0.0442342
0.037805
0.0353957
0.0352201
0.0353501
0.0344041
0.0319965
0.0285617
0.0248079
0.0212885
0.0182801
0.0158501
0.0139572
0.0125208
0.0114558
0.010688
0.0101587
0.00982595
0.00966121
0.00963329
0.00978081
0.0101066
0.0106178
0.0113166
0.0122521
0.0134982
0.0151658
0.0174231
0.0203927
0.0236977
0.0235011
0.0209487
0.0630602
0.0622579
0.0532654
0.0440308
0.0380466
0.0356856
0.0350592
0.0345604
0.0331574
0.030649
0.0274389
0.0240816
0.0209848
0.0183438
0.0161995
0.0145138
0.0132211
0.0122544
0.0115565
0.0110832
0.0108033
0.010695
0.0107391
0.0109779
0.0114197
0.0120802
0.0129823
0.0141924
0.0158075
0.0179811
0.0208668
0.0242494
0.024624
0.0203778
0.0576817
0.0662453
0.0620382
0.0525236
0.0437586
0.0382849
0.0358304
0.0348097
0.0338572
0.0321878
0.0297101
0.0267638
0.0237713
0.0210343
0.0186963
0.0167856
0.0152714
0.0141021
0.0132255
0.0125977
0.0121855
0.0119643
0.0119
0.0120459
0.0124124
0.0130205
0.0138988
0.0150794
0.0166399
0.0187183
0.0214939
0.0248964
0.025856
0.0198494
0.0445991
0.0619582
0.0664259
0.0608061
0.0515288
0.0434958
0.03844
0.0358987
0.0345604
0.033291
0.0314976
0.0291356
0.0264687
0.0238118
0.0213901
0.0193131
0.0176042
0.0162415
0.0151861
0.0143992
0.013848
0.0135069
0.0133361
0.0133913
0.0136853
0.0142397
0.015082
0.0162364
0.0177305
0.0196938
0.0223254
0.0256814
0.0272441
0.0194156
0.0294439
0.0502813
0.0633723
0.0652643
0.0591695
0.0505647
0.0432898
0.0385707
0.0359368
0.0343395
0.0328651
0.0310533
0.0288642
0.0264856
0.0241473
0.0220187
0.0201852
0.0186689
0.0174573
0.0165247
0.0158449
0.0153965
0.0151628
0.0151281
0.0153559
0.0158615
0.0166603
0.0177559
0.0191533
0.0209677
0.023409
0.0266444
0.0288331
0.0191127
0.0179037
0.0363042
0.0537866
0.0634691
0.0636959
0.0576459
0.0498056
0.0432058
0.0387331
0.0359856
0.0341726
0.0325699
0.030807
0.0288244
0.026743
0.024725
0.022893
0.0213134
0.0200089
0.018977
0.0182053
0.0176803
0.0173907
0.0173068
0.0174971
0.017967
0.0187076
0.019694
0.0209493
0.0225685
0.0247609
0.027781
0.0305081
0.0189209
0.0117444
0.024925
0.0418811
0.0561937
0.0631927
0.0623419
0.0565055
0.0493848
0.0433228
0.0389772
0.0360962
0.0340861
0.0323953
0.0307068
0.0289438
0.0271717
0.0254897
0.0239795
0.022691
0.0216468
0.0208529
0.020308
0.0200074
0.0199191
0.0200939
0.0205227
0.0211639
0.0219949
0.0230593
0.0244346
0.0263175
0.0290165
0.0321946
0.0191832
0.00993666
0.0181284
0.0317615
0.04674
0.0582266
0.0631133
0.0614385
0.0558614
0.0493734
0.0437109
0.0393889
0.0363789
0.0341619
0.032374
0.0307469
0.0291936
0.0277239
0.0263841
0.0252199
0.0242634
0.0235327
0.0230362
0.0227763
0.0227462
0.0229036
0.0232566
0.0237519
0.0244052
0.025247
0.0263446
0.0278639
0.0301237
0.0334387
0.0219213
0.0311584
0.0147245
0.0192144
0.0219199
0.0227394
0.0218766
0.0340503
0.0149511
0.0189509
0.0209284
0.0220835
0.0181032
0.0369383
0.0150386
0.0185451
0.0200513
0.0223926
0.0172836
0.0397543
0.015038
0.0180704
0.0192632
0.0231945
0.0184546
0.0424292
0.014986
0.0175733
0.0185661
0.0244355
0.0220374
0.0448773
0.0149331
0.0170787
0.0179508
0.0260387
0.0282022
0.0469844
0.0149479
0.0165977
0.0174008
0.0279452
0.0358518
0.0487366
0.0150297
0.0161337
0.0169396
0.030103
0.0442513
0.0501274
0.0151618
0.0156949
0.0165904
0.0324651
0.0527758
0.051158
0.0153242
0.0152843
0.0163424
0.0350167
0.0610093
0.0518359
0.0155071
0.0149027
0.0161912
0.0377321
0.0687263
0.0521716
0.0157032
0.014551
0.0161339
0.0405677
0.0757711
0.0521766
0.0159056
0.0142299
0.0161674
0.0434412
0.0818154
0.0518629
0.0161077
0.0139395
0.016286
0.0462263
0.0864398
0.051243
0.016302
0.0136793
0.0164804
0.0488606
0.0900807
0.0503289
0.0164829
0.0134483
0.0167414
0.0512991
0.0929787
0.049132
0.0166454
0.0132453
0.0170574
0.0535093
0.0952928
0.0476624
0.0167848
0.0130687
0.0174145
0.0554617
0.0971285
0.0459291
0.0168954
0.0129163
0.0177881
0.0570492
0.0985519
0.0439393
0.0169719
0.0127851
0.0181432
0.058152
0.099594
0.0417011
0.0169996
0.0126705
0.0184622
0.0588541
0.100253
0.0392307
0.0169713
0.0125667
0.0187315
0.0592095
0.100524
0.0365631
0.0168959
0.0124703
0.0189469
0.0592502
0.1004
0.0337295
0.0167929
0.0123789
0.0191014
0.0589969
0.0998649
0.0307588
0.0166872
0.0122917
0.0191875
0.0584559
0.0989013
0.0276821
0.0166116
0.0122098
0.0191989
0.0576242
0.0974964
0.0245323
0.0166091
0.0121368
0.0191315
0.0564923
0.0956449
0.0213462
0.0167361
0.0120799
0.0189817
0.0550585
0.0933456
0.0181662
0.016959
0.0120437
0.018749
0.0533192
0.0906076
0.0150373
0.0170492
0.0120167
0.0184215
0.0512155
0.0874563
0.0120288
0.0170171
0.011988
0.0180006
0.0487399
0.0839154
0.00923393
0.0168704
0.0119491
0.017503
0.0459604
0.08
0.00674011
0.0166061
0.0118901
0.0169289
0.0429572
0.0757338
0.00462675
0.0162274
0.011856
0.0162942
0.0398124
0.0711535
0.00296302
0.0157333
0.0119295
0.015643
0.0366011
0.0663031
0.00178288
0.0151196
0.0122215
0.0150193
0.0332985
0.0610776
0.00105273
0.0143642
0.0129624
0.0144923
0.0300631
0.0556111
0.00064705
0.0134588
0.0137884
0.0141112
0.0270496
0.0500631
0.000586273
0.0124255
0.014715
0.0138785
0.0243354
0.0446121
0.000617243
0.0112195
0.0157632
0.0139546
0.0219971
0.039438
0.000608723
0.00972919
0.0169562
0.0146822
0.0201918
0.0346625
0.000555506
0.00760384
0.0182362
0.0162716
0.0189865
0.0304787
0.000490537
0.00537523
0.0194927
0.0184797
0.0185739
0.0270902
0.000468919
0.00427321
0.0206861
0.0214339
0.0193193
0.0247013
0.000476129
0.00422291
0.0214419
0.0251191
0.0217275
0.0235021
0.000466024
0.0040039
0.0206002
0.0290107
0.0255046
0.0238916
0.000453207
0.00360836
0.0182542
0.0322148
0.0305192
0.0264073
0.000454225
0.00334282
0.0157874
0.0335485
0.0361228
0.0308139
0.000468758
0.00319351
0.0138549
0.0327539
0.0412911
0.0369026
0.000480861
0.00309325
0.0115791
0.0303993
0.0444479
0.0439158
0.00043056
0.00276755
0.00909147
0.025933
0.0447845
0.0505687
0.000309052
0.00210163
0.00693187
0.0196531
0.0422418
0.0548291
0.00016106
0.00119992
0.00423534
0.0133644
0.0358982
0.0547353
5.08937e-05
0.000437118
0.00185623
0.00747523
0.0246088
0.048467
1.92995e-05
0.000208714
0.00095806
0.00354931
0.0139974
0.036145
2.31977e-05
0.000243527
0.000928208
0.00215844
0.00670796
0.0210039
5.43946e-05
0.000365331
0.00119313
0.0022069
0.00411738
0.0109493
0.000136012
0.000565208
0.00161769
0.00274251
0.00404236
0.00705164
0.000284293
0.000849973
0.00216698
0.00347428
0.00476623
0.00647674
0.000465748
0.00121885
0.00279552
0.00429119
0.00576295
0.0072622
0.0277026
0.0254615
0.0235214
0.0218125
0.0203372
0.0190296
0.0178176
0.0166637
0.015557
0.0144974
0.013492
0.0125551
0.0116952
0.0109156
0.0102168
0.00959527
0.00904712
0.00855923
0.00814404
0.00772743
0.0320567
0.0303597
0.0285627
0.0267453
0.024948
0.023222
0.0215908
0.0200396
0.0185945
0.017267
0.0160712
0.0150106
0.0140817
0.0132771
0.0125874
0.0120019
0.0115089
0.0110717
0.0106735
0.0103301
0.031758
0.031388
0.0307723
0.0299917
0.0290675
0.028046
0.026971
0.0258715
0.0247692
0.0236814
0.0226253
0.0216143
0.0206579
0.0197616
0.0189276
0.0181555
0.0174435
0.0167897
0.0161832
0.0156519
0.0305321
0.0301609
0.0296844
0.0291476
0.0285519
0.0278981
0.0271999
0.02647
0.0257183
0.024954
0.024186
0.0234223
0.0226702
0.0219352
0.0212219
0.0205332
0.019871
0.0192368
0.0186302
0.0180733
0.0296432
0.0290464
0.0284251
0.0278017
0.02718
0.0265578
0.0259338
0.0253093
0.0246849
0.0240618
0.0234417
0.0228265
0.0222184
0.0216197
0.0210321
0.0204573
0.0198961
0.0193502
0.0188193
0.0183248
0.0295739
0.0285956
0.0276673
0.0267931
0.0259706
0.0251968
0.024465
0.023771
0.0231106
0.02248
0.0218758
0.0212951
0.0207356
0.0201955
0.0196735
0.0191685
0.0186797
0.0182059
0.0177484
0.0173212
0.0287913
0.0274398
0.0262207
0.0251202
0.0241266
0.0232267
0.022406
0.0216543
0.0209624
0.0203223
0.0197272
0.019171
0.0186486
0.0181557
0.0176888
0.0172451
0.0168219
0.0164187
0.0160316
0.0156727
0.025031
0.0236293
0.0224519
0.0214605
0.0206221
0.019896
0.0192541
0.0186799
0.0181604
0.0176851
0.0172462
0.0168375
0.016454
0.0160921
0.0157487
0.0154217
0.0151093
0.0148098
0.0145229
0.0142525
0.0165932
0.0155928
0.0148046
0.0141916
0.0137078
0.0133183
0.0130032
0.0127388
0.0125085
0.0123008
0.012108
0.011925
0.0117485
0.0115769
0.011409
0.0112444
0.0110833
0.0109259
0.0107725
0.0106272
0.00841887
0.00758304
0.00699641
0.00661058
0.00638832
0.00629899
0.00629575
0.00634764
0.00643317
0.00653739
0.00664998
0.00676375
0.00687362
0.00697612
0.0070691
0.00715171
0.00722332
0.00728649
0.00733637
0.00739284
0.0107113
0.0155828
0.0255254
0.0386896
0.051506
0.0603069
0.0628989
0.0604296
0.0553268
0.0494554
0.0441566
0.0399519
0.0368897
0.0344508
0.0325342
0.0309266
0.0295276
0.0283098
0.0272764
0.0264402
0.0258124
0.0253975
0.0251954
0.025198
0.0253306
0.0255893
0.0259748
0.0264666
0.0270953
0.0279168
0.0290433
0.0306943
0.033285
0.0309787
0.0124317
0.0157676
0.0228018
0.0333632
0.0453405
0.0556862
0.0615204
0.0624313
0.059667
0.0549863
0.0498841
0.0450028
0.0409952
0.037761
0.0352041
0.0331298
0.0314723
0.0301372
0.0290719
0.0282466
0.0276439
0.0272459
0.0270372
0.0270005
0.0270784
0.0272472
0.0275038
0.0278497
0.0282873
0.0288579
0.0296225
0.0306748
0.0320822
0.0330949
0.0145372
0.0177786
0.0228689
0.0310782
0.0412988
0.051436
0.0588913
0.0624926
0.0623271
0.0594893
0.0553184
0.0507504
0.0464712
0.0426288
0.0393661
0.0366923
0.0344954
0.0327161
0.031332
0.0302692
0.0294827
0.0289286
0.0285692
0.0283725
0.0283012
0.0283475
0.0284908
0.0287047
0.0289843
0.0293441
0.0298081
0.0303888
0.0310792
0.0316685
0.0166164
0.0203247
0.0246999
0.0314037
0.0398819
0.0490031
0.0567029
0.0618286
0.0637983
0.0629668
0.0602518
0.0565352
0.0525362
0.0486923
0.0451776
0.0420226
0.0392907
0.0369918
0.0351825
0.0336472
0.0324452
0.0315299
0.0308468
0.0303458
0.0299828
0.0297674
0.0296725
0.0296739
0.0297563
0.0299116
0.0301262
0.0303552
0.0305609
0.0306728
0.0182927
0.0230247
0.0277349
0.0332788
0.0404677
0.0486128
0.0559228
0.0615849
0.064914
0.0657893
0.0646615
0.0621816
0.0589732
0.0555205
0.0521213
0.0489653
0.0460832
0.0434555
0.0412
0.0392506
0.0376129
0.0362974
0.0352547
0.0343741
0.0336337
0.03303
0.0325625
0.0321906
0.0318782
0.0315954
0.031302
0.0309795
0.0306114
0.0301714
0.0186912
0.0246187
0.030356
0.0359644
0.0421615
0.0490613
0.0560881
0.0619477
0.0660857
0.0682561
0.0686037
0.0675123
0.0654406
0.0628137
0.0599537
0.0570832
0.0543391
0.0518125
0.0494649
0.0472966
0.0452301
0.0433976
0.0418214
0.0404795
0.0393508
0.0383713
0.0374632
0.0365753
0.0356714
0.0347273
0.0337339
0.0327006
0.0316482
0.0305985
0.0168774
0.023629
0.0304632
0.0369008
0.0429475
0.0491383
0.0554056
0.0611469
0.0661803
0.0694626
0.0712052
0.0715681
0.0708488
0.0693718
0.0674197
0.0652083
0.0628935
0.0605807
0.0583295
0.0561827
0.0539635
0.0517926
0.0497389
0.0478348
0.0460777
0.0443817
0.0426781
0.0409455
0.0391724
0.0373464
0.035497
0.0336757
0.0319246
0.0302825
0.0124222
0.0186213
0.0256552
0.032761
0.0394327
0.0452676
0.0509716
0.0564196
0.0615261
0.0658633
0.0690391
0.07079
0.0714247
0.071208
0.070331
0.0689532
0.0672207
0.0652561
0.0631291
0.0608728
0.0583913
0.0558427
0.0533244
0.0508927
0.0485424
0.0461054
0.0435759
0.040983
0.038356
0.0357438
0.0332137
0.0308355
0.0286411
0.0266907
0.00648968
0.0100861
0.0145589
0.0196583
0.0251057
0.0306066
0.0353958
0.0400423
0.0445015
0.0485296
0.0518696
0.0548029
0.0565314
0.0575469
0.0577805
0.0572798
0.0561456
0.0546036
0.0527738
0.0507481
0.0485374
0.0462269
0.0438832
0.0415458
0.039008
0.0363732
0.0336801
0.0309835
0.028273
0.0256641
0.0232654
0.0211523
0.0193638
0.0178382
0.00378796
0.00597043
0.00774506
0.00913377
0.0102447
0.0112569
0.012186
0.012892
0.0134017
0.0135901
0.013362
0.0130994
0.0129698
0.0143706
0.0159944
0.0175339
0.018952
0.0201073
0.0210307
0.0217653
0.0223053
0.0226258
0.0227215
0.0225661
0.0222435
0.0216864
0.0208206
0.0196206
0.0181058
0.0163482
0.0144791
0.0126423
0.0109659
0.00954064
0.000612653
0.00165006
0.003421
0.0051079
0.00685914
0.00862609
0.000685997
0.00207722
0.00394354
0.00582235
0.00790352
0.0101667
0.000721486
0.00245167
0.00438284
0.00639451
0.00882803
0.0116803
0.000681442
0.00263713
0.00462487
0.00672995
0.0095507
0.0130414
0.000566467
0.00256906
0.0045008
0.00666101
0.00972911
0.0137887
0.000388685
0.00219542
0.00394836
0.00602833
0.0091017
0.0134022
0.000180798
0.00153152
0.00295665
0.00474508
0.00745634
0.0114602
7.53187e-05
0.000715287
0.00164465
0.0029325
0.00493262
0.00798471
2.45691e-05
0.00010465
0.000417491
0.00103154
0.00215029
0.0039372
5.1779e-06
1.93098e-05
3.43828e-05
6.35103e-05
0.00042657
0.0016778
)
;

boundaryField
{
    inlet
    {
        type            fixedValue;
        value           uniform 0.193413;
    }
    outlet
    {
        type            zeroGradient;
    }
    walls
    {
        type            kqRWallFunction;
        value           nonuniform List<scalar> 
423
(
0.0102844
0.0120729
0.0138368
0.015584
0.0173244
0.0190886
0.0209278
0.0229057
0.0250959
0.0275876
0.0304947
0.0339676
0.0382114
0.0435155
0.0503009
0.0591972
0.0711693
0.0877486
0.111496
0.147015
8.46766e-05
0.000107073
0.000108958
9.01517e-05
5.89731e-05
3.11832e-05
1.45275e-05
7.23212e-06
5.536e-06
9.39369e-06
2.54028e-05
5.46699e-05
8.70153e-05
0.00010983
0.000115904
0.000114975
0.000112905
0.000116292
0.000128721
0.00013982
0.000145408
0.000150571
0.00015876
0.000158931
0.000154816
0.00017236
0.000339545
0.000662705
0.00124202
0.00214611
0.00339276
0.00493438
0.00665988
0.00846379
5.24092e-07
2.92702e-06
7.01637e-06
1.20406e-05
2.40548e-05
5.25823e-05
5.24092e-07
2.53866e-06
5.96942e-06
8.72598e-06
1.06962e-05
1.6699e-05
7.46208e-05
0.000258426
0.000650333
0.0012235
0.00184812
0.00243361
0.00292142
0.00331518
0.00363642
0.00392755
0.00422851
0.00446896
0.00465097
0.00479075
0.00489201
0.00492476
0.00483944
0.00476655
0.00471121
0.00506527
0.00575025
0.00648598
0.00724205
0.00801365
0.00876184
0.00948524
0.0101856
0.0108641
0.0115193
0.0121504
0.0127552
0.0133293
0.0138679
0.0143667
0.0148212
0.0152272
0.015581
0.0158787
0.0161172
0.0162939
0.0164087
0.0164589
0.0164409
0.0163548
0.016204
0.0159954
0.0157384
0.0154455
0.0151321
0.0148166
0.0145196
0.0142644
0.0140651
0.0139426
0.0139212
0.0140256
0.0142808
0.0147118
0.0153418
0.0161974
0.0173068
0.0187018
0.0204095
0.0224464
0.0242461
0.0262174
0.0283368
0.0311584
0.0340503
0.0369383
0.0397543
0.0424292
0.0448773
0.0469844
0.0487366
0.0501274
0.051158
0.0518359
0.0521716
0.0521766
0.0518629
0.051243
0.0503289
0.049132
0.0476624
0.0459291
0.0439393
0.0417011
0.0392307
0.0365631
0.0337295
0.0307588
0.0276821
0.0245323
0.0213462
0.0181662
0.0150373
0.0120288
0.00923393
0.00674011
0.00462675
0.00296302
0.00178288
0.00105273
0.00064705
0.000586273
0.000617243
0.000608723
0.000555506
0.000490537
0.000468919
0.000476129
0.000466024
0.000453207
0.000454225
0.000468758
0.000480861
0.00043056
0.000309052
0.00016106
5.08937e-05
1.92995e-05
2.31977e-05
5.43946e-05
0.000136012
0.000284293
0.000465748
0.000612653
0.000685997
0.000721486
0.000681442
0.000566467
0.000388685
0.000180798
7.53187e-05
2.45691e-05
5.1779e-06
5.1779e-06
1.93098e-05
3.43828e-05
6.35103e-05
0.00042657
0.0016778
0.00378796
0.00597043
0.00774506
0.00913377
0.0102447
0.0112569
0.012186
0.012892
0.0134017
0.0135901
0.013362
0.0130994
0.0129698
0.0143706
0.0159944
0.0175339
0.018952
0.0201073
0.0210307
0.0217653
0.0223053
0.0226258
0.0227215
0.0225661
0.0222435
0.0216864
0.0208206
0.0196206
0.0181058
0.0163482
0.0144791
0.0126423
0.0109659
0.00954064
0.00841887
0.00758304
0.00699641
0.00661058
0.00638832
0.00629899
0.00629575
0.00634764
0.00643317
0.00653739
0.00664998
0.00676375
0.00687362
0.00697612
0.0070691
0.00715171
0.00722332
0.00728649
0.00733637
0.00739284
0.0277026
0.0254615
0.0235214
0.0218125
0.0203372
0.0190296
0.0178176
0.0166637
0.015557
0.0144974
0.013492
0.0125551
0.0116952
0.0109156
0.0102168
0.00959527
0.00904712
0.00855923
0.00814404
0.00772743
2.35757e-10
2.18568e-09
1.60927e-08
5.83709e-08
1.45929e-07
2.97361e-07
5.3413e-07
8.76036e-07
1.32426e-06
1.83727e-06
2.32795e-06
2.72132e-06
2.94137e-06
3.00321e-06
2.94988e-06
3.03543e-06
4.9094e-06
8.99884e-06
1.41468e-05
1.9426e-05
2.4107e-05
2.80184e-05
3.13983e-05
3.50455e-05
4.10457e-05
5.20793e-05
7.05349e-05
9.57182e-05
0.000136792
0.000169298
0.000186834
0.000336192
0.00150815
0.00393545
0.00731565
0.0108649
0.0140578
0.0167081
0.0188014
0.0204224
0.0216518
0.0225555
0.0231849
0.0235803
0.0237746
0.0237947
0.023664
0.0234042
0.023035
0.0225856
0.0220769
0.0215244
0.0209487
0.0203778
0.0198494
0.0194156
0.0191127
0.0189209
0.0191832
0.0219213
0.00312539
0.00057676
0.000397048
0.000349067
0.000320779
0.000280791
0.000239113
0.000233326
0.000228591
0.000213239
0.000183978
0.000154479
0.000124927
8.82809e-05
5.32521e-05
2.72965e-05
1.21406e-05
5.10082e-06
2.56135e-06
2.25347e-06
3.45078e-06
5.44421e-06
7.92607e-06
1.01733e-05
1.14232e-05
1.20066e-05
1.16785e-05
1.02291e-05
9.67675e-06
2.87418e-05
8.56055e-05
0.00021213
0.000435644
0.000757713
0.00113778
0.00151523
0.00184184
0.00208507
0.00222537
0.00225597
0.00219149
0.00205798
0.00187647
0.00166258
0.00142935
0.00119218
0.000960974
0.000741531
0.000546713
0.000383339
0.000329918
0.000299197
0.000256794
0.000202714
0.000148068
8.73077e-05
3.7463e-05
1.11321e-05
2.14848e-06
2.16741e-07
0.0191909
0.018915
0.0189577
0.019368
0.0200933
0.0211044
0.0223868
0.023956
0.0258485
0.0281248
0.0308762
0.0342358
0.0383968
0.0436403
0.0503816
0.0592462
0.0711963
0.0877614
0.1115
0.147015
)
;
    }
    baffle
    {
        type            kqRWallFunction;
        value           nonuniform List<scalar> 
71
(
0.000881966
0.00028923
0.000366144
0.000439979
0.000465371
0.000529469
0.000594606
0.000629732
0.000618414
0.000582108
0.000524734
0.000458334
0.000365053
0.000257574
0.000155222
7.77431e-05
3.26308e-05
1.15836e-05
3.43783e-06
1.31395e-06
1.2937e-06
1.20508e-06
1.03343e-06
8.22099e-07
6.64705e-07
5.51707e-07
4.62417e-07
3.81645e-07
2.88766e-07
1.84166e-07
8.82428e-08
2.56818e-08
2.9058e-09
2.35757e-10
0.0307461
0.0316682
0.0291024
0.0266086
0.0172708
0.0110362
0.00788042
0.0073837
0.00740919
0.00739576
0.00744341
0.00752229
0.0075773
0.0075765
0.00750041
0.00730662
0.00695529
0.00640994
0.00563294
0.00460684
0.00339258
0.00214317
0.00108486
0.000416154
0.000116821
2.97296e-05
3.23176e-05
3.19288e-05
2.72215e-05
2.22431e-05
1.6672e-05
1.37698e-05
1.29329e-05
1.09221e-05
6.26111e-06
1.82262e-06
2.16741e-07
)
;
    }
    frontAndBack
    {
        type            empty;
    }
}


// ************************************************************************* //
