/*--------------------------------*- C++ -*----------------------------------*\
| =========                 |                                                 |
| \\      /  F ield         | OpenFOAM: The Open Source CFD Toolbox           |
|  \\    /   O peration     | Version:  v2012                                 |
|   \\  /    A nd           | Website:  www.openfoam.com                      |
|    \\/     M anipulation  |                                                 |
\*---------------------------------------------------------------------------*/
FoamFile
{
    version     2.0;
    format      ascii;
    class       volScalarField;
    location    "545";
    object      p;
}
// * * * * * * * * * * * * * * * * * * * * * * * * * * * * * * * * * * * * * //

dimensions      [0 2 -2 0 0 0 0];


internalField   nonuniform List<scalar> 
6018
(
1.26742
1.26755
1.26896
1.2714
1.27462
1.27867
1.28356
1.28921
1.29552
1.30237
1.30961
1.31711
1.32484
1.33283
1.34111
1.34946
1.35755
1.36698
1.38426
1.41166
1.26362
1.26373
1.26532
1.26818
1.27202
1.2767
1.28213
1.28821
1.29487
1.30201
1.30949
1.31711
1.32485
1.33281
1.34097
1.34907
1.35681
1.36491
1.37609
1.38906
1.25405
1.25558
1.25849
1.26251
1.26741
1.27305
1.27927
1.286
1.29317
1.30071
1.30843
1.3161
1.3239
1.33202
1.34019
1.34813
1.3558
1.36394
1.37275
1.3776
1.24324
1.24641
1.25089
1.25633
1.26247
1.26915
1.27624
1.28364
1.2913
1.29916
1.30711
1.31504
1.3231
1.3313
1.33941
1.34719
1.35475
1.36255
1.36959
1.37243
1.2311
1.23616
1.24247
1.24956
1.25713
1.26498
1.27302
1.28118
1.28943
1.29772
1.30599
1.31423
1.32252
1.33083
1.33896
1.34671
1.35424
1.36173
1.36783
1.37013
1.21764
1.22505
1.23357
1.24256
1.2517
1.26082
1.26987
1.27881
1.28766
1.29639
1.305
1.31353
1.32203
1.33048
1.33871
1.34653
1.3541
1.36162
1.36775
1.37005
1.20276
1.21326
1.22446
1.23563
1.24647
1.2569
1.26696
1.27669
1.28611
1.29528
1.3042
1.31295
1.32166
1.33029
1.33867
1.34665
1.35435
1.36225
1.36936
1.37222
1.18692
1.20099
1.21543
1.22907
1.24171
1.25345
1.2645
1.27501
1.28501
1.29459
1.3038
1.31271
1.32158
1.33041
1.33902
1.34728
1.35517
1.36347
1.37237
1.37727
1.16789
1.18806
1.20665
1.22301
1.23746
1.2504
1.26232
1.27349
1.28403
1.29405
1.30361
1.31281
1.32178
1.33066
1.33946
1.348
1.35604
1.36431
1.37561
1.38864
1.14968
1.17884
1.20087
1.21889
1.2343
1.24806
1.26058
1.27215
1.28297
1.29319
1.30293
1.3123
1.32141
1.33041
1.33942
1.34829
1.35671
1.36633
1.38373
1.41118
1.34249
1.34142
1.3403
1.33952
1.33923
1.33934
1.33965
1.34002
1.34037
1.34065
1.34078
1.34051
1.33978
1.33869
1.33743
1.3362
1.33508
1.33393
1.33253
1.33069
1.32837
1.32562
1.32247
1.31864
1.31387
1.30809
1.3013
1.29396
1.28689
1.28087
1.27635
1.27308
1.27048
1.26851
1.342
1.34085
1.33978
1.33916
1.33909
1.33938
1.3398
1.3402
1.34052
1.34074
1.34079
1.34039
1.33954
1.33841
1.33723
1.33613
1.33515
1.33409
1.3328
1.33116
1.32894
1.32625
1.32347
1.32029
1.31586
1.31012
1.30314
1.29539
1.28773
1.28085
1.27533
1.27113
1.26764
1.26498
1.34037
1.33904
1.3381
1.33784
1.33829
1.33913
1.33998
1.34064
1.34106
1.34124
1.34111
1.34045
1.33933
1.33806
1.33699
1.33621
1.33552
1.33467
1.33361
1.33229
1.33027
1.32748
1.32426
1.32026
1.31482
1.30767
1.29902
1.28957
1.28019
1.27157
1.26451
1.25931
1.25574
1.25396
1.33703
1.33545
1.33478
1.33515
1.3365
1.33834
1.34013
1.3415
1.34233
1.34255
1.34207
1.34102
1.33955
1.33818
1.33726
1.33676
1.33637
1.33577
1.3348
1.3332
1.33039
1.32605
1.32033
1.31325
1.30474
1.295
1.28449
1.27393
1.26421
1.25593
1.24949
1.24493
1.24228
1.24173
1.3318
1.33016
1.33003
1.33133
1.33388
1.33708
1.34022
1.34271
1.34417
1.3444
1.34345
1.34192
1.3402
1.33888
1.33824
1.33798
1.33757
1.33652
1.33441
1.33072
1.32503
1.31737
1.30819
1.29795
1.28707
1.276
1.26513
1.25492
1.24591
1.23841
1.23262
1.22871
1.22701
1.22786
1.32543
1.32404
1.32461
1.32696
1.33083
1.33551
1.34013
1.34382
1.34584
1.34601
1.34482
1.34309
1.3414
1.34021
1.33952
1.33871
1.33707
1.33393
1.32878
1.32135
1.31189
1.30098
1.28932
1.27744
1.26574
1.25452
1.24399
1.23436
1.22597
1.21914
1.21399
1.21065
1.20988
1.21231
1.3192
1.31828
1.31955
1.32283
1.32782
1.33379
1.33966
1.3442
1.34653
1.34681
1.34587
1.34441
1.34289
1.34135
1.33948
1.33668
1.33217
1.32537
1.31621
1.30511
1.29274
1.27982
1.26695
1.25448
1.24263
1.23161
1.22152
1.21244
1.20457
1.19828
1.19368
1.19073
1.19068
1.19474
1.31407
1.31376
1.31558
1.3195
1.32523
1.33201
1.33854
1.34341
1.34602
1.34682
1.34649
1.34529
1.3433
1.34044
1.33623
1.33006
1.32151
1.31068
1.29807
1.28441
1.27034
1.25642
1.24306
1.23039
1.21846
1.20756
1.19787
1.18922
1.18159
1.17557
1.17163
1.16935
1.16933
1.17496
1.31046
1.31062
1.3128
1.31707
1.32311
1.33008
1.33665
1.34157
1.34456
1.346
1.34599
1.34442
1.34108
1.33578
1.32809
1.31792
1.30554
1.29155
1.27664
1.26148
1.24647
1.23187
1.21804
1.20506
1.19281
1.18212
1.17312
1.1651
1.15803
1.15239
1.149
1.14744
1.14606
1.14966
1.30828
1.30872
1.3111
1.31543
1.32133
1.32798
1.33414
1.33894
1.34218
1.34381
1.34338
1.34051
1.33482
1.32618
1.3148
1.30117
1.28599
1.26995
1.25355
1.23733
1.22156
1.20627
1.19218
1.17946
1.16792
1.15792
1.14939
1.14185
1.13499
1.12941
1.12668
1.1266
1.12307
1.1174
1.34073
1.34087
1.34134
1.34206
1.34275
1.34298
1.34064
1.34073
1.34112
1.34179
1.34245
1.3426
1.34033
1.34046
1.34082
1.34137
1.34171
1.3414
1.33986
1.34017
1.3405
1.34061
1.34008
1.3388
1.33932
1.33987
1.33997
1.33902
1.33696
1.33436
1.33866
1.33941
1.33875
1.33596
1.33216
1.32842
1.33785
1.3385
1.33634
1.33131
1.32633
1.32228
1.33705
1.33694
1.33277
1.32643
1.32064
1.31651
1.33636
1.33471
1.32854
1.32177
1.31605
1.31236
1.33536
1.33214
1.32487
1.31798
1.31296
1.30978
1.3074
1.30793
1.31028
1.31437
1.31978
1.32569
1.33119
1.33563
1.33859
1.3395
1.33759
1.33224
1.32337
1.31128
1.29677
1.28066
1.26366
1.2463
1.22881
1.21191
1.19596
1.18075
1.16648
1.15344
1.14212
1.13261
1.12495
1.11911
1.11494
1.11249
1.11193
1.11279
1.1097
1.09743
1.3078
1.30822
1.31033
1.31389
1.31845
1.32336
1.32792
1.33145
1.33318
1.33221
1.32766
1.31915
1.30706
1.29216
1.27543
1.25779
1.23971
1.22174
1.20391
1.18634
1.16973
1.15437
1.14076
1.12969
1.12131
1.11535
1.11165
1.10979
1.10927
1.1096
1.11038
1.11088
1.1098
1.106
1.30943
1.30959
1.31119
1.31393
1.31738
1.32104
1.32421
1.32607
1.3256
1.32181
1.31407
1.3025
1.28791
1.27116
1.25309
1.23484
1.21636
1.19765
1.17953
1.16241
1.14693
1.13371
1.12329
1.11591
1.11127
1.10877
1.10783
1.10775
1.10801
1.10846
1.10907
1.1096
1.10986
1.10957
1.31232
1.31199
1.31281
1.31444
1.31654
1.31859
1.31979
1.31916
1.31567
1.30859
1.2977
1.28351
1.26724
1.24963
1.23114
1.21244
1.19391
1.17593
1.15911
1.14414
1.13156
1.12174
1.11475
1.11035
1.10797
1.10694
1.10667
1.10683
1.10731
1.10804
1.10892
1.10993
1.11094
1.11155
1.31652
1.31544
1.31515
1.31535
1.31577
1.31572
1.3143
1.31048
1.30351
1.29313
1.27945
1.26318
1.24628
1.22866
1.21019
1.19223
1.17509
1.15927
1.14519
1.13328
1.12374
1.11662
1.11172
1.10872
1.1071
1.10642
1.10637
1.10674
1.10746
1.10841
1.10947
1.11074
1.11212
1.11296
1.32196
1.31979
1.31804
1.31643
1.31472
1.31202
1.30737
1.29992
1.28938
1.27605
1.26038
1.24356
1.22621
1.20869
1.19186
1.17609
1.16169
1.14892
1.13788
1.12861
1.12114
1.11545
1.1114
1.10875
1.10726
1.10669
1.10672
1.10714
1.10788
1.10881
1.1099
1.11134
1.11289
1.11375
1.32831
1.32469
1.32107
1.31725
1.3129
1.30702
1.29878
1.2877
1.27374
1.25817
1.24164
1.22458
1.20773
1.19202
1.17781
1.16515
1.15402
1.14422
1.13555
1.12795
1.12152
1.1163
1.11233
1.10962
1.10802
1.10726
1.1071
1.1074
1.10797
1.10881
1.1099
1.1114
1.11298
1.11386
1.33525
1.32986
1.32393
1.31742
1.3099
1.30049
1.28867
1.27407
1.25652
1.2405
1.22348
1.20714
1.19234
1.17949
1.16856
1.15924
1.15106
1.1435
1.13631
1.12954
1.12336
1.11804
1.1138
1.11075
1.10874
1.10755
1.10707
1.10711
1.10752
1.10827
1.10934
1.11083
1.1124
1.11331
1.34264
1.33511
1.32642
1.31667
1.30554
1.29234
1.27649
1.25818
1.24079
1.22349
1.20685
1.19251
1.18061
1.17111
1.16353
1.15715
1.15118
1.14508
1.13867
1.13207
1.12566
1.11984
1.11501
1.11144
1.10885
1.10726
1.10654
1.10633
1.10657
1.10723
1.10828
1.10973
1.11125
1.11223
1.35015
1.34002
1.3281
1.31463
1.29944
1.28195
1.26199
1.2433
1.22582
1.20744
1.19266
1.18104
1.17241
1.16621
1.16153
1.1574
1.15295
1.14768
1.14153
1.13468
1.12765
1.12089
1.1154
1.11133
1.10836
1.10653
1.10557
1.10521
1.10535
1.10595
1.10697
1.10837
1.10984
1.11087
1.35719
1.34394
1.3284
1.31093
1.29151
1.27022
1.24875
1.2289
1.20936
1.19311
1.18105
1.17253
1.16709
1.1637
1.16127
1.15875
1.1553
1.15049
1.14423
1.13671
1.12884
1.12138
1.1151
1.11047
1.10744
1.10562
1.1046
1.10416
1.10422
1.10476
1.10573
1.10707
1.10846
1.10942
1.36305
1.34627
1.32688
1.3053
1.28155
1.25644
1.23465
1.21247
1.19445
1.18099
1.17186
1.16639
1.16366
1.16247
1.1617
1.16034
1.15759
1.15294
1.14625
1.13801
1.12919
1.12102
1.11439
1.1097
1.10672
1.10495
1.10394
1.10345
1.10344
1.10389
1.10479
1.10603
1.10733
1.10809
1.36703
1.3464
1.32287
1.29697
1.26935
1.24213
1.21818
1.19733
1.18176
1.171
1.16469
1.16181
1.16118
1.1616
1.16204
1.16152
1.15919
1.15437
1.14711
1.13821
1.12889
1.12047
1.1138
1.10916
1.10629
1.10461
1.10364
1.10315
1.1031
1.10347
1.10428
1.1054
1.1066
1.10715
1.36843
1.34387
1.31627
1.2863
1.25502
1.22837
1.20325
1.18419
1.17092
1.16279
1.15891
1.158
1.15884
1.16039
1.16164
1.16152
1.15911
1.15395
1.1464
1.13739
1.12813
1.11981
1.11329
1.10881
1.10607
1.10451
1.10363
1.1032
1.10316
1.10349
1.10421
1.10522
1.10622
1.10661
1.36677
1.33837
1.30671
1.27279
1.24071
1.21308
1.1894
1.17253
1.16163
1.15583
1.15381
1.15424
1.15601
1.15815
1.15955
1.15915
1.15633
1.15104
1.14379
1.13536
1.12672
1.11893
1.11277
1.10853
1.10597
1.10456
1.10385
1.10355
1.10359
1.10393
1.10456
1.10539
1.10613
1.10634
1.36184
1.32981
1.29468
1.25822
1.22646
1.19807
1.1766
1.16211
1.15352
1.14956
1.1488
1.14996
1.15203
1.15401
1.15476
1.15361
1.15046
1.1455
1.13909
1.13176
1.12426
1.11744
1.11198
1.10818
1.1059
1.10473
1.10424
1.10415
1.10433
1.10469
1.10521
1.1058
1.10624
1.10626
1.35361
1.31819
1.28017
1.24362
1.2112
1.18415
1.16507
1.15285
1.14617
1.14349
1.14335
1.14459
1.1462
1.14724
1.14692
1.14501
1.14179
1.13741
1.13209
1.12619
1.12024
1.11483
1.1105
1.10749
1.10572
1.10491
1.10472
1.10489
1.10522
1.10559
1.10595
1.10625
1.10638
1.10628
1.34231
1.30412
1.26333
1.22768
1.19581
1.17132
1.15466
1.14446
1.13922
1.13724
1.13703
1.13765
1.13818
1.13789
1.13646
1.13403
1.13087
1.12711
1.12292
1.11855
1.11429
1.11057
1.10777
1.10599
1.10512
1.10491
1.10514
1.1056
1.10607
1.10642
1.10658
1.10658
1.10647
1.10633
1.32808
1.28784
1.24728
1.21163
1.18145
1.1596
1.14516
1.13658
1.13222
1.13036
1.12961
1.12914
1.12825
1.12662
1.1243
1.12154
1.11851
1.11527
1.11209
1.10912
1.10649
1.10448
1.10338
1.10317
1.1036
1.10439
1.10528
1.1061
1.10671
1.107
1.10699
1.10677
1.10654
1.10639
1.31152
1.26951
1.23137
1.19596
1.16828
1.14889
1.13642
1.12908
1.12492
1.12261
1.12104
1.11925
1.117
1.11429
1.11134
1.10839
1.10551
1.10277
1.10031
1.09832
1.09718
1.09682
1.09728
1.09867
1.10065
1.10284
1.10478
1.10621
1.10704
1.10729
1.10716
1.10683
1.10656
1.10644
1.29362
1.25213
1.21443
1.18104
1.15614
1.139
1.12809
1.12147
1.11727
1.11428
1.11155
1.10847
1.10511
1.10163
1.0983
1.09524
1.09252
1.0902
1.08838
1.08725
1.08703
1.08772
1.08953
1.09244
1.09599
1.0998
1.10321
1.10567
1.10698
1.10732
1.10711
1.10678
1.10653
1.10644
1.27435
1.23512
1.19778
1.16717
1.14489
1.12973
1.12001
1.11372
1.10924
1.10541
1.10147
1.09733
1.09317
1.08923
1.08568
1.08262
1.08006
1.07805
1.07669
1.07616
1.07665
1.07827
1.08088
1.08475
1.08975
1.09512
1.10018
1.10412
1.10639
1.1071
1.10694
1.10662
1.10639
1.10634
1.25432
1.21687
1.1819
1.15433
1.13442
1.12094
1.11207
1.10586
1.10083
1.09607
1.09116
1.08625
1.0816
1.07742
1.0738
1.07077
1.06838
1.06663
1.06564
1.06553
1.06646
1.06856
1.0719
1.07655
1.08239
1.08899
1.09562
1.10127
1.10501
1.10658
1.1067
1.10638
1.10616
1.10612
1.23479
1.1993
1.16718
1.1424
1.1246
1.11248
1.10416
1.09783
1.09218
1.08659
1.08096
1.07556
1.07064
1.06635
1.06271
1.05976
1.05752
1.056
1.05529
1.05551
1.05679
1.05923
1.06295
1.06804
1.07444
1.08188
1.08975
1.09706
1.1026
1.10558
1.10636
1.10614
1.10589
1.1058
1.21688
1.18301
1.1536
1.1313
1.11534
1.10429
1.09628
1.08969
1.08347
1.07723
1.07111
1.06542
1.06038
1.05606
1.05245
1.04958
1.04749
1.04616
1.04568
1.04616
1.04769
1.05038
1.05435
1.05967
1.06637
1.07428
1.08299
1.09166
1.09903
1.10384
1.10578
1.1059
1.10556
1.10538
1.19955
1.1676
1.14101
1.12097
1.10655
1.09631
1.08847
1.08158
1.07486
1.06817
1.06176
1.05594
1.05086
1.04655
1.043
1.04022
1.03825
1.03709
1.03682
1.0375
1.03924
1.04211
1.04623
1.05168
1.05851
1.06665
1.07584
1.08546
1.09439
1.10115
1.10472
1.10553
1.10514
1.10485
1.18214
1.15308
1.12931
1.11132
1.09819
1.08856
1.08078
1.07363
1.06653
1.05955
1.053
1.04715
1.04208
1.03782
1.03433
1.03164
1.02979
1.02878
1.02867
1.02953
1.03143
1.03445
1.03868
1.0442
1.05106
1.05927
1.06869
1.07889
1.08897
1.09753
1.10301
1.10492
1.10468
1.10422
1.16609
1.13974
1.11849
1.10233
1.09024
1.08107
1.07331
1.06594
1.0586
1.05148
1.04489
1.03906
1.03405
1.02983
1.02642
1.02382
1.02208
1.0212
1.02123
1.02224
1.02428
1.02742
1.03173
1.03728
1.04414
1.05233
1.06181
1.0723
1.08308
1.0931
1.10059
1.10399
1.10417
1.10346
1.15167
1.1276
1.10855
1.09394
1.0827
1.0739
1.06616
1.05864
1.05117
1.044
1.03746
1.03169
1.02674
1.02259
1.01925
1.01674
1.01509
1.01433
1.01448
1.01562
1.01777
1.02101
1.02539
1.03097
1.03781
1.04595
1.05538
1.06594
1.07706
1.08808
1.09736
1.10259
1.10345
1.10253
1.13837
1.11655
1.09948
1.08612
1.07562
1.06712
1.0594
1.05182
1.04431
1.03718
1.03071
1.02503
1.02015
1.01607
1.01281
1.01038
1.00882
1.00816
1.00842
1.00966
1.01192
1.01524
1.01968
1.02528
1.03209
1.04016
1.0495
1.06003
1.07145
1.08286
1.0933
1.10054
1.10235
1.10137
1.12595
1.10652
1.09119
1.07888
1.06904
1.06079
1.05314
1.04556
1.03808
1.03103
1.02467
1.01908
1.01428
1.01028
1.00709
1.00473
1.00326
1.00269
1.00304
1.00437
1.00672
1.01012
1.01461
1.02023
1.02702
1.03501
1.04425
1.05473
1.0663
1.07791
1.08898
1.0979
1.10085
1.10003
1.11479
1.0975
1.08362
1.07226
1.06299
1.055
1.04744
1.03991
1.03252
1.02559
1.01934
1.01385
1.00913
1.0052
1.00208
0.999799
0.998397
0.997902
0.99833
0.999742
1.00217
1.00563
1.01017
1.01582
1.02259
1.03054
1.03968
1.05006
1.06152
1.07334
1.08488
1.09487
1.09915
1.09873
1.10505
1.08947
1.07681
1.0663
1.05756
1.0498
1.04236
1.03494
1.02767
1.02087
1.01474
1.00934
1.0047
1.00085
0.997791
0.995572
0.994232
0.993805
0.994301
0.995782
0.998272
1.0018
1.00639
1.01206
1.01883
1.02674
1.03581
1.04606
1.05741
1.06938
1.08114
1.09169
1.0975
1.09773
1.09657
1.08242
1.07082
1.06108
1.05279
1.04527
1.03798
1.03068
1.02355
1.01688
1.01087
1.00557
1.001
0.99721
0.994213
0.992049
0.990765
0.990395
0.99095
0.992491
0.995041
0.998623
1.00326
1.00896
1.01575
1.02364
1.03265
1.0428
1.05405
1.06621
1.07805
1.08884
1.09609
1.09714
1.08919
1.07633
1.06569
1.05663
1.04875
1.04147
1.03434
1.02719
1.0202
1.01366
1.00775
1.00253
0.998037
0.994297
0.99135
0.989232
0.987993
0.987671
0.988275
0.989869
0.992473
0.996108
1.00079
1.00653
1.01335
1.02124
1.03023
1.04032
1.0515
1.06365
1.0757
1.08664
1.09496
1.09687
1.08282
1.07121
1.06142
1.05299
1.0455
1.03844
1.03149
1.02448
1.01763
1.01122
1.0054
1.00025
0.995809
0.992111
0.989201
0.987119
0.985916
0.985632
0.986277
0.987917
0.99057
0.994255
0.998989
1.00478
1.01164
1.01956
1.02856
1.03863
1.04978
1.06187
1.07411
1.0852
1.09415
1.09688
1.07745
1.06705
1.05803
1.05019
1.04307
1.03624
1.02946
1.02261
1.01589
1.00957
1.00383
0.998733
0.994326
0.990656
0.987769
0.98571
0.984531
0.984277
0.984955
0.986634
0.989332
0.993068
0.997856
1.00371
1.01062
1.0186
1.02764
1.03774
1.0489
1.06103
1.07347
1.08465
1.09385
1.09729
1.07306
1.06379
1.05553
1.04827
1.04151
1.03491
1.0283
1.02159
1.01499
1.00875
1.00306
0.997987
0.993596
0.989936
0.987056
0.985005
0.983841
0.983606
0.984309
0.986023
0.988763
0.99255
0.997397
1.00331
1.01031
1.01837
1.02749
1.03767
1.0489
1.06115
1.07385
1.08512
1.09434
1.09823
1.06965
1.06144
1.05395
1.04726
1.04087
1.03449
1.02805
1.02147
1.01495
1.00877
1.00309
0.998026
0.993626
0.989953
0.987062
0.985002
0.983837
0.983608
0.984329
0.986072
0.988853
0.992692
0.997605
1.0036
1.01069
1.01886
1.02811
1.03843
1.0498
1.0622
1.07504
1.08669
1.09586
1.09984
1.06721
1.06005
1.05331
1.0472
1.04118
1.03501
1.02873
1.02227
1.01581
1.00964
1.00395
0.998853
0.994415
0.990708
0.987783
0.985696
0.984514
0.984278
0.985009
0.986776
0.989596
0.993489
0.998474
1.00456
1.01176
1.02007
1.02948
1.03998
1.05157
1.0642
1.07727
1.08936
1.09844
1.1025
1.06574
1.05962
1.05366
1.04812
1.04248
1.03653
1.03039
1.02401
1.01759
1.01139
1.00565
1.00049
0.995986
0.992214
0.989225
0.987091
0.985875
0.985618
0.986349
0.988134
0.99099
0.994939
1
1.00619
1.01352
1.02198
1.03159
1.04233
1.0542
1.06718
1.08069
1.0931
1.10231
1.10633
1.06523
1.06019
1.05502
1.05006
1.04481
1.03908
1.03306
1.02673
1.0203
1.01405
1.00822
1.00295
0.99834
0.994462
0.991381
0.989177
0.987909
0.987617
0.988339
0.990137
0.993028
0.997036
1.00218
1.00848
1.01595
1.0246
1.03443
1.04546
1.05771
1.0712
1.08514
1.09785
1.10734
1.11139
1.06564
1.06177
1.05743
1.05305
1.04821
1.04272
1.03676
1.03045
1.02398
1.01762
1.01164
1.00622
1.00147
0.997443
0.994244
0.991944
0.990605
0.990265
0.99097
0.992777
0.995703
0.999771
1.005
1.01142
1.01904
1.02788
1.03796
1.04931
1.06204
1.07618
1.09061
1.10368
1.1134
1.11744
1.06699
1.06439
1.06095
1.05714
1.05273
1.04747
1.04154
1.03519
1.02862
1.02211
1.01594
1.01032
1.00536
1.00116
0.997806
0.995383
0.993954
0.993552
0.994233
0.996046
0.999007
1.00314
1.00846
1.015
1.02277
1.03181
1.04214
1.05383
1.06705
1.08168
1.09685
1.11031
1.12005
1.12409
1.06927
1.06809
1.06563
1.0624
1.0584
1.05335
1.04741
1.04097
1.03424
1.02751
1.0211
1.01523
1.01002
1.00559
1.00205
0.999477
0.997939
0.997465
0.998116
0.999934
1.00293
1.00713
1.01255
1.01921
1.02714
1.03637
1.04695
1.05898
1.07267
1.08778
1.10357
1.11723
1.12688
1.13079
1.07251
1.07292
1.07154
1.06892
1.06526
1.06036
1.05439
1.04779
1.04083
1.03384
1.02713
1.02093
1.01541
1.01071
1.00695
1.0042
1.00254
1.00199
1.00261
1.00443
1.00747
1.01173
1.01725
1.02403
1.03211
1.04152
1.05233
1.06471
1.0789
1.09452
1.11042
1.12393
1.13326
1.13696
1.07674
1.07895
1.07874
1.07677
1.07338
1.06857
1.06253
1.05569
1.04843
1.04109
1.03398
1.02739
1.02151
1.0165
1.01248
1.00954
1.00774
1.0071
1.00769
1.00952
1.01261
1.01695
1.02256
1.02946
1.03768
1.04725
1.05826
1.07098
1.08561
1.10134
1.11692
1.12974
1.1384
1.14182
1.08203
1.08625
1.08735
1.08606
1.08289
1.07809
1.07189
1.06471
1.05701
1.04919
1.0416
1.03455
1.02826
1.02291
1.0186
1.01544
1.0135
1.01278
1.01335
1.0152
1.01834
1.02277
1.02849
1.0355
1.04384
1.05354
1.06472
1.07775
1.09231
1.1079
1.12252
1.134
1.14157
1.14462
1.08838
1.09491
1.0975
1.09694
1.09395
1.08902
1.08245
1.07476
1.06648
1.05806
1.0499
1.04233
1.0356
1.02985
1.02524
1.02187
1.01978
1.01899
1.01955
1.02145
1.02466
1.02919
1.03502
1.04215
1.05061
1.06041
1.07176
1.08499
1.0991
1.11383
1.1267
1.13622
1.14233
1.14484
1.09579
1.10505
1.10934
1.10954
1.10666
1.10136
1.09418
1.08577
1.07674
1.0676
1.05879
1.05065
1.04342
1.03727
1.03235
1.02876
1.02654
1.02571
1.02629
1.02825
1.03156
1.03621
1.04218
1.04944
1.05804
1.06797
1.07955
1.0923
1.10597
1.11884
1.12916
1.13631
1.14084
1.14289
1.10428
1.11682
1.12305
1.12403
1.12104
1.11511
1.10706
1.09771
1.08774
1.07773
1.06816
1.05939
1.05162
1.04505
1.03983
1.03605
1.03373
1.03289
1.03352
1.03558
1.03903
1.04383
1.04996
1.05739
1.06615
1.07633
1.08825
1.10003
1.11232
1.12263
1.12995
1.13467
1.1378
1.13966
1.11387
1.13042
1.13888
1.14053
1.13718
1.13031
1.12109
1.11051
1.09939
1.08835
1.07791
1.06842
1.06009
1.0531
1.04759
1.04366
1.04129
1.0405
1.04123
1.04343
1.04706
1.05206
1.0584
1.06605
1.07502
1.08537
1.09667
1.10804
1.11796
1.12513
1.12948
1.13209
1.1342
1.13598
1.12451
1.14609
1.15706
1.15925
1.15519
1.14698
1.13621
1.12411
1.11158
1.09934
1.08791
1.07764
1.06872
1.06132
1.05558
1.05155
1.04919
1.04849
1.04938
1.05178
1.05564
1.06092
1.06756
1.07554
1.08478
1.09507
1.10535
1.11534
1.12246
1.12652
1.12845
1.12961
1.1311
1.13288
1.13603
1.16405
1.17789
1.1804
1.17516
1.16509
1.15232
1.13834
1.12417
1.11056
1.09804
1.08692
1.07741
1.06963
1.06372
1.05966
1.05739
1.05685
1.05794
1.0606
1.06478
1.07044
1.07754
1.08593
1.09536
1.10521
1.1143
1.12141
1.12552
1.12715
1.12756
1.12803
1.12913
1.13069
1.14817
1.18457
1.20168
1.20412
1.19704
1.18445
1.1692
1.153
1.13694
1.1218
1.1081
1.09613
1.08603
1.07795
1.07195
1.06793
1.06582
1.06551
1.06687
1.06991
1.07456
1.08077
1.08836
1.09705
1.10618
1.11474
1.12145
1.12555
1.12723
1.12741
1.1272
1.12746
1.12837
1.12943
1.16015
1.20778
1.22862
1.23037
1.22054
1.20468
1.18645
1.16771
1.14956
1.1328
1.1179
1.10508
1.09446
1.08617
1.08017
1.07628
1.07443
1.07445
1.07623
1.07975
1.08504
1.09193
1.09973
1.10816
1.11596
1.12208
1.12589
1.12757
1.12788
1.12757
1.12732
1.1276
1.12844
1.12901
1.17161
1.23365
1.25861
1.25869
1.2449
1.22494
1.20337
1.182
1.16175
1.14334
1.12723
1.11357
1.10252
1.09412
1.0882
1.08456
1.08313
1.08363
1.08605
1.09001
1.09566
1.10307
1.11088
1.1177
1.12276
1.12596
1.12748
1.12797
1.12795
1.12773
1.1277
1.1281
1.12871
1.12897
1.17687
1.26008
1.29035
1.28773
1.26907
1.24476
1.21999
1.19598
1.17352
1.15338
1.13603
1.12154
1.1101
1.1017
1.09595
1.0928
1.09202
1.09306
1.0957
1.10005
1.10622
1.11319
1.1193
1.12317
1.12539
1.12667
1.12735
1.12769
1.12784
1.12788
1.12808
1.12852
1.12892
1.12898
1.18403
1.28686
1.32301
1.31652
1.29211
1.26327
1.23537
1.20834
1.18341
1.16155
1.14312
1.12801
1.11666
1.10894
1.10379
1.10114
1.10104
1.10255
1.105
1.10867
1.11326
1.11772
1.12122
1.12351
1.12494
1.12603
1.12686
1.12738
1.12771
1.12799
1.12835
1.12876
1.12902
1.12901
1.1095
1.29935
1.34626
1.33591
1.30824
1.27731
1.24817
1.21845
1.19076
1.16708
1.14751
1.13195
1.12041
1.1126
1.10802
1.10638
1.10675
1.10758
1.10836
1.10985
1.11262
1.1162
1.11953
1.12216
1.12415
1.12561
1.12662
1.12727
1.12767
1.12804
1.12847
1.12887
1.12908
1.12905
1.33367
1.32949
1.32218
1.31581
1.31142
1.30863
1.33218
1.32783
1.32092
1.3155
1.31156
1.30897
1.33224
1.32829
1.32197
1.31712
1.31334
1.31073
1.33467
1.33102
1.32528
1.32053
1.31667
1.31393
1.33958
1.33584
1.33063
1.32569
1.32164
1.31861
1.34685
1.34267
1.33778
1.3326
1.32826
1.32476
1.35625
1.35173
1.34662
1.34117
1.33638
1.33214
1.36742
1.36266
1.35696
1.35108
1.3456
1.34038
1.37989
1.37468
1.36839
1.36191
1.35556
1.34928
1.39307
1.38738
1.38044
1.37331
1.36608
1.3586
1.40623
1.4003
1.39272
1.38493
1.37681
1.36786
1.41882
1.41302
1.40481
1.39625
1.38712
1.37638
1.43081
1.42496
1.41613
1.40669
1.3963
1.38343
1.4413
1.43535
1.42587
1.41555
1.40361
1.38825
1.44925
1.44351
1.43328
1.42204
1.40831
1.39018
1.45459
1.44863
1.4377
1.42546
1.40975
1.38875
1.4569
1.45019
1.43865
1.42531
1.4075
1.38368
1.45531
1.44804
1.43587
1.42131
1.40141
1.37498
1.44965
1.44191
1.42917
1.41341
1.3916
1.36299
1.44028
1.43198
1.41868
1.4018
1.37837
1.3482
1.42765
1.4187
1.40482
1.38693
1.36222
1.33099
1.41175
1.40236
1.38801
1.36935
1.34387
1.31191
1.39286
1.38338
1.36876
1.34962
1.32394
1.29177
1.37173
1.36238
1.3477
1.32841
1.30293
1.27136
1.34913
1.3401
1.32552
1.30644
1.28136
1.25097
1.32578
1.31719
1.30287
1.28419
1.25976
1.23078
1.30223
1.29423
1.28028
1.26207
1.2387
1.21133
1.27895
1.2716
1.25815
1.24059
1.21861
1.19289
1.25636
1.24966
1.23686
1.22022
1.19992
1.17633
1.2348
1.22875
1.21674
1.2012
1.18262
1.16155
1.21454
1.20913
1.19796
1.18356
1.16644
1.14733
1.19573
1.19092
1.18061
1.16729
1.15152
1.13396
1.1785
1.17418
1.16476
1.15251
1.13813
1.12216
1.16284
1.15897
1.15048
1.13945
1.12628
1.11197
1.14873
1.14524
1.13762
1.12796
1.11592
1.10313
1.13609
1.13292
1.12606
1.1176
1.10698
1.09543
1.12477
1.12196
1.11575
1.10828
1.09912
1.08871
1.11462
1.1122
1.10666
1.1001
1.09219
1.08296
1.10548
1.10349
1.09865
1.09305
1.08624
1.0782
1.09725
1.09565
1.09154
1.08697
1.08123
1.07444
1.08974
1.08856
1.08524
1.08175
1.07715
1.07167
1.08277
1.08206
1.07965
1.07728
1.07396
1.06983
1.07616
1.076
1.07462
1.07349
1.07157
1.06887
1.06972
1.07018
1.06998
1.07022
1.06986
1.06873
1.06327
1.06446
1.06556
1.06734
1.06875
1.06935
1.05663
1.05865
1.0612
1.06472
1.06814
1.07071
1.04959
1.05255
1.05669
1.06215
1.0679
1.07275
1.04197
1.04583
1.05178
1.05949
1.06785
1.0754
1.03345
1.03811
1.04619
1.05655
1.06784
1.07859
1.0235
1.02901
1.03963
1.05298
1.0677
1.08227
1.0115
1.01803
1.03151
1.0482
1.06705
1.0863
0.996819
1.00436
1.0209
1.04128
1.06525
1.09048
0.978555
0.986909
1.00604
1.03088
1.06138
1.09429
0.955527
0.964431
0.985501
1.01547
1.05396
1.09666
0.926223
0.935372
0.957914
0.992555
1.04053
1.09611
0.888805
0.897803
0.920419
0.958048
1.01564
1.08887
0.840603
0.848003
0.868744
0.906106
0.970534
1.06966
0.778431
0.781182
0.798431
0.829434
0.883361
1.01243
0.700543
0.694407
0.703965
0.719787
0.732985
0.888539
0.608166
0.587851
0.585318
0.591399
0.488895
0.414802
0.515468
0.484181
0.448888
0.41719
0.137839
-0.570685
0.430097
0.396267
0.328975
0.263721
0.0301781
-0.471052
0.34836
0.31436
0.239598
0.162035
0.0304689
-0.215006
-0.150532
-0.147413
-0.14502
-0.143142
-0.141971
-0.142023
-0.143513
-0.146255
-0.149784
-0.153531
-0.156815
-0.159313
-0.161073
-0.162185
-0.162637
-0.162534
-0.162111
-0.161581
-0.161075
-0.160649
-0.160309
-0.160049
-0.159856
-0.159727
-0.159636
-0.159565
-0.159508
-0.159459
-0.159415
-0.159379
-0.159355
-0.159344
-0.159347
-0.159356
-0.148316
-0.146737
-0.145762
-0.144186
-0.143093
-0.143242
-0.144875
-0.147697
-0.151146
-0.154758
-0.157879
-0.160197
-0.161846
-0.162795
-0.162959
-0.162533
-0.161903
-0.1613
-0.16081
-0.160446
-0.160171
-0.159964
-0.159817
-0.15971
-0.159627
-0.159564
-0.159511
-0.159463
-0.159422
-0.159387
-0.159363
-0.159351
-0.159353
-0.159362
-0.147944
-0.147515
-0.147311
-0.146136
-0.145391
-0.145813
-0.147596
-0.150427
-0.15377
-0.15716
-0.160125
-0.162342
-0.163703
-0.164354
-0.164298
-0.16354
-0.162502
-0.161538
-0.160806
-0.16033
-0.160041
-0.159864
-0.159749
-0.159666
-0.159603
-0.159554
-0.15951
-0.159468
-0.15943
-0.159395
-0.159369
-0.159356
-0.159358
-0.159367
-0.148652
-0.149654
-0.14935
-0.148347
-0.147937
-0.14868
-0.150676
-0.153582
-0.156867
-0.160053
-0.162764
-0.164759
-0.165966
-0.166452
-0.166233
-0.165337
-0.164018
-0.162612
-0.161398
-0.160541
-0.160042
-0.159795
-0.159678
-0.159614
-0.159571
-0.159537
-0.159505
-0.159471
-0.159435
-0.1594
-0.159372
-0.159356
-0.159357
-0.159367
-0.15035
-0.152056
-0.151375
-0.150273
-0.150041
-0.151088
-0.153384
-0.156487
-0.159823
-0.162911
-0.165432
-0.167227
-0.168268
-0.168597
-0.168255
-0.167292
-0.165845
-0.164151
-0.162497
-0.16116
-0.160282
-0.159827
-0.159638
-0.159569
-0.159539
-0.15952
-0.1595
-0.159473
-0.15944
-0.159405
-0.159373
-0.159352
-0.159351
-0.159363
-0.1527
-0.154372
-0.153366
-0.152101
-0.151974
-0.153313
-0.155924
-0.159236
-0.162626
-0.165628
-0.167978
-0.169577
-0.170431
-0.1706
-0.170137
-0.169105
-0.167593
-0.165753
-0.163815
-0.162074
-0.160769
-0.160007
-0.159664
-0.159544
-0.159512
-0.159503
-0.159493
-0.159475
-0.159445
-0.159409
-0.159372
-0.159345
-0.15934
-0.159351
-0.155264
-0.156679
-0.155446
-0.154005
-0.153953
-0.155557
-0.158441
-0.1619
-0.165278
-0.168148
-0.170304
-0.171698
-0.172361
-0.172367
-0.171775
-0.170659
-0.169091
-0.167178
-0.165081
-0.163092
-0.1614
-0.160314
-0.159761
-0.159549
-0.159493
-0.159486
-0.159484
-0.159473
-0.159447
-0.15941
-0.159368
-0.159332
-0.159321
-0.159331
-0.157635
-0.158957
-0.157534
-0.155908
-0.155904
-0.157735
-0.160811
-0.164325
-0.167618
-0.170312
-0.172264
-0.173462
-0.173949
-0.173806
-0.173088
-0.171877
-0.170247
-0.168283
-0.166095
-0.163907
-0.162006
-0.160666
-0.159897
-0.15957
-0.159477
-0.159467
-0.15947
-0.159464
-0.159443
-0.159405
-0.159357
-0.159312
-0.159292
-0.159298
-0.159539
-0.160962
-0.15938
-0.157577
-0.157602
-0.159624
-0.1628
-0.166288
-0.169447
-0.171956
-0.173723
-0.174759
-0.175106
-0.174843
-0.174015
-0.172708
-0.171007
-0.168992
-0.166763
-0.164451
-0.162426
-0.160916
-0.159997
-0.159572
-0.159444
-0.159433
-0.159444
-0.159445
-0.159427
-0.159389
-0.159336
-0.15928
-0.15925
-0.159248
-0.160627
-0.162225
-0.160622
-0.158678
-0.158739
-0.160902
-0.164144
-0.167582
-0.170608
-0.172965
-0.174598
-0.175528
-0.175786
-0.175439
-0.174524
-0.173131
-0.171355
-0.169286
-0.167033
-0.164719
-0.162621
-0.160977
-0.159974
-0.159501
-0.159366
-0.159369
-0.159397
-0.159409
-0.159396
-0.159357
-0.159298
-0.159234
-0.159192
-0.159179
-0.160506
-0.162249
-0.160794
-0.158846
-0.158995
-0.16132
-0.164646
-0.168065
-0.17101
-0.173287
-0.174866
-0.175762
-0.175987
-0.175597
-0.17462
-0.173152
-0.171301
-0.169173
-0.166882
-0.164565
-0.162477
-0.160822
-0.159778
-0.15931
-0.15921
-0.159253
-0.159315
-0.159348
-0.159344
-0.159306
-0.159242
-0.159171
-0.159111
-0.159086
-0.15877
-0.160615
-0.159459
-0.157697
-0.158072
-0.160684
-0.164162
-0.167654
-0.170638
-0.172951
-0.174575
-0.175513
-0.175765
-0.175369
-0.174357
-0.172829
-0.170902
-0.1687
-0.166354
-0.164018
-0.16194
-0.160357
-0.159365
-0.158965
-0.158944
-0.159065
-0.159186
-0.159256
-0.159268
-0.159233
-0.159163
-0.159081
-0.159005
-0.158971
-0.155086
-0.157076
-0.156301
-0.154894
-0.155614
-0.158772
-0.162599
-0.166323
-0.169495
-0.171977
-0.173753
-0.174817
-0.175159
-0.174806
-0.173791
-0.172219
-0.170222
-0.167944
-0.165537
-0.163177
-0.161122
-0.159608
-0.158735
-0.158462
-0.158556
-0.158794
-0.159011
-0.159132
-0.159168
-0.159138
-0.159062
-0.158966
-0.158878
-0.158829
-0.149494
-0.151612
-0.151205
-0.150337
-0.151767
-0.155546
-0.159913
-0.164054
-0.167591
-0.170399
-0.172456
-0.173747
-0.174258
-0.174006
-0.173031
-0.171443
-0.169388
-0.167032
-0.164557
-0.162174
-0.16015
-0.158718
-0.157974
-0.157843
-0.158094
-0.158471
-0.158793
-0.158981
-0.159052
-0.15903
-0.158945
-0.158837
-0.158738
-0.158664
-0.142273
-0.144319
-0.144142
-0.143998
-0.146603
-0.151038
-0.156063
-0.160822
-0.164923
-0.168238
-0.17073
-0.172374
-0.173159
-0.173091
-0.17222
-0.170661
-0.168577
-0.166158
-0.16362
-0.161209
-0.159207
-0.15785
-0.157221
-0.157224
-0.157627
-0.158141
-0.158567
-0.158833
-0.158942
-0.158925
-0.15883
-0.158705
-0.158594
-0.158512
-0.133591
-0.135455
-0.135442
-0.136149
-0.139941
-0.145218
-0.151045
-0.156607
-0.161482
-0.165507
-0.168618
-0.170779
-0.171975
-0.172205
-0.17153
-0.170071
-0.168005
-0.165551
-0.16296
-0.160516
-0.158514
-0.157196
-0.156649
-0.156754
-0.157267
-0.157902
-0.158412
-0.158736
-0.158878
-0.158856
-0.158744
-0.158596
-0.158469
-0.158392
-0.123641
-0.12532
-0.125552
-0.12724
-0.131964
-0.138067
-0.144848
-0.151413
-0.157286
-0.16225
-0.166202
-0.169084
-0.170861
-0.171538
-0.171176
-0.169902
-0.167908
-0.165444
-0.162798
-0.160289
-0.158239
-0.156901
-0.15637
-0.156534
-0.157121
-0.157832
-0.158408
-0.158772
-0.158922
-0.158877
-0.158729
-0.158548
-0.158398
-0.158321
-0.112744
-0.11424
-0.114778
-0.11714
-0.12256
-0.129665
-0.137573
-0.145345
-0.152457
-0.158622
-0.163679
-0.16752
-0.170095
-0.171405
-0.171502
-0.170503
-0.168617
-0.166122
-0.16335
-0.16067
-0.158448
-0.156973
-0.156363
-0.156522
-0.157164
-0.157941
-0.158585
-0.158966
-0.159084
-0.159014
-0.158819
-0.158592
-0.158413
-0.158328
-0.101383
-0.102659
-0.10337
-0.106112
-0.112214
-0.120393
-0.129525
-0.138697
-0.147309
-0.154973
-0.161436
-0.166537
-0.170193
-0.17238
-0.173117
-0.172491
-0.170727
-0.168139
-0.165112
-0.162069
-0.159439
-0.157582
-0.156683
-0.156678
-0.157281
-0.158101
-0.158811
-0.159242
-0.159356
-0.159245
-0.159015
-0.158744
-0.158531
-0.158435
-0.0901987
-0.091182
-0.0919059
-0.094971
-0.101653
-0.110803
-0.121235
-0.132007
-0.142402
-0.151904
-0.160156
-0.166917
-0.172036
-0.175447
-0.177122
-0.177096
-0.175587
-0.17294
-0.169565
-0.165914
-0.162466
-0.159706
-0.157973
-0.157329
-0.157557
-0.158246
-0.158967
-0.159455
-0.159632
-0.159524
-0.159272
-0.158982
-0.158746
-0.158638
-0.0799378
-0.0805865
-0.0811934
-0.0843917
-0.0915352
-0.101642
-0.113469
-0.12606
-0.138568
-0.150333
-0.16087
-0.169817
-0.176936
-0.182114
-0.185294
-0.186421
-0.185594
-0.183105
-0.179375
-0.174876
-0.170072
-0.165574
-0.161995
-0.15968
-0.158651
-0.158608
-0.159053
-0.159519
-0.159766
-0.159753
-0.159538
-0.159272
-0.159032
-0.158915
-0.0713058
-0.0716396
-0.0720258
-0.0752302
-0.0827783
-0.0938349
-0.107201
-0.121897
-0.136942
-0.151506
-0.164946
-0.176752
-0.18655
-0.194189
-0.199632
-0.202604
-0.20289
-0.200722
-0.196654
-0.191299
-0.184892
-0.177928
-0.171385
-0.165992
-0.162207
-0.160133
-0.159428
-0.15948
-0.159709
-0.159814
-0.159721
-0.15954
-0.159342
-0.159235
-0.0648817
-0.0649146
-0.0650889
-0.0683967
-0.0763545
-0.0884346
-0.103627
-0.12082
-0.138911
-0.156849
-0.173767
-0.18893
-0.201779
-0.212142
-0.220116
-0.225081
-0.226478
-0.224716
-0.220553
-0.214785
-0.207243
-0.197941
-0.188098
-0.178717
-0.170666
-0.164744
-0.161231
-0.159771
-0.159527
-0.159673
-0.159764
-0.159746
-0.159645
-0.159578
-0.0612006
-0.0611836
-0.0612623
-0.0646211
-0.0731047
-0.0865369
-0.103955
-0.124075
-0.145624
-0.167207
-0.187648
-0.205982
-0.221531
-0.234106
-0.243833
-0.250206
-0.252911
-0.252357
-0.249068
-0.243401
-0.234971
-0.224119
-0.21182
-0.198741
-0.185941
-0.174772
-0.166449
-0.161572
-0.159646
-0.159406
-0.159675
-0.159882
-0.159952
-0.159945
-0.060652
-0.0609273
-0.0610218
-0.0645313
-0.0738417
-0.089019
-0.109037
-0.132374
-0.157423
-0.182364
-0.205744
-0.226502
-0.244022
-0.258139
-0.26889
-0.276098
-0.279703
-0.28009
-0.277541
-0.272125
-0.263723
-0.253148
-0.240046
-0.224381
-0.207773
-0.191397
-0.177135
-0.166821
-0.16119
-0.159381
-0.159465
-0.159943
-0.160281
-0.160343
-0.0631488
-0.0639759
-0.0643859
-0.0684789
-0.0789381
-0.0962029
-0.119026
-0.145496
-0.173531
-0.200945
-0.22616
-0.248199
-0.266639
-0.281442
-0.292694
-0.300408
-0.304683
-0.305885
-0.304136
-0.299445
-0.29178
-0.281368
-0.268196
-0.252172
-0.233478
-0.213631
-0.194238
-0.177433
-0.165955
-0.160455
-0.159297
-0.159989
-0.16067
-0.160826
-0.0684143
-0.0701036
-0.0712457
-0.076311
-0.0882667
-0.107773
-0.133285
-0.162357
-0.19244
-0.221183
-0.247113
-0.269499
-0.288149
-0.303153
-0.314655
-0.322735
-0.327505
-0.32928
-0.328125
-0.324083
-0.317188
-0.307503
-0.294958
-0.27912
-0.25958
-0.238848
-0.216767
-0.194024
-0.175613
-0.164133
-0.159843
-0.160007
-0.161137
-0.161505
-0.0760222
-0.0789527
-0.0812344
-0.0875905
-0.101249
-0.122897
-0.150641
-0.18149
-0.212574
-0.241636
-0.267491
-0.289693
-0.308226
-0.323237
-0.33488
-0.343243
-0.348412
-0.350635
-0.349956
-0.346427
-0.340093
-0.330992
-0.319076
-0.30407
-0.285633
-0.264193
-0.240582
-0.215127
-0.190611
-0.171975
-0.162217
-0.160304
-0.161774
-0.162496
-0.0854379
-0.0899981
-0.0937317
-0.101617
-0.117023
-0.140491
-0.16977
-0.201506
-0.232707
-0.261404
-0.286751
-0.308536
-0.326831
-0.341779
-0.353505
-0.36208
-0.367563
-0.370138
-0.369854
-0.366751
-0.360877
-0.352254
-0.340834
-0.326469
-0.309034
-0.288481
-0.264673
-0.237769
-0.209711
-0.184711
-0.167823
-0.161512
-0.162464
-0.163967
-0.0960192
-0.102566
-0.107979
-0.117489
-0.134518
-0.159357
-0.189469
-0.221332
-0.252051
-0.280019
-0.304686
-0.325987
-0.344012
-0.358867
-0.370637
-0.37937
-0.385097
-0.387953
-0.387993
-0.38524
-0.379742
-0.371521
-0.36055
-0.346746
-0.330029
-0.310299
-0.287214
-0.260334
-0.230856
-0.201743
-0.177451
-0.164278
-0.163243
-0.165983
-0.107089
-0.115908
-0.123132
-0.134228
-0.152618
-0.17836
-0.208755
-0.240238
-0.270159
-0.297268
-0.321231
-0.342053
-0.359804
-0.374544
-0.386323
-0.395166
-0.401081
-0.40416
-0.40447
-0.402015
-0.396835
-0.388953
-0.378366
-0.365037
-0.348912
-0.329887
-0.307674
-0.281765
-0.252179
-0.221247
-0.19137
-0.169659
-0.164831
-0.168302
-0.117973
-0.1293
-0.1384
-0.150958
-0.170387
-0.196649
-0.226943
-0.257774
-0.286792
-0.313049
-0.336353
-0.356727
-0.374207
-0.388814
-0.400567
-0.409476
-0.415532
-0.418786
-0.419323
-0.417124
-0.412225
-0.40465
-0.394406
-0.381483
-0.365854
-0.34743
-0.325999
-0.301184
-0.272653
-0.241014
-0.208417
-0.179609
-0.167724
-0.171028
-0.128022
-0.142096
-0.153168
-0.16701
-0.187179
-0.213649
-0.243605
-0.273683
-0.301822
-0.327303
-0.350015
-0.369976
-0.387192
-0.401651
-0.41335
-0.422288
-0.428444
-0.431833
-0.432559
-0.430582
-0.425937
-0.418644
-0.408719
-0.396168
-0.380979
-0.363098
-0.34239
-0.318569
-0.291112
-0.259834
-0.22676
-0.193772
-0.172308
-0.174612
-0.136632
-0.153697
-0.166871
-0.181894
-0.202555
-0.228993
-0.258488
-0.287826
-0.315177
-0.339981
-0.362174
-0.381758
-0.398716
-0.413017
-0.42464
-0.433574
-0.439796
-0.443286
-0.444169
-0.442386
-0.437969
-0.430941
-0.42132
-0.409121
-0.394347
-0.376974
-0.356923
-0.333983
-0.307675
-0.277642
-0.244843
-0.210154
-0.180063
-0.178365
-0.143172
-0.163619
-0.179086
-0.195334
-0.216221
-0.242443
-0.271447
-0.300124
-0.326805
-0.351038
-0.37278
-0.392024
-0.408736
-0.422873
-0.434401
-0.443305
-0.44956
-0.45313
-0.454136
-0.452522
-0.448311
-0.44153
-0.432201
-0.420344
-0.405977
-0.389101
-0.369677
-0.347563
-0.322417
-0.293806
-0.261643
-0.226535
-0.191532
-0.181622
-0.147272
-0.171588
-0.189581
-0.207099
-0.228053
-0.253898
-0.28241
-0.310539
-0.336675
-0.360434
-0.38179
-0.400729
-0.417208
-0.431179
-0.442602
-0.451455
-0.457716
-0.461348
-0.462442
-0.460973
-0.456946
-0.450394
-0.441342
-0.42982
-0.415857
-0.399475
-0.380673
-0.359376
-0.335377
-0.308229
-0.277078
-0.242159
-0.206153
-0.187378
-0.14881
-0.177317
-0.198039
-0.216959
-0.238033
-0.263372
-0.291371
-0.319052
-0.34476
-0.368136
-0.389165
-0.407834
-0.424099
-0.437907
-0.449217
-0.458004
-0.464249
-0.467919
-0.469076
-0.467726
-0.463857
-0.45751
-0.448719
-0.43752
-0.423954
-0.408068
-0.389896
-0.369426
-0.346548
-0.320923
-0.291768
-0.258619
-0.224247
-0.199842
-0.14734
-0.180496
-0.204119
-0.224523
-0.24605
-0.270906
-0.298317
-0.325632
-0.351049
-0.374128
-0.394879
-0.41331
-0.429381
-0.443033
-0.454228
-0.46294
-0.469152
-0.472838
-0.474033
-0.472775
-0.469034
-0.462865
-0.454308
-0.44341
-0.430228
-0.414829
-0.397289
-0.377658
-0.355921
-0.331896
-0.305115
-0.275059
-0.24372
-0.218937
-0.142658
-0.181053
-0.207875
-0.230059
-0.25215
-0.276554
-0.303312
-0.330253
-0.355468
-0.378364
-0.398925
-0.417162
-0.433049
-0.446547
-0.457625
-0.466255
-0.47242
-0.476102
-0.477309
-0.476118
-0.472474
-0.466447
-0.45809
-0.447461
-0.434633
-0.419697
-0.40277
-0.383965
-0.36336
-0.340938
-0.316553
-0.289504
-0.261625
-0.24013
-0.135
-0.178976
-0.209329
-0.233705
-0.256379
-0.28039
-0.306454
-0.332966
-0.358016
-0.380805
-0.401238
-0.419336
-0.435088
-0.448464
-0.459431
-0.467966
-0.474061
-0.477712
-0.478905
-0.477751
-0.474169
-0.468246
-0.46005
-0.449649
-0.43713
-0.42261
-0.40625
-0.388225
-0.368703
-0.347782
-0.325609
-0.301761
-0.277152
-0.259586
-0.124143
-0.173925
-0.208095
-0.234896
-0.258576
-0.28244
-0.307833
-0.333839
-0.358714
-0.381449
-0.401815
-0.419817
-0.435462
-0.448734
-0.459609
-0.46807
-0.474109
-0.477722
-0.478875
-0.477694
-0.474125
-0.468257
-0.46017
-0.449943
-0.437676
-0.42351
-0.407644
-0.390315
-0.371778
-0.352199
-0.331966
-0.311154
-0.289491
-0.275261
-0.107987
-0.164847
-0.20384
-0.233553
-0.258673
-0.282702
-0.307526
-0.332953
-0.35759
-0.380294
-0.400649
-0.418604
-0.434175
-0.447362
-0.458156
-0.466544
-0.472522
-0.476092
-0.477223
-0.476001
-0.472418
-0.466542
-0.458478
-0.448335
-0.436237
-0.422337
-0.406867
-0.390118
-0.372425
-0.354004
-0.335397
-0.316964
-0.298196
-0.286374
-0.0878186
-0.151329
-0.196305
-0.229566
-0.256597
-0.281164
-0.305603
-0.330417
-0.354705
-0.377343
-0.397721
-0.41568
-0.431217
-0.444348
-0.455075
-0.463396
-0.46931
-0.472819
-0.473908
-0.472631
-0.469026
-0.463124
-0.455042
-0.444898
-0.432842
-0.419071
-0.403856
-0.387536
-0.370509
-0.353009
-0.335697
-0.319155
-0.30305
-0.292683
-0.0631266
-0.134683
-0.185589
-0.22274
-0.252208
-0.277764
-0.302098
-0.326342
-0.350166
-0.372636
-0.393023
-0.41102
-0.426567
-0.439675
-0.450359
-0.458625
-0.464475
-0.467915
-0.468937
-0.467584
-0.463936
-0.457984
-0.449844
-0.43964
-0.42753
-0.413753
-0.398632
-0.382554
-0.365962
-0.349091
-0.332708
-0.317462
-0.303334
-0.294088
-0.0332875
-0.111889
-0.17031
-0.212637
-0.245266
-0.272365
-0.296989
-0.320814
-0.344102
-0.366264
-0.386581
-0.404612
-0.420198
-0.43332
-0.44399
-0.452221
-0.458019
-0.461392
-0.462335
-0.460881
-0.457159
-0.451118
-0.442872
-0.432547
-0.420306
-0.406409
-0.391226
-0.375198
-0.358801
-0.34227
-0.326444
-0.311779
-0.298756
-0.290701
-0.00874441
-0.0833194
-0.150091
-0.198844
-0.235375
-0.264724
-0.290175
-0.313859
-0.336633
-0.358355
-0.378467
-0.396469
-0.412095
-0.425256
-0.435944
-0.44417
-0.44994
-0.45326
-0.454135
-0.452574
-0.448728
-0.442555
-0.434142
-0.423618
-0.41116
-0.397039
-0.381647
-0.365466
-0.349025
-0.332591
-0.317037
-0.302387
-0.290191
-0.282673
0.0206471
-0.0466755
-0.125579
-0.181255
-0.222197
-0.254559
-0.28148
-0.305433
-0.327837
-0.349051
-0.368803
-0.386653
-0.402263
-0.415463
-0.426193
-0.434445
-0.440219
-0.443518
-0.444342
-0.442697
-0.438695
-0.432343
-0.423705
-0.412903
-0.400121
-0.38565
-0.369904
-0.353388
-0.336666
-0.32005
-0.304507
-0.289486
-0.277864
-0.269969
0.0544699
-0.016843
-0.0946393
-0.158087
-0.205127
-0.241407
-0.270587
-0.295381
-0.317711
-0.338461
-0.357736
-0.375275
-0.390757
-0.403945
-0.414717
-0.423018
-0.42883
-0.432141
-0.432947
-0.431243
-0.427096
-0.420546
-0.411629
-0.400482
-0.387287
-0.372345
-0.356094
-0.33906
-0.321813
-0.304704
-0.288823
-0.272965
-0.261259
-0.252836
0.0813194
0.0147919
-0.0521963
-0.129335
-0.184088
-0.224853
-0.257113
-0.283444
-0.306141
-0.326615
-0.34539
-0.362483
-0.377687
-0.390761
-0.401528
-0.409878
-0.415751
-0.419111
-0.419934
-0.418202
-0.413938
-0.40721
-0.397998
-0.386463
-0.372787
-0.357277
-0.340381
-0.322639
-0.304615
-0.286705
-0.270043
-0.252855
-0.240731
-0.231406
0.108731
0.0510992
-0.0183888
-0.0947899
-0.157094
-0.204097
-0.240464
-0.269174
-0.292871
-0.313423
-0.331813
-0.348406
-0.363199
-0.376027
-0.386699
-0.395059
-0.400996
-0.404433
-0.405312
-0.403593
-0.399257
-0.392382
-0.382909
-0.370976
-0.35679
-0.340639
-0.322972
-0.304324
-0.285244
-0.266167
-0.248216
-0.229645
-0.216974
-0.205402
0.128578
0.0816343
0.0162408
-0.0505617
-0.124104
-0.179535
-0.22027
-0.251987
-0.277457
-0.29862
-0.316905
-0.333085
-0.347419
-0.35989
-0.370361
-0.378662
-0.384639
-0.388166
-0.389141
-0.387487
-0.383146
-0.376161
-0.366491
-0.3542
-0.339502
-0.322669
-0.304118
-0.284356
-0.263896
-0.243189
-0.22331
-0.202888
-0.188984
-0.174483
0.141338
0.109566
0.049834
-0.0148601
-0.0828423
-0.148827
-0.195791
-0.231327
-0.259336
-0.28175
-0.300379
-0.316401
-0.330366
-0.34246
-0.352661
-0.360837
-0.36682
-0.370439
-0.371546
-0.370017
-0.365754
-0.358732
-0.348943
-0.336366
-0.321175
-0.303641
-0.284104
-0.263008
-0.2408
-0.217921
-0.19538
-0.172218
-0.155471
-0.137847
0.148159
0.128374
0.0825377
0.0187995
-0.0470469
-0.112739
-0.165822
-0.206305
-0.23762
-0.262075
-0.281703
-0.29801
-0.311869
-0.323711
-0.333677
-0.341722
-0.3477
-0.351425
-0.352707
-0.351373
-0.34728
-0.34033
-0.330515
-0.317753
-0.302132
-0.283869
-0.263242
-0.24058
-0.216216
-0.19054
-0.164441
-0.137456
-0.116719
-0.0947254
0.149913
0.136302
0.103004
0.0484006
-0.010653
-0.0680124
-0.130504
-0.177264
-0.211648
-0.238583
-0.260016
-0.277275
-0.291491
-0.303388
-0.313308
-0.32133
-0.327375
-0.331268
-0.332796
-0.33175
-0.327937
-0.321198
-0.311474
-0.298636
-0.28268
-0.263703
-0.241882
-0.21741
-0.190456
-0.161298
-0.130623
-0.0985752
-0.0722871
-0.0436846
0.147398
0.136059
0.112207
0.071891
0.018745
-0.0331046
-0.087309
-0.141858
-0.180922
-0.210455
-0.234193
-0.253182
-0.268441
-0.280913
-0.291166
-0.299441
-0.305753
-0.30997
-0.311883
-0.31126
-0.307868
-0.301495
-0.291998
-0.279221
-0.263037
-0.243413
-0.220358
-0.193865
-0.163905
-0.130609
-0.094401
-0.0560417
-0.0218666
0.0161142
0.141128
0.130275
0.112549
0.084834
0.0451244
-0.00474617
-0.0518435
-0.0984984
-0.142855
-0.176589
-0.203071
-0.224408
-0.241525
-0.255305
-0.266482
-0.275483
-0.282439
-0.287275
-0.289814
-0.289823
-0.287043
-0.281218
-0.272118
-0.259561
-0.243276
-0.223103
-0.198854
-0.170242
-0.137008
-0.099038
-0.056513
-0.0108781
0.0330011
0.0816865
0.130515
0.12033
0.106597
0.0879505
0.0618361
0.0263328
-0.0186082
-0.0579316
-0.0975191
-0.134941
-0.165155
-0.18943
-0.209167
-0.225122
-0.238023
-0.248451
-0.256634
-0.262562
-0.266111
-0.26707
-0.265172
-0.260129
-0.25165
-0.239494
-0.22329
-0.202714
-0.177384
-0.146773
-0.110287
-0.0673318
-0.0176961
0.0365322
0.0913118
0.14819
0.115678
0.107128
0.0968525
0.0848278
0.0692058
0.0479143
0.017463
-0.0184675
-0.0526728
-0.0862941
-0.11899
-0.146664
-0.169607
-0.188489
-0.204035
-0.216828
-0.227064
-0.234766
-0.239888
-0.242266
-0.241637
-0.237702
-0.230136
-0.218624
-0.202757
-0.182036
-0.155931
-0.123796
-0.0845478
-0.0368663
0.0203898
0.0858424
0.156639
0.224666
0.098777
0.0921431
0.08539
0.0786406
0.070947
0.0603654
0.0438852
0.0205917
-0.00740328
-0.0359794
-0.0648078
-0.0947453
-0.12125
-0.143401
-0.162367
-0.178595
-0.191922
-0.202314
-0.209804
-0.214263
-0.215453
-0.213084
-0.206826
-0.196314
-0.181159
-0.160751
-0.134552
-0.101757
-0.0608563
-0.00998784
0.0532331
0.130238
0.224189
0.318727
0.0826736
0.0775344
0.0739797
0.0716651
0.0701306
0.0678331
0.062245
0.0521081
0.0365481
0.0153
-0.00739037
-0.0342654
-0.0629831
-0.087981
-0.110916
-0.131617
-0.149079
-0.163208
-0.17407
-0.181493
-0.185261
-0.185109
-0.180719
-0.171728
-0.157826
-0.138537
-0.113208
-0.0808085
-0.0399587
0.0110611
0.0748422
0.154334
0.257118
0.361383
0.264843
0.233188
0.167861
0.0829054
-0.013446
-0.121327
0.184207
0.156125
0.10157
0.0172845
-0.0863323
-0.138278
0.115273
0.0910075
0.0449686
-0.0253954
-0.123411
-0.151211
0.0588592
0.0382485
-0.00076003
-0.0534874
-0.129472
-0.151752
0.014599
-0.00262981
-0.0353307
-0.0747411
-0.131049
-0.151942
-0.0196962
-0.0334434
-0.0607897
-0.0915957
-0.134037
-0.153958
-0.0458447
-0.0566081
-0.079466
-0.104305
-0.136559
-0.156254
-0.0653888
-0.0736248
-0.0931008
-0.113442
-0.138172
-0.157725
-0.0791482
-0.0858749
-0.10226
-0.119779
-0.139356
-0.158291
-0.088242
-0.0942537
-0.108071
-0.123956
-0.140185
-0.158081
-0.0936901
-0.0994168
-0.111914
-0.126333
-0.140551
-0.157149
-0.0960577
-0.101643
-0.113468
-0.126761
-0.140139
-0.155321
-0.0956741
-0.101167
-0.112492
-0.125095
-0.138545
-0.152041
-0.092854
-0.0983448
-0.109147
-0.121329
-0.135125
-0.146887
-0.0879479
-0.09361
-0.104025
-0.115694
-0.129488
-0.139954
-0.08132
-0.0873281
-0.0976523
-0.108623
-0.121996
-0.131468
-0.0733221
-0.0797754
-0.090176
-0.100494
-0.113172
-0.12169
-0.06432
-0.0712797
-0.0818314
-0.0917015
-0.103497
-0.110961
-0.0547231
-0.0622322
-0.0729707
-0.0826763
-0.0934715
-0.0997369
-0.045055
-0.0530066
-0.0638826
-0.0737208
-0.0836125
-0.0886905
-0.0358142
-0.0438838
-0.0550167
-0.0650685
-0.074421
-0.0786182
-0.0275608
-0.0352582
-0.0471271
-0.0571738
-0.066393
-0.0701547
-0.0200458
-0.0271788
-0.0403805
-0.0504159
-0.0599687
-0.0637628
-0.0124109
-0.0191865
-0.0343201
-0.0448773
-0.0554436
-0.0598226
-0.00451844
-0.0111002
-0.0287228
-0.0405448
-0.052946
-0.0585881
0.003346
-0.00304472
-0.0236956
-0.0373918
-0.0524026
-0.0599972
0.0109052
0.00486592
-0.0192229
-0.0352409
-0.0535783
-0.063782
0.0180028
0.0125937
-0.0150046
-0.0339102
-0.0561511
-0.0694163
0.024497
0.0199873
-0.0105092
-0.0329331
-0.0596456
-0.0763516
0.0302496
0.0266684
-0.00581421
-0.0320029
-0.0634927
-0.0839325
0.0355242
0.0329988
-0.000893493
-0.0310146
-0.0669613
-0.0915346
0.0412866
0.0401337
0.00509843
-0.0299571
-0.0692682
-0.098524
0.0482631
0.0484118
0.0131042
-0.0279932
-0.0699839
-0.104311
0.056443
0.0579306
0.0241397
-0.0242775
-0.0690138
-0.108386
0.0654905
0.0683598
0.0384251
-0.0169719
-0.0652354
-0.110301
0.0749824
0.0788384
0.0546484
-0.00731652
-0.0577312
-0.109508
0.0844378
0.0887603
0.0718853
0.00483266
-0.0468613
-0.10572
0.0930324
0.0974297
0.0869562
0.0204366
-0.0349037
-0.0984721
0.100174
0.10458
0.0971604
0.0369253
-0.0236508
-0.0878903
0.106093
0.110481
0.106218
0.0548959
-0.0122055
-0.0743258
0.111083
0.114478
0.113786
0.0763542
0.00515157
-0.0557204
0.114947
0.116614
0.119079
0.0965297
0.0269793
-0.0330131
0.117968
0.11878
0.122845
0.112239
0.0496802
-0.0161295
0.120759
0.121667
0.125966
0.122112
0.0738991
0.00401904
0.123479
0.124634
0.128486
0.128712
0.098173
0.0328714
0.125816
0.126992
0.129774
0.132897
0.117632
0.0611345
0.127654
0.128294
0.129751
0.133766
0.1274
0.085106
0.129287
0.129093
0.129535
0.132722
0.132639
0.110226
0.131058
0.130291
0.130002
0.131712
0.134947
0.125514
0.132968
0.132016
0.131337
0.132202
0.136405
0.135136
0.134631
0.133848
0.133518
0.134712
0.138582
0.141592
0.135577
0.135192
0.135978
0.138358
0.142013
0.146252
0.135684
0.135757
0.13771
0.141916
0.146094
0.149642
0.135095
0.135534
0.138517
0.144526
0.149453
0.151617
0.134351
0.135031
0.138247
0.144755
0.150223
0.151076
0.133577
0.134331
0.137
0.142127
0.146564
0.146367
0.132784
0.133419
0.134663
0.13659
0.137943
0.136366
0.132046
0.132215
0.131112
0.128742
0.125649
0.121741
0.131512
0.130778
0.12665
0.119706
0.111961
0.105138
0.131419
0.129455
0.122085
0.110934
0.0991044
0.0895582
0.150998
0.110669
0.109431
0.107016
0.0975053
0.0870668
0.0785311
0.0712048
0.0641075
0.0570355
0.0500771
0.0433536
0.0370397
0.0311534
0.0256387
0.0204267
0.0155145
0.010819
0.00656223
0.00163207
0.156026
0.119201
0.110359
0.105911
0.0969606
0.0869064
0.0784174
0.0711167
0.0640891
0.057064
0.0501897
0.0436236
0.0374232
0.0315695
0.0260222
0.020762
0.0157967
0.0110389
0.00671179
0.00173727
0.146629
0.118418
0.105532
0.0996666
0.0921703
0.0834867
0.075677
0.0688369
0.0623087
0.0558393
0.0494806
0.0433579
0.0374991
0.0318796
0.0264823
0.0213018
0.0163178
0.0115078
0.00684285
0.0022646
0.131628
0.113234
0.101226
0.0948293
0.0883302
0.080841
0.0737056
0.0672893
0.0611866
0.0551428
0.0491663
0.0433342
0.0376705
0.0321699
0.0268301
0.0216526
0.0166022
0.011707
0.00683126
0.00248956
0.11643
0.105416
0.0961242
0.0899807
0.0842353
0.0778835
0.0715785
0.065694
0.0600385
0.0544122
0.0487991
0.0432509
0.0377944
0.0324329
0.0271654
0.0219941
0.0168979
0.0119508
0.00696527
0.0025888
0.103151
0.0968517
0.090269
0.084927
0.0799557
0.0747168
0.0693707
0.0641608
0.0590345
0.0538689
0.0486405
0.0433855
0.0381343
0.0329008
0.0276914
0.0225192
0.0173565
0.0123611
0.00728852
0.00271488
0.0921113
0.0886259
0.0841477
0.079893
0.0758137
0.0715568
0.067108
0.0625925
0.058015
0.0533148
0.048472
0.0435115
0.0384665
0.0333624
0.0282183
0.0230543
0.0178798
0.0127544
0.00755619
0.00283005
0.0830797
0.0809838
0.078118
0.0751173
0.0720445
0.0687391
0.0651612
0.0613332
0.0572777
0.0529919
0.0484778
0.0437609
0.0388795
0.033871
0.0287648
0.0235892
0.0183516
0.0131079
0.00773824
0.0028238
0.0755634
0.0741805
0.0724822
0.0706028
0.0685026
0.0661079
0.0633812
0.0602475
0.0567194
0.0528313
0.0486158
0.0441141
0.039375
0.0344469
0.0293696
0.0241794
0.0188889
0.0135529
0.00805579
0.00289987
0.0730057
0.072012
0.0707205
0.0691933
0.0674275
0.0653391
0.0628255
0.0598898
0.0565483
0.0528109
0.0487005
0.0442666
0.0395697
0.0346636
0.0295899
0.0243856
0.0190735
0.0136991
0.00819787
0.0028686
0.0698969
0.0657011
0.0643958
0.0655165
0.0687343
0.0729754
0.0762464
0.0771681
0.074308
0.0650586
0.0506433
0.0283135
0.00149813
-0.0234422
-0.0497496
-0.0756696
-0.0980776
-0.116907
-0.132114
-0.143399
-0.150585
-0.15341
-0.151578
-0.144837
-0.132954
-0.115552
-0.0919104
-0.061093
-0.0222571
0.025554
0.0834699
0.151055
0.222796
0.260327
0.0613259
0.0574883
0.0574823
0.0610818
0.0679642
0.0774454
0.0880444
0.0981996
0.106235
0.109132
0.104839
0.0923054
0.0695879
0.0446423
0.0178863
-0.0116119
-0.0387078
-0.0630249
-0.0834419
-0.0994387
-0.110905
-0.117469
-0.118889
-0.115163
-0.106103
-0.0912328
-0.069983
-0.0419477
-0.00686603
0.0353525
0.0841374
0.136445
0.182671
0.204317
0.0568989
0.0528723
0.0535076
0.0587217
0.068392
0.081959
0.0982461
0.115995
0.133449
0.147074
0.153639
0.151508
0.138197
0.117045
0.0893251
0.0586422
0.0287175
-0.000790879
-0.0265291
-0.0480145
-0.0649535
-0.0761482
-0.0815621
-0.0815549
-0.0759335
-0.0643019
-0.0464235
-0.0224387
0.00742532
0.0426428
0.0817178
0.12103
0.153001
0.167422
0.0563408
0.0517518
0.0527322
0.0588438
0.0704158
0.0870378
0.107636
0.131108
0.156045
0.179108
0.196271
0.204188
0.200691
0.186333
0.162589
0.132505
0.0993043
0.0649719
0.0350783
0.00919276
-0.0137357
-0.0300612
-0.0400743
-0.0446843
-0.0433657
-0.0357669
-0.022059
-0.00285462
0.0212382
0.0493044
0.0794154
0.10827
0.130776
0.141008
0.0597861
0.054162
0.0549868
0.0616743
0.0745676
0.0935048
0.117384
0.145057
0.175412
0.205708
0.231823
0.249444
0.255314
0.248352
0.229875
0.202274
0.168738
0.132798
0.0979637
0.0658353
0.0377066
0.0167663
0.00244183
-0.00693792
-0.0103635
-0.00723324
0.00194872
0.0160619
0.0342063
0.0553982
0.0776256
0.0981354
0.113697
0.12079
0.0671913
0.0601362
0.060335
0.0672176
0.0809296
0.101626
0.128017
0.158774
0.192836
0.228032
0.260598
0.285986
0.30004
0.300454
0.287409
0.262903
0.230497
0.193851
0.156045
0.119541
0.0872472
0.0616051
0.042186
0.0282784
0.0201846
0.0187866
0.023702
0.0330471
0.0456011
0.0603498
0.0756824
0.0896674
0.100125
0.105001
0.078777
0.0696735
0.0685138
0.0752272
0.0894161
0.111155
0.13935
0.172487
0.209047
0.247097
0.283532
0.313905
0.333679
0.339906
0.331826
0.310737
0.279801
0.242907
0.203736
0.164953
0.129377
0.0994123
0.0757186
0.0581846
0.0467756
0.0416921
0.0423424
0.0471797
0.0549795
0.064532
0.0743539
0.083183
0.0897359
0.0928138
0.0947385
0.0832462
0.0794962
0.0852155
0.0995362
0.121905
0.151384
0.186253
0.224746
0.264854
0.303571
0.336453
0.359065
0.368399
0.363346
0.344671
0.31523
0.278872
0.239065
0.199079
0.161791
0.129176
0.102473
0.0821914
0.0682097
0.0602321
0.0574982
0.0586828
0.0626048
0.0679965
0.0735793
0.0784932
0.0820347
0.0835983
0.111565
0.0988884
0.0929361
0.0966098
0.10958
0.132054
0.163083
0.199756
0.240098
0.281902
0.322111
0.356342
0.380641
0.391725
0.388165
0.370488
0.341815
0.305929
0.265661
0.224525
0.185656
0.151156
0.122252
0.0998869
0.0840578
0.0743445
0.0696804
0.0684765
0.0695668
0.0716379
0.0736963
0.0753386
0.0763207
0.0763939
0.119602
0.108684
0.101983
0.104642
0.11788
0.141441
0.173568
0.211743
0.252931
0.294682
0.335285
0.369631
0.393431
0.405692
0.403792
0.38695
0.35903
0.323701
0.28281
0.239974
0.198978
0.162425
0.132133
0.108618
0.0917809
0.0808861
0.074995
0.0729114
0.0728746
0.0733436
0.0736259
0.0737953
0.0738437
0.0736107
0.131979
0.128963
0.119073
0.104435
0.0892161
0.0775149
0.133355
0.129808
0.118691
0.101349
0.0833135
0.0698084
0.135579
0.131991
0.120452
0.101614
0.0814406
0.0663232
0.138197
0.134956
0.123798
0.104743
0.0838669
0.0669915
0.140023
0.137423
0.128141
0.110815
0.0907415
0.0720694
0.139847
0.138094
0.132008
0.118809
0.099793
0.0812165
0.138173
0.137004
0.13406
0.126284
0.111223
0.0942468
0.136406
0.135456
0.134292
0.131366
0.123401
0.109995
0.135316
0.134549
0.133685
0.132481
0.129657
0.123252
0.135024
0.134266
0.132961
0.131337
0.129444
0.126602
)
;

boundaryField
{
    inlet
    {
        type            zeroGradient;
    }
    outlet
    {
        type            fixedValue;
        value           uniform 0;
    }
    walls
    {
        type            zeroGradient;
    }
    baffle
    {
        type            zeroGradient;
    }
    frontAndBack
    {
        type            empty;
    }
}


// ************************************************************************* //
