/*--------------------------------*- C++ -*----------------------------------*\
| =========                 |                                                 |
| \\      /  F ield         | OpenFOAM: The Open Source CFD Toolbox           |
|  \\    /   O peration     | Version:  v2012                                 |
|   \\  /    A nd           | Website:  www.openfoam.com                      |
|    \\/     M anipulation  |                                                 |
\*---------------------------------------------------------------------------*/
FoamFile
{
    version     2.0;
    format      ascii;
    class       volScalarField;
    location    "503";
    object      p;
}
// * * * * * * * * * * * * * * * * * * * * * * * * * * * * * * * * * * * * * //

dimensions      [0 2 -2 0 0 0 0];


internalField   nonuniform List<scalar> 
6556
(
0.392754
0.392142
0.391811
0.391671
0.391611
0.391611
0.39167
0.39181
0.392142
0.392753
0.392073
0.391899
0.391729
0.391622
0.391573
0.391573
0.391622
0.391728
0.391899
0.392072
0.391602
0.391617
0.391549
0.391475
0.391439
0.391439
0.391474
0.391549
0.391616
0.391601
0.391316
0.391372
0.391336
0.391282
0.391257
0.391257
0.391281
0.391335
0.39137
0.391315
0.391086
0.391146
0.391123
0.391079
0.391058
0.391058
0.391077
0.391121
0.391144
0.391084
0.390866
0.390922
0.390903
0.390867
0.39085
0.390849
0.390866
0.390901
0.390919
0.390863
0.390651
0.3907
0.39068
0.390649
0.390634
0.390633
0.390647
0.390677
0.390695
0.390647
0.390439
0.390481
0.39046
0.39043
0.390416
0.390414
0.390426
0.390454
0.390474
0.390433
0.390229
0.390264
0.390242
0.390213
0.390198
0.390196
0.390207
0.390233
0.390254
0.390219
0.39002
0.390049
0.390025
0.389996
0.389981
0.389978
0.389988
0.390012
0.390033
0.390005
0.389812
0.389836
0.38981
0.389782
0.389765
0.38976
0.389768
0.38979
0.389812
0.389789
0.389605
0.389625
0.389598
0.389568
0.38955
0.389543
0.389548
0.389568
0.38959
0.38957
0.389402
0.389418
0.389389
0.389357
0.389335
0.389324
0.389326
0.389343
0.389365
0.389349
0.389203
0.389216
0.389185
0.389149
0.389121
0.389105
0.389102
0.389116
0.389136
0.389123
0.389013
0.389023
0.388987
0.388944
0.388908
0.388883
0.388873
0.388882
0.388902
0.388892
0.388836
0.388842
0.3888
0.388746
0.388695
0.388655
0.388634
0.388638
0.388661
0.388656
0.388678
0.38868
0.388627
0.388555
0.388482
0.388418
0.388378
0.388376
0.388408
0.388417
0.388551
0.388547
0.388478
0.388379
0.38827
0.388167
0.388093
0.388079
0.388139
0.388186
0.388471
0.388459
0.388367
0.388226
0.388059
0.387887
0.387742
0.387688
0.3878
0.388037
0.38846
0.388439
0.388317
0.388117
0.387865
0.387582
0.387304
0.387179
0.387405
0.388118
0.388553
0.388523
0.388362
0.388084
0.387708
0.387247
0.386692
0.386127
0.385504
0.381554
0.388789
0.388756
0.388555
0.388193
0.38769
0.387052
0.386213
0.385033
0.384429
0.386652
0.38922
0.389189
0.388953
0.388511
0.387886
0.387102
0.386128
0.384643
0.382741
0.384533
0.389898
0.389875
0.389607
0.389087
0.388338
0.38739
0.386252
0.38458
0.381634
0.382027
0.390873
0.390863
0.390563
0.389964
0.389087
0.387961
0.386618
0.384867
0.381645
0.381171
0.392202
0.392208
0.391874
0.391188
0.390177
0.388869
0.387301
0.385409
0.381995
0.380453
0.393944
0.393968
0.393594
0.392809
0.391643
0.390128
0.388289
0.386166
0.382603
0.379736
0.396163
0.396204
0.395787
0.394885
0.393536
0.39177
0.389598
0.387102
0.383342
0.379341
0.398938
0.398998
0.398527
0.397489
0.395926
0.393871
0.391318
0.388313
0.384213
0.379718
0.402356
0.402441
0.4019
0.400706
0.398906
0.396535
0.393597
0.390106
0.385596
0.380808
0.406503
0.406613
0.405992
0.404629
0.402567
0.399851
0.396506
0.392553
0.387722
0.382559
0.411478
0.411608
0.410901
0.409349
0.406992
0.403885
0.400076
0.395618
0.390457
0.384856
0.417392
0.417542
0.416735
0.414964
0.412271
0.408717
0.404368
0.399326
0.393682
0.387613
0.42437
0.424537
0.423612
0.421589
0.418511
0.414446
0.409474
0.403735
0.397441
0.390794
0.432542
0.432724
0.431662
0.429352
0.425836
0.421188
0.415503
0.408948
0.401824
0.394421
0.442048
0.442243
0.441024
0.438395
0.434388
0.429084
0.422588
0.415093
0.406961
0.398605
0.453033
0.453238
0.451846
0.448868
0.444326
0.4383
0.430903
0.422349
0.413046
0.403532
0.465639
0.465855
0.464278
0.460929
0.455819
0.449021
0.440654
0.430945
0.420333
0.409463
0.48
0.480228
0.478457
0.474726
0.469032
0.461439
0.452064
0.441141
0.429128
0.416754
0.496231
0.496468
0.494499
0.490387
0.484115
0.47573
0.46535
0.453205
0.439761
0.425793
0.514409
0.51465
0.51248
0.508
0.501173
0.492034
0.480693
0.467373
0.452532
0.436957
0.534555
0.534793
0.532424
0.527594
0.520255
0.510426
0.49821
0.483817
0.467681
0.450569
0.556631
0.556852
0.554283
0.549126
0.54133
0.530898
0.517926
0.50261
0.48535
0.466859
0.580524
0.580711
0.577933
0.572467
0.564272
0.553336
0.539753
0.523702
0.50554
0.485908
0.606043
0.606167
0.60316
0.597395
0.588855
0.577518
0.563477
0.546898
0.528094
0.507618
0.632912
0.632934
0.629664
0.623593
0.61475
0.603106
0.588758
0.57186
0.552684
0.531695
0.660769
0.660641
0.657057
0.650654
0.641533
0.629662
0.615141
0.598121
0.578832
0.557657
0.68917
0.688832
0.684866
0.678089
0.6687
0.656666
0.642091
0.625119
0.605948
0.584886
0.717582
0.716967
0.712539
0.705335
0.695682
0.683545
0.66902
0.652246
0.633387
0.612686
0.745373
0.744409
0.739439
0.731766
0.72187
0.709701
0.695334
0.678893
0.660508
0.640363
0.771789
0.7704
0.764836
0.756701
0.746634
0.734545
0.720469
0.704502
0.686736
0.667298
0.795886
0.794015
0.787913
0.77944
0.769357
0.757531
0.743928
0.728601
0.711595
0.692987
0.816463
0.814114
0.807742
0.799252
0.789463
0.77819
0.765315
0.750832
0.73474
0.717069
0.831618
0.829784
0.823722
0.815588
0.806503
0.796183
0.784359
0.770961
0.75595
0.739315
0.839486
0.839259
0.834876
0.827988
0.820233
0.811356
0.800949
0.788891
0.775122
0.759607
0.841797
0.842458
0.840595
0.83618
0.830595
0.823709
0.815091
0.804602
0.792192
0.77783
0.842091
0.84245
0.842226
0.840637
0.83782
0.833392
0.826909
0.8182
0.807232
0.794017
0.842073
0.841699
0.841903
0.842484
0.842381
0.840569
0.83642
0.829634
0.820164
0.808063
0.842692
0.841847
0.841937
0.843514
0.845489
0.846012
0.843892
0.838727
0.830574
0.819409
0.843801
0.843328
0.843739
0.845775
0.848721
0.850944
0.850678
0.847117
0.840638
0.830979
0.360113
0.363089
0.364968
0.366795
0.368387
0.369631
0.370404
0.370574
0.370233
0.369422
0.368181
0.366701
0.365098
0.363458
0.361967
0.360804
0.360062
0.359799
0.360058
0.360817
0.361953
0.363227
0.364303
0.364892
0.365086
0.368343
0.364627
0.364121
0.365059
0.366239
0.367313
0.36809
0.368366
0.368025
0.367154
0.365933
0.364517
0.363044
0.36164
0.360433
0.359514
0.358965
0.358835
0.35916
0.359926
0.361057
0.362402
0.363731
0.364674
0.365104
0.368654
0.365091
0.363899
0.364123
0.364832
0.36556
0.36609
0.366217
0.365851
0.36508
0.364035
0.362798
0.361493
0.360273
0.35926
0.358521
0.358107
0.358038
0.358327
0.358963
0.359901
0.361055
0.3623
0.36343
0.364214
0.367054
0.363977
0.362843
0.362952
0.363628
0.364315
0.364782
0.364857
0.364452
0.363664
0.36264
0.361453
0.360205
0.359049
0.358109
0.357442
0.357079
0.357028
0.357287
0.357836
0.358631
0.359598
0.360637
0.361655
0.362547
0.367306
0.362931
0.361275
0.361344
0.362181
0.362977
0.363523
0.363637
0.363268
0.362502
0.361475
0.360292
0.359072
0.357959
0.357061
0.356433
0.356094
0.356039
0.356256
0.356723
0.357399
0.358222
0.3591
0.359958
0.360836
0.368428
0.362663
0.360046
0.359946
0.360763
0.361644
0.362297
0.362505
0.362216
0.361506
0.360498
0.359323
0.358121
0.357035
0.35617
0.355576
0.355258
0.355201
0.355382
0.355777
0.356348
0.357042
0.357781
0.358474
0.35921
0.36895
0.362861
0.359705
0.35923
0.35978
0.360617
0.361286
0.361575
0.361374
0.360727
0.359745
0.358579
0.357395
0.356338
0.355507
0.354946
0.354653
0.354599
0.354755
0.35509
0.355569
0.356146
0.356752
0.357283
0.357857
0.369234
0.363578
0.360333
0.359313
0.359452
0.360103
0.360718
0.361003
0.360845
0.36025
0.35929
0.358132
0.356961
0.355928
0.355131
0.354605
0.354336
0.354289
0.354426
0.354715
0.35512
0.355599
0.35609
0.356488
0.35692
0.370362
0.364942
0.361644
0.360189
0.359957
0.360338
0.360798
0.360987
0.360778
0.360206
0.359242
0.358063
0.356883
0.355854
0.355075
0.354571
0.354323
0.354285
0.354412
0.354669
0.355019
0.355422
0.355824
0.356122
0.35643
0.372346
0.367015
0.363635
0.361879
0.361328
0.361427
0.361667
0.361694
0.361358
0.360667
0.359671
0.358429
0.357203
0.35614
0.355349
0.35485
0.354611
0.354582
0.354705
0.354943
0.355257
0.355606
0.355935
0.356157
0.356366
0.374866
0.369642
0.366225
0.364272
0.363448
0.363267
0.363283
0.363146
0.362675
0.361815
0.36067
0.359296
0.357961
0.356801
0.355946
0.355415
0.35517
0.355146
0.355273
0.355505
0.3558
0.356116
0.356392
0.356558
0.356684
0.377716
0.372643
0.369226
0.367157
0.366132
0.365724
0.36552
0.365187
0.364579
0.363617
0.362285
0.360757
0.359207
0.357866
0.356868
0.356244
0.355956
0.355929
0.356065
0.356303
0.356597
0.356901
0.357147
0.357264
0.357305
0.380775
0.3758
0.372394
0.37027
0.369127
0.368567
0.368196
0.367711
0.366955
0.365873
0.364494
0.362882
0.36103
0.359395
0.358148
0.357345
0.356952
0.356885
0.357022
0.357272
0.357581
0.357896
0.358142
0.358202
0.358105
0.38397
0.378959
0.375528
0.373362
0.372144
0.371483
0.371014
0.370455
0.369647
0.368536
0.367143
0.365501
0.363572
0.36155
0.359918
0.358783
0.35818
0.357999
0.358098
0.358347
0.358676
0.359036
0.359352
0.359377
0.358837
0.387302
0.382038
0.378475
0.376229
0.374925
0.374195
0.373683
0.37312
0.372355
0.37134
0.370022
0.368417
0.366611
0.364535
0.362442
0.360803
0.359737
0.359288
0.359292
0.359516
0.359837
0.360209
0.360595
0.360665
0.359351
0.390897
0.38513
0.381193
0.378718
0.377282
0.376486
0.375951
0.375414
0.374751
0.373941
0.372887
0.371489
0.369808
0.36796
0.365832
0.363819
0.362163
0.360999
0.360484
0.360566
0.360878
0.361226
0.361618
0.362068
0.36267
0.394933
0.388394
0.383806
0.380888
0.379208
0.378275
0.377683
0.377163
0.376624
0.376034
0.375271
0.374244
0.372952
0.371405
0.369809
0.368026
0.366186
0.364388
0.362958
0.362083
0.361787
0.362039
0.362798
0.364047
0.365667
0.39966
0.392046
0.386571
0.382987
0.380854
0.379647
0.378931
0.378402
0.377944
0.3775
0.37699
0.376343
0.375561
0.374685
0.373755
0.372754
0.371617
0.370611
0.369683
0.368704
0.36801
0.367878
0.368508
0.370239
0.373372
0.405491
0.396496
0.389831
0.3853
0.382461
0.380791
0.379827
0.379222
0.378779
0.37842
0.378091
0.377766
0.377449
0.377161
0.376972
0.376917
0.376988
0.377289
0.377708
0.378279
0.379117
0.380342
0.381887
0.384281
0.387945
0.412884
0.402242
0.394051
0.388236
0.384392
0.382004
0.380586
0.379747
0.379235
0.378918
0.378701
0.378579
0.378588
0.378743
0.379072
0.379656
0.380562
0.38181
0.383353
0.385162
0.387228
0.389503
0.391907
0.394477
0.397234
0.422291
0.409796
0.399779
0.392336
0.387151
0.383737
0.381595
0.380303
0.379547
0.379136
0.378968
0.378994
0.379216
0.379649
0.380306
0.381251
0.382572
0.384311
0.386388
0.388694
0.391186
0.393826
0.396518
0.39913
0.401546
0.434134
0.419671
0.4076
0.398216
0.391343
0.386562
0.383386
0.381368
0.380153
0.379484
0.379204
0.379242
0.379581
0.380207
0.381107
0.382279
0.383768
0.385653
0.387909
0.390384
0.392965
0.395611
0.39826
0.400806
0.403133
0.448753
0.432326
0.418075
0.406505
0.397624
0.391127
0.386573
0.383514
0.38156
0.380409
0.379847
0.379743
0.38004
0.380712
0.381747
0.383128
0.384818
0.386788
0.389019
0.391431
0.393922
0.396431
0.39891
0.401293
0.4035
0.466343
0.448089
0.431672
0.417785
0.406647
0.398109
0.391823
0.38737
0.384351
0.382425
0.381329
0.38088
0.38097
0.381545
0.382588
0.38408
0.385905
0.387921
0.390071
0.392348
0.394702
0.397056
0.399359
0.401562
0.403613
0.486901
0.46709
0.448683
0.432505
0.418982
0.408155
0.399813
0.39361
0.389166
0.386124
0.384184
0.383115
0.38276
0.383037
0.383931
0.385351
0.387095
0.389017
0.391075
0.393259
0.3955
0.397722
0.399881
0.401934
0.40384
0.510195
0.489207
0.469139
0.450879
0.435015
0.421788
0.411154
0.402884
0.396659
0.392135
0.388996
0.386973
0.385862
0.385551
0.386011
0.387073
0.388511
0.39023
0.392173
0.394259
0.396392
0.398505
0.400546
0.402469
0.404255
0.535769
0.514043
0.492765
0.472802
0.45484
0.439287
0.426277
0.41573
0.407424
0.401071
0.396365
0.393016
0.390782
0.389518
0.389174
0.389604
0.390587
0.391972
0.393651
0.395521
0.397481
0.399452
0.401362
0.403171
0.404863
0.562979
0.54096
0.518977
0.497812
0.478171
0.460571
0.445299
0.432432
0.421878
0.413434
0.406841
0.40182
0.398098
0.39548
0.393976
0.393539
0.393865
0.394688
0.395887
0.397364
0.399013
0.400737
0.402453
0.404104
0.405673
0.591076
0.569159
0.546952
0.525123
0.504329
0.485127
0.46791
0.452886
0.440099
0.429459
0.420785
0.413845
0.408381
0.404135
0.401064
0.399344
0.398754
0.398811
0.39932
0.400202
0.401358
0.402676
0.404065
0.405454
0.406794
0.619291
0.597784
0.575754
0.553745
0.532333
0.512054
0.493345
0.476509
0.461702
0.44895
0.438171
0.429209
0.421863
0.415901
0.411118
0.407633
0.405589
0.404623
0.404283
0.404388
0.404846
0.405564
0.406452
0.40743
0.408431
0.646932
0.626046
0.604475
0.582655
0.561072
0.540209
0.520502
0.502295
0.485825
0.471211
0.458472
0.447541
0.438289
0.430553
0.424145
0.418947
0.41503
0.412398
0.41082
0.40999
0.409631
0.409603
0.409836
0.410246
0.410755
0.67344
0.653299
0.632352
0.610954
0.589508
0.568441
0.548157
0.529011
0.51128
0.495151
0.480719
0.467999
0.456942
0.447452
0.439407
0.432681
0.427147
0.422763
0.419502
0.417192
0.415626
0.41465
0.414129
0.413893
0.413817
0.698413
0.679076
0.658825
0.637954
0.61681
0.595768
0.5752
0.555452
0.536816
0.519516
0.503701
0.48945
0.476778
0.46565
0.455996
0.44773
0.440748
0.434953
0.430195
0.426358
0.423397
0.421182
0.419545
0.418349
0.417487
0.721595
0.703074
0.683517
0.663185
0.642387
0.621466
0.60077
0.580631
0.561344
0.543151
0.526235
0.510718
0.496664
0.484085
0.472954
0.463218
0.4548
0.447612
0.441543
0.436488
0.432333
0.428922
0.426121
0.423879
0.422135
0.74284
0.725106
0.706191
0.686342
0.665852
0.645046
0.624264
0.60383
0.584038
0.565141
0.54734
0.530785
0.515572
0.50175
0.489325
0.478273
0.46854
0.460057
0.452733
0.44647
0.441159
0.436686
0.432943
0.429841
0.427287
0.761988
0.744973
0.726612
0.707157
0.686895
0.666152
0.645267
0.624566
0.604344
0.58486
0.566327
0.548912
0.532733
0.517865
0.504339
0.492153
0.481276
0.471654
0.463213
0.455867
0.449521
0.444075
0.439426
0.435478
0.432135
0.779029
0.762618
0.744658
0.725423
0.705225
0.684418
0.663359
0.642372
0.621749
0.601748
0.58259
0.564453
0.547471
0.531733
0.51729
0.504157
0.49232
0.481738
0.472352
0.464087
0.456859
0.450575
0.44514
0.440459
0.436441
0.793818
0.777841
0.760112
0.74098
0.720778
0.699857
0.678591
0.657319
0.636333
0.615889
0.596209
0.577479
0.559841
0.543396
0.528207
0.514303
0.501681
0.490313
0.480149
0.471126
0.463166
0.456184
0.450092
0.444798
0.440214
0.805613
0.789835
0.772183
0.753021
0.732721
0.711658
0.690185
0.668633
0.647298
0.626446
0.606306
0.587069
0.568886
0.551867
0.536084
0.521575
0.508348
0.496381
0.485633
0.476046
0.467547
0.460057
0.453487
0.447747
0.442743
0.818061
0.802558
0.785004
0.76582
0.745372
0.724043
0.70221
0.680221
0.658387
0.636987
0.61626
0.596406
0.577585
0.559917
0.543485
0.528334
0.514479
0.501903
0.490574
0.48044
0.471435
0.463478
0.456485
0.450367
0.445044
0.356593
0.356472
0.35646
0.36303
0.362998
0.367231
0.36786
0.372914
0.380815
0.37746
0.38361
0.390577
0.391778
0.395213
0.39849
0.399803
0.401954
0.403801
0.403574
0.405245
0.406661
0.40504
0.406572
0.40785
0.405337
0.406828
0.408081
0.405347
0.406781
0.408014
0.405466
0.406826
0.408012
0.405783
0.40706
0.40818
0.406299
0.407485
0.408531
0.40702
0.408124
0.40908
0.40796
0.40896
0.40985
0.409337
0.410118
0.410832
0.411272
0.411757
0.412221
0.413848
0.413936
0.414056
0.416904
0.416512
0.416224
0.420855
0.41989
0.419089
0.425309
0.423745
0.422391
0.429488
0.427367
0.425515
0.433214
0.430608
0.428318
0.436508
0.433485
0.430816
0.438644
0.435307
0.432352
0.440619
0.436951
0.433773
0.432426
0.432381
0.432283
0.431943
0.431096
0.429745
0.428018
0.426039
0.423919
0.421743
0.419569
0.41744
0.415383
0.413414
0.411543
0.409776
0.408113
0.406554
0.405097
0.403739
0.402477
0.401308
0.400227
0.399231
0.398318
0.397485
0.396728
0.396048
0.395441
0.394907
0.394446
0.394058
0.393744
0.393504
0.393341
0.393257
0.393254
0.393341
0.39352
0.393793
0.394164
0.394639
0.395229
0.395943
0.396786
0.397766
0.398888
0.400161
0.401593
0.40319
0.404957
0.406896
0.409008
0.411289
0.413729
0.416312
0.419013
0.421794
0.424605
0.427378
0.430029
0.432438
0.434437
0.435862
0.436663
0.436954
0.436659
0.435725
0.434254
0.432229
0.42972
0.427111
0.424739
0.422808
0.421611
0.421413
0.422274
0.423803
0.425171
0.42581
0.432541
0.432422
0.432274
0.43174
0.430706
0.429279
0.427538
0.42559
0.423526
0.421416
0.419311
0.417248
0.41525
0.413333
0.411507
0.409776
0.408144
0.40661
0.405173
0.403831
0.402581
0.40142
0.400345
0.399353
0.39844
0.397605
0.396845
0.396158
0.395543
0.394999
0.394525
0.394122
0.39379
0.39353
0.393345
0.393236
0.393206
0.393255
0.39339
0.393616
0.393939
0.394364
0.394895
0.395536
0.396297
0.397184
0.398206
0.399368
0.400675
0.402133
0.403745
0.405513
0.407434
0.409506
0.411716
0.414051
0.416485
0.418986
0.421509
0.423995
0.426375
0.428556
0.430418
0.431846
0.43282
0.433381
0.433422
0.432771
0.431375
0.429375
0.426962
0.424479
0.42229
0.420582
0.419591
0.419508
0.420443
0.422209
0.424152
0.425347
0.432671
0.432252
0.431697
0.430808
0.429574
0.428076
0.426364
0.424509
0.422567
0.420589
0.418613
0.416667
0.414775
0.41295
0.411203
0.40954
0.407966
0.40648
0.405084
0.403776
0.402554
0.401416
0.40036
0.399382
0.39848
0.397653
0.396897
0.396212
0.395595
0.395047
0.394566
0.394153
0.393807
0.393531
0.393325
0.393192
0.393133
0.393153
0.393252
0.393438
0.393713
0.394084
0.394555
0.395131
0.395819
0.396624
0.397554
0.398612
0.399806
0.401137
0.40261
0.404224
0.405979
0.407868
0.409882
0.412007
0.414221
0.416495
0.418789
0.421055
0.423239
0.425278
0.427089
0.428542
0.429561
0.430144
0.430227
0.429709
0.428586
0.426948
0.424915
0.422763
0.420836
0.41937
0.418512
0.418344
0.418922
0.420181
0.421849
0.423302
0.43213
0.431417
0.43055
0.429454
0.428127
0.426616
0.424962
0.423207
0.421389
0.419541
0.417693
0.415869
0.414087
0.412362
0.410703
0.409119
0.407613
0.406187
0.404842
0.403579
0.402395
0.401289
0.400259
0.399303
0.398419
0.397604
0.396858
0.396178
0.395563
0.395012
0.394525
0.394102
0.393743
0.393449
0.393221
0.393061
0.392971
0.392954
0.393013
0.393152
0.393375
0.393686
0.394091
0.394593
0.395199
0.395915
0.396745
0.397696
0.398772
0.399976
0.401311
0.402778
0.404377
0.406103
0.407947
0.409899
0.41194
0.414046
0.416186
0.418319
0.420399
0.42238
0.424209
0.425784
0.426952
0.427628
0.427785
0.427387
0.426468
0.425133
0.423465
0.421609
0.419856
0.418483
0.417637
0.417387
0.41772
0.418538
0.41968
0.420932
0.430816
0.429938
0.428971
0.427829
0.426496
0.425017
0.42343
0.421766
0.420055
0.418322
0.41659
0.414879
0.413204
0.411579
0.410013
0.408512
0.407081
0.405722
0.404438
0.403226
0.402088
0.401022
0.400026
0.399098
0.398238
0.397442
0.396709
0.396039
0.395429
0.39488
0.39439
0.39396
0.393589
0.393279
0.393031
0.392846
0.392727
0.392675
0.392694
0.392787
0.392958
0.393211
0.393551
0.393982
0.394509
0.395138
0.395873
0.39672
0.397683
0.398766
0.399971
0.4013
0.402753
0.404326
0.406013
0.407805
0.409686
0.411638
0.413634
0.41564
0.417616
0.419514
0.421282
0.422844
0.424086
0.424918
0.425297
0.425198
0.424637
0.423676
0.422378
0.420837
0.419298
0.418028
0.417198
0.416874
0.417016
0.417533
0.418243
0.419188
0.429033
0.428045
0.427062
0.425938
0.424647
0.423232
0.421727
0.420161
0.418557
0.416936
0.415319
0.413721
0.412155
0.410633
0.409163
0.407751
0.406401
0.405116
0.403897
0.402744
0.401658
0.400637
0.39968
0.398786
0.397953
0.39718
0.396465
0.395807
0.395206
0.39466
0.39417
0.393734
0.393354
0.39303
0.392762
0.392553
0.392405
0.392319
0.392298
0.392345
0.392465
0.392661
0.392937
0.393297
0.393746
0.394289
0.394931
0.395676
0.396529
0.397494
0.398572
0.399766
0.401077
0.402501
0.404034
0.40567
0.407395
0.409194
0.411046
0.412923
0.414791
0.416609
0.418327
0.419881
0.421192
0.422199
0.42286
0.423138
0.423009
0.422483
0.421588
0.420403
0.419138
0.418033
0.417258
0.416883
0.41688
0.417159
0.417535
0.418114
0.426815
0.425818
0.424878
0.42381
0.422596
0.421273
0.41987
0.418414
0.416926
0.415424
0.413925
0.412443
0.410989
0.409573
0.408203
0.406883
0.405618
0.40441
0.40326
0.40217
0.401139
0.400167
0.399252
0.398394
0.397592
0.396844
0.396149
0.395506
0.394915
0.394375
0.393885
0.393445
0.393056
0.392719
0.392434
0.392202
0.392025
0.391906
0.391846
0.391849
0.391919
0.392059
0.392272
0.392564
0.392938
0.393399
0.393951
0.394599
0.395346
0.396197
0.397155
0.39822
0.399395
0.400677
0.402064
0.403549
0.405125
0.406777
0.408489
0.410239
0.411999
0.413738
0.415414
0.416979
0.418379
0.419563
0.420487
0.421109
0.421391
0.421317
0.420889
0.42016
0.419275
0.418429
0.417781
0.417391
0.417253
0.417302
0.417416
0.417693
0.424247
0.423314
0.422459
0.421484
0.420381
0.419177
0.417898
0.416569
0.415208
0.413833
0.412459
0.411097
0.409758
0.40845
0.407181
0.405955
0.404776
0.403647
0.402569
0.401542
0.400568
0.399646
0.398775
0.397954
0.397184
0.396462
0.395788
0.395161
0.39458
0.394046
0.393558
0.393115
0.392719
0.392369
0.392067
0.391813
0.39161
0.391458
0.391362
0.391323
0.391345
0.391431
0.391586
0.391813
0.392116
0.3925
0.392968
0.393525
0.394174
0.394921
0.395766
0.396714
0.397764
0.398916
0.400169
0.401518
0.402957
0.404475
0.406061
0.407696
0.409359
0.411025
0.412661
0.414233
0.415702
0.417031
0.41817
0.419086
0.419757
0.420142
0.420225
0.420016
0.419596
0.419091
0.418631
0.418244
0.41797
0.417834
0.417761
0.417797
0.421427
0.420581
0.419834
0.418988
0.418033
0.416979
0.41585
0.414668
0.413451
0.412214
0.410971
0.409734
0.408513
0.407315
0.406148
0.405015
0.403922
0.402871
0.401863
0.400899
0.399981
0.399108
0.39828
0.397496
0.396756
0.39606
0.395407
0.394796
0.394226
0.393698
0.393212
0.392767
0.392364
0.392002
0.391684
0.39141
0.391181
0.391
0.390869
0.39079
0.390767
0.390803
0.390903
0.39107
0.391309
0.391622
0.392014
0.392489
0.393051
0.393703
0.39445
0.395292
0.396232
0.397271
0.398408
0.399639
0.400961
0.402366
0.403845
0.405385
0.406968
0.408577
0.410186
0.41177
0.413305
0.414765
0.416072
0.417226
0.418239
0.419033
0.419592
0.419893
0.419965
0.419839
0.41958
0.419223
0.418852
0.41855
0.418318
0.418154
0.418339
0.417605
0.417004
0.416341
0.415581
0.414719
0.413773
0.412763
0.411707
0.41062
0.409516
0.408408
0.407305
0.406217
0.405149
0.404108
0.403098
0.402121
0.40118
0.400276
0.399411
0.398584
0.397797
0.397048
0.396337
0.395665
0.395031
0.394434
0.393875
0.393353
0.392868
0.392421
0.392011
0.391639
0.391306
0.391013
0.390761
0.390551
0.390387
0.390271
0.390207
0.390198
0.390248
0.390361
0.390541
0.390791
0.391116
0.391519
0.392005
0.392576
0.393237
0.393991
0.394838
0.395782
0.396822
0.397957
0.399184
0.400499
0.401895
0.403362
0.404889
0.40646
0.408057
0.409659
0.411243
0.412789
0.414292
0.415703
0.416965
0.418068
0.419025
0.419758
0.420245
0.420524
0.420505
0.420196
0.419743
0.41924
0.418806
0.418448
0.414824
0.414258
0.41391
0.413544
0.413061
0.412447
0.411723
0.410913
0.410036
0.409109
0.40815
0.407171
0.406185
0.405202
0.40423
0.403275
0.402341
0.401433
0.400554
0.399705
0.398887
0.398103
0.397351
0.396633
0.395948
0.395297
0.39468
0.394096
0.393545
0.393028
0.392544
0.392094
0.391678
0.391296
0.390949
0.390638
0.390364
0.390129
0.389934
0.389784
0.389682
0.389632
0.389637
0.389702
0.389831
0.390027
0.390294
0.390636
0.391057
0.391561
0.392151
0.392832
0.393605
0.394472
0.395436
0.396496
0.397652
0.3989
0.400238
0.401657
0.403151
0.404707
0.406312
0.407951
0.409604
0.411252
0.412877
0.41446
0.415991
0.417424
0.418703
0.419747
0.420589
0.421162
0.421375
0.42117
0.420602
0.419907
0.419095
0.418462
0.410527
0.410343
0.410467
0.410595
0.410524
0.410231
0.409772
0.409188
0.408504
0.407744
0.406928
0.406075
0.4052
0.404315
0.403429
0.402551
0.401686
0.400839
0.400013
0.399211
0.398435
0.397686
0.396965
0.396273
0.39561
0.394976
0.394372
0.393798
0.393254
0.39274
0.392256
0.391803
0.39138
0.390989
0.390629
0.390301
0.390007
0.389747
0.389524
0.389342
0.389205
0.389118
0.389085
0.389109
0.389193
0.389343
0.389562
0.389853
0.390222
0.390671
0.391205
0.391828
0.392543
0.393353
0.39426
0.395266
0.396372
0.397577
0.398879
0.400274
0.401758
0.403321
0.404955
0.406647
0.408382
0.410145
0.411916
0.413675
0.415399
0.417065
0.418675
0.420113
0.421327
0.422209
0.42266
0.422532
0.421745
0.420739
0.419467
0.41824
0.404364
0.405263
0.406503
0.407444
0.407994
0.408151
0.408006
0.407669
0.407184
0.406586
0.405906
0.405169
0.404392
0.403592
0.402781
0.401967
0.401159
0.400362
0.39958
0.398816
0.398073
0.397352
0.396655
0.395982
0.395335
0.394714
0.39412
0.393553
0.393012
0.3925
0.392015
0.391557
0.391128
0.390727
0.390356
0.390013
0.389701
0.389417
0.389165
0.388952
0.388784
0.388666
0.3886
0.388588
0.388637
0.388749
0.388928
0.389179
0.389505
0.389912
0.390403
0.390983
0.391656
0.392425
0.393293
0.394265
0.395341
0.396522
0.39781
0.399202
0.400695
0.402286
0.403968
0.40573
0.407564
0.409454
0.411385
0.413337
0.415287
0.417209
0.419073
0.420832
0.422479
0.423818
0.424673
0.424862
0.424283
0.42273
0.419974
0.417515
0.394996
0.399372
0.402292
0.40426
0.405566
0.406305
0.406549
0.406454
0.406152
0.4057
0.405136
0.404494
0.403796
0.403063
0.402309
0.401545
0.40078
0.40002
0.39927
0.398533
0.397813
0.397112
0.396431
0.395772
0.395135
0.394522
0.393933
0.393369
0.39283
0.392317
0.391829
0.391367
0.390931
0.390522
0.39014
0.389786
0.389457
0.389148
0.388865
0.388619
0.388422
0.388279
0.388186
0.388147
0.388166
0.388248
0.388396
0.388616
0.388911
0.389287
0.389747
0.390297
0.390941
0.391684
0.39253
0.393482
0.394545
0.395721
0.397011
0.398418
0.399939
0.401574
0.40332
0.405169
0.407115
0.409148
0.411254
0.413417
0.415618
0.41783
0.420025
0.422167
0.424225
0.426091
0.427589
0.428614
0.429636
0.428905
0.422999
0.415135
0.376203
0.39143
0.397725
0.401362
0.403516
0.404829
0.405495
0.405645
0.405484
0.405138
0.404658
0.404081
0.403436
0.402747
0.40203
0.401297
0.400558
0.399821
0.39909
0.398369
0.397663
0.396972
0.3963
0.395647
0.395015
0.394405
0.393817
0.393253
0.392713
0.392197
0.391705
0.391238
0.390795
0.390378
0.389987
0.389619
0.389268
0.388936
0.388632
0.388361
0.388134
0.387962
0.387848
0.387788
0.387785
0.387844
0.387969
0.388166
0.388439
0.388793
0.389233
0.389764
0.390392
0.391121
0.391957
0.392905
0.393968
0.395152
0.39646
0.397894
0.399457
0.401149
0.40297
0.404917
0.406988
0.409174
0.411469
0.413861
0.416335
0.418874
0.421455
0.424058
0.426663
0.429239
0.431756
0.434281
0.437025
0.439489
0.440161
0.444012
0.380205
0.390473
0.39628
0.400278
0.402658
0.404134
0.404991
0.405314
0.40524
0.404939
0.404494
0.403944
0.403321
0.402648
0.401945
0.401224
0.400495
0.399766
0.399041
0.398326
0.397623
0.396934
0.396263
0.39561
0.394977
0.394365
0.393775
0.393208
0.392665
0.392145
0.391648
0.391174
0.390725
0.3903
0.389894
0.389502
0.389128
0.388782
0.38847
0.388189
0.38794
0.387735
0.387592
0.387513
0.387494
0.387537
0.387646
0.387828
0.388086
0.388427
0.388856
0.389378
0.389999
0.390726
0.391563
0.392516
0.393591
0.394794
0.396129
0.397601
0.399214
0.400971
0.402874
0.404924
0.407121
0.409464
0.41195
0.414573
0.417328
0.420203
0.42319
0.426277
0.429459
0.432735
0.436137
0.439777
0.443777
0.448115
0.453606
0.462972
0.388973
0.394917
0.398812
0.401621
0.403393
0.404525
0.405213
0.405504
0.405434
0.405114
0.404646
0.404078
0.40344
0.402757
0.402045
0.401317
0.400581
0.399847
0.399117
0.398397
0.397688
0.396995
0.396318
0.39566
0.395021
0.394404
0.393809
0.393237
0.392689
0.392164
0.391662
0.391183
0.390726
0.390285
0.389853
0.389438
0.389051
0.388699
0.388379
0.388091
0.387835
0.387613
0.387437
0.387328
0.387291
0.387325
0.387426
0.387599
0.38785
0.388185
0.388611
0.389132
0.389755
0.390487
0.391334
0.392301
0.393396
0.394625
0.395995
0.39751
0.399177
0.401001
0.402986
0.405137
0.407456
0.409948
0.412612
0.415452
0.418468
0.421659
0.425027
0.428574
0.432306
0.436225
0.44037
0.444791
0.449465
0.454368
0.45986
0.466571
0.396065
0.399734
0.402271
0.403986
0.405074
0.405739
0.40609
0.40618
0.406018
0.405633
0.405091
0.404458
0.403771
0.403051
0.40231
0.401559
0.400804
0.400053
0.399309
0.398576
0.397856
0.397151
0.396464
0.395796
0.395148
0.394523
0.393921
0.393343
0.392791
0.392263
0.391758
0.391269
0.390788
0.390317
0.389864
0.38944
0.38905
0.388693
0.388367
0.388074
0.387814
0.387589
0.387402
0.387265
0.387195
0.387207
0.387301
0.387474
0.387727
0.388064
0.388492
0.389019
0.389651
0.390395
0.391257
0.392245
0.393366
0.394626
0.396034
0.397595
0.399317
0.401206
0.403268
0.405511
0.407939
0.41056
0.41338
0.416406
0.419645
0.423107
0.426799
0.430721
0.434867
0.439189
0.443673
0.448358
0.453216
0.458261
0.46382
0.469972
0.401416
0.403682
0.405293
0.406331
0.40695
0.407258
0.407323
0.407194
0.40689
0.406413
0.405778
0.405045
0.404279
0.403502
0.402719
0.401934
0.401152
0.400377
0.399612
0.398861
0.398125
0.397406
0.396706
0.396025
0.395366
0.394731
0.39412
0.393537
0.392983
0.392451
0.391927
0.391408
0.390897
0.390408
0.389951
0.389526
0.389133
0.388772
0.388444
0.388149
0.387888
0.387665
0.38748
0.38734
0.38725
0.387229
0.387293
0.387453
0.387709
0.388055
0.388495
0.389035
0.389681
0.390442
0.391325
0.392338
0.393487
0.394782
0.396228
0.397834
0.399608
0.401556
0.403687
0.406008
0.408528
0.411254
0.414196
0.417367
0.420781
0.42445
0.42835
0.432438
0.436703
0.44114
0.445707
0.450406
0.455296
0.460415
0.465802
0.471357
0.405453
0.406805
0.407752
0.408341
0.40864
0.408704
0.408576
0.408296
0.407885
0.407323
0.406595
0.405762
0.404912
0.404075
0.403246
0.402423
0.40161
0.400808
0.400021
0.39925
0.398496
0.397761
0.397047
0.396355
0.395685
0.395041
0.394422
0.393832
0.393265
0.392704
0.392144
0.391597
0.391078
0.390589
0.39013
0.389702
0.389307
0.388945
0.388617
0.388323
0.388065
0.387845
0.387667
0.387535
0.387454
0.387427
0.387468
0.387596
0.387823
0.388159
0.388611
0.389171
0.389838
0.390623
0.391531
0.392571
0.393752
0.395081
0.396566
0.398214
0.400033
0.402033
0.404221
0.406605
0.409194
0.411998
0.415029
0.4183
0.421812
0.425539
0.429461
0.433559
0.437821
0.44227
0.446909
0.451713
0.456671
0.461764
0.466949
0.472116
0.407879
0.40883
0.409456
0.409807
0.409928
0.409855
0.409623
0.409267
0.408804
0.408187
0.407382
0.406479
0.405581
0.404703
0.403838
0.402985
0.402144
0.401318
0.400509
0.399719
0.398948
0.398199
0.397473
0.396771
0.396094
0.395443
0.394817
0.39421
0.393606
0.393004
0.392422
0.39187
0.391349
0.390858
0.390397
0.389968
0.389572
0.389211
0.388885
0.388595
0.388342
0.38813
0.387961
0.38784
0.387773
0.387764
0.38782
0.387944
0.388151
0.388461
0.388886
0.389432
0.390112
0.390926
0.391864
0.392934
0.394147
0.395513
0.397035
0.398722
0.400583
0.402625
0.404858
0.407291
0.40993
0.412784
0.415865
0.419161
0.422652
0.426334
0.430214
0.434316
0.438638
0.44316
0.447849
0.452672
0.457597
0.462584
0.467575
0.472475
0.408943
0.409791
0.410343
0.41064
0.410721
0.410619
0.410369
0.410002
0.409522
0.408861
0.408019
0.407109
0.406207
0.405316
0.404433
0.403562
0.402704
0.401862
0.401038
0.400234
0.39945
0.39869
0.397953
0.397242
0.396557
0.3959
0.395259
0.394618
0.393977
0.393357
0.39277
0.392215
0.391691
0.391198
0.390736
0.390308
0.389914
0.389556
0.389235
0.388952
0.388708
0.388507
0.388351
0.388245
0.388195
0.388206
0.388283
0.388434
0.388666
0.388983
0.389395
0.389924
0.390587
0.391386
0.392326
0.393414
0.394661
0.396067
0.397628
0.399352
0.40125
0.403328
0.405597
0.408066
0.410738
0.413601
0.416657
0.419906
0.423348
0.427009
0.430914
0.435053
0.439401
0.443926
0.448596
0.453374
0.458221
0.463088
0.467911
0.472611
0.409175
0.410046
0.410636
0.410977
0.411104
0.411045
0.41083
0.410485
0.409993
0.409312
0.408491
0.407624
0.406746
0.405864
0.404983
0.40411
0.403249
0.402402
0.401573
0.400762
0.399972
0.399205
0.398461
0.397741
0.397048
0.396374
0.395703
0.39503
0.394376
0.393754
0.393165
0.392607
0.392081
0.391588
0.391128
0.390703
0.390314
0.389962
0.389649
0.389376
0.389145
0.388959
0.38882
0.388733
0.388703
0.388736
0.388838
0.389015
0.389274
0.389624
0.390071
0.390625
0.39129
0.392079
0.393015
0.394106
0.395354
0.396766
0.398344
0.400094
0.40202
0.404124
0.406411
0.408882
0.411541
0.414386
0.417409
0.420632
0.424082
0.427768
0.431685
0.435817
0.440141
0.444629
0.449245
0.453951
0.458704
0.463452
0.468135
0.472688
0.409118
0.410025
0.410667
0.411069
0.411256
0.411248
0.411066
0.410723
0.410219
0.409568
0.408815
0.408009
0.407171
0.406315
0.405454
0.404594
0.403743
0.402904
0.402079
0.401271
0.400483
0.399716
0.39897
0.398244
0.397538
0.396834
0.396131
0.395448
0.394795
0.394173
0.393582
0.393024
0.392499
0.392009
0.391554
0.391135
0.390754
0.390413
0.390112
0.389853
0.389639
0.38947
0.389352
0.389287
0.389282
0.389339
0.389467
0.389671
0.389958
0.390337
0.390816
0.391402
0.392102
0.392927
0.393888
0.394991
0.396237
0.39764
0.399217
0.400971
0.4029
0.405006
0.40729
0.409749
0.41239
0.415225
0.41826
0.421505
0.424968
0.428651
0.43255
0.436651
0.440931
0.445361
0.449907
0.45453
0.459185
0.463825
0.468395
0.472842
0.409094
0.410005
0.41067
0.411101
0.411316
0.411333
0.411166
0.410822
0.410314
0.409683
0.408984
0.408242
0.407457
0.406643
0.405814
0.404983
0.404154
0.403333
0.402523
0.401727
0.40095
0.400196
0.399457
0.398721
0.397984
0.397252
0.396539
0.395858
0.395209
0.39459
0.394003
0.39345
0.392932
0.39245
0.392004
0.391596
0.391228
0.3909
0.390615
0.390374
0.390179
0.390033
0.389938
0.389899
0.389918
0.390003
0.390158
0.390391
0.390708
0.391117
0.391626
0.392242
0.392974
0.39383
0.394818
0.395945
0.397218
0.398644
0.400234
0.401992
0.403922
0.406026
0.40831
0.410776
0.413429
0.416276
0.419321
0.422568
0.426023
0.429687
0.433554
0.437611
0.441836
0.446198
0.450667
0.455203
0.459768
0.464315
0.468799
0.473174
0.409211
0.410095
0.410746
0.411176
0.411398
0.411426
0.411278
0.410958
0.410468
0.409855
0.409174
0.408444
0.407678
0.406892
0.406096
0.405297
0.404498
0.403704
0.402918
0.40214
0.401372
0.400612
0.399858
0.399105
0.398357
0.397626
0.396925
0.396254
0.395613
0.395004
0.394427
0.393885
0.393379
0.392909
0.392478
0.392085
0.391733
0.391423
0.391157
0.390937
0.390764
0.390642
0.390572
0.390559
0.390607
0.390721
0.390907
0.391172
0.391521
0.391963
0.392504
0.393153
0.393917
0.394805
0.395824
0.396982
0.398285
0.399739
0.401354
0.403134
0.405083
0.407207
0.409508
0.41199
0.414657
0.417513
0.42056
0.423803
0.427244
0.430884
0.434714
0.438722
0.442886
0.44718
0.451573
0.456031
0.460516
0.46499
0.469411
0.473743
0.409501
0.410343
0.41096
0.411371
0.411585
0.411619
0.411485
0.411195
0.410757
0.410191
0.409523
0.408786
0.40802
0.407241
0.406454
0.405663
0.404871
0.404083
0.4033
0.402522
0.401747
0.40097
0.4002
0.399449
0.398718
0.398007
0.39732
0.396662
0.396034
0.395437
0.394874
0.394346
0.393854
0.3934
0.392984
0.392609
0.392275
0.391984
0.391738
0.391539
0.39139
0.391291
0.391248
0.391263
0.391342
0.391489
0.391709
0.392008
0.392394
0.392873
0.393452
0.394138
0.39494
0.395865
0.39692
0.398112
0.39945
0.400938
0.402584
0.404393
0.40637
0.408519
0.410843
0.413345
0.416027
0.418893
0.421944
0.425184
0.428612
0.432226
0.43602
0.439981
0.444088
0.448319
0.452645
0.457035
0.461457
0.465876
0.470259
0.474572
0.409958
0.410735
0.411324
0.411711
0.411903
0.411926
0.411792
0.411512
0.411098
0.410568
0.40994
0.409239
0.408491
0.407715
0.406922
0.406119
0.405313
0.404509
0.40371
0.402919
0.402136
0.401363
0.400602
0.39986
0.399137
0.398437
0.397762
0.397115
0.396498
0.395913
0.395363
0.394848
0.394369
0.39393
0.39353
0.393171
0.392854
0.392581
0.392355
0.392178
0.392051
0.391978
0.391963
0.39201
0.392121
0.392303
0.392561
0.392899
0.393325
0.393845
0.394466
0.395195
0.39604
0.397007
0.398104
0.399337
0.400714
0.40224
0.403922
0.405764
0.407772
0.409948
0.412296
0.414818
0.417517
0.420394
0.42345
0.426686
0.430102
0.433694
0.437456
0.441374
0.445432
0.449608
0.453879
0.458216
0.462591
0.466976
0.47134
0.475658
0.410646
0.411309
0.41182
0.412168
0.412335
0.412343
0.412202
0.411916
0.411506
0.410989
0.41038
0.409698
0.408964
0.408195
0.407404
0.406601
0.405793
0.404984
0.404181
0.403385
0.4026
0.401828
0.401071
0.400334
0.399617
0.398924
0.398257
0.397618
0.397011
0.396436
0.395896
0.395392
0.394926
0.394498
0.394112
0.393768
0.393468
0.393213
0.393007
0.392852
0.392751
0.392706
0.392721
0.3928
0.392948
0.393168
0.393465
0.393846
0.394315
0.394881
0.395548
0.396324
0.397217
0.398231
0.399374
0.400653
0.402073
0.403641
0.405362
0.407241
0.409281
0.411484
0.413856
0.416397
0.419109
0.421994
0.425053
0.428285
0.431689
0.43526
0.438993
0.442877
0.446894
0.451027
0.455255
0.459554
0.4639
0.468267
0.472634
0.476979
0.411519
0.412098
0.412506
0.412756
0.412864
0.412842
0.412685
0.412386
0.411972
0.411461
0.41086
0.410186
0.409458
0.408693
0.407906
0.407105
0.406299
0.405491
0.404688
0.403894
0.403111
0.402342
0.401589
0.400855
0.400144
0.399456
0.398796
0.398164
0.397564
0.396998
0.396467
0.395973
0.395518
0.395104
0.394732
0.394403
0.39412
0.393885
0.393701
0.39357
0.393496
0.39348
0.393528
0.393642
0.393828
0.394088
0.394428
0.394854
0.39537
0.395984
0.396701
0.397529
0.398473
0.399537
0.400727
0.402051
0.403515
0.405126
0.406889
0.408805
0.410873
0.4131
0.415489
0.418044
0.420765
0.423654
0.426711
0.429936
0.433326
0.43688
0.440593
0.444452
0.44844
0.452541
0.456739
0.461013
0.465344
0.469712
0.474103
0.478488
0.412669
0.413051
0.413317
0.413471
0.413509
0.413414
0.413195
0.412867
0.412446
0.411937
0.411346
0.410681
0.409962
0.409206
0.408426
0.407632
0.40683
0.406026
0.405226
0.404435
0.403655
0.402889
0.402141
0.401412
0.400706
0.400026
0.399372
0.398749
0.398157
0.3976
0.397078
0.396593
0.396148
0.395747
0.395392
0.395081
0.394817
0.394604
0.394443
0.394339
0.394293
0.394309
0.394392
0.394545
0.394771
0.395073
0.395457
0.395926
0.396489
0.39715
0.397917
0.398799
0.399798
0.40091
0.402143
0.403505
0.405002
0.406641
0.408425
0.410361
0.412451
0.4147
0.417109
0.41968
0.422416
0.425315
0.428378
0.431603
0.434988
0.438529
0.442219
0.446051
0.450013
0.454093
0.458273
0.462537
0.466866
0.47124
0.475639
0.480044
0.414189
0.414301
0.414349
0.41432
0.41421
0.414012
0.413729
0.413364
0.412912
0.412381
0.411781
0.411124
0.410416
0.409671
0.408904
0.408124
0.407335
0.406542
0.405751
0.404967
0.404195
0.403437
0.402696
0.401976
0.401278
0.400607
0.399963
0.39935
0.39877
0.398225
0.397717
0.39725
0.396826
0.396442
0.396101
0.395805
0.395561
0.395369
0.395233
0.395154
0.395136
0.395184
0.395301
0.395495
0.395767
0.396114
0.396538
0.397046
0.397646
0.398343
0.399142
0.400049
0.40107
0.40221
0.403475
0.404869
0.406398
0.408065
0.409873
0.411832
0.41395
0.416226
0.418661
0.421256
0.424011
0.426927
0.430001
0.433233
0.436619
0.440153
0.443828
0.447638
0.45158
0.45564
0.459805
0.464058
0.468384
0.472764
0.477178
0.481618
0.415994
0.415791
0.415583
0.415338
0.415048
0.414708
0.414311
0.413856
0.413343
0.412774
0.412153
0.411493
0.410793
0.41006
0.409304
0.408535
0.407759
0.40698
0.406204
0.405435
0.404677
0.403932
0.403205
0.402499
0.401815
0.401157
0.400527
0.399928
0.399365
0.398843
0.398363
0.397922
0.397519
0.397151
0.396825
0.396547
0.396322
0.39615
0.396035
0.395978
0.395983
0.396053
0.396191
0.3964
0.396685
0.397051
0.3975
0.398038
0.398669
0.399398
0.400227
0.401157
0.4022
0.40337
0.40467
0.406103
0.40767
0.409376
0.411226
0.413223
0.415373
0.417677
0.420136
0.422751
0.425523
0.42845
0.431533
0.434769
0.438154
0.441684
0.445354
0.449158
0.453089
0.457137
0.46129
0.465537
0.469867
0.474269
0.478733
0.483258
0.418357
0.417683
0.417089
0.416541
0.416012
0.415482
0.414937
0.41437
0.413774
0.413147
0.412486
0.411797
0.411085
0.410353
0.409605
0.408845
0.40808
0.407316
0.406555
0.405803
0.405061
0.404333
0.403623
0.402933
0.402265
0.401623
0.401008
0.400424
0.399872
0.399355
0.398876
0.398439
0.398044
0.397692
0.397384
0.397126
0.39692
0.396768
0.396673
0.396637
0.396663
0.396754
0.396912
0.397137
0.397435
0.397819
0.398295
0.398864
0.399529
0.400293
0.401162
0.402138
0.403229
0.404442
0.405782
0.407252
0.408855
0.410596
0.412478
0.414505
0.416682
0.419008
0.421487
0.424119
0.426905
0.429843
0.432933
0.436172
0.439558
0.443086
0.446753
0.450552
0.454477
0.458521
0.462677
0.466934
0.471288
0.47573
0.480259
0.484872
0.421109
0.419914
0.418885
0.417988
0.417176
0.416414
0.415683
0.414966
0.414254
0.413537
0.412812
0.412077
0.411332
0.41058
0.40982
0.409057
0.408295
0.407536
0.406783
0.40604
0.40531
0.404594
0.403897
0.40322
0.402566
0.401936
0.401334
0.400762
0.400219
0.399706
0.399229
0.398798
0.398414
0.398076
0.397785
0.397544
0.397356
0.397223
0.397148
0.397134
0.397183
0.397299
0.397484
0.397742
0.398078
0.398498
0.399008
0.39961
0.400307
0.401105
0.402007
0.403019
0.404145
0.405392
0.406763
0.408263
0.409896
0.411665
0.413574
0.415627
0.417825
0.420171
0.422667
0.425313
0.428109
0.431055
0.43415
0.437392
0.440778
0.444306
0.447971
0.451768
0.455694
0.459742
0.463907
0.468184
0.472569
0.477059
0.481653
0.486353
0.423761
0.422135
0.420741
0.419521
0.418426
0.417423
0.416491
0.415609
0.414762
0.413939
0.413131
0.412334
0.411542
0.410757
0.409976
0.409201
0.408432
0.407671
0.406921
0.406183
0.405459
0.404752
0.404064
0.403397
0.402754
0.402136
0.401546
0.400986
0.400458
0.399964
0.399508
0.399096
0.398727
0.398405
0.39813
0.397905
0.397734
0.397618
0.397561
0.397565
0.397633
0.39777
0.397978
0.39826
0.398622
0.399067
0.399602
0.400228
0.400952
0.401776
0.402706
0.403746
0.4049
0.406173
0.407571
0.409096
0.410752
0.412544
0.414474
0.416545
0.41876
0.42112
0.423628
0.426283
0.429086
0.432037
0.435134
0.438377
0.441763
0.445289
0.448953
0.452751
0.456679
0.460734
0.464913
0.469212
0.473629
0.478166
0.482823
0.487604
0.426143
0.424115
0.422372
0.420847
0.419489
0.418267
0.417152
0.416122
0.415156
0.414238
0.413359
0.412505
0.411671
0.410858
0.41006
0.409275
0.408502
0.407742
0.406995
0.406263
0.405547
0.404849
0.404171
0.403514
0.402882
0.402276
0.401698
0.40115
0.400635
0.400155
0.399713
0.399312
0.398955
0.398644
0.398381
0.39817
0.398012
0.39791
0.397867
0.397885
0.397969
0.398122
0.398347
0.398648
0.399029
0.399494
0.400048
0.400694
0.401438
0.402283
0.403233
0.404293
0.405468
0.40676
0.408176
0.409719
0.411392
0.413198
0.415142
0.417225
0.419449
0.421818
0.424331
0.42699
0.429796
0.432747
0.435844
0.439084
0.442467
0.445991
0.449652
0.45345
0.45738
0.461442
0.465632
0.469951
0.474398
0.478975
0.483687
0.488538
0.428284
0.425937
0.423898
0.422097
0.420497
0.419072
0.41779
0.416622
0.415542
0.414533
0.413577
0.412664
0.411787
0.410939
0.410117
0.409315
0.408532
0.407765
0.407016
0.406284
0.405571
0.404877
0.404204
0.403554
0.402928
0.402329
0.401758
0.401219
0.400712
0.400242
0.399809
0.399417
0.399069
0.398767
0.398514
0.398313
0.398166
0.398075
0.398042
0.398071
0.398166
0.39833
0.398567
0.39888
0.399273
0.39975
0.400317
0.400975
0.401731
0.402588
0.40355
0.404621
0.405807
0.40711
0.408535
0.410086
0.411766
0.413579
0.415527
0.417613
0.41984
0.422208
0.424721
0.427377
0.430179
0.433125
0.436216
0.43945
0.442826
0.446343
0.449999
0.453792
0.457722
0.461785
0.465983
0.470316
0.474784
0.479392
0.484145
0.489048
0.429595
0.42708
0.424865
0.422875
0.421103
0.419532
0.418127
0.416859
0.415701
0.414632
0.413633
0.412693
0.4118
0.410941
0.410111
0.409304
0.408519
0.407753
0.407006
0.406278
0.405569
0.404881
0.404215
0.403571
0.402952
0.402359
0.401794
0.40126
0.400759
0.400294
0.399867
0.39948
0.399137
0.39884
0.398591
0.398395
0.398252
0.398163
0.398132
0.398164
0.398263
0.398432
0.398673
0.398991
0.39939
0.399873
0.400444
0.401108
0.401869
0.402731
0.403697
0.404773
0.405962
0.407269
0.408697
0.41025
0.411931
0.413744
0.415692
0.417776
0.42
0.422366
0.424873
0.427525
0.43032
0.43326
0.436343
0.43957
0.442939
0.446449
0.4501
0.453889
0.457817
0.461881
0.466084
0.470424
0.474906
0.479533
0.484314
0.489262
0.430825
0.428096
0.425662
0.423511
0.421625
0.419968
0.418496
0.417173
0.41597
0.414863
0.413835
0.412871
0.411954
0.411075
0.410225
0.409403
0.408605
0.407829
0.407073
0.406338
0.405622
0.404927
0.404255
0.403606
0.402983
0.402387
0.401821
0.401286
0.400783
0.400316
0.399887
0.399499
0.399153
0.398853
0.398601
0.398398
0.398248
0.398155
0.398122
0.398153
0.39825
0.398417
0.398657
0.398973
0.39937
0.399851
0.40042
0.401082
0.401839
0.402698
0.403661
0.404733
0.405918
0.407219
0.408642
0.410189
0.411863
0.413669
0.415609
0.417685
0.4199
0.422256
0.424754
0.427395
0.430179
0.433108
0.43618
0.439396
0.442754
0.446254
0.449895
0.453676
0.457596
0.461655
0.465854
0.470192
0.474672
0.479296
0.484066
0.488979
0.45794
0.459369
0.462836
0.473253
0.480007
0.487078
0.473081
0.479088
0.486158
0.475572
0.480317
0.485163
0.476409
0.480853
0.485129
0.476753
0.480836
0.484736
0.476849
0.480688
0.484324
0.476799
0.480478
0.483961
0.476748
0.480326
0.483729
0.47682
0.480343
0.483715
0.477106
0.48061
0.483994
0.477658
0.481172
0.484595
0.478496
0.482047
0.48553
0.479616
0.483227
0.486766
0.480992
0.484654
0.488212
0.48253
0.486209
0.489821
0.484116
0.487858
0.491606
0.485776
0.489649
0.49356
0.487525
0.491527
0.495587
0.489246
0.493369
0.49757
0.49083
0.495066
0.499397
0.492174
0.496512
0.500958
0.49319
0.497616
0.502158
0.493759
0.498254
0.502872
0.49405
0.498611
0.503264
0.49385
0.498561
0.503286
0.528815
0.528684
0.528321
0.527664
0.526911
0.526307
0.526031
0.526174
0.526741
0.52769
0.528962
0.530455
0.532034
0.533662
0.535193
0.536356
0.537014
0.536934
0.53564
0.532097
0.525557
0.512366
0.488868
0.438015
0.343491
0.528894
0.528631
0.528097
0.52731
0.526509
0.525875
0.525524
0.525512
0.525844
0.52649
0.527387
0.528454
0.52963
0.530873
0.532026
0.532797
0.532778
0.531736
0.529549
0.525394
0.518554
0.506885
0.488087
0.456913
0.412069
0.528565
0.528069
0.527442
0.526752
0.526104
0.525589
0.52527
0.525177
0.525307
0.525644
0.526147
0.526759
0.52742
0.528077
0.528603
0.528749
0.528265
0.527022
0.524852
0.521191
0.515171
0.505494
0.490571
0.468343
0.43701
0.527837
0.52727
0.526702
0.526152
0.525624
0.525179
0.524865
0.524707
0.524706
0.524852
0.525116
0.525461
0.525846
0.526231
0.526485
0.526364
0.52576
0.524601
0.52264
0.519325
0.51397
0.505814
0.493962
0.477608
0.456369
0.526997
0.526464
0.525979
0.525518
0.525067
0.524671
0.524368
0.524179
0.524107
0.524145
0.524276
0.524475
0.52472
0.524979
0.525061
0.524788
0.524104
0.52289
0.520927
0.517822
0.513122
0.506343
0.496982
0.48465
0.469249
0.526076
0.525635
0.525239
0.524855
0.524472
0.524123
0.52384
0.523642
0.523535
0.523515
0.523572
0.523688
0.523842
0.523991
0.52397
0.523629
0.522885
0.521674
0.51981
0.517016
0.51298
0.507385
0.49994
0.490467
0.479017
0.525128
0.524788
0.524484
0.524177
0.523857
0.523553
0.523294
0.523101
0.522982
0.522937
0.52296
0.523037
0.523144
0.523196
0.523135
0.522817
0.522087
0.520931
0.519218
0.516752
0.513318
0.508713
0.502771
0.495412
0.486706
0.5242
0.523953
0.523729
0.523485
0.523217
0.522952
0.522719
0.52254
0.522425
0.522377
0.522393
0.522459
0.522545
0.522586
0.522536
0.522224
0.521541
0.520479
0.518956
0.51683
0.513956
0.510203
0.505473
0.499735
0.493056
0.523291
0.523121
0.52295
0.522756
0.522532
0.522298
0.52209
0.52193
0.521831
0.521799
0.521831
0.521911
0.521997
0.522081
0.522068
0.521762
0.521143
0.520212
0.518907
0.517129
0.514778
0.511767
0.508042
0.503595
0.498481
0.522359
0.52225
0.522106
0.521939
0.521745
0.521545
0.521367
0.521235
0.521164
0.521163
0.521232
0.52136
0.5215
0.521634
0.521633
0.52136
0.520835
0.520063
0.518999
0.517572
0.515713
0.513367
0.510503
0.507122
0.503268
0.521298
0.521224
0.521092
0.520951
0.5208
0.520644
0.520506
0.520412
0.520383
0.520431
0.520561
0.520766
0.521002
0.521181
0.521186
0.520978
0.52058
0.519996
0.519193
0.518123
0.516738
0.515002
0.512898
0.510431
0.507631
0.519887
0.51994
0.519807
0.519717
0.519642
0.519547
0.519462
0.519422
0.519451
0.519565
0.519782
0.520097
0.520438
0.520664
0.520712
0.520606
0.520369
0.520003
0.519485
0.518783
0.517863
0.516702
0.51529
0.513631
0.511744
0.516981
0.517562
0.51781
0.518076
0.51821
0.518214
0.518195
0.518228
0.518336
0.518534
0.518846
0.519286
0.519758
0.52008
0.520219
0.520254
0.520216
0.520101
0.519896
0.519579
0.519126
0.518521
0.517757
0.516834
0.515762
0.511249
0.513707
0.514896
0.515829
0.516394
0.516616
0.516685
0.516811
0.517024
0.517328
0.517739
0.518284
0.518912
0.519425
0.51974
0.519971
0.520169
0.520339
0.520478
0.520569
0.520592
0.520535
0.520391
0.520155
0.519829
0.490012
0.504602
0.509267
0.511735
0.513359
0.514281
0.514747
0.515105
0.515506
0.51597
0.516512
0.517156
0.517907
0.518656
0.519287
0.519818
0.520312
0.520815
0.521343
0.52187
0.522375
0.522855
0.52331
0.523725
0.524091
0.49619
0.501656
0.505455
0.508204
0.510235
0.511636
0.51255
0.513229
0.513881
0.514555
0.515278
0.516071
0.516945
0.517881
0.51883
0.51976
0.520693
0.521647
0.522626
0.523622
0.524621
0.525635
0.52667
0.5277
0.528707
0.493466
0.498289
0.50204
0.505092
0.507442
0.50915
0.510375
0.511365
0.512288
0.513204
0.514152
0.515162
0.516247
0.517407
0.518632
0.519928
0.521311
0.522755
0.52424
0.525773
0.527352
0.528959
0.530575
0.532189
0.53379
0.49051
0.495344
0.499298
0.502557
0.505098
0.506965
0.508404
0.509666
0.510854
0.512028
0.513235
0.514509
0.515872
0.517334
0.518898
0.520569
0.52235
0.524232
0.526212
0.528291
0.530458
0.532667
0.534881
0.537095
0.539301
0.489511
0.493741
0.497487
0.500688
0.503196
0.505114
0.506743
0.508244
0.509688
0.511131
0.512621
0.514194
0.515875
0.51768
0.519617
0.521692
0.523907
0.526254
0.528728
0.531317
0.534004
0.536761
0.539561
0.542383
0.545205
0.488693
0.49258
0.496142
0.499197
0.50162
0.503616
0.505439
0.507176
0.508881
0.510609
0.512404
0.514304
0.516333
0.518509
0.520844
0.523343
0.526006
0.528828
0.531797
0.5349
0.538116
0.541418
0.54478
0.548173
0.55157
0.488003
0.491683
0.495103
0.498019
0.500399
0.502529
0.504557
0.506535
0.508515
0.510546
0.512669
0.514919
0.517321
0.519893
0.522645
0.525583
0.528706
0.532008
0.535474
0.53909
0.542831
0.546671
0.55058
0.554525
0.558473
0.487497
0.491068
0.494354
0.497171
0.499602
0.501902
0.504151
0.506388
0.508661
0.511014
0.513486
0.516108
0.518903
0.521887
0.525073
0.528462
0.532054
0.535839
0.539804
0.54393
0.548191
0.55256
0.557002
0.561483
0.565965
0.487207
0.490741
0.493929
0.496702
0.499267
0.501774
0.504268
0.506786
0.509372
0.512068
0.514907
0.517917
0.521121
0.524533
0.528163
0.532012
0.536078
0.54035
0.544812
0.549445
0.55422
0.559108
0.564073
0.569077
0.574079
0.487184
0.490705
0.493867
0.496695
0.49944
0.50218
0.504942
0.507762
0.510682
0.513737
0.516959
0.520372
0.523997
0.527847
0.531929
0.536244
0.540786
0.545545
0.550504
0.555638
0.560922
0.566321
0.571798
0.577314
0.582825
0.487498
0.491005
0.494182
0.497164
0.500134
0.503133
0.506186
0.509329
0.512599
0.516029
0.519646
0.523474
0.527529
0.531823
0.536362
0.541145
0.546165
0.55141
0.55686
0.562493
0.568277
0.574179
0.58016
0.586178
0.592189
0.488156
0.491674
0.494923
0.498119
0.501346
0.504628
0.507993
0.511476
0.51511
0.518926
0.522948
0.527197
0.531688
0.536431
0.541429
0.54668
0.552177
0.557904
0.563843
0.569967
0.576246
0.582644
0.589121
0.595634
0.602136
0.489123
0.492695
0.496115
0.499555
0.503057
0.506639
0.510331
0.514167
0.518176
0.522386
0.52682
0.531494
0.536424
0.541616
0.547074
0.552792
0.558762
0.564969
0.571391
0.578001
0.584767
0.591654
0.598619
0.605619
0.612606
0.490384
0.494063
0.497717
0.501428
0.50522
0.509117
0.513149
0.517346
0.521738
0.526347
0.531194
0.536296
0.541665
0.547306
0.55322
0.559402
0.565842
0.572522
0.57942
0.58651
0.593757
0.601124
0.608571
0.616051
0.623519
0.491897
0.495772
0.499687
0.503681
0.507774
0.511996
0.516375
0.52094
0.525716
0.530725
0.535987
0.541515
0.547319
0.553405
0.559772
0.566412
0.573315
0.580462
0.58783
0.595391
0.60311
0.61095
0.61887
0.626826
0.634771
0.493657
0.497776
0.501962
0.506243
0.510645
0.515197
0.519925
0.524857
0.530016
0.535423
0.541094
0.547043
0.553278
0.559802
0.566613
0.573705
0.581062
0.588668
0.596497
0.60452
0.612702
0.621007
0.629393
0.637816
0.646227
0.495648
0.500014
0.504466
0.509033
0.513743
0.518622
0.523697
0.528991
0.534527
0.540323
0.546396
0.552757
0.559412
0.566365
0.573611
0.581143
0.588945
0.596999
0.605279
0.613755
0.622391
0.631151
0.639994
0.648866
0.657724
0.497799
0.502397
0.507107
0.511954
0.516964
0.522162
0.527572
0.533218
0.539119
0.545292
0.551754
0.558513
0.565576
0.572944
0.580612
0.588572
0.596807
0.605298
0.614018
0.622936
0.632017
0.64122
0.650502
0.659821
0.669122
0.500008
0.504826
0.50978
0.514894
0.52019
0.525692
0.531422
0.537402
0.54365
0.550184
0.557016
0.564155
0.571608
0.579374
0.587448
0.595821
0.604475
0.613389
0.622536
0.631884
0.641395
0.651035
0.660765
0.670525
0.680232
0.502162
0.507185
0.512367
0.517729
0.523292
0.529076
0.535104
0.541395
0.547967
0.554837
0.562016
0.569513
0.577333
0.585477
0.593937
0.602705
0.611762
0.621085
0.630643
0.640408
0.650356
0.660445
0.670616
0.680795
0.690899
0.504145
0.509354
0.514741
0.520328
0.526131
0.532171
0.538468
0.545042
0.551909
0.559085
0.566582
0.574408
0.582568
0.591063
0.599887
0.60903
0.618475
0.628196
0.638162
0.648353
0.658744
0.669284
0.679897
0.690496
0.700988
0.505842
0.51121
0.516776
0.522558
0.528571
0.534834
0.541366
0.548187
0.555314
0.562761
0.57054
0.57866
0.587127
0.595943
0.605103
0.614598
0.624413
0.634526
0.644905
0.655525
0.66636
0.677354
0.688413
0.699434
0.71032
0.507152
0.512648
0.518357
0.524299
0.530485
0.536933
0.543661
0.550688
0.558031
0.565706
0.573724
0.582097
0.59083
0.599927
0.609386
0.6192
0.629357
0.639838
0.650616
0.661661
0.672932
0.684365
0.695866
0.70733
0.718644
0.507952
0.513545
0.519363
0.525427
0.531747
0.538336
0.545215
0.552403
0.559918
0.567774
0.575986
0.584565
0.593521
0.602857
0.612575
0.622671
0.633135
0.643953
0.6551
0.666543
0.678237
0.690116
0.702087
0.71404
0.725846
0.50836
0.513993
0.519898
0.526064
0.532483
0.539171
0.546157
0.553462
0.561101
0.569091
0.577448
0.586184
0.59531
0.604834
0.614758
0.625083
0.635801
0.646899
0.658356
0.67014
0.682205
0.694484
0.70689
0.719305
0.731579
0.50833
0.513875
0.519809
0.526037
0.53251
0.539247
0.546283
0.55364
0.561337
0.56939
0.577814
0.586624
0.595832
0.605446
0.615472
0.625909
0.636754
0.647994
0.659609
0.671567
0.683823
0.696312
0.708949
0.721617
0.734173
-0.000726746
-0.00258493
-0.00296961
-0.00382702
-0.00451527
-0.00484968
-0.00511687
-0.00541657
-0.0057288
-0.00651744
-0.00775009
-0.010457
-0.0100617
-0.0102838
-0.0110219
-0.0115629
-0.0120434
-0.0126107
-0.0134041
-0.0147392
-0.0139213
-0.0171959
-0.0177952
-0.0187063
-0.0199008
-0.0207859
-0.0215342
-0.0223233
-0.0232169
-0.0240941
-0.0224767
-0.0258196
-0.0267531
-0.0279323
-0.0293429
-0.03036
-0.0311944
-0.0320244
-0.0329463
-0.0338632
-0.0327396
-0.0359453
-0.0371977
-0.0385933
-0.0400442
-0.0409653
-0.0416923
-0.042396
-0.043245
-0.0441148
-0.0452117
-0.0481963
-0.0495408
-0.050935
-0.0521188
-0.0525986
-0.0529278
-0.053273
-0.0539051
-0.054685
-0.0610594
-0.0639538
-0.0647505
-0.0654699
-0.0658492
-0.0653879
-0.064909
-0.0645735
-0.0647756
-0.0653448
-0.0817067
-0.0844506
-0.0836292
-0.0825732
-0.0813104
-0.0792194
-0.0774013
-0.0759927
-0.0755064
-0.0757078
-0.106582
-0.109039
-0.105971
-0.102135
-0.098111
-0.0935814
-0.0898736
-0.0870332
-0.0856183
-0.0852235
-0.133529
-0.136234
-0.130524
-0.12222
-0.114936
-0.107475
-0.101428
-0.0968633
-0.0943115
-0.0930335
-0.161174
-0.164069
-0.155592
-0.141909
-0.130588
-0.119721
-0.110891
-0.10418
-0.100081
-0.0978701
-0.187978
-0.190806
-0.179852
-0.159652
-0.143653
-0.12904
-0.117049
-0.107702
-0.101555
-0.098551
-0.211793
-0.214193
-0.20149
-0.174107
-0.152637
-0.134025
-0.118665
-0.106677
-0.0988985
-0.094389
-0.231376
-0.232585
-0.218672
-0.1836
-0.155761
-0.132869
-0.114037
-0.0995193
-0.0901022
-0.0838097
-0.246739
-0.245856
-0.228844
-0.185092
-0.150426
-0.123367
-0.101339
-0.0844036
-0.0730435
-0.0654853
-0.258646
-0.253993
-0.228323
-0.175085
-0.134534
-0.10398
-0.079385
-0.0605737
-0.0478306
-0.0390516
-0.26726
-0.258239
-0.215394
-0.154495
-0.108489
-0.0743303
-0.0476024
-0.0275897
-0.0139638
-0.00431464
-0.272522
-0.262203
-0.188805
-0.117519
-0.0693248
-0.0325946
-0.00470371
0.0151458
0.0284911
0.0382677
-0.289243
-0.255165
-0.139358
-0.0530151
-0.00796247
0.0258332
0.0505702
0.0672109
0.0784487
0.087246
-0.308809
-0.160369
-0.00850017
0.0553327
0.0794721
0.0993298
0.114791
0.125318
0.132842
0.139703
0.134104
0.121181
0.165332
0.172376
0.170694
0.174393
0.179552
0.183771
0.187496
0.192211
0.337122
0.279343
0.260695
0.252197
0.244648
0.240332
0.238738
0.238313
0.23907
0.241951
0.394545
0.35485
0.331755
0.316819
0.304722
0.29591
0.290272
0.286807
0.285572
0.287118
0.430329
0.403046
0.380711
0.363899
0.35078
0.340672
0.333401
0.328466
0.326201
0.326916
0.450888
0.431327
0.413603
0.398714
0.386404
0.376509
0.368976
0.363611
0.361012
0.361285
0.46566
0.45123
0.437331
0.42485
0.4141
0.405192
0.398138
0.393009
0.390515
0.390589
0.476663
0.465758
0.454978
0.444922
0.435965
0.428347
0.422133
0.41761
0.415453
0.415466
0.485422
0.477113
0.468772
0.460811
0.453568
0.447283
0.44204
0.438312
0.436612
0.436638
0.492674
0.486353
0.479955
0.473769
0.468064
0.463021
0.458763
0.455901
0.454693
0.45477
0.498914
0.494176
0.489359
0.484667
0.480299
0.476369
0.473099
0.471069
0.470288
0.470451
0.504476
0.501041
0.49754
0.494118
0.4909
0.487973
0.485675
0.484389
0.483946
0.484231
0.509613
0.507285
0.504906
0.502573
0.500346
0.498349
0.496951
0.496311
0.496156
0.49657
0.514531
0.51317
0.511771
0.510378
0.509024
0.507924
0.507319
0.507191
0.507304
0.507857
0.51941
0.518914
0.518378
0.517808
0.517272
0.517012
0.517073
0.517357
0.517721
0.518417
0.524417
0.524701
0.524928
0.525106
0.525376
0.525857
0.526439
0.527082
0.52768
0.528519
0.529709
0.530691
0.531612
0.532525
0.53354
0.534611
0.535613
0.536586
0.537403
0.538387
0.535406
0.537027
0.538624
0.540238
0.541853
0.543386
0.544768
0.546049
0.547074
0.548206
0.541542
0.543806
0.546043
0.548242
0.550345
0.552296
0.554041
0.555618
0.556848
0.558132
0.548076
0.550968
0.553788
0.556506
0.559077
0.561447
0.563552
0.565421
0.566854
0.568298
0.555025
0.558505
0.561883
0.565118
0.568159
0.570946
0.573409
0.575568
0.577204
0.578817
0.562489
0.566529
0.570445
0.574183
0.577686
0.580886
0.583703
0.58615
0.587991
0.589782
0.570523
0.575105
0.579541
0.583772
0.587729
0.591339
0.594508
0.597241
0.599289
0.601264
0.579164
0.584273
0.589218
0.593932
0.598339
0.602354
0.605873
0.608893
0.611148
0.613317
0.588425
0.594051
0.599497
0.604688
0.60954
0.613958
0.617827
0.621134
0.6236
0.62597
0.598295
0.604431
0.610372
0.616036
0.621331
0.626152
0.630374
0.63397
0.636651
0.639232
0.608742
0.615382
0.621814
0.627949
0.633686
0.638911
0.643489
0.647379
0.650282
0.653086
0.619707
0.626848
0.63377
0.640375
0.646551
0.652182
0.657121
0.661315
0.664451
0.667491
0.631114
0.638756
0.646167
0.653237
0.659845
0.665877
0.671185
0.675695
0.679082
0.682374
0.642855
0.650993
0.658884
0.666406
0.673437
0.679867
0.685556
0.690402
0.694066
0.697631
0.654783
0.663398
0.671746
0.679695
0.687136
0.693976
0.700071
0.705285
0.709258
0.713119
0.666738
0.675797
0.684553
0.692901
0.700753
0.708017
0.714545
0.720157
0.724481
0.728649
0.678555
0.688004
0.697137
0.705867
0.714117
0.721791
0.728752
0.734769
0.73948
0.743942
0.690051
0.699874
0.709361
0.718437
0.727033
0.735058
0.742389
0.748768
0.753848
0.758508
0.701094
0.711266
0.721074
0.730443
0.739304
0.747566
0.755113
0.761701
0.766983
0.771547
0.711546
0.722049
0.732137
0.741721
0.75072
0.759035
0.766568
0.773086
0.778227
0.782253
0.72124
0.732057
0.742374
0.752071
0.761025
0.769124
0.776301
0.782362
0.786978
0.790291
0.729964
0.741114
0.751638
0.761358
0.770071
0.777646
0.784006
0.788968
0.792433
0.794827
0.737643
0.749193
0.759954
0.769635
0.77795
0.784765
0.789773
0.792764
0.794334
0.795475
0.743815
0.755751
0.766759
0.776377
0.784221
0.79004
0.793223
0.794088
0.794212
0.794621
0.746623
0.758721
0.769895
0.779599
0.787185
0.79188
0.793638
0.793951
0.794096
0.794283
)
;

boundaryField
{
    inlet
    {
        type            zeroGradient;
    }
    outlet
    {
        type            fixedValue;
        value           uniform 0;
    }
    walls
    {
        type            zeroGradient;
    }
    baffle
    {
        type            zeroGradient;
    }
    front
    {
        type            empty;
    }
    back
    {
        type            empty;
    }
}


// ************************************************************************* //
