/*--------------------------------*- C++ -*----------------------------------*\
| =========                 |                                                 |
| \\      /  F ield         | OpenFOAM: The Open Source CFD Toolbox           |
|  \\    /   O peration     | Version:  v2012                                 |
|   \\  /    A nd           | Website:  www.openfoam.com                      |
|    \\/     M anipulation  |                                                 |
\*---------------------------------------------------------------------------*/
FoamFile
{
    version     2.0;
    format      ascii;
    class       volScalarField;
    location    "623";
    object      age;
}
// * * * * * * * * * * * * * * * * * * * * * * * * * * * * * * * * * * * * * //

dimensions      [0 0 1 0 0 0 0];


internalField   nonuniform List<scalar> 
6108
(
0.489384
0.464196
0.439021
0.413858
0.388705
0.363561
0.338426
0.313299
0.288181
0.263071
0.23797
0.212877
0.187794
0.16272
0.137656
0.112602
0.08756
0.0625291
0.0375099
0.0125018
0.487557
0.462536
0.437521
0.41251
0.387502
0.362496
0.337491
0.312488
0.287485
0.262483
0.237482
0.212482
0.187482
0.162483
0.137485
0.112487
0.0874901
0.0624937
0.0374972
0.0124996
0.48708
0.462108
0.437139
0.412172
0.387204
0.362236
0.337267
0.312297
0.287326
0.262353
0.237378
0.212401
0.187422
0.162441
0.137458
0.112472
0.0874834
0.0624919
0.0374973
0.0124997
0.486886
0.461936
0.436988
0.41204
0.38709
0.362138
0.337184
0.312228
0.28727
0.262308
0.237343
0.212376
0.187405
0.16243
0.137452
0.11247
0.0874831
0.0624925
0.0374978
0.0124998
0.4868
0.461863
0.436926
0.411986
0.387045
0.3621
0.337153
0.312203
0.287249
0.262292
0.237332
0.212368
0.1874
0.162427
0.137451
0.112469
0.0874835
0.0624929
0.037498
0.0124999
0.486782
0.461851
0.436918
0.411981
0.387041
0.362098
0.337151
0.312202
0.287248
0.262292
0.237331
0.212367
0.187399
0.162427
0.137451
0.112469
0.0874835
0.0624929
0.037498
0.0124999
0.486833
0.461902
0.436966
0.412025
0.38708
0.362132
0.33718
0.312226
0.287268
0.262307
0.237343
0.212375
0.187404
0.16243
0.137452
0.11247
0.0874831
0.0624924
0.0374978
0.0124998
0.486997
0.462055
0.437104
0.412149
0.387189
0.362226
0.337261
0.312293
0.287323
0.262351
0.237377
0.2124
0.187422
0.162441
0.137458
0.112472
0.0874834
0.0624919
0.0374973
0.0124997
0.487447
0.462467
0.437475
0.41248
0.387482
0.362483
0.337483
0.312482
0.287481
0.262481
0.237481
0.212481
0.187481
0.162482
0.137484
0.112487
0.0874901
0.0624937
0.0374972
0.0124996
0.484797
0.465168
0.438718
0.41388
0.388667
0.363549
0.338415
0.313293
0.288177
0.263069
0.237968
0.212876
0.187793
0.16272
0.137656
0.112602
0.08756
0.0625291
0.0375099
0.0125018
0.590334
0.565059
0.539812
0.514589
0.587759
0.562683
0.537627
0.512586
0.587052
0.562038
0.537042
0.512057
0.586748
0.561765
0.536796
0.511838
0.586596
0.561631
0.53668
0.511737
0.58654
0.561585
0.536643
0.511711
0.586587
0.56163
0.536689
0.511759
0.586827
0.561833
0.536872
0.511932
0.587458
0.562406
0.537397
0.512414
0.63076
0.598732
0.566278
0.533366
10.9804
11.4817
12.0146
13.2115
3.51724
1.96353
1.73932
1.60601
1.51513
1.44387
1.38446
1.33284
1.28675
1.24477
1.20595
1.16962
1.13528
1.10255
1.07115
1.04084
1.01143
0.982759
0.954713
0.92718
0.900074
0.87332
0.846858
0.820635
0.794609
0.768745
0.743013
0.71739
0.691856
0.666395
0.640994
0.615643
10.0869
11.4565
11.7041
7.3729
2.32401
1.82304
1.67644
1.56744
1.488
1.42264
1.36688
1.3177
1.27335
1.23268
1.19488
1.15939
1.12576
1.09365
1.0628
1.03299
1.00405
0.975816
0.948177
0.92103
0.894287
0.867878
0.841743
0.815831
0.790101
0.764518
0.739055
0.713689
0.688399
0.663173
0.637997
0.612861
9.67001
11.1548
8.29588
3.55644
1.96242
1.74289
1.62946
1.53804
1.46694
1.40644
1.35384
1.30684
1.26411
1.22471
1.18795
1.15331
1.12042
1.08894
1.05863
1.0293
1.00076
0.972883
0.945554
0.918676
0.892168
0.865964
0.840009
0.814255
0.788665
0.763207
0.737856
0.71259
0.687392
0.66225
0.637151
0.612087
8.84129
8.42303
4.62942
2.14824
1.84976
1.69684
1.59999
1.51919
1.45336
1.39628
1.34593
1.30053
1.25899
1.22049
1.18442
1.15034
1.11788
1.08675
1.05673
1.02763
0.999282
0.971568
0.944377
0.917617
0.891212
0.865099
0.839223
0.813542
0.788016
0.762617
0.737318
0.7121
0.686946
0.661843
0.636781
0.611752
7.47782
5.72495
2.80941
1.9388
1.79252
1.66952
1.58156
1.50722
1.44481
1.39004
1.34122
1.29688
1.25608
1.21811
1.18243
1.14864
1.1164
1.08545
1.05558
1.0266
0.998367
0.970751
0.943645
0.916962
0.890626
0.864574
0.838753
0.813121
0.78764
0.76228
0.737016
0.71183
0.686704
0.661627
0.636588
0.61158
6.31773
3.92176
2.17143
1.88533
1.76084
1.65218
1.56969
1.49943
1.43931
1.38611
1.3383
1.29463
1.25429
1.21663
1.18118
1.14756
1.11547
1.08466
1.05491
1.02604
0.997902
0.970366
0.943326
0.916695
0.8904
0.864379
0.838583
0.812969
0.787502
0.762155
0.736903
0.711726
0.68661
0.661541
0.636512
0.611513
5.48028
2.98111
2.03078
1.85997
1.74111
1.64079
1.56201
1.4945
1.436
1.38383
1.33659
1.29322
1.25305
1.21554
1.18028
1.14688
1.11502
1.08444
1.0549
1.0262
0.998201
0.97076
0.943776
0.917165
0.890862
0.864812
0.838973
0.813308
0.787789
0.76239
0.73709
0.711873
0.686723
0.661628
0.636579
0.611568
4.83958
2.51664
1.98692
1.84521
1.72812
1.63345
1.55717
1.4913
1.43347
1.38152
1.33444
1.29152
1.25213
1.21559
1.18123
1.14858
1.11731
1.08715
1.05788
1.02933
1.00135
0.973842
0.946714
0.919904
0.893362
0.867051
0.840939
0.815004
0.789224
0.763583
0.738065
0.712655
0.68734
0.66211
0.636954
0.611863
4.37199
2.33175
1.96571
1.83536
1.71969
1.6289
1.55409
1.4892
1.43235
1.38214
1.33752
1.29692
1.25856
1.22129
1.18514
1.15103
1.11867
1.08773
1.05798
1.02919
1.00117
0.973774
0.946893
0.920401
0.89419
0.868171
0.842279
0.816474
0.790737
0.765061
0.739448
0.713902
0.688432
0.663052
0.637768
0.612574
4.04045
2.25171
1.95539
1.82863
1.71458
1.62637
1.55266
1.48918
1.43392
1.3841
1.33627
1.28781
1.23961
1.197
1.16862
1.14421
1.12039
1.09758
1.07557
1.054
1.03332
1.01386
0.995029
0.976185
0.956754
0.936303
0.914536
0.891297
0.866559
0.840409
0.812968
0.784399
0.754867
0.724599
0.693773
0.662471
114.756
120.881
126.703
129.389
147.646
148.685
150.812
153.698
146.094
146.518
148.065
153.76
145.864
146.591
148.643
154.015
145.574
146.266
148.341
153.951
145.318
146.011
148.136
153.779
145.069
145.741
147.843
153.553
144.833
145.484
147.53
153.332
144.607
145.239
147.222
153.113
144.39
145.008
146.945
152.896
144.181
144.79
146.707
152.681
143.98
144.585
146.51
152.472
143.787
144.398
146.341
152.289
143.606
144.23
146.207
152.133
143.442
144.083
146.115
152.007
143.285
143.962
146.07
151.915
143.134
143.876
146.081
151.861
142.985
143.841
146.16
151.849
142.859
143.872
146.326
151.89
142.781
143.997
146.603
151.995
142.781
144.257
147.023
152.18
142.911
144.716
147.625
152.465
143.272
145.462
148.448
152.863
144.026
146.606
149.525
153.367
145.383
148.278
150.893
153.95
147.644
150.639
152.612
154.516
151.187
153.877
154.743
155.184
156.412
158.184
157.353
155.942
163.788
163.793
160.528
156.806
173.747
170.853
164.264
157.874
186.508
179.373
168.509
159.009
202.1
189.25
173.179
160.146
220.177
200.22
178.143
161.255
240.1
211.902
183.233
162.309
260.958
223.804
188.263
163.286
281.747
235.369
193.031
164.165
301.412
246.073
197.351
164.929
318.973
255.464
201.083
165.569
333.691
263.218
204.133
166.084
345.08
269.147
206.455
166.477
352.905
273.188
208.046
166.757
357.157
275.375
208.944
166.932
357.971
275.814
209.163
167.043
355.661
274.657
208.7
167.153
350.557
272.05
207.596
167.262
343.02
268.141
205.922
167.373
333.414
263.068
203.744
167.485
322.087
256.959
201.126
167.6
309.352
249.93
198.13
167.717
295.478
242.08
194.814
167.838
280.691
233.504
191.239
167.964
265.181
224.3
187.475
168.096
249.133
214.605
183.616
168.236
232.796
204.643
179.805
168.388
216.597
194.807
176.254
168.556
201.309
185.735
173.24
168.747
188.029
178.207
171.114
168.973
178.091
173.124
170.079
169.283
172.341
170.83
170.316
170.346
171.934
172.345
173.259
175.449
3.81126
2.20987
1.9513
1.82435
1.71206
1.62572
1.55324
1.49087
1.43474
1.38082
1.32898
1.28715
1.26923
1.28406
1.37147
1.58695
2.02389
2.81214
4.14784
6.27126
9.44211
13.8995
19.7459
26.6952
33.9658
41.392
48.7893
56.0502
63.1244
70.0305
76.7744
83.3838
89.8877
96.363
102.778
108.94
3.65416
2.18677
1.95079
1.82232
1.71183
1.6271
1.55564
1.49262
1.43287
1.37662
1.33732
1.33303
1.43312
1.77027
2.54131
4.21863
7.83628
14.9871
25.8848
39.7193
55.4579
71.7228
87.1492
100.708
112.041
121.547
129.096
134.578
138.738
141.759
143.973
145.509
146.467
146.908
146.975
147.186
3.54594
2.17455
1.95265
1.82251
1.71383
1.63033
1.55832
1.491
1.42562
1.37745
1.37033
1.52236
2.04782
3.53819
7.83521
17.552
33.5232
54.5111
77.0923
98.8318
117.766
132.658
143.309
150.2
154.104
155.777
155.876
155.033
153.802
152.183
150.206
148.301
146.869
146.151
145.936
145.91
3.46875
2.169
1.95626
1.82477
1.71783
1.63459
1.55958
1.48631
1.42094
1.39579
1.47898
1.9209
4.16864
11.4695
26.92
50.5597
78.756
107.21
131.875
151.082
164.676
173.579
179.015
181.94
182.9
182.065
179.568
175.567
170.416
164.527
158.427
152.817
148.572
146.386
145.743
145.661
3.41204
2.16789
1.96137
1.82898
1.7234
1.63896
1.55912
1.48208
1.42873
1.44007
1.61926
3.86423
12.6211
31.5947
60.4124
94.677
127.986
155.975
177.133
192.284
202.808
209.709
213.357
213.843
211.43
206.722
200.231
192.394
183.633
174.391
165.207
156.816
150.232
146.57
145.572
145.393
3.3698
2.17
1.96785
1.83495
1.7301
1.64279
1.55719
1.48099
1.45484
1.55397
2.54054
10.497
30.1087
61.7616
100.736
139.422
172.097
197.236
215.894
229.364
238.092
242.146
241.949
238.441
232.405
224.426
214.988
204.504
193.354
181.941
170.747
160.447
152.052
146.9
145.397
145.158
3.33839
2.17459
1.97564
1.84247
1.73738
1.64577
1.55612
1.4917
1.49459
1.66303
6.17886
23.4843
54.8217
96.7517
140.872
179.618
210.296
233.794
251.194
262.54
267.859
268.031
264.403
257.852
249.148
238.837
227.315
214.916
201.967
188.846
176.015
164.104
154.095
147.437
145.25
144.936
3.31539
2.1812
1.98468
1.85127
1.74501
1.64864
1.55787
1.51071
1.57353
2.52563
13.772
41.6697
83.3706
131.812
177.336
214.874
244.482
267.241
282.953
291.367
293.419
290.606
284.117
275.021
264.088
251.826
238.559
224.538
210.038
195.412
181.117
167.763
156.273
148.157
145.126
144.73
3.29912
2.18951
1.99489
1.86114
1.7527
1.65161
1.56669
1.54385
1.65139
5.26194
25.3118
62.994
112.549
164.245
209.563
246.471
276.099
298.417
312.549
318.759
318.305
312.681
303.365
291.642
278.399
264.161
249.192
233.645
217.702
201.67
186.003
171.316
158.484
148.988
145.016
144.533
3.28835
2.19929
2.00619
1.87184
1.76063
1.65679
1.58163
1.5774
1.72104
10.1725
39.3921
85.3976
140.23
193.204
238.297
275.772
306.48
329.246
342.932
347.729
344.831
336.102
323.487
308.625
292.644
276.152
259.354
242.261
224.916
207.537
190.561
174.618
160.577
149.846
144.913
144.344
3.28214
2.21035
2.01846
1.8833
1.76926
1.66441
1.59888
1.63376
2.3466
17.2643
54.7143
107.315
165.403
218.885
264.593
304.108
337.41
362.209
376.567
380.185
374.545
362.072
345.334
326.52
307.139
287.941
269.064
250.335
231.588
212.904
194.673
177.545
162.412
150.623
144.806
144.158
3.27978
2.22255
2.03163
1.89544
1.77879
1.67509
1.62394
1.67992
3.88474
25.873
70.2121
127.797
187.839
241.9
289.506
332.865
370.751
399.214
414.928
417.337
408.43
391.329
369.418
345.642
322.036
299.562
278.285
257.781
237.611
217.654
198.226
179.987
163.873
151.209
144.684
143.971
3.28066
2.23577
2.0456
1.9083
1.78951
1.6884
1.65145
1.72271
6.26306
35.0797
85.142
146.399
207.722
262.939
313.999
363.287
407.823
441.209
458.674
459.725
446.897
424.164
395.919
366.066
337.329
310.958
286.928
264.502
242.881
221.682
201.117
181.847
164.864
151.506
144.534
143.78
3.28428
2.24989
2.06032
1.92183
1.80128
1.70563
1.6797
1.76576
9.32631
44.3019
99.0317
162.973
225.355
282.593
338.819
396.168
449.114
488.286
507.744
507.187
489.745
460.375
424.636
387.594
352.832
321.966
294.86
270.382
247.292
224.888
203.25
183.041
165.31
151.446
144.346
143.585
3.29027
2.26482
2.07571
1.93604
1.81433
1.72541
1.70889
1.80897
12.8814
53.1423
111.62
177.541
241.033
301.273
364.366
431.663
494.296
539.782
561.318
558.832
536.134
499.227
454.959
409.735
368.171
332.319
301.897
275.292
250.742
227.179
204.541
183.494
165.153
151.006
144.092
143.387
3.29831
2.28047
2.09171
1.95098
1.82893
1.74478
1.73571
1.85068
16.7184
61.3511
122.815
190.242
255.047
319.237
390.677
469.325
542.374
594.372
617.873
613.107
584.628
539.486
485.883
431.715
382.791
341.652
307.816
279.094
253.131
228.47
204.913
183.144
164.365
150.169
143.774
143.189
3.30815
2.29677
2.1083
1.96669
1.84476
1.76373
1.77301
2.09301
20.7107
68.7902
132.633
201.264
267.65
336.624
417.517
508.296
591.917
650.239
675.36
667.951
633.341
579.523
516.086
452.533
396
349.535
312.371
281.646
254.364
228.685
204.304
181.947
162.911
148.96
143.431
142.991
3.31955
2.31365
2.12542
1.98311
1.86161
1.78548
1.80643
2.47592
24.505
75.4043
141.146
210.795
279.035
353.453
444.484
547.542
641.308
705.302
731.413
721.007
680.15
617.491
544.057
471.061
407.043
355.52
315.321
282.819
254.358
227.763
202.663
179.862
160.796
147.475
143.119
142.796
3.33232
2.33106
2.14303
2.0002
1.87943
1.80865
1.83576
2.94354
27.9708
81.1921
148.454
219.012
289.34
369.657
471.106
586.038
688.943
757.428
783.58
769.857
722.925
651.52
568.257
486.16
415.19
359.202
316.467
282.512
253.05
225.654
199.946
176.878
158.065
145.935
142.882
142.606
3.34628
2.34893
2.1611
2.01791
1.8981
1.83235
1.86374
3.44986
31.0583
86.1866
154.67
226.068
298.647
385.094
496.844
622.768
733.313
804.629
829.596
812.316
759.751
679.908
587.273
496.819
419.83
360.273
315.666
280.66
250.419
222.321
196.133
173.017
154.823
144.474
142.608
142.431
3.36128
2.36722
2.17958
2.03619
1.9175
1.85622
1.89135
3.95841
33.752
90.4369
159.904
232.088
306.998
399.575
521.155
656.852
773.192
845.303
867.791
846.793
789.119
701.26
599.961
502.268
420.555
358.552
312.88
277.293
246.441
217.734
191.225
168.347
151.261
143.262
142.317
142.315
3.37719
2.38588
2.19845
2.055
1.93752
1.88016
1.91875
4.44154
36.054
93.9977
164.259
237.177
314.408
412.899
543.533
687.393
807.324
878.627
897.357
872.541
810.033
714.577
605.55
502.069
417.189
354.062
308.218
272.441
241.105
211.885
185.265
163.009
147.717
142.457
142.096
142.231
3.3939
2.40488
2.21766
2.07429
1.95805
1.90414
1.94595
4.8802
37.9794
96.9268
167.826
241.421
320.872
424.858
563.497
714.077
837.005
903.867
917.052
889.571
822.004
719.308
603.717
496.161
409.833
347.044
301.842
266.165
234.413
204.794
178.357
157.259
144.841
142.135
141.932
142.196
3.41132
2.42418
2.23719
2.094
1.97902
1.92815
1.97297
5.2621
39.5503
99.2823
170.687
244.89
326.376
435.262
580.704
736.462
859.431
915.613
924.424
898.247
824.951
715.416
594.582
484.709
398.944
337.897
293.975
258.53
226.376
196.526
170.696
151.541
142.812
141.823
141.856
142.374
3.42936
2.44376
2.257
2.1141
2.00036
1.95217
1.9998
5.58039
40.7924
101.119
172.915
247.642
330.905
443.954
594.859
754.071
874.846
920.008
922.808
899.197
819.216
703.117
578.407
468.446
385.246
327.124
284.84
249.586
217.029
187.225
162.626
146.587
141.783
141.639
141.856
143.005
3.44794
2.46357
2.27708
2.13455
2.02201
1.97621
2.02645
5.8324
41.7322
102.487
174.572
249.728
334.451
450.81
605.731
766.691
883.968
921.439
921.715
893.332
804.865
682.772
556.126
448.424
369.631
315.239
274.61
239.364
206.457
177.16
154.712
143.208
141.554
141.584
142.226
144.465
3.467
2.4836
2.29739
2.1553
2.04394
2.00026
2.05294
6.01859
42.3965
103.434
175.713
251.193
337.012
455.75
613.165
774.173
887.679
922.283
919.889
880.446
782.238
655.381
529.01
425.935
353.029
302.667
263.375
227.896
194.845
166.793
147.828
141.47
141.407
141.683
143.613
147.325
3.48651
2.50384
2.31791
2.17634
2.06611
2.02431
2.07926
6.14187
42.8108
103.999
176.387
252.076
338.6
458.737
617.07
776.671
886.107
923.633
914.791
859.154
752.108
622.288
498.617
402.375
336.268
289.663
251.145
215.266
182.54
156.858
143.341
141.268
141.4
142.774
146.897
152.203
3.5064
2.52426
2.33863
2.19762
2.0885
2.04838
2.10543
6.20509
43.0007
104.222
176.638
252.419
339.233
459.768
617.625
774.307
878.883
917.713
900.398
829.232
715.82
585.088
466.663
379.069
319.925
276.284
237.899
201.679
170.123
148.463
141.148
141.176
141.953
145.926
152.921
159.84
3.52662
2.54484
2.35954
2.21913
2.11107
2.07247
2.13141
6.22875
42.9838
104.132
176.487
252.243
338.98
459.013
614.921
767.156
865.85
901.544
872.128
792.487
675.077
545.491
434.894
357.086
304.241
262.428
223.675
187.538
158.485
143.2
140.952
141.429
144.578
152.75
163.059
171.106
3.54713
2.56558
2.38061
2.24085
2.1338
2.09656
2.15713
6.22791
42.7733
103.759
175.966
251.577
337.908
456.599
609.162
755.546
848.193
869.559
837.599
752.475
631.232
505.307
404.924
337.065
289.113
247.939
208.662
173.502
148.905
140.779
141.019
142.936
150.938
164.546
178.324
186.583
3.5679
2.58645
2.40184
2.26274
2.15669
2.12068
2.18263
6.20687
42.3898
103.131
175.106
250.46
336.082
452.673
600.643
739.887
827.518
844.435
801.916
708.516
585.596
466.533
377.989
319.117
274.207
232.755
193.279
160.531
143.04
140.645
141.679
147.911
163.3
183.142
199.754
206.678
3.58893
2.60745
2.42318
2.28479
2.17972
2.14481
2.20792
6.16873
41.8554
102.274
173.941
248.931
333.575
447.407
589.734
720.765
801.781
812.671
759.98
662.129
540.431
430.923
354.704
302.882
259.146
217.027
178.194
149.914
140.367
140.834
144.425
158.681
183.127
209.361
227.536
231.172
3.60997
2.62877
2.44461
2.30698
2.20298
2.16897
2.23303
6.11645
41.1918
101.216
172.502
247.029
330.466
440.993
576.86
698.997
770.517
772.016
715.598
615.755
497.36
399.693
335.057
287.716
243.715
201.169
164.311
143.345
140.199
141.835
151.995
177.483
211.795
243.495
261.23
259.307
3.63103
2.65041
2.46612
2.3293
2.22636
2.19316
2.258
6.05281
40.4201
99.98
170.82
244.798
326.839
433.643
562.477
675.417
737.063
731.461
672.571
570.353
457.815
373.599
318.465
272.944
227.998
185.815
152.752
140.01
140.255
145.354
166.769
204.991
248.953
284.424
299.387
289.759
3.6521
2.67233
2.48771
2.35173
2.24985
2.21738
2.28285
5.98038
39.5603
98.5911
168.927
242.279
322.781
425.572
547.047
650.82
703.076
692.387
630.817
526.681
423.279
352.686
303.952
258.136
212.399
171.715
144.911
139.25
141.311
154.501
190.18
241.214
293.266
330.111
340.026
321.008
3.67319
2.6945
2.50936
2.37427
2.27342
2.24164
2.3076
5.90153
38.6317
97.073
166.852
239.517
318.377
416.991
531.02
625.944
669.631
655.78
590.461
485.981
394.8
336.231
290.524
243.272
197.52
159.6
140.218
139.149
144.566
170.34
221.089
284.02
341.913
377.633
380.469
351.229
3.6943
2.71688
2.53109
2.3969
2.29707
2.26594
2.33228
5.81842
37.652
95.4488
164.626
236.553
313.712
408.103
514.805
601.429
637.61
622.026
551.421
449.65
372.693
323.018
277.524
228.711
183.984
150.023
138.104
139.794
152.306
193.603
258.481
330.604
391.442
423.779
418.365
378.793
3.71543
2.73943
2.55288
2.41961
2.32079
2.29028
2.35692
5.73298
36.6379
93.7417
162.279
233.431
308.868
399.093
498.767
577.805
607.871
590.949
513.884
419.091
356.412
311.763
264.802
215.009
172.273
143.72
137.82
141.617
165.123
222.149
298.757
376.961
438.194
465.628
451.662
402.379
3.73659
2.76214
2.57473
2.4424
2.34459
2.31468
2.38154
5.64692
35.605
91.974
159.842
230.194
303.924
390.131
483.228
555.484
581.272
561.849
478.57
395.276
344.704
301.55
252.662
202.701
162.673
139.858
137.734
145.252
182.937
253.611
338.266
419.496
479.053
500.855
478.735
421.009
3.75777
2.78496
2.59663
2.46527
2.36845
2.33912
2.40616
5.56175
34.5672
90.1678
157.345
226.886
298.955
381.373
468.477
534.789
558.539
533.704
446.845
378.362
336.045
292.07
241.633
192.166
155.191
137.634
137.704
151.759
204.128
284.54
373.403
455.269
511.201
527.653
498.693
434.141
3.77898
2.80789
2.61859
2.48819
2.39237
2.36362
2.4308
5.47876
33.5375
88.3446
154.818
223.551
294.036
372.964
454.768
515.983
540.057
505.639
420.543
367.538
329.194
283.571
232.228
183.595
149.674
136.558
138.01
161.175
225.32
311.432
401.57
482.195
531.19
540.124
509.953
441.577
3.80022
2.83088
2.6406
2.51116
2.41634
2.38817
2.45548
5.39906
32.5273
86.5253
152.29
220.231
289.238
365.031
442.305
499.3
525.635
477.502
401.325
361.242
323.602
276.597
224.831
177.062
145.925
136.197
138.699
171.353
243.417
332.059
421.167
498.8
541.17
547.019
513.747
443.333
3.82149
2.85392
2.66266
2.53418
2.44037
2.41277
2.48023
5.32354
31.5466
84.7296
149.79
216.969
284.628
357.678
431.232
484.944
514.47
450.303
389.702
357.73
319.417
271.687
219.701
172.583
143.627
136.122
139.499
180.699
256.915
345.189
431.378
504.649
543.26
544.973
510.183
439.887
3.84279
2.87699
2.68475
2.55723
2.46444
2.43744
2.50505
5.25294
30.6041
82.9757
147.346
213.806
280.263
350.986
421.624
473.146
504.307
426.325
384.55
355.861
317.105
269.189
217.029
170.17
142.39
136.048
140.194
187.211
264.253
350.308
432.177
499.926
537.601
536.913
499.879
431.811
3.86411
2.90006
2.70688
2.58032
2.48855
2.46215
2.52996
5.18781
29.7067
81.2801
144.983
210.776
276.191
345.012
413.51
464.021
495.023
408.868
383.497
355.447
317.053
269.308
216.999
169.877
142.012
135.981
140.53
189.309
265.04
347.591
424.048
485.802
520.938
520.227
483.759
419.776
3.88546
2.92311
2.72904
2.60343
2.5127
2.48693
2.55497
5.12856
28.8602
79.6571
142.723
207.911
272.453
339.791
406.888
457.442
488.886
399.639
384.156
356.89
319.456
272.248
219.843
171.859
142.456
135.922
140.247
186.437
259.458
337.732
408.495
464.756
496.574
496.249
463.01
404.491
3.90683
2.94613
2.75123
2.62656
2.53688
2.51176
2.58009
5.07544
28.0684
78.1186
140.585
205.239
269.081
335.347
401.738
453.44
477.063
397.277
386.132
360.41
324.365
278.149
225.831
176.498
143.961
135.868
138.766
179.543
248.301
321.866
386.897
437.872
467.032
467.65
438.819
386.658
3.92823
2.96909
2.77344
2.6497
2.5611
2.53664
2.60534
5.02859
27.3344
76.6744
138.585
202.781
266.099
331.69
398.059
451.55
458.369
398.949
389.757
365.914
331.744
287.046
235.161
184.274
147.402
135.818
136.647
169.373
232.394
301.163
360.944
407.088
434.144
436.212
412.263
366.929
3.94966
2.992
2.79568
2.67286
2.58524
2.56157
2.63071
4.98803
26.6595
75.3319
136.735
200.555
263.524
328.822
395.748
451.327
439.759
402.104
394.878
373.305
341.462
298.865
247.963
195.583
153.742
136.165
134.65
157.459
212.915
276.828
332.184
374.049
399.467
403.269
384.286
345.878
3.9711
3.01482
2.81792
2.69601
2.60927
2.58655
2.65621
4.95369
26.0444
74.0962
135.046
198.575
261.368
326.742
395.136
450.206
427.033
407.109
401.385
382.405
353.286
313.379
264.228
211.03
164.121
138.121
133.638
146.208
191.361
249.976
301.941
340.215
364.269
369.899
355.684
323.989
3.99256
3.03756
2.84018
2.71917
2.63326
2.61156
2.68185
4.92544
25.4885
72.9707
133.524
196.849
259.637
325.426
396.225
447.768
419.978
413.758
409.166
392.993
366.906
330.216
283.675
230.838
179.847
143.966
133.564
137.697
169.723
221.702
271.16
306.818
329.547
336.968
327.091
301.652
4.01404
3.06021
2.86244
2.74233
2.65723
2.63662
2.70762
4.90308
24.9908
71.9568
132.173
195.384
258.331
324.921
398.586
444.391
419.909
420.925
418.12
404.829
381.964
348.887
305.753
254.632
201.256
156.331
134.5
132.625
150.556
193.333
240.355
274.835
296.11
305.093
299.003
279.183
4.03554
3.08275
2.88471
2.76548
2.68119
2.66171
2.73353
4.88635
24.5495
71.0541
130.994
194.18
257.446
325.282
401.794
441.315
421.729
428.912
428.053
417.694
398.121
368.866
329.744
281.677
228.186
177.203
141.597
131.223
137.132
166.832
209.81
244.805
264.854
274.669
271.846
256.885
4.05704
3.10518
2.90699
2.78862
2.70514
2.68684
2.75957
4.87496
24.1621
70.261
129.988
193.235
256.972
326.549
405.49
438.721
424.901
437.675
438.834
431.406
415.104
389.696
354.895
310.911
259.454
205.443
158.532
133.242
130.21
145.086
180.22
216.413
236.95
246.224
246.099
235.174
4.07856
3.12751
2.92926
2.81176
2.72907
2.712
2.78574
4.86861
23.8261
69.5745
129.15
192.545
256.897
328.675
409.334
436.809
430.298
446.999
450.364
445.828
432.719
411.037
380.552
341.176
293.489
240.096
187.326
145.887
128.883
131.629
153.656
188.502
212.961
221.232
222.433
214.846
4.10009
3.14972
2.95152
2.83488
2.753
2.7372
2.81203
4.86695
23.5383
68.9907
128.476
192.103
257.218
331.778
413.427
435.969
437.209
456.795
462.537
460.846
450.835
432.694
406.307
371.58
328.536
278.081
223.605
172.803
137.611
126.837
134.032
160.915
190.687
201.859
201.98
197.19
4.12162
3.17182
2.97379
2.85799
2.77688
2.76242
2.83845
4.86964
23.2957
68.5049
127.961
191.895
257.946
335.736
416.691
436.656
445.149
467.016
475.246
476.345
469.344
454.562
431.967
401.577
363.377
317.538
265.183
210.115
161.004
131.781
125.727
137.149
165.991
187.379
186.741
183.689
4.14314
3.1938
2.99605
2.8811
2.80096
2.78768
2.86497
4.8763
23.0945
68.111
127.595
191.904
259.094
340.335
419.543
438.606
453.799
477.618
488.381
492.191
488.111
476.547
457.501
431.034
397.215
356.188
308.335
254.922
199.779
151.886
126.616
124.009
139.741
169.319
179.057
174.941
4.16494
3.21582
3.0183
2.90419
2.82505
2.81297
2.8917
4.88669
22.9326
67.806
127.376
192.123
260.686
345.366
422.274
441.762
462.961
488.547
501.808
508.217
506.957
498.473
482.813
460.024
430.155
393.361
350.001
300.738
246.988
192.394
145.49
121.866
120.934
142.096
173.084
172.523
4.182
3.23458
3.03815
2.92478
2.8467
2.83555
2.91314
4.89756
22.8148
67.5949
127.282
192.463
262.429
350.015
424.67
445.383
471.384
498.462
513.902
522.545
523.701
517.819
505.02
485.361
458.85
425.547
385.716
339.972
289.385
235.759
182.647
137.74
115.881
117.663
144.619
172.325
4.19887
3.25154
3.0556
2.94288
2.86629
2.85543
2.93409
4.90969
22.7329
67.4597
127.283
192.883
264.239
354.158
426.934
449.195
478.949
507.297
524.599
535.128
538.305
534.574
524.111
507.011
483.299
452.976
416.149
373.221
325.1
273.39
220.537
170.388
129.826
111.049
117.377
152.736
4.21553
3.26846
3.07304
2.96097
2.8855
2.87532
2.95509
4.92338
22.6683
67.3659
127.354
193.405
266.277
358.273
429.362
453.489
486.602
516.195
535.31
547.664
552.784
551.096
542.804
528.061
506.927
479.41
445.533
405.503
359.93
310.046
257.865
206.355
159.698
123.748
105.802
102.554
102.457
101.936
101.965
102.157
110.511
104.055
101.681
101.111
128.539
111.2
102.893
100.932
151.215
122.902
105.69
100.832
174.413
136.77
110.177
100.755
196.074
150.626
115.482
100.69
215.542
163.697
120.966
100.632
232.679
175.502
126.287
100.58
247.667
185.945
131.252
100.532
260.764
195.094
135.783
100.486
272.231
203.084
139.868
100.442
282.302
210.062
143.527
100.4
291.178
216.17
146.795
100.359
299.028
221.531
149.711
100.319
305.989
226.251
152.314
100.28
312.177
230.416
154.639
100.242
317.685
234.1
156.717
100.204
322.592
237.362
158.572
100.167
326.963
240.253
160.229
100.13
330.851
242.813
161.706
100.093
334.303
245.075
163.018
100.057
337.356
247.068
164.179
100.021
340.037
248.811
165.197
99.9856
342.365
250.319
166.08
99.9503
344.349
251.598
166.83
99.9155
345.991
252.653
167.447
99.8809
347.286
253.48
167.93
99.8466
348.224
254.077
168.274
99.8123
348.789
254.433
168.475
99.7769
348.964
254.539
168.526
99.7414
348.729
254.381
168.429
99.7054
348.062
253.94
168.2
99.6386
346.934
253.198
167.827
99.5401
345.31
252.132
167.297
99.4058
343.151
250.718
166.6
99.234
340.412
248.928
165.722
99.0216
337.041
246.732
164.649
98.765
332.981
244.093
163.364
98.4602
328.169
240.975
161.849
98.103
322.539
237.337
160.086
97.6888
316.021
233.139
158.054
97.2124
308.548
228.345
155.733
96.6683
300.052
222.916
153.1
96.0489
290.458
216.811
150.137
95.3418
279.701
209.999
146.825
94.545
267.728
202.455
143.149
93.6512
254.505
194.165
139.092
92.6519
240.01
185.104
134.626
91.5348
224.214
175.226
129.713
90.2838
207.102
164.486
124.316
88.8786
188.707
152.845
118.382
87.2805
169.123
140.268
111.821
85.4065
148.497
126.735
104.537
83.1245
127.056
112.269
96.4422
80.332
105.14
96.9478
87.5113
77.2102
83.2249
80.8878
77.7519
74.01
61.9244
64.2101
66.9705
70.222
42.573
47.7068
55.0277
65.8075
26.2775
32.2416
41.5375
59.0527
13.4619
18.5219
26.9716
53.1113
4.23676
3.28846
3.09288
2.98154
2.90629
2.89796
2.98146
4.94215
22.6157
67.3097
127.521
194.134
268.878
362.978
432.375
458.919
495.389
526.388
547.498
561.849
569.079
569.588
563.573
551.253
532.749
508.111
477.334
440.505
398.011
350.706
300.046
248.267
198.624
155.441
123.442
106.857
4.25824
3.31024
3.11511
3.0046
2.93016
2.92336
3.00854
4.9638
22.5768
67.2982
127.789
195.089
272.072
368.236
435.948
465.481
505.245
537.808
561.08
577.608
587.131
589.983
586.327
576.44
560.524
538.716
511.047
477.542
438.404
394.172
345.889
295.204
244.489
196.898
156.186
126.421
4.27965
3.33191
3.13733
3.02765
2.95423
2.94877
3.03558
4.98685
22.5556
67.3335
128.13
196.177
275.51
373.43
439.718
472.415
515.045
549.167
574.538
593.199
604.961
610.058
608.591
600.827
587.061
567.556
542.468
511.864
475.812
434.56
388.799
339.815
289.462
240.053
194.402
156.137
4.30103
3.35356
3.15955
3.0507
2.97833
2.97419
3.06264
5.01099
22.5484
67.4068
128.531
197.385
279.137
378.518
443.677
479.602
524.733
560.41
587.836
608.637
622.659
629.991
630.609
624.725
612.715
594.982
571.874
543.597
510.179
471.634
428.272
380.968
331.22
280.963
232.433
188.305
4.3224
3.37519
3.18176
3.07375
3.00246
2.99963
3.08972
5.03579
22.5508
67.5085
128.978
198.694
282.896
383.467
447.803
486.928
534.253
571.485
600.952
623.944
640.299
649.904
652.57
648.405
637.831
621.381
599.633
572.995
541.579
505.289
464.099
418.407
369.259
318.283
267.433
218.79
4.34376
3.39682
3.20398
3.09681
3.02659
3.02508
3.11681
5.06084
22.5586
67.6281
129.454
200.082
286.723
388.252
452.061
494.286
543.552
582.344
613.868
639.141
657.942
669.918
674.671
672.16
662.791
647.221
626.248
600.528
570.365
535.691
496.258
452.008
403.447
351.795
298.796
246.304
4.36513
3.41846
3.2262
3.11988
3.05073
3.05053
3.1439
5.08572
22.5676
67.7551
129.945
201.524
290.557
392.848
456.404
501.58
552.578
592.945
626.565
654.236
675.636
690.139
697.087
696.243
687.94
672.933
652.213
626.721
597.034
563.238
524.999
481.895
433.872
381.623
326.607
270.652
4.38651
3.44011
3.24844
3.14295
3.07488
3.07599
3.17096
5.10999
22.5732
67.8783
130.435
202.99
294.337
397.236
460.78
508.724
561.286
603.247
639.023
669.231
693.418
710.652
719.963
720.863
713.56
698.87
677.958
652.066
622.11
588.425
550.731
508.364
460.762
408.015
351.179
292.061
4.40792
3.46177
3.27069
3.16605
3.09905
3.10145
3.19798
5.13319
22.5708
67.9866
130.906
204.448
298.004
401.395
465.13
515.642
569.633
613.213
651.218
684.12
711.305
731.508
743.393
746.167
739.857
725.297
703.813
676.97
646.061
611.752
573.929
531.822
484.444
431.273
372.85
310.872
4.42936
3.48346
3.29296
3.18916
3.12323
3.12687
3.22494
5.15489
22.5555
68.0681
131.341
205.865
301.504
405.304
469.394
522.266
577.581
622.809
663.122
698.881
729.292
752.724
767.428
772.248
766.968
752.391
730.009
701.728
669.258
633.653
595.055
552.702
505.295
451.728
391.946
327.418
4.45085
3.50517
3.31526
3.2123
3.14743
3.15249
3.25183
5.17464
22.5229
68.1114
131.723
207.203
304.784
408.939
473.513
528.541
585.099
632.003
674.704
713.478
747.343
774.279
792.076
799.146
794.966
780.256
756.685
726.531
691.963
654.467
614.503
571.416
523.698
469.714
408.773
341.997
4.47235
3.52697
3.33757
3.23546
3.17166
3.17817
3.27863
5.19202
22.4682
68.1046
132.034
208.426
307.795
412.281
477.433
534.423
592.161
640.763
685.922
727.858
765.396
796.115
817.299
826.851
823.867
808.928
783.902
751.481
714.339
674.435
632.589
588.32
540.006
485.55
423.612
354.871
4.49386
3.54887
3.35992
3.25866
3.19591
3.20387
3.30531
5.20663
22.3869
68.0367
132.255
209.498
310.499
415.311
481.107
539.875
598.742
649.055
696.725
741.944
783.356
818.138
843.024
855.316
853.636
838.391
811.659
776.603
736.465
693.711
649.547
603.705
554.526
499.523
436.715
366.263
4.51537
3.57091
3.3823
3.2819
3.2202
3.22955
3.33187
5.21807
22.2746
67.8978
132.367
210.382
312.856
418.009
484.491
544.867
604.819
656.842
707.051
755.642
801.102
840.215
869.126
884.435
884.193
868.575
839.895
801.861
758.352
712.378
665.538
617.8
567.518
511.886
448.304
376.364
4.53689
3.59311
3.40471
3.30519
3.24452
3.25519
3.35828
5.22601
22.1273
67.6773
132.355
211.047
314.833
420.356
487.545
549.372
610.368
664.08
716.825
768.837
818.478
862.167
895.424
914.048
915.399
899.355
868.496
827.165
779.957
730.459
680.665
630.776
579.192
522.851
458.568
385.336
4.55843
3.61548
3.42717
3.32852
3.26887
3.2808
3.38452
5.23012
21.9411
67.3649
132.198
211.459
316.398
422.332
490.234
553.366
615.361
670.721
725.962
781.395
835.3
883.767
921.674
943.929
947.052
930.544
897.289
852.37
801.188
747.931
694.983
642.756
589.716
532.597
467.669
393.314
4.57997
3.63804
3.44968
3.3519
3.29327
3.30636
3.41058
5.23012
21.7127
66.9508
131.877
211.594
317.52
423.917
492.525
556.825
619.771
676.714
734.371
793.165
851.35
904.737
947.568
973.773
978.875
961.888
926.039
877.28
821.911
764.735
708.508
653.825
599.222
541.271
475.745
400.414
4.60154
3.66081
3.47224
3.37535
3.31771
3.33187
3.43645
5.22579
21.4387
66.4255
131.375
211.425
318.169
425.09
494.389
559.727
623.57
682.002
741.951
803.986
866.387
924.756
972.726
1003.19
1010.5
993.045
954.433
901.64
841.95
780.776
721.225
664.036
607.808
548.993
482.911
406.731
4.62312
3.68383
3.49487
3.39886
3.34221
3.35733
3.46209
5.21693
21.1167
65.7799
130.676
210.944
318.289
425.832
495.798
562.051
626.727
686.53
748.601
813.686
880.149
943.455
996.694
1031.69
1041.46
1023.57
982.083
925.137
861.087
795.932
733.093
673.418
615.553
555.861
489.261
412.347
4.64473
3.70711
3.51756
3.42244
3.36676
3.38274
3.48751
5.20344
20.7443
65.0054
129.764
210.131
317.86
426.1
496.724
563.775
629.211
690.243
754.224
822.101
892.372
960.456
1018.99
1058.71
1071.17
1052.94
1008.54
947.426
879.092
810.071
744.063
681.986
622.517
561.959
494.881
417.332
4.66637
3.73068
3.54033
3.4461
3.39136
3.40811
3.51269
5.18525
20.3199
64.094
128.625
208.967
316.873
425.837
497.143
564.876
630.995
693.092
758.733
829.082
902.819
975.404
1039.13
1083.69
1099.03
1080.64
1033.42
968.243
895.81
823.12
754.118
689.765
628.758
567.361
499.843
421.746
4.68804
3.75456
3.56319
3.46985
3.41604
3.43342
3.53761
5.16231
19.8422
63.0378
127.242
207.429
315.303
424.96
497.075
565.333
632.054
695.037
762.058
834.509
911.288
987.98
1056.65
1106.04
1124.44
1106.15
1056.39
987.395
911.152
835.058
763.277
696.801
634.337
572.136
504.211
425.64
4.70976
3.77879
3.58615
3.49369
3.44079
3.45867
3.56227
5.13466
19.3106
61.8308
125.603
205.497
313.12
423.418
496.501
565.129
632.368
696.045
764.145
838.286
917.607
997.893
1071.13
1125.2
1146.62
1128.74
1077.01
1004.6
924.947
845.803
771.515
703.109
639.297
576.338
508.038
429.053
4.73152
3.80339
3.60921
3.51763
3.46561
3.48388
3.58664
5.1024
18.725
60.4622
123.692
203.151
310.293
421.166
495.389
564.251
631.894
696.105
764.954
840.339
921.635
1004.87
1082.07
1140.05
1163.21
1147.12
1094.67
1019.43
936.915
855.178
778.737
708.647
643.638
579.992
511.352
432.013
4.75334
3.82841
3.63239
3.54167
3.49053
3.50903
3.61073
5.06569
18.0906
58.9251
121.497
200.371
306.788
418.15
493.696
562.679
630.598
695.199
764.457
840.603
923.243
1008.68
1089.02
1150
1174.3
1160.51
1108.65
1031.42
946.729
862.972
784.814
713.349
647.335
583.1
514.168
434.531
4.77521
3.85389
3.6557
3.56583
3.51553
3.53412
3.63452
5.02467
17.4106
57.2122
119.002
197.132
302.57
414.308
491.365
560.392
628.441
693.293
762.622
839.034
922.325
1009.05
1091.55
1155.07
1181.01
1168.82
1118.25
1040.07
954.057
868.967
789.61
717.14
650.355
585.652
516.488
436.612
4.79715
3.87985
3.67916
3.59012
3.54065
3.55916
3.65801
4.97962
16.6885
55.3172
116.189
193.412
297.604
409.573
488.326
557.358
625.38
690.341
759.406
835.575
918.805
1005.85
1089.34
1154.68
1184.82
1172.04
1122.85
1044.92
958.591
872.955
792.993
719.937
652.654
587.629
518.301
438.249
4.81917
3.90635
3.70278
3.61454
3.56587
3.58414
3.68119
4.93092
15.9289
53.2379
113.047
189.192
291.857
403.872
484.492
553.545
621.367
686.285
754.761
830.159
912.592
998.99
1082.25
1148.3
1181.1
1169.92
1121.96
1045.58
960.064
874.756
794.837
721.661
654.185
589.006
519.593
439.429
4.84128
3.93343
3.72658
3.6391
3.59123
3.60906
3.70407
4.87905
15.1382
50.9754
109.565
184.457
285.305
397.128
479.765
548.914
616.362
681.072
748.654
822.75
903.646
988.412
1070.23
1135.77
1170.28
1162.57
1115.08
1041.74
958.265
874.222
795.037
722.236
654.901
589.753
520.344
440.134
4.86348
3.96115
3.75058
3.66382
3.61672
3.63393
3.72666
4.8246
14.3234
48.5337
105.734
179.193
277.925
389.266
474.026
543.416
610.331
674.657
741.079
813.379
892.032
974.242
1053.5
1117.4
1151.83
1145.71
1102
1033.42
953.085
871.243
793.511
721.598
654.752
589.839
520.527
440.341
4.88579
3.98956
3.7748
3.6887
3.64237
3.65875
3.74897
4.76824
13.4928
45.9207
101.549
173.391
269.705
380.213
467.145
536.992
603.25
667.008
732.051
802.126
877.911
956.771
1032.53
1093.86
1127.51
1123.87
1084.79
1020.82
944.545
865.796
790.211
719.692
653.692
589.23
520.12
440.029
4.90822
4.01874
3.79926
3.71376
3.66818
3.68352
3.77101
4.71068
12.6551
43.1487
97.0072
167.044
260.638
369.902
458.975
529.561
595.098
658.099
721.596
789.104
861.506
936.376
1007.93
1065.97
1098.5
1097.1
1062.68
1004.15
932.787
857.911
785.117
716.479
651.672
587.884
519.094
439.177
4.93079
4.04873
3.824
3.73901
3.69419
3.70816
3.7928
4.65272
11.8198
40.2355
92.1113
160.15
250.729
358.279
449.354
521.01
585.856
647.919
709.744
774.45
843.078
913.484
980.333
1034.62
1065.77
1066.38
1036.67
983.91
918.035
847.673
778.238
711.934
648.653
585.754
517.403
437.744
4.9535
4.07963
3.84904
3.76446
3.72039
3.73326
3.81438
4.59517
10.9968
37.2049
86.8706
152.711
239.992
345.304
438.117
511.192
575.49
636.464
696.525
758.303
822.909
888.547
950.416
1000.68
1030.21
1032.57
1007.43
960.59
900.583
835.215
769.608
706.039
644.595
582.79
514.993
435.685
4.97638
4.11151
3.87443
3.79013
3.74682
3.75854
3.83579
4.53887
10.1962
34.0871
81.3028
144.738
228.455
330.963
425.098
499.917
563.943
623.742
681.97
740.795
801.285
862.019
918.811
964.944
992.708
996.54
975.729
934.751
880.778
820.71
759.286
698.789
639.459
578.936
511.803
432.944
4.99944
4.14447
3.9002
3.81603
3.77349
3.78398
3.85709
4.48467
9.42748
30.9188
75.4358
136.248
216.158
315.271
410.148
486.948
551.106
609.755
666.112
722.038
778.468
834.327
886.101
928.149
954.052
959.075
942.261
906.943
858.987
804.358
747.348
690.188
633.208
574.131
507.765
429.461
5.0227
4.17861
3.92636
3.84217
3.80042
3.80958
3.87832
4.43338
8.69979
27.7429
69.3098
127.267
203.154
298.277
393.147
472.014
536.808
594.484
648.982
702.119
754.675
805.849
852.801
890.913
914.929
920.875
907.663
877.677
835.573
786.369
733.885
680.247
625.801
568.303
502.8
425.165
5.04619
4.21407
3.95321
3.86862
3.82763
3.83538
3.89957
4.38577
8.02112
24.6078
62.9794
117.836
189.513
280.074
374.03
454.825
520.788
577.858
630.605
681.103
730.059
776.876
819.328
853.743
875.901
882.527
872.49
847.414
810.868
766.95
718.995
668.981
617.194
561.372
496.817
419.978
5.06993
4.25083
3.98057
3.89543
3.85516
3.86144
3.92091
4.34254
7.39811
21.5655
56.5149
108.009
175.313
260.793
352.805
435.101
502.699
559.71
610.971
659.032
704.715
747.596
785.974
817.012
837.401
844.491
837.195
816.538
785.156
746.281
702.767
656.401
607.329
553.236
489.708
413.814
5.09395
4.2895
4.00865
3.92264
3.88304
3.88778
3.94243
4.30429
6.83577
18.6701
50.0019
97.859
160.65
240.609
329.576
412.623
482.117
539.74
589.989
635.917
678.68
718.092
752.889
780.933
799.697
807.084
802.107
785.34
758.65
724.51
685.281
642.506
596.129
543.77
481.348
406.572
5.11828
4.32995
4.03763
3.95029
3.91129
3.91448
3.96424
4.27148
6.3372
15.9741
43.5492
87.4841
145.63
219.732
304.554
387.283
458.594
517.491
567.417
611.688
651.942
688.359
720.086
745.555
762.883
770.454
767.407
754.001
731.502
701.739
666.583
627.266
583.486
532.822
471.585
398.144
5.14296
4.37209
4.06765
3.97844
3.93995
3.94159
3.98644
4.24446
5.90364
13.5253
37.2462
77.0057
130.378
198.399
278.061
359.142
431.742
492.373
542.802
586.119
624.403
658.323
687.474
710.785
726.892
734.579
733.126
722.59
703.786
678.016
646.668
610.599
569.245
520.202
460.25
388.411
5.16802
4.41599
4.09893
4.00716
3.96907
3.96917
4.00915
4.22343
5.53399
11.3956
31.1871
66.5626
115.039
176.863
250.517
328.478
401.344
463.754
515.457
558.722
595.781
627.798
654.881
676.435
691.54
699.313
699.182
691.083
675.51
653.329
625.463
592.351
553.187
505.677
447.15
377.247
5.1935
4.46175
4.13167
4.03651
3.99867
3.99729
4.03251
4.20845
5.22516
9.63784
25.5422
56.3275
99.7796
155.384
222.415
295.798
367.475
431.119
484.543
528.689
565.475
596.371
621.985
642.212
656.552
664.422
665.397
659.365
646.584
627.557
602.768
572.246
535.001
488.961
432.068
364.518
5.21947
4.50951
4.16615
4.0666
4.0288
4.02602
4.05662
4.19946
4.9734
8.23128
20.482
46.5145
84.7959
134.221
194.277
261.813
330.587
394.279
449.269
494.964
532.479
563.223
588.146
607.595
621.481
629.523
631.455
627.166
616.744
600.391
578.203
549.859
514.278
469.719
414.772
350.088
5.24598
4.55938
4.20269
4.09754
4.05952
4.05542
4.08179
4.19634
4.77407
7.13244
16.1382
37.3713
70.3302
113.638
166.613
227.371
291.525
353.566
409.207
456.509
495.484
527.057
552.213
571.601
585.488
593.89
596.721
593.904
585.419
571.234
551.15
524.596
490.521
447.596
395.037
333.835
5.27309
4.6115
4.24166
4.12943
4.09087
4.08561
4.10671
4.19882
4.62197
6.29364
12.5846
29.1511
56.6745
93.9139
139.891
193.352
251.446
309.918
364.604
412.737
453.252
486.295
512.534
532.652
547.13
556.219
560.015
558.493
551.588
539.126
520.733
495.722
463.185
422.249
372.677
315.666
5.30088
4.66602
4.28357
4.1626
4.12296
4.11667
4.13225
4.20618
4.51105
5.66955
9.82681
22.09
44.1753
75.3718
114.532
160.57
211.651
264.805
316.557
363.96
405.21
439.645
467.366
488.809
504.442
514.618
519.556
519.302
513.789
502.799
485.909
462.452
431.765
393.417
347.591
295.542
5.32946
4.7231
4.32883
4.19728
4.15596
4.14867
4.16067
4.21816
4.43448
5.21855
7.8176
16.2813
33.1597
58.3905
90.9406
129.71
173.379
219.969
266.911
311.604
351.997
386.855
415.689
438.505
455.545
467.094
473.38
474.512
470.433
460.958
445.702
424.145
395.93
360.996
319.785
273.478
5.35891
4.78287
4.37886
4.23397
4.19007
4.18165
4.19106
4.23477
4.38605
4.90143
6.48732
11.8442
23.9284
43.3819
69.5411
101.344
137.658
177.099
217.888
258.019
295.622
329.258
358.034
381.534
399.669
412.523
420.223
422.873
420.441
412.786
399.603
380.599
355.709
325.133
289.413
249.55
5.38938
4.84548
4.43366
4.27326
4.22547
4.2157
4.22317
4.25583
4.36015
4.68896
5.64429
8.74661
16.6975
30.7534
50.7962
75.9813
105.273
137.564
171.589
205.908
239.043
269.673
296.776
319.68
338.014
351.627
360.494
364.628
364.034
358.579
348.042
332.353
311.667
286.313
256.815
223.931
5.42102
4.91109
4.49375
4.31593
4.26244
4.25093
4.25693
4.2811
4.35234
4.55835
5.12128
6.77857
11.4997
20.8188
35.1779
54.1367
76.8452
102.345
129.638
157.671
185.351
211.623
235.564
256.454
273.786
287.251
296.687
302.011
303.207
300.128
292.647
280.846
264.981
245.406
222.545
196.91
5.454
4.97979
4.55983
4.36305
4.30136
4.28749
4.29226
4.31096
4.35957
4.48771
4.81139
5.63518
8.12476
13.663
23.0504
36.3153
52.9378
72.1502
93.1209
115.016
137.01
158.306
178.172
195.98
211.238
223.592
232.815
238.776
241.363
240.482
236.078
228.291
217.376
203.635
187.376
168.896
5.48857
5.05171
4.63267
4.41597
4.34264
4.32554
4.32916
4.34442
4.37849
4.45838
4.64634
5.03949
6.18885
9.0569
14.4924
22.8693
34.053
47.5655
62.7713
78.9986
95.5937
111.942
127.485
141.73
154.275
164.809
173.115
179.044
182.463
183.286
181.529
177.328
170.9
162.479
152.273
140.437
5.52495
5.12687
4.71299
4.47755
4.38821
4.36552
4.36763
4.38077
4.40608
4.45679
4.569
4.76244
5.22932
6.48263
9.16764
13.7671
20.4377
29.0175
39.1293
50.293
62.0071
73.7939
85.2217
95.9165
105.57
113.943
120.861
126.192
129.821
131.683
131.838
130.404
127.558
123.486
118.347
112.234
5.56365
5.20545
4.80157
4.54877
4.44016
4.40847
4.40789
4.41953
4.43992
4.47381
4.54262
4.65001
4.8311
5.28039
6.35576
8.4455
11.8084
16.5063
22.4124
29.2684
36.7498
44.5175
52.2525
59.6749
66.5544
72.7142
78.0225
82.3728
85.6872
87.9452
89.1914
89.5434
89.1566
88.1997
86.8304
85.1628
5.60446
5.28717
4.89908
4.63141
4.50104
4.45617
4.45056
4.4605
4.47824
4.50327
4.54685
4.61442
4.69903
4.83857
5.16621
5.87312
7.21119
9.30117
12.1666
15.7263
19.8292
24.2858
28.8967
33.4754
37.8626
41.9335
45.5908
48.7571
51.3879
53.4824
55.0863
56.2935
57.2379
58.0847
59.0205
60.2394
5.64976
5.37267
5.0061
4.72755
4.57404
4.51144
4.49717
4.50396
4.5199
4.54085
4.57066
4.61571
4.67081
4.72359
4.82104
4.97329
5.28479
5.88425
6.87157
8.32049
10.1411
12.2467
14.5408
16.9241
19.3055
21.6087
23.7715
25.7468
27.5123
29.0743
30.4716
31.7783
33.1058
34.6068
36.4852
39.0166
5.69585
5.46066
5.12294
4.83928
4.66288
4.5783
4.55048
4.55113
4.56457
4.58361
4.60709
4.63859
4.67969
4.71831
4.75542
4.81643
4.90398
5.01347
5.11511
5.34553
5.73937
6.3031
7.02653
7.88638
8.85056
9.89451
10.9412
11.9567
12.9291
13.8649
14.7913
15.7601
16.8541
18.1991
19.9859
22.5203
5.75156
5.55278
5.2495
4.96851
4.77199
4.66239
4.6155
4.6052
4.61348
4.63034
4.65125
4.676
4.70704
4.74185
4.77271
4.805
4.8419
4.8945
4.95052
5.01937
5.09261
5.16231
5.2312
5.29949
5.36495
5.47807
5.6331
5.8223
6.0413
6.29151
6.58319
6.94005
7.40713
8.06728
9.06631
10.719
43.1451
43.4206
43.6414
43.9146
44.231
44.5532
44.7755
44.7806
44.6399
44.4169
44.1448
43.8516
43.5526
43.2589
42.9769
42.7099
42.4575
42.2184
41.981
41.7289
25.117
31.665
35.2107
37.0702
38.0567
38.4843
38.4763
38.0812
37.4298
36.645
35.7949
34.938
34.1043
33.3107
32.5651
31.8701
31.2275
30.6111
30.1086
29.238
9.1056
12.7212
16.1281
18.6208
20.2113
21.0598
21.3549
21.2684
20.9032
20.3704
19.7482
19.1005
18.4651
17.8612
17.2977
16.778
16.3034
15.8558
15.4924
14.9006
5.73448
5.8637
6.31831
6.85697
7.31908
7.63104
7.77732
7.80813
7.7852
7.73266
7.66523
7.59344
7.52352
7.45857
7.39995
7.34818
7.3029
7.26342
7.22908
7.19185
5.69664
5.72172
5.7576
5.78511
5.80925
5.83229
5.85476
5.8769
5.89864
5.92014
5.94155
5.96295
5.98441
6.00596
6.02762
6.0494
6.0713
6.09333
6.1154
6.13868
5.73516
5.74776
5.76448
5.78155
5.80093
5.82133
5.84224
5.86349
5.88498
5.90664
5.92844
5.95037
5.97242
5.99459
6.01685
6.03925
6.06151
6.08481
6.1041
6.14082
5.81391
5.82485
5.83714
5.85138
5.86755
5.88536
5.90451
5.92472
5.94575
5.96738
5.98944
6.0118
6.03439
6.05714
6.07999
6.10297
6.12579
6.14958
6.16949
6.20652
6.05232
6.05356
6.05813
6.06618
6.07745
6.09159
6.1082
6.12689
6.14723
6.16852
6.19046
6.21286
6.23559
6.25856
6.28171
6.30508
6.32835
6.35277
6.37299
6.41162
6.51613
6.5126
6.51281
6.51721
6.52566
6.53776
6.5531
6.57107
6.59134
6.61478
6.64078
6.66852
6.69739
6.72695
6.75699
6.78735
6.81739
6.84866
6.87424
6.92224
7.94723
7.94696
7.95025
7.95734
7.96803
7.98195
7.99881
8.01796
8.0384
8.05889
8.07944
8.10007
8.12077
8.14155
8.16242
8.18337
8.20441
8.22554
8.24671
8.26861
6.63716
8.95151
12.4011
35.3732
5.69085
5.79653
6.24285
14.2142
5.59893
5.63935
5.70264
6.14438
5.59083
5.61675
5.6415
5.69032
5.62051
5.6418
5.66071
5.67612
5.66999
5.68863
5.7061
5.72085
5.77226
5.78358
5.79388
5.80374
6.05769
6.05773
6.05597
6.05366
6.53764
6.53442
6.5288
6.52213
7.95977
7.95785
7.95422
7.95014
5.81479
5.64748
5.38109
5.11113
4.90051
4.76611
4.69601
4.66942
4.66825
4.68046
4.69913
4.72109
4.74635
4.77586
4.80666
4.83663
4.86484
4.89523
4.92903
4.96689
5.01082
5.05671
5.10332
5.1502
5.19702
5.24745
5.29728
5.3461
5.39476
5.44373
5.49374
5.54586
5.60172
5.66457
5.73164
5.95374
5.88617
5.74591
5.5168
5.26589
5.04962
4.894
4.79886
4.75099
4.73487
4.73794
4.75172
4.77107
4.79351
4.81883
4.84679
4.87618
4.90554
4.93429
4.96325
4.99273
5.02369
5.05643
5.09073
5.12621
5.16272
5.2006
5.23927
5.27822
5.31735
5.35672
5.39648
5.43688
5.47823
5.52151
5.56736
5.62217
5.97219
5.8532
5.66022
5.43549
5.22365
5.05377
4.93496
4.86247
4.82564
4.81347
4.81712
4.83032
4.84903
4.87111
4.89577
4.92251
4.95075
4.9797
5.00894
5.03831
5.06778
5.09755
5.12781
5.15863
5.19002
5.22192
5.25429
5.28708
5.32018
5.35352
5.38704
5.4207
5.45453
5.48847
5.52366
5.56015
6.0822
5.97362
5.81167
5.61762
5.42081
5.24739
5.11153
5.01569
4.95512
4.92221
4.90941
4.91048
4.92075
4.93695
4.9571
4.98003
5.00509
5.03173
5.05951
5.08807
5.11716
5.1466
5.17632
5.20628
5.23645
5.2668
5.29727
5.32782
5.3584
5.38891
5.41925
5.44928
5.47887
5.50784
5.53619
5.56384
6.24319
6.11915
5.9733
5.80916
5.63677
5.47324
5.33249
5.22121
5.13977
5.08477
5.05132
5.03451
5.0301
5.03467
5.04572
5.06144
5.08059
5.10233
5.12603
5.15123
5.1776
5.20485
5.23276
5.26117
5.28994
5.31897
5.34815
5.3774
5.40661
5.43567
5.46445
5.49278
5.52049
5.54735
5.57314
5.59761
6.50596
6.31795
6.15876
6.01059
5.86327
5.72047
5.59009
5.47825
5.3876
5.31783
5.26691
5.23203
5.21032
5.19912
5.19625
5.19993
5.20877
5.22166
5.23774
5.25635
5.27699
5.29923
5.32275
5.34727
5.37257
5.39844
5.42471
5.45121
5.47779
5.50426
5.53045
5.55614
5.58113
5.6052
5.62815
5.64979
7.33981
6.65258
6.38141
6.24056
6.1182
6.00046
5.88947
5.78961
5.70352
5.6319
5.5742
5.52916
5.49525
5.47092
5.4548
5.44564
5.44238
5.44408
5.44994
5.45928
5.47154
5.48621
5.50287
5.52117
5.54078
5.56138
5.58272
5.6045
5.62647
5.64832
5.66976
5.69044
5.71003
5.7282
5.74469
5.75936
18.1017
10.3857
7.21338
6.43612
6.31081
6.24227
6.18149
6.12211
6.06633
6.01631
5.97302
5.93664
5.90691
5.8834
5.86561
5.85305
5.84522
5.84163
5.84184
5.8454
5.85191
5.86098
5.87226
5.8854
5.90007
5.91593
5.93265
5.94989
5.96727
5.98439
6.00081
6.01602
6.02952
6.04079
6.04939
6.05503
18.3069
14.6909
10.175
7.77444
6.83541
6.5816
6.49802
6.45223
6.41897
6.39239
6.37069
6.35314
6.33936
6.32909
6.32212
6.31823
6.3174
6.31942
6.32405
6.33103
6.34012
6.35109
6.3637
6.37772
6.39289
6.40895
6.42561
6.44256
6.45945
6.47588
6.49142
6.50555
6.51775
6.52748
6.53424
6.53766
16.5371
14.6296
12.5116
10.7444
9.4943
8.75102
8.3276
8.06701
7.91944
7.83648
7.78642
7.75433
7.73367
7.72106
7.71449
7.71262
7.71439
7.71921
7.72664
7.73635
7.748
7.76134
7.77609
7.792
7.80883
7.8263
7.84415
7.86205
7.87967
7.89663
7.91248
7.92677
7.93899
7.9487
7.95548
7.95914
)
;

boundaryField
{
    inlet
    {
        type            fixedValue;
        value           uniform 0;
    }
    outlet
    {
        type            inletOutlet;
        inletValue      uniform 0;
        value           nonuniform List<scalar> 10(41.7289 29.238 14.9006 7.19185 6.13868 6.14082 6.20652 6.41162 6.92224 8.26861);
    }
    walls
    {
        type            zeroGradient;
    }
    baffle
    {
        type            zeroGradient;
    }
    frontAndBack
    {
        type            empty;
    }
}


// ************************************************************************* //
