/*--------------------------------*- C++ -*----------------------------------*\
| =========                 |                                                 |
| \\      /  F ield         | OpenFOAM: The Open Source CFD Toolbox           |
|  \\    /   O peration     | Version:  v2012                                 |
|   \\  /    A nd           | Website:  www.openfoam.com                      |
|    \\/     M anipulation  |                                                 |
\*---------------------------------------------------------------------------*/
FoamFile
{
    version     2.0;
    format      ascii;
    class       volScalarField;
    location    "582";
    object      k;
}
// * * * * * * * * * * * * * * * * * * * * * * * * * * * * * * * * * * * * * //

dimensions      [0 2 -2 0 0 0 0];


internalField   nonuniform List<scalar> 
6598
(
1.43378
1.79679
1.86177
1.87821
1.88519
1.88519
1.87821
1.86177
1.79679
1.43378
0.831618
1.30607
1.43266
1.47207
1.48435
1.48435
1.47207
1.43266
1.30607
0.831618
0.542307
0.982704
1.13063
1.18494
1.20287
1.20287
1.18494
1.13063
0.982704
0.542308
0.384342
0.764768
0.912735
0.97408
0.99614
0.99614
0.97408
0.912736
0.764769
0.384342
0.289231
0.61283
0.75175
0.814723
0.839035
0.839035
0.814724
0.751751
0.612831
0.289232
0.227478
0.503228
0.630049
0.69145
0.716465
0.716466
0.691451
0.630051
0.503231
0.227479
0.18495
0.42167
0.536052
0.594194
0.618845
0.618845
0.594196
0.536055
0.421674
0.184951
0.154264
0.3593
0.462017
0.516151
0.539784
0.539785
0.516153
0.462021
0.359304
0.154265
0.131279
0.31046
0.402669
0.452587
0.474854
0.474855
0.452591
0.402674
0.310466
0.131281
0.113532
0.271426
0.354341
0.400136
0.420889
0.420891
0.400142
0.354349
0.271435
0.113535
0.0994828
0.239675
0.314437
0.35635
0.375567
0.37557
0.356358
0.314447
0.239686
0.0994865
0.0881261
0.213449
0.281079
0.319418
0.337149
0.337153
0.319429
0.281093
0.213464
0.0881313
0.078784
0.191497
0.252887
0.287979
0.304312
0.304317
0.287992
0.252907
0.191519
0.078791
0.0709838
0.172909
0.228828
0.26099
0.276032
0.27604
0.261009
0.228855
0.172939
0.0709933
0.0643872
0.157007
0.208117
0.237648
0.251509
0.251519
0.237675
0.208154
0.157048
0.0644001
0.0587463
0.14328
0.190149
0.217321
0.23011
0.230124
0.217358
0.1902
0.143335
0.0587639
0.0538756
0.131334
0.174449
0.199508
0.211327
0.211346
0.199559
0.17452
0.131409
0.0538995
0.0496339
0.120861
0.160644
0.183808
0.194753
0.194778
0.183878
0.160744
0.120964
0.0496663
0.0459117
0.111621
0.148433
0.169899
0.180056
0.180089
0.169992
0.14857
0.111764
0.0459557
0.0426235
0.103424
0.137582
0.157524
0.166974
0.167018
0.15765
0.137766
0.103595
0.0426812
0.0397728
0.0962789
0.128106
0.146701
0.155526
0.155586
0.14687
0.128352
0.0965351
0.0398777
0.0372167
0.0898565
0.119586
0.13697
0.145235
0.145313
0.137194
0.119916
0.0902209
0.0382613
0.0349124
0.0840496
0.111879
0.128166
0.135924
0.136025
0.128454
0.112308
0.0846091
0.0376323
0.0328252
0.0787761
0.104879
0.12017
0.127471
0.127595
0.120522
0.105388
0.0796718
0.0380372
0.0309259
0.0739672
0.0984977
0.112882
0.119768
0.119914
0.113282
0.099081
0.0754353
0.0395474
0.0291902
0.0695644
0.0926578
0.106215
0.112724
0.112892
0.106655
0.0933798
0.0719097
0.042024
0.027597
0.0655154
0.0872898
0.10009
0.106257
0.106454
0.100614
0.088278
0.0689992
0.0452281
0.0260822
0.0616665
0.0821976
0.0942882
0.10014
0.100378
0.0949576
0.0836087
0.0666123
0.0490044
0.0246844
0.0581094
0.0774943
0.0889339
0.0945021
0.0947962
0.0898113
0.0794784
0.0648016
0.0528801
0.0233897
0.054813
0.0731435
0.0839888
0.0893055
0.0896715
0.0851367
0.0758403
0.06345
0.0559467
0.0221857
0.0517479
0.0691052
0.0794078
0.0845038
0.0849587
0.080887
0.0726373
0.0624407
0.0582679
0.0210615
0.0488869
0.0653445
0.0751519
0.0800562
0.080617
0.0770187
0.069811
0.0616549
0.0599001
0.0200074
0.046206
0.0618308
0.0711867
0.0759271
0.0766096
0.07349
0.0672953
0.0609177
0.0608907
0.0190149
0.0436843
0.0585368
0.0674816
0.0720843
0.0729032
0.0702614
0.0650281
0.0601605
0.0612977
0.0180761
0.0413031
0.0554383
0.0640098
0.0684994
0.0694671
0.0672951
0.0629501
0.0593282
0.0611809
0.017184
0.0390459
0.0525136
0.0607471
0.0651468
0.0662734
0.0645562
0.0610145
0.0583847
0.0606013
0.0163323
0.0368981
0.0497437
0.0576722
0.0620037
0.0632968
0.0620138
0.059183
0.0573121
0.0596226
0.0155151
0.0348466
0.0471114
0.054766
0.0590496
0.0605148
0.0596409
0.0574275
0.05611
0.0583125
0.0147272
0.0328802
0.0446018
0.0520116
0.0562664
0.0579071
0.0574154
0.0557298
0.0547941
0.0567442
0.0139636
0.0309893
0.0422012
0.0493936
0.0536374
0.0554562
0.0553195
0.0540817
0.0533939
0.0549974
0.0132202
0.0291653
0.0398976
0.0468979
0.0511473
0.0531461
0.0533398
0.0524836
0.0519488
0.0531569
0.0124929
0.0274007
0.0376793
0.0445105
0.048781
0.0509619
0.0514654
0.0509413
0.0505035
0.0513098
0.0117781
0.0256886
0.0355351
0.0422172
0.0465227
0.048888
0.049686
0.0494621
0.049101
0.049539
0.0110725
0.0240228
0.0334529
0.0400021
0.0443542
0.0469064
0.047989
0.0480495
0.0477758
0.047914
0.0103732
0.0223976
0.0314199
0.0378468
0.0422539
0.0449946
0.0463561
0.0466988
0.0465461
0.0464811
0.00967714
0.0208076
0.0294221
0.0357298
0.0401948
0.0431234
0.0447605
0.0453915
0.0454075
0.0452536
0.00898167
0.0192471
0.0274437
0.0336253
0.038144
0.0412554
0.0431639
0.0440926
0.0443292
0.0442051
0.00828384
0.0177102
0.0254674
0.0315036
0.0360615
0.0393439
0.0415158
0.0427494
0.0432536
0.0432698
0.00758042
0.0161909
0.0234744
0.0293309
0.0339013
0.0373334
0.0397539
0.0412925
0.0420993
0.0423468
0.00686743
0.0146829
0.0214456
0.0270713
0.0316126
0.0351617
0.0378065
0.0396401
0.0407682
0.0413115
0.00613935
0.013177
0.019362
0.02469
0.0291452
0.0327655
0.0355992
0.0377054
0.039155
0.0400295
0.00538793
0.0116599
0.0172084
0.0221614
0.0264592
0.0300911
0.0330653
0.0354084
0.0371611
0.0383741
0.00459346
0.0101293
0.0149772
0.0194775
0.02354
0.0271122
0.0301655
0.0326948
0.0347141
0.0362469
0.0037305
0.00872374
0.0127848
0.0167144
0.0204367
0.0238599
0.0269147
0.0295629
0.0317896
0.0335963
0.00281246
0.00751851
0.0109022
0.0141547
0.017383
0.0205143
0.0234492
0.0261107
0.0284546
0.0304534
0.00181459
0.00635587
0.00939203
0.0120803
0.0147528
0.017448
0.0200965
0.0226143
0.0249305
0.0269936
0.0010277
0.00493576
0.00794187
0.0104191
0.0127275
0.0150182
0.0173045
0.0195379
0.0216586
0.0236103
0.000814018
0.00312719
0.00620541
0.00878301
0.0110492
0.0131578
0.0151711
0.0170925
0.0189054
0.0205873
0.000838142
0.00201082
0.00453409
0.0070159
0.0093372
0.0113807
0.0132012
0.0148185
0.016252
0.0175335
0.000930327
0.00162437
0.00243396
0.0036207
0.0048853
0.00608557
0.00696592
0.00772852
0.00839278
0.00895169
0.00845787
0.00321783
0.00318207
0.00320167
0.00316827
0.00303673
0.00275752
0.00249868
0.00226577
0.00205268
0.00185538
0.0016778
0.0015187
0.00137566
0.00124493
0.00112743
0.00102405
0.000929401
0.000839777
0.000752355
0.000664482
0.000573231
0.000472776
0.000355453
0.000202138
0.016532
0.00721868
0.00637652
0.00617504
0.00598633
0.00564953
0.00510224
0.0044599
0.00389766
0.00342653
0.00303587
0.00271864
0.0024637
0.0022569
0.00208486
0.00192639
0.00176414
0.00159659
0.00142518
0.00125356
0.00108773
0.000933378
0.000802447
0.000673685
0.000375107
0.0252757
0.0126599
0.00905165
0.00780744
0.00702462
0.00624499
0.00537522
0.00444265
0.00369734
0.00314514
0.00273427
0.00243248
0.00220982
0.00204782
0.00192849
0.00183204
0.00173435
0.00162799
0.00150709
0.00136901
0.0012168
0.0010594
0.000915311
0.000783623
0.000432527
0.0350852
0.0193667
0.0123444
0.00967271
0.00795624
0.00651783
0.00524235
0.00414382
0.00323446
0.00261293
0.00218358
0.00189859
0.00171143
0.00159872
0.00153702
0.00150527
0.00147822
0.00144191
0.00138601
0.00130361
0.00119321
0.0010608
0.000922762
0.000782988
0.000437318
0.0448306
0.0280773
0.0170209
0.0122124
0.00921534
0.00695346
0.00520258
0.00390227
0.00295211
0.00226968
0.00178697
0.00147768
0.00129057
0.00119867
0.00117178
0.00118128
0.00120745
0.00122353
0.00121658
0.00117852
0.00110595
0.0010018
0.000877951
0.000736825
0.000413034
0.0523595
0.0374082
0.0235957
0.015755
0.0109888
0.00771117
0.0054087
0.00385284
0.00281293
0.00210276
0.00160256
0.00125889
0.00104727
0.000946175
0.000927937
0.000956474
0.00100735
0.00104824
0.00106518
0.00105066
0.00100139
0.000918626
0.000809996
0.000673669
0.000376062
0.0576419
0.046499
0.0308882
0.0201266
0.0133887
0.0088584
0.0058892
0.00401418
0.0028406
0.00208326
0.00156532
0.00120553
0.000974106
0.000851464
0.00081394
0.000831132
0.000875464
0.000916115
0.00093715
0.000930931
0.000894833
0.00082995
0.000739673
0.000616298
0.000339601
0.0616211
0.053954
0.0380223
0.0250727
0.0163094
0.0104021
0.00664202
0.00438363
0.00303137
0.00220033
0.00165359
0.00127597
0.00101849
0.000859935
0.000784168
0.000768604
0.000787957
0.000814887
0.000830165
0.000826385
0.000802637
0.000762787
0.000711457
0.000633762
0.000386652
0.0645861
0.0598326
0.044658
0.030396
0.019737
0.0123669
0.00768848
0.00497262
0.00339729
0.00246105
0.00186636
0.00146474
0.00118061
0.000980325
0.000851702
0.000784952
0.000767307
0.000778535
0.000791122
0.000799324
0.000805802
0.000819517
0.000852885
0.00093138
0.00123813
0.0667035
0.0641778
0.0506539
0.0358405
0.0233983
0.0145808
0.00899076
0.0057654
0.00394707
0.00287996
0.00221555
0.00178246
0.00148418
0.0012664
0.00110677
0.00100038
0.000949801
0.000958836
0.000994767
0.00105815
0.00116332
0.00133891
0.00162698
0.00204731
0.00251594
0.0681103
0.0672386
0.0555845
0.0405303
0.0269717
0.0169346
0.0104765
0.00676425
0.00469636
0.00348474
0.00272904
0.0022457
0.00193376
0.00172975
0.0015973
0.00151977
0.00149484
0.00153202
0.00162143
0.00176451
0.00196616
0.00222297
0.0025095
0.00278831
0.00304159
0.0688729
0.0692232
0.0593675
0.0445657
0.0304092
0.0193779
0.0121279
0.00795028
0.00564177
0.00428862
0.00343479
0.00287828
0.00251784
0.00229512
0.00217365
0.0021277
0.0021407
0.00219893
0.00229694
0.00243272
0.00260259
0.00280219
0.00303366
0.00332559
0.00366222
0.0690753
0.0702828
0.0620367
0.0480337
0.0337294
0.0218818
0.0139126
0.00928557
0.00675062
0.00526804
0.00433322
0.00371604
0.00329471
0.00301098
0.00284046
0.00276342
0.0027659
0.00281836
0.00291904
0.00306109
0.0032431
0.00346812
0.00374706
0.00409396
0.00448545
0.0687559
0.0705442
0.0637141
0.0509143
0.0366559
0.0244012
0.0158147
0.0107384
0.00797952
0.00637543
0.00537277
0.00473611
0.00430648
0.00400386
0.00380139
0.00368659
0.00365465
0.00367557
0.00375517
0.00389343
0.00409814
0.00435716
0.00464634
0.00496996
0.00530909
0.0679498
0.0701274
0.0645981
0.0532156
0.03936
0.0270405
0.017876
0.0123029
0.00927371
0.0075865
0.00653511
0.00586749
0.00544165
0.00515771
0.00496732
0.00484955
0.00477832
0.00477132
0.00482786
0.00494454
0.00511354
0.00532294
0.00556361
0.00582692
0.00609948
0.0667005
0.0691347
0.06481
0.054924
0.0419098
0.0296631
0.0201838
0.0140264
0.0106187
0.00880986
0.0077467
0.00706454
0.00663039
0.00634634
0.00615846
0.00602571
0.00594182
0.00591389
0.00594081
0.00601872
0.00614145
0.00630001
0.00648429
0.00668453
0.0068916
0.065059
0.0676477
0.0644276
0.0560097
0.0443674
0.0323608
0.0226722
0.016036
0.0121145
0.0100167
0.008896
0.00822578
0.00780404
0.0075308
0.00733741
0.007201
0.00711531
0.00707691
0.00708209
0.00712633
0.00720455
0.00731082
0.0074386
0.00758133
0.00773371
0.0630831
0.0657363
0.0635216
0.0565693
0.0464747
0.0351703
0.0253769
0.0183012
0.0138765
0.0113856
0.0100386
0.00929655
0.0088539
0.00857991
0.00840669
0.00829937
0.00824
0.00821818
0.00822641
0.00825769
0.0083102
0.00838085
0.00846693
0.00856574
0.00867484
0.0608394
0.0634648
0.0621337
0.0566011
0.0480435
0.0380682
0.0283485
0.0209018
0.0159271
0.0129578
0.0112965
0.0103824
0.00986794
0.00957456
0.00941361
0.00933575
0.00931168
0.00932401
0.00936079
0.00941183
0.00947222
0.00953563
0.0096037
0.00967722
0.00975661
0.0584056
0.0609031
0.0603117
0.0561141
0.0490748
0.040487
0.0316806
0.023952
0.0184454
0.0149289
0.0128568
0.0116885
0.0110437
0.0106913
0.0105113
0.0104383
0.0104333
0.0104726
0.0105404
0.0106247
0.0107138
0.0107987
0.0108768
0.0109475
0.0110145
0.0558722
0.058135
0.0581114
0.0551142
0.0495418
0.0423632
0.0346772
0.0274807
0.0215421
0.0174621
0.0148892
0.0133689
0.0125065
0.012039
0.0118067
0.0117171
0.0117186
0.0117778
0.0118712
0.0119809
0.0120942
0.0122038
0.0123005
0.0123806
0.0124446
0.0533411
0.0552644
0.0556122
0.05363
0.0494242
0.0436428
0.0371445
0.0307495
0.0251089
0.0206842
0.0175426
0.0155871
0.0144171
0.0137509
0.013404
0.0132578
0.0132384
0.0132975
0.013401
0.0135255
0.0136536
0.013774
0.0138808
0.0139699
0.014038
0.0509205
0.0524162
0.052928
0.0517305
0.0487202
0.0442719
0.0389982
0.0335506
0.0284778
0.0241757
0.0208393
0.0184817
0.0169325
0.015979
0.0154483
0.015186
0.0150968
0.0151175
0.0152034
0.0153216
0.0154494
0.0155727
0.0156832
0.0157761
0.0158532
0.0487132
0.0497282
0.0502084
0.0495365
0.0474915
0.0442325
0.0401529
0.0357267
0.0314
0.0275174
0.0242891
0.0217993
0.0200092
0.0188058
0.018054
0.0176249
0.0174182
0.0173584
0.0173898
0.0174688
0.0175687
0.0176755
0.0177796
0.0178749
0.017961
0.0468014
0.0473335
0.0476268
0.0472216
0.0458684
0.0435809
0.0405744
0.0371645
0.0336777
0.0303966
0.027522
0.0251624
0.0233429
0.0220233
0.0211226
0.0205472
0.0202109
0.0200368
0.019975
0.0199848
0.0200383
0.0201188
0.0202138
0.0203159
0.0204175
0.0452298
0.0453357
0.0453533
0.0449946
0.0440509
0.042466
0.0403295
0.037826
0.0351755
0.0325852
0.0302206
0.0281915
0.0265486
0.0252897
0.0243726
0.0237305
0.0233005
0.0230284
0.0228804
0.0228303
0.0228512
0.022919
0.0230167
0.0231312
0.023253
0.0439916
0.0437822
0.0435173
0.0430602
0.0422818
0.0411197
0.0395971
0.0378068
0.0358794
0.0339525
0.0321485
0.0305588
0.0292368
0.0281928
0.0274017
0.0268082
0.0263753
0.0260929
0.025936
0.0258782
0.0258965
0.0259703
0.0260822
0.0262184
0.0263679
0.0430231
0.0426459
0.0421692
0.0415663
0.0407912
0.0398154
0.038646
0.0373273
0.0359308
0.0345393
0.0332327
0.0320765
0.0311136
0.0303552
0.0297846
0.0293412
0.0290247
0.028826
0.0287309
0.0287227
0.0287849
0.0289008
0.0290555
0.0292368
0.0294338
0.042208
0.041822
0.0412589
0.040555
0.0397282
0.0387923
0.0377687
0.0366912
0.0356044
0.034558
0.0336003
0.032773
0.0321042
0.0316017
0.0312517
0.0310003
0.0308415
0.0307694
0.030777
0.0308545
0.0309908
0.0311742
0.0313935
0.0316383
0.0318982
0.0413923
0.0411422
0.0406382
0.0399419
0.0391041
0.0381704
0.0371849
0.0361904
0.0352281
0.0343363
0.0335484
0.032891
0.0323816
0.0320246
0.0318101
0.0317033
0.0316699
0.0317048
0.0318015
0.0319529
0.032152
0.0323908
0.0326609
0.0329541
0.0332611
0.0404055
0.0404035
0.0400915
0.0395308
0.0387815
0.0379033
0.0369543
0.0359886
0.0350539
0.0341905
0.0334303
0.0327963
0.0323025
0.0319536
0.0317452
0.031661
0.0316745
0.0317423
0.031863
0.0320304
0.0322378
0.0324788
0.0327474
0.0330375
0.0333415
0.0390843
0.0394005
0.0393764
0.0390627
0.0385144
0.0377898
0.0369489
0.0360496
0.0351447
0.0342793
0.0334895
0.0328019
0.0322336
0.0317929
0.0314805
0.0312907
0.0312113
0.0312223
0.0313028
0.0314172
0.0315648
0.0317414
0.0319432
0.0321653
0.0324016
0.0372935
0.0379541
0.0382679
0.038273
0.0380131
0.0375371
0.0368979
0.0361494
0.0353432
0.0345256
0.0337358
0.0330047
0.0323546
0.0317996
0.0313467
0.0309971
0.0307474
0.0305895
0.0305124
0.0305
0.0305405
0.0306216
0.0307232
0.0308386
0.0309651
0.034947
0.0359365
0.0365921
0.0369394
0.0370101
0.0368418
0.0364766
0.0359596
0.0353363
0.0346496
0.0339377
0.033233
0.0325613
0.0319414
0.031386
0.0309023
0.0304933
0.0301583
0.0298938
0.0296938
0.0295514
0.0294582
0.0294037
0.0293794
0.0293787
0.0320409
0.0333052
0.0342624
0.0349276
0.0353214
0.0354702
0.0354056
0.035163
0.0347795
0.0342917
0.0337339
0.0331367
0.0325261
0.0319232
0.0313439
0.0307999
0.0302986
0.0298447
0.0294398
0.0290838
0.0287747
0.0285093
0.0282832
0.028092
0.0279315
0.0287091
0.030153
0.0313282
0.0322393
0.0328985
0.0333226
0.0335332
0.0335564
0.0334211
0.0331568
0.0327923
0.0323545
0.0318673
0.0313514
0.0308237
0.0302977
0.0297838
0.0292895
0.0288199
0.0283783
0.0279665
0.0275849
0.0272328
0.0269094
0.0266139
0.0252834
0.0267511
0.028008
0.0290466
0.0298589
0.030458
0.0308593
0.0310813
0.0311452
0.0310735
0.0308889
0.0306134
0.0302675
0.0298695
0.0294352
0.0289783
0.0285098
0.0280384
0.0275711
0.027113
0.0266679
0.0262384
0.0258261
0.025432
0.0250581
0.0220527
0.0233666
0.0245234
0.0255167
0.0263393
0.0269799
0.027442
0.0277438
0.0279025
0.0279359
0.0278613
0.0276961
0.0274564
0.0271572
0.0268121
0.0264329
0.0260295
0.0256105
0.025183
0.0247523
0.0243231
0.0238988
0.0234818
0.0230743
0.0226792
0.0186244
0.0195889
0.0204306
0.0211428
0.0217195
0.0221689
0.0224954
0.0227089
0.0228201
0.0228402
0.0227805
0.022652
0.0224654
0.0222308
0.0219572
0.021653
0.0213252
0.0209803
0.0206235
0.0202592
0.0198913
0.0195227
0.0191559
0.0187929
0.0184363
0.00940643
0.00980452
0.0101562
0.0104614
0.0107144
0.0109197
0.01108
0.0111982
0.0112771
0.0113201
0.0113304
0.0113115
0.0112668
0.0111994
0.0111127
0.0110096
0.0108929
0.0107651
0.0106286
0.0104853
0.0103371
0.0101854
0.0100317
0.00987696
0.00972229
0.00041146
0.000998841
0.00201096
0.00231453
0.00251621
0.00266968
0.0028931
0.00303083
0.00343225
0.00336555
0.00372962
0.00423975
0.00409742
0.00452624
0.00496077
0.00490028
0.00526025
0.00559545
0.00564533
0.00593192
0.00619477
0.00636205
0.00658838
0.00680012
0.00709376
0.00727367
0.00744671
0.00788711
0.00802872
0.00816907
0.00878788
0.00889591
0.00900621
0.00983842
0.00991787
0.0100007
0.0110774
0.0111359
0.0111954
0.0124959
0.0125391
0.0125801
0.0140868
0.0141237
0.0141557
0.0159105
0.015954
0.01599
0.0180319
0.0180899
0.0181398
0.0205078
0.020587
0.020659
0.0233671
0.0234733
0.0235741
0.0265117
0.0266512
0.0267878
0.029623
0.0298104
0.0299975
0.0321441
0.0323893
0.0326365
0.0335482
0.0338357
0.0341269
0.0336256
0.0339124
0.034205
0.0326243
0.0328522
0.0330876
0.0310874
0.0312154
0.0313505
0.0293945
0.0294226
0.0294611
0.0278099
0.0277072
0.0276193
0.0263707
0.0261475
0.0259393
0.0247398
0.0244378
0.0241476
0.0223372
0.0220066
0.0216838
0.0181256
0.0178217
0.0175227
0.009587
0.00945329
0.00932122
0.000110829
0.000254259
0.000386652
0.000497794
0.000596788
0.000685217
0.00076638
0.000841844
0.000912655
0.000979522
0.00104297
0.0011034
0.00116117
0.00121659
0.00126993
0.00132149
0.0013715
0.00142022
0.00146788
0.00151472
0.00156097
0.00160685
0.00165259
0.00169842
0.00174457
0.00179129
0.00183886
0.00188759
0.00193781
0.00198991
0.00204437
0.00210176
0.00216277
0.00222831
0.00229735
0.00236918
0.00244394
0.00252191
0.00260351
0.00268846
0.00277695
0.00286963
0.00296676
0.0030686
0.00317549
0.00328774
0.00340562
0.00352942
0.00365936
0.00379559
0.0039381
0.00408667
0.00424067
0.00439887
0.00455907
0.00471757
0.00486824
0.00500123
0.00510335
0.00516744
0.00520168
0.00521057
0.00519422
0.00512133
0.00499147
0.00480464
0.00455293
0.00425796
0.00393683
0.00359822
0.00325268
0.00290221
0.00259366
0.00230738
0.00203291
0.00176363
0.00149307
0.00120985
0.000898883
0.000514785
0.000421173
0.000783952
0.000989135
0.00116618
0.00135439
0.00154733
0.0017357
0.00191975
0.00209864
0.00227183
0.00243887
0.00259955
0.00275384
0.00290189
0.00304402
0.00318064
0.00331224
0.00343934
0.00356249
0.00368226
0.00379921
0.00391389
0.00402683
0.00413856
0.0042496
0.00436044
0.00447159
0.00458354
0.00469678
0.0048118
0.00492908
0.00504913
0.00517231
0.00529927
0.00543248
0.0055719
0.0057171
0.00586829
0.00602553
0.00618871
0.00635872
0.00653621
0.00672167
0.0069156
0.00711849
0.00733082
0.00755302
0.00778545
0.00802837
0.00828187
0.00854575
0.00881939
0.00910154
0.00938996
0.00968095
0.00996861
0.0102441
0.0104954
0.0107074
0.0108542
0.0109192
0.0108965
0.0107754
0.0105287
0.0101396
0.00964497
0.00904737
0.00840147
0.00773755
0.0070753
0.00643762
0.0058253
0.0051663
0.0044758
0.00377832
0.00310912
0.00250604
0.00200714
0.00158591
0.000857333
0.000647372
0.00123842
0.00151188
0.00177432
0.00205779
0.00234424
0.00262176
0.00288758
0.00314043
0.00338042
0.00360814
0.00382439
0.00403002
0.00422586
0.00441273
0.00459141
0.00476266
0.00492721
0.00508578
0.00523908
0.00538779
0.00553257
0.00567407
0.00581294
0.00594978
0.0060852
0.00621981
0.00635418
0.0064889
0.00662455
0.00676169
0.00690089
0.00704267
0.00718755
0.00733606
0.00749096
0.00765178
0.00781822
0.00799034
0.00816861
0.00835345
0.00854535
0.00874475
0.00895205
0.00916762
0.00939173
0.00962454
0.00986607
0.0101161
0.010374
0.010639
0.0109093
0.0111827
0.0114557
0.0117232
0.0119783
0.0122117
0.0124114
0.0125624
0.0126381
0.0126159
0.0124871
0.0122399
0.0118658
0.0113599
0.0107188
0.00995234
0.00916095
0.00835668
0.00755205
0.00680339
0.00612494
0.0054716
0.00480077
0.00411034
0.0034181
0.00276318
0.00219993
0.00172762
0.000917806
0.000849747
0.00166311
0.00202891
0.00237856
0.00273486
0.00308246
0.003411
0.00371989
0.00401045
0.00428476
0.0045448
0.00479224
0.00502836
0.00525418
0.00547047
0.00567793
0.00587718
0.00606882
0.00625345
0.00643167
0.00660409
0.00677132
0.00693397
0.00709265
0.00724799
0.00740058
0.00755103
0.00769994
0.0078479
0.0079955
0.00814332
0.00829194
0.00844193
0.00859383
0.0087482
0.00890561
0.00906879
0.00923693
0.00940995
0.00958799
0.00977129
0.00996016
0.0101548
0.0103555
0.0105622
0.0107749
0.0109932
0.0112166
0.0114443
0.0116749
0.0119065
0.0121366
0.0123618
0.0125777
0.0127787
0.0129575
0.013105
0.0132102
0.0132589
0.0132324
0.0130974
0.0128473
0.0124743
0.0119791
0.0113693
0.0106577
0.00986068
0.00900049
0.00809651
0.00716625
0.00630129
0.0055511
0.00491472
0.0043171
0.0037307
0.0031479
0.00258369
0.00207207
0.00161087
0.000849862
0.00104921
0.00208891
0.00255218
0.00297045
0.00337428
0.0037512
0.0040988
0.00442353
0.00473003
0.00502197
0.00530179
0.00557105
0.0058307
0.00608127
0.00632311
0.00655646
0.00678158
0.00699876
0.00720832
0.00741069
0.00760629
0.00779561
0.00797919
0.00815755
0.00833127
0.0085009
0.00866704
0.00883025
0.00899113
0.00915025
0.0093082
0.00946556
0.00962289
0.00978076
0.00993974
0.0101004
0.0102638
0.0104318
0.0106039
0.0107798
0.0109597
0.0111436
0.0113317
0.0115238
0.0117197
0.0119192
0.0121214
0.0123253
0.0125296
0.0127323
0.0129307
0.0131216
0.0133006
0.0134628
0.0136021
0.0137111
0.0137806
0.0137998
0.0137556
0.0136326
0.0134151
0.0130884
0.0126374
0.0120611
0.0113756
0.0106001
0.00975118
0.00883617
0.0078647
0.00685366
0.0058544
0.00492779
0.00416263
0.0035881
0.003104
0.00266037
0.00223415
0.00182453
0.0014224
0.000728157
0.00130157
0.00254708
0.00308673
0.00354399
0.00396344
0.00434342
0.00468691
0.00501178
0.00532338
0.0056257
0.00592047
0.00620834
0.0064894
0.00676339
0.00702998
0.00728888
0.00753987
0.00778288
0.00801796
0.00824526
0.00846504
0.00867764
0.00888347
0.00908298
0.00927667
0.00946505
0.00964866
0.00982807
0.0100038
0.0101765
0.0103467
0.010515
0.010682
0.0108483
0.0110143
0.0111808
0.0113483
0.0115186
0.0116925
0.0118696
0.0120497
0.0122329
0.0124192
0.0126084
0.0128002
0.012994
0.013189
0.013384
0.0135773
0.0137667
0.0139493
0.0141214
0.0142784
0.0144145
0.0145233
0.014597
0.0146269
0.0146024
0.014512
0.0143396
0.0140702
0.013692
0.0131963
0.0125819
0.0118583
0.0110444
0.0101657
0.00922591
0.00822697
0.00715853
0.00603381
0.00490389
0.00386559
0.00306806
0.00255837
0.00219666
0.00188704
0.00157677
0.00122314
0.000628433
0.00164316
0.00314295
0.00365433
0.00410099
0.00450098
0.00485658
0.00518306
0.00550114
0.00581422
0.00612476
0.00643308
0.00673858
0.00704028
0.0073371
0.00762804
0.00791225
0.00818909
0.00845813
0.00871912
0.00897198
0.00921679
0.00945374
0.00968311
0.00990524
0.0101206
0.0103295
0.0105327
0.0107305
0.0109235
0.0111123
0.0112975
0.0114797
0.0116594
0.0118374
0.0120141
0.0121903
0.0123664
0.0125432
0.0127233
0.0129063
0.0130921
0.0132808
0.0134722
0.0136665
0.0138632
0.0140619
0.0142619
0.014462
0.0146606
0.0148557
0.0150445
0.0152233
0.0153879
0.0155328
0.0156503
0.0157316
0.0157692
0.0157496
0.0156705
0.0155123
0.0152524
0.01488
0.0143837
0.0137589
0.0130135
0.0121677
0.0112637
0.0102879
0.00929307
0.00826581
0.00717921
0.00601478
0.00479286
0.00360586
0.00265373
0.00212648
0.00179277
0.00150473
0.00114236
0.00057095
0.00237331
0.00372315
0.00421726
0.00462885
0.0049848
0.00530218
0.00560972
0.00592037
0.00623497
0.00655363
0.00687511
0.00719761
0.00751922
0.0078381
0.00815268
0.00846164
0.00876394
0.00905884
0.00934582
0.00962459
0.00989502
0.0101572
0.0104111
0.0106572
0.0108957
0.0111271
0.0113517
0.01157
0.0117827
0.0119902
0.0121931
0.012392
0.0125876
0.0127806
0.0129715
0.013161
0.0133499
0.0135389
0.0137287
0.013922
0.0141184
0.0143179
0.0145207
0.0147269
0.0149365
0.0151491
0.0153644
0.0155815
0.0157992
0.0160157
0.0162286
0.0164348
0.0166304
0.0168103
0.0169683
0.0170972
0.0171884
0.0172296
0.0172106
0.0171148
0.016926
0.0166279
0.0162048
0.0156437
0.014948
0.0141193
0.0131918
0.0121885
0.0111541
0.0101246
0.00911176
0.00811206
0.00709667
0.00601669
0.0048552
0.00370781
0.00292569
0.00249589
0.00208744
0.00167907
0.00328832
0.00426722
0.00473209
0.00509126
0.00539704
0.00568398
0.00597952
0.00628595
0.00660325
0.00692993
0.00726361
0.00760163
0.00794139
0.00828052
0.00861698
0.00894909
0.00927548
0.00959512
0.00990727
0.0102114
0.0105072
0.0107946
0.0110736
0.0113442
0.0116068
0.0118617
0.0121092
0.0123498
0.012584
0.0128122
0.0130351
0.0132534
0.0134675
0.0136783
0.0138864
0.0140926
0.0142976
0.0145022
0.0147071
0.0149144
0.0151254
0.0153403
0.0155593
0.0157829
0.0160112
0.0162445
0.0164825
0.0167251
0.0169713
0.01722
0.0174694
0.0177172
0.01796
0.0181937
0.0184131
0.0186117
0.0187817
0.0189132
0.0189949
0.0190125
0.0189509
0.0187934
0.0185222
0.0181208
0.0175757
0.0168802
0.016041
0.0150747
0.0140138
0.0129265
0.0118543
0.0108486
0.00995781
0.00920026
0.00856895
0.00805756
0.00768372
0.00768744
0.00812031
0.00892804
0.00411106
0.00477692
0.00518002
0.00548728
0.00575867
0.00603297
0.00632044
0.00662393
0.00694295
0.00727533
0.00761813
0.00796818
0.00832245
0.0086782
0.00903305
0.00938503
0.0097325
0.0100742
0.0104091
0.0107366
0.0110561
0.0113674
0.0116703
0.0119648
0.0122512
0.0125294
0.0128
0.0130632
0.0133195
0.0135693
0.0138133
0.014052
0.0142861
0.0145163
0.0147433
0.014968
0.0151911
0.0154136
0.0156363
0.0158602
0.0160882
0.0163207
0.0165584
0.0168018
0.0170517
0.0173084
0.0175723
0.0178436
0.018122
0.0184068
0.0186971
0.018991
0.0192863
0.0195797
0.019867
0.020143
0.0204011
0.0206332
0.0208296
0.0209784
0.0210665
0.0210792
0.0210001
0.0208123
0.0204993
0.0200484
0.0194527
0.0187133
0.0178401
0.0168557
0.0158017
0.0147356
0.0137275
0.0128501
0.0121648
0.0117435
0.0116555
0.0119507
0.0125354
0.0134791
0.00477763
0.00525345
0.00559016
0.00586131
0.00611694
0.00638022
0.00665992
0.00695889
0.00727663
0.00761082
0.0079583
0.00831571
0.00867978
0.00904754
0.00941637
0.00978407
0.0101488
0.010509
0.0108636
0.0112116
0.0115523
0.0118854
0.0122105
0.0125275
0.0128364
0.0131372
0.0134303
0.0137158
0.0139941
0.0142657
0.014531
0.0147907
0.0150453
0.0152957
0.0155425
0.0157866
0.0160289
0.0162704
0.016512
0.0167548
0.0170005
0.0172515
0.0175086
0.0177725
0.0180443
0.0183247
0.0186146
0.0189144
0.0192244
0.0195447
0.0198747
0.0202135
0.0205594
0.0209101
0.0212625
0.0216125
0.0219547
0.0222827
0.0225887
0.0228633
0.0230959
0.0232746
0.0233865
0.0234178
0.023355
0.0231861
0.0229026
0.0225008
0.0219848
0.0213663
0.0206613
0.0199023
0.0191345
0.018415
0.0178223
0.0174486
0.0173716
0.0176496
0.0182922
0.019284
0.00535587
0.00571792
0.00600525
0.0062542
0.00649554
0.00674722
0.00701732
0.00730877
0.00762125
0.00795258
0.0082997
0.00865923
0.00902785
0.00940247
0.00978035
0.0101591
0.0105367
0.0109114
0.0112819
0.0116471
0.0120062
0.0123584
0.0127034
0.0130408
0.0133706
0.0136926
0.014007
0.0143139
0.0146136
0.0149065
0.0151929
0.0154735
0.0157488
0.0160194
0.0162863
0.0165501
0.0168119
0.0170726
0.0173334
0.0175954
0.0178596
0.0181292
0.0184053
0.0186891
0.0189819
0.0192847
0.0195986
0.0199247
0.0202636
0.0206158
0.0209814
0.02136
0.0217506
0.0221517
0.022561
0.0229753
0.0233905
0.0238013
0.0242015
0.0245835
0.024939
0.0252586
0.025532
0.0257488
0.025899
0.0259733
0.0259655
0.0258733
0.0257007
0.0254522
0.0251385
0.0247789
0.0243993
0.0240315
0.0237133
0.0234857
0.0233938
0.023457
0.0237501
0.0242383
0.00589952
0.0061913
0.00644454
0.00667733
0.00690591
0.00714595
0.00740481
0.0076858
0.0079891
0.00831298
0.00865471
0.00901113
0.00937903
0.00975532
0.0101372
0.0105222
0.0109081
0.011293
0.0116756
0.0120543
0.0124283
0.0127968
0.0131589
0.0135145
0.013863
0.0142044
0.0145386
0.0148656
0.0151856
0.0154989
0.0158058
0.0161066
0.0164021
0.0166927
0.0169793
0.0172627
0.0175438
0.0178237
0.0181034
0.0183843
0.0186675
0.0189548
0.019249
0.0195514
0.0198634
0.0201864
0.0205218
0.0208708
0.0212345
0.0216139
0.0220094
0.0224211
0.0228487
0.0232913
0.023747
0.0242136
0.0246876
0.0251649
0.0256401
0.0261072
0.0265589
0.0269875
0.0273846
0.0277416
0.0280501
0.0283025
0.0284929
0.0286189
0.0286786
0.0286723
0.0286043
0.0284821
0.0283147
0.0281133
0.0279069
0.0277142
0.0275571
0.0274446
0.0274522
0.0275741
0.00644048
0.00668724
0.00691575
0.00713481
0.00735373
0.00758293
0.00782989
0.00809833
0.00838928
0.0087018
0.00903375
0.00938237
0.00974471
0.0101178
0.0104989
0.0108855
0.0112752
0.0116662
0.0120568
0.0124454
0.012831
0.0132124
0.0135889
0.0139599
0.0143249
0.0146835
0.0150356
0.0153811
0.01572
0.0160524
0.0163785
0.0166988
0.0170136
0.0173236
0.0176293
0.0179317
0.0182316
0.01853
0.0188281
0.0191271
0.0194283
0.0197331
0.0200444
0.0203639
0.0206933
0.021034
0.0213878
0.0217561
0.0221403
0.0225416
0.0229609
0.0233987
0.0238551
0.0243295
0.0248209
0.0253272
0.0258459
0.0263732
0.0269046
0.0274347
0.0279572
0.0284651
0.0289508
0.0294066
0.0298244
0.0301968
0.0305178
0.0307817
0.0309836
0.0311202
0.0311899
0.0311917
0.0311241
0.030994
0.0308214
0.0306245
0.030414
0.0301991
0.030017
0.0298772
0.00700552
0.00721977
0.00742747
0.00763361
0.00784426
0.00806339
0.00829838
0.00855317
0.00882972
0.00912805
0.00944682
0.00978386
0.0101366
0.0105024
0.0108785
0.0112624
0.011652
0.012045
0.0124398
0.0128346
0.0132283
0.0136195
0.0140073
0.014391
0.0147698
0.0151434
0.0155112
0.0158732
0.0162291
0.0165791
0.0169231
0.0172615
0.0175946
0.0179228
0.0182469
0.0185674
0.0188852
0.0192014
0.0195171
0.0198334
0.0201517
0.0204735
0.0208004
0.0211355
0.0214802
0.0218363
0.0222055
0.0225895
0.0229899
0.0234081
0.0238452
0.0243021
0.0247793
0.0252765
0.025793
0.0263273
0.0268772
0.0274395
0.02801
0.0285838
0.0291551
0.0297172
0.030263
0.0307848
0.0312747
0.031725
0.0321285
0.0324775
0.0327652
0.0329857
0.0331343
0.0332059
0.0331959
0.0331139
0.0329624
0.0327532
0.032501
0.0322196
0.0319208
0.0316215
0.00762064
0.00780789
0.00799584
0.00818756
0.0083867
0.0085962
0.00881832
0.00905877
0.00931979
0.00960226
0.00990565
0.0102285
0.0105686
0.0109238
0.0112914
0.0116692
0.0120549
0.0124464
0.0128418
0.0132394
0.0136377
0.0140355
0.0144315
0.0148249
0.0152149
0.0156007
0.0159819
0.016358
0.0167289
0.0170945
0.0174546
0.0178095
0.0181593
0.0185045
0.0188455
0.019183
0.0195178
0.0198508
0.020183
0.0205156
0.0208499
0.0211872
0.021529
0.0218782
0.0222365
0.0226058
0.0229877
0.0233841
0.0237967
0.024227
0.0246765
0.0251461
0.0256366
0.0261482
0.0266804
0.027232
0.0278011
0.0283849
0.0289796
0.0295805
0.0301822
0.0307783
0.0313617
0.0319249
0.03246
0.0329591
0.0334139
0.0338156
0.0341564
0.0344293
0.0346282
0.0347463
0.0347829
0.0347339
0.0345995
0.0343887
0.0341152
0.0337941
0.033439
0.0330589
0.00831511
0.00847668
0.00864342
0.00881726
0.0090008
0.00919636
0.0094042
0.00962925
0.00987403
0.0101398
0.0104268
0.0107338
0.0110595
0.0114016
0.0117582
0.0121269
0.0125056
0.0128923
0.0132849
0.0136818
0.0140814
0.0144823
0.0148833
0.0152833
0.0156812
0.0160763
0.016468
0.0168556
0.017239
0.0176177
0.0179917
0.018361
0.0187257
0.019086
0.0194424
0.0197954
0.0201457
0.0204942
0.0208417
0.0211894
0.0215384
0.0218902
0.0222461
0.0226078
0.0229781
0.0233584
0.0237506
0.0241565
0.0245777
0.025016
0.0254729
0.0259495
0.0264467
0.026965
0.0275042
0.0280635
0.0286412
0.0292348
0.0298407
0.0304547
0.0310714
0.0316847
0.0322879
0.0328736
0.0334346
0.0339625
0.034448
0.0348825
0.0352576
0.0355661
0.0358018
0.0359588
0.0360335
0.0360175
0.0359085
0.0357113
0.0354371
0.0350998
0.034713
0.0342855
0.0091249
0.00925959
0.0094021
0.00955381
0.0097165
0.00989197
0.0100823
0.0102894
0.010517
0.0107658
0.0110359
0.0113266
0.0116366
0.0119643
0.0123077
0.0126649
0.0130339
0.0134125
0.0137988
0.0141911
0.0145882
0.0149884
0.0153906
0.0157933
0.0161956
0.0165964
0.0169951
0.0173911
0.0177837
0.0181726
0.0185576
0.0189386
0.0193156
0.0196887
0.0200584
0.020425
0.020789
0.0211513
0.0215127
0.0218741
0.0222365
0.0226013
0.0229696
0.0233429
0.0237237
0.0241134
0.0245138
0.0249265
0.0253533
0.0257959
0.0262558
0.0267342
0.0272321
0.0277503
0.0282889
0.0288472
0.0294241
0.0300169
0.0306226
0.0312373
0.0318559
0.0324725
0.0330807
0.0336744
0.0342465
0.0347883
0.0352905
0.0357444
0.0361421
0.0364764
0.0367417
0.036934
0.0370458
0.0370673
0.0369934
0.0368247
0.0365684
0.036236
0.0358409
0.0353923
0.0100922
0.0101986
0.0103139
0.0104396
0.0105771
0.0107279
0.0108941
0.0110811
0.0112906
0.0115222
0.0117752
0.0120492
0.0123429
0.0126548
0.0129832
0.0133263
0.0136823
0.0140491
0.0144245
0.0148068
0.0151963
0.0155907
0.0159893
0.0163902
0.0167921
0.0171941
0.0175954
0.0179953
0.0183931
0.0187883
0.0191806
0.0195698
0.0199558
0.0203388
0.0207188
0.0210964
0.021472
0.0218461
0.0222194
0.0225927
0.0229669
0.0233431
0.0237224
0.0241059
0.0244956
0.024893
0.0252995
0.0257167
0.0261462
0.0265897
0.0270485
0.027524
0.0280172
0.028529
0.0290597
0.0296093
0.0301772
0.0307599
0.0313552
0.0319596
0.0325685
0.0331764
0.0337775
0.0343671
0.0349379
0.0354815
0.0359891
0.0364521
0.0368635
0.0372172
0.0375086
0.0377332
0.0378816
0.0379436
0.0379117
0.0377827
0.037559
0.0372486
0.0368639
0.0364144
0.0112611
0.011338
0.0114233
0.0115192
0.0116274
0.0117487
0.0118885
0.0120536
0.012243
0.0124552
0.0126895
0.0129449
0.0132208
0.0135151
0.0138258
0.0141517
0.0144911
0.0148419
0.0152015
0.01557
0.0159475
0.0163322
0.0167219
0.0171146
0.0175099
0.0179069
0.0183052
0.0187039
0.0191018
0.0194983
0.0198931
0.020286
0.0206769
0.0210658
0.0214528
0.0218382
0.0222224
0.0226056
0.0229885
0.0233716
0.0237557
0.0241414
0.0245298
0.0249218
0.0253188
0.0257219
0.0261324
0.0265518
0.0269813
0.0274226
0.0278769
0.0283454
0.0288293
0.0293294
0.0298461
0.0303793
0.0309285
0.0314918
0.0320671
0.0326513
0.0332404
0.0338291
0.0344131
0.0349876
0.0355459
0.0360804
0.036583
0.0370461
0.0374641
0.0378321
0.0381452
0.0383966
0.0385777
0.0386785
0.0386898
0.0386053
0.0384224
0.0381452
0.0377836
0.0373468
0.012624
0.0126748
0.0127327
0.0128007
0.0128812
0.0129756
0.0130928
0.013236
0.0134039
0.0135949
0.013808
0.0140421
0.0142964
0.0145694
0.0148594
0.0151649
0.0154844
0.015816
0.016159
0.0165135
0.0168772
0.0172483
0.0176247
0.0180058
0.0183907
0.0187787
0.0191692
0.0195606
0.0199522
0.0203434
0.0207346
0.0211255
0.021516
0.021906
0.0222955
0.0226848
0.0230738
0.0234629
0.0238522
0.0242421
0.0246331
0.0250258
0.0254208
0.0258189
0.0262205
0.0266267
0.0270384
0.0274567
0.0278831
0.0283185
0.0287644
0.0292218
0.0296917
0.0301749
0.0306719
0.0311828
0.0317072
0.032244
0.0327915
0.0333472
0.0339077
0.0344686
0.0350255
0.0355736
0.0361085
0.0366235
0.0371116
0.0375669
0.0379836
0.0383563
0.0386799
0.0389481
0.0391526
0.0392841
0.0393332
0.0392915
0.0391527
0.0389155
0.0385864
0.0381731
0.0141879
0.0142236
0.0142641
0.0143133
0.0143749
0.0144524
0.0145515
0.0146742
0.0148206
0.0149896
0.0151802
0.0153914
0.0156223
0.0158715
0.0161379
0.01642
0.0167168
0.017027
0.01735
0.0176848
0.0180298
0.0183835
0.0187445
0.0191114
0.0194831
0.019858
0.0202352
0.020614
0.0209943
0.0213758
0.0217586
0.0221425
0.0225273
0.022913
0.0233
0.0236884
0.0240779
0.0244684
0.02486
0.0252527
0.0256466
0.0260421
0.0264394
0.0268393
0.0272411
0.0276456
0.0280536
0.0284662
0.0288844
0.0293091
0.0297416
0.0301827
0.0306333
0.0310942
0.0315659
0.0320485
0.0325418
0.033045
0.033557
0.0340756
0.0345984
0.0351221
0.0356433
0.0361582
0.0366617
0.0371477
0.037611
0.0380468
0.0384492
0.0388133
0.0391337
0.0394047
0.0396192
0.0397686
0.0398441
0.0398365
0.0397367
0.0395388
0.0392452
0.0388617
0.0160239
0.0160579
0.0160932
0.0161337
0.0161845
0.0162517
0.0163377
0.0164436
0.0165698
0.0167168
0.016884
0.0170708
0.0172762
0.0174995
0.0177396
0.0179958
0.018267
0.0185519
0.0188494
0.019158
0.0194772
0.019806
0.0201434
0.0204882
0.0208392
0.021195
0.0215552
0.0219192
0.0222865
0.0226569
0.0230299
0.0234049
0.023782
0.0241611
0.0245423
0.0249253
0.0253096
0.0256954
0.026083
0.0264721
0.0268622
0.0272535
0.0276461
0.0280394
0.0284329
0.0288272
0.0292232
0.0296217
0.0300236
0.0304298
0.0308413
0.0312588
0.0316831
0.032115
0.0325548
0.0330026
0.0334585
0.0339218
0.0343914
0.0348659
0.0353432
0.0358208
0.0362956
0.0367645
0.0372235
0.0376679
0.0380933
0.0384949
0.0388677
0.039207
0.0395083
0.0397665
0.0399752
0.040127
0.0402139
0.0402267
0.0401554
0.0399907
0.0397305
0.0393784
0.018187
0.0182316
0.0182736
0.0183163
0.0183646
0.0184252
0.0185015
0.0185941
0.0187038
0.0188314
0.0189767
0.0191395
0.0193192
0.0195151
0.0197266
0.0199531
0.0201938
0.0204478
0.020714
0.0209915
0.0212801
0.021579
0.0218876
0.0222049
0.0225302
0.0228631
0.0232028
0.0235483
0.0238986
0.0242533
0.0246119
0.024974
0.0253389
0.0257064
0.0260759
0.0264468
0.0268193
0.0271936
0.0275699
0.0279472
0.0283252
0.0287038
0.029082
0.0294585
0.0298336
0.0302081
0.0305825
0.0309574
0.0313337
0.031712
0.0320931
0.0324775
0.032866
0.033259
0.0336569
0.0340599
0.0344678
0.0348802
0.0352964
0.0357153
0.0361352
0.0365543
0.0369703
0.0373806
0.0377822
0.0381714
0.0385445
0.0388973
0.0392258
0.0395258
0.0397933
0.0400234
0.0402106
0.0403487
0.0404305
0.040448
0.0403912
0.0402491
0.0400162
0.0396932
0.0207293
0.020795
0.0208543
0.0209095
0.0209642
0.0210235
0.0210923
0.0211743
0.0212708
0.0213819
0.0215076
0.0216478
0.0218023
0.0219709
0.022153
0.0223485
0.0225569
0.0227779
0.0230111
0.0232569
0.0235143
0.0237825
0.0240607
0.0243482
0.0246441
0.0249479
0.025259
0.0255764
0.0258996
0.0262279
0.0265609
0.0268983
0.0272392
0.0275832
0.0279298
0.0282788
0.0286303
0.0289834
0.0293366
0.0296895
0.030042
0.0303921
0.0307392
0.0310837
0.031426
0.0317664
0.0321054
0.0324435
0.0327812
0.033119
0.0334574
0.0337968
0.0341377
0.0344805
0.0348253
0.0351723
0.0355215
0.0358725
0.036225
0.0365779
0.0369303
0.0372808
0.0376276
0.037969
0.0383024
0.0386252
0.0389344
0.0392266
0.0394983
0.0397462
0.0399663
0.0401546
0.0403063
0.0404163
0.0404784
0.0404857
0.040429
0.0402975
0.0400829
0.0397835
0.0236759
0.0237721
0.0238587
0.0239369
0.0240092
0.0240795
0.0241521
0.024231
0.0243187
0.0244167
0.0245257
0.0246461
0.0247781
0.0249216
0.0250766
0.025243
0.0254206
0.0256094
0.0258091
0.0260196
0.0262404
0.026471
0.0267107
0.0269589
0.027215
0.0274785
0.0277489
0.0280257
0.0283083
0.0285963
0.0288897
0.0291889
0.0294924
0.0297991
0.0301083
0.0304191
0.0307311
0.0310436
0.0313542
0.0316616
0.0319653
0.0322658
0.0325633
0.032858
0.0331501
0.0334398
0.0337275
0.0340134
0.0342978
0.034581
0.0348632
0.0351449
0.0354261
0.0357072
0.0359883
0.0362694
0.0365506
0.0368315
0.0371119
0.0373911
0.0376685
0.0379429
0.0382133
0.0384781
0.0387356
0.0389838
0.0392204
0.0394426
0.0396478
0.0398329
0.0399947
0.0401298
0.0402341
0.0403033
0.0403324
0.0403155
0.0402449
0.0401105
0.0399032
0.0396192
0.0269305
0.0270673
0.0271924
0.0273057
0.0274085
0.0275032
0.0275933
0.0276823
0.027773
0.027868
0.0279689
0.0280763
0.0281907
0.0283123
0.0284414
0.0285784
0.0287235
0.0288773
0.0290395
0.02921
0.0293886
0.0295751
0.029769
0.0299698
0.0301773
0.030391
0.0306107
0.0308361
0.0310665
0.0313015
0.0315408
0.0317835
0.0320293
0.0322779
0.0325276
0.0327769
0.0330239
0.0332677
0.033509
0.0337477
0.0339839
0.0342175
0.0344485
0.0346772
0.0349034
0.0351273
0.035349
0.0355687
0.0357864
0.0360023
0.0362165
0.0364291
0.0366402
0.03685
0.0370585
0.0372656
0.0374713
0.0376755
0.0378777
0.0380777
0.0382749
0.0384685
0.0386576
0.0388412
0.0390179
0.0391864
0.0393446
0.0394908
0.0396226
0.0397375
0.0398331
0.0399063
0.039954
0.0399724
0.0399576
0.0399049
0.0398077
0.0396576
0.0394459
0.0391673
0.0301985
0.0303941
0.0305764
0.0307443
0.0308975
0.0310371
0.031165
0.0312837
0.0313959
0.0315039
0.0316095
0.0317142
0.0318193
0.0319257
0.0320342
0.0321456
0.0322603
0.0323787
0.0325011
0.0326275
0.0327582
0.0328932
0.0330324
0.0331757
0.033323
0.0334744
0.0336303
0.03379
0.033953
0.0341185
0.0342855
0.0344523
0.0346185
0.0347839
0.0349488
0.0351132
0.0352766
0.0354387
0.0355994
0.0357584
0.0359158
0.0360713
0.0362249
0.0363766
0.0365264
0.0366742
0.0368199
0.0369637
0.0371056
0.0372454
0.0373833
0.0375192
0.0376532
0.0377853
0.0379154
0.0380434
0.0381693
0.0382928
0.0384138
0.0385318
0.0386465
0.0387573
0.0388636
0.0389644
0.0390589
0.0391458
0.039224
0.0392917
0.0393474
0.039389
0.0394146
0.0394216
0.0394076
0.0393697
0.0393047
0.0392088
0.0390769
0.0389019
0.0386764
0.0383942
0.032907
0.0331732
0.0334259
0.0336627
0.0338824
0.0340844
0.0342691
0.0344378
0.0345918
0.0347331
0.0348627
0.0349828
0.035095
0.0352008
0.0353014
0.035398
0.0354916
0.0355826
0.0356714
0.0357585
0.0358444
0.0359295
0.0360142
0.0360987
0.0361832
0.0362676
0.0363512
0.0364347
0.0365182
0.0366019
0.0366857
0.0367694
0.0368528
0.0369357
0.037018
0.0370997
0.0371806
0.0372606
0.0373396
0.0374173
0.0374938
0.0375688
0.0376424
0.0377144
0.0377848
0.0378535
0.0379204
0.0379855
0.0380488
0.0381102
0.0381696
0.0382271
0.0382825
0.0383357
0.0383869
0.0384357
0.0384821
0.038526
0.0385671
0.0386051
0.0386397
0.0386704
0.0386968
0.0387182
0.0387339
0.038743
0.0387445
0.0387372
0.0387199
0.0386911
0.0386491
0.0385922
0.0385183
0.0384253
0.0383107
0.0381716
0.0380037
0.0378016
0.0375597
0.0372683
0.0344506
0.0347717
0.0350813
0.0353766
0.0356554
0.0359162
0.0361582
0.0363811
0.0365852
0.0367711
0.0369398
0.0370924
0.0372299
0.0373538
0.0374651
0.0375651
0.0376543
0.0377338
0.0378046
0.0378678
0.0379243
0.0379748
0.0380202
0.038061
0.0380978
0.038131
0.0381609
0.0381879
0.0382122
0.0382343
0.0382544
0.0382726
0.0382892
0.0383041
0.0383174
0.0383293
0.0383397
0.0383487
0.0383562
0.0383622
0.0383667
0.0383696
0.0383711
0.0383709
0.0383691
0.0383657
0.0383605
0.0383536
0.0383449
0.0383344
0.038322
0.0383077
0.0382915
0.0382732
0.0382528
0.0382302
0.0382054
0.0381781
0.0381482
0.0381155
0.0380798
0.0380406
0.0379976
0.0379503
0.0378981
0.0378405
0.0377766
0.0377056
0.0376266
0.0375386
0.0374402
0.0373301
0.0372069
0.0370689
0.0369144
0.0367408
0.0365448
0.0363221
0.0360638
0.0357653
0.0345353
0.0348665
0.0351906
0.035505
0.0358072
0.0360954
0.0363679
0.0366236
0.0368611
0.0370795
0.037279
0.0374602
0.0376237
0.0377704
0.037901
0.0380165
0.0381177
0.0382056
0.0382809
0.0383446
0.0383976
0.0384408
0.0384748
0.0385005
0.0385186
0.0385296
0.0385342
0.0385328
0.038526
0.0385143
0.0384981
0.0384778
0.0384538
0.0384262
0.0383955
0.0383618
0.0383253
0.0382861
0.0382445
0.0382005
0.0381542
0.0381057
0.0380551
0.0380025
0.0379478
0.0378912
0.0378326
0.0377721
0.0377098
0.0376455
0.0375794
0.0375114
0.0374416
0.0373699
0.0372963
0.0372207
0.0371431
0.0370635
0.0369816
0.0368973
0.0368105
0.036721
0.0366284
0.0365323
0.0364325
0.0363283
0.0362194
0.0361051
0.0359847
0.0358575
0.0357226
0.0355789
0.0354254
0.0352611
0.0350843
0.0348922
0.0346804
0.0344431
0.0341762
0.0338791
0.0333578
0.0336324
0.0339053
0.0341745
0.0344379
0.0346935
0.0349399
0.0351754
0.0353983
0.0356075
0.0358027
0.0359835
0.03615
0.0363023
0.0364404
0.0365648
0.0366757
0.0367736
0.036859
0.0369324
0.0369945
0.0370457
0.0370866
0.0371176
0.0371392
0.0371521
0.0371566
0.0371534
0.0371431
0.0371262
0.037103
0.0370741
0.0370397
0.0370003
0.0369562
0.0369077
0.0368551
0.0367987
0.0367386
0.0366751
0.0366084
0.0365387
0.0364661
0.0363909
0.036313
0.0362327
0.0361501
0.0360651
0.035978
0.0358888
0.0357976
0.0357044
0.0356093
0.0355123
0.0354134
0.0353127
0.03521
0.0351055
0.034999
0.0348904
0.0347797
0.0346667
0.0345512
0.034433
0.0343118
0.0341875
0.0340598
0.0339279
0.0337914
0.0336496
0.0335019
0.0333474
0.0331847
0.0330114
0.0328254
0.0326252
0.0324076
0.0321688
0.0319074
0.0316241
0.0315093
0.0316742
0.0318421
0.0320109
0.0321791
0.0323453
0.0325083
0.0326672
0.0328213
0.0329692
0.0331103
0.0332441
0.0333701
0.0334881
0.0335978
0.0336991
0.0337918
0.0338759
0.0339515
0.0340187
0.0340774
0.034128
0.0341705
0.0342052
0.0342323
0.0342521
0.0342647
0.0342705
0.0342697
0.0342626
0.0342494
0.0342305
0.0342061
0.0341765
0.0341418
0.0341025
0.0340587
0.0340107
0.0339586
0.0339027
0.0338434
0.0337809
0.0337152
0.0336463
0.0335745
0.0334998
0.0334222
0.033342
0.0332593
0.033174
0.0330863
0.0329964
0.0329042
0.0328097
0.0327132
0.0326145
0.0325137
0.0324109
0.0323059
0.0321988
0.0320895
0.0319779
0.0318639
0.0317474
0.0316279
0.0315045
0.031377
0.0312452
0.0311088
0.0309674
0.0308204
0.0306671
0.0305064
0.0303364
0.030155
0.029961
0.0297526
0.029528
0.0292863
0.0290285
0.0295136
0.0295713
0.0296296
0.0296887
0.0297482
0.0298078
0.0298673
0.0299264
0.0299856
0.0300439
0.0301009
0.0301562
0.0302096
0.0302609
0.0303097
0.0303558
0.030399
0.0304391
0.0304759
0.0305093
0.0305391
0.0305653
0.0305878
0.0306064
0.0306212
0.0306321
0.0306391
0.0306421
0.0306413
0.0306366
0.030628
0.0306157
0.0305996
0.0305798
0.0305564
0.0305294
0.0304991
0.0304653
0.0304283
0.0303879
0.0303437
0.0302959
0.0302446
0.03019
0.0301323
0.0300718
0.0300084
0.0299423
0.0298736
0.0298023
0.0297287
0.0296526
0.0295743
0.0294936
0.0294107
0.0293256
0.0292382
0.0291487
0.0290569
0.0289628
0.0288665
0.0287677
0.0286665
0.0285626
0.0284557
0.0283451
0.0282305
0.0281116
0.0279881
0.0278597
0.0277257
0.0275855
0.0274384
0.0272833
0.0271191
0.0269446
0.0267587
0.0265602
0.0263484
0.0261243
0.0275352
0.0274632
0.0274011
0.0273468
0.0272989
0.027256
0.0272174
0.0271823
0.0271503
0.0271223
0.0270965
0.0270725
0.0270503
0.0270294
0.0270097
0.026991
0.0269732
0.026956
0.0269393
0.026923
0.0269069
0.0268908
0.0268747
0.0268584
0.0268417
0.0268245
0.0268068
0.0267882
0.0267689
0.0267485
0.0267271
0.0267045
0.0266807
0.0266555
0.0266289
0.0266008
0.0265712
0.02654
0.0265071
0.0264725
0.0264356
0.0263964
0.0263549
0.0263111
0.0262651
0.0262168
0.0261664
0.0261138
0.0260592
0.0260024
0.0259436
0.0258827
0.0258198
0.0257549
0.0256879
0.025619
0.025548
0.0254749
0.0253998
0.0253225
0.025243
0.0251612
0.025077
0.0249902
0.0249006
0.0248079
0.0247119
0.0246122
0.0245084
0.0244002
0.0242871
0.0241686
0.024044
0.0239128
0.0237741
0.0236273
0.0234714
0.0233057
0.0231298
0.0229445
0.0257205
0.0255171
0.0253293
0.0251553
0.0249933
0.0248419
0.0247
0.0245664
0.0244404
0.0243217
0.0242105
0.0241052
0.0240052
0.02391
0.0238195
0.0237331
0.0236508
0.0235721
0.0234969
0.023425
0.0233562
0.0232903
0.0232271
0.0231664
0.0231081
0.023052
0.0229979
0.0229457
0.0228952
0.0228462
0.0227986
0.0227522
0.0227068
0.0226624
0.0226188
0.0225758
0.0225333
0.0224912
0.0224493
0.0224074
0.0223655
0.0223232
0.0222806
0.0222375
0.0221937
0.0221491
0.0221037
0.0220574
0.0220101
0.0219618
0.0219123
0.0218617
0.0218099
0.0217568
0.0217024
0.0216467
0.0215895
0.0215309
0.0214707
0.0214089
0.0213454
0.02128
0.0212128
0.0211435
0.0210719
0.0209979
0.0209213
0.0208418
0.0207591
0.0206729
0.0205828
0.0204884
0.0203892
0.0202848
0.0201747
0.0200582
0.0199349
0.0198042
0.0196657
0.0195201
0.0238324
0.0235309
0.0232448
0.0229734
0.0227155
0.0224703
0.0222371
0.022015
0.0218034
0.0216016
0.0214092
0.0212265
0.0210526
0.0208864
0.0207276
0.0205757
0.0204304
0.0202914
0.0201583
0.020031
0.019909
0.0197922
0.0196804
0.0195732
0.0194706
0.0193722
0.0192779
0.0191874
0.0191006
0.0190174
0.0189374
0.0188605
0.0187866
0.0187155
0.0186469
0.0185808
0.018517
0.0184552
0.0183954
0.0183374
0.018281
0.018226
0.0181723
0.0181198
0.0180683
0.0180176
0.0179676
0.0179181
0.0178691
0.0178205
0.017772
0.0177236
0.0176751
0.0176265
0.0175777
0.0175286
0.017479
0.0174289
0.0173781
0.0173266
0.0172742
0.0172209
0.0171665
0.0171108
0.0170537
0.0169951
0.0169347
0.0168724
0.0168079
0.016741
0.0166714
0.0165987
0.0165227
0.016443
0.0163592
0.016271
0.0161778
0.0160793
0.0159752
0.0158658
0.0213261
0.0209788
0.0206442
0.0203221
0.020012
0.0197138
0.0194269
0.0191508
0.0188852
0.0186298
0.0183842
0.0181481
0.0179214
0.0177043
0.0174958
0.0172955
0.017103
0.0169179
0.0167401
0.0165693
0.0164051
0.0162473
0.0160958
0.0159502
0.0158102
0.0156758
0.0155466
0.0154225
0.0153033
0.0151887
0.0150786
0.0149728
0.014871
0.0147732
0.0146792
0.0145887
0.0145016
0.0144178
0.0143371
0.0142593
0.0141844
0.0141121
0.0140423
0.0139748
0.0139096
0.0138464
0.0137851
0.0137256
0.0136678
0.0136114
0.0135565
0.0135027
0.0134501
0.0133985
0.0133478
0.0132978
0.0132485
0.0131997
0.0131512
0.0131031
0.0130551
0.0130071
0.012959
0.0129106
0.0128619
0.0128126
0.0127627
0.0127118
0.0126599
0.0126068
0.0125522
0.0124958
0.0124376
0.012377
0.012314
0.0122482
0.0121792
0.0121069
0.0120309
0.0119512
0.0171869
0.0168586
0.0165395
0.0162297
0.0159292
0.0156378
0.0153554
0.015082
0.0148174
0.0145615
0.014314
0.0140748
0.0138437
0.0136205
0.0134053
0.0131981
0.0129982
0.0128054
0.0126193
0.0124398
0.0122665
0.0120993
0.011938
0.0117823
0.0116321
0.0114872
0.0113473
0.0112124
0.0110822
0.0109565
0.0108352
0.0107182
0.0106052
0.0104962
0.0103909
0.0102893
0.0101912
0.0100965
0.010005
0.00991658
0.00983122
0.0097488
0.00966919
0.00959229
0.00951797
0.00944613
0.00937667
0.00930947
0.00924444
0.00918146
0.00912044
0.00906127
0.00900386
0.00894811
0.00889391
0.00884117
0.00878979
0.00873968
0.00869073
0.00864284
0.00859592
0.00854987
0.00850457
0.00845993
0.00841583
0.00837216
0.0083288
0.00828562
0.00824249
0.00819927
0.00815581
0.00811195
0.00806752
0.00802234
0.00797622
0.00792897
0.00788037
0.00783022
0.00777833
0.00772462
0.00917061
0.00902252
0.00887751
0.00873589
0.00859776
0.00846331
0.0083327
0.0082059
0.00808285
0.00796351
0.00784784
0.00773578
0.00762726
0.0075222
0.00742051
0.00732213
0.00722712
0.00713551
0.00704712
0.00696179
0.00687939
0.00679978
0.00672282
0.00664841
0.00657644
0.0065068
0.00643939
0.00637412
0.0063109
0.00624965
0.00619029
0.00613274
0.00607692
0.00602277
0.00597022
0.00591921
0.00586966
0.00582152
0.00577472
0.00572922
0.00568496
0.00564187
0.00559992
0.00555905
0.00551921
0.00548036
0.00544244
0.00540542
0.00536925
0.00533388
0.00529927
0.00526537
0.00523216
0.00519957
0.00516759
0.00513615
0.00510523
0.00507478
0.00504476
0.00501514
0.00498587
0.00495692
0.00492824
0.0048998
0.00487154
0.00484344
0.00481543
0.00478749
0.00475955
0.00473156
0.00470348
0.00467525
0.0046468
0.00461807
0.00458898
0.00455946
0.00452943
0.0044988
0.00446747
0.00443535
0.00382442
0.00638377
0.00848264
0.0100144
0.0109273
0.0128702
0.0148311
0.0165103
0.0186681
0.0205399
0.0218001
0.0231369
0.0248765
0.0255024
0.0260886
0.027758
0.0279291
0.0280706
0.029768
0.0296686
0.0295563
0.031339
0.0310738
0.0307973
0.0326765
0.0323067
0.0319196
0.033847
0.0334145
0.0329554
0.0349245
0.0344567
0.0339541
0.0359369
0.0354501
0.0349213
0.036873
0.0363824
0.0358441
0.0377151
0.0372311
0.036694
0.0384264
0.0379572
0.0374304
0.0389698
0.0385208
0.0380108
0.0393116
0.0388851
0.0383959
0.0394265
0.0390221
0.0385549
0.0392818
0.038897
0.038451
0.0388428
0.0384736
0.0380468
0.0380766
0.0377189
0.0373092
0.0369541
0.0366063
0.0362137
0.0354562
0.0351209
0.0347483
0.0335819
0.0332649
0.0329181
0.0313478
0.0310567
0.030742
0.0287812
0.0285227
0.0282455
0.025912
0.025691
0.0254554
0.0227704
0.0225896
0.0223975
0.0193843
0.0192431
0.0190934
0.0157645
0.015659
0.0155473
0.0118783
0.0118021
0.0117218
0.00767648
0.00762622
0.00757342
0.00440694
0.00437776
0.00434771
0.000801046
0.00163926
0.00232236
0.00295637
0.00356673
0.00416697
0.00476612
0.00537156
0.00599305
0.00664783
0.00736891
0.0081188
0.00887514
0.00964449
0.0104356
0.0112561
0.0121137
0.0130243
0.014092
0.0154122
0.0169364
0.0186097
0.0205447
0.0230791
0.0258591
0.00187506
0.00367797
0.00482178
0.00606015
0.00743741
0.00887659
0.0103312
0.0117679
0.0131675
0.0145221
0.0158316
0.0171078
0.0183952
0.0197103
0.0210641
0.0224699
0.0239543
0.0255505
0.0274155
0.0296514
0.0319929
0.0342496
0.0363639
0.0380338
0.0399601
0.00252848
0.00519104
0.00682892
0.00853418
0.010286
0.0119791
0.013576
0.0150794
0.01651
0.0178911
0.0192419
0.0205834
0.0219389
0.0233175
0.024722
0.0261549
0.0276269
0.0291909
0.0308346
0.0324573
0.0337379
0.0345967
0.0350175
0.0348959
0.0342442
0.00312884
0.00657861
0.00871669
0.0107245
0.0125916
0.0142755
0.015797
0.0172
0.0185283
0.0198151
0.0210787
0.022335
0.0235943
0.0248575
0.0261178
0.0273651
0.0286176
0.0298684
0.0309526
0.0317517
0.032139
0.0321742
0.0318915
0.0313001
0.0303843
0.00380468
0.00815947
0.0107063
0.0128589
0.0147024
0.0162739
0.0176542
0.0189121
0.0200988
0.0212477
0.0223688
0.0234753
0.0245702
0.0256476
0.026693
0.0277023
0.0286565
0.0294468
0.0299634
0.0301842
0.0301301
0.0298437
0.0293472
0.0286471
0.0277321
0.00476935
0.0100109
0.0128698
0.0150748
0.0168081
0.0182226
0.0194312
0.0205142
0.0215286
0.022506
0.02345
0.0243705
0.0252673
0.0261313
0.0269453
0.0276889
0.0283084
0.0286947
0.0288313
0.0287469
0.0284815
0.0280606
0.0274983
0.0267978
0.0259493
0.0061153
0.0128875
0.0155323
0.0175041
0.0190177
0.0202127
0.0212022
0.0220842
0.0228995
0.0236791
0.0244216
0.0251349
0.0258169
0.0264557
0.0270357
0.0275171
0.02782
0.0279105
0.0278108
0.0275613
0.0271899
0.026713
0.0261384
0.0254642
0.0246787
0.00991486
0.0163239
0.018697
0.020224
0.0213408
0.0222133
0.0229507
0.0236005
0.0241962
0.024761
0.0252863
0.0257816
0.0262449
0.0266643
0.0270136
0.0272328
0.0272829
0.0271711
0.0269286
0.0265872
0.026164
0.0256687
0.0251037
0.0244634
0.0237338
0.0159316
0.0200254
0.0218022
0.0228137
0.0235216
0.0240677
0.0245281
0.0249425
0.0253293
0.0256717
0.0259833
0.026271
0.0265295
0.0267395
0.0268607
0.026858
0.0267258
0.02648
0.0261524
0.0257606
0.0253151
0.0248204
0.0242749
0.02367
0.0229898
0.0210096
0.0231534
0.0242125
0.0248241
0.0252353
0.0255383
0.0257814
0.0259893
0.0261708
0.0263219
0.026454
0.0265649
0.0266411
0.0266586
0.0265917
0.0264285
0.0261749
0.0258511
0.0254777
0.0250643
0.0246162
0.0241343
0.023614
0.0230443
0.0224077
0.0243747
0.0253532
0.0259127
0.0262445
0.0264441
0.0265653
0.0266414
0.0266908
0.0267107
0.0267126
0.0266973
0.0266571
0.0265778
0.0264431
0.0262417
0.0259729
0.0256475
0.0252842
0.0248916
0.024475
0.0240363
0.0235739
0.0230809
0.0225446
0.0219466
0.0265801
0.0269567
0.0271739
0.0272724
0.027288
0.0272526
0.0271888
0.0271024
0.027
0.0268836
0.0267485
0.0265865
0.026388
0.0261453
0.025856
0.0255242
0.0251646
0.0247845
0.0243886
0.023979
0.0235556
0.023115
0.0226487
0.022143
0.0215787
0.0281666
0.028203
0.0281664
0.0280661
0.0279206
0.02775
0.0275612
0.0273616
0.0271532
0.0269328
0.0266952
0.0264348
0.0261468
0.0258291
0.0254837
0.02512
0.0247436
0.0243584
0.0239662
0.0235676
0.0231609
0.0227412
0.0222991
0.0218203
0.0212851
0.0294146
0.0292264
0.0289987
0.0287395
0.0284597
0.0281669
0.0278674
0.0275641
0.0272558
0.0269399
0.0266137
0.0262739
0.0259167
0.0255463
0.0251665
0.0247819
0.0243958
0.0240091
0.0236219
0.0232337
0.0228419
0.0224404
0.0220189
0.0215627
0.0210517
0.03049
0.0301389
0.0297645
0.0293737
0.0289723
0.028568
0.0281648
0.0277623
0.0273592
0.0269546
0.0265471
0.0261381
0.0257289
0.0253202
0.0249147
0.024516
0.0241228
0.0237339
0.0233496
0.0229693
0.0225894
0.0222022
0.0217971
0.0213592
0.0208678
0.031492
0.0310124
0.0305171
0.030012
0.0295052
0.0290003
0.0284983
0.0280009
0.0275078
0.0270215
0.0265449
0.0260772
0.025619
0.0251718
0.0247376
0.0243182
0.0239128
0.0235196
0.0231373
0.022764
0.0223933
0.0220166
0.0216238
0.0212001
0.020724
0.0324455
0.0318753
0.0312881
0.0306924
0.0300934
0.0294956
0.0289002
0.0283156
0.0277442
0.027187
0.0266454
0.0261205
0.0256137
0.0251263
0.0246598
0.0242149
0.0237897
0.0233822
0.022991
0.022613
0.0222428
0.021872
0.0214886
0.021076
0.0206116
0.0333864
0.0327528
0.0320968
0.0314239
0.0307447
0.0300682
0.0293984
0.02874
0.0280969
0.027472
0.0268677
0.0262861
0.0257291
0.0251982
0.0246949
0.024218
0.0237652
0.0233354
0.0229267
0.0225358
0.0221574
0.0217828
0.0213992
0.0209891
0.0205292
0.034317
0.0336381
0.0329311
0.0322041
0.0314665
0.0307268
0.0299921
0.0292683
0.0285605
0.0278728
0.0272088
0.0265714
0.0259632
0.0253864
0.0248415
0.0243264
0.0238394
0.02338
0.0229464
0.0225354
0.0221411
0.0217547
0.021363
0.0209477
0.0204852
0.0352225
0.0345185
0.0337786
0.0330126
0.0322303
0.031441
0.0306531
0.0298738
0.0291092
0.0283647
0.027645
0.0269541
0.0262954
0.0256715
0.0250815
0.0245238
0.0239981
0.0235041
0.0230402
0.022603
0.0221867
0.0217818
0.0213749
0.0209474
0.0204747
0.0360673
0.0353534
0.0345962
0.0338062
0.0329935
0.0321682
0.0313393
0.0305151
0.0297029
0.0289091
0.0281394
0.027399
0.0266924
0.0260214
0.0253852
0.0247836
0.0242172
0.0236861
0.0231886
0.0227214
0.0222784
0.0218499
0.0214222
0.0209761
0.0204868
0.036809
0.0360975
0.0353364
0.0345359
0.0337064
0.0328581
0.0320007
0.0311431
0.0302936
0.0294595
0.0286474
0.0278634
0.0271133
0.0263981
0.0257177
0.0250739
0.0244679
0.0238996
0.0233677
0.0228686
0.0223963
0.0219408
0.0214879
0.0210182
0.0205065
0.037403
0.0367037
0.0359496
0.0351505
0.0343166
0.033458
0.0325846
0.0317059
0.0308306
0.0299669
0.0291223
0.0283031
0.0275148
0.0267609
0.0260422
0.0253612
0.0247191
0.0241162
0.0235513
0.0230208
0.0225184
0.022034
0.0215532
0.0210562
0.0205178
0.0378073
0.0371276
0.0363897
0.0356026
0.0347759
0.0339196
0.0330433
0.0321564
0.031268
0.0303863
0.0295192
0.0286736
0.0278555
0.0270709
0.0263224
0.0256113
0.0249393
0.0243067
0.0237124
0.0231528
0.0226215
0.0221081
0.021598
0.0210714
0.0205031
0.0379882
0.0373328
0.0366174
0.0358503
0.0350403
0.0341968
0.0333291
0.0324464
0.0315575
0.0306709
0.0297945
0.0289354
0.0281001
0.0272946
0.0265238
0.025791
0.0250968
0.0244413
0.0238232
0.0232387
0.0226812
0.0221401
0.0216007
0.0210435
0.0204439
0.0379074
0.0372792
0.0365913
0.035851
0.0350663
0.0342457
0.0333978
0.0325313
0.0316548
0.0307767
0.0299047
0.0290461
0.0282077
0.0273954
0.0266142
0.0258683
0.0251605
0.0244903
0.0238553
0.0232515
0.022672
0.022106
0.0215387
0.0209513
0.0203202
0.037526
0.0369268
0.0362705
0.0355633
0.0348119
0.0340239
0.0332071
0.0323694
0.0315188
0.0306632
0.0298102
0.028967
0.0281402
0.0273356
0.0265584
0.0258126
0.0251007
0.0244241
0.0237803
0.023164
0.0225676
0.0219804
0.021388
0.0207723
0.0201113
0.0368112
0.036243
0.0356223
0.034954
0.0342439
0.0334982
0.0327235
0.0319269
0.0311156
0.0302967
0.0294774
0.0286644
0.0278639
0.0270818
0.0263228
0.0255907
0.0248879
0.0242149
0.02357
0.0229483
0.0223412
0.0217377
0.0211239
0.0204836
0.019796
0.03574
0.0352057
0.0346251
0.034002
0.0333408
0.0326463
0.0319242
0.0311802
0.0304207
0.0296519
0.02888
0.0281113
0.0273515
0.0266057
0.0258785
0.0251731
0.0244917
0.023834
0.0231978
0.0225777
0.0219659
0.0213518
0.0207223
0.0200629
0.0193535
0.0343031
0.0338071
0.0332719
0.0327001
0.0320947
0.0314595
0.0307989
0.0301176
0.0294206
0.0287133
0.028001
0.0272889
0.0265822
0.0258852
0.0252019
0.0245351
0.023886
0.023254
0.0226358
0.0220258
0.0214162
0.020798
0.0201605
0.0194879
0.0187533
0.0325072
0.0320548
0.0315703
0.031055
0.0305113
0.0299417
0.0293494
0.0287382
0.0281119
0.0274749
0.0268315
0.0261858
0.0255421
0.0249041
0.0242748
0.0236562
0.0230488
0.0224509
0.0218587
0.0212666
0.0206678
0.0200549
0.0194122
0.0187227
0.0179663
0.0303714
0.0299678
0.0295382
0.0290837
0.0286054
0.0281054
0.0275858
0.0270493
0.026499
0.0259379
0.0253693
0.0247966
0.0242229
0.0236508
0.0230827
0.0225194
0.0219605
0.0214034
0.0208442
0.0202784
0.0196977
0.0190901
0.0184438
0.017746
0.0169824
0.0279206
0.0275697
0.0271982
0.0268067
0.0263959
0.0259671
0.0255219
0.0250621
0.0245896
0.0241068
0.0236159
0.0231192
0.0226188
0.0221166
0.0216136
0.0211098
0.0206039
0.0200933
0.0195739
0.0190362
0.0184734
0.0178773
0.0172396
0.0165504
0.0157987
0.0251798
0.024884
0.0245721
0.0242444
0.0239012
0.0235433
0.0231717
0.0227876
0.0223921
0.0219868
0.021573
0.0211521
0.0207253
0.0202934
0.0198564
0.0194136
0.0189638
0.0185011
0.0180198
0.0175137
0.0169782
0.0164074
0.0157949
0.0151334
0.0144148
0.0221726
0.0219324
0.0216796
0.0214142
0.0211365
0.0208469
0.0205458
0.0202339
0.0199118
0.0195804
0.0192402
0.0188918
0.0185357
0.0181717
0.0177992
0.017417
0.0170209
0.0166055
0.0161673
0.0157027
0.0152078
0.0146782
0.0141091
0.0134953
0.012831
0.0189177
0.0187305
0.0185335
0.0183265
0.0181096
0.0178829
0.0176466
0.0174008
0.0171459
0.0168819
0.0166091
0.0163274
0.0160367
0.0157364
0.0154255
0.0151026
0.0147607
0.0143973
0.0140114
0.0136002
0.0131606
0.0126894
0.0121832
0.0116387
0.0110522
0.0154155
0.0152756
0.015128
0.0149726
0.0148092
0.0146378
0.0144582
0.0142705
0.0140744
0.0138698
0.0136566
0.0134344
0.0132029
0.0129613
0.012709
0.0124447
0.0121649
0.0118676
0.0115481
0.0112052
0.0108376
0.010444
0.0100228
0.0095724
0.00909072
0.0116271
0.0115271
0.0114217
0.0113102
0.0111927
0.0110689
0.0109387
0.0108018
0.0106579
0.0105067
0.010348
0.0101815
0.0100067
0.00982329
0.00963078
0.00942864
0.00921602
0.00899178
0.00875326
0.0084996
0.0082301
0.00794399
0.0076404
0.00731818
0.00697309
0.00751192
0.00744949
0.00738547
0.00731808
0.00724689
0.00717173
0.00709244
0.00700884
0.00692075
0.006828
0.00673042
0.00662787
0.00652017
0.00640718
0.00628877
0.0061648
0.00603513
0.00589959
0.00575787
0.00560961
0.00545447
0.00529208
0.00512198
0.00494338
0.00475398
0.00431237
0.00427572
0.00423764
0.00419797
0.00415656
0.00411325
0.00406785
0.00402018
0.00397004
0.00391722
0.00386151
0.00380268
0.00374049
0.00367468
0.00360499
0.00353112
0.00345275
0.00336953
0.00328108
0.00318695
0.00308667
0.00297967
0.00286527
0.00274263
0.00261067
0.0127613
0.0354514
0.0309407
0.0243203
0.0203251
0.0179257
0.0157538
0.0131864
0.0098178
0.0065651
0.0129433
0.0364967
0.0313767
0.0244238
0.0204681
0.0181304
0.0159622
0.0133637
0.00994366
0.00659948
0.0131801
0.0374006
0.0317184
0.0244953
0.0206189
0.0183509
0.0161815
0.0135448
0.0100698
0.00662957
0.0134728
0.0383156
0.0320174
0.02455
0.0207797
0.0185836
0.0164074
0.0137278
0.0101961
0.00665526
0.013773
0.0391687
0.0322507
0.0245827
0.0209506
0.0188273
0.0166376
0.01391
0.0103198
0.00667569
0.0140737
0.0399693
0.0324154
0.0245988
0.0211376
0.0190851
0.0168733
0.0140917
0.0104407
0.0066902
0.0143584
0.040696
0.0324997
0.0246027
0.0213464
0.0193593
0.0171151
0.0142725
0.0105579
0.00669799
0.0146256
0.04132
0.0324879
0.0246004
0.0215838
0.0196532
0.0173637
0.014452
0.0106706
0.00669831
0.0149015
0.0417971
0.0323606
0.0245991
0.0218574
0.0199698
0.0176201
0.0146301
0.0107781
0.00669039
0.0150656
0.0421342
0.0320851
0.0246096
0.0221764
0.0203129
0.0178851
0.0148063
0.0108793
0.00667353
0.0150967
0.0421976
0.0316325
0.0246513
0.0225523
0.0206862
0.0181594
0.0149797
0.0109732
0.0066472
0.0147626
0.0418668
0.0309927
0.0247567
0.0229972
0.0210925
0.0184426
0.0151489
0.0110578
0.00661113
0.0138128
0.0411364
0.030153
0.0249651
0.02352
0.0215299
0.0187311
0.0153101
0.01113
0.00656549
0.0120679
0.0397444
0.0293054
0.0253763
0.0241196
0.0219943
0.0190174
0.0154513
0.0111799
0.00650835
0.00955499
0.0375309
0.0285763
0.0260213
0.0247923
0.0224622
0.019275
0.0155518
0.0111923
0.00643028
0.00711193
0.0346115
0.0280581
0.0268374
0.0254991
0.0228901
0.0194645
0.0155814
0.0111533
0.00632784
0.00596022
0.0317871
0.0281335
0.0278202
0.026177
0.0232108
0.019529
0.0155012
0.0110456
0.00619979
0.00901791
0.0297603
0.0289839
0.0289032
0.0267085
0.0233235
0.0193902
0.0152652
0.010854
0.0060462
0.0183958
0.0286316
0.0305463
0.0299089
0.0268974
0.0230466
0.0189454
0.0148431
0.0105765
0.00586984
0.0263762
0.0305585
0.0326484
0.0302182
0.0263431
0.0222547
0.0182514
0.0143298
0.0102533
0.00567701
0.0316878
0.0350807
0.03329
0.0291907
0.0249949
0.0210945
0.0174124
0.0137646
0.00988962
0.0054753
0.0388851
0.0352261
0.0308495
0.0268272
0.0232236
0.0198634
0.0165806
0.0132144
0.00952406
0.00528295
0.0327591
0.0303999
0.0274743
0.0245047
0.0216334
0.0187717
0.0158241
0.0127042
0.00917311
0.00510247
0.0290111
0.02718
0.0250452
0.0227654
0.020382
0.0178653
0.015171
0.0122537
0.00885739
0.00493999
0.0265435
0.0250849
0.023386
0.0214888
0.0194099
0.017132
0.0146272
0.0118699
0.00858768
0.00479877
0.0249033
0.0236508
0.0221954
0.020534
0.0186565
0.0165461
0.0141847
0.0115504
0.00836476
0.00467906
0.0237368
0.0226209
0.0213188
0.0198084
0.0180688
0.0160814
0.0138328
0.0112877
0.0081834
0.00457967
0.022871
0.0218502
0.0206527
0.019248
0.0176093
0.0157159
0.0135595
0.0110703
0.00803558
0.00449879
0.0221905
0.0212429
0.0201243
0.0188002
0.0172405
0.0154236
0.0133368
0.0108944
0.00792344
0.00443222
0.0216609
0.0207712
0.019714
0.0184527
0.0169553
0.0152016
0.0131584
0.0107572
0.00784678
0.00438001
0.0212438
0.0204016
0.0193941
0.0181832
0.0167366
0.015032
0.013017
0.0106544
0.00779902
0.00433939
0.0209134
0.0201108
0.0191441
0.0179746
0.0165707
0.0148964
0.0129071
0.0105841
0.00777416
0.00430781
0.0206512
0.0198818
0.0189489
0.0178137
0.0164432
0.0147877
0.0128241
0.0105396
0.00776659
0.00428305
0.020444
0.0197019
0.0187969
0.0176906
0.0163384
0.0147015
0.0127666
0.0105148
0.00777163
0.00426316
0.0202811
0.019561
0.0186787
0.0175915
0.0162536
0.0146375
0.0127289
0.0105039
0.00778535
0.00424649
0.0201535
0.0194507
0.0185841
0.0175087
0.0161868
0.0145919
0.0127047
0.0105017
0.00780441
0.00423164
0.0200529
0.0193611
0.018505
0.0174428
0.0161372
0.0145591
0.0126882
0.0105035
0.00782593
0.00421736
0.0199766
0.0192926
0.0184457
0.0173941
0.0160997
0.0145327
0.0126738
0.0105052
0.00784727
0.00420257
0.0199315
0.0192488
0.0184047
0.017357
0.0160675
0.0145066
0.012656
0.0105027
0.00786592
0.00418626
0.0199125
0.0192234
0.0183745
0.0173239
0.0160333
0.0144739
0.0126293
0.0104918
0.00787937
0.0041675
0.0199087
0.0192058
0.0183454
0.0172856
0.0159887
0.0144272
0.0125875
0.0104679
0.00788511
0.00414542
0.0199065
0.0191836
0.0183057
0.0172317
0.0159246
0.0143586
0.0125239
0.0104264
0.00788055
0.00411917
0.0198909
0.0191432
0.0182433
0.0171511
0.0158308
0.0142592
0.0124316
0.0103624
0.00786303
0.00408797
0.0198458
0.0190698
0.0181449
0.0170317
0.0156962
0.0141192
0.0123028
0.0102705
0.00782982
0.00405103
0.0197542
0.018948
0.0179959
0.0168597
0.0155082
0.0139279
0.0121295
0.0101456
0.00777811
0.00400757
0.0195977
0.0187606
0.0177802
0.0166196
0.0152526
0.013674
0.0119037
0.0099821
0.00770499
0.0039568
0.0193571
0.0184894
0.0174793
0.0162931
0.0149138
0.0133461
0.0116177
0.00977485
0.00760743
0.00389783
0.0190123
0.0181137
0.0170701
0.0158583
0.0144763
0.0129346
0.0112653
0.00951879
0.00748208
0.00382962
0.0185391
0.0176024
0.0165268
0.0153014
0.0139301
0.0124331
0.0108419
0.0092087
0.00732492
0.00375077
0.017905
0.0169386
0.0158471
0.0146267
0.0132852
0.0118439
0.0103438
0.00883799
0.00713052
0.00365927
0.0170964
0.0161185
0.0150313
0.0138351
0.0125405
0.0111706
0.00977014
0.00839753
0.00689135
0.00355215
0.0161099
0.0151414
0.0140788
0.0129257
0.0116949
0.0104111
0.00912298
0.00789821
0.00660012
0.00342503
0.0149449
0.014007
0.0129892
0.011898
0.010748
0.00956515
0.00840257
0.00733767
0.0062454
0.0032744
0.0136019
0.0127163
0.0117646
0.0107551
0.00970288
0.0086352
0.00761112
0.00671348
0.00582656
0.00309541
0.0120828
0.0112739
0.0104113
0.00950452
0.00856693
0.00762854
0.00675478
0.00602579
0.00533154
0.00286836
0.0103946
0.00968925
0.00894189
0.008159
0.00735374
0.00655909
0.00584404
0.00527311
0.00473724
0.0025713
0.00855361
0.00798098
0.00737534
0.00673849
0.00608149
0.00544619
0.00488957
0.00444509
0.00399582
0.00220003
0.00658786
0.00617646
0.00573652
0.00526363
0.00477036
0.00429928
0.00388403
0.00351535
0.0030922
0.00168043
0.00454226
0.00430731
0.00403926
0.00373173
0.0034025
0.00307698
0.00274256
0.00238399
0.0019333
0.000849246
0.00246098
0.00229667
0.002112
0.00190091
0.0016516
0.00135145
0.000997069
0.000568136
0.000417752
0.000404702
)
;

boundaryField
{
    inlet
    {
        type            fixedValue;
        value           uniform 2.34925;
    }
    outlet
    {
        type            zeroGradient;
    }
    walls
    {
        type            kqRWallFunction;
        value           nonuniform List<scalar> 
446
(
1.43378
0.831618
0.542307
0.384342
0.289231
0.227478
0.18495
0.154264
0.131279
0.113532
0.0994828
0.0881261
0.078784
0.0709838
0.0643872
0.0587463
0.0538756
0.0496339
0.0459117
0.0426235
0.0397728
0.0372167
0.0349124
0.0328252
0.0309259
0.0291902
0.027597
0.0260822
0.0246844
0.0233897
0.0221857
0.0210615
0.0200074
0.0190149
0.0180761
0.017184
0.0163323
0.0155151
0.0147272
0.0139636
0.0132202
0.0124929
0.0117781
0.0110725
0.0103732
0.00967714
0.00898167
0.00828384
0.00758042
0.00686743
0.00613935
0.00538793
0.00459346
0.0037305
0.00281246
0.00181459
0.0010277
0.000814018
0.000838142
0.000930327
0.000930327
0.00162437
0.00243396
0.0036207
0.0048853
0.00608557
0.00696592
0.00772852
0.00839278
0.00895169
0.00940643
0.00980452
0.0101562
0.0104614
0.0107144
0.0109197
0.01108
0.0111982
0.0112771
0.0113201
0.0113304
0.0113115
0.0112668
0.0111994
0.0111127
0.0110096
0.0108929
0.0107651
0.0106286
0.0104853
0.0103371
0.0101854
0.0100317
0.00987696
0.00972229
0.009587
0.00945329
0.00932122
0.00917061
0.00902252
0.00887751
0.00873589
0.00859776
0.00846331
0.0083327
0.0082059
0.00808285
0.00796351
0.00784784
0.00773578
0.00762726
0.0075222
0.00742051
0.00732213
0.00722712
0.00713551
0.00704712
0.00696179
0.00687939
0.00679978
0.00672282
0.00664841
0.00657644
0.0065068
0.00643939
0.00637412
0.0063109
0.00624965
0.00619029
0.00613274
0.00607692
0.00602277
0.00597022
0.00591921
0.00586966
0.00582152
0.00577472
0.00572922
0.00568496
0.00564187
0.00559992
0.00555905
0.00551921
0.00548036
0.00544244
0.00540542
0.00536925
0.00533388
0.00529927
0.00526537
0.00523216
0.00519957
0.00516759
0.00513615
0.00510523
0.00507478
0.00504476
0.00501514
0.00498587
0.00495692
0.00492824
0.0048998
0.00487154
0.00484344
0.00481543
0.00478749
0.00475955
0.00473156
0.00470348
0.00467525
0.0046468
0.00461807
0.00458898
0.00455946
0.00452943
0.0044988
0.00446747
0.00443535
0.00440694
0.00437776
0.00434771
0.00431237
0.00427572
0.00423764
0.00419797
0.00415656
0.00411325
0.00406785
0.00402018
0.00397004
0.00391722
0.00386151
0.00380268
0.00374049
0.00367468
0.00360499
0.00353112
0.00345275
0.00336953
0.00328108
0.00318695
0.00308667
0.00297967
0.00286527
0.00274263
0.00261067
0.00246098
0.00229667
0.002112
0.00190091
0.0016516
0.00135145
0.000997069
0.000568136
0.000417752
0.000404702
0.00449879
0.00443222
0.00438001
0.00433939
0.00430781
0.00428305
0.00426316
0.00424649
0.00423164
0.00421736
0.00420257
0.00418626
0.0041675
0.00414542
0.00411917
0.00408797
0.00405103
0.00400757
0.0039568
0.00389783
0.00382962
0.00375077
0.00365927
0.00355215
0.00342503
0.0032744
0.00309541
0.00286836
0.0025713
0.00220003
0.00168043
0.000849246
0.000404702
0.0054753
0.00528295
0.00510247
0.00493999
0.00479877
0.00467906
0.00457967
0.0065651
0.00659948
0.00662957
0.00665526
0.00667569
0.0066902
0.00669799
0.00669831
0.00669039
0.00667353
0.0066472
0.00661113
0.00656549
0.00650835
0.00643028
0.00632784
0.00619979
0.0060462
0.00586984
0.00567701
0.0127613
0.0129433
0.0131801
0.0134728
0.013773
0.0140737
0.0143584
0.0146256
0.0149015
0.0150656
0.0150967
0.0147626
0.0138128
0.0120679
0.00955499
0.00711193
0.00596022
0.00901791
0.0183958
0.0263762
0.000801046
0.00163926
0.00232236
0.00295637
0.00356673
0.00416697
0.00476612
0.00537156
0.00599305
0.00664783
0.00736891
0.0081188
0.00887514
0.00964449
0.0104356
0.0112561
0.0121137
0.0130243
0.014092
0.0154122
0.0169364
0.0186097
0.0205447
0.0230791
0.0258591
0.000110829
0.000254259
0.000386652
0.000497794
0.000596788
0.000685217
0.00076638
0.000841844
0.000912655
0.000979522
0.00104297
0.0011034
0.00116117
0.00121659
0.00126993
0.00132149
0.0013715
0.00142022
0.00146788
0.00151472
0.00156097
0.00160685
0.00165259
0.00169842
0.00174457
0.00179129
0.00183886
0.00188759
0.00193781
0.00198991
0.00204437
0.00210176
0.00216277
0.00222831
0.00229735
0.00236918
0.00244394
0.00252191
0.00260351
0.00268846
0.00277695
0.00286963
0.00296676
0.0030686
0.00317549
0.00328774
0.00340562
0.00352942
0.00365936
0.00379559
0.0039381
0.00408667
0.00424067
0.00439887
0.00455907
0.00471757
0.00486824
0.00500123
0.00510335
0.00516744
0.00520168
0.00521057
0.00519422
0.00512133
0.00499147
0.00480464
0.00455293
0.00425796
0.00393683
0.00359822
0.00325268
0.00290221
0.00259366
0.00230738
0.00203291
0.00176363
0.00149307
0.00120985
0.000898883
0.000514785
0.00845787
0.00321783
0.00318207
0.00320167
0.00316827
0.00303673
0.00275752
0.00249868
0.00226577
0.00205268
0.00185538
0.0016778
0.0015187
0.00137566
0.00124493
0.00112743
0.00102405
0.000929401
0.000839777
0.000752355
0.000664482
0.000573231
0.000472776
0.000355453
0.000202138
1.43378
0.831618
0.542308
0.384342
0.289232
0.227479
0.184951
0.154265
0.131281
0.113535
0.0994865
0.0881313
0.078791
0.0709933
0.0644001
0.0587639
0.0538995
0.0496663
0.0459557
0.0426812
)
;
    }
    baffle
    {
        type            kqRWallFunction;
        value           nonuniform List<scalar> 
34
(
0.000202138
0.000375107
0.000432527
0.000437318
0.000413034
0.000376062
0.000339601
0.00041146
0.000998841
0.00201096
0.000110829
0.000421173
0.000647372
0.000849747
0.00104921
0.00130157
0.00164316
0.000514785
0.000857333
0.000917806
0.000849862
0.000728157
0.000628433
0.00057095
0.00382442
0.00638377
0.00848264
0.000801046
0.00187506
0.00252848
0.00312884
0.00380468
0.00476935
0.0061153
)
;
    }
    front
    {
        type            empty;
    }
    back
    {
        type            empty;
    }
}


// ************************************************************************* //
