/*--------------------------------*- C++ -*----------------------------------*\
| =========                 |                                                 |
| \\      /  F ield         | OpenFOAM: The Open Source CFD Toolbox           |
|  \\    /   O peration     | Version:  v2012                                 |
|   \\  /    A nd           | Website:  www.openfoam.com                      |
|    \\/     M anipulation  |                                                 |
\*---------------------------------------------------------------------------*/
FoamFile
{
    version     2.0;
    format      ascii;
    class       volScalarField;
    location    "582";
    object      omega;
}
// * * * * * * * * * * * * * * * * * * * * * * * * * * * * * * * * * * * * * //

dimensions      [0 0 -1 0 0 0 0];


internalField   nonuniform List<scalar> 
6598
(
533.208
190.087
165.604
162.825
164.065
164.065
162.825
165.604
190.087
533.208
406.086
167.194
138.269
133.34
133.417
133.417
133.34
138.269
167.194
406.086
327.928
145.496
118.314
112.507
111.766
111.766
112.507
118.314
145.496
327.928
276.067
127.351
103.054
97.0749
95.8613
95.8613
97.0749
103.053
127.351
276.067
239.485
112.633
91.0422
85.219
83.7698
83.7698
85.2189
91.0421
112.633
239.485
212.386
100.718
81.3864
75.8486
74.3049
74.3049
75.8485
81.3863
100.718
212.386
191.506
90.9928
73.4903
68.2726
66.7127
66.7127
68.2726
73.4902
90.9924
191.506
174.899
82.9623
66.9379
62.0325
60.4976
60.4976
62.0324
66.9376
82.9618
174.9
161.344
76.2487
61.4296
56.8119
55.3221
55.3221
56.8118
61.4293
76.2478
161.346
150.043
70.5677
56.7455
52.3861
50.9496
50.9495
52.3858
56.745
70.5665
150.045
140.452
65.7061
52.7207
48.5907
47.2095
47.2094
48.5903
52.7199
65.7043
140.455
132.193
61.5024
49.23
45.3031
43.9758
43.9756
45.3025
49.2287
61.4996
132.197
124.99
57.8333
46.1767
42.4301
41.1539
41.1536
42.4292
46.1747
57.8291
124.995
118.641
54.6036
43.4855
39.8995
38.6708
38.6703
39.8982
43.4826
54.5974
118.649
112.994
51.7389
41.097
37.6548
36.4699
36.4692
37.6527
41.0926
51.7297
113.005
107.931
49.1806
38.9638
35.6509
34.5064
34.5054
35.6479
38.9574
49.1671
107.947
103.36
46.8822
37.0477
33.8519
32.7443
32.743
33.8474
37.0381
46.8624
103.383
99.2076
44.8059
35.3179
32.2284
31.1548
31.1529
32.222
35.3038
44.778
99.2399
95.4151
42.9217
33.7491
30.7564
29.714
29.7115
30.7477
33.7292
42.8813
95.4608
91.9348
41.2053
32.3213
29.4173
28.4033
28.3998
29.4049
32.2929
41.1557
91.997
88.8073
39.6754
31.0483
28.2229
27.234
27.2289
28.2033
30.9857
39.2696
78.4045
85.9062
38.2699
29.8797
27.1267
26.1606
26.1527
27.0941
29.7561
37.4097
67.2514
83.2043
36.9747
28.8028
26.1159
25.1702
25.1582
26.0634
28.592
35.5505
58.3698
80.6787
35.7781
27.8079
25.1815
24.2537
24.236
25.1018
27.4897
33.5447
51.2946
78.3099
34.6705
26.8867
24.3153
23.4031
23.3791
24.2051
26.4108
31.499
45.6889
76.0806
33.6435
26.0319
23.5105
22.6117
22.5795
23.369
25.3464
29.6111
41.2944
73.9753
32.6895
25.2368
22.7605
21.8725
21.8299
22.5731
24.3486
27.9765
37.8428
71.9163
31.7743
24.4738
22.0394
21.1602
21.1039
21.7925
23.3899
26.5609
35.0394
69.9628
30.9244
23.7638
21.3664
20.4931
20.4205
21.0521
22.5005
25.3647
32.7646
68.1033
30.1363
23.1037
20.7383
19.8682
19.777
20.3522
21.6785
24.3239
30.7105
66.3273
29.4061
22.49
20.1517
19.2819
19.1705
19.6914
20.9176
23.3926
28.8604
64.625
28.7303
21.9202
19.6038
18.7316
18.5984
19.0676
20.2101
22.5365
27.1896
62.987
28.1069
21.3921
19.0925
18.2147
18.0583
18.4783
19.5466
21.7191
25.6715
61.4048
27.5348
20.9046
18.6161
17.7297
17.5486
17.9207
18.9183
20.9277
24.283
59.8698
27.0131
20.4569
18.1737
17.2754
17.0678
17.3922
18.3174
20.1548
23.0028
58.3738
26.5414
20.0491
17.7651
16.851
16.6148
16.8906
17.7387
19.3971
21.8134
56.9088
26.1197
19.682
17.3904
16.4565
16.1892
16.4144
17.179
18.6539
20.7005
55.4668
25.7481
19.3567
17.0507
16.0925
15.7911
15.9629
16.6373
17.9273
19.6541
54.04
25.4265
19.0751
16.7476
15.7603
15.4214
15.5366
16.1148
17.221
18.6676
52.6205
25.1545
18.8393
16.4834
15.4619
15.0818
15.1372
15.6147
16.541
17.7387
51.2005
24.9311
18.6519
16.261
15.2
14.7748
14.7674
15.1417
15.8947
16.8686
49.7722
24.7546
18.5154
16.0839
14.9779
14.5038
14.4311
14.7022
15.2909
16.0619
48.3274
24.623
18.4325
15.9561
14.7997
14.2727
14.1331
14.3029
14.7386
15.3261
46.8575
24.5324
18.4055
15.8816
14.67
14.0861
13.8783
13.9509
14.2468
14.6694
45.3535
24.4782
18.4361
15.8647
14.5934
13.949
13.672
13.6525
13.8228
14.0997
43.8055
24.4539
18.5253
15.9094
14.5749
13.8662
13.5194
13.413
13.4721
13.6227
42.2021
24.4521
18.6728
16.019
14.619
13.8426
13.4249
13.2367
13.1977
13.2404
40.5295
24.464
18.8768
16.196
14.7299
13.8826
13.3926
13.1261
13.0001
12.9514
38.7706
24.4789
19.1335
16.4411
14.9103
13.9896
13.4254
13.0828
12.878
12.7512
36.9022
24.4834
19.4357
16.7519
15.1608
14.1653
13.525
13.1071
12.8289
12.6335
34.8913
24.4591
19.7698
17.1202
15.4772
14.4079
13.6904
13.1975
12.8494
12.5917
32.6864
24.3714
20.1084
17.5269
15.8462
14.708
13.9149
13.3489
12.934
12.6191
30.1804
24.1325
20.386
17.9244
16.2333
15.0407
14.181
13.5488
13.0742
12.7107
27.1981
23.6402
20.5149
18.2322
16.5721
15.3562
14.4536
13.7749
13.2623
12.8725
23.6156
22.6497
20.3676
18.358
16.7875
15.5945
14.6907
14.0117
13.4962
13.0947
18.969
20.4573
19.5632
18.1129
16.781
15.704
14.8846
14.2554
13.762
13.366
14.2754
16.5226
17.5421
17.1404
16.376
15.6579
15.0344
14.5077
14.0666
13.6973
12.7049
11.1117
13.9594
15.1313
15.4243
15.3347
15.0881
14.7876
14.4821
14.1955
12.8918
9.50517
10.8405
12.9788
14.2906
15.045
15.4346
15.5804
15.5788
15.5154
13.5823
14.2713
17.4694
21.3068
24.7495
27.6231
29.5536
31.1293
32.4395
33.5022
33.726
20.8025
20.6866
20.7502
20.6417
20.2087
19.2572
18.3311
17.4559
16.6148
15.7961
15.0212
14.2913
13.6016
12.9392
12.3134
11.7354
11.1799
10.6272
10.0588
9.45315
8.78011
7.97375
6.91395
5.9391
43.7752
15.6638
9.70018
8.32481
7.78182
7.36508
6.86886
6.35749
5.94182
5.60419
5.32132
5.09909
4.93867
4.82942
4.76748
4.80471
4.95228
5.17986
5.46272
5.77985
6.10335
6.38493
6.56885
6.58671
9.07841
47.5846
21.2061
11.3386
8.3553
7.16425
6.3925
5.71761
5.02844
4.47615
4.05861
3.73672
3.50053
3.33443
3.22709
3.17182
3.17884
3.26572
3.43657
3.6972
4.05036
4.48785
4.97433
5.4621
5.94044
9.74852
47.7305
25.4081
14.458
9.89643
7.82273
6.52755
5.51275
4.67086
3.96244
3.47644
3.12063
2.8658
2.68078
2.55618
2.48776
2.47937
2.53977
2.67227
2.8873
3.19849
3.61469
4.12483
4.6911
5.34617
9.80237
46.0797
28.3881
17.0981
11.7768
8.92131
7.03748
5.63813
4.58213
3.81025
3.26528
2.86954
2.58638
2.36393
2.20112
2.10398
2.07532
2.13037
2.25434
2.45109
2.7339
3.11852
3.60677
4.17374
4.8907
9.52633
43.7033
29.8308
19.5033
13.533
10.0057
7.64759
5.92123
4.67057
3.81213
3.23861
2.84233
2.53646
2.27286
2.05569
1.91399
1.86279
1.91519
2.04061
2.22997
2.49408
2.85036
3.30599
3.84554
4.57621
9.08997
40.9673
30.5135
21.3259
15.1403
11.1064
8.27951
6.22215
4.77901
3.84963
3.2872
2.92266
2.63427
2.36332
2.12085
1.94607
1.86672
1.89409
2.00765
2.18562
2.43181
2.75889
3.17513
3.68414
4.45191
8.63807
38.2156
30.5776
22.5102
16.4907
12.1602
8.95796
6.58767
4.95435
3.94931
3.3965
3.08311
2.84887
2.61001
2.36824
2.16769
2.05349
2.04878
2.14462
2.30818
2.5388
2.84759
3.25347
3.79138
4.58283
8.26928
35.6668
30.1525
23.1841
17.555
13.1349
9.66501
7.01271
5.19418
4.11098
3.56367
3.30751
3.15657
3.0018
2.81838
2.63273
2.49492
2.45647
2.53885
2.70441
2.95764
3.32259
3.85216
4.66819
6.0488
8.89662
33.3369
29.3287
23.5115
18.3369
13.954
10.3155
7.4547
5.46891
4.31307
3.76243
3.55462
3.49501
3.46672
3.42327
3.36423
3.31725
3.32524
3.44699
3.68451
4.06263
4.62789
5.45659
6.6378
8.12368
9.45925
31.2203
28.2973
23.52
18.7793
14.5596
10.8728
7.87339
5.75993
4.53402
3.96459
3.77813
3.7801
3.85944
3.96715
4.08623
4.21815
4.37681
4.59019
4.90985
5.35198
5.91742
6.57317
7.22252
7.69895
7.81774
29.2971
27.1758
23.268
18.9742
14.9883
11.3429
8.26914
6.05342
4.7522
4.14088
3.93938
3.94879
4.05891
4.22263
4.41956
4.63765
4.86749
5.10086
5.36849
5.66705
5.97497
6.25289
6.4479
6.51324
6.34072
27.5521
26.027
22.8185
18.9995
15.2805
11.7413
8.64493
6.34369
4.95577
4.27477
4.02356
3.9976
4.0758
4.20521
4.36594
4.54489
4.73132
4.92342
5.11668
5.29811
5.44973
5.54672
5.56022
5.45903
5.1895
25.9623
24.8839
22.2379
18.9086
15.4522
12.0761
9.01017
6.63963
5.15304
4.3752
4.04635
3.9675
4.00181
4.08521
4.19325
4.31501
4.4421
4.57137
4.68884
4.78498
4.85165
4.86276
4.78397
4.60117
4.29671
24.5043
23.764
21.5871
18.7222
15.5438
12.3772
9.38639
6.96035
5.35493
4.46701
4.04376
3.89629
3.88397
3.92808
3.99579
4.07311
4.15658
4.23401
4.29531
4.33036
4.32589
4.26428
4.13021
3.91762
3.63537
23.1577
22.6784
20.901
18.4512
15.5907
12.6436
9.79132
7.33526
5.59648
4.57811
4.04735
3.80944
3.73687
3.74049
3.77344
3.81834
3.86398
3.89979
3.9165
3.90428
3.85287
3.75403
3.60435
3.40834
3.18167
21.9049
21.6304
20.197
18.1014
15.6146
12.8977
10.2119
7.79762
5.94326
4.76025
4.10441
3.76009
3.60318
3.55071
3.54676
3.56051
3.57484
3.57928
3.56585
3.52753
3.45867
3.35646
3.22269
3.06471
2.89387
20.7315
20.6188
19.4861
17.7106
15.5724
13.1437
10.6485
8.32183
6.41928
5.09136
4.28193
3.82259
3.57112
3.44615
3.38976
3.36437
3.34836
3.32903
3.2983
3.25089
3.18336
3.095
2.9882
2.86816
2.74172
19.6262
19.6398
18.7679
17.2852
15.4468
13.3787
11.0965
8.90093
6.99956
5.56452
4.61269
4.03353
3.68367
3.47811
3.36144
3.29272
3.24614
3.20658
3.16503
3.11578
3.05572
2.98394
2.90164
2.81168
2.71804
18.5822
18.6902
18.0445
16.8331
15.2658
13.4908
11.5563
9.52271
7.67937
6.18561
5.11054
4.40508
3.96352
3.68277
3.50206
3.38511
3.30497
3.24417
3.19217
3.14184
3.08934
3.03258
2.97073
2.90473
2.83667
17.597
17.7688
17.3159
16.3528
15.0404
13.5202
11.8768
10.155
8.42677
6.9371
5.7761
4.95416
4.40619
4.04957
3.81508
3.6558
3.54384
3.46157
3.39759
3.34326
3.29315
3.24478
3.19614
3.14626
3.09489
16.6733
16.8782
16.5828
15.8419
14.7722
13.4886
12.0863
10.6262
9.15799
7.78097
6.58115
5.67531
5.02715
4.57973
4.27736
4.07229
3.93036
3.82836
3.75088
3.68828
3.63407
3.58422
3.53681
3.49067
3.44468
15.818
16.0264
15.8506
15.3015
14.4543
13.3986
12.2175
10.9798
9.73486
8.53727
7.44866
6.53406
5.81467
5.27663
4.89866
4.63291
4.44445
4.30822
4.20654
4.12713
4.06183
4.00559
3.95522
3.90865
3.8652
15.042
15.2266
15.1305
14.7373
14.087
13.2438
12.2743
11.238
10.1878
9.16795
8.21709
7.3748
6.66656
6.09935
5.66451
5.3391
5.09794
4.91841
4.78266
4.67679
4.59163
4.5217
4.46305
4.41269
4.36849
14.357
14.4964
14.4412
14.1631
13.6764
13.0214
12.2477
11.4041
10.5338
9.67641
8.86546
8.12621
7.4776
6.93029
6.48403
6.12904
5.85094
5.63306
5.46282
5.32946
5.2237
5.13878
5.07004
5.01402
4.96726
13.7732
13.8538
13.8063
13.6013
13.2387
12.7396
12.1371
11.4679
10.7673
10.0668
9.39256
8.7653
8.19947
7.70417
7.28267
6.93069
6.64162
6.40794
6.21999
6.07031
5.9516
5.85711
5.78186
5.72107
5.67119
13.2963
13.3136
13.2501
13.081
12.8007
12.4188
11.9552
11.435
10.8842
10.3265
9.7828
9.26997
8.79999
8.37937
8.01102
7.69359
7.42603
7.20552
7.02599
6.88064
6.76322
6.66811
6.59087
6.52785
6.47593
12.9264
12.8834
12.7911
12.6307
12.3961
12.0919
11.7298
11.3256
10.8966
10.46
10.0315
9.62402
9.24709
8.90625
8.60551
8.345
8.12404
7.94039
7.79029
7.66915
7.57216
7.4943
7.43096
7.37925
7.33672
12.6583
12.5623
12.4381
12.2713
12.0569
11.7975
11.5001
11.1751
10.8345
10.4902
10.1534
9.83313
9.53656
9.26795
9.03115
8.82885
8.65815
8.51723
8.40381
8.31473
8.24628
8.19462
8.15619
8.12791
8.10722
12.4834
12.3425
12.1894
12.0118
11.8047
11.568
11.3068
11.0291
10.7439
10.4602
10.1858
9.92743
9.68991
9.47629
9.28888
9.13031
9
8.8953
8.81397
8.75346
8.71107
8.68381
8.66862
8.6627
8.66347
12.3918
12.2136
12.038
11.8519
11.647
11.4223
11.181
10.9293
10.6747
10.4243
10.1847
9.96122
9.75753
9.57589
9.41756
9.28315
9.17297
9.08636
9.0211
8.97463
8.94458
8.92856
8.92413
8.929
8.94083
12.376
12.1698
11.9778
11.7848
11.582
11.366
11.1381
10.9024
10.6647
10.431
10.2071
9.99766
9.80623
9.63493
9.48481
9.35608
9.24839
9.16074
9.09148
9.0393
9.00234
8.9784
8.96548
8.96174
8.96533
12.4378
12.2092
12.0031
11.8046
11.6038
11.3959
11.1796
10.9569
10.7315
10.5082
10.2915
10.086
9.89474
9.72028
9.56388
9.42605
9.30662
9.20483
9.11947
9.04907
8.99177
8.94576
8.90965
8.88213
8.86175
12.5759
12.3285
12.1097
11.9052
11.7052
11.5034
11.297
11.086
10.8721
10.6584
10.4483
10.2451
10.0519
9.87101
9.70393
9.5516
9.41432
9.2919
9.18371
9.08879
9.00598
8.93394
8.87125
8.81658
8.7688
12.7839
12.5222
12.2919
12.0803
11.878
11.6787
11.4788
11.2768
11.073
10.8688
10.6662
10.4677
10.2754
10.0913
9.91694
9.7533
9.60104
9.46037
9.33122
9.21321
9.10576
9.0081
8.91933
8.83858
8.76517
13.0523
12.7839
12.5461
12.3285
12.123
11.9237
11.7268
11.5302
11.3334
11.1367
10.9412
10.7483
10.5595
10.3761
10.1995
10.0305
9.86991
9.71803
9.57506
9.44097
9.31555
9.19845
9.08925
8.98745
8.89282
13.3967
13.134
12.8976
12.679
12.4723
12.2725
12.0765
11.8824
11.6896
11.498
11.3081
11.1208
10.9368
10.7573
10.5831
10.4149
10.2532
10.0985
9.95103
9.81078
9.67773
9.55172
9.43249
9.31978
9.21355
13.9451
13.7146
13.4996
13.2956
13.0984
12.9061
12.7173
12.5314
12.3481
12.1674
11.9895
11.815
11.6444
11.4783
11.3173
11.1617
11.012
10.8685
10.7311
10.5999
10.4749
10.3558
10.2424
10.1344
10.0319
15.4326
15.3403
15.2468
15.1523
15.051
14.9459
14.8387
14.7301
14.6206
14.5108
14.401
14.2918
14.1837
14.0771
13.9725
13.8701
13.7701
13.6727
13.5778
13.4854
13.3955
13.3079
13.2223
13.1387
13.0569
34.3426
35.0618
35.6851
36.2173
36.6526
37.0021
37.2727
37.4709
37.6028
37.6744
37.6916
37.6601
37.5856
37.4731
37.3277
37.1541
36.9567
36.7393
36.5056
36.2587
36.0014
35.7364
35.4657
35.1911
34.9145
7.18266
11.191
15.879
11.6977
11.9331
11.0003
9.67821
8.96458
7.92325
7.50392
6.82997
5.8769
5.91018
5.287
4.53253
4.73778
4.21659
3.67755
3.89361
3.50175
3.13445
3.32049
3.041
2.78916
2.95019
2.75116
2.57365
2.7259
2.58199
2.45317
2.61918
2.51327
2.4175
2.62785
2.54889
2.4767
2.77138
2.7132
2.65898
3.04577
3.00105
2.9581
3.40115
3.36128
3.32286
3.82597
3.79024
3.75584
4.33106
4.298
4.26665
4.92955
4.89719
4.86726
5.63206
5.59897
5.56895
6.43547
6.40108
6.37
7.30391
7.27584
7.25035
8.09324
8.08252
8.07355
8.6683
8.67554
8.68414
8.956
8.97392
8.99375
8.97366
8.98565
9.00055
8.84856
8.8393
8.83318
8.73105
8.69739
8.66682
8.70511
8.64971
8.59783
8.81402
8.74013
8.67001
9.12415
9.03939
8.95822
9.94522
9.86231
9.78232
12.9862
12.9166
12.8476
34.6707
34.4281
34.1867
4.34992
5.84755
7.211
8.18202
8.9587
9.59951
10.1521
10.6402
11.0787
11.4774
11.8432
12.1815
12.4963
12.7911
13.0685
13.3311
13.581
13.8201
14.0501
14.2725
14.4888
14.7002
14.9079
15.1132
15.3172
15.5209
15.7257
15.9327
16.1432
16.3588
16.5811
16.8122
17.0545
17.311
17.5771
17.8498
18.1292
18.4162
18.7117
19.0146
19.325
19.6448
19.9745
20.3144
20.6652
21.0273
21.4009
21.7864
22.1838
22.593
23.0132
23.4433
23.8809
24.3223
24.7612
25.188
25.587
25.9342
26.1976
26.3616
26.4488
26.4714
26.4298
26.2437
25.9089
25.4194
24.7446
23.9296
23.0095
21.9978
20.9149
19.756
18.6763
17.6155
16.5346
15.4006
14.1702
12.7556
10.9948
9.3749
9.43354
6.16863
6.72677
6.99353
7.07133
7.03599
6.93864
6.81844
6.69484
6.57808
6.4729
6.38104
6.3026
6.23684
6.18266
6.13882
6.10411
6.07745
6.05784
6.04447
6.03664
6.03381
6.03555
6.04157
6.05167
6.06577
6.0839
6.10619
6.1329
6.16441
6.20125
6.24413
6.29449
6.3531
6.4143
6.47643
6.54034
6.60613
6.67402
6.74407
6.81659
6.89165
6.96946
7.05022
7.13417
7.22152
7.31252
7.40745
7.50656
7.61013
7.71843
7.83171
7.95018
8.07397
8.20307
8.33726
8.47618
8.61979
8.769
8.92247
9.06144
9.17297
9.25357
9.29471
9.26934
9.19169
9.05635
8.879
8.67848
8.48121
8.3031
8.18248
8.33335
8.63115
9.00353
9.38951
9.70988
9.86263
9.75088
13.4592
11.6956
6.22826
6.16465
6.06891
5.88214
5.64456
5.39761
5.16759
4.96483
4.79192
4.6474
4.52815
4.4306
4.3513
4.28719
4.23569
4.19465
4.16233
4.13735
4.11857
4.10514
4.09636
4.0917
4.09077
4.09327
4.099
4.10784
4.11971
4.13463
4.15262
4.17377
4.19821
4.22609
4.25755
4.29272
4.32923
4.36741
4.40769
4.4503
4.49553
4.54361
4.59481
4.64943
4.70781
4.77033
4.8374
4.90948
4.98706
5.07067
5.16087
5.25826
5.36345
5.47704
5.59961
5.73162
5.87341
6.02512
6.18665
6.3576
6.53616
6.7215
6.90077
7.06027
7.18434
7.25414
7.25539
7.16951
7.00742
6.7865
6.52963
6.2826
6.09259
6.06095
6.19699
6.49802
6.94856
7.49584
8.04161
8.54532
13.9257
13.3995
6.15991
5.6739
5.37313
5.06362
4.75803
4.47952
4.24042
4.0421
3.881
3.75174
3.64884
3.56734
3.50306
3.45261
3.41328
3.38294
3.35993
3.34297
3.33105
3.3234
3.31942
3.31868
3.32083
3.32562
3.33287
3.34247
3.35435
3.36848
3.38488
3.40357
3.42463
3.44815
3.47423
3.50303
3.53471
3.56804
3.60365
3.64186
3.68297
3.72726
3.77505
3.82669
3.88258
3.94313
4.00883
4.08017
4.15771
4.24204
4.3338
4.43366
4.54229
4.6604
4.78865
4.92765
5.07784
5.23941
5.4122
5.59517
5.78604
5.98445
6.18576
6.37932
6.55138
6.68397
6.75855
6.75463
6.65143
6.43398
6.09712
5.72024
5.37649
5.17742
5.17382
5.36058
5.73452
6.2694
6.88405
7.59163
13.4004
14.8893
6.07101
5.27324
4.83818
4.46722
4.14297
3.86952
3.64672
3.46971
3.3311
3.22349
3.14042
3.07663
3.02795
2.99111
2.96362
2.94357
2.92949
2.92027
2.91506
2.91322
2.91427
2.91784
2.92367
2.93155
2.94137
2.95304
2.96652
2.9818
2.99891
3.01791
3.03886
3.06188
3.08709
3.11465
3.14475
3.17743
3.21227
3.24972
3.29011
3.33376
3.381
3.43219
3.48772
3.54802
3.61356
3.68485
3.76245
3.84694
3.93898
4.03922
4.14837
4.26715
4.39631
4.53655
4.68846
4.85239
5.02839
5.21579
5.41301
5.61751
5.82701
6.03655
6.23794
6.4184
6.56237
6.64857
6.64605
6.521
6.24114
5.81896
5.3203
4.88376
4.70994
4.80108
5.10626
5.58994
6.18573
7.00646
12.4038
16.5835
5.96728
4.93301
4.40568
4.00388
3.68318
3.42906
3.22977
3.07674
2.96072
2.87339
2.80813
2.75978
2.72443
2.6991
2.68156
2.67014
2.66356
2.6609
2.66142
2.66461
2.67007
2.6775
2.68671
2.69754
2.70991
2.72377
2.7391
2.75592
2.77428
2.79424
2.81589
2.83935
2.86476
2.89227
2.92206
2.95436
2.98906
3.02623
3.06624
3.10942
3.15609
3.2066
3.26133
3.32069
3.38516
3.45521
3.53139
3.61429
3.70454
3.80283
3.90988
4.02644
4.15332
4.29131
4.44118
4.60374
4.7795
4.96881
5.17091
5.38419
5.60652
5.83418
6.06262
6.28559
6.49404
6.67484
6.80316
6.84682
6.7539
6.47626
6.00742
5.41883
4.89847
4.77876
4.95241
5.35535
5.94008
6.97064
11.5232
18.6331
6.09247
4.6282
4.03013
3.61924
3.31724
3.08919
2.91583
2.78661
2.69153
2.62224
2.57236
2.53711
2.51294
2.49721
2.48796
2.48372
2.48343
2.48627
2.49164
2.49912
2.50836
2.51915
2.53132
2.54477
2.55944
2.5753
2.59236
2.61065
2.63024
2.65119
2.67361
2.69761
2.72333
2.75092
2.78057
2.81247
2.84683
2.88353
2.92289
2.96522
3.01085
3.06012
3.11339
3.17107
3.23358
3.30142
3.3751
3.45521
3.54238
3.6373
3.74073
3.8535
3.97651
4.11043
4.25611
4.41496
4.58737
4.77635
4.98117
5.20002
5.4329
5.67825
5.93369
6.19676
6.46452
6.73617
6.98942
7.22156
7.39791
7.46556
7.36106
7.03264
6.47357
5.82623
5.60865
5.84105
6.38119
7.39247
10.9835
12.9218
5.62067
4.24607
3.65653
3.27324
3.00588
2.80887
2.66311
2.55734
2.48176
2.42867
2.39227
2.36834
2.35374
2.34618
2.34397
2.34585
2.35092
2.35848
2.36803
2.37921
2.39175
2.40547
2.42024
2.43599
2.45269
2.47032
2.4889
2.50849
2.52914
2.55093
2.57398
2.59838
2.62429
2.65186
2.68124
2.71263
2.74624
2.78227
2.8207
2.86186
2.90609
2.95371
3.00506
3.06054
3.12056
3.18559
3.25613
3.33273
3.41603
3.5067
3.6055
3.71327
3.83092
3.95947
4.10008
4.25404
4.4223
4.60656
4.80755
5.02611
5.26288
5.51783
5.79027
6.08103
6.38768
6.71433
7.06113
7.43306
7.83018
8.23454
8.61269
8.90739
9.04768
8.94845
8.56792
8.28536
8.42822
8.73758
10.4163
8.75981
4.8653
3.80602
3.29263
2.96929
2.74385
2.57905
2.46
2.37564
2.31716
2.27785
2.25272
2.23813
2.23138
2.23052
2.23409
2.24101
2.25051
2.26199
2.27503
2.28933
2.30465
2.32085
2.33784
2.35555
2.37397
2.39309
2.41295
2.4336
2.45511
2.47755
2.50102
2.52566
2.55158
2.57893
2.60789
2.63863
2.67135
2.70629
2.74354
2.78328
2.82583
2.87151
2.92064
2.97359
3.03075
3.09255
3.15948
3.23205
3.31086
3.39653
3.48979
3.59144
3.70236
3.82357
3.9562
4.1015
4.26082
4.43565
4.62741
4.83769
5.06799
5.3196
5.59349
5.89014
6.21005
6.55594
6.93378
7.35511
7.84082
8.39746
9.02677
9.7301
10.5031
11.3339
12.2111
13.1188
14.2127
15.707
17.6732
6.23749
4.14681
3.37668
2.97132
2.71092
2.52575
2.39227
2.29739
2.23157
2.18748
2.15954
2.14358
2.13652
2.1361
2.14063
2.14887
2.15989
2.17301
2.18772
2.20365
2.22055
2.23821
2.25651
2.27538
2.29475
2.31463
2.33503
2.35596
2.3775
2.3997
2.42264
2.44643
2.47118
2.49702
2.52408
2.55253
2.58256
2.61434
2.6481
2.68407
2.72232
2.76314
2.80682
2.85368
2.90405
2.95829
3.01681
3.08003
3.14843
3.22254
3.30291
3.39019
3.48508
3.58836
3.70092
3.82376
3.95799
4.10487
4.26575
4.44212
4.63565
4.84809
5.08122
5.3367
5.61598
5.92044
6.25215
6.61537
7.01812
7.47183
7.98018
8.54828
9.18457
9.89542
10.6749
11.5109
12.3759
13.2242
14.073
14.8546
4.70506
3.55952
3.0167
2.70583
2.49804
2.34976
2.24355
2.16896
2.11835
2.08585
2.06693
2.05818
2.05703
2.06156
2.07033
2.08226
2.09654
2.11258
2.12992
2.14823
2.16729
2.18691
2.20699
2.22745
2.24826
2.26941
2.2909
2.31278
2.33508
2.35789
2.38127
2.40532
2.43015
2.45588
2.48265
2.51062
2.53996
2.57085
2.60351
2.63816
2.675
2.71417
2.75597
2.80068
2.84861
2.90008
2.95546
3.01512
3.07948
3.14899
3.22414
3.30544
3.39348
3.48889
3.59238
3.70471
3.82675
3.95947
4.10394
4.26134
4.43299
4.62035
4.82502
5.04864
5.29287
5.55933
5.84977
6.1667
6.51604
6.89909
7.31542
7.76418
8.24341
8.74884
9.27655
9.81815
10.358
10.8799
11.3224
11.5699
3.77479
3.10966
2.73033
2.49367
2.3301
2.2125
2.12846
2.07007
2.03142
2.0079
1.9959
1.99264
1.99597
2.00426
2.01628
2.03106
2.0479
2.06625
2.08571
2.10597
2.12682
2.14809
2.16968
2.19153
2.21359
2.23585
2.25833
2.28106
2.30408
2.32745
2.35125
2.37557
2.40051
2.42618
2.45273
2.48031
2.50907
2.5392
2.57089
2.60438
2.6399
2.6776
2.71771
2.76049
2.80623
2.8552
2.90773
2.96415
3.02481
3.09008
3.16037
3.23608
3.31766
3.40558
3.50035
3.60251
3.71263
3.83136
3.95937
4.0974
4.24626
4.40683
4.58006
4.76695
4.96851
5.18574
5.4196
5.67184
5.9429
6.23249
6.53992
6.86304
7.19779
7.53755
7.87301
8.19282
8.47983
8.71029
8.81571
8.72438
3.19188
2.77801
2.50968
2.33005
2.20241
2.10949
2.04299
1.99721
1.96774
1.95101
1.94418
1.94498
1.95162
1.9627
1.97713
1.99408
2.01289
2.03306
2.05421
2.07605
2.09838
2.12104
2.14393
2.16698
2.19014
2.21341
2.23679
2.26032
2.28402
2.30795
2.33219
2.35681
2.38192
2.40763
2.43406
2.46137
2.48969
2.51922
2.55014
2.58267
2.61702
2.65345
2.69211
2.73325
2.7771
2.82391
2.87396
2.92754
2.98494
3.04646
3.11243
3.18315
3.25896
3.34017
3.42713
3.52015
3.61956
3.72571
3.8389
3.95948
4.08775
4.22403
4.36861
4.5217
4.68347
4.85393
5.03306
5.22041
5.41508
5.61587
5.82087
6.0274
6.23137
6.42692
6.60343
6.75109
6.85939
6.91731
6.87167
6.69601
2.81558
2.5409
2.34653
2.20959
2.11004
2.03682
1.98417
1.9482
1.92574
1.91413
1.91112
1.91489
1.92393
1.93704
1.95326
1.97183
1.99214
2.01372
2.0362
2.05932
2.08285
2.10666
2.13064
2.15471
2.17884
2.203
2.2272
2.25145
2.2758
2.30029
2.32498
2.34995
2.37529
2.40111
2.42754
2.45469
2.48273
2.51183
2.54217
2.57394
2.60738
2.64271
2.68015
2.71991
2.76217
2.80717
2.85513
2.90629
2.9609
3.01921
3.08146
3.14788
3.21871
3.29415
3.3744
3.45961
3.54992
3.64543
3.74619
3.85223
3.96349
4.07988
4.2012
4.32716
4.45731
4.59102
4.72754
4.8656
5.0038
5.14041
5.27324
5.39948
5.51546
5.61461
5.68967
5.73411
5.74518
5.72024
5.63947
5.49132
2.57069
2.37836
2.23388
2.12781
2.0498
1.9923
1.95079
1.92265
1.90571
1.89803
1.89792
1.9039
1.91472
1.92933
1.94688
1.96666
1.98811
2.01075
2.03425
2.05832
2.08277
2.10746
2.13228
2.15716
2.18206
2.20694
2.23182
2.25669
2.2816
2.30658
2.33169
2.35699
2.38259
2.40856
2.43503
2.46213
2.49
2.51881
2.54872
2.57993
2.61265
2.64711
2.68353
2.72214
2.7631
2.8066
2.85282
2.90196
2.95423
3.00982
3.06891
3.13169
3.19831
3.26889
3.34351
3.42223
3.50504
3.59187
3.68261
3.77706
3.87497
3.97598
4.07964
4.18538
4.29246
4.40003
4.50683
4.61148
4.71238
4.80773
4.89544
4.97307
5.03709
5.08205
5.10464
5.10267
5.07521
5.02204
4.94324
4.83373
2.41748
2.27698
2.16693
2.0836
2.02189
1.97678
1.94445
1.92283
1.91047
1.90605
1.9083
1.91605
1.92826
1.94404
1.9626
1.98329
2.00555
2.02893
2.05307
2.07771
2.10268
2.12786
2.15315
2.17849
2.20383
2.22914
2.25442
2.27968
2.30494
2.33023
2.35561
2.38114
2.4069
2.43297
2.45947
2.48652
2.51426
2.54284
2.57243
2.60321
2.63537
2.66913
2.7047
2.74236
2.78226
2.82452
2.8693
2.91676
2.96706
3.02036
3.07679
3.13649
3.19955
3.26604
3.33597
3.40932
3.48599
3.56583
3.64859
3.73397
3.8216
3.911
4.00163
4.09283
4.18385
4.27368
4.36099
4.44436
4.52225
4.59307
4.65509
4.70641
4.74381
4.76445
4.7663
4.74859
4.71178
4.65715
4.58629
4.50059
2.33759
2.23176
2.14647
2.08044
2.03119
1.99585
1.97117
1.95516
1.94685
1.94535
1.94971
1.95903
1.97245
1.98917
2.00849
2.02979
2.05253
2.07623
2.10048
2.12504
2.14982
2.17479
2.1999
2.22508
2.25027
2.27545
2.30063
2.3258
2.35098
2.37621
2.40153
2.42698
2.45265
2.47861
2.50496
2.53183
2.55935
2.58766
2.61693
2.64731
2.67901
2.71219
2.74708
2.78391
2.82289
2.86413
2.90771
2.95375
3.00238
3.05371
3.10785
3.16489
3.22489
3.28787
3.35382
3.42265
3.49424
3.56834
3.64467
3.72288
3.80253
3.88312
3.9641
4.0449
4.12491
4.20305
4.278
4.34842
4.41301
4.47042
4.51936
4.55833
4.58508
4.59747
4.5941
4.57474
4.54035
4.49285
4.43466
4.3681
2.3298
2.2485
2.18174
2.12931
2.09007
2.06229
2.04375
2.03257
2.02798
2.02924
2.03563
2.04641
2.06085
2.07825
2.09798
2.11946
2.14214
2.16546
2.18885
2.21203
2.23525
2.25868
2.28241
2.3063
2.33027
2.3543
2.37842
2.40264
2.42697
2.45142
2.47603
2.50083
2.52588
2.55126
2.57707
2.60343
2.63045
2.65829
2.68708
2.71698
2.74817
2.7808
2.81507
2.85116
2.88935
2.92969
2.97221
3.01701
3.06416
3.11373
3.16581
3.22045
3.27768
3.33751
3.3999
3.46478
3.53197
3.60118
3.67212
3.74442
3.81764
3.89128
3.96481
4.03805
4.11045
4.18085
4.24803
4.31084
4.36816
4.41898
4.46237
4.49711
4.52147
4.53361
4.53233
4.51739
4.48969
4.45119
4.40452
4.35217
2.40938
2.34653
2.29432
2.25294
2.22189
2.20008
2.18604
2.1789
2.17768
2.18156
2.18981
2.20175
2.21674
2.23416
2.25342
2.27396
2.29526
2.31678
2.33735
2.35625
2.37503
2.39432
2.41463
2.43529
2.45614
2.4772
2.49861
2.52043
2.54257
2.56502
2.5878
2.61094
2.63447
2.65846
2.68301
2.70822
2.73422
2.76114
2.7891
2.81826
2.84875
2.88071
2.91431
2.94968
2.9871
3.02654
3.06804
3.11161
3.1573
3.20515
3.2552
3.30748
3.36201
3.41877
3.47773
3.53884
3.60203
3.66677
3.73286
3.79998
3.86771
3.93551
4.00311
4.07066
4.1375
4.20253
4.26469
4.32298
4.37651
4.42452
4.46637
4.50098
4.52681
4.54229
4.5462
4.53806
4.51836
4.48874
4.45179
4.41004
2.607
2.55768
2.51579
2.48178
2.45556
2.4364
2.42413
2.41837
2.41793
2.4219
2.42955
2.44024
2.45346
2.46861
2.48513
2.50251
2.52031
2.53793
2.55425
2.56913
2.58358
2.59798
2.61257
2.62715
2.64185
2.657
2.67313
2.69045
2.70847
2.72709
2.74638
2.76636
2.78701
2.80839
2.83056
2.85366
2.87779
2.90308
2.92963
2.95756
2.98698
3.018
3.05072
3.08528
3.1218
3.16024
3.20056
3.24277
3.28686
3.33285
3.38074
3.43054
3.48225
3.53585
3.59128
3.64848
3.70731
3.76754
3.82893
3.89119
3.95396
4.01675
4.07977
4.14286
4.20534
4.26633
4.32489
4.38029
4.43189
4.47899
4.52092
4.55672
4.58518
4.60491
4.61466
4.61363
4.60179
4.58025
4.55136
4.51772
2.91492
2.8723
2.8344
2.80204
2.77577
2.75538
2.74136
2.73289
2.72918
2.72946
2.73307
2.73943
2.74809
2.75857
2.77033
2.78273
2.79553
2.80834
2.82118
2.83458
2.84763
2.85989
2.87094
2.88137
2.89146
2.9015
2.91188
2.92287
2.93447
2.94689
2.96061
2.97565
2.99178
3.00896
3.02733
3.04708
3.06829
3.09103
3.1154
3.14146
3.16929
3.19893
3.23045
3.26394
3.2993
3.33642
3.37526
3.41576
3.4579
3.50168
3.54707
3.59407
3.64267
3.69284
3.74455
3.79772
3.85226
3.90801
3.96478
4.02235
4.08049
4.13893
4.19782
4.25702
4.31604
4.37387
4.42952
4.4826
4.53252
4.57864
4.62033
4.65687
4.68725
4.71029
4.72486
4.73001
4.72518
4.71076
4.68866
4.66141
3.28362
3.24432
3.20838
3.17643
3.14964
3.12839
3.11249
3.10131
3.09421
3.09058
3.08982
3.09143
3.09504
3.10026
3.10668
3.11381
3.12155
3.12981
3.13897
3.1489
3.15915
3.16938
3.17935
3.18897
3.19817
3.20676
3.21448
3.22142
3.22828
3.23555
3.24365
3.25276
3.26293
3.27437
3.28739
3.30262
3.31987
3.33911
3.36047
3.38398
3.40959
3.43728
3.46706
3.49895
3.53252
3.56765
3.60428
3.64236
3.68185
3.72275
3.76504
3.80871
3.85375
3.90014
3.94786
3.99684
4.04701
4.09826
4.15043
4.20335
4.25684
4.31075
4.36515
4.41995
4.4744
4.52771
4.57969
4.62981
4.67729
4.72148
4.76171
4.79747
4.82804
4.85249
4.86983
4.87906
4.87928
4.87022
4.85316
4.83055
3.72035
3.68454
3.6511
3.62044
3.59355
3.57154
3.55397
3.54008
3.52944
3.52166
3.51632
3.51299
3.51139
3.51124
3.51232
3.51464
3.51789
3.52191
3.52666
3.53197
3.53778
3.54395
3.55033
3.55682
3.56337
3.5699
3.57633
3.58254
3.5886
3.59461
3.60041
3.60625
3.61265
3.62
3.62866
3.63914
3.65162
3.66639
3.68409
3.70458
3.72756
3.75288
3.78047
3.80992
3.84073
3.87283
3.90619
3.94077
3.97656
4.01356
4.05176
4.09117
4.13177
4.17357
4.21653
4.26061
4.30574
4.35181
4.39869
4.44621
4.49417
4.54239
4.5907
4.63889
4.68659
4.73343
4.77937
4.82361
4.86552
4.90462
4.94074
4.97346
5.00199
5.02543
5.04289
5.05345
5.05609
5.05006
5.036
5.01609
4.23433
4.20182
4.171
4.14192
4.11516
4.09174
4.07185
4.0551
4.04108
4.02942
4.01983
4.01205
4.00576
4.00072
3.99675
3.99372
3.99153
3.99012
3.98948
3.98961
3.99046
3.99194
3.99398
3.99651
3.99949
4.00294
4.00678
4.01081
4.01499
4.01938
4.02408
4.02926
4.03509
4.04172
4.04926
4.05762
4.06754
4.07962
4.09485
4.11303
4.13373
4.15683
4.18176
4.20775
4.23473
4.26269
4.2916
4.32147
4.35229
4.38407
4.41681
4.45053
4.48522
4.52087
4.55745
4.59494
4.63325
4.67231
4.712
4.75215
4.7926
4.83316
4.87362
4.91378
4.95337
4.99205
5.02954
5.06542
5.09931
5.13091
5.16013
5.1865
5.20933
5.22791
5.24153
5.24945
5.25068
5.24428
5.23035
5.2107
4.83678
4.80652
4.77765
4.74991
4.72339
4.69856
4.67595
4.6559
4.63823
4.62259
4.6087
4.59632
4.58523
4.57522
4.56615
4.55791
4.55044
4.54373
4.53785
4.53298
4.52897
4.52574
4.52319
4.52126
4.51991
4.51911
4.51885
4.51908
4.51981
4.52113
4.52323
4.52638
4.53068
4.5362
4.54311
4.55193
4.56342
4.57712
4.59248
4.60955
4.62828
4.6479
4.66807
4.6888
4.71014
4.73211
4.75472
4.77801
4.802
4.82669
4.85211
4.87826
4.90515
4.93276
4.96108
4.99007
5.01968
5.04984
5.08046
5.1114
5.14252
5.17366
5.20465
5.23529
5.26538
5.29462
5.32273
5.34941
5.37433
5.39721
5.4178
5.43576
5.45065
5.462
5.46926
5.47182
5.46884
5.45927
5.44279
5.42083
5.53865
5.50903
5.48075
5.4533
5.42652
5.40055
5.37576
5.35246
5.33078
5.3107
5.29216
5.27498
5.25897
5.24394
5.22978
5.21639
5.20375
5.1919
5.18083
5.17058
5.1611
5.15236
5.14431
5.1369
5.13014
5.12407
5.11874
5.11423
5.11061
5.10809
5.10725
5.10907
5.11311
5.11909
5.12685
5.1364
5.14791
5.16106
5.17446
5.18756
5.20034
5.21306
5.22588
5.2389
5.25222
5.2659
5.28
5.29456
5.30962
5.3252
5.34133
5.35801
5.37525
5.39304
5.41137
5.43021
5.44952
5.46924
5.4893
5.50959
5.53
5.5504
5.57064
5.59055
5.60996
5.62864
5.64633
5.66278
5.67772
5.69087
5.70196
5.71071
5.71677
5.71975
5.71926
5.71481
5.70569
5.69091
5.66991
5.64376
6.33855
6.3081
6.27893
6.25045
6.22231
6.19446
6.1671
6.14048
6.11485
6.09036
6.06737
6.04549
6.02449
6.00418
5.9845
5.9654
5.94698
5.92962
5.91324
5.8978
5.88331
5.86975
5.85714
5.8455
5.83486
5.82532
5.81703
5.81008
5.80454
5.80051
5.79817
5.79779
5.79937
5.80275
5.80743
5.81253
5.81686
5.82046
5.82363
5.82652
5.82924
5.83191
5.83461
5.83744
5.84047
5.84376
5.84736
5.85132
5.85567
5.86044
5.86563
5.87127
5.87736
5.88389
5.89085
5.89821
5.90594
5.91399
5.92231
5.93081
5.93939
5.94795
5.95637
5.96449
5.97218
5.97924
5.98546
5.99063
5.9945
5.99683
5.99737
5.99585
5.99196
5.9854
5.97582
5.96285
5.94592
5.92415
5.89694
5.86505
7.22403
7.19818
7.17271
7.14705
7.12083
7.09396
7.06654
7.03883
7.01111
6.9836
6.9565
6.92995
6.90399
6.87862
6.85387
6.82976
6.80635
6.78374
6.76197
6.74107
6.72108
6.70204
6.68398
6.66694
6.65097
6.63616
6.6229
6.61105
6.6005
6.59108
6.58223
6.57283
6.56305
6.55303
6.54305
6.53321
6.52342
6.51367
6.50395
6.4943
6.48473
6.4753
6.46602
6.45695
6.44811
6.43954
6.43127
6.42332
6.4157
6.40845
6.40155
6.39503
6.38887
6.38307
6.37762
6.3725
6.36767
6.36309
6.35871
6.35448
6.3503
6.34609
6.34174
6.33715
6.33216
6.32665
6.32042
6.3133
6.30509
6.29556
6.2845
6.27165
6.25677
6.23958
6.21981
6.19714
6.17113
6.14105
6.1064
6.06784
8.06441
8.0549
8.04445
8.03243
8.01845
8.00232
7.98403
7.96373
7.94166
7.91802
7.89275
7.86639
7.83935
7.81193
7.78435
7.7568
7.72947
7.70204
7.67454
7.64706
7.61964
7.59237
7.5653
7.53848
7.51198
7.48578
7.45961
7.43364
7.40802
7.38282
7.35801
7.33351
7.30925
7.2852
7.26139
7.23781
7.21447
7.19136
7.16848
7.14584
7.12343
7.10126
7.07933
7.05767
7.03627
7.01515
6.99432
6.97378
6.95355
6.93362
6.91399
6.89466
6.87563
6.85689
6.83842
6.8202
6.80222
6.78443
6.76679
6.74925
6.73175
6.71422
6.69657
6.67871
6.66053
6.6419
6.6227
6.60276
6.58193
6.56002
6.53685
6.51222
6.4859
6.45768
6.42735
6.39468
6.35929
6.3206
6.27833
6.23333
8.69407
8.70317
8.7105
8.71537
8.71729
8.71597
8.71125
8.70316
8.6918
8.67741
8.66038
8.64094
8.61928
8.59562
8.57017
8.54312
8.51448
8.48439
8.45307
8.4207
8.38747
8.35352
8.31899
8.284
8.24866
8.21305
8.17722
8.14125
8.1052
8.06914
8.03312
7.99719
7.96137
7.92568
7.89013
7.85474
7.81952
7.78448
7.74964
7.71499
7.68054
7.6463
7.61228
7.57848
7.54491
7.51156
7.47845
7.44558
7.41295
7.38056
7.34841
7.3165
7.28482
7.25338
7.22215
7.19114
7.16032
7.12967
7.09916
7.06876
7.03842
7.00809
6.9777
6.94719
6.91646
6.88543
6.85399
6.82203
6.78943
6.75604
6.72174
6.68635
6.64973
6.61172
6.57218
6.53092
6.48761
6.44194
6.39394
6.34419
9.01695
9.03995
9.06158
9.08104
9.0977
9.11106
9.1208
9.12671
9.12871
9.12681
9.1209
9.11117
9.09785
9.08122
9.06152
9.03902
9.01393
8.98648
8.95688
8.92534
8.89205
8.85722
8.821
8.78357
8.74506
8.70561
8.66533
8.62433
8.58272
8.54059
8.49803
8.45511
8.41192
8.36851
8.32493
8.28123
8.23745
8.19362
8.14977
8.10594
8.06213
8.01839
7.97473
7.93116
7.88771
7.84438
7.80119
7.75816
7.7153
7.67262
7.63014
7.58785
7.54578
7.50393
7.4623
7.42089
7.3797
7.33873
7.29795
7.25736
7.21692
7.17661
7.13637
7.09616
7.05591
7.01557
6.97506
6.93431
6.89323
6.85173
6.80973
6.76713
6.72381
6.67967
6.63459
6.58841
6.54098
6.49216
6.44183
6.3903
9.01969
9.04023
9.06103
9.08125
9.10016
9.11716
9.13174
9.14352
9.15203
9.15703
9.15847
9.15637
9.15078
9.14182
9.12961
9.1143
9.09605
9.07503
9.05139
9.02534
8.99708
8.96676
8.9345
8.90045
8.86473
8.82749
8.78884
8.74893
8.70793
8.66595
8.62311
8.57949
8.53519
8.49028
8.44485
8.39897
8.35271
8.30612
8.25925
8.21215
8.16487
8.11745
8.06993
8.02236
7.97476
7.92718
7.87965
7.83219
7.78484
7.73763
7.69057
7.64371
7.59705
7.55061
7.50441
7.45846
7.41277
7.36733
7.32216
7.27724
7.23256
7.18811
7.14386
7.0998
7.05587
7.01205
6.9683
6.92457
6.8808
6.83693
6.7929
6.74861
6.70399
6.65899
6.61351
6.56739
6.52042
6.47243
6.42335
6.37352
8.82914
8.82744
8.82743
8.82845
8.8299
8.83132
8.83227
8.83241
8.83145
8.82906
8.82505
8.81928
8.81164
8.80207
8.79053
8.77701
8.76153
8.7441
8.72476
8.70358
8.68061
8.65592
8.6296
8.60172
8.57235
8.54159
8.50951
8.4762
8.44174
8.4062
8.36968
8.33224
8.29398
8.25495
8.21523
8.17489
8.13399
8.09259
8.05075
8.00852
7.96598
7.92318
7.88015
7.83694
7.7936
7.75015
7.70663
7.66308
7.61952
7.57599
7.53252
7.48912
7.44582
7.40265
7.35962
7.31674
7.27403
7.2315
7.18916
7.147
7.10502
7.06324
7.02163
6.98018
6.93887
6.89771
6.85668
6.81574
6.77484
6.73394
6.69299
6.65192
6.61065
6.56907
6.52708
6.48454
6.44136
6.39743
6.35275
6.30762
8.63515
8.60611
8.57947
8.55476
8.53156
8.50952
8.48833
8.46776
8.44772
8.42801
8.40845
8.38888
8.36919
8.34927
8.32902
8.30836
8.28725
8.26561
8.24342
8.22063
8.19723
8.1732
8.14853
8.12321
8.09725
8.07064
8.0434
8.01552
7.98703
7.95795
7.92828
7.89806
7.86731
7.83604
7.8043
7.77209
7.73946
7.70642
7.67301
7.63925
7.60519
7.57086
7.53629
7.5015
7.46652
7.43137
7.39608
7.36068
7.32518
7.2896
7.25397
7.21831
7.18262
7.14693
7.11126
7.07562
7.04001
7.00446
6.96896
6.93353
6.89817
6.86288
6.82767
6.79252
6.75742
6.72234
6.68727
6.65219
6.61709
6.58194
6.54669
6.5113
6.47572
6.43988
6.40371
6.36715
6.33014
6.29264
6.25468
6.21651
8.54246
8.49043
8.44154
8.39532
8.35138
8.30941
8.26913
8.23031
8.1928
8.15658
8.12147
8.08732
8.05405
8.02154
7.98971
7.95849
7.92781
7.89761
7.86784
7.83845
7.80939
7.78062
7.7521
7.72379
7.69567
7.66769
7.63984
7.61208
7.58439
7.55675
7.52914
7.50154
7.47393
7.4463
7.41865
7.39095
7.3632
7.3354
7.30753
7.2796
7.25158
7.22346
7.19525
7.16697
7.13861
7.11018
7.0817
7.05317
7.02461
6.99601
6.96739
6.93876
6.91013
6.8815
6.85288
6.82429
6.79572
6.76718
6.73869
6.71024
6.68183
6.65347
6.62515
6.59687
6.56861
6.54037
6.51214
6.48389
6.45562
6.42731
6.39893
6.37045
6.34186
6.31311
6.2842
6.25511
6.22581
6.19632
6.16669
6.13715
8.59417
8.52233
8.45446
8.39013
8.32897
8.27062
8.21479
8.16122
8.10969
8.06002
8.01212
7.96589
7.92119
7.87789
7.8359
7.79512
7.75547
7.71687
7.67926
7.64258
7.60677
7.57179
7.5376
7.50414
7.47138
7.43928
7.4078
7.37691
7.34657
7.31676
7.28744
7.25858
7.23016
7.20215
7.17453
7.14726
7.12034
7.09374
7.06743
7.0414
7.01562
6.99007
6.96475
6.93963
6.9147
6.88995
6.86537
6.84096
6.8167
6.7926
6.76864
6.74483
6.72117
6.69764
6.67426
6.65102
6.62793
6.60497
6.58216
6.55948
6.53695
6.51455
6.49229
6.47016
6.44816
6.42628
6.40452
6.38288
6.36136
6.33993
6.3186
6.29736
6.27621
6.25515
6.2342
6.21337
6.19269
6.17223
6.15205
6.13236
8.86954
8.78492
8.70446
8.62782
8.55467
8.48472
8.4177
8.35339
8.29155
8.232
8.17455
8.119
8.0653
8.01344
7.96328
7.91469
7.86759
7.82187
7.77747
7.7343
7.6923
7.65142
7.61159
7.57279
7.53495
7.49804
7.46202
7.42686
7.39252
7.35897
7.32619
7.29414
7.2628
7.23215
7.20216
7.1728
7.14407
7.11593
7.08836
7.06136
7.03489
7.00894
6.9835
6.95855
6.93407
6.91005
6.88647
6.86333
6.84061
6.8183
6.79639
6.77487
6.75374
6.73299
6.7126
6.69258
6.67293
6.65363
6.63468
6.61609
6.59784
6.57994
6.56239
6.54518
6.52832
6.51181
6.49565
6.47986
6.46445
6.44942
6.43479
6.42058
6.40683
6.39356
6.38084
6.36871
6.35727
6.34661
6.33685
6.32817
9.69397
9.60898
9.52743
9.44902
9.37349
9.30061
9.23012
9.16184
9.09559
9.03122
8.96859
8.90755
8.84793
8.78956
8.73266
8.67728
8.62333
8.57073
8.51943
8.46937
8.42049
8.37275
8.32612
8.28055
8.23601
8.19248
8.14993
8.10834
8.06768
8.02795
7.98911
7.95116
7.91409
7.87787
7.8425
7.80796
7.77424
7.74134
7.70925
7.67794
7.64742
7.61768
7.58872
7.56052
7.53309
7.50641
7.48047
7.45528
7.43083
7.4071
7.3841
7.36181
7.34024
7.31937
7.2992
7.27973
7.26096
7.24288
7.22549
7.20879
7.19279
7.17748
7.16288
7.14898
7.13581
7.12338
7.11171
7.10083
7.09077
7.08156
7.07327
7.06594
7.05965
7.05448
7.05054
7.04795
7.04685
7.0474
7.0498
7.05419
12.7685
12.6902
12.6126
12.5357
12.4593
12.3833
12.3078
12.2328
12.1581
12.0838
12.01
11.9365
11.8634
11.7908
11.7185
11.6463
11.575
11.5052
11.4367
11.3695
11.3036
11.2389
11.1754
11.113
11.0518
10.9916
10.9327
10.8749
10.8182
10.7626
10.7082
10.6549
10.6029
10.5519
10.5022
10.4536
10.4062
10.36
10.315
10.2712
10.2287
10.1874
10.1473
10.1084
10.0708
10.0344
9.99932
9.96547
9.93288
9.90155
9.87147
9.84265
9.81509
9.78878
9.76372
9.7399
9.71734
9.69602
9.67595
9.65714
9.63958
9.62329
9.60829
9.5946
9.58224
9.57126
9.56169
9.55359
9.54702
9.54207
9.53884
9.53742
9.53795
9.54059
9.54548
9.55283
9.56281
9.57564
9.59152
9.61038
33.9094
33.6345
33.3632
33.096
32.8333
32.5755
32.3232
32.0763
31.8349
31.599
31.3687
31.1439
30.9247
30.711
30.5027
30.2998
30.1026
29.9112
29.7254
29.5449
29.3695
29.199
29.0334
28.8722
28.7155
28.5631
28.4147
28.2704
28.1298
27.993
27.8597
27.7299
27.6034
27.4802
27.36
27.2429
27.1286
27.0171
26.9083
26.8021
26.6984
26.597
26.4979
26.4011
26.3063
26.2136
26.1227
26.0337
25.9465
25.8609
25.7768
25.6942
25.6131
25.5332
25.4545
25.377
25.3005
25.2249
25.1502
25.0763
25.003
24.9303
24.8581
24.7862
24.7147
24.6433
24.5719
24.5005
24.4289
24.357
24.2846
24.2116
24.1378
24.0631
23.9872
23.9099
23.831
23.7503
23.6675
23.5823
21.8981
28.2918
32.6127
19.8493
20.8266
20.5738
15.3646
15.2697
14.0988
11.4394
10.8382
9.63487
8.36219
7.77878
6.99123
6.38697
6.01113
5.57912
5.28541
5.0615
4.81987
4.69911
4.56017
4.41456
4.407
4.31478
4.2205
4.29911
4.23295
4.16642
4.29923
4.24886
4.1982
4.36806
4.32772
4.28654
4.48356
4.45009
4.41541
4.63298
4.60423
4.57376
4.80602
4.78034
4.75245
4.99372
4.9696
4.94286
5.18857
5.16446
5.1375
5.39693
5.37105
5.34226
5.61641
5.58719
5.55509
5.83297
5.79919
5.76263
6.03032
5.99137
5.94986
6.19068
6.14694
6.10095
6.29797
6.25103
6.20223
6.34316
6.29561
6.24656
6.32841
6.28309
6.23663
6.26711
6.22652
6.18512
6.18253
6.14863
6.11429
6.11118
6.08549
6.05979
6.11552
6.09928
6.08354
6.32158
6.31608
6.31178
7.05991
7.06757
7.0775
9.63023
9.65364
9.68131
23.5066
23.4286
23.3481
11.8229
14.8477
17.6725
19.9395
21.9013
23.6725
25.3173
26.8772
28.3896
29.9002
31.4801
33.0431
34.5479
36.0142
37.4622
38.9072
40.3621
41.8515
43.5332
45.5267
47.7249
50.027
52.5635
55.7114
58.9714
20.2973
13.0403
13.4117
13.3711
12.9768
12.4103
11.8104
11.2653
10.8329
10.5603
10.5029
10.5956
10.7269
10.8828
11.0643
11.2793
11.548
11.9103
12.2945
12.6333
12.7799
13.0184
13.497
14.1194
16.293
23.5701
11.7438
10.821
10.0142
9.12557
8.29724
7.6138
7.09928
6.74768
6.54394
6.47523
6.48825
6.54374
6.63086
6.74796
6.89918
7.09591
7.30613
7.55943
7.85364
8.10452
8.37989
8.69236
8.96017
9.18022
26.2194
10.8592
9.15132
8.07741
7.14434
6.39383
5.83704
5.45166
5.20652
5.07387
5.03523
5.05425
5.11056
5.19621
5.30913
5.45173
5.61922
5.80238
6.01201
6.25017
6.46854
6.68145
6.88487
7.05958
7.1738
28.9128
10.4041
8.10334
6.92121
6.04584
5.40735
4.96291
4.67036
4.49333
4.40459
4.38786
4.41651
4.47744
4.56439
4.67498
4.81075
4.9626
5.12583
5.29646
5.47202
5.64017
5.80062
5.94475
6.05933
6.12616
32.3714
10.266
7.47855
6.22868
5.42165
4.87364
4.50836
4.27638
4.14155
4.07944
4.07422
4.1074
4.16923
4.25464
4.36144
4.48668
4.62352
4.75917
4.89649
5.03066
5.16021
5.28199
5.39047
5.47975
5.54335
36.6557
10.7947
7.18038
5.83718
5.06004
4.57626
4.27025
4.0791
3.97038
3.92298
3.92233
3.95518
4.0139
4.09429
4.19391
4.30602
4.41945
4.52876
4.63859
4.74453
4.84745
4.94513
5.03502
5.11473
5.18237
24.7018
10.3453
6.98842
5.6016
4.85195
4.40869
4.14021
3.97943
3.88888
3.84932
3.84909
3.87865
3.93181
4.0049
4.0931
4.18646
4.27721
4.36654
4.45529
4.54269
4.62894
4.71306
4.79422
4.87197
4.94658
16.54
9.04176
6.52944
5.33657
4.68507
4.29938
4.06563
3.92526
3.84628
3.81211
3.81132
3.83672
3.88347
3.94658
4.01891
4.09308
4.16631
4.24072
4.31488
4.39005
4.46617
4.54311
4.62102
4.70045
4.78261
11.2627
7.50895
5.85282
4.99268
4.49382
4.18718
3.99569
3.87832
3.81173
3.78324
3.78328
3.80563
3.84534
3.89704
3.95497
4.01511
4.07694
4.14058
4.20619
4.27449
4.3456
4.41988
4.49801
4.58101
4.67056
7.93829
6.20844
5.22692
4.65054
4.29035
4.05891
3.91039
3.81825
3.76804
3.74815
3.75119
3.77192
3.80592
3.84892
3.89722
3.94892
4.00374
4.06128
4.12251
4.18768
4.25705
4.33132
4.41142
4.49865
4.59495
6.1212
5.2993
4.73344
4.35607
4.10299
3.93394
3.82357
3.75695
3.7221
3.71066
3.71709
3.73725
3.76774
3.80565
3.84879
3.89625
3.94696
4.00182
4.06128
4.12548
4.19487
4.27033
4.35299
4.44432
4.54648
5.13225
4.70402
4.37107
4.12721
3.95427
3.83531
3.75831
3.71231
3.68935
3.68411
3.69275
3.7124
3.74075
3.77585
3.81629
3.86074
3.90947
3.96307
4.0218
4.08584
4.15577
4.23261
4.31761
4.4124
4.51937
4.57219
4.32964
4.12822
3.97197
3.85714
3.77744
3.72484
3.69332
3.67863
3.67752
3.68752
3.70668
3.73357
3.76643
3.80416
3.84636
3.89337
3.94573
4.00364
4.06735
4.1375
4.21519
4.30182
4.39918
4.50985
4.26527
4.1178
3.9921
3.8921
3.81623
3.76109
3.72376
3.70157
3.69219
3.69367
3.70447
3.72312
3.74821
3.77875
3.81408
3.85392
3.89872
3.94928
4.00576
4.06838
4.13792
4.21564
4.303
4.40195
4.51528
4.12427
4.02983
3.94737
3.87864
3.82404
3.78313
3.7548
3.7379
3.7312
3.7336
3.74382
3.76077
3.78355
3.81147
3.84408
3.88117
3.92345
3.97162
4.02588
4.08662
4.15475
4.23165
4.31889
4.41855
4.53358
4.09839
4.0307
3.96986
3.9176
3.87478
3.84159
3.81772
3.80303
3.79671
3.79792
3.80589
3.81992
3.83938
3.86374
3.89254
3.92581
3.96466
4.00964
4.06103
4.11938
4.18563
4.26108
4.34746
4.4471
4.56309
4.14536
4.09202
4.0431
3.99968
3.96298
3.93364
3.91157
3.89662
3.88849
3.88676
3.891
3.90075
3.91556
3.93495
3.95858
3.98705
4.02155
4.06244
4.11009
4.16518
4.22869
4.30203
4.38705
4.48623
4.60284
4.24269
4.19786
4.15587
4.11766
4.08411
4.0558
4.03304
4.01594
4.00447
3.99849
3.99777
4.00201
4.01088
4.02402
4.04136
4.06429
4.09355
4.12947
4.17256
4.22359
4.28365
4.35424
4.43732
4.53551
4.65229
4.37768
4.33821
4.3001
4.26426
4.2315
4.20243
4.17752
4.15705
4.14116
4.12987
4.12312
4.12075
4.12263
4.12854
4.1393
4.15619
4.17957
4.20987
4.24774
4.29407
4.35008
4.41735
4.49799
4.59473
4.71127
4.5398
4.50348
4.46733
4.43218
4.39879
4.36779
4.33972
4.31494
4.29373
4.27626
4.26261
4.25289
4.24726
4.24587
4.25018
4.26069
4.2778
4.30207
4.3343
4.37551
4.42704
4.49062
4.56845
4.66344
4.77948
4.72056
4.68575
4.65011
4.61438
4.57925
4.54537
4.51328
4.48346
4.4563
4.43215
4.41132
4.39411
4.38122
4.37341
4.37137
4.37544
4.38613
4.40419
4.43055
4.46641
4.51327
4.57296
4.64783
4.74094
4.85641
4.91162
4.87691
4.84054
4.80317
4.76544
4.72801
4.69146
4.65636
4.62326
4.59269
4.56524
4.54153
4.52229
4.50864
4.50039
4.49804
4.50231
4.51413
4.53462
4.56515
4.60735
4.6632
4.73517
4.82649
4.94158
5.10568
5.07011
5.03239
4.99311
4.95287
4.91227
4.87192
4.83242
4.79437
4.75839
4.72514
4.6954
4.66983
4.64944
4.63472
4.62597
4.62393
4.62969
4.64453
4.66998
4.7078
4.7601
4.8295
4.91942
5.0346
5.30825
5.2704
5.23018
5.18809
5.14469
5.10055
5.05625
5.01239
4.96957
4.92841
4.88956
4.85368
4.8215
4.79387
4.77194
4.75654
4.74846
4.74854
4.75822
4.77913
4.81315
4.8625
4.92995
5.01916
5.13526
5.51735
5.47577
5.43173
5.38567
5.33807
5.28947
5.24043
5.19154
5.1434
5.09666
5.05198
5.01008
4.97173
4.93778
4.90922
4.88728
4.87323
4.86835
4.87368
4.89092
4.92202
4.96934
5.03581
5.1254
5.24367
5.72
5.67368
5.62497
5.57424
5.52193
5.46855
5.41461
5.3607
5.30743
5.25546
5.2055
5.15831
5.11472
5.07564
5.04208
5.01518
4.9963
4.98705
4.9891
5.00389
5.03332
5.07988
5.14676
5.23827
5.36051
5.9019
5.85055
5.79704
5.74171
5.68495
5.6272
5.56898
5.51083
5.45338
5.3973
5.34332
5.29226
5.24499
5.20247
5.16579
5.13612
5.11478
5.10327
5.1034
5.11711
5.14649
5.19399
5.26314
5.35873
5.48739
6.04828
5.99268
5.93529
5.8764
5.81636
5.75558
5.69453
5.63377
5.5739
5.51559
5.4596
5.40677
5.35801
5.31435
5.27689
5.24689
5.2257
5.21479
5.21583
5.23077
5.2619
5.31256
5.38652
5.48915
5.62736
6.14672
6.0888
6.02952
5.96914
5.90795
5.84636
5.78482
5.72384
5.66403
5.60606
5.5507
5.49881
5.45132
5.40929
5.37389
5.3464
5.32822
5.32085
5.32594
5.3454
5.38172
5.43834
5.52049
5.63397
5.78581
6.19103
6.13362
6.07526
6.01618
5.95669
5.89714
5.83798
5.77972
5.72296
5.66836
5.6167
5.56883
5.52574
5.48849
5.4583
5.43649
5.42449
5.4238
5.43614
5.46361
5.50916
5.57684
5.67207
5.80104
5.96984
6.18416
6.13033
6.07593
6.0212
5.96643
5.91197
5.85828
5.80584
5.75526
5.70721
5.66246
5.6219
5.5865
5.55738
5.53578
5.52306
5.52065
5.53007
5.55324
5.59275
5.65242
5.73701
5.85156
6.00046
6.18793
6.1385
6.09103
6.04338
5.9958
5.94858
5.9021
5.85679
5.81317
5.77182
5.73344
5.69881
5.66883
5.6445
5.62697
5.61753
5.61754
5.62844
5.65191
5.69039
5.74741
5.8272
5.93408
6.07212
6.24517
6.45737
6.07581
6.03704
5.99853
5.96054
5.92339
5.88747
5.85323
5.8212
5.79199
5.76631
5.74496
5.72888
5.71911
5.71685
5.72342
5.74021
5.76876
5.81141
5.87128
5.95207
6.05748
6.19134
6.35761
6.5603
6.80375
6.03134
6.00321
5.97588
5.94964
5.92482
5.90186
5.88124
5.86352
5.84936
5.83949
5.83478
5.8362
5.84486
5.86205
5.88914
5.92771
5.97971
6.04808
6.13594
6.24658
6.38351
6.55052
6.75159
6.99079
7.27232
6.06676
6.05109
6.0369
6.02453
6.01438
6.00694
6.00275
6.00242
6.00667
6.01631
6.03227
6.05562
6.08758
6.12953
6.18306
6.24997
6.33276
6.43427
6.55719
6.70476
6.88051
7.08812
7.33133
7.61378
7.93891
6.30865
6.30763
6.30911
6.31349
6.32128
6.333
6.34927
6.37078
6.39832
6.4328
6.47524
6.5268
6.58882
6.66279
6.7505
6.854
6.97583
7.11833
7.28405
7.47613
7.69764
7.95166
8.24115
8.56857
8.93565
7.09172
7.10968
7.13177
7.15842
7.19016
7.22758
7.27134
7.32215
7.38083
7.44832
7.52562
7.61388
7.71438
7.82854
7.95797
8.10449
8.27
8.45649
8.66632
8.90132
9.16323
9.45364
9.77378
10.1241
10.5038
9.71823
9.76107
9.80946
9.86312
9.92289
9.98933
10.0629
10.144
10.2331
10.3308
10.4375
10.5538
10.6804
10.8177
10.9664
11.1272
11.3005
11.4868
11.6862
11.8987
12.1239
12.3611
12.6092
12.8661
13.1282
23.253
23.154
23.0506
22.9425
22.8291
22.7098
22.5842
22.4514
22.311
22.1621
22.0039
21.8356
21.6564
21.465
21.2605
21.0415
20.8067
20.5545
20.2829
19.9898
19.6728
19.3288
18.9541
18.5441
18.0925
50.304
36.5056
25.3371
16.1379
11.244
8.82497
7.84673
8.30754
12.1742
36.0808
50.6615
38.0904
26.115
16.3459
11.3321
8.86268
7.84519
8.26879
12.1079
36.1752
51.1228
39.6645
26.905
16.5542
11.4257
8.90184
7.84084
8.22297
12.0281
36.2576
51.6873
41.3835
27.7173
16.7638
11.5253
8.94299
7.83536
8.17255
11.9287
36.3277
52.2601
43.1956
28.534
16.9757
11.6318
8.98589
7.8281
8.11677
11.8143
36.3834
52.8275
45.1394
29.3517
17.1934
11.7475
9.03126
7.81949
8.05612
11.6833
36.4229
53.3591
47.2221
30.1558
17.4201
11.8744
9.07952
7.80983
7.9912
11.5362
36.4442
53.8534
49.4434
30.9232
17.6589
12.0141
9.13098
7.79961
7.92325
11.3738
36.445
54.3589
51.7797
31.6195
17.912
12.1678
9.1857
7.78943
7.85403
11.1989
36.4235
54.6574
54.2232
32.1859
18.1828
12.3359
9.24339
7.78
7.78604
11.0158
36.3776
54.7138
56.6755
32.5596
18.4741
12.5176
9.30313
7.77202
7.72243
10.8318
36.3057
54.105
58.9449
32.6855
18.7886
12.7091
9.36285
7.76602
7.66684
10.6578
36.2071
52.3355
60.9344
32.4877
19.1242
12.9023
9.41844
7.76181
7.62275
10.5114
36.0819
48.9182
61.9237
32.2025
19.4898
13.0816
9.46652
7.75477
7.58696
10.3965
35.9245
43.5282
61.1035
31.9594
19.8867
13.1954
9.45958
7.72487
7.54858
10.2876
35.7084
37.5534
58.1326
31.7656
20.0278
13.1396
9.36503
7.66046
7.50342
10.1857
35.4228
34.3785
53.879
31.1539
19.7707
12.836
9.15336
7.55094
7.44699
10.0912
35.0626
42.2872
49.059
30.017
18.9471
12.2139
8.80285
7.38832
7.37482
10.004
34.6256
60.397
43.6049
28.063
17.3642
11.215
8.29611
7.16961
7.28496
9.92195
34.1168
72.3205
40.2834
24.5888
14.7414
9.79765
7.66217
6.92304
7.18848
9.83421
33.5518
41.4949
27.6973
17.1176
11.0234
8.20511
7.02858
6.67803
7.08821
9.74565
32.9503
15.5415
12.5834
9.82876
8.0436
7.04
6.55501
6.4758
6.9977
9.66768
32.3664
9.06628
8.45892
7.58382
6.8711
6.43722
6.24649
6.31991
6.92227
9.60047
31.8087
7.12752
6.86978
6.52337
6.23385
6.06097
6.02864
6.20231
6.86609
9.54843
31.2982
6.12516
6.05021
5.93486
5.8379
5.80596
5.87458
6.11972
6.83035
9.51401
30.8475
5.57637
5.57901
5.57064
5.57988
5.63502
5.77084
6.06722
6.81288
9.49688
30.4604
5.23941
5.28843
5.34023
5.41119
5.52208
5.70483
6.03863
6.80983
9.49578
30.1351
5.02172
5.10024
5.18936
5.30057
5.45034
5.66743
6.02841
6.81711
9.50974
29.8678
4.8722
4.9722
5.08784
5.22826
5.40732
5.6514
6.03447
6.83705
9.53129
29.646
4.77189
4.88812
5.02344
5.18582
5.38735
5.65259
6.05403
6.86862
9.55731
29.4709
4.70598
4.83502
4.98572
5.16537
5.38494
5.66782
6.08515
6.90954
9.58612
29.3339
4.6655
4.80489
4.96801
5.16169
5.39631
5.69526
6.12709
6.95751
9.61675
29.227
4.64489
4.79271
4.96602
5.17145
5.41944
5.73346
6.17854
7.01198
9.64898
29.1428
4.64054
4.7952
4.97694
5.19254
5.45341
5.78178
6.23816
7.07277
9.68297
29.0751
4.64994
4.81011
4.99904
5.22423
5.49744
5.83897
6.3056
7.14003
9.71918
29.0182
4.67123
4.8359
5.03137
5.26598
5.55075
5.90437
6.38075
7.21411
9.75823
28.9674
4.70303
4.87178
5.0737
5.31703
5.6124
5.97779
6.46378
7.29555
9.80081
28.9185
4.74483
4.91731
5.12508
5.37655
5.6823
6.05938
6.55507
7.38496
9.84771
28.8678
4.79594
4.97183
5.18516
5.4446
5.76068
6.14955
6.65512
7.48305
9.89976
28.8117
4.85625
5.03531
5.25409
5.5215
5.84798
6.24878
6.76447
7.59054
9.95784
28.7471
4.92562
5.10778
5.33205
5.6076
5.94469
6.35764
6.88374
7.7082
10.0229
28.6708
5.00376
5.18919
5.41929
5.70336
6.05141
6.47674
7.01357
7.83684
10.0958
28.5799
5.09046
5.27964
5.51617
5.80939
6.16884
6.6068
7.15465
7.97731
10.1777
28.4714
5.18566
5.37944
5.62333
5.92651
6.29784
6.74861
7.30777
8.13055
10.2697
28.3425
5.28956
5.48917
5.74166
6.05576
6.43944
6.90311
7.47385
8.2976
10.3729
28.1901
5.40276
5.60987
5.87245
6.19846
6.59479
7.0714
7.654
8.47969
10.4887
28.0109
5.52648
5.74316
6.01742
6.35615
6.76537
7.25497
7.84974
8.67835
10.6187
27.8014
5.66295
5.89144
6.17877
6.53085
6.95324
7.45607
8.06322
8.89545
10.7644
27.5571
5.81564
6.0584
6.35978
6.72504
7.16131
7.67819
8.29744
9.13329
10.9274
27.2719
5.99013
6.24833
6.56406
6.94354
7.39445
7.92544
8.55609
9.39441
11.1093
26.9372
6.19154
6.46641
6.79886
7.19516
7.66176
8.20502
8.84312
9.68094
11.3102
26.54
6.42935
6.72433
7.07713
7.49269
7.97502
8.52708
9.16616
9.9956
11.5252
26.0608
6.72268
7.04198
7.41825
7.85396
8.34971
8.90416
9.53455
10.3436
11.7552
25.4813
7.10372
7.45207
7.85232
8.30574
8.8079
9.35317
9.96111
10.7311
11.9967
24.7751
7.6135
8.00177
8.42938
8.89145
9.38384
9.89851
10.4619
11.1581
12.2161
23.8491
8.32505
8.75471
9.21405
9.68195
10.1349
10.5811
11.0555
11.6061
12.3312
22.5804
9.36053
9.8199
10.2937
10.7479
11.1442
11.4659
11.7574
12.005
12.1427
20.8867
10.9276
11.3671
11.7965
12.1692
12.4442
12.6
12.5477
12.1802
11.4267
18.2543
13.3986
13.6503
13.8564
13.9641
13.9458
13.7432
13.0894
11.6472
9.73713
12.9769
17.5661
16.9696
16.273
15.4384
14.3904
13.0173
11.1811
8.44011
7.23738
8.95826
)
;

boundaryField
{
    inlet
    {
        type            fixedValue;
        value           uniform 199.883;
    }
    outlet
    {
        type            zeroGradient;
    }
    walls
    {
        blending        binomial2;
        n               2;
        beta1           0.075;
        type            omegaWallFunction;
        value           nonuniform List<scalar> 
446
(
533.208
406.086
327.928
276.067
239.485
212.386
191.506
174.899
161.344
150.043
140.452
132.193
124.99
118.641
112.994
107.931
103.36
99.2076
95.4151
91.9348
88.8073
85.9062
83.2043
80.6787
78.3099
76.0806
73.9753
71.9163
69.9628
68.1033
66.3273
64.625
62.987
61.4048
59.8698
58.3738
56.9088
55.4668
54.04
52.6205
51.2005
49.7722
48.3274
46.8575
45.3535
43.8055
42.2021
40.5295
38.7706
36.9022
34.8913
32.6864
30.1804
27.1981
23.6156
18.969
14.2754
12.7049
12.8918
13.5823
13.5823
14.2713
17.4694
21.3068
24.7495
27.6231
29.5536
31.1293
32.4395
33.5022
34.3426
35.0618
35.6851
36.2173
36.6526
37.0021
37.2727
37.4709
37.6028
37.6744
37.6916
37.6601
37.5856
37.4731
37.3277
37.1541
36.9567
36.7393
36.5056
36.2587
36.0014
35.7364
35.4657
35.1911
34.9145
34.6707
34.4281
34.1867
33.9094
33.6345
33.3632
33.096
32.8333
32.5755
32.3232
32.0763
31.8349
31.599
31.3687
31.1439
30.9247
30.711
30.5027
30.2998
30.1026
29.9112
29.7254
29.5449
29.3695
29.199
29.0334
28.8722
28.7155
28.5631
28.4147
28.2704
28.1298
27.993
27.8597
27.7299
27.6034
27.4802
27.36
27.2429
27.1286
27.0171
26.9083
26.8021
26.6984
26.597
26.4979
26.4011
26.3063
26.2136
26.1227
26.0337
25.9465
25.8609
25.7768
25.6942
25.6131
25.5332
25.4545
25.377
25.3005
25.2249
25.1502
25.0763
25.003
24.9303
24.8581
24.7862
24.7147
24.6433
24.5719
24.5005
24.4289
24.357
24.2846
24.2116
24.1378
24.0631
23.9872
23.9099
23.831
23.7503
23.6675
23.5823
23.5066
23.4286
23.3481
23.253
23.154
23.0506
22.9425
22.8291
22.7098
22.5842
22.4514
22.311
22.1621
22.0039
21.8356
21.6564
21.465
21.2605
21.0415
20.8067
20.5545
20.2829
19.9898
19.6728
19.3288
18.9541
18.5441
18.0925
17.5661
16.9696
16.273
15.4384
14.3904
13.0173
11.1811
8.44011
7.23738
8.95826
29.8678
29.646
29.4709
29.3339
29.227
29.1428
29.0751
29.0182
28.9674
28.9185
28.8678
28.8117
28.7471
28.6708
28.5799
28.4714
28.3425
28.1901
28.0109
27.8014
27.5571
27.2719
26.9372
26.54
26.0608
25.4813
24.7751
23.8491
22.5804
20.8867
18.2543
12.9769
8.95826
32.9503
32.3664
31.8087
31.2982
30.8475
30.4604
30.1351
36.0808
36.1752
36.2576
36.3277
36.3834
36.4229
36.4442
36.445
36.4235
36.3776
36.3057
36.2071
36.0819
35.9245
35.7084
35.4228
35.0626
34.6256
34.1168
33.5518
50.304
50.6615
51.1228
51.6873
52.2601
52.8275
53.3591
53.8534
54.3589
54.6574
54.7138
54.105
52.3355
48.9182
43.5282
37.5534
34.3785
42.2872
60.397
72.3205
11.8229
14.8477
17.6725
19.9395
21.9013
23.6725
25.3173
26.8772
28.3896
29.9002
31.4801
33.0431
34.5479
36.0142
37.4622
38.9072
40.3621
41.8515
43.5332
45.5267
47.7249
50.027
52.5635
55.7114
58.9714
4.34992
5.84755
7.211
8.18202
8.9587
9.59951
10.1521
10.6402
11.0787
11.4774
11.8432
12.1815
12.4963
12.7911
13.0685
13.3311
13.581
13.8201
14.0501
14.2725
14.4888
14.7002
14.9079
15.1132
15.3172
15.5209
15.7257
15.9327
16.1432
16.3588
16.5811
16.8122
17.0545
17.311
17.5771
17.8498
18.1292
18.4162
18.7117
19.0146
19.325
19.6448
19.9745
20.3144
20.6652
21.0273
21.4009
21.7864
22.1838
22.593
23.0132
23.4433
23.8809
24.3223
24.7612
25.188
25.587
25.9342
26.1976
26.3616
26.4488
26.4714
26.4298
26.2437
25.9089
25.4194
24.7446
23.9296
23.0095
21.9978
20.9149
19.756
18.6763
17.6155
16.5346
15.4006
14.1702
12.7556
10.9948
9.3749
33.726
20.8025
20.6866
20.7502
20.6417
20.2087
19.2572
18.3311
17.4559
16.6148
15.7961
15.0212
14.2913
13.6016
12.9392
12.3134
11.7354
11.1799
10.6272
10.0588
9.45315
8.78011
7.97375
6.91395
5.9391
533.208
406.086
327.928
276.067
239.485
212.386
191.506
174.9
161.346
150.045
140.455
132.197
124.995
118.649
113.005
107.947
103.383
99.2399
95.4608
91.997
)
;
    }
    baffle
    {
        blending        binomial2;
        n               2;
        beta1           0.075;
        type            omegaWallFunction;
        value           nonuniform List<scalar> 
34
(
5.9391
9.07841
9.74852
9.80237
9.52633
9.08997
8.63807
7.18266
11.191
15.879
4.34992
9.43354
11.6956
13.3995
14.8893
16.5835
18.6331
9.3749
13.4592
13.9257
13.4004
12.4038
11.5232
10.9835
21.8981
28.2918
32.6127
11.8229
20.2973
23.5701
26.2194
28.9128
32.3714
36.6557
)
;
    }
    front
    {
        type            empty;
    }
    back
    {
        type            empty;
    }
}


// ************************************************************************* //
