/*--------------------------------*- C++ -*----------------------------------*\
| =========                 |                                                 |
| \\      /  F ield         | OpenFOAM: The Open Source CFD Toolbox           |
|  \\    /   O peration     | Version:  v2012                                 |
|   \\  /    A nd           | Website:  www.openfoam.com                      |
|    \\/     M anipulation  |                                                 |
\*---------------------------------------------------------------------------*/
FoamFile
{
    version     2.0;
    format      ascii;
    class       volScalarField;
    location    "604";
    object      p;
}
// * * * * * * * * * * * * * * * * * * * * * * * * * * * * * * * * * * * * * //

dimensions      [0 2 -2 0 0 0 0];


internalField   nonuniform List<scalar> 
6532
(
0.401165
0.400281
0.399808
0.399607
0.399521
0.399521
0.399607
0.399807
0.400279
0.401164
0.400148
0.399888
0.399664
0.399523
0.399455
0.399454
0.399522
0.399663
0.399886
0.400146
0.399458
0.399467
0.39938
0.399291
0.399247
0.399247
0.39929
0.399378
0.399465
0.399456
0.399045
0.399115
0.399069
0.399005
0.398976
0.398976
0.399003
0.399067
0.399113
0.399043
0.398713
0.398794
0.398763
0.398709
0.398687
0.398686
0.398707
0.398759
0.39879
0.398709
0.398392
0.398472
0.39845
0.398406
0.398386
0.398385
0.398403
0.398444
0.398466
0.398386
0.398077
0.398149
0.398128
0.398093
0.398075
0.398073
0.398088
0.398121
0.39814
0.398068
0.397768
0.397831
0.397808
0.397775
0.397759
0.397756
0.397768
0.397797
0.397818
0.397754
0.397463
0.397517
0.397492
0.397459
0.397442
0.397438
0.397448
0.397475
0.397497
0.397443
0.397159
0.397206
0.397179
0.397145
0.397126
0.397121
0.397128
0.397153
0.397176
0.397129
0.396858
0.396898
0.396868
0.396833
0.396812
0.396803
0.396808
0.39683
0.396853
0.396812
0.39656
0.396594
0.396561
0.396524
0.396499
0.396486
0.396487
0.396505
0.396527
0.396491
0.396267
0.396295
0.39626
0.396218
0.396187
0.396168
0.396163
0.396175
0.396195
0.396164
0.395982
0.396006
0.395966
0.395918
0.395878
0.395849
0.395835
0.39584
0.395856
0.395828
0.395711
0.39573
0.395683
0.395624
0.395571
0.395528
0.3955
0.395494
0.395505
0.39548
0.395458
0.395472
0.395416
0.395342
0.395268
0.395202
0.395154
0.395133
0.395138
0.395115
0.395233
0.395241
0.395171
0.395076
0.39497
0.394869
0.39479
0.394747
0.394744
0.394726
0.39505
0.39505
0.394961
0.394834
0.394687
0.394535
0.394402
0.394318
0.394309
0.394308
0.394927
0.394918
0.394803
0.394629
0.39442
0.394188
0.393963
0.393798
0.393779
0.393886
0.394889
0.394869
0.394723
0.394488
0.394187
0.393834
0.393464
0.393179
0.393135
0.393555
0.394968
0.394939
0.394756
0.394446
0.394027
0.3935
0.392855
0.392147
0.391282
0.387397
0.39521
0.395179
0.394959
0.394572
0.394035
0.393353
0.392458
0.391246
0.390576
0.392482
0.395669
0.395639
0.395387
0.39493
0.394287
0.393489
0.392509
0.391076
0.389296
0.390991
0.396391
0.396368
0.396086
0.395559
0.39481
0.393871
0.392758
0.391189
0.388496
0.38918
0.397423
0.397408
0.397093
0.396492
0.395626
0.394526
0.393233
0.391609
0.388662
0.388769
0.398817
0.398811
0.398458
0.39777
0.396775
0.395505
0.394003
0.392256
0.389061
0.388165
0.40063
0.400632
0.400232
0.399441
0.398293
0.396821
0.395063
0.39311
0.389746
0.387595
0.402929
0.402938
0.402479
0.401564
0.400228
0.398509
0.39643
0.394155
0.39066
0.387353
0.405793
0.405806
0.405275
0.404208
0.402645
0.400629
0.39816
0.395388
0.391625
0.387749
0.409312
0.409326
0.408709
0.407465
0.405636
0.403275
0.400386
0.397075
0.392885
0.388641
0.413591
0.413599
0.412888
0.411437
0.409301
0.406546
0.403196
0.399352
0.394674
0.389938
0.418762
0.418773
0.417934
0.416237
0.413745
0.410527
0.406629
0.402171
0.397004
0.39165
0.424956
0.42497
0.42397
0.421988
0.419081
0.41532
0.410766
0.405544
0.399769
0.393705
0.432301
0.432303
0.431131
0.42883
0.425447
0.421058
0.415745
0.409626
0.402995
0.396103
0.440962
0.440948
0.439589
0.436931
0.43301
0.427907
0.421723
0.414599
0.406889
0.398964
0.451118
0.451091
0.449526
0.446473
0.441959
0.436063
0.428895
0.420633
0.411658
0.402484
0.462942
0.46291
0.461124
0.457647
0.452496
0.445744
0.437501
0.427969
0.41757
0.406941
0.476588
0.476571
0.474553
0.470635
0.464823
0.457178
0.447806
0.436919
0.424973
0.412709
0.491997
0.491955
0.48968
0.485324
0.478859
0.470332
0.459841
0.447596
0.434067
0.420068
0.509095
0.508999
0.506473
0.501694
0.494608
0.485242
0.473685
0.460139
0.445066
0.429319
0.528064
0.527962
0.525213
0.520037
0.51237
0.502226
0.489683
0.474928
0.458401
0.440948
0.548965
0.548861
0.545894
0.54035
0.532163
0.521331
0.507921
0.492103
0.474281
0.455252
0.571763
0.571641
0.56845
0.562563
0.553923
0.542508
0.528382
0.511692
0.492798
0.472418
0.596295
0.59613
0.592704
0.586494
0.577465
0.565583
0.550909
0.533572
0.513881
0.492455
0.622308
0.622063
0.618382
0.611856
0.602496
0.590259
0.575209
0.557464
0.53728
0.515169
0.649465
0.649095
0.645122
0.638271
0.628621
0.61613
0.60087
0.582948
0.562576
0.540163
0.677333
0.676792
0.672475
0.665272
0.655359
0.6427
0.627374
0.609487
0.58921
0.566862
0.7054
0.70463
0.699906
0.692312
0.682155
0.669402
0.654137
0.636468
0.61653
0.594565
0.733069
0.731999
0.726797
0.718779
0.708403
0.695634
0.68055
0.663256
0.643858
0.622531
0.759641
0.758166
0.752436
0.744005
0.733472
0.720791
0.70602
0.68925
0.670557
0.650061
0.784279
0.782293
0.776045
0.767289
0.756734
0.744301
0.730009
0.713925
0.696086
0.676562
0.805893
0.803365
0.796765
0.787925
0.777595
0.765659
0.752076
0.736866
0.720031
0.701592
0.822783
0.820408
0.813885
0.805285
0.795547
0.78447
0.771894
0.75779
0.742119
0.724866
0.832861
0.832008
0.826669
0.818919
0.810273
0.800499
0.789285
0.776542
0.762207
0.74623
0.836654
0.837149
0.83423
0.828493
0.821666
0.813707
0.804232
0.793111
0.780266
0.765629
0.837519
0.838165
0.837277
0.834185
0.829843
0.82418
0.816794
0.807519
0.796275
0.78301
0.837453
0.837579
0.837524
0.836786
0.835165
0.832134
0.827156
0.819957
0.810417
0.798516
0.837355
0.836753
0.83677
0.837562
0.838291
0.837832
0.835343
0.830308
0.822498
0.811939
0.838109
0.837005
0.836836
0.838191
0.840552
0.842217
0.841776
0.838427
0.831975
0.822539
0.839272
0.838641
0.83864
0.840308
0.84332
0.846152
0.847462
0.845629
0.840608
0.832841
0.368668
0.371323
0.372976
0.374598
0.375998
0.37707
0.377784
0.378049
0.377898
0.377389
0.376505
0.375392
0.374195
0.372931
0.371725
0.370724
0.37003
0.369697
0.369772
0.370257
0.371064
0.372007
0.37282
0.373275
0.373431
0.376266
0.372864
0.372378
0.373182
0.374191
0.375101
0.375795
0.376148
0.376042
0.375494
0.374614
0.373553
0.372451
0.371373
0.370401
0.36962
0.369099
0.368899
0.369056
0.369571
0.370389
0.37139
0.372393
0.373112
0.373452
0.376636
0.373376
0.372312
0.372484
0.37307
0.373665
0.37411
0.374292
0.374145
0.373675
0.372942
0.37205
0.371112
0.370208
0.369413
0.368794
0.368405
0.368278
0.36843
0.36886
0.369536
0.370387
0.371312
0.372161
0.372774
0.375327
0.372429
0.37144
0.371561
0.372141
0.372711
0.373101
0.373224
0.373045
0.372577
0.371876
0.371024
0.370123
0.369263
0.368521
0.367955
0.367606
0.367495
0.367629
0.367999
0.368569
0.369277
0.370044
0.370806
0.371502
0.375816
0.371628
0.370162
0.370279
0.371026
0.371718
0.372202
0.372373
0.372217
0.371761
0.371065
0.370218
0.369319
0.368464
0.367731
0.367176
0.366831
0.366708
0.366805
0.367108
0.367588
0.368188
0.368834
0.36948
0.370159
0.377029
0.371681
0.369351
0.369301
0.370014
0.370773
0.371343
0.37159
0.371482
0.371055
0.370373
0.36953
0.36863
0.367773
0.36704
0.366486
0.366136
0.365997
0.366056
0.366297
0.366691
0.36719
0.36773
0.368253
0.368824
0.377692
0.372225
0.369434
0.369008
0.369436
0.370102
0.370659
0.370948
0.370882
0.370484
0.369817
0.368977
0.368074
0.367213
0.366477
0.365919
0.365564
0.365409
0.365435
0.365622
0.365938
0.366341
0.366775
0.367174
0.367619
0.378116
0.37316
0.370307
0.36938
0.369412
0.369857
0.370319
0.370565
0.370506
0.370121
0.369459
0.368612
0.367696
0.366822
0.366076
0.365512
0.365148
0.364977
0.364976
0.365117
0.365366
0.365683
0.366021
0.366314
0.36665
0.379186
0.374518
0.371637
0.370321
0.370009
0.370197
0.370476
0.370599
0.370468
0.37005
0.369371
0.368495
0.367547
0.366642
0.365873
0.36529
0.36491
0.364722
0.364695
0.364797
0.364992
0.365239
0.365495
0.365703
0.365946
0.380857
0.376316
0.373387
0.371802
0.371195
0.371099
0.37114
0.371086
0.37082
0.370315
0.369603
0.368678
0.367669
0.366709
0.365894
0.365276
0.364865
0.364649
0.364596
0.364666
0.364817
0.365008
0.365197
0.365335
0.365498
0.382832
0.378378
0.375426
0.373665
0.372807
0.372445
0.37226
0.372021
0.371606
0.370965
0.370131
0.369172
0.368092
0.36705
0.366163
0.365486
0.365022
0.364761
0.364677
0.36472
0.364837
0.364984
0.365116
0.365197
0.365296
0.384942
0.380529
0.377566
0.375699
0.374655
0.374087
0.3737
0.373291
0.372755
0.372007
0.371034
0.369965
0.36883
0.367694
0.36671
0.365948
0.365402
0.365066
0.364934
0.364948
0.36504
0.365154
0.365243
0.36528
0.365324
0.387099
0.382636
0.37962
0.377677
0.37651
0.375791
0.375248
0.374705
0.374067
0.373277
0.372284
0.371098
0.369876
0.368661
0.367568
0.366689
0.366026
0.365576
0.365373
0.365352
0.365421
0.365507
0.365558
0.365557
0.365563
0.389294
0.384609
0.381451
0.379412
0.378146
0.377321
0.376679
0.376061
0.375376
0.374575
0.37362
0.372481
0.371183
0.369907
0.368733
0.367707
0.366888
0.366315
0.366002
0.365916
0.365952
0.36601
0.366029
0.365995
0.365963
0.391619
0.386473
0.383014
0.380791
0.379403
0.378489
0.377787
0.377143
0.376471
0.375723
0.374857
0.373838
0.372633
0.371325
0.370108
0.369
0.367995
0.367267
0.366826
0.366622
0.366584
0.366607
0.366601
0.366539
0.366467
0.39426
0.388369
0.384384
0.381824
0.380228
0.379194
0.378434
0.377784
0.377161
0.376513
0.375798
0.374966
0.373986
0.372821
0.371587
0.37046
0.369378
0.368413
0.367812
0.36749
0.367321
0.367256
0.36722
0.367135
0.367002
0.397512
0.390562
0.38577
0.38265
0.380697
0.379454
0.378596
0.377926
0.377349
0.376817
0.376285
0.375698
0.375011
0.374195
0.373165
0.372062
0.371056
0.369972
0.369006
0.368465
0.368216
0.368023
0.367864
0.367707
0.367467
0.401771
0.393438
0.387511
0.383552
0.381024
0.379424
0.378369
0.377624
0.377061
0.376624
0.376275
0.375958
0.375611
0.375184
0.374632
0.37395
0.373149
0.372182
0.370963
0.369821
0.369144
0.368896
0.368718
0.368341
0.367706
0.407399
0.397398
0.390014
0.384908
0.381543
0.379381
0.377988
0.377069
0.376454
0.376062
0.375856
0.375787
0.375789
0.375808
0.375798
0.375695
0.375434
0.374997
0.374097
0.372514
0.370787
0.369436
0.368885
0.368567
0.367132
0.41479
0.402893
0.393752
0.387181
0.382686
0.379715
0.37779
0.376553
0.375779
0.375351
0.375219
0.375341
0.375656
0.37611
0.376656
0.377232
0.377753
0.378122
0.378127
0.377359
0.375654
0.372998
0.37041
0.369959
0.371621
0.424489
0.410515
0.399328
0.390952
0.384987
0.380897
0.378175
0.376417
0.375332
0.37475
0.374596
0.374824
0.375386
0.376237
0.377343
0.378668
0.380161
0.381749
0.383329
0.384667
0.385218
0.385188
0.384754
0.38436
0.385542
0.436909
0.420779
0.407328
0.396831
0.389043
0.383488
0.379658
0.377108
0.375499
0.374603
0.374291
0.374497
0.375182
0.376315
0.377872
0.379836
0.382192
0.384947
0.388115
0.391585
0.39509
0.398522
0.402245
0.406399
0.410457
0.452358
0.434127
0.418313
0.40545
0.395508
0.388129
0.382839
0.379178
0.376767
0.375325
0.37467
0.374695
0.375341
0.376589
0.378436
0.380846
0.383753
0.387105
0.390882
0.395041
0.399474
0.404162
0.40932
0.415024
0.420727
0.470968
0.450848
0.43273
0.417386
0.405037
0.395497
0.388382
0.383255
0.379714
0.377434
0.376181
0.375802
0.376215
0.377407
0.379383
0.382034
0.385226
0.388867
0.392883
0.397272
0.40203
0.407066
0.412254
0.417494
0.422686
0.492646
0.470998
0.450824
0.433067
0.418194
0.406241
0.396969
0.390009
0.384974
0.381513
0.379349
0.378276
0.378176
0.379046
0.380876
0.383495
0.386716
0.390429
0.39457
0.399069
0.403822
0.408725
0.413659
0.418465
0.422977
0.517052
0.494352
0.472551
0.452661
0.435348
0.420882
0.409213
0.400099
0.393206
0.388194
0.384758
0.382646
0.381684
0.381886
0.383226
0.385499
0.388505
0.39212
0.396225
0.400679
0.405336
0.410061
0.41472
0.419168
0.423262
0.543617
0.520394
0.497523
0.475979
0.456541
0.439677
0.425545
0.414068
0.405021
0.398111
0.39304
0.389531
0.387353
0.386476
0.386966
0.388643
0.391181
0.394407
0.398197
0.402396
0.406834
0.411342
0.415761
0.419939
0.423751
0.571597
0.548363
0.525022
0.502433
0.481388
0.462479
0.446046
0.432189
0.420828
0.411769
0.404759
0.399529
0.395823
0.393515
0.392762
0.393478
0.395231
0.397766
0.400952
0.404641
0.408648
0.412788
0.416892
0.420801
0.424382
0.60017
0.577357
0.554095
0.531092
0.509071
0.488659
0.470314
0.454291
0.440665
0.429366
0.420231
0.413042
0.407558
0.403569
0.401167
0.400469
0.401135
0.402721
0.40502
0.407908
0.411219
0.414765
0.41837
0.421877
0.425148
0.628543
0.606465
0.583712
0.560837
0.538455
0.517157
0.497443
0.479671
0.464044
0.450622
0.439354
0.430107
0.422698
0.416915
0.412656
0.410058
0.409174
0.409574
0.410793
0.412651
0.415011
0.417719
0.420606
0.423511
0.426293
0.656042
0.634894
0.612926
0.590565
0.56831
0.546682
0.526165
0.507159
0.48995
0.474707
0.461485
0.450248
0.440899
0.433293
0.427276
0.422773
0.419837
0.418398
0.418206
0.418916
0.420207
0.421913
0.423902
0.426019
0.428128
0.682159
0.662039
0.640994
0.619359
0.597541
0.575981
0.555122
0.535364
0.517032
0.500362
0.485493
0.472479
0.461303
0.451896
0.44416
0.437986
0.433222
0.429817
0.427736
0.426753
0.426622
0.42716
0.428168
0.429414
0.430742
0.70657
0.687503
0.667413
0.646575
0.625326
0.604048
0.58314
0.562982
0.543908
0.526188
0.510017
0.495512
0.482722
0.471642
0.462223
0.454389
0.448035
0.443053
0.439263
0.436535
0.434799
0.433869
0.433537
0.433631
0.434003
0.729095
0.711063
0.691891
0.671818
0.65114
0.630202
0.609369
0.589003
0.569437
0.550953
0.533776
0.518064
0.503916
0.491372
0.480426
0.471036
0.463129
0.456609
0.451349
0.447226
0.4441
0.441765
0.440073
0.438954
0.438293
0.749646
0.73259
0.714249
0.694851
0.674669
0.654025
0.633269
0.612756
0.592817
0.573741
0.555768
0.539081
0.523808
0.510025
0.497759
0.486996
0.477689
0.469763
0.46312
0.457642
0.4532
0.449652
0.44687
0.444736
0.44312
0.768153
0.751998
0.734372
0.715509
0.695684
0.675225
0.654481
0.63381
0.613542
0.593969
0.575337
0.557846
0.541643
0.526826
0.513447
0.501516
0.491007
0.481864
0.474008
0.467339
0.461744
0.457102
0.453287
0.450181
0.447662
0.784692
0.769287
0.752198
0.733694
0.714047
0.693587
0.672703
0.651788
0.631174
0.611141
0.591936
0.573764
0.556785
0.541111
0.526812
0.513914
0.502408
0.492254
0.483388
0.475725
0.469166
0.463604
0.458922
0.45499
0.451697
0.799063
0.784245
0.767472
0.749095
0.729477
0.708975
0.687947
0.666778
0.645829
0.625385
0.60569
0.58695
0.569334
0.552963
0.537919
0.524238
0.511926
0.500954
0.491269
0.482795
0.475447
0.469104
0.463754
0.459198
0.455245
0.810312
0.795783
0.779143
0.760814
0.741139
0.720502
0.699308
0.677921
0.656672
0.635859
0.615734
0.596513
0.578372
0.561443
0.545813
0.53153
0.518606
0.507021
0.496732
0.487671
0.479756
0.472892
0.466996
0.461939
0.457586
0.821795
0.807751
0.791324
0.773082
0.753365
0.73254
0.711034
0.689248
0.667529
0.646187
0.625481
0.605641
0.586861
0.569284
0.553005
0.53808
0.524528
0.512337
0.501469
0.49186
0.483433
0.476096
0.469753
0.464304
0.459639
0.364119
0.364196
0.364624
0.371775
0.370765
0.379208
0.389183
0.395169
0.405982
0.4148
0.419704
0.424929
0.425425
0.429141
0.432068
0.427162
0.430691
0.433345
0.426802
0.429934
0.432489
0.426667
0.42942
0.43171
0.426893
0.429408
0.4315
0.427338
0.429702
0.431672
0.427887
0.430103
0.43197
0.428681
0.430657
0.432355
0.429998
0.43159
0.432992
0.431983
0.43308
0.434073
0.434492
0.435006
0.435521
0.437957
0.437795
0.437709
0.441968
0.441112
0.440393
0.445747
0.444264
0.442995
0.449134
0.447119
0.445371
0.452138
0.449672
0.447514
0.45409
0.451309
0.448894
0.455829
0.452719
0.450057
0.455826
0.455774
0.455643
0.455183
0.454053
0.452272
0.450005
0.447413
0.444639
0.441791
0.438948
0.436161
0.433464
0.430876
0.42841
0.426069
0.423855
0.421765
0.419797
0.417946
0.416208
0.414578
0.413051
0.411623
0.410288
0.409044
0.407885
0.406808
0.40581
0.404888
0.404039
0.40326
0.40255
0.401907
0.401332
0.400824
0.400386
0.40002
0.399729
0.39952
0.399396
0.399366
0.399439
0.399629
0.399941
0.400384
0.400967
0.401707
0.40262
0.403721
0.405021
0.40653
0.40826
0.410223
0.41243
0.41489
0.417611
0.420597
0.423849
0.427361
0.431119
0.435098
0.439258
0.44354
0.447863
0.452122
0.456157
0.459739
0.462618
0.464638
0.465883
0.466362
0.465919
0.464727
0.463103
0.461399
0.460287
0.460004
0.460356
0.460836
0.455965
0.455813
0.455592
0.454849
0.453461
0.451568
0.449271
0.446711
0.444005
0.441243
0.438492
0.435795
0.43318
0.430667
0.428265
0.425979
0.42381
0.421759
0.419823
0.417998
0.416281
0.414668
0.413154
0.411736
0.410409
0.40917
0.408015
0.40694
0.405943
0.40502
0.404169
0.403387
0.402671
0.402021
0.401435
0.400914
0.40046
0.400074
0.39976
0.399523
0.399369
0.399305
0.399337
0.39947
0.39972
0.400096
0.400613
0.401281
0.402108
0.403108
0.404294
0.40568
0.407275
0.40909
0.411133
0.41341
0.415929
0.418691
0.421696
0.424938
0.428404
0.432071
0.435903
0.43985
0.443843
0.447793
0.45158
0.455051
0.458045
0.460429
0.462142
0.463124
0.463284
0.462588
0.461267
0.459834
0.458797
0.458539
0.459118
0.460008
0.456073
0.455511
0.454736
0.453513
0.45185
0.449849
0.447581
0.445138
0.442594
0.440011
0.437436
0.434902
0.432434
0.430049
0.427757
0.425566
0.423479
0.421496
0.419618
0.417842
0.416167
0.414589
0.413105
0.411711
0.410405
0.409184
0.408043
0.40698
0.405993
0.405077
0.404232
0.403453
0.402739
0.402087
0.401496
0.400966
0.400498
0.400095
0.399758
0.399494
0.399306
0.399203
0.39919
0.399276
0.399469
0.399782
0.400225
0.400811
0.401553
0.402461
0.403547
0.404823
0.406298
0.407981
0.409878
0.411996
0.414339
0.41691
0.419707
0.422725
0.425953
0.429372
0.43295
0.436646
0.440403
0.444151
0.4478
0.45123
0.454295
0.456872
0.458862
0.460186
0.460813
0.460762
0.460138
0.459237
0.458461
0.458133
0.458339
0.458962
0.45519
0.45427
0.4531
0.451608
0.449822
0.447806
0.445617
0.443313
0.440939
0.438536
0.436136
0.433768
0.43145
0.4292
0.427027
0.424941
0.422945
0.421042
0.419233
0.417517
0.415894
0.414361
0.412915
0.411555
0.410277
0.409079
0.407959
0.406914
0.405941
0.405038
0.404202
0.40343
0.402719
0.402065
0.401468
0.400927
0.400442
0.400015
0.39965
0.399349
0.399119
0.398966
0.398895
0.398916
0.399037
0.399269
0.399623
0.400112
0.400748
0.401544
0.40251
0.403658
0.404995
0.406529
0.408266
0.410209
0.412364
0.414732
0.417313
0.420104
0.423097
0.426276
0.429618
0.43309
0.436646
0.440228
0.443767
0.447176
0.450341
0.453144
0.45549
0.457315
0.458569
0.459228
0.459337
0.459068
0.458678
0.458384
0.45835
0.458627
0.453287
0.452184
0.450911
0.449375
0.447594
0.445633
0.443545
0.441372
0.439146
0.436899
0.434654
0.432434
0.430257
0.428136
0.426082
0.424103
0.422203
0.420386
0.418653
0.417006
0.415442
0.413961
0.412561
0.411241
0.409998
0.408831
0.407736
0.406713
0.40576
0.404874
0.404053
0.403293
0.402589
0.401937
0.401336
0.400785
0.400284
0.399833
0.399437
0.3991
0.398825
0.398619
0.398489
0.398442
0.398486
0.398632
0.398891
0.399278
0.399808
0.400491
0.401337
0.402356
0.403558
0.404946
0.406524
0.408294
0.410259
0.412423
0.414785
0.417345
0.420096
0.423028
0.426124
0.429358
0.432696
0.436092
0.439491
0.442826
0.446017
0.448988
0.451674
0.454011
0.455934
0.457384
0.45833
0.458828
0.459018
0.458991
0.458841
0.458752
0.450846
0.44963
0.448366
0.446877
0.44517
0.443309
0.441341
0.4393
0.437217
0.435115
0.433016
0.430938
0.428896
0.426903
0.424967
0.423096
0.421296
0.41957
0.417918
0.416344
0.414845
0.413423
0.412074
0.410799
0.409595
0.408462
0.407398
0.406401
0.405471
0.404606
0.403805
0.403064
0.402375
0.401729
0.401128
0.40057
0.400051
0.399573
0.399141
0.398761
0.398437
0.398174
0.397978
0.397856
0.397816
0.397869
0.398026
0.398308
0.398734
0.399307
0.400032
0.400929
0.402001
0.403248
0.404671
0.406272
0.408051
0.410013
0.412159
0.414489
0.417001
0.419689
0.422541
0.425539
0.428658
0.431866
0.435124
0.438384
0.441592
0.444695
0.44764
0.450377
0.452852
0.455
0.456755
0.458081
0.458999
0.459425
0.459225
0.458844
0.447974
0.446784
0.445607
0.44421
0.442614
0.440878
0.439043
0.437142
0.4352
0.433241
0.431283
0.429343
0.427432
0.425563
0.423745
0.421983
0.420283
0.418648
0.41708
0.415581
0.41415
0.412788
0.411494
0.410266
0.409104
0.408007
0.406974
0.406006
0.405101
0.404262
0.403492
0.402784
0.402115
0.401467
0.400843
0.400254
0.399705
0.399196
0.398731
0.398313
0.397947
0.397637
0.397388
0.397206
0.397097
0.397071
0.397139
0.397312
0.397607
0.398042
0.398641
0.399429
0.400395
0.401521
0.402805
0.404248
0.405853
0.407624
0.409566
0.41168
0.413968
0.416426
0.419048
0.421822
0.424733
0.427758
0.43087
0.434036
0.437221
0.440387
0.443497
0.446515
0.449399
0.452095
0.454521
0.456595
0.458257
0.459227
0.459049
0.458502
0.444873
0.443796
0.442748
0.441471
0.440009
0.438411
0.436717
0.434957
0.433158
0.431339
0.429519
0.427711
0.425929
0.424181
0.422477
0.420821
0.41922
0.417676
0.416191
0.414767
0.413404
0.412102
0.410862
0.409681
0.40856
0.407499
0.406498
0.405556
0.404676
0.403864
0.403126
0.402431
0.401748
0.401078
0.400428
0.39981
0.399234
0.398703
0.398215
0.397773
0.397381
0.397041
0.396758
0.396537
0.396383
0.396303
0.396306
0.396396
0.396582
0.396891
0.397352
0.397987
0.398819
0.399839
0.401007
0.402309
0.403755
0.405352
0.407108
0.409025
0.411109
0.413359
0.415773
0.418345
0.421065
0.42392
0.42689
0.429955
0.433089
0.436267
0.43946
0.442641
0.44578
0.448833
0.451723
0.454356
0.456632
0.458186
0.458285
0.45767
0.441766
0.440817
0.439896
0.438746
0.437426
0.435972
0.434422
0.432806
0.431149
0.429469
0.427783
0.426105
0.424447
0.422816
0.421222
0.41967
0.418163
0.416707
0.415302
0.41395
0.412653
0.411409
0.410219
0.409084
0.408002
0.406973
0.405998
0.405077
0.404215
0.403417
0.402682
0.40197
0.401264
0.40058
0.399928
0.39931
0.398729
0.398187
0.397685
0.397227
0.396815
0.396453
0.396143
0.39589
0.395698
0.395574
0.395525
0.395559
0.395688
0.395927
0.396285
0.396771
0.397436
0.398318
0.399366
0.400533
0.40183
0.403269
0.404857
0.406601
0.408505
0.410572
0.412803
0.415197
0.417747
0.420446
0.423283
0.426241
0.429304
0.432452
0.435662
0.43891
0.442171
0.445408
0.448555
0.45152
0.454199
0.456273
0.45689
0.456284
0.438765
0.437935
0.437127
0.436104
0.434925
0.433618
0.432216
0.430746
0.429231
0.427689
0.426135
0.424583
0.423044
0.421525
0.420036
0.41858
0.417164
0.415789
0.414459
0.413175
0.411938
0.410748
0.409606
0.408511
0.407463
0.406462
0.405509
0.404602
0.403745
0.402943
0.40219
0.40147
0.400772
0.400097
0.399448
0.39883
0.398246
0.397698
0.397189
0.396719
0.396293
0.395913
0.395582
0.395304
0.395082
0.394922
0.394829
0.394813
0.394887
0.395064
0.395355
0.395768
0.39632
0.397049
0.397945
0.398972
0.400128
0.401423
0.402864
0.404456
0.406205
0.408116
0.410192
0.412432
0.414835
0.417397
0.42011
0.422963
0.425942
0.42903
0.432207
0.435448
0.438728
0.44201
0.445239
0.448328
0.451185
0.45359
0.45472
0.454245
0.435903
0.435184
0.434485
0.433592
0.43256
0.431405
0.430155
0.428833
0.427461
0.426055
0.42463
0.423199
0.421773
0.42036
0.418967
0.417602
0.416267
0.414968
0.413706
0.412482
0.411299
0.410157
0.409056
0.407997
0.406978
0.406
0.405063
0.404167
0.403309
0.402493
0.401731
0.401017
0.400331
0.399662
0.399017
0.398399
0.397813
0.397262
0.396747
0.396269
0.395833
0.39544
0.395092
0.394794
0.394549
0.394359
0.394232
0.394175
0.3942
0.394323
0.394557
0.394912
0.395398
0.396012
0.396758
0.397645
0.398672
0.39984
0.401154
0.402619
0.40424
0.406023
0.40797
0.410084
0.412365
0.41481
0.417415
0.42017
0.423062
0.426075
0.429186
0.432368
0.43559
0.438813
0.441982
0.445016
0.447839
0.450312
0.451752
0.451463
0.433176
0.43257
0.431989
0.431241
0.430369
0.429378
0.428288
0.42712
0.425892
0.424621
0.42332
0.422004
0.420682
0.419366
0.418061
0.416776
0.415514
0.41428
0.413076
0.411905
0.410768
0.409667
0.4086
0.40757
0.406575
0.405616
0.404692
0.403803
0.402947
0.402123
0.401352
0.400639
0.399959
0.399295
0.398652
0.398035
0.397448
0.396894
0.396374
0.39589
0.395445
0.395042
0.394682
0.394368
0.394104
0.393892
0.393736
0.393646
0.393633
0.393712
0.393899
0.394206
0.394634
0.395152
0.395774
0.396545
0.397464
0.398528
0.399739
0.401103
0.402623
0.404306
0.406154
0.40817
0.410357
0.412711
0.415228
0.417901
0.420715
0.423652
0.426685
0.429782
0.432902
0.435995
0.438999
0.441832
0.444416
0.446659
0.448058
0.447852
0.430552
0.43007
0.429635
0.429066
0.428384
0.427579
0.426665
0.425658
0.424576
0.423435
0.422253
0.421042
0.419815
0.418583
0.417355
0.416137
0.414936
0.413756
0.4126
0.411471
0.410371
0.4093
0.408261
0.407252
0.406276
0.40533
0.404416
0.403534
0.402681
0.401857
0.401074
0.400351
0.399671
0.39901
0.398367
0.39775
0.397161
0.396603
0.396079
0.39559
0.395138
0.394726
0.394355
0.394029
0.39375
0.39352
0.393343
0.393227
0.393183
0.393229
0.393382
0.393652
0.394011
0.394435
0.39497
0.395659
0.396499
0.397485
0.398621
0.399911
0.401359
0.402971
0.40475
0.4067
0.408821
0.411114
0.413573
0.416189
0.418947
0.421825
0.424793
0.427808
0.430818
0.433761
0.436562
0.439126
0.441347
0.443151
0.444247
0.443836
0.427943
0.427625
0.427397
0.427071
0.426631
0.426049
0.425331
0.424495
0.423559
0.422545
0.421471
0.420353
0.419207
0.418045
0.416878
0.415713
0.414558
0.413418
0.412297
0.411198
0.410124
0.409075
0.408053
0.407059
0.406093
0.405156
0.404248
0.403369
0.402519
0.401696
0.400906
0.400168
0.399479
0.398816
0.398172
0.397552
0.39696
0.396398
0.395869
0.395374
0.394915
0.394495
0.394115
0.393779
0.393489
0.393245
0.393052
0.392915
0.392847
0.392869
0.393
0.393225
0.393503
0.393857
0.394346
0.394986
0.395774
0.396709
0.397796
0.399039
0.400443
0.402014
0.403756
0.405671
0.407762
0.410028
0.412463
0.415058
0.417796
0.420651
0.423587
0.426554
0.429486
0.432309
0.434938
0.437264
0.439147
0.440606
0.441586
0.440719
0.425168
0.425099
0.425211
0.425251
0.425141
0.424834
0.42434
0.423684
0.422892
0.421993
0.421012
0.419971
0.418887
0.417776
0.416652
0.415523
0.414398
0.413282
0.412182
0.4111
0.410038
0.409
0.407986
0.406998
0.406036
0.4051
0.404193
0.403313
0.402461
0.401638
0.400843
0.400091
0.399387
0.398716
0.398068
0.397445
0.396848
0.39628
0.395745
0.395244
0.394778
0.39435
0.393963
0.393618
0.393317
0.393064
0.392858
0.392705
0.39262
0.392626
0.392731
0.392896
0.393114
0.393442
0.393911
0.394525
0.395285
0.396193
0.397257
0.39848
0.399868
0.401427
0.403162
0.405077
0.407174
0.409451
0.411904
0.414522
0.417288
0.420172
0.423131
0.426106
0.429014
0.431757
0.434226
0.436262
0.437719
0.439017
0.440326
0.43848
0.421839
0.422287
0.422999
0.423628
0.42398
0.424008
0.423758
0.423281
0.422622
0.421819
0.420909
0.41992
0.418875
0.417793
0.416689
0.415575
0.414461
0.413353
0.412257
0.411178
0.410117
0.409078
0.408062
0.40707
0.406104
0.405164
0.404251
0.403365
0.402508
0.40168
0.40088
0.400113
0.399389
0.398707
0.398054
0.397425
0.396822
0.396249
0.395707
0.395199
0.394726
0.394291
0.393896
0.393543
0.393235
0.392973
0.392759
0.392595
0.392498
0.392489
0.392553
0.392669
0.392871
0.3932
0.393666
0.394273
0.395026
0.395931
0.396994
0.398221
0.39962
0.401196
0.402955
0.404903
0.407041
0.40937
0.411887
0.414581
0.417435
0.420419
0.423484
0.426557
0.429535
0.432274
0.434566
0.436074
0.436586
0.437058
0.437183
0.43119
0.416896
0.418667
0.420716
0.422268
0.423235
0.423681
0.423685
0.423356
0.422794
0.422053
0.42118
0.420213
0.419177
0.418096
0.416987
0.415866
0.414743
0.413624
0.412517
0.411425
0.410353
0.409301
0.408273
0.407269
0.406292
0.405341
0.404418
0.403523
0.402657
0.401821
0.401007
0.400219
0.399477
0.398783
0.398122
0.397488
0.396879
0.396299
0.395751
0.395236
0.394757
0.394315
0.393914
0.393554
0.39324
0.392972
0.392752
0.392583
0.392474
0.392442
0.392473
0.392576
0.392791
0.393133
0.393609
0.394226
0.394991
0.395911
0.396995
0.398249
0.399681
0.401299
0.40311
0.405121
0.407336
0.409758
0.412385
0.415212
0.418225
0.421398
0.424689
0.428026
0.431297
0.434328
0.436803
0.438172
0.438117
0.437114
0.430462
0.410899
0.408685
0.414629
0.418872
0.421539
0.423141
0.423972
0.42421
0.423992
0.423454
0.422709
0.421828
0.420843
0.419782
0.418672
0.417533
0.416382
0.415228
0.414082
0.412948
0.411831
0.410734
0.40966
0.408611
0.407588
0.406592
0.405626
0.404689
0.403782
0.402904
0.40205
0.401211
0.400403
0.399647
0.398941
0.398271
0.397629
0.397015
0.39643
0.395876
0.395356
0.394871
0.394425
0.394018
0.393654
0.393335
0.393064
0.392842
0.392671
0.392553
0.392494
0.392514
0.392637
0.392875
0.39324
0.393738
0.39438
0.395173
0.396126
0.397248
0.398548
0.400034
0.401716
0.403603
0.405703
0.408024
0.410572
0.41335
0.416359
0.419594
0.423045
0.426689
0.430488
0.434382
0.438269
0.441914
0.444885
0.44725
0.448053
0.433926
0.396254
0.389887
0.409784
0.417636
0.421864
0.424064
0.425095
0.425393
0.425194
0.424623
0.4238
0.422832
0.421779
0.420654
0.419483
0.418286
0.417082
0.415881
0.414691
0.413518
0.412364
0.411234
0.410129
0.409051
0.408003
0.406987
0.406005
0.405055
0.404131
0.403225
0.402338
0.401477
0.400659
0.399892
0.399174
0.398494
0.397845
0.397226
0.396636
0.396079
0.395555
0.395068
0.394619
0.39421
0.393845
0.393526
0.393256
0.393037
0.39287
0.39275
0.392675
0.39269
0.392837
0.39311
0.393508
0.394042
0.394721
0.395556
0.396555
0.397729
0.399088
0.400643
0.402405
0.404383
0.40659
0.409035
0.411728
0.414677
0.417892
0.421377
0.425139
0.429184
0.433516
0.438163
0.443183
0.448543
0.454157
0.460602
0.467509
0.468325
0.469302
0.39943
0.413405
0.420176
0.424348
0.426377
0.427208
0.427309
0.42693
0.426218
0.425274
0.424179
0.422993
0.421749
0.420479
0.4192
0.417926
0.416664
0.41542
0.414198
0.413
0.41183
0.410688
0.409578
0.408503
0.407466
0.406467
0.405495
0.404537
0.403596
0.402686
0.401816
0.40099
0.400212
0.39948
0.39879
0.398135
0.397511
0.396919
0.39636
0.395836
0.395348
0.3949
0.394494
0.394132
0.393818
0.393554
0.393344
0.393189
0.393083
0.393018
0.393025
0.393172
0.393478
0.393923
0.394505
0.395233
0.39612
0.397176
0.398412
0.39984
0.401474
0.403324
0.405403
0.407725
0.410301
0.413145
0.41627
0.419688
0.423414
0.427465
0.431859
0.436622
0.441847
0.447692
0.45416
0.461086
0.46847
0.476302
0.484626
0.497994
0.417363
0.42312
0.426683
0.428888
0.429832
0.430031
0.429718
0.429045
0.428116
0.426999
0.425756
0.424427
0.423041
0.421636
0.420251
0.418894
0.417562
0.416257
0.414981
0.413735
0.412521
0.41134
0.410196
0.409092
0.408032
0.407004
0.40599
0.404997
0.40404
0.40312
0.40224
0.401403
0.400612
0.399868
0.399167
0.398505
0.397878
0.397285
0.396726
0.396204
0.395721
0.395278
0.394879
0.394527
0.394223
0.393974
0.39378
0.393646
0.393568
0.393541
0.393569
0.393706
0.394007
0.394485
0.395125
0.395916
0.396865
0.397987
0.399294
0.4008
0.402519
0.404465
0.406651
0.409091
0.411801
0.414795
0.418087
0.421696
0.425639
0.429936
0.434611
0.43971
0.445393
0.451775
0.458847
0.466491
0.474608
0.483232
0.49259
0.503818
0.428975
0.431187
0.432659
0.43325
0.433215
0.432788
0.43206
0.4311
0.429967
0.428706
0.42735
0.425892
0.424359
0.422831
0.421353
0.419919
0.418521
0.417158
0.41583
0.414538
0.413282
0.412064
0.410887
0.409754
0.408661
0.40759
0.406541
0.40553
0.404559
0.403627
0.402735
0.401886
0.401083
0.400328
0.399618
0.39895
0.398321
0.397728
0.397174
0.396657
0.396182
0.39575
0.395364
0.395027
0.394742
0.394514
0.394346
0.394242
0.3942
0.394221
0.394308
0.394478
0.394774
0.395242
0.395911
0.396768
0.39779
0.398985
0.400369
0.401958
0.403767
0.405811
0.408104
0.410661
0.413499
0.416633
0.420078
0.423854
0.427977
0.432468
0.43735
0.442707
0.448657
0.455316
0.462717
0.470681
0.479069
0.487847
0.497102
0.506853
0.434115
0.435374
0.435995
0.435962
0.43551
0.434777
0.433823
0.432709
0.431474
0.430143
0.428702
0.427138
0.425519
0.423934
0.422402
0.420914
0.419466
0.418057
0.416688
0.415358
0.414068
0.412816
0.411606
0.410438
0.409308
0.408207
0.40714
0.406113
0.405127
0.404182
0.403279
0.402419
0.401607
0.400842
0.400125
0.399454
0.398824
0.398236
0.397688
0.397182
0.39672
0.396304
0.395937
0.395622
0.395363
0.395164
0.39503
0.394964
0.394967
0.39504
0.395191
0.395432
0.395781
0.396263
0.396924
0.397808
0.398899
0.40017
0.401632
0.403305
0.405204
0.407345
0.409742
0.41241
0.415366
0.418626
0.422204
0.426118
0.430383
0.435018
0.440045
0.445551
0.451633
0.458411
0.46586
0.473791
0.482067
0.490616
0.499357
0.508023
0.435285
0.436494
0.437007
0.436957
0.436507
0.435761
0.434808
0.433719
0.4325
0.431136
0.429639
0.428054
0.426447
0.424863
0.423313
0.421801
0.420328
0.418894
0.4175
0.416146
0.414831
0.413554
0.412315
0.411112
0.409948
0.408827
0.407749
0.40671
0.405712
0.404757
0.403846
0.40298
0.402161
0.401391
0.400671
0.399998
0.399371
0.398789
0.398251
0.39776
0.397316
0.396922
0.39658
0.396294
0.396068
0.395906
0.395813
0.395792
0.395846
0.395979
0.396197
0.396511
0.396939
0.397493
0.398189
0.399079
0.400204
0.401543
0.40308
0.404831
0.406816
0.409049
0.411544
0.414316
0.417379
0.420747
0.424435
0.428458
0.432828
0.437562
0.442686
0.448247
0.454353
0.461116
0.468447
0.476175
0.484167
0.492318
0.500484
0.508404
0.434534
0.43592
0.436634
0.436805
0.436548
0.435968
0.435153
0.434154
0.432971
0.431626
0.430179
0.428662
0.427111
0.425559
0.424025
0.422519
0.421046
0.41961
0.418211
0.416849
0.415525
0.414236
0.412982
0.411759
0.41057
0.409428
0.408337
0.407289
0.406284
0.405324
0.40441
0.403542
0.402723
0.401952
0.401233
0.400563
0.399943
0.399371
0.398849
0.398376
0.397956
0.397589
0.397279
0.397028
0.396842
0.396722
0.396675
0.396705
0.396815
0.397012
0.3973
0.39769
0.398197
0.398835
0.399617
0.40056
0.401715
0.403102
0.404703
0.406527
0.40859
0.410908
0.413492
0.416356
0.419512
0.422972
0.426749
0.430852
0.435293
0.440083
0.44525
0.450815
0.456881
0.463534
0.470664
0.478118
0.485768
0.493493
0.501146
0.508515
0.433646
0.435079
0.435932
0.436291
0.43623
0.435819
0.435116
0.434153
0.432998
0.431739
0.430395
0.428968
0.42749
0.425995
0.424505
0.423033
0.421586
0.420169
0.418784
0.417432
0.416114
0.414829
0.413575
0.412351
0.411158
0.410002
0.408892
0.407831
0.406822
0.405861
0.404949
0.404084
0.403269
0.402506
0.401794
0.401135
0.400528
0.399973
0.399472
0.399024
0.398631
0.398297
0.398022
0.397811
0.397668
0.397595
0.397597
0.397681
0.397852
0.398114
0.398475
0.398944
0.399534
0.400257
0.401129
0.402164
0.403383
0.404813
0.406472
0.408366
0.410505
0.412901
0.415565
0.418509
0.421744
0.425279
0.429124
0.433286
0.43777
0.442586
0.447742
0.453275
0.459276
0.465771
0.472664
0.479824
0.487128
0.494462
0.501687
0.508641
0.433293
0.434668
0.435525
0.435933
0.435948
0.43562
0.434984
0.434071
0.432961
0.43174
0.430432
0.429055
0.427639
0.426206
0.424772
0.42335
0.421946
0.420566
0.419214
0.417889
0.416594
0.415328
0.414089
0.412876
0.411687
0.410521
0.409396
0.40833
0.407322
0.406367
0.405462
0.404608
0.403805
0.403055
0.402358
0.401715
0.401127
0.400595
0.400119
0.399699
0.399339
0.399039
0.398803
0.398633
0.398534
0.39851
0.398565
0.398707
0.39894
0.399271
0.399706
0.400256
0.40093
0.401743
0.402707
0.403838
0.405134
0.406623
0.408347
0.410314
0.412529
0.415001
0.417739
0.420755
0.424057
0.427652
0.431546
0.435745
0.440249
0.445064
0.450191
0.455675
0.461585
0.467907
0.474559
0.481433
0.488421
0.495413
0.502294
0.508934
0.433366
0.434674
0.435486
0.43587
0.435885
0.435583
0.435
0.434168
0.43313
0.431928
0.430619
0.429259
0.427871
0.426467
0.42506
0.423661
0.422277
0.420915
0.419578
0.418268
0.416987
0.415733
0.414507
0.413305
0.412124
0.41097
0.40986
0.408808
0.407812
0.406868
0.405977
0.405138
0.404352
0.40362
0.402942
0.402319
0.401753
0.401245
0.400796
0.400406
0.400078
0.399814
0.399616
0.399489
0.399436
0.399462
0.399573
0.399775
0.400073
0.400475
0.400987
0.401618
0.40238
0.403283
0.404342
0.405555
0.406924
0.408492
0.410295
0.41234
0.414631
0.417177
0.419986
0.423068
0.426428
0.430072
0.434003
0.438223
0.442728
0.447518
0.45261
0.458047
0.463852
0.469999
0.476424
0.483039
0.489748
0.496455
0.503061
0.509467
0.433595
0.434867
0.43566
0.436035
0.436052
0.435757
0.435194
0.434405
0.433422
0.432282
0.431027
0.429702
0.428333
0.426939
0.425536
0.424135
0.422745
0.421375
0.420028
0.418709
0.417419
0.416161
0.414934
0.413738
0.412575
0.411447
0.410362
0.409326
0.408342
0.407412
0.406534
0.40571
0.40494
0.404224
0.403565
0.402962
0.402418
0.401934
0.401511
0.40115
0.400854
0.400625
0.400468
0.400385
0.40038
0.400459
0.400627
0.400891
0.401257
0.401731
0.402322
0.403037
0.403887
0.40488
0.406014
0.40729
0.408738
0.410399
0.412289
0.414414
0.416782
0.4194
0.422277
0.425418
0.42883
0.432516
0.436477
0.440711
0.445213
0.449975
0.455019
0.460389
0.466088
0.472077
0.478301
0.484688
0.49116
0.497633
0.504025
0.510257
0.433861
0.435068
0.435841
0.436221
0.436256
0.435982
0.435442
0.434683
0.433739
0.432644
0.431444
0.430162
0.428823
0.427453
0.426067
0.424677
0.423295
0.421927
0.42058
0.419259
0.417967
0.416707
0.41548
0.414288
0.413133
0.412016
0.410942
0.409916
0.408942
0.408021
0.407154
0.406342
0.405584
0.404883
0.40424
0.403656
0.403132
0.402671
0.402273
0.401941
0.401678
0.401487
0.401371
0.401333
0.401378
0.401512
0.401741
0.402069
0.402503
0.403048
0.403719
0.404517
0.405438
0.40649
0.40768
0.409031
0.410575
0.41233
0.414305
0.41651
0.418952
0.42164
0.42458
0.427777
0.431236
0.434958
0.438944
0.44319
0.447691
0.452437
0.45743
0.46271
0.468296
0.474145
0.480199
0.486395
0.492669
0.498954
0.505182
0.511287
0.434263
0.435303
0.435983
0.436324
0.436356
0.436109
0.435613
0.434903
0.434011
0.432968
0.431813
0.430575
0.429274
0.427937
0.42658
0.425212
0.423846
0.42249
0.421152
0.419838
0.418553
0.417298
0.416078
0.414893
0.413747
0.41264
0.411577
0.410562
0.409598
0.408687
0.407831
0.40703
0.406286
0.405599
0.404971
0.404404
0.403901
0.403463
0.403092
0.402791
0.402564
0.402412
0.402339
0.402347
0.402441
0.402629
0.402919
0.403316
0.403816
0.404422
0.405142
0.405985
0.406955
0.408063
0.40933
0.410776
0.412415
0.414258
0.416315
0.418597
0.421111
0.423864
0.426862
0.43011
0.43361
0.437364
0.44137
0.445627
0.450128
0.454864
0.459827
0.465027
0.470483
0.476191
0.482101
0.488142
0.494258
0.500395
0.5065
0.512518
0.434989
0.435745
0.43623
0.436446
0.436412
0.436143
0.435659
0.434983
0.434144
0.433164
0.432064
0.430881
0.429633
0.428337
0.427018
0.425686
0.42435
0.42302
0.421704
0.420409
0.419139
0.417899
0.416691
0.415518
0.414384
0.413291
0.412242
0.411241
0.410291
0.409395
0.408552
0.407764
0.407033
0.406362
0.405752
0.405206
0.404724
0.40431
0.403966
0.403696
0.403505
0.403398
0.403373
0.403426
0.403562
0.403791
0.404116
0.404544
0.40508
0.405729
0.40649
0.407379
0.408415
0.409608
0.410966
0.412501
0.414225
0.416149
0.418284
0.420637
0.423217
0.42603
0.429081
0.432373
0.435909
0.43969
0.443713
0.447975
0.452473
0.457197
0.462142
0.467297
0.47266
0.478231
0.483989
0.489888
0.495876
0.501903
0.507922
0.513888
0.436033
0.436452
0.436676
0.436699
0.436532
0.436181
0.435657
0.434975
0.434152
0.433207
0.43216
0.431033
0.429842
0.428598
0.427325
0.426038
0.424746
0.423455
0.422175
0.420911
0.419668
0.418452
0.417266
0.416114
0.414999
0.413924
0.412894
0.411912
0.410984
0.410112
0.409293
0.408524
0.407811
0.407158
0.406566
0.406038
0.405576
0.405181
0.404858
0.404609
0.404436
0.404343
0.404333
0.40441
0.404578
0.404839
0.405196
0.405653
0.406227
0.406928
0.407758
0.408725
0.40984
0.411111
0.412548
0.414162
0.415963
0.417961
0.420165
0.422584
0.425224
0.428089
0.431186
0.434517
0.438083
0.441884
0.445918
0.450183
0.454672
0.459379
0.464296
0.469415
0.474724
0.480207
0.485846
0.491621
0.497492
0.503416
0.509351
0.515259
0.437647
0.437559
0.437404
0.437153
0.436786
0.436298
0.435686
0.434955
0.434115
0.433176
0.432153
0.431058
0.429906
0.42871
0.427486
0.426245
0.424997
0.423748
0.422506
0.421278
0.420069
0.418884
0.417727
0.416602
0.415512
0.41446
0.413451
0.412487
0.41157
0.410704
0.409892
0.409135
0.408438
0.4078
0.407226
0.406716
0.406273
0.405899
0.405597
0.405368
0.405214
0.405134
0.40514
0.405243
0.405446
0.405749
0.406156
0.406673
0.407309
0.408071
0.408965
0.409998
0.41118
0.41252
0.414026
0.415709
0.417578
0.419642
0.421907
0.424383
0.427074
0.429985
0.433121
0.436482
0.440072
0.443888
0.447928
0.45219
0.456666
0.461352
0.466237
0.471313
0.476566
0.481983
0.487545
0.493229
0.499003
0.504835
0.510693
0.516551
0.439711
0.439064
0.438476
0.437894
0.437275
0.436596
0.435848
0.435024
0.434127
0.433159
0.432128
0.431041
0.42991
0.428743
0.427551
0.426343
0.425128
0.423913
0.422704
0.421507
0.420328
0.419171
0.41804
0.416939
0.415872
0.414842
0.413852
0.412904
0.411999
0.411139
0.410335
0.409592
0.408909
0.408288
0.407731
0.40724
0.406817
0.406465
0.406185
0.405982
0.405858
0.405817
0.405865
0.406008
0.40625
0.406594
0.407045
0.407609
0.408294
0.409107
0.410055
0.411144
0.412384
0.413784
0.41535
0.417092
0.419019
0.421137
0.423454
0.425977
0.42871
0.431658
0.434824
0.438209
0.441815
0.44564
0.449681
0.453936
0.458397
0.463058
0.467911
0.472944
0.478145
0.4835
0.488992
0.494601
0.500303
0.506074
0.511894
0.517741
0.441802
0.44069
0.439711
0.438802
0.437916
0.437027
0.436118
0.435178
0.434199
0.43318
0.432121
0.431024
0.429896
0.428743
0.427571
0.426387
0.425198
0.42401
0.422828
0.421658
0.420504
0.419371
0.418263
0.417183
0.416137
0.415126
0.414154
0.413225
0.412341
0.411506
0.410724
0.41
0.409334
0.40873
0.408189
0.407714
0.407308
0.406975
0.406715
0.406534
0.406434
0.40642
0.406496
0.406667
0.406939
0.407316
0.407803
0.408406
0.409133
0.409989
0.410981
0.412117
0.413405
0.414853
0.416467
0.418257
0.420229
0.42239
0.424747
0.427306
0.430071
0.433045
0.436233
0.439634
0.443248
0.447076
0.451114
0.455357
0.459801
0.464437
0.469258
0.474252
0.479408
0.484711
0.490148
0.495702
0.501355
0.507091
0.512892
0.518747
0.443719
0.442176
0.440831
0.43962
0.438489
0.437407
0.436351
0.435301
0.434245
0.433175
0.432086
0.430976
0.429847
0.428702
0.427545
0.426381
0.425213
0.424048
0.42289
0.421744
0.420613
0.419503
0.418417
0.417358
0.416331
0.415337
0.414382
0.413471
0.412606
0.411788
0.411023
0.410313
0.409661
0.40907
0.408543
0.408082
0.407691
0.407373
0.407131
0.406968
0.406888
0.406895
0.406993
0.407189
0.407486
0.40789
0.408406
0.40904
0.409798
0.410688
0.411715
0.412887
0.414211
0.415694
0.417344
0.419168
0.421172
0.423364
0.425749
0.428332
0.431117
0.434107
0.437306
0.440713
0.444329
0.448152
0.45218
0.456409
0.460832
0.465443
0.470233
0.475192
0.480307
0.485567
0.490961
0.496474
0.502094
0.507807
0.513603
0.519472
0.445459
0.443547
0.441893
0.440423
0.439079
0.437825
0.436632
0.435481
0.434354
0.433236
0.432112
0.430978
0.429839
0.428693
0.427542
0.426388
0.425234
0.424084
0.422942
0.421811
0.420697
0.419602
0.418531
0.417487
0.416473
0.415493
0.41455
0.41365
0.412795
0.411988
0.411233
0.410532
0.409889
0.409306
0.408787
0.408335
0.407953
0.407645
0.407412
0.40726
0.407191
0.407211
0.407323
0.407533
0.407845
0.408265
0.408798
0.40945
0.410227
0.411136
0.412183
0.413375
0.414719
0.416223
0.417892
0.419735
0.421756
0.423963
0.426361
0.428954
0.431747
0.434742
0.437942
0.441347
0.444957
0.448771
0.452786
0.456998
0.461402
0.465992
0.470759
0.475686
0.480762
0.485982
0.49134
0.496823
0.50242
0.50812
0.513917
0.519803
0.446602
0.444449
0.442575
0.440922
0.439431
0.43806
0.436774
0.435541
0.434363
0.433223
0.43208
0.430932
0.429786
0.428641
0.427495
0.426349
0.425206
0.424067
0.422937
0.421818
0.420715
0.419631
0.41857
0.417536
0.416532
0.415562
0.414629
0.413736
0.412886
0.412085
0.411335
0.410641
0.410003
0.409425
0.40891
0.408462
0.408085
0.407781
0.407553
0.407407
0.407345
0.407371
0.407491
0.407709
0.408029
0.408458
0.409001
0.409664
0.410452
0.411372
0.41243
0.413634
0.414989
0.416503
0.418183
0.420034
0.422064
0.424277
0.426679
0.429276
0.43207
0.435064
0.438261
0.441661
0.445264
0.449069
0.453073
0.457273
0.461665
0.466244
0.471012
0.475935
0.480984
0.486172
0.491503
0.496965
0.502546
0.508238
0.514039
0.519951
0.447593
0.445303
0.443266
0.441465
0.439861
0.438403
0.43705
0.43577
0.434545
0.433358
0.43219
0.43103
0.429876
0.428725
0.427576
0.426429
0.425285
0.424147
0.423018
0.4219
0.420798
0.419716
0.418656
0.417623
0.416621
0.415653
0.414722
0.413831
0.412984
0.412182
0.41143
0.410732
0.410093
0.409515
0.409001
0.408553
0.408174
0.407869
0.407641
0.407493
0.407431
0.407457
0.407576
0.407793
0.408113
0.408542
0.409084
0.409745
0.410532
0.411452
0.41251
0.413712
0.415067
0.416579
0.418257
0.420105
0.42213
0.424339
0.426735
0.429324
0.432108
0.435092
0.438276
0.441662
0.445249
0.449036
0.453021
0.457199
0.461567
0.466116
0.470839
0.475721
0.480751
0.485927
0.491245
0.496693
0.502262
0.50794
0.513718
0.519584
0.508417
0.521812
0.531065
0.514198
0.523909
0.532086
0.514518
0.52238
0.528751
0.515466
0.522123
0.527617
0.515481
0.521474
0.526622
0.515204
0.520798
0.525715
0.514878
0.520216
0.525008
0.514697
0.519863
0.52459
0.514774
0.519825
0.524525
0.515153
0.520134
0.524833
0.515837
0.52078
0.5255
0.5168
0.521731
0.526494
0.517993
0.522934
0.527754
0.519351
0.524304
0.529145
0.520701
0.525665
0.530544
0.52198
0.526975
0.531942
0.523195
0.528246
0.533304
0.524234
0.529342
0.534481
0.524999
0.530165
0.535377
0.525362
0.530577
0.535854
0.525581
0.530857
0.536161
0.525298
0.530737
0.536116
0.558084
0.557907
0.557447
0.556706
0.555945
0.55542
0.555287
0.555595
0.556311
0.557373
0.558694
0.560141
0.561634
0.563081
0.564258
0.565027
0.565296
0.564696
0.562789
0.55847
0.550988
0.536458
0.511244
0.457937
0.360403
0.558081
0.557728
0.557039
0.556152
0.555346
0.55479
0.554579
0.554737
0.555233
0.556013
0.556992
0.558106
0.559302
0.560469
0.561375
0.561738
0.561352
0.560024
0.55748
0.552831
0.545328
0.532848
0.513059
0.481133
0.436039
0.557475
0.556909
0.556184
0.555448
0.554827
0.554403
0.55422
0.554284
0.554577
0.555068
0.555705
0.556438
0.557219
0.557941
0.558372
0.558333
0.55773
0.556394
0.553958
0.54978
0.543095
0.532742
0.517197
0.494543
0.463209
0.556471
0.555887
0.555299
0.55475
0.554277
0.553939
0.553773
0.553788
0.553973
0.554309
0.554761
0.555302
0.555896
0.556374
0.556531
0.556317
0.555682
0.554396
0.552075
0.548262
0.542404
0.533815
0.521661
0.505217
0.484219
0.555463
0.554958
0.554509
0.554089
0.553723
0.553461
0.55333
0.553338
0.553477
0.553733
0.554084
0.554512
0.554977
0.55529
0.555257
0.554864
0.554097
0.552745
0.550522
0.547102
0.542101
0.535079
0.525584
0.513283
0.498132
0.554505
0.554117
0.553799
0.553492
0.553226
0.553039
0.552953
0.552973
0.553095
0.553308
0.553599
0.55395
0.554299
0.554478
0.554323
0.553832
0.553006
0.551684
0.549649
0.546662
0.542454
0.536744
0.529282
0.519925
0.508747
0.55365
0.55338
0.553182
0.552985
0.552812
0.552696
0.552655
0.552695
0.552813
0.553005
0.553259
0.553559
0.55383
0.553927
0.553718
0.553209
0.552399
0.551167
0.549354
0.546785
0.54328
0.538659
0.532784
0.525593
0.517167
0.552941
0.552776
0.552678
0.552577
0.552488
0.552435
0.552435
0.552495
0.552616
0.552794
0.553024
0.553293
0.553527
0.553587
0.553367
0.552885
0.55214
0.551044
0.549479
0.547322
0.544451
0.540751
0.536142
0.530605
0.524207
0.552384
0.552305
0.55229
0.552272
0.552252
0.552251
0.552283
0.552358
0.552479
0.552648
0.552862
0.553115
0.553346
0.553409
0.553209
0.552785
0.552143
0.551215
0.549917
0.548161
0.545864
0.542954
0.539384
0.535151
0.530311
0.55197
0.55196
0.552013
0.55206
0.552093
0.552129
0.552182
0.552264
0.552383
0.552544
0.552748
0.552996
0.553248
0.553352
0.553205
0.552866
0.552354
0.551618
0.550597
0.549229
0.547459
0.54524
0.542546
0.53938
0.535783
0.551691
0.551735
0.551836
0.551928
0.551996
0.552053
0.552115
0.552196
0.55231
0.552464
0.552663
0.552911
0.553195
0.553384
0.553342
0.553106
0.552742
0.552217
0.55148
0.55049
0.549211
0.547611
0.545676
0.543408
0.540839
0.551533
0.551613
0.551748
0.551865
0.551948
0.55201
0.552068
0.552143
0.552249
0.552398
0.552597
0.552852
0.553166
0.553472
0.553595
0.5535
0.553297
0.552995
0.552552
0.551935
0.551119
0.550086
0.548827
0.54734
0.54565
0.551475
0.551584
0.551737
0.551858
0.551935
0.551984
0.552029
0.552091
0.55219
0.552339
0.552547
0.552821
0.553167
0.553574
0.553912
0.554049
0.554034
0.553958
0.553815
0.55357
0.553202
0.5527
0.552054
0.551274
0.550366
0.551492
0.551631
0.551787
0.551889
0.551937
0.551957
0.551978
0.552027
0.552124
0.552284
0.552516
0.552828
0.553223
0.553704
0.554235
0.554687
0.554965
0.555147
0.555306
0.555428
0.555501
0.555509
0.555443
0.555306
0.555096
0.551553
0.551731
0.551872
0.551924
0.551919
0.551896
0.551891
0.551932
0.552039
0.552227
0.552507
0.552883
0.553359
0.553933
0.554601
0.55532
0.555997
0.556576
0.557084
0.557583
0.558095
0.558593
0.559074
0.559537
0.559973
0.551593
0.551827
0.551917
0.551884
0.55181
0.551744
0.551723
0.551775
0.551919
0.552167
0.552527
0.553005
0.553601
0.554315
0.55514
0.556065
0.55707
0.558092
0.559086
0.560073
0.561059
0.562046
0.563054
0.564089
0.565129
0.551514
0.551851
0.551812
0.551647
0.5515
0.551415
0.551416
0.551523
0.551749
0.552102
0.552588
0.553214
0.55398
0.554888
0.555931
0.557102
0.558387
0.55977
0.561237
0.562749
0.564278
0.56584
0.567432
0.569041
0.570656
0.550257
0.550964
0.551054
0.550874
0.550758
0.550763
0.550887
0.551135
0.551516
0.552039
0.552711
0.55354
0.554531
0.555686
0.557003
0.558477
0.560099
0.561855
0.563731
0.565708
0.567773
0.56992
0.572111
0.574312
0.576521
0.542277
0.546854
0.548225
0.548777
0.549212
0.549634
0.550085
0.550611
0.551246
0.552015
0.552937
0.554025
0.555289
0.556737
0.558369
0.560185
0.562177
0.564334
0.566643
0.569086
0.571645
0.574303
0.577031
0.579803
0.582597
0.539049
0.542785
0.545019
0.546432
0.547484
0.548378
0.54922
0.550088
0.551036
0.552105
0.553325
0.554717
0.556296
0.558075
0.560056
0.562242
0.564626
0.5672
0.569949
0.572856
0.575901
0.579061
0.582306
0.58561
0.588941
0.534614
0.538944
0.542008
0.544223
0.545839
0.547194
0.548445
0.549687
0.550988
0.5524
0.553962
0.555701
0.557637
0.559784
0.56215
0.564736
0.567538
0.570548
0.573751
0.57713
0.58066
0.584318
0.588072
0.591891
0.59574
0.532625
0.536823
0.540038
0.542563
0.544559
0.546294
0.547925
0.549543
0.551216
0.552999
0.554935
0.557054
0.55938
0.561927
0.564705
0.567716
0.570957
0.574418
0.578085
0.581939
0.585955
0.590106
0.59436
0.598681
0.603032
0.531361
0.535495
0.538757
0.541416
0.543704
0.545772
0.547762
0.549755
0.551813
0.553988
0.556322
0.558847
0.561587
0.564558
0.567769
0.571223
0.574916
0.578838
0.582975
0.587306
0.591806
0.596445
0.601188
0.606
0.61084
0.530318
0.534473
0.537895
0.540751
0.543288
0.545675
0.548024
0.550397
0.55285
0.555432
0.558181
0.561131
0.564304
0.567715
0.571373
0.575282
0.579435
0.583825
0.588433
0.59324
0.598218
0.603337
0.608561
0.613851
0.619166
0.529578
0.533813
0.537427
0.54052
0.543321
0.546037
0.548753
0.551515
0.554373
0.557373
0.560551
0.563937
0.567554
0.571415
0.57553
0.579899
0.584517
0.589374
0.594452
0.599729
0.605179
0.610768
0.616461
0.622217
0.627994
0.529183
0.53354
0.537363
0.540714
0.543811
0.546875
0.549969
0.553129
0.5564
0.559826
0.56344
0.567271
0.571338
0.575655
0.580228
0.585059
0.590141
0.595462
0.601004
0.606745
0.612656
0.618705
0.624853
0.631062
0.637287
0.529172
0.533679
0.537708
0.54132
0.54475
0.548183
0.551665
0.55523
0.558921
0.562779
0.566834
0.571111
0.57563
0.580403
0.585435
0.590724
0.596265
0.602044
0.608043
0.614238
0.620599
0.627094
0.633684
0.64033
0.646987
0.529555
0.534228
0.538456
0.542331
0.546118
0.549936
0.553813
0.557788
0.561902
0.566193
0.570688
0.575412
0.580381
0.585606
0.591091
0.596834
0.602827
0.609056
0.615501
0.622138
0.628937
0.635863
0.64288
0.649945
0.657016
0.530306
0.535135
0.539574
0.543742
0.547892
0.552092
0.556365
0.560749
0.565284
0.570005
0.574937
0.580103
0.585517
0.591189
0.59712
0.603309
0.609745
0.616414
0.623294
0.63036
0.637582
0.644924
0.652349
0.659814
0.667278
0.531403
0.536352
0.540992
0.545492
0.550008
0.554584
0.559247
0.564035
0.568987
0.574131
0.579494
0.585094
0.590946
0.597055
0.603425
0.610049
0.616918
0.624015
0.631318
0.638801
0.64643
0.654171
0.661985
0.669829
0.677661
0.532745
0.537803
0.542672
0.547508
0.552382
0.557325
0.56237
0.567554
0.572912
0.578471
0.584254
0.590278
0.596555
0.603092
0.609888
0.616938
0.624228
0.631742
0.639456
0.647341
0.655363
0.663486
0.671669
0.679869
0.688041
0.534184
0.539405
0.544556
0.549715
0.554925
0.560218
0.565631
0.571198
0.576947
0.582906
0.589094
0.595528
0.602218
0.609168
0.616378
0.62384
0.631541
0.63946
0.647573
0.655848
0.66425
0.67274
0.681272
0.689803
0.698284
0.535687
0.541122
0.546547
0.552003
0.557526
0.563153
0.568914
0.574842
0.580964
0.587302
0.593878
0.600703
0.607789
0.615137
0.622747
0.630608
0.638706
0.64702
0.655522
0.664178
0.672949
0.681791
0.690657
0.699498
0.708263
0.537238
0.542878
0.548541
0.554262
0.560072
0.566005
0.57209
0.578354
0.584822
0.591517
0.598456
0.605651
0.613111
0.620839
0.628831
0.637077
0.645561
0.654259
0.663143
0.672174
0.68131
0.690498
0.699691
0.708835
0.71786
0.538729
0.544541
0.550411
0.556366
0.562435
0.568644
0.57502
0.58159
0.588375
0.595396
0.60267
0.610209
0.618019
0.626104
0.634458
0.643073
0.65193
0.661005
0.670266
0.679673
0.689176
0.69872
0.708247
0.717687
0.726952
0.540019
0.54598
0.552029
0.558189
0.564483
0.570935
0.577568
0.584408
0.591475
0.598788
0.606364
0.614214
0.622345
0.63076
0.639454
0.648417
0.657633
0.667075
0.676709
0.686492
0.696371
0.70628
0.716146
0.725879
0.735374
0.541009
0.547091
0.553285
0.559616
0.566099
0.572754
0.579605
0.586674
0.593981
0.601546
0.609384
0.617506
0.625921
0.634631
0.643634
0.65292
0.662471
0.672263
0.68226
0.692416
0.702671
0.712951
0.723167
0.733208
0.742947
0.541566
0.547745
0.554056
0.560523
0.567157
0.573976
0.581001
0.588256
0.595761
0.603534
0.61159
0.619944
0.628603
0.637571
0.646848
0.656425
0.666287
0.676408
0.686754
0.697275
0.707907
0.718569
0.729156
0.739538
0.749559
0.541882
0.548102
0.554512
0.561097
0.567848
0.574785
0.581938
0.589331
0.596982
0.604911
0.613133
0.621662
0.630508
0.639677
0.649169
0.658976
0.669085
0.67947
0.690097
0.700916
0.711859
0.722842
0.733751
0.744442
0.754735
0.541782
0.547912
0.554359
0.561017
0.567834
0.574831
0.582045
0.589502
0.597221
0.605221
0.613518
0.622127
0.631058
0.640317
0.649906
0.659818
0.670038
0.680544
0.691299
0.702254
0.713341
0.724474
0.735542
0.746407
0.756905
-0.00152299
-0.00347381
-0.00395514
-0.00482606
-0.00562524
-0.00600861
-0.00630139
-0.0066321
-0.00698314
-0.00791604
-0.0105599
-0.0134843
-0.013321
-0.0132757
-0.0140461
-0.0145913
-0.0150592
-0.0156156
-0.0164539
-0.0180031
-0.0190098
-0.0221499
-0.023131
-0.0239731
-0.0252959
-0.0261699
-0.0268843
-0.02763
-0.0285238
-0.0294837
-0.029801
-0.0327644
-0.0343272
-0.0356469
-0.03724
-0.038182
-0.0388972
-0.0395963
-0.040449
-0.041412
-0.0430485
-0.0460242
-0.0479193
-0.0493993
-0.0508727
-0.0515043
-0.0519101
-0.0523148
-0.0529782
-0.0538274
-0.0605858
-0.0636446
-0.0649385
-0.0656455
-0.0662804
-0.066046
-0.0657156
-0.0655055
-0.0657855
-0.0664563
-0.0830533
-0.085749
-0.0855302
-0.0845323
-0.0834866
-0.0817105
-0.0801428
-0.078952
-0.0786053
-0.0789463
-0.108525
-0.111216
-0.109096
-0.105728
-0.102078
-0.098007
-0.0946676
-0.092123
-0.0908889
-0.0907259
-0.136022
-0.139152
-0.134774
-0.127711
-0.120976
-0.114089
-0.108498
-0.104247
-0.101865
-0.101008
-0.16506
-0.168286
-0.161544
-0.1496
-0.138975
-0.128821
-0.120571
-0.114295
-0.110519
-0.108805
-0.19315
-0.196392
-0.187363
-0.169582
-0.154497
-0.140808
-0.12963
-0.121094
-0.115728
-0.113024
-0.217088
-0.220308
-0.209644
-0.18578
-0.165904
-0.148602
-0.134359
-0.123462
-0.116491
-0.112526
-0.234922
-0.237822
-0.226712
-0.196851
-0.171678
-0.150827
-0.133457
-0.120099
-0.111403
-0.106025
-0.247439
-0.249342
-0.238557
-0.201961
-0.170522
-0.146011
-0.125514
-0.10963
-0.099101
-0.0923211
-0.257125
-0.256909
-0.244524
-0.199375
-0.161139
-0.132565
-0.109061
-0.0908689
-0.0787202
-0.0706087
-0.265764
-0.261101
-0.241478
-0.186291
-0.141361
-0.109066
-0.0830617
-0.0630899
-0.0496497
-0.0404204
-0.273011
-0.262557
-0.226034
-0.162925
-0.111341
-0.0751608
-0.0470377
-0.0259341
-0.0116954
-0.00170268
-0.276494
-0.264996
-0.196582
-0.121188
-0.0677559
-0.028817
0.000479383
0.0212695
0.0350751
0.0450528
-0.287727
-0.257725
-0.142781
-0.0489769
-0.000226036
0.0349419
0.0606761
0.0780242
0.0894808
0.0982753
-0.298939
-0.155014
-0.00153634
0.0677333
0.0936215
0.113848
0.129707
0.140551
0.14809
0.154892
0.152963
0.140759
0.184593
0.192414
0.190746
0.194105
0.199165
0.203395
0.207006
0.211578
0.362487
0.304892
0.285377
0.276648
0.268968
0.264366
0.26256
0.26201
0.262558
0.265205
0.421512
0.382435
0.359347
0.344319
0.332086
0.323059
0.317223
0.313615
0.312154
0.313471
0.458787
0.43211
0.410007
0.393223
0.380094
0.369929
0.362576
0.357561
0.355102
0.355627
0.48024
0.461205
0.44387
0.429222
0.417059
0.407241
0.399746
0.39438
0.391633
0.391758
0.495808
0.481859
0.468383
0.456227
0.445719
0.436987
0.430065
0.424994
0.422409
0.422388
0.507505
0.497038
0.486679
0.476989
0.46833
0.460948
0.45492
0.450496
0.4483
0.448262
0.516929
0.509024
0.501084
0.493491
0.486565
0.480544
0.475515
0.471902
0.47019
0.470204
0.524835
0.518882
0.512856
0.507021
0.501629
0.496858
0.492823
0.490073
0.488868
0.488961
0.531731
0.527324
0.522842
0.518472
0.514397
0.510729
0.507669
0.505745
0.504982
0.505176
0.537951
0.534808
0.531601
0.528464
0.525511
0.522823
0.520706
0.519517
0.519107
0.519425
0.543746
0.541666
0.539538
0.537449
0.535451
0.533667
0.53242
0.531857
0.531741
0.532192
0.549314
0.548151
0.546956
0.545765
0.544606
0.543686
0.543201
0.543135
0.543284
0.543875
0.55481
0.554465
0.554089
0.553681
0.553313
0.553195
0.553342
0.553677
0.554074
0.554807
0.560387
0.560779
0.561126
0.561436
0.561846
0.562429
0.563072
0.563759
0.564387
0.565264
0.566186
0.567243
0.568254
0.569276
0.570394
0.571534
0.572584
0.573595
0.574447
0.575476
0.57231
0.573988
0.575661
0.577356
0.579034
0.580617
0.582045
0.583361
0.584427
0.585608
0.578784
0.581093
0.583392
0.585649
0.587804
0.589808
0.5916
0.593209
0.594468
0.595769
0.585461
0.58837
0.591225
0.593988
0.596607
0.599025
0.601169
0.603063
0.604507
0.605957
0.592355
0.595817
0.599199
0.602454
0.605523
0.608343
0.610831
0.613004
0.614645
0.616278
0.599682
0.603673
0.607564
0.611298
0.614809
0.618027
0.620858
0.623308
0.625148
0.626957
0.607484
0.611987
0.616372
0.620574
0.62452
0.62813
0.631301
0.634028
0.63607
0.638059
0.615787
0.620787
0.625652
0.630312
0.634687
0.638687
0.642196
0.645199
0.647444
0.649621
0.624595
0.630078
0.635413
0.640523
0.64532
0.649706
0.653554
0.656834
0.659283
0.661655
0.633891
0.639845
0.645639
0.65119
0.656404
0.661173
0.665359
0.668917
0.671576
0.67415
0.643638
0.650049
0.656289
0.662271
0.667896
0.673046
0.677571
0.681409
0.684282
0.687068
0.653775
0.660628
0.6673
0.673702
0.679729
0.685254
0.690118
0.694241
0.697335
0.700338
0.664223
0.671497
0.678584
0.685391
0.691807
0.697698
0.702901
0.707309
0.710628
0.713852
0.674881
0.682554
0.690032
0.697219
0.704003
0.710246
0.71578
0.720469
0.724012
0.727453
0.685632
0.693672
0.701502
0.70903
0.716144
0.722707
0.72856
0.733521
0.737288
0.740928
0.696343
0.704702
0.712831
0.720638
0.728022
0.734856
0.740996
0.746218
0.750216
0.754022
0.706876
0.715501
0.723859
0.731867
0.739439
0.746463
0.75281
0.758249
0.762474
0.766388
0.717106
0.725933
0.734444
0.742563
0.750213
0.757294
0.763706
0.769233
0.77358
0.77744
0.726911
0.735884
0.744469
0.752587
0.760162
0.767116
0.773384
0.778766
0.782977
0.786451
0.736178
0.745238
0.753801
0.761779
0.769089
0.775683
0.781542
0.786485
0.790249
0.793083
0.744749
0.753844
0.762292
0.769976
0.776803
0.782758
0.787867
0.792005
0.795035
0.797241
0.752475
0.761582
0.769856
0.777133
0.783307
0.788354
0.79229
0.795106
0.796987
0.798359
0.759274
0.768417
0.77652
0.783387
0.788888
0.792802
0.795103
0.796191
0.79681
0.797505
0.764639
0.773864
0.781885
0.788431
0.79318
0.795685
0.796349
0.796243
0.796281
0.796673
0.766995
0.776415
0.784594
0.790884
0.794638
0.796016
0.796234
0.796255
0.796357
0.796582
)
;

boundaryField
{
    inlet
    {
        type            zeroGradient;
    }
    outlet
    {
        type            fixedValue;
        value           uniform 0;
    }
    walls
    {
        type            zeroGradient;
    }
    baffle
    {
        type            zeroGradient;
    }
    front
    {
        type            empty;
    }
    back
    {
        type            empty;
    }
}


// ************************************************************************* //
