/*--------------------------------*- C++ -*----------------------------------*\
| =========                 |                                                 |
| \\      /  F ield         | OpenFOAM: The Open Source CFD Toolbox           |
|  \\    /   O peration     | Version:  v2012                                 |
|   \\  /    A nd           | Website:  www.openfoam.com                      |
|    \\/     M anipulation  |                                                 |
\*---------------------------------------------------------------------------*/
FoamFile
{
    version     2.0;
    format      ascii;
    class       volScalarField;
    location    "501";
    object      k;
}
// * * * * * * * * * * * * * * * * * * * * * * * * * * * * * * * * * * * * * //

dimensions      [0 2 -2 0 0 0 0];


internalField   nonuniform List<scalar> 
6556
(
2.08237
2.63378
2.73692
2.76457
2.7781
2.7781
2.76457
2.73692
2.63378
2.08237
1.14132
1.843
2.04023
2.10477
2.12577
2.12577
2.10477
2.04023
1.843
1.14132
0.717536
1.34609
1.56829
1.65386
1.68316
1.68316
1.65386
1.56829
1.34609
0.717536
0.49647
1.02387
1.23885
1.33206
1.36679
1.36679
1.33206
1.23885
1.02388
0.49647
0.367537
0.805961
1.00212
1.09475
1.13171
1.13171
1.09475
1.00212
0.805962
0.367537
0.285658
0.652461
0.827266
0.915028
0.951844
0.951844
0.915029
0.827267
0.652462
0.285659
0.23014
0.540354
0.694814
0.775841
0.811069
0.81107
0.775842
0.694816
0.540356
0.230141
0.190522
0.455892
0.592177
0.665954
0.698852
0.698852
0.665955
0.592179
0.455895
0.190523
0.161084
0.39055
0.511032
0.577738
0.608021
0.608021
0.57774
0.511035
0.390554
0.161086
0.138491
0.338849
0.445738
0.505878
0.533528
0.533529
0.505881
0.445743
0.338854
0.138493
0.120689
0.297149
0.392386
0.446585
0.471728
0.471729
0.446589
0.392391
0.297155
0.120691
0.106354
0.26296
0.348198
0.3971
0.41993
0.419932
0.397106
0.348205
0.262968
0.106357
0.0946014
0.23453
0.311164
0.35538
0.376115
0.376118
0.355388
0.311175
0.234542
0.0946053
0.0848175
0.210599
0.279801
0.319886
0.338741
0.338746
0.319897
0.279816
0.210615
0.0848229
0.0765667
0.190239
0.252993
0.289439
0.306621
0.306627
0.289454
0.253014
0.190261
0.076574
0.0695307
0.172754
0.229888
0.263128
0.278822
0.27883
0.263149
0.229916
0.172784
0.0695404
0.0634722
0.157613
0.209827
0.240237
0.25461
0.254621
0.240266
0.209864
0.157652
0.063485
0.0582108
0.144405
0.192289
0.220197
0.233397
0.233412
0.220237
0.19234
0.144453
0.0582271
0.0536071
0.132804
0.176864
0.202553
0.21471
0.214731
0.202609
0.176934
0.132861
0.0536267
0.0495512
0.122553
0.16322
0.186935
0.198166
0.198194
0.187012
0.163309
0.12258
0.0495721
0.045956
0.113442
0.151088
0.173043
0.183447
0.183488
0.173153
0.151224
0.113545
0.0462513
0.0427509
0.105302
0.140245
0.160627
0.170295
0.170351
0.160782
0.140451
0.105515
0.0444178
0.0398784
0.097993
0.130511
0.149481
0.158491
0.158567
0.149693
0.130805
0.0984343
0.0437838
0.0372913
0.0913997
0.121733
0.139434
0.147854
0.147952
0.139702
0.122093
0.0922522
0.0443593
0.0349503
0.0854256
0.113784
0.130341
0.138231
0.138348
0.130645
0.114207
0.0869895
0.0461845
0.0328226
0.0799899
0.106558
0.122079
0.129493
0.129629
0.122412
0.107138
0.0826486
0.049063
0.0308807
0.0750238
0.0999632
0.114547
0.121532
0.121699
0.114976
0.100872
0.07908
0.0526507
0.029101
0.070469
0.0939229
0.107655
0.114258
0.11447
0.108254
0.0953409
0.076242
0.0565849
0.0274632
0.066275
0.0883703
0.101329
0.107592
0.107868
0.102175
0.0904721
0.0740377
0.0601204
0.0259502
0.0623989
0.0832483
0.0955037
0.101468
0.101829
0.0966714
0.0861921
0.0723313
0.0628323
0.0245469
0.0588028
0.078507
0.0901231
0.0958272
0.0962929
0.0916844
0.0824274
0.0709908
0.0648208
0.02324
0.0554538
0.0741033
0.0851384
0.0906178
0.091209
0.0871572
0.0790979
0.0698277
0.0661639
0.0220181
0.0523229
0.0699992
0.0805067
0.085795
0.0865301
0.0830357
0.0761224
0.0687442
0.0669358
0.0208708
0.0493849
0.0661615
0.0761904
0.0813188
0.0822134
0.0792699
0.0734314
0.0676715
0.0671993
0.019789
0.0466173
0.0625605
0.072156
0.0771535
0.0782204
0.0758134
0.0709644
0.0665559
0.067004
0.0187646
0.0440002
0.0591702
0.0683741
0.0732672
0.0745159
0.0726244
0.0686692
0.0653592
0.0663922
0.0177902
0.041516
0.0559673
0.0648183
0.0696314
0.0710685
0.0696657
0.066503
0.0640582
0.0654055
0.0168592
0.0391492
0.0529311
0.0614654
0.0662208
0.0678504
0.0669054
0.064433
0.0626454
0.0640894
0.0159655
0.0368862
0.0500435
0.0582944
0.0630129
0.0648368
0.0643169
0.0624374
0.0611292
0.0625002
0.0151037
0.0347148
0.0472879
0.0552868
0.0599873
0.0620064
0.0618791
0.0605047
0.0595325
0.0607067
0.0142689
0.0326246
0.0446495
0.0524251
0.0571255
0.0593399
0.0595759
0.0586327
0.05789
0.0587889
0.0134567
0.0306068
0.0421143
0.0496929
0.0544096
0.0568197
0.057394
0.0568252
0.0562436
0.0568339
0.0126632
0.0286536
0.0396688
0.0470734
0.0518211
0.0544279
0.0553214
0.0550885
0.0546357
0.0549279
0.0118848
0.0267578
0.0372997
0.0445486
0.0493398
0.0521446
0.0533443
0.0534256
0.0531015
0.0531459
0.0111183
0.0249128
0.0349924
0.0420982
0.0469419
0.0499456
0.0514431
0.0518316
0.0516608
0.05154
0.0103607
0.0231122
0.0327314
0.0396988
0.0445988
0.0478001
0.0495902
0.0502882
0.0503115
0.0501291
0.00960907
0.0213497
0.0304996
0.037323
0.0422756
0.0456692
0.0477462
0.0487606
0.0490249
0.0488925
0.00886034
0.0196187
0.0282782
0.0349391
0.0399306
0.0435043
0.0458595
0.0471957
0.0477448
0.0477681
0.00811124
0.0179127
0.0260471
0.0325114
0.037515
0.0412476
0.0438657
0.0455231
0.0463904
0.0466579
0.0073578
0.0162253
0.0237857
0.0300017
0.0349756
0.038834
0.0416902
0.0436583
0.044862
0.0454376
0.00659482
0.0145495
0.0214746
0.0273723
0.0322579
0.0361955
0.0392539
0.0415103
0.0430507
0.0439703
0.00581472
0.0128772
0.0191011
0.0245953
0.0293167
0.0332715
0.036483
0.0389917
0.0408509
0.0421233
0.00500568
0.0111861
0.0166538
0.0216613
0.0261327
0.030028
0.033328
0.0360373
0.0381793
0.039787
0.00413322
0.00958059
0.0142
0.0186147
0.0227363
0.0264817
0.0297904
0.0326312
0.0349964
0.0368944
0.00320641
0.00819953
0.0119959
0.0156917
0.0193154
0.0227777
0.0259794
0.0288489
0.0313483
0.0334557
0.00224119
0.00694613
0.0102058
0.0132258
0.0162506
0.0192704
0.0221963
0.0249398
0.0274311
0.0296226
0.00119352
0.00552084
0.00862756
0.0112799
0.0138319
0.0163855
0.0189213
0.0213743
0.0236787
0.0257781
0.000887134
0.00374732
0.00688206
0.00953047
0.0119306
0.014206
0.016394
0.0184821
0.0204471
0.0222605
0.000844027
0.00217259
0.00507487
0.00764522
0.0100547
0.0121734
0.0140779
0.0157739
0.0172924
0.0186532
0.000950381
0.00169101
0.00260869
0.00389375
0.00533893
0.00645468
0.00735596
0.00814199
0.0088157
0.00938433
0.00967701
0.00338705
0.00349055
0.00371112
0.003894
0.00400779
0.00404284
0.00399231
0.00383931
0.00365829
0.00344873
0.00321289
0.00295684
0.00269361
0.00243088
0.00217326
0.00191919
0.00169754
0.00149641
0.00130743
0.00112508
0.00094426
0.000758598
0.000558054
0.000308261
0.0186846
0.00837995
0.00743514
0.00759887
0.00786781
0.00805885
0.00811048
0.00799509
0.00768087
0.00723422
0.00673037
0.00619838
0.00566066
0.00513933
0.00464786
0.00419139
0.00376665
0.0033415
0.00291935
0.00250394
0.00210248
0.00172528
0.00139183
0.00109167
0.000570707
0.0278564
0.0137301
0.0105475
0.00991758
0.00984528
0.00981249
0.00967467
0.00939167
0.00893143
0.00830556
0.00763335
0.00696003
0.00630711
0.00569352
0.00513438
0.00463515
0.00418991
0.00377376
0.00337107
0.0029685
0.00255603
0.00213506
0.00172827
0.00134485
0.000683829
0.0378582
0.0205948
0.0142339
0.0123155
0.0115534
0.011062
0.0105688
0.0100005
0.00932672
0.00854627
0.00773945
0.00697862
0.00626926
0.00562457
0.00505765
0.00457031
0.0041528
0.00378146
0.00343394
0.00308839
0.00272273
0.00232322
0.00189704
0.00145319
0.000727723
0.0477095
0.0294665
0.0192903
0.0152825
0.0134759
0.0123144
0.0113403
0.0104045
0.00946971
0.00853949
0.00762389
0.00677615
0.00601618
0.00535205
0.00479046
0.00432716
0.00394707
0.00362492
0.00333356
0.00304668
0.00273637
0.00237838
0.00196353
0.0014868
0.000730332
0.0551728
0.0386605
0.0255108
0.0189905
0.0158368
0.0138289
0.0122503
0.0108809
0.00964222
0.00851659
0.00749536
0.00656511
0.005748
0.00505468
0.00448919
0.00404185
0.00369275
0.00341339
0.00317069
0.00293429
0.00267318
0.00235735
0.00196602
0.00147755
0.000709817
0.0604035
0.0476442
0.0326395
0.0235828
0.0187618
0.015727
0.0134576
0.0115786
0.00997873
0.00861483
0.00744658
0.0064399
0.00557102
0.00482477
0.00423476
0.00378374
0.00344989
0.00320087
0.00299571
0.00279895
0.00257703
0.00229674
0.0019299
0.00144189
0.000676365
0.0642924
0.0549097
0.0397489
0.0289991
0.0223866
0.0181103
0.0149932
0.0125397
0.0105382
0.00889338
0.00753874
0.00641986
0.00548568
0.0047028
0.00406835
0.00358708
0.00324585
0.00301151
0.0028319
0.00266406
0.00247126
0.00221823
0.00187187
0.00138965
0.000634361
0.0672361
0.060781
0.0465035
0.0348138
0.0265799
0.021001
0.0169246
0.0137862
0.0113061
0.00934752
0.00778745
0.00653001
0.00550786
0.00466516
0.00397563
0.00344931
0.00308755
0.00285364
0.0026868
0.00253764
0.00236548
0.00213295
0.00180295
0.00132808
0.000588623
0.0694075
0.0653304
0.0527543
0.0405739
0.0311048
0.0242987
0.0192363
0.0153522
0.0123283
0.00999797
0.00818623
0.006766
0.00563866
0.00471952
0.00395962
0.00336702
0.00296051
0.00271219
0.00255023
0.00241392
0.00225725
0.00204068
0.00172438
0.00125845
0.000548068
0.0709383
0.0687696
0.0582362
0.0460773
0.0357728
0.0278772
0.0218542
0.0172247
0.0136447
0.0108894
0.00877457
0.00714387
0.00588304
0.00487646
0.00403627
0.00335509
0.00287125
0.0025811
0.00241417
0.00228637
0.00214286
0.00194048
0.00163708
0.00118117
0.000509473
0.071951
0.0713
0.0627763
0.0511556
0.040498
0.0316087
0.0246952
0.0193583
0.0152357
0.0120432
0.00960589
0.0077078
0.00627185
0.00516407
0.00424254
0.00345466
0.00285269
0.00247689
0.00227891
0.00215027
0.0020177
0.00183033
0.00154236
0.00110009
0.000471386
0.0724848
0.0730142
0.0662612
0.0556585
0.044807
0.0352774
0.0276485
0.021697
0.017089
0.0135049
0.0107055
0.00852617
0.00686404
0.00561638
0.00461831
0.00372593
0.00297413
0.00244991
0.0021618
0.0020088
0.00188083
0.00171041
0.00144572
0.00102776
0.000434175
0.0725475
0.0739764
0.0687944
0.05938
0.0486383
0.0387939
0.0306343
0.024188
0.0191768
0.015261
0.0121627
0.0096871
0.00774887
0.00629141
0.00518199
0.00422717
0.00333542
0.00261035
0.00213397
0.00188949
0.00174581
0.0015936
0.00136384
0.000991298
0.000401947
0.0721399
0.0742298
0.070425
0.0622423
0.0519798
0.0421371
0.0335886
0.0267772
0.0214694
0.0173087
0.0139824
0.0112607
0.00904638
0.00730274
0.005978
0.0049391
0.00400151
0.00312199
0.00241169
0.0019331
0.00168993
0.00153763
0.00135985
0.00106744
0.000512323
0.0712687
0.0738202
0.0711915
0.0642119
0.0547728
0.0450516
0.0364168
0.0294046
0.0239226
0.0196174
0.0161615
0.0132895
0.0108669
0.00883841
0.00718334
0.00588168
0.00484531
0.0039415
0.0031395
0.00246747
0.00195762
0.00166788
0.0014736
0.001253
0.0010412
0.0699574
0.0728015
0.0711873
0.0653957
0.0569781
0.0476199
0.0391522
0.032045
0.0265006
0.0221447
0.0186461
0.0157603
0.0132852
0.0110951
0.00912358
0.00742274
0.00599945
0.00486851
0.00399338
0.00331865
0.00285121
0.00255986
0.00246122
0.00253915
0.00274625
0.0682393
0.0712133
0.0704562
0.0658188
0.0584882
0.0498945
0.0416475
0.0346653
0.0291166
0.0248339
0.0214276
0.0186232
0.0162477
0.0141201
0.0120876
0.0101044
0.00822476
0.0065592
0.00518286
0.00416981
0.00352869
0.00322375
0.0031793
0.00327983
0.00350996
0.06617
0.0691244
0.0690617
0.0655272
0.059338
0.0517539
0.0439367
0.0371699
0.0317175
0.0275346
0.0243215
0.0217468
0.0195992
0.0177088
0.015907
0.0140658
0.0121493
0.0102117
0.00838667
0.0068284
0.00567778
0.00499448
0.0047316
0.00474053
0.00494049
0.0638273
0.0666213
0.0670847
0.0645572
0.059526
0.0530073
0.0460558
0.0395395
0.0342631
0.0301798
0.0270966
0.0247707
0.0229421
0.0214117
0.0200097
0.0186067
0.0170963
0.0154398
0.0136651
0.0118718
0.0102151
0.00886323
0.00793998
0.00746271
0.00731528
0.0613101
0.0638134
0.0646252
0.0629772
0.059074
0.0536583
0.0476376
0.0418086
0.036689
0.0327525
0.0297897
0.0275796
0.025978
0.0247659
0.023768
0.0228525
0.0219045
0.0208324
0.019576
0.0181395
0.0165798
0.0149982
0.0135109
0.0123565
0.0115676
0.0587333
0.0608332
0.0618078
0.0608726
0.0580045
0.0536975
0.0486561
0.0435795
0.0389968
0.0352185
0.0323506
0.0302824
0.0287858
0.0277435
0.0269982
0.0264162
0.0258959
0.0253408
0.0246559
0.0237837
0.0227127
0.0214627
0.0200715
0.0186916
0.0174831
0.0562187
0.0578316
0.0587859
0.0583629
0.0563836
0.0531203
0.0490828
0.044827
0.0408367
0.0374382
0.0347602
0.0327785
0.0314001
0.030475
0.0298565
0.0294622
0.0291832
0.0289334
0.0286233
0.0281751
0.0275479
0.02673
0.0257317
0.024575
0.0234142
0.0538825
0.0549665
0.0557383
0.0556073
0.0543187
0.0519688
0.0488849
0.0454828
0.0421576
0.0392136
0.0368207
0.0350197
0.0337664
0.0329545
0.0324565
0.0321575
0.0320097
0.0319405
0.031865
0.0317125
0.0314253
0.0309757
0.030358
0.029577
0.0286674
0.0518176
0.0523845
0.0528552
0.0528032
0.0519725
0.0503453
0.0480972
0.0455077
0.0428757
0.0404572
0.0384274
0.0368664
0.0357718
0.0350775
0.0346863
0.0345047
0.0344611
0.034507
0.0346042
0.0346753
0.0346598
0.0345201
0.034239
0.0338102
0.0332379
0.0500772
0.0501965
0.0503124
0.0501667
0.0495588
0.0484223
0.0468274
0.0449389
0.0429605
0.0410862
0.0394679
0.0381991
0.0373058
0.0367525
0.0364698
0.0363792
0.0364482
0.0366329
0.0368688
0.0371106
0.0373156
0.0374384
0.037451
0.0373499
0.0371213
0.0486615
0.0484535
0.0482365
0.0478963
0.0473158
0.0464345
0.04527
0.0439066
0.0424669
0.0410821
0.0398689
0.0389104
0.0382429
0.0378524
0.0376868
0.0376913
0.0378514
0.0381358
0.0385015
0.0389017
0.0392895
0.0396328
0.0399064
0.0400913
0.0401722
0.047512
0.0471301
0.0466715
0.0461247
0.0454547
0.0446387
0.0436849
0.0426362
0.0415618
0.040543
0.0396577
0.0389678
0.038507
0.0382727
0.038224
0.0383151
0.0385405
0.0388835
0.0393197
0.0398184
0.0403452
0.0408666
0.0413505
0.041775
0.0421238
0.0465164
0.0461229
0.0455606
0.0448769
0.0440975
0.0432416
0.0423332
0.0414082
0.0405118
0.0396944
0.0390046
0.0384829
0.0381543
0.0380207
0.0380583
0.0382041
0.0384612
0.0388189
0.0392643
0.0397808
0.0403478
0.0409422
0.0415406
0.0421204
0.0426593
0.0455226
0.0452644
0.0447515
0.0440541
0.043229
0.0423258
0.0413912
0.0404702
0.0396053
0.0388361
0.0381968
0.0377143
0.0374051
0.037273
0.0373051
0.0374631
0.0377004
0.0380208
0.0384158
0.0388756
0.0393894
0.0399446
0.0405268
0.0411209
0.0417091
0.0443586
0.0443507
0.0440247
0.0434498
0.0426914
0.0418133
0.0408758
0.0399344
0.0390378
0.038227
0.0375346
0.0369839
0.036589
0.0363547
0.0362769
0.0363382
0.036509
0.0367439
0.0370353
0.0373813
0.0377752
0.0382091
0.0386751
0.0391646
0.0396664
0.0428562
0.0431717
0.0431324
0.0427966
0.0422251
0.0414807
0.0406258
0.0397199
0.0388165
0.037961
0.0371894
0.0365284
0.035995
0.0355977
0.0353378
0.0352101
0.0352022
0.0352915
0.0354574
0.0356654
0.0359064
0.0361786
0.0364792
0.0368043
0.0371462
0.0408692
0.0415374
0.0418389
0.041819
0.0415275
0.0410182
0.0403475
0.0395714
0.0387425
0.0379076
0.0371058
0.0363676
0.0357152
0.0351626
0.0347168
0.0343796
0.034148
0.0340141
0.0339671
0.0339894
0.0340675
0.0341893
0.0343365
0.0344971
0.0346693
0.0382951
0.0393035
0.039954
0.0402787
0.0403152
0.0401062
0.039698
0.0391387
0.0384756
0.0377524
0.0370081
0.0362747
0.0355779
0.0349362
0.0343623
0.0338635
0.0334431
0.0331008
0.0328335
0.032635
0.0324981
0.0324145
0.032373
0.0323633
0.0323787
0.0351094
0.0364076
0.0373719
0.0380225
0.0383855
0.0384927
0.0383802
0.038087
0.0376525
0.0371151
0.0365101
0.0358688
0.0352172
0.0345763
0.0339621
0.0333861
0.0328562
0.0323768
0.03195
0.0315757
0.031252
0.0309757
0.0307422
0.0305466
0.0303846
0.0314226
0.0329176
0.034116
0.035027
0.0356662
0.0360551
0.0362201
0.0361914
0.0360009
0.0356804
0.0352602
0.0347684
0.0342295
0.0336644
0.0330905
0.0325212
0.0319671
0.0314356
0.0309321
0.0304599
0.0300207
0.0296149
0.0292419
0.0289006
0.0285905
0.0275631
0.0291051
0.0303996
0.0314443
0.0322471
0.0328218
0.0331865
0.0333629
0.0333753
0.0332486
0.0330074
0.0326752
0.0322735
0.0318214
0.0313353
0.0308291
0.030314
0.0297989
0.0292909
0.0287951
0.0283152
0.0278538
0.0274124
0.0269922
0.0265949
0.0238311
0.0252244
0.0264338
0.0274523
0.0282664
0.0288794
0.0293089
0.029572
0.0296868
0.0296725
0.0295479
0.0293314
0.0290403
0.0286904
0.0282958
0.0278688
0.0274197
0.0269572
0.0264885
0.0260191
0.0255535
0.0250951
0.0246465
0.0242097
0.0237876
0.0198098
0.0208262
0.0216966
0.0224148
0.0229895
0.0234256
0.0237327
0.0239218
0.0240045
0.0239927
0.0238986
0.0237338
0.0235099
0.0232374
0.0229258
0.0225839
0.0222192
0.0218383
0.0214466
0.0210487
0.0206486
0.0202492
0.019853
0.0194623
0.0190796
0.00985116
0.0102622
0.0106195
0.0109171
0.0111599
0.0113513
0.0114942
0.0115919
0.0116478
0.0116655
0.0116486
0.011601
0.0115263
0.0114281
0.0113101
0.0111753
0.0110268
0.0108675
0.0106997
0.0105258
0.0103477
0.0101671
0.00998546
0.009804
0.00962385
0.000477708
0.000509395
0.00182373
0.0022611
0.00256996
0.00259142
0.00302029
0.00311137
0.00346645
0.00380055
0.00416029
0.00470571
0.00524375
0.00561655
0.00608028
0.00739795
0.00758643
0.00783866
0.0111027
0.0108708
0.0107723
0.0165287
0.0158339
0.0153112
0.0223677
0.021487
0.0207201
0.0277713
0.0269396
0.026138
0.0325886
0.0319285
0.0312315
0.0367888
0.0363783
0.0358919
0.0401448
0.0400305
0.0398259
0.0423685
0.0425267
0.0426055
0.0431054
0.0434892
0.0438214
0.0422318
0.0427259
0.043195
0.0401278
0.0405846
0.0410418
0.0374675
0.0377943
0.038131
0.0348343
0.0350062
0.0351876
0.0324102
0.0324554
0.0325127
0.0302636
0.0301635
0.03008
0.0283362
0.0281041
0.0278889
0.0262576
0.0259389
0.0256336
0.0234232
0.0230722
0.0227304
0.0187469
0.0184226
0.0181043
0.00946714
0.00931301
0.00916144
0.000114057
0.000238875
0.000383309
0.000508033
0.000620371
0.000721252
0.000814539
0.000901874
0.000984377
0.00106279
0.00113762
0.00120926
0.00127804
0.00134423
0.00140808
0.00146981
0.00152963
0.00158776
0.00164439
0.00169972
0.00175396
0.0018073
0.00185994
0.00191209
0.00196396
0.00201576
0.00206771
0.00212005
0.00217301
0.00222685
0.00228184
0.00233829
0.00239651
0.00245687
0.00251978
0.00258571
0.00265522
0.00272897
0.00280777
0.0028926
0.00298419
0.00308016
0.00318061
0.00328567
0.00339549
0.00351037
0.00363056
0.0037563
0.00388777
0.0040251
0.00416837
0.00431756
0.00447253
0.00463296
0.00479831
0.00496772
0.0051399
0.00531295
0.00548417
0.00564976
0.00580445
0.00594105
0.00604996
0.00611926
0.00613766
0.00609705
0.00599734
0.00583815
0.00561648
0.00532164
0.00495494
0.00450748
0.00399738
0.00345511
0.00291334
0.00244499
0.00201751
0.00161124
0.00120126
0.000719213
0.000389504
0.000744241
0.0009518
0.00113784
0.00134063
0.00155667
0.00177446
0.00199263
0.00220881
0.00242108
0.00262796
0.00282842
0.00302191
0.00320823
0.00338739
0.00355961
0.00372517
0.00388444
0.00403782
0.00418573
0.00432862
0.00446696
0.00460123
0.0047319
0.00485948
0.00498447
0.0051074
0.00522879
0.00534917
0.00546911
0.00558916
0.0057099
0.0058319
0.00595578
0.00608213
0.00621159
0.00634479
0.00648238
0.00662489
0.00677303
0.00692807
0.00709343
0.00726709
0.00744908
0.00763984
0.00783993
0.00804995
0.00827043
0.0085019
0.00874477
0.00899939
0.0092659
0.00954424
0.00983401
0.0101343
0.0104438
0.0107599
0.0110793
0.0113968
0.0117052
0.0119944
0.0122502
0.0124544
0.0125861
0.0126264
0.0125715
0.0123871
0.0120525
0.0115517
0.0108254
0.00996266
0.00896422
0.00790074
0.00682291
0.00574028
0.00465066
0.00362937
0.0027444
0.00201581
0.00104587
0.000582411
0.00112305
0.00138078
0.00164376
0.00195027
0.0022809
0.00261832
0.00295395
0.00328135
0.00359683
0.00389855
0.00418603
0.00445958
0.00471992
0.00496792
0.00520444
0.00543031
0.00564627
0.00585299
0.0060511
0.00624116
0.00642373
0.00659933
0.00676849
0.00693173
0.00708961
0.00724266
0.00739145
0.00753657
0.00767863
0.00781825
0.00795609
0.00809284
0.00822919
0.00836588
0.00850366
0.00864334
0.00878571
0.00893157
0.00908171
0.00923695
0.0093989
0.00957015
0.00974973
0.00993788
0.0101352
0.0103424
0.0105602
0.0107892
0.0110301
0.0112832
0.0115487
0.0118265
0.0121161
0.0124162
0.0127251
0.0130398
0.0133561
0.013668
0.0139677
0.0142447
0.0144854
0.0146727
0.0147854
0.0147953
0.014689
0.0144443
0.0140385
0.0134487
0.0126582
0.0116634
0.0104457
0.00915639
0.00784142
0.00658311
0.00537659
0.00424157
0.00319858
0.00228332
0.00113006
0.000714015
0.00141692
0.00175008
0.00209798
0.00249793
0.00292274
0.00335065
0.00376848
0.00416906
0.00454949
0.00490947
0.00525012
0.00557311
0.00588018
0.00617289
0.00645253
0.00672014
0.00697653
0.00722233
0.00745807
0.0076842
0.00790112
0.00810921
0.00830886
0.00850047
0.00868443
0.0088612
0.00903124
0.00919505
0.00935315
0.00950611
0.00965456
0.00979913
0.00994051
0.0100794
0.0102167
0.0103531
0.0104894
0.0106267
0.0107657
0.0109074
0.0110527
0.0112043
0.0113633
0.0115293
0.0117028
0.0118846
0.0120752
0.0122754
0.0124857
0.0127064
0.0129376
0.0131791
0.0134299
0.0136888
0.0139534
0.0142206
0.0144859
0.0147432
0.014985
0.0152016
0.0153816
0.0155107
0.0155722
0.0155419
0.0153985
0.0151277
0.0147117
0.0141305
0.0133677
0.0124154
0.0112478
0.00989938
0.0084102
0.00699529
0.00568481
0.00449805
0.00339037
0.00235373
0.00110957
0.000810657
0.00164201
0.00207149
0.00250698
0.002988
0.00348557
0.00397598
0.00444645
0.00489175
0.00531135
0.00570713
0.00608186
0.00643834
0.00677896
0.00710558
0.00741956
0.00772183
0.00801301
0.00829349
0.00856351
0.00882325
0.00907286
0.00931246
0.00954221
0.00976229
0.00997292
0.0101744
0.0103669
0.0105509
0.0107268
0.0108951
0.0110561
0.0112105
0.0113589
0.011502
0.0116405
0.0117752
0.0119069
0.0120366
0.0121652
0.0122936
0.0124231
0.0125545
0.0126915
0.0128337
0.0129814
0.0131353
0.013296
0.0134642
0.0136404
0.0138248
0.0140176
0.0142182
0.0144258
0.0146387
0.0148547
0.0150704
0.0152813
0.0154816
0.0156639
0.0158194
0.0159373
0.0160054
0.0160093
0.0159338
0.0157646
0.0154894
0.0150961
0.0145674
0.0138898
0.0130333
0.0119694
0.0106873
0.00921435
0.00765229
0.00611622
0.00476188
0.00353919
0.0023704
0.00104383
0.000882001
0.00182625
0.00235751
0.00287516
0.00342221
0.00397121
0.00450074
0.00500125
0.00547108
0.00591266
0.00632996
0.00672712
0.00710765
0.00747423
0.00782874
0.00817232
0.00850561
0.00882887
0.00914211
0.00944523
0.00973804
0.0100204
0.010292
0.0105529
0.0108029
0.0110421
0.0112705
0.0114882
0.0116954
0.0118924
0.0120795
0.012257
0.0124254
0.0125852
0.012737
0.0128814
0.0130192
0.0131512
0.0132783
0.0134015
0.0135219
0.0136406
0.0137587
0.013878
0.0140012
0.0141283
0.0142597
0.0143962
0.0145386
0.0146875
0.0148432
0.0150058
0.0151752
0.0153504
0.0155299
0.0157116
0.0158921
0.016067
0.0162306
0.0163757
0.0164937
0.0165741
0.016605
0.0165731
0.0164649
0.0162695
0.0159797
0.0155914
0.0151008
0.0145003
0.0137677
0.0128604
0.0117226
0.0103101
0.00865324
0.00690225
0.00526442
0.00380779
0.00242653
0.000960957
0.000939435
0.00198687
0.00261554
0.00320456
0.00380111
0.0043823
0.00493202
0.00544575
0.00592588
0.00637769
0.00680696
0.00721877
0.00761704
0.00800448
0.00838273
0.00875259
0.00911428
0.00946763
0.0098122
0.0101475
0.0104729
0.0107878
0.0110919
0.0113847
0.0116659
0.0119351
0.0121924
0.0124376
0.0126708
0.0128919
0.0131013
0.013299
0.0134855
0.0136611
0.0138263
0.0139817
0.0141279
0.0142658
0.0143962
0.0145202
0.0146387
0.0147531
0.0148645
0.0149743
0.0150858
0.0151996
0.0153165
0.0154374
0.0155633
0.0156949
0.0158331
0.0159781
0.0161301
0.0162885
0.0164521
0.0166192
0.0167866
0.0169502
0.0171045
0.0172423
0.0173548
0.0174313
0.0174594
0.0174255
0.0173155
0.0171167
0.0168209
0.0164264
0.015937
0.0153595
0.014694
0.0139154
0.0129541
0.0116928
0.01004
0.00805997
0.00601438
0.00421518
0.00255382
0.000911982
0.000991407
0.0021351
0.00285145
0.00349841
0.00412804
0.00472468
0.00527953
0.00579378
0.00627381
0.00672741
0.00716177
0.00758259
0.00799392
0.00839827
0.00879691
0.00919022
0.00957791
0.00995931
0.0103336
0.0106997
0.0110567
0.0114037
0.01174
0.0120647
0.0123774
0.0126776
0.0129649
0.0132391
0.0135
0.0137476
0.0139818
0.0142029
0.0144108
0.014606
0.0147887
0.0149595
0.0151189
0.0152678
0.0154069
0.0155372
0.0156601
0.0157766
0.0158881
0.0159962
0.0161026
0.0162105
0.0163206
0.0164341
0.0165521
0.016676
0.0168067
0.0169452
0.0170919
0.0172469
0.0174096
0.0175786
0.0177516
0.0179247
0.018093
0.0182496
0.0183855
0.0184898
0.0185493
0.018549
0.0184722
0.0183025
0.0180257
0.0176328
0.0171281
0.0165238
0.0158424
0.0150954
0.0142513
0.013188
0.0117012
0.00963722
0.00714226
0.00480729
0.00275984
0.000893339
0.00104399
0.00228053
0.00307259
0.00376278
0.00440973
0.00500727
0.00555496
0.00605976
0.00653173
0.00698074
0.00741499
0.00784046
0.00826109
0.00867903
0.00909509
0.0095091
0.00992029
0.0103275
0.0107293
0.0111245
0.0115115
0.0118893
0.0122566
0.0126126
0.0129564
0.0132874
0.0136049
0.0139087
0.0141983
0.0144736
0.0147344
0.0149808
0.0152126
0.0154302
0.0156337
0.0158235
0.0160001
0.0161642
0.0163166
0.0164582
0.0165904
0.0167144
0.0168317
0.0169438
0.0170524
0.0171609
0.0172709
0.0173836
0.0175008
0.0176241
0.0177549
0.0178948
0.0180447
0.0182053
0.0183768
0.0185585
0.0187487
0.0189446
0.0191418
0.019334
0.0195129
0.0196678
0.0197851
0.0198486
0.0198397
0.0197378
0.0195234
0.01917
0.0186761
0.0180426
0.0172941
0.0164698
0.0156011
0.0146432
0.0134046
0.0115252
0.00885441
0.00578646
0.0031536
0.000916835
0.00110286
0.00243415
0.0032893
0.0040073
0.00465623
0.00524152
0.00577151
0.0062587
0.00671628
0.00715573
0.00758579
0.00801242
0.0084392
0.00886776
0.00929837
0.00973031
0.0101623
0.0105926
0.0110195
0.0114413
0.0118561
0.0122626
0.0126593
0.0130449
0.0134186
0.0137793
0.0141265
0.0144596
0.014778
0.0150814
0.0153696
0.0156424
0.0158998
0.0161417
0.0163683
0.0165799
0.0167768
0.0169595
0.0171289
0.017286
0.0174318
0.017568
0.0176959
0.0178172
0.0179336
0.018048
0.018163
0.0182804
0.018402
0.0185299
0.0186661
0.0188124
0.0189706
0.0191419
0.0193273
0.0195268
0.0197397
0.0199642
0.0201969
0.0204327
0.0206641
0.0208814
0.0210717
0.0212189
0.0213035
0.0213024
0.0211892
0.0209366
0.020521
0.0199189
0.0191369
0.0182003
0.0171711
0.0161075
0.0149574
0.0134081
0.0109438
0.00738352
0.00391013
0.00101629
0.00117765
0.00261218
0.00351585
0.00424536
0.00488103
0.00544154
0.00594432
0.00640689
0.00684493
0.00727082
0.0076934
0.00811825
0.00854834
0.0089847
0.00942696
0.00987383
0.0103235
0.0107739
0.0112229
0.0116683
0.0121081
0.0125406
0.0129642
0.0133773
0.0137789
0.0141678
0.0145432
0.0149045
0.015251
0.0155822
0.0158978
0.0161975
0.0164811
0.0167485
0.0169998
0.0172351
0.0174546
0.0176587
0.0178482
0.0180239
0.0181871
0.0183392
0.0184818
0.0186166
0.0187454
0.0188703
0.0189948
0.0191211
0.0192513
0.0193877
0.0195327
0.0196887
0.0198579
0.0200422
0.0202433
0.0204621
0.0206988
0.0209527
0.0212216
0.0215016
0.0217869
0.0220691
0.022337
0.022576
0.0227675
0.0228889
0.0229125
0.0228066
0.0225357
0.0220632
0.021359
0.020402
0.0192229
0.0179041
0.016533
0.0150689
0.0130642
0.00982149
0.00523412
0.00123666
0.00127906
0.00283606
0.00376924
0.0044955
0.00510222
0.00562525
0.00609152
0.0065231
0.00693711
0.00734609
0.00775833
0.00817868
0.00860932
0.00905052
0.00950127
0.00995976
0.0104237
0.0108906
0.0113581
0.0118237
0.0122851
0.0127404
0.0131878
0.0136257
0.0140526
0.0144675
0.0148692
0.0152571
0.0156303
0.0159884
0.0163307
0.016657
0.0169669
0.0172602
0.0175369
0.0177971
0.0180408
0.0182683
0.0184802
0.0186773
0.0188609
0.0190322
0.019193
0.0193449
0.0194897
0.0196294
0.0197674
0.0199062
0.0200482
0.0201961
0.0203525
0.0205202
0.0207018
0.0208999
0.0211168
0.0213541
0.0216131
0.0218941
0.022196
0.0225166
0.0228516
0.0231946
0.0235364
0.0238647
0.0241637
0.0244129
0.0245871
0.0246557
0.0245807
0.0243171
0.023813
0.0230155
0.0218837
0.0204108
0.0186777
0.0168423
0.0148666
0.0121386
0.00744959
0.00160187
0.00143478
0.00312237
0.00406258
0.00477141
0.00534051
0.00581478
0.00623499
0.00662952
0.00701545
0.00740439
0.00780352
0.00821653
0.00864465
0.00908735
0.00954299
0.0100092
0.0104835
0.0109629
0.0114448
0.0119265
0.0124057
0.0128802
0.0133479
0.0138072
0.0142566
0.0146947
0.0151204
0.0155327
0.0159309
0.0163143
0.0166821
0.017034
0.0173696
0.0176886
0.0179908
0.0182762
0.0185449
0.0187971
0.0190333
0.0192541
0.0194606
0.0196541
0.0198361
0.0200083
0.0201725
0.0203304
0.0204853
0.0206397
0.0207965
0.0209583
0.0211282
0.021309
0.0215038
0.0217157
0.0219475
0.0222015
0.0224798
0.0227838
0.0231136
0.0234684
0.0238457
0.024241
0.0246474
0.0250555
0.0254525
0.0258216
0.026142
0.0263872
0.026524
0.0265106
0.0262939
0.0258064
0.0249664
0.023688
0.0219074
0.0196549
0.0171121
0.0143024
0.0106336
0.00232892
0.00165715
0.00357282
0.00444546
0.00509485
0.00561051
0.00603213
0.00639922
0.00675206
0.00710632
0.0074722
0.00785515
0.00825751
0.00867945
0.00911965
0.00957589
0.0100455
0.0105254
0.0110127
0.0115045
0.0119979
0.0124906
0.0129801
0.0134644
0.0139416
0.01441
0.0148683
0.0153151
0.0157495
0.0161704
0.016577
0.0169687
0.0173448
0.0177049
0.0180485
0.0183756
0.0186859
0.0189796
0.019257
0.0195185
0.0197648
0.0199966
0.0202146
0.0204205
0.0206157
0.0208021
0.0209814
0.0211559
0.0213288
0.0215029
0.0216809
0.0218659
0.022061
0.0222696
0.022495
0.0227403
0.0230088
0.023303
0.0236251
0.0239767
0.024358
0.0247683
0.025205
0.0256636
0.0261373
0.0266165
0.0270886
0.0275373
0.0279422
0.0282777
0.0285111
0.0286003
0.0284891
0.0281004
0.0273281
0.0260284
0.0240388
0.021261
0.0177773
0.0138761
0.00932024
0.00226821
0.00410854
0.00490519
0.00547175
0.00591614
0.00628332
0.00660685
0.00691709
0.00723855
0.00757912
0.00794283
0.00833074
0.00874212
0.00917503
0.00962685
0.0100946
0.010575
0.0110651
0.0115617
0.0120621
0.0125636
0.0130637
0.0135604
0.0140516
0.0145355
0.0150105
0.0154754
0.0159289
0.0163699
0.0167975
0.0172108
0.0176091
0.0179918
0.0183585
0.0187089
0.0190429
0.0193608
0.0196634
0.0199511
0.020224
0.0204823
0.0207268
0.0209585
0.021179
0.0213898
0.0215927
0.0217895
0.0219835
0.0221771
0.0223733
0.022575
0.0227855
0.0230083
0.0232467
0.0235045
0.023785
0.0240914
0.0244268
0.0247935
0.0251932
0.0256263
0.0260923
0.0265886
0.0271112
0.0276532
0.0282057
0.0287569
0.0292921
0.029793
0.030237
0.0305958
0.0308331
0.0308999
0.030728
0.0302171
0.0292177
0.0275186
0.0248746
0.021222
0.0170248
0.00322912
0.0047308
0.00542555
0.00589203
0.00626196
0.00657777
0.00686635
0.0071476
0.00744041
0.00775658
0.00809916
0.00846895
0.00886501
0.0092853
0.00972707
0.0101873
0.0106626
0.0111499
0.011646
0.0121481
0.0126535
0.0131596
0.0136643
0.0141652
0.0146607
0.0151489
0.0156283
0.0160977
0.0165556
0.0170011
0.0174331
0.0178509
0.0182536
0.0186409
0.0190124
0.0193685
0.01971
0.0200375
0.0203508
0.0206499
0.0209351
0.0212069
0.0214659
0.0217132
0.0219502
0.0221785
0.0223997
0.0226168
0.0228319
0.0230479
0.0232677
0.0234945
0.0237317
0.0239829
0.0242519
0.0245423
0.0248576
0.0252014
0.0255768
0.0259864
0.0264321
0.0269147
0.0274337
0.0279869
0.0285702
0.0291776
0.029801
0.0304303
0.0310528
0.0316535
0.0322146
0.0327143
0.0331262
0.0334177
0.0335471
0.033462
0.0330997
0.0323921
0.0313046
0.0299775
0.00432847
0.00542376
0.00598141
0.00635362
0.00665948
0.00693308
0.00719709
0.00746391
0.00774096
0.00803843
0.00836067
0.00870978
0.00908613
0.00948838
0.0099143
0.0103611
0.0108256
0.0113044
0.0117943
0.0122927
0.0127967
0.0133039
0.0138117
0.0143179
0.0148204
0.0153175
0.0158074
0.0162887
0.0167599
0.0172194
0.0176663
0.0180996
0.0185187
0.0189231
0.0193131
0.0196897
0.0200534
0.0204042
0.0207417
0.0210659
0.0213771
0.0216755
0.021962
0.0222368
0.0225012
0.0227561
0.0230032
0.0232447
0.0234828
0.0237199
0.0239588
0.0242026
0.0244544
0.024718
0.0249972
0.0252955
0.0256165
0.0259641
0.026342
0.0267536
0.0272018
0.0276885
0.0282149
0.0287805
0.0293831
0.0300187
0.0306822
0.0313668
0.032064
0.0327631
0.0334519
0.0341158
0.0347372
0.0352947
0.0357623
0.0361084
0.0363017
0.0363055
0.0360378
0.0354185
0.0054285
0.00616868
0.00659323
0.00689486
0.00715476
0.00740053
0.00764933
0.00790925
0.00818378
0.00847096
0.00877477
0.00910128
0.00945408
0.00983317
0.0102375
0.0106654
0.0111138
0.011578
0.0120558
0.0125445
0.0130414
0.0135439
0.0140494
0.0145554
0.0150597
0.0155602
0.0160552
0.0165428
0.0170215
0.0174898
0.0179463
0.01839
0.0188206
0.0192384
0.0196447
0.0200394
0.0204226
0.020794
0.0211534
0.0215007
0.0218358
0.0221592
0.0224714
0.022773
0.0230645
0.0233465
0.0236202
0.023887
0.0241487
0.0244077
0.0246664
0.0249275
0.0251941
0.0254697
0.0257576
0.0260615
0.0263851
0.0267322
0.0271069
0.0275131
0.0279543
0.0284333
0.0289522
0.0295132
0.0301137
0.0307512
0.0314229
0.0321248
0.0328511
0.0335931
0.0343409
0.0350833
0.0358053
0.0364882
0.0371085
0.0376369
0.0380416
0.0382822
0.0382939
0.038003
0.00657185
0.00705416
0.00737901
0.00763509
0.00786852
0.00810008
0.00834046
0.00859326
0.00885909
0.00913616
0.00941794
0.00971585
0.0100409
0.010391
0.0107672
0.0111682
0.0115915
0.0120339
0.0124928
0.0129652
0.0134485
0.0139398
0.0144363
0.0149353
0.0154346
0.0159317
0.0164247
0.0169117
0.0173908
0.0178603
0.0183188
0.0187664
0.0192041
0.0196323
0.0200507
0.0204593
0.0208579
0.0212462
0.0216239
0.0219907
0.0223466
0.0226917
0.0230265
0.0233515
0.0236675
0.0239749
0.024274
0.0245658
0.0248511
0.0251316
0.0254095
0.0256874
0.0259681
0.0262545
0.0265499
0.0268577
0.0271813
0.0275245
0.0278918
0.0282873
0.0287144
0.0291761
0.0296749
0.0302125
0.0307888
0.031403
0.0320532
0.0327368
0.0334512
0.0341861
0.0349329
0.0356836
0.0364255
0.0371431
0.0378158
0.0384159
0.0389093
0.0392497
0.0393784
0.0392428
0.00811334
0.00840636
0.008645
0.00885688
0.00906156
0.00927241
0.00949258
0.00971936
0.00995104
0.0101861
0.010423
0.0106744
0.0109543
0.0112633
0.011601
0.0119657
0.0123551
0.0127664
0.0131971
0.0136443
0.0141049
0.0145761
0.0150547
0.015538
0.016022
0.0165049
0.0169849
0.0174602
0.0179287
0.0183894
0.0188422
0.0192882
0.019727
0.0201586
0.0205827
0.020999
0.0214072
0.0218068
0.0221975
0.0225789
0.0229506
0.0233127
0.0236654
0.0240092
0.0243445
0.0246721
0.0249929
0.0253062
0.0256121
0.0259123
0.0262081
0.0265008
0.0267934
0.0270885
0.0273891
0.0276981
0.028019
0.0283553
0.0287114
0.029091
0.0294973
0.0299336
0.0304023
0.0309052
0.0314429
0.0320149
0.0326197
0.0332544
0.0339153
0.0345967
0.0352934
0.0360024
0.0367162
0.0374196
0.0380848
0.0386883
0.0391987
0.0395742
0.039766
0.03973
0.0107588
0.0108151
0.0109039
0.0110122
0.011125
0.0112434
0.0113679
0.0114981
0.0116325
0.0117671
0.0119109
0.0120875
0.012301
0.0125503
0.0128332
0.0131472
0.0134897
0.0138579
0.0142489
0.0146596
0.0150867
0.015527
0.0159768
0.016432
0.01689
0.0173494
0.0178074
0.0182615
0.0187101
0.0191535
0.0195919
0.0200257
0.0204552
0.0208808
0.0213015
0.0217169
0.0221264
0.0225296
0.0229258
0.0233145
0.0236953
0.0240677
0.0244319
0.024788
0.0251364
0.0254776
0.0258121
0.0261391
0.0264596
0.0267739
0.0270822
0.0273858
0.0276872
0.0279877
0.0282898
0.0285967
0.0289115
0.0292377
0.0295788
0.0299375
0.0303172
0.0307209
0.0311509
0.0316089
0.0320954
0.0326099
0.0331507
0.0337148
0.0343
0.0349049
0.0355295
0.0361686
0.0368133
0.0374504
0.0380619
0.0386256
0.0391133
0.0394896
0.0397141
0.0397491
0.0149153
0.0146373
0.0144491
0.0143095
0.0142003
0.014114
0.0140483
0.014005
0.0139795
0.013968
0.0139939
0.0140694
0.0141928
0.014361
0.0145697
0.0148154
0.0150943
0.0154032
0.0157385
0.0160969
0.0164748
0.0168689
0.0172757
0.0176921
0.0181157
0.0185425
0.0189682
0.0193907
0.0198101
0.0202268
0.0206412
0.0210535
0.0214641
0.0218726
0.0222779
0.0226803
0.0230799
0.0234761
0.0238679
0.0242545
0.024635
0.0250089
0.0253758
0.0257358
0.0260891
0.0264361
0.0267753
0.0271068
0.0274309
0.0277482
0.0280598
0.0283668
0.0286697
0.0289691
0.0292676
0.0295678
0.0298719
0.0301827
0.0305028
0.0308352
0.0311829
0.0315478
0.031932
0.0323367
0.0327621
0.0332077
0.0336722
0.034154
0.0346551
0.0351749
0.0357113
0.03626
0.0368141
0.0373633
0.0378935
0.0383867
0.03882
0.0391654
0.0393913
0.0394673
0.0200312
0.0194241
0.0189145
0.0184744
0.0180947
0.0177754
0.0175057
0.0172784
0.0170855
0.0169295
0.0168309
0.0167896
0.0168035
0.0168689
0.0169811
0.0171356
0.0173282
0.017555
0.0178123
0.0180964
0.0184038
0.0187311
0.0190752
0.0194322
0.0197983
0.0201688
0.020541
0.0209158
0.0212937
0.0216733
0.022054
0.0224352
0.0228162
0.0231961
0.0235752
0.0239539
0.024332
0.0247088
0.0250835
0.0254558
0.0258243
0.0261881
0.0265465
0.0268992
0.0272465
0.0275876
0.0279203
0.0282448
0.0285615
0.0288708
0.0291734
0.02947
0.0297616
0.0300499
0.030336
0.0306212
0.0309066
0.0311941
0.0314864
0.0317863
0.0320954
0.0324155
0.0327479
0.0330929
0.0334504
0.0338212
0.0342056
0.0346043
0.0350174
0.0354445
0.0358842
0.0363332
0.0367859
0.0372346
0.0376685
0.0380738
0.0384332
0.0387255
0.0389267
0.0390127
0.0253313
0.0245308
0.0238104
0.0231749
0.0226132
0.0221171
0.0216795
0.021297
0.020966
0.0206889
0.0204686
0.020306
0.0201999
0.0201477
0.0201456
0.0201892
0.0202746
0.0203978
0.0205551
0.0207427
0.0209573
0.0211952
0.0214524
0.0217253
0.0220094
0.0223015
0.0226022
0.0229118
0.0232291
0.0235529
0.0238823
0.0242163
0.0245541
0.0248948
0.0252377
0.0255822
0.0259275
0.0262727
0.026618
0.0269628
0.0273055
0.027645
0.0279808
0.0283126
0.0286396
0.0289587
0.0292698
0.0295729
0.0298682
0.030156
0.0304367
0.0307108
0.0309791
0.0312425
0.0315019
0.0317583
0.032013
0.0322677
0.0325238
0.0327827
0.0330456
0.0333141
0.0335887
0.0338699
0.0341586
0.034455
0.0347594
0.0350725
0.035395
0.0357268
0.0360667
0.0364124
0.0367597
0.0371029
0.037434
0.037743
0.0380171
0.0382407
0.0383962
0.0384649
0.0304585
0.029652
0.0288905
0.0281819
0.0275304
0.0269359
0.0263948
0.0259063
0.0254761
0.0251013
0.0247806
0.0245098
0.0242894
0.0241198
0.0239994
0.0239252
0.0238938
0.0239016
0.0239453
0.0240214
0.0241265
0.0242569
0.0244072
0.0245758
0.0247604
0.0249605
0.0251763
0.0254061
0.0256483
0.0259017
0.026165
0.026437
0.0267164
0.0270023
0.0272936
0.0275893
0.0278884
0.0281899
0.0284932
0.028796
0.0290972
0.0293964
0.0296935
0.0299865
0.0302726
0.0305516
0.0308233
0.0310877
0.031345
0.0315952
0.0318386
0.0320756
0.0323066
0.0325321
0.0327527
0.0329691
0.033182
0.0333923
0.0336011
0.0338093
0.0340178
0.0342273
0.0344384
0.034652
0.0348683
0.0350874
0.0353101
0.035537
0.0357687
0.0360053
0.036246
0.0364892
0.0367321
0.0369705
0.0371986
0.0374093
0.0375933
0.0377395
0.0378352
0.0378661
0.0352967
0.034617
0.0339234
0.0332422
0.0325935
0.0319808
0.0314019
0.0308572
0.0303536
0.0299008
0.0294969
0.0291391
0.0288269
0.0285603
0.0283378
0.0281576
0.028017
0.0279134
0.0278441
0.0278066
0.027798
0.0278159
0.0278565
0.0279191
0.0280034
0.028109
0.028234
0.0283765
0.028535
0.0287079
0.0288937
0.0290912
0.029299
0.029516
0.0297416
0.0299743
0.0302119
0.0304528
0.0306954
0.0309376
0.0311795
0.0314202
0.0316565
0.0318875
0.0321129
0.0323325
0.0325462
0.0327539
0.0329556
0.0331512
0.0333408
0.0335246
0.0337027
0.0338755
0.0340431
0.034206
0.0343644
0.034519
0.03467
0.0348182
0.0349639
0.0351075
0.0352495
0.0353904
0.0355305
0.0356704
0.0358108
0.035952
0.0360945
0.0362385
0.0363836
0.0365287
0.0366719
0.0368102
0.0369396
0.037055
0.0371499
0.0372164
0.0372453
0.0372264
0.0395095
0.0390824
0.0385872
0.0380504
0.0374926
0.0369318
0.0363782
0.0358375
0.035316
0.0348212
0.0343599
0.0339398
0.0335629
0.0332262
0.0329269
0.0326631
0.0324334
0.032236
0.0320696
0.0319325
0.0318232
0.0317406
0.031685
0.0316539
0.0316453
0.0316582
0.0316924
0.0317458
0.0318167
0.0319033
0.0320042
0.0321179
0.0322427
0.0323775
0.0325206
0.0326704
0.0328252
0.0329838
0.0331448
0.0333065
0.0334664
0.0336236
0.0337778
0.0339288
0.0340762
0.0342196
0.0343587
0.0344935
0.0346236
0.034749
0.0348695
0.0349851
0.0350957
0.0352014
0.0353024
0.0353985
0.0354901
0.0355771
0.0356599
0.0357387
0.0358136
0.0358849
0.0359529
0.0360178
0.0360801
0.0361402
0.0361985
0.0362558
0.0363123
0.0363683
0.0364237
0.0364775
0.0365286
0.0365747
0.0366132
0.0366404
0.0366516
0.0366413
0.0366032
0.0365298
0.0426045
0.0425068
0.0423133
0.0420396
0.0416983
0.0413095
0.0408909
0.0404551
0.0400103
0.0395651
0.0391282
0.0387071
0.0383071
0.0379318
0.0375831
0.0372615
0.0369675
0.0367008
0.0364609
0.0362472
0.0360586
0.0358941
0.0357529
0.0356337
0.0355352
0.0354563
0.0353959
0.0353529
0.0353261
0.0353144
0.0353163
0.0353304
0.0353555
0.0353901
0.0354331
0.0354824
0.0355368
0.0355946
0.0356537
0.035714
0.0357749
0.0358357
0.035896
0.0359551
0.0360126
0.0360681
0.0361211
0.0361713
0.0362184
0.0362621
0.0363021
0.0363383
0.0363705
0.0363986
0.0364224
0.036442
0.0364573
0.0364684
0.0364752
0.0364779
0.0364766
0.0364715
0.0364626
0.0364504
0.036435
0.0364168
0.0363963
0.0363739
0.0363499
0.0363247
0.0362981
0.0362696
0.0362383
0.0362027
0.0361608
0.0361098
0.0360465
0.035967
0.0358669
0.0357408
0.0441068
0.0443084
0.0444253
0.0444641
0.0444234
0.0443104
0.0441368
0.0439131
0.0436489
0.043354
0.0430384
0.0427101
0.0423752
0.0420403
0.0417112
0.0413918
0.0410851
0.040793
0.0405166
0.0402568
0.0400136
0.0397872
0.0395774
0.0393837
0.0392056
0.0390423
0.0388923
0.0387557
0.0386324
0.0385216
0.0384224
0.0383339
0.0382551
0.0381847
0.0381205
0.0380623
0.0380095
0.0379613
0.037917
0.0378757
0.0378368
0.0377997
0.0377636
0.0377282
0.0376926
0.0376566
0.0376196
0.0375812
0.0375411
0.0374988
0.037454
0.0374065
0.0373561
0.0373025
0.0372457
0.0371856
0.0371221
0.0370552
0.0369848
0.0369111
0.0368342
0.0367543
0.0366713
0.0365856
0.0364975
0.0364071
0.0363148
0.0362209
0.0361257
0.0360294
0.0359318
0.0358325
0.035731
0.0356261
0.0355163
0.0353997
0.0352738
0.0351359
0.0349826
0.0348101
0.0436724
0.044099
0.04446
0.0447533
0.044975
0.0451307
0.0452241
0.0452571
0.0452345
0.0451619
0.0450457
0.0448932
0.044711
0.0445057
0.044283
0.0440483
0.0438058
0.0435592
0.0433115
0.043065
0.0428215
0.0425825
0.042349
0.042122
0.0419019
0.0416892
0.0414839
0.0412857
0.0410946
0.0409107
0.0407342
0.0405648
0.0404023
0.0402462
0.0400959
0.039951
0.039811
0.0396754
0.0395436
0.0394152
0.0392896
0.0391663
0.0390447
0.0389243
0.0388048
0.0386856
0.0385665
0.0384469
0.0383266
0.0382052
0.0380825
0.0379581
0.0378319
0.0377039
0.0375738
0.0374417
0.0373076
0.0371713
0.0370329
0.0368926
0.0367502
0.0366059
0.0364599
0.0363123
0.0361633
0.0360131
0.0358619
0.0357098
0.0355571
0.0354037
0.0352496
0.0350945
0.0349377
0.0347785
0.0346156
0.0344478
0.0342731
0.0340894
0.0338941
0.0336846
0.0415454
0.0420339
0.042489
0.0429055
0.0432789
0.0436059
0.0438855
0.0441142
0.0442939
0.0444261
0.0445132
0.0445575
0.0445623
0.0445315
0.0444691
0.044379
0.0442651
0.0441311
0.0439803
0.0438155
0.0436394
0.0434542
0.0432621
0.0430646
0.0428634
0.0426597
0.0424546
0.0422491
0.0420437
0.0418392
0.041636
0.0414347
0.0412353
0.041038
0.0408431
0.0406504
0.0404601
0.040272
0.040086
0.0399019
0.0397195
0.0395385
0.0393587
0.0391799
0.0390017
0.038824
0.0386465
0.0384691
0.0382915
0.0381135
0.0379351
0.0377559
0.0375759
0.0373951
0.0372133
0.0370304
0.0368465
0.0366615
0.0364753
0.0362876
0.0360985
0.0359084
0.0357176
0.0355261
0.0353343
0.0351422
0.0349501
0.034758
0.034566
0.034374
0.0341817
0.0339883
0.0337937
0.0335971
0.0333979
0.033195
0.0329868
0.0327716
0.032547
0.0323099
0.0385155
0.0389064
0.0392942
0.0396702
0.0400303
0.0403704
0.0406872
0.0409779
0.04124
0.0414717
0.0416725
0.0418412
0.0419779
0.0420834
0.0421586
0.042205
0.0422245
0.042219
0.0421902
0.0421403
0.0420712
0.0419848
0.0418829
0.0417673
0.0416395
0.041501
0.0413533
0.0411976
0.041035
0.0408666
0.0406933
0.0405155
0.0403336
0.0401484
0.0399612
0.0397722
0.0395819
0.0393903
0.0391979
0.0390047
0.0388108
0.0386164
0.0384216
0.0382263
0.0380307
0.0378348
0.0376384
0.0374415
0.0372438
0.0370455
0.0368464
0.0366463
0.0364444
0.0362406
0.0360353
0.0358288
0.0356212
0.0354127
0.0352034
0.034993
0.0347818
0.0345699
0.0343575
0.0341448
0.033932
0.0337191
0.0335064
0.0332938
0.0330816
0.0328695
0.0326573
0.0324446
0.0322309
0.0320156
0.0317979
0.0315768
0.0313509
0.0311185
0.0308776
0.0306265
0.035401
0.0356246
0.0358549
0.0360905
0.0363259
0.0365586
0.0367864
0.037007
0.0372182
0.0374182
0.0376051
0.0377779
0.037935
0.0380752
0.0381976
0.038302
0.0383883
0.0384567
0.0385073
0.0385405
0.0385569
0.0385572
0.038542
0.0385123
0.0384688
0.0384124
0.038344
0.0382645
0.0381747
0.0380754
0.0379679
0.0378528
0.0377308
0.0376023
0.0374678
0.0373277
0.0371826
0.0370329
0.0368791
0.0367215
0.0365605
0.0363963
0.0362292
0.0360593
0.035886
0.0357091
0.0355289
0.035346
0.0351605
0.0349727
0.0347829
0.0345909
0.0343964
0.0341995
0.0340002
0.0337989
0.0335957
0.0333907
0.0331842
0.0329762
0.0327669
0.0325565
0.0323452
0.032133
0.0319203
0.031707
0.0314935
0.0312798
0.0310659
0.0308519
0.0306375
0.0304226
0.0302067
0.0299893
0.0297695
0.0295464
0.0293187
0.0290849
0.0288435
0.0285944
0.0325878
0.0326692
0.0327535
0.0328421
0.0329355
0.0330314
0.0331292
0.0332281
0.0333275
0.0334265
0.0335241
0.0336193
0.0337114
0.0337993
0.0338822
0.0339593
0.0340298
0.034093
0.0341484
0.0341956
0.0342343
0.0342641
0.034285
0.0342968
0.0342995
0.0342933
0.0342782
0.0342544
0.0342222
0.0341816
0.0341324
0.0340744
0.0340084
0.0339348
0.033854
0.0337666
0.0336729
0.0335733
0.0334681
0.0333578
0.0332426
0.0331227
0.0329983
0.0328696
0.0327363
0.0325981
0.0324552
0.032308
0.0321567
0.0320015
0.0318427
0.0316803
0.0315145
0.0313453
0.0311729
0.0309975
0.0308191
0.030638
0.0304543
0.0302683
0.0300801
0.0298899
0.029698
0.0295045
0.0293095
0.0291133
0.0289161
0.0287178
0.0285187
0.0283187
0.0281178
0.0279159
0.0277126
0.0275074
0.0272999
0.027089
0.026874
0.0266535
0.0264267
0.0261939
0.0300025
0.0299384
0.0298853
0.0298418
0.0298073
0.0297819
0.0297625
0.0297485
0.0297392
0.0297341
0.0297327
0.0297344
0.0297389
0.0297456
0.029754
0.0297637
0.0297741
0.0297847
0.0297951
0.0298047
0.029813
0.0298196
0.0298241
0.0298261
0.0298252
0.029821
0.0298134
0.0298019
0.0297865
0.0297668
0.0297421
0.0297121
0.0296767
0.029636
0.0295899
0.0295387
0.0294824
0.0294211
0.0293549
0.0292839
0.0292083
0.0291281
0.0290435
0.0289543
0.0288607
0.0287626
0.02866
0.0285531
0.0284417
0.0283261
0.0282062
0.0280823
0.0279543
0.0278225
0.0276869
0.0275478
0.0274051
0.027259
0.0271098
0.0269575
0.0268023
0.0266444
0.026484
0.0263213
0.0261564
0.0259895
0.0258207
0.0256501
0.0254778
0.0253039
0.0251284
0.0249511
0.0247718
0.0245904
0.0244063
0.024219
0.0240278
0.0238319
0.0236307
0.0234248
0.0276645
0.0274574
0.0272676
0.0270934
0.0269332
0.0267858
0.0266513
0.0265277
0.0264133
0.0263072
0.0262089
0.0261176
0.0260331
0.0259547
0.025882
0.0258147
0.0257524
0.0256947
0.0256413
0.0255917
0.0255456
0.0255026
0.0254623
0.0254243
0.0253882
0.0253536
0.0253202
0.0252876
0.0252554
0.0252232
0.0251906
0.0251572
0.0251228
0.0250869
0.0250492
0.0250096
0.0249678
0.0249236
0.0248769
0.0248276
0.0247754
0.0247204
0.0246624
0.0246013
0.024537
0.0244695
0.0243987
0.0243245
0.0242468
0.0241657
0.024081
0.0239928
0.023901
0.0238058
0.023707
0.0236048
0.0234992
0.0233904
0.0232782
0.0231629
0.0230446
0.0229233
0.0227992
0.0226724
0.0225429
0.0224109
0.0222766
0.0221399
0.0220009
0.0218598
0.0217163
0.0215707
0.0214226
0.0212719
0.0211184
0.0209617
0.0208014
0.0206369
0.0204679
0.0202949
0.0253035
0.0249891
0.0246923
0.0244121
0.0241476
0.0238977
0.0236618
0.0234394
0.0232301
0.0230329
0.0228465
0.0226703
0.0225036
0.0223461
0.0221973
0.0220566
0.0219238
0.0217984
0.02168
0.0215684
0.0214632
0.021364
0.0212706
0.0211825
0.0210994
0.021021
0.020947
0.020877
0.0208107
0.0207478
0.0206878
0.0206305
0.0205755
0.0205225
0.0204711
0.0204211
0.020372
0.0203237
0.0202757
0.0202279
0.02018
0.0201317
0.0200828
0.0200331
0.0199823
0.0199303
0.0198769
0.019822
0.0197653
0.0197067
0.0196461
0.0195834
0.0195184
0.0194511
0.0193813
0.019309
0.0192342
0.0191569
0.0190769
0.0189944
0.0189092
0.0188214
0.0187311
0.0186382
0.0185428
0.0184449
0.0183445
0.0182417
0.0181364
0.0180287
0.0179186
0.017806
0.0176909
0.017573
0.0174523
0.0173285
0.0172014
0.0170706
0.016936
0.0167979
0.0223532
0.021988
0.0216373
0.0213008
0.0209781
0.0206689
0.0203727
0.0200892
0.019818
0.0195587
0.0193116
0.019076
0.0188512
0.0186369
0.0184323
0.0182371
0.0180509
0.0178734
0.0177043
0.0175431
0.0173897
0.0172437
0.0171048
0.0169727
0.0168472
0.0167279
0.0166146
0.016507
0.0164048
0.0163077
0.0162156
0.016128
0.0160448
0.0159657
0.0158904
0.0158186
0.01575
0.0156845
0.0156216
0.0155611
0.0155028
0.0154464
0.0153915
0.0153381
0.0152857
0.0152342
0.0151833
0.0151329
0.0150827
0.0150324
0.014982
0.0149311
0.0148797
0.0148275
0.0147745
0.0147203
0.014665
0.0146084
0.0145504
0.0144908
0.0144297
0.0143668
0.0143022
0.0142357
0.0141673
0.0140971
0.0140248
0.0139505
0.0138742
0.0137957
0.0137151
0.0136322
0.013547
0.0134595
0.0133694
0.0132767
0.0131812
0.0130827
0.0129811
0.0128765
0.0177477
0.0173996
0.0170619
0.0167349
0.0164186
0.0161131
0.0158182
0.0155337
0.0152596
0.0149956
0.0147414
0.0144968
0.0142617
0.0140358
0.0138191
0.0136112
0.013412
0.013221
0.0130381
0.0128629
0.0126951
0.0125344
0.0123804
0.0122331
0.012092
0.0119571
0.011828
0.0117046
0.0115867
0.011474
0.0113664
0.0112637
0.0111657
0.0110721
0.0109829
0.0108977
0.0108165
0.0107391
0.0106648
0.0105936
0.0105251
0.0104593
0.010396
0.010335
0.0102761
0.0102191
0.010164
0.0101105
0.0100584
0.0100076
0.00995789
0.00990916
0.00986121
0.00981389
0.00976704
0.00972052
0.00967418
0.00962787
0.00958146
0.00953482
0.00948782
0.00944036
0.00939231
0.00934357
0.00929404
0.00924363
0.00919226
0.00913983
0.00908627
0.0090315
0.00897545
0.00891804
0.00885919
0.00879884
0.00873688
0.00867325
0.00860785
0.0085406
0.00847146
0.0084006
0.00898949
0.00882157
0.00865827
0.00849978
0.00834617
0.00819751
0.00805384
0.00791511
0.00778128
0.00765226
0.00752791
0.00740812
0.00729278
0.00718174
0.00707485
0.00697195
0.00687291
0.00677756
0.00668576
0.00659737
0.00651227
0.00643047
0.00635181
0.00627617
0.00620341
0.0061334
0.00606603
0.00600119
0.00593876
0.00587864
0.00582074
0.00576497
0.00571123
0.00565943
0.0056095
0.00556134
0.00551489
0.00547006
0.00542678
0.00538496
0.00534452
0.0053054
0.00526751
0.00523078
0.00519514
0.00516052
0.00512685
0.00509406
0.00506208
0.00503085
0.00500029
0.00497034
0.00494094
0.00491201
0.00488349
0.00485532
0.00482743
0.00479976
0.00477225
0.00474484
0.00471746
0.00469006
0.00466258
0.00463497
0.00460716
0.00457912
0.00455079
0.00452212
0.00449306
0.00446358
0.00443362
0.00440316
0.00437214
0.00434054
0.00430831
0.00427541
0.0042418
0.00420746
0.00417233
0.0041364
0.0133824
0.0120533
0.0118824
0.0287222
0.0277226
0.0267
0.0345483
0.0337026
0.0328918
0.0374427
0.0367558
0.0359228
0.0388524
0.0382967
0.0375543
0.0394616
0.039024
0.038402
0.0395812
0.0392548
0.0387551
0.039375
0.0391433
0.0387572
0.0389646
0.0387994
0.0385018
0.0384302
0.0383015
0.0380624
0.0378205
0.0377016
0.037493
0.0371534
0.0370247
0.036824
0.0364208
0.0362702
0.0360624
0.035594
0.0354165
0.0351939
0.0346287
0.0344252
0.0341844
0.0334756
0.0332483
0.0329894
0.0320792
0.0318348
0.0315656
0.0303869
0.030138
0.0298701
0.0283605
0.0281202
0.0278651
0.025978
0.0257573
0.025525
0.0232354
0.0230422
0.0228401
0.0201368
0.0199756
0.0198074
0.0166724
0.016544
0.0164101
0.012782
0.012685
0.0125839
0.00833734
0.00827195
0.00820396
0.00410472
0.00407234
0.00403918
0.000337984
0.00071049
0.00106377
0.0014295
0.00181458
0.00222211
0.00265429
0.00311636
0.00362491
0.00418551
0.00475655
0.00534802
0.00596051
0.00658952
0.00724407
0.00794407
0.00878658
0.00966743
0.0107193
0.0119232
0.01324
0.0149437
0.017023
0.0197835
0.0230512
0.000683978
0.00147101
0.00214091
0.00294493
0.00388898
0.00492523
0.00601004
0.00711035
0.00820766
0.00927854
0.010365
0.0114845
0.0126514
0.0138789
0.01519
0.0166299
0.0181047
0.0197383
0.0216636
0.0239023
0.0265159
0.0293091
0.0323596
0.0351854
0.0384331
0.000887715
0.00201079
0.00298373
0.00410326
0.00532924
0.0065927
0.00785606
0.00910808
0.0103538
0.0115983
0.012865
0.0141668
0.0155146
0.0169198
0.0183975
0.0199101
0.0215025
0.0232968
0.0253115
0.0274356
0.0295362
0.0314312
0.0329986
0.0340379
0.0344435
0.00103715
0.0024712
0.00372223
0.00505363
0.00642382
0.00778482
0.00912153
0.0104388
0.0117498
0.0130632
0.0143934
0.0157487
0.0171349
0.0185564
0.0199902
0.021439
0.0230017
0.0247413
0.0265229
0.028178
0.0295803
0.030644
0.0313061
0.0315133
0.0312138
0.00116471
0.00291951
0.00441449
0.00589546
0.00735843
0.00878402
0.0101726
0.0115353
0.0128827
0.0142246
0.0155694
0.0169216
0.0182833
0.0196394
0.0209741
0.0223284
0.0237871
0.0252959
0.0266973
0.0278682
0.0287374
0.0292647
0.0294267
0.0292101
0.0286081
0.00128943
0.00337822
0.00509099
0.00669539
0.00823696
0.00972068
0.0111557
0.0125549
0.0139251
0.0152745
0.0166077
0.0179265
0.0192202
0.0204803
0.021702
0.0229395
0.0242338
0.0254665
0.0265092
0.0272874
0.0277677
0.0279392
0.0278044
0.027375
0.0266659
0.00142004
0.00385774
0.00577783
0.00750201
0.00912305
0.0106655
0.0121441
0.0135722
0.0149539
0.0162943
0.0175958
0.0188496
0.0200513
0.0211969
0.0223005
0.0234106
0.0245012
0.0254537
0.0261809
0.0266456
0.0268398
0.0267714
0.0264573
0.025919
0.0251769
0.00156311
0.00437193
0.00650576
0.00835897
0.0100655
0.0116669
0.0131833
0.014629
0.0160062
0.0173184
0.0185591
0.0197276
0.0208223
0.0218423
0.0228174
0.0237731
0.0246401
0.0253275
0.0257859
0.0260032
0.0259877
0.025758
0.0253375
0.0247497
0.0240125
0.00173101
0.00495137
0.00732135
0.00931959
0.0111145
0.0127686
0.0143084
0.0157515
0.0171003
0.0183521
0.0195087
0.0205708
0.0215395
0.0224248
0.0232584
0.0240311
0.0246709
0.0251189
0.0253533
0.0253785
0.025212
0.0248774
0.0243989
0.0237969
0.0230837
0.00194888
0.00565773
0.00829866
0.0104495
0.0123307
0.0140177
0.0155519
0.0169589
0.0182406
0.0194003
0.0204442
0.0213765
0.022202
0.0229401
0.0236125
0.0241867
0.0246093
0.0248486
0.0249011
0.0247809
0.0245097
0.0241113
0.0236072
0.0230124
0.0223324
0.00227921
0.00660981
0.00956206
0.0118637
0.0137955
0.0154695
0.016947
0.0182659
0.019434
0.0204605
0.0213579
0.0221352
0.0228025
0.0233794
0.0238719
0.0242471
0.0244723
0.0245357
0.0244451
0.0242188
0.0238787
0.023446
0.0229375
0.0223619
0.0217187
0.00280718
0.00802597
0.0112995
0.013694
0.0155996
0.0171795
0.0185243
0.0196844
0.0206795
0.0215253
0.0222405
0.0228384
0.0233322
0.0237334
0.0240392
0.0242264
0.0242797
0.0241999
0.0240003
0.0236997
0.0233175
0.0228709
0.0223709
0.0218209
0.0212147
0.00386022
0.0102058
0.0137257
0.0160747
0.0178208
0.0191857
0.0202994
0.0212122
0.0219662
0.0225828
0.0230817
0.0234785
0.0237845
0.0240018
0.024126
0.0241441
0.0240527
0.0238599
0.02358
0.0232297
0.0228247
0.0223773
0.0218934
0.021371
0.0208
0.00593614
0.0141907
0.0172938
0.0191791
0.0204953
0.0214741
0.0222298
0.0228116
0.023266
0.0236132
0.02387
0.0240489
0.0241578
0.0241938
0.0241501
0.0240219
0.0238128
0.0235329
0.0231954
0.0228134
0.0223985
0.0219582
0.0214935
0.0209985
0.0204596
0.0136425
0.0196888
0.0218036
0.0228115
0.0234539
0.0239114
0.0242066
0.0244029
0.0245257
0.0245859
0.0245918
0.0245489
0.0244601
0.0243241
0.0241319
0.0238814
0.0235785
0.0232328
0.0228546
0.0224533
0.0220366
0.0216073
0.0211623
0.0206925
0.0201819
0.0254376
0.0260458
0.0263208
0.0263701
0.0263329
0.0262176
0.0260604
0.0258803
0.025682
0.0254675
0.0252345
0.0249819
0.0247085
0.0244118
0.0240885
0.0237379
0.0233633
0.0229687
0.0225617
0.0221493
0.0217354
0.0213183
0.0208916
0.0204439
0.0199573
0.031919
0.0309007
0.0300714
0.0293901
0.0287782
0.0282067
0.0276767
0.0271743
0.0266999
0.0262441
0.0257992
0.0253603
0.024924
0.0244878
0.0240498
0.0236105
0.0231724
0.0227388
0.0223129
0.0218967
0.0214894
0.0210841
0.0206733
0.0202442
0.0197772
0.0348977
0.0337149
0.0325954
0.0315884
0.0306719
0.0298198
0.0290192
0.0282771
0.0275837
0.0269294
0.0263065
0.0257097
0.0251355
0.0245818
0.0240475
0.0235332
0.0230402
0.0225703
0.0221235
0.0216981
0.0212908
0.0208943
0.0204975
0.0200845
0.0196333
0.0365934
0.0354431
0.0342822
0.0331736
0.0321088
0.0310901
0.0301253
0.0292156
0.0283586
0.0275499
0.026785
0.0260603
0.0253735
0.0247231
0.0241088
0.023531
0.0229903
0.0224865
0.022017
0.0215783
0.021165
0.0207682
0.0203751
0.0199678
0.0195234
0.0375638
0.0365199
0.0354072
0.0342943
0.0331882
0.0320953
0.0310337
0.0300154
0.0290452
0.0281245
0.027253
0.0264299
0.0256547
0.0249272
0.0242475
0.023616
0.0230331
0.0224966
0.0220022
0.0215453
0.0211191
0.0207137
0.0203149
0.0199042
0.0194577
0.0380479
0.037136
0.0361302
0.0350699
0.033974
0.032862
0.0317595
0.0306841
0.0296467
0.0286539
0.0277096
0.0268164
0.0259758
0.025189
0.0244572
0.0237811
0.0231609
0.0225927
0.0220713
0.0215917
0.0211464
0.0207248
0.0203122
0.0198895
0.0194324
0.0381808
0.0374068
0.0365181
0.0355371
0.0344882
0.0334008
0.0323026
0.0312141
0.0301502
0.0291218
0.0281366
0.0271998
0.0263155
0.0254867
0.0247156
0.0240041
0.0233515
0.022753
0.0222036
0.0216982
0.0212292
0.0207856
0.0203526
0.0199108
0.0194358
0.0380355
0.0373873
0.0366106
0.0357215
0.0347463
0.0337158
0.0326567
0.0315907
0.0305349
0.0295029
0.0285052
0.0275497
0.0266424
0.0257882
0.024991
0.0242537
0.0235744
0.0229483
0.0223715
0.0218392
0.0213439
0.0208746
0.0204166
0.0199504
0.0194516
0.0376778
0.0371325
0.0364547
0.0356586
0.0347697
0.0338148
0.0328181
0.0318004
0.0307794
0.02977
0.0287844
0.0278322
0.0269214
0.0260582
0.0252481
0.0244945
0.0237951
0.0231459
0.0225446
0.0219867
0.0214647
0.0209682
0.0204825
0.0199884
0.0194617
0.0371612
0.036692
0.0360946
0.035384
0.0345817
0.0337094
0.0327873
0.0318341
0.0308666
0.0298995
0.0289457
0.0280159
0.0271189
0.0262618
0.0254515
0.0246907
0.0239783
0.0233127
0.0226919
0.0221116
0.0215649
0.0210416
0.0205276
0.0200041
0.0194472
0.0365202
0.0360983
0.0355624
0.0349254
0.0342032
0.0334121
0.0325683
0.0316876
0.0307847
0.0298735
0.0289664
0.0280745
0.0272062
0.0263682
0.0255668
0.0248065
0.02409
0.0234165
0.0227826
0.0221851
0.0216173
0.0210698
0.0205286
0.0199757
0.0193879
0.0357682
0.0353714
0.0348799
0.0343025
0.0336498
0.0329335
0.0321661
0.0313598
0.0305269
0.029679
0.0288273
0.0279817
0.0271509
0.0263422
0.0255617
0.024814
0.0241019
0.023427
0.0227875
0.0221789
0.0215952
0.0210271
0.0204615
0.0198808
0.0192629
0.034895
0.0345106
0.0340506
0.0335202
0.0329261
0.0322759
0.0315784
0.0308428
0.0300789
0.0292964
0.0285047
0.0277125
0.0269278
0.0261576
0.0254077
0.0246826
0.0239854
0.0233176
0.0226786
0.0220653
0.0214714
0.0208876
0.0203013
0.0196958
0.0190499
0.0338739
0.0334957
0.0330589
0.032566
0.0320208
0.0314281
0.0307938
0.0301246
0.0294277
0.0287109
0.0279816
0.0272472
0.0265145
0.0257898
0.0250784
0.0243845
0.023711
0.0230594
0.0224291
0.0218174
0.0212191
0.0206251
0.0200227
0.0193962
0.0187262
0.0326692
0.0322969
0.0318802
0.0314198
0.0309175
0.0303762
0.0297996
0.0291924
0.0285598
0.0279075
0.0272413
0.026567
0.0258903
0.0252164
0.0245497
0.023894
0.0232517
0.022624
0.0220104
0.021408
0.0208115
0.0202125
0.0195994
0.0189573
0.0182686
0.0312431
0.0308809
0.0304852
0.0300559
0.0295937
0.0291002
0.0285777
0.0280292
0.0274584
0.0268692
0.026266
0.0256532
0.025035
0.0244156
0.0237984
0.0231865
0.0225817
0.0219847
0.0213946
0.0208085
0.0202209
0.0196234
0.0190055
0.0183547
0.0176546
0.0295553
0.02921
0.0288395
0.0284432
0.0280215
0.027575
0.0271052
0.0266138
0.0261034
0.0255765
0.0250362
0.0244855
0.0239276
0.0233654
0.0228015
0.0222379
0.0216756
0.021115
0.0205546
0.0199911
0.0194188
0.0188301
0.0182163
0.0175632
0.0168527
0.0275686
0.0272485
0.0269094
0.0265505
0.026172
0.025774
0.0253574
0.0249232
0.0244728
0.024008
0.0235306
0.0230427
0.0225463
0.0220433
0.0215353
0.0210233
0.0205078
0.0199883
0.0194628
0.0189278
0.0183779
0.0178068
0.0172014
0.0165504
0.0158395
0.0252565
0.0249698
0.0246686
0.0243522
0.0240206
0.0236736
0.0233116
0.0229352
0.0225451
0.0221422
0.0217277
0.0213027
0.0208683
0.0204255
0.019975
0.0195171
0.0190514
0.0185769
0.0180911
0.0175906
0.0170697
0.0165194
0.0159307
0.015295
0.0146014
0.0226067
0.0223595
0.0221011
0.021831
0.0215489
0.0212546
0.020948
0.0206295
0.0202992
0.0199575
0.019605
0.019242
0.0188689
0.0184862
0.0180936
0.0176909
0.0172773
0.016851
0.0164096
0.0159492
0.0154626
0.0149434
0.0143859
0.0137834
0.0131276
0.019613
0.0194081
0.0191946
0.0189719
0.0187396
0.0184975
0.0182453
0.017983
0.0177105
0.0174278
0.0171348
0.0168315
0.0165179
0.0161937
0.0158583
0.0155112
0.0151509
0.014776
0.014384
0.0139717
0.0135314
0.013059
0.0125507
0.0120022
0.011408
0.0162548
0.0160917
0.015922
0.015745
0.0155604
0.0153679
0.015167
0.0149575
0.0147392
0.0145118
0.0142749
0.0140282
0.0137714
0.0135039
0.013225
0.0129339
0.0126294
0.0123101
0.0119742
0.0116194
0.0112415
0.0108373
0.0104036
0.00993712
0.0094344
0.0124658
0.0123423
0.0122137
0.0120796
0.0119397
0.0117935
0.0116408
0.0114812
0.0113143
0.0111398
0.0109573
0.0107664
0.0105666
0.0103575
0.0101385
0.00990893
0.00966796
0.00941476
0.00914833
0.00886756
0.00857097
0.00825688
0.00792362
0.00756973
0.0071936
0.00812413
0.00804145
0.00795571
0.00786656
0.00777375
0.00767706
0.00757625
0.00747109
0.00736132
0.0072467
0.00712698
0.00700191
0.00687125
0.00673475
0.00659216
0.00644323
0.00628771
0.00612537
0.00595598
0.00577934
0.00559523
0.00540342
0.00520368
0.00499573
0.00477881
0.00400049
0.00396068
0.00391969
0.00387742
0.00383378
0.00378867
0.00374197
0.00369357
0.00364332
0.00359109
0.00353671
0.00348002
0.00342085
0.00335901
0.00329428
0.00322644
0.00315525
0.00308043
0.00300168
0.00291866
0.00283097
0.00273816
0.00263969
0.00253489
0.00242291
0.0156106
0.0419056
0.0372041
0.0281431
0.022343
0.0194757
0.0172429
0.0145913
0.0109173
0.00654523
0.0158864
0.0433765
0.0378688
0.0282679
0.0224701
0.0197129
0.0175087
0.0148286
0.0110927
0.00660203
0.0162813
0.0446473
0.0384419
0.0283197
0.0225922
0.0199652
0.0177863
0.0150699
0.0112688
0.00665434
0.0167678
0.0459639
0.0389726
0.0283258
0.0227216
0.0202347
0.0180753
0.0153164
0.0114473
0.00670185
0.0172625
0.0472094
0.0394184
0.0282867
0.0228592
0.0205191
0.0183716
0.0155631
0.0116232
0.00674344
0.0177622
0.0483949
0.0397756
0.0282062
0.0230123
0.0208233
0.0186777
0.015811
0.0117964
0.00677817
0.0182497
0.0494893
0.0400248
0.0280811
0.0231878
0.0211516
0.018995
0.0160598
0.0119654
0.00680501
0.0186923
0.0504335
0.0401512
0.0279073
0.0233952
0.0215098
0.0193259
0.0163097
0.0121291
0.00682292
0.0188523
0.0512074
0.0401329
0.0276811
0.0236483
0.0219053
0.0196734
0.0165609
0.0122863
0.00683089
0.0183997
0.0516831
0.0398957
0.0273996
0.0239649
0.0223453
0.02004
0.0168132
0.0124352
0.00682803
0.0174898
0.0515698
0.0394284
0.0270801
0.0243603
0.0228347
0.0204263
0.0170652
0.0125739
0.0068137
0.016184
0.0507989
0.0386136
0.0268555
0.0248517
0.0233733
0.0208296
0.0173138
0.0126989
0.00678767
0.0145078
0.0490575
0.0373431
0.0268528
0.0254514
0.0239528
0.0212405
0.0175505
0.0128023
0.00675034
0.0125821
0.0460758
0.0355694
0.0271458
0.0261624
0.0245646
0.0216442
0.0177531
0.0128675
0.00669277
0.0104346
0.0417302
0.0335464
0.0276789
0.0269633
0.0251808
0.0220048
0.0178917
0.0128722
0.00660351
0.00857444
0.0367472
0.0314218
0.028373
0.0278232
0.0257498
0.0222669
0.0179198
0.0127957
0.00647658
0.00715887
0.0324443
0.0297322
0.0292647
0.0286804
0.0261868
0.0223494
0.0177751
0.0126093
0.00631022
0.00617412
0.0294919
0.0290769
0.0304058
0.0294034
0.0263556
0.0221333
0.0173791
0.0122899
0.00610471
0.0140636
0.0280444
0.0306288
0.03182
0.0297561
0.025986
0.0214961
0.0167838
0.011877
0.00586485
0.0244255
0.029146
0.03317
0.0325486
0.0292474
0.0250004
0.0205283
0.016042
0.0113822
0.00561089
0.0294692
0.0345977
0.0349417
0.0318926
0.0277481
0.0234923
0.01934
0.0152082
0.0108446
0.00535876
0.0390424
0.0368742
0.0332834
0.0293488
0.0254916
0.0217711
0.0181155
0.0143714
0.0103049
0.00511558
0.0338923
0.032168
0.0294854
0.0264358
0.0233382
0.0202148
0.017005
0.0135989
0.00979592
0.00488862
0.0302705
0.0286514
0.0265373
0.0241529
0.0216103
0.0189225
0.0160527
0.0129213
0.0093368
0.0046823
0.0275855
0.0261705
0.0244296
0.022444
0.0202628
0.0178804
0.0152616
0.0123481
0.00893505
0.00449731
0.0256602
0.0243846
0.0228749
0.0211522
0.0192164
0.0170476
0.0146141
0.0118763
0.00858832
0.00433132
0.0242178
0.0230585
0.0217102
0.0201629
0.018396
0.016382
0.0140901
0.0114901
0.00830299
0.00419112
0.0231092
0.0220438
0.0208132
0.0193919
0.0177486
0.0158512
0.0136702
0.0111747
0.00807199
0.00407574
0.0222371
0.0212505
0.0201109
0.0187848
0.0172355
0.0154286
0.0133376
0.0109163
0.00788357
0.00398175
0.0215402
0.0206203
0.0195539
0.0183027
0.0168275
0.0150931
0.0130776
0.0107007
0.00772699
0.00390614
0.0209768
0.0201143
0.0191082
0.0179179
0.0165027
0.0148278
0.0128672
0.0105268
0.00760793
0.00384656
0.0205184
0.0197054
0.0187499
0.0176098
0.016244
0.0146197
0.0126923
0.0103841
0.00751932
0.00379993
0.0201443
0.0193739
0.0184611
0.0173628
0.016038
0.014453
0.0125475
0.0102701
0.00745537
0.00376362
0.0198393
0.0191053
0.0182282
0.0171644
0.0158746
0.0143131
0.012427
0.0101826
0.00741092
0.00373537
0.0195919
0.0188882
0.0180404
0.017005
0.0157416
0.0141945
0.0123284
0.0101164
0.00738118
0.00371322
0.0193923
0.018713
0.0178887
0.0168765
0.0156262
0.0140931
0.01225
0.0100661
0.00736211
0.00369553
0.019232
0.0185716
0.0177655
0.0167662
0.0155267
0.0140097
0.0121873
0.0100268
0.00735028
0.00368089
0.0191029
0.018456
0.01766
0.01667
0.0154427
0.0139409
0.0121348
0.009994
0.00734271
0.00366806
0.0190001
0.0183607
0.0175724
0.0165908
0.015373
0.0138816
0.0120874
0.00996343
0.00733671
0.00365599
0.0189331
0.0182938
0.0175064
0.0165269
0.0153125
0.013826
0.0120396
0.00993104
0.00732977
0.00364366
0.0188981
0.0182504
0.0174562
0.0164716
0.0152541
0.0137675
0.0119861
0.00989264
0.0073194
0.00363014
0.0188839
0.0182203
0.017412
0.0164155
0.0151893
0.0136987
0.0119206
0.00984387
0.00730311
0.00361455
0.0188759
0.0181899
0.0173613
0.0163477
0.0151087
0.0136117
0.0118367
0.00978012
0.0072784
0.00359604
0.0188575
0.0181443
0.0172911
0.0162566
0.0150022
0.0134977
0.0117276
0.00969651
0.0072427
0.00357379
0.0188114
0.018068
0.0171873
0.0161297
0.0148587
0.0133473
0.0115856
0.00958795
0.00719342
0.00354698
0.0187193
0.0179442
0.0170348
0.0159536
0.0146663
0.0131502
0.0114029
0.00944912
0.00712789
0.0035148
0.0185617
0.0177553
0.0168177
0.0157135
0.0144116
0.0128953
0.011171
0.00927458
0.00704335
0.00347635
0.0183181
0.0174825
0.0165186
0.0153932
0.0140801
0.0125707
0.0108818
0.00905892
0.00693684
0.00343059
0.0179676
0.0171061
0.0161184
0.0149743
0.013656
0.012165
0.0105276
0.00879682
0.00680498
0.00337621
0.0174884
0.0166047
0.0155939
0.0144351
0.0131243
0.0116689
0.0101025
0.00848295
0.00664351
0.00331136
0.0168552
0.0159489
0.0149221
0.0137637
0.012476
0.0110772
0.00960221
0.00811123
0.00644634
0.0032333
0.016039
0.0151231
0.0140984
0.0129605
0.0117171
0.0103903
0.00902322
0.0076729
0.00620413
0.0031379
0.0150271
0.0141213
0.0131201
0.0120246
0.0108462
0.00960971
0.00836044
0.00715975
0.00590366
0.00301895
0.0138112
0.012938
0.0119841
0.0109539
0.00986212
0.00873411
0.00761678
0.00657847
0.00552822
0.00286812
0.0123836
0.0115689
0.0106877
0.0097483
0.00876571
0.00776478
0.00679372
0.00592475
0.00507769
0.0026797
0.0107375
0.0100106
0.00923267
0.00841167
0.00756246
0.00670706
0.00589502
0.00519558
0.00453539
0.00243148
0.00886995
0.00826437
0.00762316
0.006953
0.00626224
0.00557116
0.00492724
0.00438398
0.00386518
0.00210983
0.00677662
0.00633639
0.00587572
0.00539229
0.00488352
0.00436845
0.00389196
0.00347354
0.00303337
0.0016805
0.00454205
0.00429527
0.00403532
0.00374492
0.00341939
0.00307885
0.00274576
0.00240201
0.00197887
0.00094316
0.00229674
0.00215987
0.00200949
0.00183984
0.00164443
0.00141147
0.0011301
0.000799801
0.000440898
0.000379858
)
;

boundaryField
{
    inlet
    {
        type            fixedValue;
        value           uniform 3.53727;
    }
    outlet
    {
        type            zeroGradient;
    }
    walls
    {
        type            kqRWallFunction;
        value           nonuniform List<scalar> 
446
(
2.08237
1.14132
0.717536
0.49647
0.367537
0.285658
0.23014
0.190522
0.161084
0.138491
0.120689
0.106354
0.0946014
0.0848175
0.0765667
0.0695307
0.0634722
0.0582108
0.0536071
0.0495512
0.045956
0.0427509
0.0398784
0.0372913
0.0349503
0.0328226
0.0308807
0.029101
0.0274632
0.0259502
0.0245469
0.02324
0.0220181
0.0208708
0.019789
0.0187646
0.0177902
0.0168592
0.0159655
0.0151037
0.0142689
0.0134567
0.0126632
0.0118848
0.0111183
0.0103607
0.00960907
0.00886034
0.00811124
0.0073578
0.00659482
0.00581472
0.00500568
0.00413322
0.00320641
0.00224119
0.00119352
0.000887134
0.000844027
0.000950381
0.000950381
0.00169101
0.00260869
0.00389375
0.00533893
0.00645468
0.00735596
0.00814199
0.0088157
0.00938433
0.00985116
0.0102622
0.0106195
0.0109171
0.0111599
0.0113513
0.0114942
0.0115919
0.0116478
0.0116655
0.0116486
0.011601
0.0115263
0.0114281
0.0113101
0.0111753
0.0110268
0.0108675
0.0106997
0.0105258
0.0103477
0.0101671
0.00998546
0.009804
0.00962385
0.00946714
0.00931301
0.00916144
0.00898949
0.00882157
0.00865827
0.00849978
0.00834617
0.00819751
0.00805384
0.00791511
0.00778128
0.00765226
0.00752791
0.00740812
0.00729278
0.00718174
0.00707485
0.00697195
0.00687291
0.00677756
0.00668576
0.00659737
0.00651227
0.00643047
0.00635181
0.00627617
0.00620341
0.0061334
0.00606603
0.00600119
0.00593876
0.00587864
0.00582074
0.00576497
0.00571123
0.00565943
0.0056095
0.00556134
0.00551489
0.00547006
0.00542678
0.00538496
0.00534452
0.0053054
0.00526751
0.00523078
0.00519514
0.00516052
0.00512685
0.00509406
0.00506208
0.00503085
0.00500029
0.00497034
0.00494094
0.00491201
0.00488349
0.00485532
0.00482743
0.00479976
0.00477225
0.00474484
0.00471746
0.00469006
0.00466258
0.00463497
0.00460716
0.00457912
0.00455079
0.00452212
0.00449306
0.00446358
0.00443362
0.00440316
0.00437214
0.00434054
0.00430831
0.00427541
0.0042418
0.00420746
0.00417233
0.0041364
0.00410472
0.00407234
0.00403918
0.00400049
0.00396068
0.00391969
0.00387742
0.00383378
0.00378867
0.00374197
0.00369357
0.00364332
0.00359109
0.00353671
0.00348002
0.00342085
0.00335901
0.00329428
0.00322644
0.00315525
0.00308043
0.00300168
0.00291866
0.00283097
0.00273816
0.00263969
0.00253489
0.00242291
0.00229674
0.00215987
0.00200949
0.00183984
0.00164443
0.00141147
0.0011301
0.000799801
0.000440898
0.000379858
0.00371322
0.00369553
0.00368089
0.00366806
0.00365599
0.00364366
0.00363014
0.00361455
0.00359604
0.00357379
0.00354698
0.0035148
0.00347635
0.00343059
0.00337621
0.00331136
0.0032333
0.0031379
0.00301895
0.00286812
0.0026797
0.00243148
0.00210983
0.0016805
0.00094316
0.000379858
0.00535876
0.00511558
0.00488862
0.0046823
0.00449731
0.00433132
0.00419112
0.00407574
0.00398175
0.00390614
0.00384656
0.00379993
0.00376362
0.00373537
0.00654523
0.00660203
0.00665434
0.00670185
0.00674344
0.00677817
0.00680501
0.00682292
0.00683089
0.00682803
0.0068137
0.00678767
0.00675034
0.00669277
0.00660351
0.00647658
0.00631022
0.00610471
0.00586485
0.00561089
0.0156106
0.0158864
0.0162813
0.0167678
0.0172625
0.0177622
0.0182497
0.0186923
0.0188523
0.0183997
0.0174898
0.016184
0.0145078
0.0125821
0.0104346
0.00857444
0.00715887
0.00617412
0.0140636
0.0244255
0.000337984
0.00071049
0.00106377
0.0014295
0.00181458
0.00222211
0.00265429
0.00311636
0.00362491
0.00418551
0.00475655
0.00534802
0.00596051
0.00658952
0.00724407
0.00794407
0.00878658
0.00966743
0.0107193
0.0119232
0.01324
0.0149437
0.017023
0.0197835
0.0230512
0.000114057
0.000238875
0.000383309
0.000508033
0.000620371
0.000721252
0.000814539
0.000901874
0.000984377
0.00106279
0.00113762
0.00120926
0.00127804
0.00134423
0.00140808
0.00146981
0.00152963
0.00158776
0.00164439
0.00169972
0.00175396
0.0018073
0.00185994
0.00191209
0.00196396
0.00201576
0.00206771
0.00212005
0.00217301
0.00222685
0.00228184
0.00233829
0.00239651
0.00245687
0.00251978
0.00258571
0.00265522
0.00272897
0.00280777
0.0028926
0.00298419
0.00308016
0.00318061
0.00328567
0.00339549
0.00351037
0.00363056
0.0037563
0.00388777
0.0040251
0.00416837
0.00431756
0.00447253
0.00463296
0.00479831
0.00496772
0.0051399
0.00531295
0.00548417
0.00564976
0.00580445
0.00594105
0.00604996
0.00611926
0.00613766
0.00609705
0.00599734
0.00583815
0.00561648
0.00532164
0.00495494
0.00450748
0.00399738
0.00345511
0.00291334
0.00244499
0.00201751
0.00161124
0.00120126
0.000719213
0.00967701
0.00338705
0.00349055
0.00371112
0.003894
0.00400779
0.00404284
0.00399231
0.00383931
0.00365829
0.00344873
0.00321289
0.00295684
0.00269361
0.00243088
0.00217326
0.00191919
0.00169754
0.00149641
0.00130743
0.00112508
0.00094426
0.000758598
0.000558054
0.000308261
2.08237
1.14132
0.717536
0.49647
0.367537
0.285659
0.230141
0.190523
0.161086
0.138493
0.120691
0.106357
0.0946053
0.0848229
0.076574
0.0695404
0.063485
0.0582271
0.0536267
0.0495721
)
;
    }
    baffle
    {
        type            kqRWallFunction;
        value           nonuniform List<scalar> 
62
(
0.000308261
0.000570707
0.000683829
0.000727723
0.000730332
0.000709817
0.000676365
0.000634361
0.000588623
0.000548068
0.000509473
0.000471386
0.000434175
0.000401947
0.000477708
0.000509395
0.00182373
0.000114057
0.000389504
0.000582411
0.000714015
0.000810657
0.000882001
0.000939435
0.000991407
0.00104399
0.00110286
0.00117765
0.00127906
0.00143478
0.00165715
0.000719213
0.00104587
0.00113006
0.00110957
0.00104383
0.000960957
0.000911982
0.000893339
0.000916835
0.00101629
0.00123666
0.00160187
0.00232892
0.00932024
0.0133824
0.0120533
0.0118824
0.000337984
0.000683978
0.000887715
0.00103715
0.00116471
0.00128943
0.00142004
0.00156311
0.00173101
0.00194888
0.00227921
0.00280718
0.00386022
0.00593614
)
;
    }
    front
    {
        type            empty;
    }
    back
    {
        type            empty;
    }
}


// ************************************************************************* //
