/*--------------------------------*- C++ -*----------------------------------*\
| =========                 |                                                 |
| \\      /  F ield         | OpenFOAM: The Open Source CFD Toolbox           |
|  \\    /   O peration     | Version:  v2012                                 |
|   \\  /    A nd           | Website:  www.openfoam.com                      |
|    \\/     M anipulation  |                                                 |
\*---------------------------------------------------------------------------*/
FoamFile
{
    version     2.0;
    format      ascii;
    class       volScalarField;
    location    "501";
    object      nut;
}
// * * * * * * * * * * * * * * * * * * * * * * * * * * * * * * * * * * * * * //

dimensions      [0 2 -1 0 0 0 0];


internalField   nonuniform List<scalar> 
6556
(
0.00324058
0.0114407
0.013759
0.0141607
0.0140652
0.0140652
0.0141607
0.013759
0.0114407
0.00324058
0.0023991
0.00932409
0.0125646
0.0134862
0.0135935
0.0135935
0.0134862
0.0125646
0.00932409
0.0023991
0.00190224
0.00798745
0.0114914
0.0127908
0.01311
0.01311
0.0127909
0.0114914
0.00798745
0.00190224
0.00158231
0.00705293
0.0105741
0.0121127
0.0126038
0.0126038
0.0121127
0.0105741
0.00705294
0.00158231
0.00136143
0.0063547
0.00979736
0.0114717
0.0120858
0.0120858
0.0114717
0.00979737
0.00635471
0.00136143
0.00120024
0.00580749
0.00913546
0.0108756
0.0115699
0.0115699
0.0108756
0.00913548
0.00580751
0.00120024
0.00107731
0.00536293
0.00856499
0.0103254
0.011067
0.011067
0.0103254
0.00856501
0.00536295
0.00107731
0.000980205
0.00499159
0.00806713
0.00981896
0.0105844
0.0105844
0.00981899
0.00806718
0.00499164
0.000980207
0.000901304
0.00467463
0.00762753
0.00935299
0.0101261
0.0101261
0.00935304
0.0076276
0.00467469
0.000901307
0.000835711
0.0043994
0.00723533
0.00892385
0.00969379
0.00969382
0.00892392
0.00723544
0.0043995
0.000835716
0.000780151
0.00415712
0.00688235
0.00852799
0.00928788
0.00928792
0.0085281
0.00688251
0.00415726
0.000780158
0.000732356
0.00394146
0.00656232
0.00816214
0.0089077
0.00890776
0.00816231
0.00656254
0.00394167
0.000732366
0.000690706
0.00374776
0.00627035
0.00782336
0.00855207
0.00855217
0.00782361
0.00627069
0.00374807
0.00069072
0.000654014
0.00357247
0.0060026
0.007509
0.00821953
0.00821968
0.00750937
0.00600311
0.00357293
0.000654035
0.00062139
0.00341284
0.00575597
0.00721669
0.00790851
0.00790873
0.00721724
0.00575671
0.00341349
0.00062142
0.000592151
0.00326666
0.00552791
0.00694435
0.00761742
0.00761775
0.00694517
0.00552898
0.00326759
0.000592193
0.000565765
0.00313215
0.00531627
0.0066901
0.00734473
0.0073452
0.00669132
0.00531781
0.00313343
0.000565822
0.000541809
0.00300784
0.00511925
0.00645225
0.00708896
0.00708963
0.00645405
0.00512137
0.00300941
0.000541885
0.000519943
0.00289245
0.00493526
0.00622927
0.00684872
0.00684969
0.00623188
0.00493827
0.00289424
0.000520038
0.000499887
0.0027849
0.00476288
0.00601976
0.00662272
0.00662414
0.00602357
0.004767
0.0027852
0.000499992
0.000481411
0.00268423
0.00460087
0.00582244
0.00640976
0.00641196
0.00582888
0.00461237
0.00271521
0.000555198
0.00046432
0.00258958
0.00444809
0.00563612
0.00620872
0.00621221
0.00564726
0.00447283
0.00266083
0.000629245
0.000448449
0.00250022
0.00430351
0.00545974
0.00601861
0.00602402
0.00547796
0.00434718
0.00262458
0.000721897
0.000433659
0.00241551
0.00416625
0.00529233
0.00583847
0.0058464
0.00531965
0.00423208
0.00262014
0.000839594
0.000419826
0.00233488
0.00403549
0.00513301
0.00566738
0.00567812
0.0051697
0.0041323
0.00264414
0.000988868
0.000406847
0.00225782
0.00391049
0.00498095
0.00550453
0.00551864
0.0050273
0.00405105
0.00268397
0.00116964
0.000394628
0.00218386
0.00379057
0.00483542
0.0053493
0.00536801
0.0048984
0.00397996
0.00272729
0.00137673
0.000383088
0.00211255
0.00367508
0.00469572
0.0052011
0.005226
0.00478153
0.00392039
0.00277311
0.00160167
0.000372152
0.00204346
0.00356341
0.00456121
0.0050594
0.00509221
0.00467553
0.00387144
0.00282488
0.00182874
0.000361755
0.00197623
0.00345494
0.00443126
0.00492366
0.00496616
0.00457944
0.00383244
0.00288395
0.00204625
0.000351838
0.00191048
0.00334913
0.00430526
0.00479334
0.0048473
0.00449241
0.0038028
0.00295005
0.00225183
0.000342344
0.00184584
0.0032454
0.00418262
0.00466787
0.00473507
0.00441364
0.00378173
0.00302047
0.00244353
0.000333222
0.00178198
0.00314322
0.00406274
0.00454666
0.00462882
0.00434232
0.00376815
0.00309343
0.00262008
0.000324425
0.00171855
0.00304202
0.00394497
0.00442909
0.00452788
0.00427759
0.00376093
0.00316715
0.00278076
0.000315905
0.00165525
0.00294122
0.00382867
0.00431446
0.00443151
0.00421853
0.00375884
0.0032398
0.00292513
0.00030762
0.00159177
0.00284027
0.00371312
0.00420203
0.00433888
0.00416414
0.00376052
0.00330969
0.00305299
0.000299527
0.00152786
0.00273858
0.0035976
0.00409098
0.00424908
0.00411331
0.00376457
0.00337537
0.00316443
0.000291583
0.00146332
0.00263561
0.00348132
0.00398042
0.00416109
0.00406485
0.00376954
0.00343566
0.0032599
0.00028375
0.00139797
0.00253084
0.0033635
0.00386938
0.00407381
0.00401746
0.00377401
0.00348976
0.00334031
0.000275985
0.00133171
0.00242382
0.00324334
0.00375682
0.00398599
0.00396975
0.00377656
0.00353717
0.00340707
0.00026825
0.00126456
0.00231419
0.00312003
0.00364161
0.00389628
0.0039202
0.00377581
0.00357767
0.00346207
0.000260504
0.00119661
0.00220168
0.0029928
0.00352255
0.00380316
0.00386715
0.00377033
0.00361112
0.00350744
0.000252706
0.00112802
0.00208616
0.00286092
0.00339834
0.00370493
0.00380874
0.00375853
0.00363724
0.00354529
0.000244817
0.00105903
0.00196762
0.00272369
0.00326762
0.0035997
0.00374285
0.00373854
0.00365533
0.00357714
0.000236791
0.000989895
0.00184615
0.0025805
0.00312894
0.00348534
0.00366696
0.00370798
0.00366391
0.00360341
0.000228581
0.000920877
0.00172196
0.00243081
0.00298078
0.00335948
0.00357816
0.00366382
0.00366043
0.00362286
0.000220133
0.000852217
0.0015953
0.00227418
0.00282165
0.00321955
0.00347308
0.0036023
0.00364106
0.00363213
0.000211383
0.000784111
0.00146649
0.00211033
0.0026501
0.00306288
0.00334798
0.00351891
0.00360068
0.00362567
0.00020225
0.000716705
0.00133588
0.00193914
0.00246495
0.00288691
0.00319901
0.00340863
0.00353313
0.00359603
0.000192628
0.000650099
0.00120389
0.00176082
0.00226548
0.00268958
0.00302262
0.00326645
0.00343174
0.00353451
0.000182367
0.000584361
0.00107109
0.00157612
0.00205185
0.00246987
0.00281629
0.00308814
0.00329026
0.00343236
0.000171241
0.000519538
0.000938531
0.00138674
0.00182575
0.00222873
0.00257961
0.00287147
0.00310421
0.00328216
0.000158882
0.000455635
0.000807918
0.00119615
0.00159155
0.00197038
0.00231577
0.00261785
0.00287247
0.00307893
0.000109059
0.000397769
0.000684467
0.00101095
0.00135736
0.00170356
0.00203294
0.00233363
0.00259739
0.00282038
0.000108631
0.000353194
0.000581147
0.000845628
0.0011381
0.00144319
0.00174505
0.00202928
0.0022876
0.00251553
0.000106312
0.000321903
0.000510121
0.000719507
0.000956304
0.00121182
0.00147147
0.00172505
0.00196456
0.00218411
7.75818e-05
0.000309465
0.000472223
0.000642055
0.000829695
0.00103096
0.00124138
0.00145385
0.00166127
0.00185745
6.68866e-05
0.00029391
0.000456947
0.000602543
0.000733552
0.000859848
0.000996464
0.00114147
0.00128796
0.00143147
6.52413e-05
0.000222901
0.000428987
0.000556865
0.000676496
0.000707335
0.000768525
0.000861399
0.000967777
0.00107679
6.92299e-05
0.000115433
0.000143372
0.000175161
0.000205108
0.000225524
0.000240754
0.000253291
0.000263562
0.000271929
0.000143535
0.000163367
0.000165845
0.000171004
0.000175167
0.000177708
0.000178483
0.000177364
0.000173932
0.000169783
0.000164848
0.000159112
0.00015264
0.000145687
0.0001384
0.000130861
0.000122974
0.000115655
0.000108587
0.000101499
9.41556e-05
8.62581e-05
7.73143e-05
6.6312e-05
4.25641e-05
0.000256444
0.00053135
0.000802495
0.000949412
0.00102814
0.00107514
0.00109949
0.00110382
0.00108701
0.00105583
0.00101662
0.000969595
0.000915533
0.000857302
0.000796772
0.000734606
0.000668471
0.000578037
0.000480719
0.000388022
0.00030657
0.000239513
0.000188374
0.00014802
5.09652e-05
0.000403946
0.000666815
0.00103754
0.0013389
0.00151633
0.00161886
0.00167371
0.00169331
0.00155958
0.00149434
0.00152767
0.00152828
0.00145529
0.00137647
0.00129353
0.00120602
0.0011094
0.000985828
0.00083924
0.000682428
0.000530618
0.000397586
0.000292003
0.000206762
5.5038e-05
0.000666344
0.000699553
0.0010589
0.00140094
0.00164938
0.00178795
0.0018589
0.00188481
0.00177498
0.00168615
0.00168757
0.00171507
0.00164346
0.00157029
0.00149624
0.00141841
0.00132962
0.00121404
0.00106686
0.000893726
0.000708673
0.000531538
0.000379713
0.000248378
5.75507e-05
0.00101494
0.000877575
0.00119742
0.00141933
0.00166378
0.00182429
0.00189944
0.00192169
0.00190593
0.00186148
0.00179707
0.00172297
0.00164966
0.00158346
0.0015243
0.00146636
0.00139909
0.0013063
0.00117833
0.00101471
0.000824823
0.000628021
0.00044559
0.000275451
5.76538e-05
0.00128092
0.00119862
0.0013915
0.00152437
0.00168836
0.00182918
0.00190286
0.00191771
0.00189038
0.00183295
0.00175523
0.00166806
0.00158576
0.00151987
0.00147153
0.00143249
0.00138777
0.00131918
0.00121396
0.00106814
0.000887181
0.000687164
0.000488415
0.000290024
5.68383e-05
0.00150151
0.00160345
0.00162163
0.00167977
0.00178321
0.00186502
0.00190964
0.00191324
0.00187355
0.00180167
0.00170822
0.00160515
0.00150833
0.00143386
0.00138878
0.00136391
0.00133868
0.00129072
0.00120507
0.00107696
0.000909583
0.000715243
0.000510593
0.000294619
5.54828e-05
0.00171561
0.00185383
0.001866
0.00188089
0.00192678
0.00196419
0.0019679
0.00193567
0.0018722
0.00178419
0.00167417
0.00155311
0.00143895
0.00135035
0.00129896
0.00128064
0.00127056
0.00123917
0.00116877
0.00105614
0.000903408
0.000719289
0.000515826
0.00029156
5.37324e-05
0.00192477
0.0020829
0.00211415
0.00210985
0.0021065
0.00210232
0.00207158
0.00200848
0.00191462
0.00179662
0.00166202
0.00151976
0.00138501
0.00127771
0.00121151
0.00118908
0.00118503
0.00116558
0.00110876
0.00101152
0.000874956
0.000704445
0.000507291
0.000281967
5.17591e-05
0.00212792
0.00230123
0.00235683
0.00234571
0.00230979
0.00227009
0.0022081
0.00211657
0.00199435
0.00184714
0.00168111
0.00151024
0.00135011
0.00121961
0.00113125
0.00109231
0.00108668
0.00107445
0.00102854
0.000945854
0.000826087
0.000671207
0.000484012
0.000263974
4.99442e-05
0.00232393
0.00250948
0.00258988
0.00258331
0.00252832
0.00245936
0.00236999
0.00225429
0.00210748
0.00193063
0.0017316
0.00152677
0.00133597
0.00117775
0.00106322
0.000996753
0.00097746
0.000967577
0.00093294
0.000864139
0.000761002
0.000622796
0.000449031
0.000241389
4.81536e-05
0.00251174
0.00270639
0.0028104
0.00281836
0.00275999
0.00266317
0.00255089
0.00241617
0.00224965
0.00204626
0.00181594
0.00157352
0.00134666
0.00115744
0.001014
0.000915341
0.000867037
0.000852194
0.000826973
0.000770497
0.000683369
0.000562935
0.000406674
0.000217951
4.63187e-05
0.00268891
0.00288945
0.00301501
0.00304002
0.00298153
0.00287111
0.00274414
0.0025973
0.00241844
0.00219679
0.00193611
0.00165814
0.00139184
0.00116752
0.000993732
0.000827903
0.000773963
0.000735153
0.000715576
0.000669704
0.000597885
0.000495214
0.0003628
0.000198375
4.4453e-05
0.0028527
0.00305667
0.00320072
0.00324288
0.00319119
0.00307868
0.00294426
0.00279273
0.00261019
0.00238016
0.00210107
0.001792
0.00148535
0.00122024
0.00101187
0.000788826
0.000660715
0.000640191
0.000600809
0.000568053
0.000510955
0.000423032
0.000309024
0.000186759
4.27714e-05
0.00300046
0.00319921
0.00336368
0.00342377
0.00338669
0.00328407
0.00314607
0.00299723
0.002821
0.00259509
0.00231167
0.00198468
0.0016443
0.00133498
0.00108201
0.000884422
0.000616388
0.000503284
0.00049476
0.000478475
0.000433378
0.000358897
0.00023996
0.000147515
5.78368e-05
0.00313013
0.00332202
0.0034799
0.00357912
0.00356059
0.00346936
0.00334207
0.00320459
0.00304518
0.0028371
0.00256708
0.00224201
0.00188459
0.00153899
0.00123429
0.000984052
0.000786015
0.00051778
0.000390003
0.0003367
0.000331953
0.00029234
0.000246792
0.000196867
0.000126398
0.00324064
0.00343692
0.00360261
0.00370756
0.00370901
0.00363642
0.00353086
0.00340929
0.00327594
0.00298815
0.00274333
0.00256155
0.00221586
0.00185794
0.00151321
0.00120306
0.000938996
0.000727953
0.000560167
0.000395389
0.000322176
0.0002909
0.000279491
0.000256266
0.000202591
0.00333145
0.00351843
0.00369708
0.00380655
0.0038299
0.0037805
0.00369671
0.00360414
0.00350276
0.00325358
0.00295984
0.00273042
0.0025549
0.00229439
0.00194838
0.00160453
0.00127897
0.000990211
0.000753272
0.000578549
0.000465155
0.000403223
0.000378366
0.000371635
0.000380279
0.0034031
0.0035766
0.00375407
0.00387457
0.00392056
0.00389811
0.00383791
0.00377494
0.00371212
0.0036351
0.00340084
0.00314283
0.00291959
0.00271422
0.00250459
0.00218565
0.00185132
0.00152287
0.00122041
0.000965522
0.000775979
0.000657369
0.000600943
0.000584366
0.000590264
0.00345725
0.00361291
0.00378436
0.00391299
0.00397867
0.0039838
0.00394951
0.00391184
0.00388569
0.00385848
0.00381471
0.00373062
0.0035184
0.00329316
0.00305401
0.00278368
0.00248413
0.00216894
0.00185421
0.00155377
0.00128575
0.00104879
0.000855105
0.000737311
0.000669917
0.00349658
0.00363019
0.00379031
0.00392251
0.00400346
0.00403431
0.00402887
0.00401247
0.00401225
0.00402621
0.00404134
0.00403547
0.00398469
0.00388299
0.00374159
0.00357078
0.00328253
0.00293935
0.00257299
0.00221923
0.00190462
0.00163354
0.0014069
0.00124919
0.0011703
0.00352466
0.00363267
0.00377591
0.00390602
0.00399802
0.00404866
0.00406922
0.00407719
0.00409322
0.00413049
0.00418691
0.00424351
0.00427256
0.00426164
0.0042145
0.00413825
0.00403963
0.00386127
0.00352987
0.00319566
0.00289595
0.00263553
0.00241075
0.00223717
0.00213233
0.00354554
0.00362572
0.0037468
0.00386837
0.00396547
0.00403082
0.0040707
0.00409976
0.0041331
0.00418198
0.00425438
0.00434377
0.00442858
0.00448947
0.00452107
0.00452487
0.0045045
0.0044644
0.00432278
0.00407986
0.00385903
0.00366711
0.00349684
0.00334707
0.00323564
0.00356315
0.00361533
0.00371013
0.00381651
0.00391159
0.00398546
0.00403973
0.00408387
0.00413029
0.00418933
0.00426766
0.00436503
0.00447111
0.00457283
0.00466043
0.00472638
0.00476633
0.0047838
0.00467987
0.00455212
0.00444371
0.00434781
0.00425687
0.00416876
0.00408727
0.00358043
0.00360726
0.0036738
0.00375922
0.00384472
0.00391958
0.00398191
0.00403665
0.00409237
0.00415781
0.00423905
0.00433798
0.00445029
0.00456674
0.00467767
0.00477525
0.00475508
0.00468485
0.00462678
0.0045896
0.0045672
0.00455214
0.00453944
0.00452422
0.00450489
0.00359835
0.00360565
0.00364521
0.00370615
0.0037753
0.00384316
0.00390595
0.00396518
0.00402567
0.00409371
0.00417513
0.00427257
0.00438431
0.00450377
0.00462178
0.00456385
0.0044667
0.00439755
0.00436114
0.00435102
0.00436112
0.00438758
0.00444368
0.00445895
0.00449148
0.00361504
0.00361158
0.00362935
0.00366592
0.00371444
0.00376829
0.00382359
0.00387975
0.00393903
0.00400545
0.0040831
0.00417464
0.00427978
0.00439405
0.00442718
0.00428436
0.00416974
0.00409342
0.00405083
0.00403124
0.00403581
0.00406185
0.0041031
0.00415497
0.0042115
0.00362531
0.00362186
0.0036267
0.00364353
0.00367121
0.00370684
0.00374798
0.00379387
0.00384538
0.00390458
0.00397392
0.00405535
0.00414903
0.00425195
0.00423841
0.00404911
0.00390529
0.00380443
0.00373858
0.00370407
0.00369635
0.0037104
0.00374119
0.00378506
0.00383703
0.00362078
0.00362856
0.00363181
0.00363762
0.00364901
0.00366668
0.00369083
0.00372159
0.00375956
0.00380589
0.00386193
0.00392887
0.00400697
0.0040946
0.0041868
0.00395027
0.00376006
0.003628
0.0035349
0.00347244
0.0034369
0.00342469
0.00343186
0.00345405
0.00348853
0.00359075
0.00361971
0.00363303
0.0036388
0.00364241
0.00364776
0.00365716
0.00367215
0.003694
0.00372385
0.00376273
0.00381142
0.00387018
0.0039383
0.00401332
0.00403295
0.00379064
0.00360602
0.00347481
0.00338114
0.00331495
0.00327213
0.00324985
0.0032447
0.00325378
0.00352353
0.00358076
0.00361352
0.00362993
0.00363678
0.00363912
0.00364072
0.00364442
0.00365236
0.00366625
0.00368735
0.00371656
0.0037543
0.00380045
0.00385413
0.00391315
0.00397385
0.00379353
0.00360334
0.00346276
0.00335969
0.00328449
0.00323171
0.00319714
0.00317788
0.00340803
0.00349569
0.00355396
0.00359004
0.00361024
0.00361985
0.00362321
0.00362385
0.0036246
0.00362773
0.00363495
0.00364754
0.0036663
0.0036916
0.00372337
0.00376104
0.00380339
0.00384824
0.00389385
0.003766
0.00361002
0.00349085
0.00340218
0.0033365
0.00328933
0.00323367
0.00335101
0.00343731
0.00349817
0.00353888
0.00356424
0.00357848
0.00358525
0.00358761
0.00358815
0.00358893
0.00359159
0.00359732
0.00360695
0.00362093
0.00363942
0.00366227
0.00368898
0.00371881
0.0037504
0.00378291
0.00381566
0.00377365
0.00367033
0.00359041
0.00299716
0.00313972
0.00325231
0.00333876
0.00340306
0.0034491
0.00348052
0.00350067
0.00351251
0.0035186
0.00352117
0.00352201
0.00352261
0.00352408
0.00352727
0.00353276
0.00354089
0.0035518
0.00356547
0.00358165
0.00360001
0.00362017
0.00364142
0.00366316
0.00368503
0.00270443
0.00286435
0.00299748
0.00310597
0.00319238
0.00325952
0.00331021
0.00334721
0.00337313
0.00339031
0.00340085
0.0034066
0.0034091
0.00340962
0.00340922
0.00340871
0.00340871
0.00340967
0.00341192
0.00341564
0.0034209
0.00342768
0.00343587
0.0034453
0.00345574
0.00237285
0.00253889
0.00268274
0.00280509
0.00290724
0.00299089
0.00305799
0.0031106
0.00315076
0.00318043
0.00320145
0.00321549
0.003224
0.00322828
0.00322941
0.00322831
0.00322572
0.00322227
0.00321842
0.00321458
0.00321101
0.00320794
0.00320549
0.00320375
0.0032028
0.00203102
0.00218829
0.0023286
0.00245154
0.00255755
0.00264752
0.00272253
0.00278386
0.00283291
0.00287115
0.00289999
0.00292077
0.00293476
0.00294311
0.00294681
0.00294676
0.00294373
0.00293838
0.00293126
0.00292284
0.0029135
0.00290357
0.0028933
0.00288292
0.00287268
0.00156872
0.00170878
0.00185623
0.00201462
0.00213809
0.002218
0.00228535
0.00234099
0.00238586
0.00242094
0.00244725
0.00246581
0.00247758
0.00248348
0.00248437
0.00248103
0.00247415
0.00246436
0.0024522
0.00243815
0.00242263
0.002406
0.00238856
0.0023706
0.00235245
0.00118566
0.00130327
0.00140471
0.0014607
0.00150841
0.00154783
0.00157939
0.00160363
0.00162113
0.0016325
0.00163839
0.00163943
0.00163624
0.00162942
0.00161952
0.00160706
0.00159252
0.00157631
0.00155882
0.00154036
0.00152124
0.00150169
0.00148193
0.00146214
0.00144254
0.000278611
0.000284364
0.000289272
0.000293297
0.000296541
0.000299073
0.00030095
0.000302226
0.000302954
0.000303184
0.000302965
0.000302344
0.000301369
0.000300084
0.000298529
0.000296745
0.000294768
0.00029263
0.000290362
0.000287993
0.000285546
0.000283043
0.000280504
0.000277943
0.000275378
4.42736e-05
6.33554e-05
4.269e-05
0.000132068
9.53839e-05
0.000210683
0.000200597
0.000288052
0.000352048
0.000407243
0.00046183
0.000384797
0.000483659
0.000459182
0.000515797
0.000654907
0.000697283
0.000805559
0.00117098
0.00123131
0.00133049
0.00209255
0.0021028
0.00214536
0.00316169
0.00312387
0.00311869
0.00402453
0.00398482
0.00396725
0.00448433
0.00447064
0.00446574
0.00451974
0.00454222
0.00456569
0.00426473
0.00431312
0.00436003
0.0038808
0.00394493
0.00400957
0.00352878
0.00357355
0.00359993
0.00327072
0.00329602
0.00332824
0.00316945
0.00317177
0.00318213
0.00325601
0.0032351
0.00322299
0.003532
0.00348989
0.00345815
0.00370467
0.00372422
0.00374394
0.00346572
0.00347632
0.00348753
0.00320239
0.00320266
0.00320348
0.00286351
0.00285472
0.00284609
0.00233608
0.00231988
0.00230368
0.00142531
0.00140843
0.00139181
0.000273127
0.000270894
0.000268681
2.61788e-05
4.33852e-05
5.4958e-05
5.49444e-05
6.9917e-05
7.53877e-05
8.01148e-05
8.43005e-05
8.8072e-05
9.15124e-05
9.46793e-05
9.76152e-05
0.000100353
0.000102919
0.000105335
0.000107619
0.000109787
0.000111853
0.000113831
0.00011573
0.000117562
0.000119336
0.000121062
0.000122747
0.000124401
0.000126031
0.000127644
0.00012925
0.000130854
0.000132465
0.000134091
0.000135739
0.000137419
0.000139139
0.000140909
0.00014274
0.000144646
0.000146641
0.000148743
0.000150973
0.000153345
0.000155791
0.000158311
0.000160904
0.000163571
0.000166315
0.000169139
0.000172043
0.000175027
0.000178092
0.000181234
0.000184448
0.000187729
0.000191067
0.000194446
0.000197849
0.000201249
0.000204608
0.000207879
0.000210994
0.000213863
0.000216365
0.000218339
0.000219586
0.000219916
0.000219187
0.000217388
0.000214483
0.000210372
0.000204776
0.000197594
0.000188461
0.000177477
0.000165001
0.000151513
0.000138801
0.000126085
0.000112677
9.72912e-05
6.57382e-05
4.29352e-05
0.000123633
0.000141857
0.000159928
0.00018318
0.000210454
0.000239924
0.000270867
0.000302613
0.000334613
0.000366425
0.000397717
0.000428253
0.000457877
0.000486496
0.000514059
0.000540553
0.000565988
0.000590392
0.000613807
0.000636285
0.000657886
0.000678672
0.000698712
0.000718076
0.000736832
0.000755051
0.000772801
0.000790147
0.000807149
0.000823863
0.000840338
0.000856616
0.000872724
0.000888679
0.000904479
0.000920102
0.000935509
0.000950541
0.000965081
0.000979294
0.000994868
0.00101115
0.00102806
0.00104562
0.00106383
0.00108271
0.00110228
0.00112252
0.00114342
0.00116495
0.00118703
0.00120959
0.00123249
0.00125557
0.00127859
0.00130124
0.00132314
0.00134374
0.00136237
0.00137814
0.00138983
0.00139585
0.0013942
0.00138354
0.00136614
0.00134166
0.00130935
0.00126814
0.00121432
0.00114974
0.00107057
0.00098079
0.000878586
0.000743223
0.000570775
0.000414375
0.000294984
0.000209015
7.03553e-05
5.25017e-05
0.000183196
0.000221429
0.000261061
0.00031185
0.000371682
0.00043769
0.000507558
0.00057934
0.000651519
0.000722968
0.00079291
0.000860836
0.000926441
0.000989557
0.00105011
0.00110811
0.00116358
0.0012166
0.00126724
0.00131563
0.00136186
0.00140605
0.00144832
0.00148879
0.00152758
0.0015648
0.00160055
0.00163496
0.00166812
0.00170012
0.00173105
0.001761
0.00179002
0.00181817
0.00184551
0.00187208
0.00189788
0.00192293
0.00194723
0.00197075
0.00199405
0.00201856
0.00204354
0.00206881
0.00209427
0.00211985
0.00214545
0.00217095
0.00219617
0.0022209
0.00224487
0.00226775
0.00228914
0.00230853
0.00232537
0.00233895
0.0023485
0.00235308
0.00235168
0.00234313
0.00232617
0.00229942
0.00222963
0.00204118
0.00188238
0.00176499
0.00168931
0.00166114
0.00169001
0.00170408
0.0015866
0.00146444
0.00133114
0.0011681
0.000934571
0.00067855
0.000455025
0.000283846
7.31321e-05
5.81316e-05
0.000232305
0.00030253
0.000370459
0.000454213
0.000550427
0.000655632
0.000765784
0.000877813
0.000989468
0.00109919
0.00120596
0.00130918
0.0014085
0.00150378
0.00159496
0.00168209
0.00176526
0.00184456
0.00192014
0.00199212
0.00206066
0.0021259
0.00218799
0.00224706
0.00230327
0.00235674
0.00240761
0.00245599
0.002502
0.00254574
0.00258733
0.00262685
0.00266438
0.0027
0.00273379
0.00276579
0.00279605
0.00282459
0.00285143
0.00287656
0.00289993
0.00292271
0.00294525
0.00296691
0.00298743
0.0030066
0.00302418
0.00303993
0.00305353
0.00306462
0.00307276
0.00307745
0.00307811
0.00307407
0.00306458
0.00304883
0.00302594
0.00299495
0.00295494
0.002905
0.00284435
0.0027724
0.0026888
0.00249768
0.0022597
0.0020733
0.00193777
0.00185442
0.00183297
0.00185573
0.00172731
0.00160089
0.00147406
0.0013311
0.00112283
0.00084975
0.000570271
0.000329401
7.24661e-05
6.19409e-05
0.000278868
0.000383935
0.000484523
0.000602924
0.000736101
0.000878751
0.00102607
0.00117433
0.00132093
0.00146417
0.001603
0.00173683
0.00186536
0.00198848
0.00210621
0.00221861
0.0023258
0.00242794
0.00252516
0.00261764
0.00270553
0.00278899
0.00286818
0.00294325
0.00301434
0.00308159
0.00314513
0.00320508
0.00326155
0.00331464
0.00336444
0.00341104
0.00345451
0.00349491
0.0035323
0.00356672
0.00359821
0.00362676
0.0036524
0.00367508
0.00369477
0.00371138
0.00372664
0.00373978
0.00375039
0.00375813
0.00376271
0.0037638
0.00376101
0.00375391
0.00374198
0.00372465
0.00370124
0.00367101
0.00363316
0.00358679
0.003531
0.00346488
0.00338756
0.00329831
0.00319661
0.00308226
0.00295545
0.00281697
0.00266797
0.00251102
0.00234974
0.00216624
0.00202531
0.00187816
0.00173533
0.00160371
0.00148383
0.00136507
0.00120433
0.000947819
0.000645503
0.000354036
7.02865e-05
6.46091e-05
0.000318585
0.000464576
0.000599867
0.000752628
0.000920223
0.00109661
0.00127644
0.00145582
0.00163213
0.0018037
0.00196958
0.00212924
0.00228245
0.00242918
0.00256948
0.00270345
0.00283123
0.00295299
0.0030689
0.0031791
0.00328379
0.0033831
0.00347721
0.00356625
0.00365038
0.00372971
0.00380438
0.00387449
0.00394014
0.00400141
0.00405839
0.00411113
0.0041597
0.00420413
0.00424445
0.0042807
0.00431287
0.00434098
0.00436501
0.00438492
0.00440069
0.00441224
0.00441987
0.00442471
0.00442596
0.00442321
0.0044161
0.00440428
0.00438735
0.00436484
0.00433623
0.00430088
0.00425807
0.00420701
0.0041468
0.00407646
0.00399498
0.00390132
0.00379452
0.00367375
0.00353842
0.00338834
0.00322386
0.00304607
0.00285717
0.00266068
0.00246126
0.00226421
0.0020748
0.00189738
0.00173473
0.0015886
0.00146003
0.00134479
0.00121434
0.00100361
0.000702162
0.000371604
6.74387e-05
6.66795e-05
0.000354544
0.000543399
0.000713683
0.000898835
0.00109729
0.00130292
0.00151037
0.00171586
0.00191692
0.00211204
0.00230041
0.00248161
0.0026555
0.00282209
0.00298147
0.00313379
0.00327919
0.00341783
0.0035499
0.00367554
0.00379493
0.00390821
0.00401554
0.00411706
0.00421291
0.00430321
0.00438807
0.00446759
0.00454185
0.00461094
0.00467491
0.00473382
0.00478769
0.00483655
0.00488042
0.0049193
0.00495319
0.00498208
0.00500594
0.00502475
0.00503845
0.00504696
0.00505019
0.00504954
0.0050445
0.00503467
0.00501971
0.00499926
0.00497295
0.00494031
0.00490081
0.00485381
0.00479857
0.0047342
0.00465973
0.00457404
0.00447591
0.00436409
0.0042373
0.00409436
0.00393432
0.00375663
0.00356134
0.00334946
0.00312325
0.00288657
0.00264506
0.00240563
0.00217575
0.00196209
0.00176884
0.00159608
0.00144554
0.00131648
0.00119253
0.00101974
0.000732543
0.000378696
6.56977e-05
6.84991e-05
0.000387789
0.000619912
0.000824317
0.00103905
0.00126437
0.00149472
0.00172513
0.00195211
0.00217346
0.0023879
0.00259477
0.00279377
0.00298486
0.00316809
0.00334358
0.00351148
0.00367196
0.00382516
0.00397126
0.0041104
0.00424275
0.00436844
0.00448763
0.00460045
0.00470702
0.00480747
0.00490189
0.00499039
0.00507305
0.00514992
0.00522106
0.00528652
0.0053463
0.00540043
0.00544892
0.00549174
0.00552889
0.00556035
0.0055861
0.0056061
0.00562032
0.0056287
0.0056312
0.00562798
0.00562008
0.00560694
0.0055882
0.00556353
0.0055326
0.00549498
0.00545015
0.00539751
0.00533631
0.00526563
0.00518441
0.00509143
0.00498526
0.00486437
0.00472709
0.00457175
0.00439679
0.00420092
0.00398347
0.00374464
0.00348602
0.00321094
0.00292513
0.00263688
0.0023558
0.00209134
0.00184961
0.00163649
0.00145365
0.00129817
0.00115063
0.000950109
0.000703497
0.000383846
6.50226e-05
7.02922e-05
0.00041954
0.000694466
0.000931427
0.00117255
0.0014207
0.00167145
0.00192046
0.00216473
0.00240239
0.0026324
0.00285429
0.00306787
0.00327315
0.00347023
0.00365925
0.00384035
0.00401369
0.00417942
0.00433768
0.00448862
0.00463239
0.00476912
0.00489895
0.00502201
0.00513842
0.0052483
0.00535175
0.00544885
0.0055397
0.00562434
0.00570283
0.00577521
0.00584148
0.00590167
0.00595575
0.00600372
0.00604555
0.00608122
0.00611069
0.00613392
0.00615088
0.00616151
0.00616573
0.00616342
0.00615578
0.0061425
0.00612333
0.00609799
0.00606621
0.00602763
0.00598181
0.00592818
0.00586603
0.0057945
0.00571251
0.00561877
0.00551176
0.0053897
0.0052506
0.0050923
0.00491255
0.0047092
0.00448043
0.00422514
0.00394346
0.00363749
0.00331139
0.00297352
0.00263407
0.00230434
0.00199783
0.00172638
0.0014951
0.00130112
0.00108634
0.000917975
0.000698242
0.000402999
6.58721e-05
7.22468e-05
0.000451394
0.00076839
0.001036
0.00130022
0.00156723
0.00183423
0.00209781
0.00235552
0.00260589
0.00284816
0.00308199
0.00330729
0.00352413
0.0037326
0.00393284
0.00412499
0.0043092
0.00448558
0.00465428
0.00481542
0.00496915
0.00511559
0.00525487
0.00538711
0.00551245
0.00563098
0.00574282
0.00584805
0.00594674
0.00603898
0.00612479
0.00620422
0.00627728
0.00634398
0.00640431
0.00645824
0.00650575
0.00654679
0.00658132
0.00660929
0.00663067
0.00664537
0.00665332
0.0066544
0.00664916
0.00663802
0.00662077
0.00659724
0.00656721
0.00653042
0.00648651
0.00643504
0.00637538
0.00630676
0.0062282
0.00613843
0.00603595
0.00591892
0.00578516
0.00563219
0.00545723
0.00525734
0.00502955
0.00477123
0.00448052
0.0041571
0.00380322
0.0034242
0.00302871
0.00263054
0.00224668
0.00189549
0.00159147
0.00133932
0.00109632
0.000880778
0.000701626
0.000443068
6.93528e-05
7.46564e-05
0.000485759
0.000844082
0.00114037
0.00142445
0.00170642
0.00198568
0.00225998
0.00252755
0.00278735
0.00303884
0.00328181
0.00351624
0.0037422
0.00395979
0.00416911
0.00437028
0.00456342
0.00474864
0.00492605
0.00509579
0.00525797
0.00541272
0.00556017
0.00570044
0.00583366
0.00595992
0.00607935
0.00619202
0.00629801
0.00639739
0.00649021
0.0065765
0.00665629
0.00672957
0.00679634
0.00685658
0.00691025
0.00695728
0.00699764
0.00703126
0.00705806
0.00707798
0.00709093
0.00709681
0.00709552
0.00708804
0.00707424
0.00705404
0.00702734
0.00699398
0.00695372
0.00690625
0.00685109
0.00678764
0.00671504
0.00663223
0.0065378
0.00643001
0.00630674
0.00616543
0.00600305
0.0058162
0.00560108
0.00535379
0.00507056
0.00474852
0.00438615
0.00398491
0.0035503
0.00309328
0.00263074
0.00218523
0.0017817
0.00143889
0.0011615
0.000882131
0.000695883
0.000487247
7.65033e-05
7.78044e-05
0.000524893
0.00087765
0.00122964
0.00154941
0.00184235
0.00212982
0.00241107
0.00268507
0.00295116
0.003209
0.00345846
0.00369954
0.00393227
0.00415673
0.00437297
0.00458109
0.00478117
0.0049733
0.0051576
0.00533418
0.00550317
0.00566468
0.00581885
0.0059658
0.00610566
0.00623854
0.00636453
0.00648372
0.0065962
0.00670201
0.00680122
0.00689386
0.00697995
0.0070595
0.0071325
0.00719893
0.00725877
0.00731194
0.00735837
0.00739798
0.00743067
0.00745633
0.00747486
0.0074861
0.00748991
0.00748701
0.00747751
0.00746148
0.00743892
0.0074098
0.00737402
0.00733142
0.00728171
0.00722447
0.00715906
0.00708465
0.00700008
0.00690385
0.00679407
0.00666834
0.00652376
0.00635684
0.0061635
0.00593913
0.00567871
0.00537713
0.00502983
0.00463357
0.00418807
0.00369801
0.00317526
0.00264059
0.0021231
0.00165584
0.00126606
0.000959069
0.000670726
0.000484719
8.70703e-05
8.24047e-05
0.000501455
0.000815675
0.00117941
0.00163058
0.00198128
0.0022722
0.0025565
0.0028335
0.00310277
0.00336409
0.00361735
0.00386251
0.00409954
0.00432846
0.00454929
0.00476207
0.00496687
0.00516376
0.00535286
0.00553428
0.00570815
0.00587462
0.0060338
0.00618585
0.00633088
0.006469
0.0066003
0.00672487
0.00684278
0.00695409
0.00705882
0.00715701
0.00724869
0.00733386
0.00741252
0.00748467
0.00755029
0.00760934
0.00766173
0.00770731
0.00774593
0.00777745
0.00780174
0.00781864
0.00782798
0.00783003
0.00782521
0.00781368
0.00779556
0.00777096
0.00773991
0.0077024
0.00765834
0.00760752
0.00754955
0.00748387
0.00740963
0.00732566
0.00723043
0.00712191
0.00699756
0.00685421
0.00668802
0.00649437
0.00626788
0.00600244
0.00569145
0.00532827
0.00490714
0.00442485
0.00388331
0.00329328
0.0026779
0.00207374
0.00152677
0.00107579
0.00072825
0.000457604
0.000104987
8.85604e-05
0.000323947
0.000693916
0.00106554
0.00152736
0.00212836
0.00241928
0.00270269
0.00297919
0.00324845
0.00351024
0.00376438
0.00401076
0.00424927
0.00447987
0.00470252
0.00491725
0.0051241
0.00532317
0.00551456
0.00569842
0.0058749
0.00604415
0.00620634
0.0063616
0.00651006
0.00665184
0.006787
0.00691562
0.00703774
0.00715339
0.0072626
0.00736539
0.00746175
0.0075517
0.00763522
0.00771232
0.00778307
0.00784603
0.00790551
0.00795684
0.00800119
0.0080384
0.00806834
0.00809084
0.00810573
0.00811285
0.00811279
0.00810582
0.00809218
0.00807206
0.00804565
0.0080131
0.00797448
0.00792981
0.00787894
0.0078216
0.00775727
0.00768514
0.00760408
0.00751254
0.00740849
0.00728935
0.00715185
0.00699198
0.00680481
0.00658448
0.00632413
0.00601598
0.00565153
0.00522226
0.00472087
0.00414398
0.00349667
0.00279924
0.0020932
0.00143995
0.000899107
0.000498434
0.000210025
0.000158238
0.000366538
0.000637578
0.000977374
0.00141769
0.00199387
0.00257782
0.00285609
0.00312869
0.0033947
0.00365368
0.00390536
0.00414953
0.00438606
0.00461485
0.00483588
0.00504916
0.00525475
0.00545276
0.00564336
0.00582672
0.00600304
0.00617251
0.00633533
0.00649164
0.00664159
0.00678526
0.00692271
0.00705395
0.00717899
0.00729782
0.00741044
0.00751681
0.00761691
0.00771074
0.00779824
0.00786379
0.00791073
0.00797206
0.00805141
0.00814382
0.00819354
0.00823613
0.00827143
0.00829926
0.00831941
0.00833166
0.00833636
0.00833391
0.00832465
0.00830889
0.00828694
0.00825907
0.00822554
0.00818654
0.00814219
0.00809247
0.00803718
0.00797584
0.00790773
0.00783175
0.00774645
0.00764989
0.00753959
0.0074124
0.00726438
0.00709072
0.00688561
0.00664224
0.00635277
0.00600839
0.00559959
0.0051169
0.00455258
0.00390403
0.0031805
0.00241463
0.00167227
0.00103882
0.000582754
0.000303312
0.000446573
0.000663105
0.000982801
0.00137286
0.00189152
0.0025508
0.00302136
0.00328723
0.00354685
0.00379938
0.00404454
0.00428218
0.00451226
0.00473474
0.00494967
0.00515713
0.00535724
0.00555018
0.00573619
0.00591552
0.00608841
0.00625513
0.00641593
0.00657098
0.0067204
0.00686425
0.0070025
0.00713508
0.00726191
0.00738291
0.00749801
0.00760714
0.00771022
0.00780718
0.00787768
0.00792219
0.00797604
0.00804217
0.00812046
0.00821249
0.00831372
0.00836737
0.00840774
0.00844062
0.0084658
0.00848304
0.00849244
0.00849445
0.00848951
0.00847803
0.00846039
0.00843701
0.00840826
0.00837451
0.00833609
0.00829325
0.00824605
0.0081943
0.0081376
0.00807525
0.00800631
0.00792946
0.00784297
0.00774464
0.00763162
0.00750034
0.00734648
0.00716508
0.00695052
0.00669665
0.00639706
0.0060457
0.00563804
0.00517304
0.0046561
0.00410294
0.00354025
0.00300714
0.00256002
0.000333997
0.000545751
0.000760029
0.00105501
0.001396
0.00184145
0.00240297
0.00308353
0.00345695
0.00370692
0.00394846
0.00418176
0.00440713
0.00462478
0.00483499
0.00503806
0.00523423
0.00542366
0.00560671
0.00578371
0.00595501
0.00612092
0.0062818
0.00643796
0.00658961
0.00673684
0.00687959
0.00701771
0.0071509
0.0072789
0.00740156
0.00751872
0.00763021
0.00773592
0.00780778
0.00785549
0.00790801
0.00796815
0.00803752
0.00811752
0.00820698
0.00830666
0.00841244
0.0084738
0.00851156
0.00854162
0.00856371
0.00857778
0.0085843
0.00858376
0.00857663
0.00856337
0.00854448
0.00852043
0.00849167
0.00845878
0.0084223
0.00838246
0.00833928
0.00829253
0.00824184
0.0081867
0.0081263
0.00805949
0.00798499
0.00790092
0.00780473
0.00769338
0.00756347
0.00741146
0.00723366
0.00702655
0.00678746
0.00651533
0.00621166
0.00588069
0.00553329
0.00501135
0.00421034
0.00377514
0.000462587
0.000677787
0.000901125
0.00115988
0.001464
0.00183838
0.00229495
0.00286666
0.00352068
0.00387043
0.00409359
0.00430714
0.00451228
0.00470955
0.00489985
0.00508405
0.00526266
0.0054356
0.00560362
0.0057672
0.00592673
0.00608255
0.00623504
0.00638469
0.00653174
0.0066762
0.00681777
0.00695592
0.00709006
0.00721966
0.0073444
0.00746409
0.00757836
0.00762924
0.00768216
0.00773953
0.00779919
0.00786338
0.00793593
0.00801858
0.00811006
0.00820737
0.00831061
0.00842002
0.00850925
0.00854414
0.00857103
0.00858983
0.00860102
0.00860509
0.00860252
0.00859385
0.00857961
0.0085604
0.00853683
0.00850958
0.00847935
0.00844659
0.00841131
0.0083733
0.00833255
0.00828892
0.00824197
0.00819071
0.00813492
0.00807352
0.0080046
0.00792593
0.00783504
0.00772986
0.00760815
0.00746786
0.00730769
0.00712814
0.00693288
0.00657838
0.00605702
0.00552739
0.00504948
0.00470431
0.000664331
0.000868083
0.00108189
0.00131366
0.00158747
0.00190671
0.00228469
0.00275178
0.00332519
0.00392685
0.0042098
0.00439179
0.00456671
0.00473376
0.00489519
0.00505255
0.00520679
0.00535841
0.00550783
0.00565542
0.00580151
0.00594643
0.00609053
0.00623419
0.0063774
0.00652078
0.0066634
0.00680408
0.00694149
0.00707458
0.00720301
0.00727311
0.00732885
0.00738936
0.00745197
0.00751519
0.00758005
0.00764945
0.00772595
0.00781091
0.00790419
0.0080038
0.00810674
0.00821264
0.00832406
0.00844019
0.0085045
0.00852832
0.00854457
0.00855372
0.00855626
0.00855271
0.00854365
0.00852972
0.00851161
0.00849012
0.00846623
0.00844032
0.00841204
0.00838149
0.00834897
0.00831461
0.00827838
0.00823998
0.00819906
0.00815488
0.00810623
0.00805144
0.00798809
0.00791555
0.00783215
0.00773632
0.00754262
0.00719643
0.00684974
0.00650331
0.00614803
0.00579353
0.00548613
0.0052749
0.000963183
0.00114693
0.00134429
0.00156343
0.00181612
0.00210454
0.00243989
0.00284035
0.00332453
0.00386606
0.00423891
0.0043771
0.00451115
0.00464244
0.00477237
0.00490216
0.00503258
0.00516405
0.00529627
0.0054294
0.0055636
0.00569907
0.00583619
0.00597546
0.00611884
0.00626539
0.00641364
0.00656146
0.00670591
0.00681371
0.0068697
0.00692983
0.00699461
0.00706147
0.0071285
0.00719667
0.00726703
0.00734113
0.00742071
0.00750696
0.00760011
0.00769937
0.00780316
0.00790969
0.00801786
0.0081283
0.00824348
0.00836184
0.00841883
0.00843379
0.00844221
0.00844465
0.00844163
0.00843379
0.0084218
0.00840649
0.00838859
0.00836871
0.0083465
0.0083225
0.00829703
0.00827034
0.00824253
0.00821357
0.00818325
0.00815111
0.00811635
0.00807788
0.00803427
0.0079842
0.00780296
0.00752176
0.00724245
0.00697505
0.0067158
0.00646143
0.00620993
0.00597085
0.00577457
0.00564766
0.00145556
0.00160986
0.00179079
0.00200094
0.00223803
0.0025041
0.00280499
0.00314693
0.00354329
0.00397374
0.00418353
0.00428529
0.00438838
0.00449388
0.00460232
0.00471384
0.00482839
0.00494597
0.00506612
0.00518869
0.00531363
0.00544102
0.00557122
0.00570423
0.00584119
0.00598095
0.00612292
0.0062662
0.00637466
0.00643436
0.00649482
0.00655909
0.00662508
0.00669277
0.00676188
0.00683248
0.006905
0.00698044
0.00706003
0.00714478
0.00723499
0.00733026
0.0074298
0.00753287
0.00763871
0.00774604
0.00785467
0.0079638
0.00807459
0.00818834
0.00826743
0.00827674
0.00828056
0.00827958
0.00827438
0.0082655
0.00825344
0.00823842
0.00822104
0.00820266
0.00818326
0.00816304
0.00814207
0.00812035
0.00809776
0.00807399
0.00804847
0.00802038
0.00794248
0.00773202
0.00750266
0.00727135
0.00704476
0.0068279
0.00661882
0.00641889
0.00623276
0.00607132
0.00595092
0.00588242
0.00222206
0.00233944
0.00249083
0.00266912
0.00286861
0.00308864
0.00332893
0.00358995
0.00387666
0.00412167
0.00419496
0.00427012
0.00434911
0.00443274
0.00452121
0.00461446
0.00471229
0.00481439
0.00492063
0.00503071
0.0051444
0.00526139
0.00538155
0.00550409
0.00562746
0.00575174
0.0058768
0.00597549
0.0060356
0.00609546
0.0061564
0.00621749
0.00628015
0.00634474
0.00641082
0.0064784
0.00654793
0.00662008
0.00669555
0.00677503
0.00685881
0.00694673
0.00703826
0.00713288
0.00723023
0.00732999
0.00743111
0.00753219
0.00763313
0.00773346
0.00783262
0.00793233
0.00803017
0.00806963
0.00807171
0.00806985
0.00806441
0.00805534
0.00804391
0.00803067
0.008016
0.00800097
0.00798544
0.00796929
0.00795243
0.00793453
0.00791507
0.00778451
0.00762808
0.00745457
0.00726879
0.00707702
0.00688497
0.0067005
0.00652824
0.00637061
0.00623178
0.00611994
0.00604518
0.00601226
0.00315229
0.00322422
0.00332459
0.00344384
0.00357657
0.00372216
0.00387847
0.00404814
0.00421847
0.0042586
0.00430167
0.00434956
0.00440339
0.00446359
0.00453014
0.00460286
0.00468147
0.00476567
0.00485515
0.00494953
0.00504848
0.0051514
0.00525751
0.0053662
0.00547661
0.00558797
0.00566586
0.00571968
0.00577548
0.00583171
0.00588659
0.00594152
0.0059977
0.00605522
0.00611421
0.00617488
0.00623751
0.00630242
0.00637016
0.00644138
0.00651618
0.0065944
0.00667571
0.0067597
0.00684603
0.00693409
0.00702281
0.00711156
0.00719992
0.00728733
0.00737302
0.00745709
0.00753859
0.00761589
0.00768726
0.00775349
0.00781114
0.00782461
0.00782056
0.0078135
0.00780453
0.0077941
0.00778244
0.00777016
0.0077193
0.00764273
0.00755501
0.00745227
0.00733136
0.0071932
0.00704019
0.00688118
0.00672404
0.00657451
0.00643656
0.00631334
0.00620932
0.00613126
0.00608631
0.00607704
0.00397534
0.00400552
0.00405381
0.00411577
0.00418439
0.00425612
0.00433487
0.00442528
0.00446664
0.0044799
0.00449826
0.00452272
0.00455391
0.00459204
0.00463709
0.00468892
0.00474723
0.00481174
0.0048821
0.0049579
0.00503863
0.00512382
0.00521287
0.00530507
0.00539952
0.00547133
0.00551345
0.00555695
0.00560213
0.0056468
0.00569134
0.00573672
0.00578353
0.00583203
0.00588237
0.00593459
0.00598874
0.00604502
0.00610399
0.00616605
0.00623117
0.00629922
0.00636999
0.00644321
0.00651831
0.00659405
0.00666984
0.00674513
0.00681936
0.00689199
0.00696238
0.0070304
0.00709533
0.00715637
0.0072123
0.00726336
0.00730898
0.00734645
0.00737376
0.00739002
0.00739462
0.0073876
0.00736945
0.00734031
0.00730094
0.00725257
0.0071927
0.00711894
0.00702759
0.00692062
0.00680265
0.00667973
0.00655767
0.00644127
0.0063345
0.00624106
0.00616543
0.00611328
0.00609012
0.00609791
0.00447073
0.00448663
0.00451067
0.00453996
0.004571
0.00460132
0.00463469
0.00468392
0.00474881
0.00474663
0.0047498
0.00475857
0.00477331
0.00479428
0.00482157
0.00485522
0.00489501
0.00494068
0.00499199
0.00504863
0.00511025
0.00517639
0.00524641
0.00531976
0.00537392
0.00540046
0.00542822
0.00545802
0.00548871
0.00552047
0.00555364
0.0055885
0.00562533
0.0056644
0.00570587
0.00574973
0.00579595
0.00584464
0.00589599
0.00594979
0.00600605
0.00606476
0.00612596
0.00618894
0.00625274
0.00631689
0.00638087
0.00644412
0.00650606
0.00656615
0.00662384
0.00667873
0.00673015
0.00677706
0.00681917
0.00685711
0.00689048
0.00691827
0.00693921
0.0069533
0.00696063
0.0069612
0.00695519
0.00694208
0.00692158
0.00689279
0.00685343
0.00680179
0.00673688
0.00665975
0.00657341
0.00648214
0.00639059
0.00630313
0.0062236
0.00615567
0.00610345
0.00607174
0.00606506
0.00608526
0.00459227
0.00462049
0.00464736
0.00467441
0.00470281
0.00473183
0.00476208
0.00479934
0.00485044
0.00491408
0.00498053
0.00500376
0.00500998
0.00502077
0.00503634
0.00505679
0.00508219
0.00511248
0.00514758
0.0051873
0.00523138
0.00527943
0.00529059
0.00530078
0.00531476
0.00533155
0.00534983
0.00536916
0.00539029
0.00541366
0.00543925
0.00546708
0.00549726
0.00552996
0.00556537
0.00560337
0.0056437
0.00568621
0.00573078
0.00577717
0.00582559
0.00587591
0.00592746
0.00597992
0.00603302
0.00608641
0.00613965
0.00619228
0.00624385
0.00629389
0.00634194
0.0063876
0.00643033
0.00646945
0.0065046
0.00653587
0.00656306
0.00658558
0.0066031
0.00661583
0.006624
0.00662767
0.00662681
0.00662085
0.00660898
0.00659046
0.0065643
0.00652901
0.0064837
0.00642869
0.00636612
0.00629938
0.00623211
0.00616795
0.00611036
0.00606273
0.00602872
0.00601239
0.00601749
0.00604594
0.00441127
0.00446547
0.00451581
0.00456129
0.00460449
0.00464797
0.0046909
0.00473307
0.00477887
0.00482863
0.00487838
0.00492553
0.00496827
0.00500583
0.00503868
0.00506737
0.00509207
0.0051129
0.00512996
0.00514361
0.00515515
0.00516606
0.00517713
0.00518895
0.00520249
0.00521799
0.00523507
0.00525376
0.00527433
0.00529684
0.00532124
0.00534751
0.00537569
0.0054058
0.0054378
0.00547152
0.00550681
0.0055436
0.00558184
0.00562133
0.00566171
0.00570292
0.00574498
0.00578779
0.00583118
0.00587488
0.00591859
0.00596199
0.00600477
0.00604661
0.00608717
0.00612613
0.00616309
0.00619752
0.00622907
0.00625759
0.00628297
0.00630488
0.00632306
0.00633739
0.00634788
0.00635457
0.00635741
0.00635611
0.00635015
0.00633892
0.00632166
0.00629744
0.0062657
0.00622679
0.00618215
0.00613406
0.00608535
0.00603904
0.00599807
0.00596556
0.00594477
0.00593913
0.00595181
0.00598484
0.00408099
0.00413173
0.00419488
0.00425779
0.00431739
0.00437375
0.00442759
0.0044806
0.00453414
0.00458766
0.00463924
0.00468776
0.00473198
0.00477183
0.00480787
0.00484041
0.00486962
0.00489568
0.00491896
0.00494005
0.00495998
0.0049794
0.0049991
0.00501903
0.00503972
0.0050613
0.00508358
0.00510655
0.00513032
0.00515498
0.00518055
0.00520706
0.00523451
0.00526294
0.0052923
0.00532244
0.00535333
0.00538485
0.00541681
0.00544936
0.00548257
0.00551646
0.00555105
0.00558632
0.00562217
0.00565842
0.00569489
0.00573137
0.0057677
0.00580367
0.00583909
0.00587374
0.00590728
0.0059393
0.00596948
0.00599765
0.00602368
0.00604736
0.00606838
0.00608638
0.00610111
0.0061125
0.00612046
0.0061247
0.00612482
0.00612031
0.00611063
0.00609525
0.00607389
0.00604693
0.00601543
0.00598105
0.00594598
0.00591277
0.00588404
0.00586244
0.00585077
0.005852
0.00586866
0.0059027
0.00367477
0.00375297
0.00382128
0.00387707
0.00394193
0.00400768
0.00407169
0.00413401
0.00419533
0.0042554
0.00431324
0.00436786
0.00441848
0.00446519
0.00450843
0.00454856
0.00458592
0.00462083
0.00465367
0.00468488
0.004715
0.00474443
0.00477329
0.00480162
0.00482967
0.00485754
0.00488506
0.00491233
0.00493949
0.00496662
0.00499376
0.00502101
0.00504845
0.00507607
0.00510363
0.00513123
0.00515905
0.0051872
0.00521573
0.0052447
0.0052742
0.00530427
0.00533499
0.00536637
0.00539838
0.00543089
0.00546379
0.00549701
0.00553048
0.00556412
0.00559784
0.0056315
0.00566473
0.00569713
0.00572844
0.00575851
0.00578716
0.00581421
0.00583926
0.00586191
0.00588158
0.00589804
0.00591116
0.00592062
0.00592603
0.00592699
0.00592314
0.00591417
0.00590008
0.00588133
0.00585883
0.00583394
0.0058083
0.00578407
0.00576352
0.00574891
0.00574259
0.00574706
0.00576391
0.00579639
0.0033714
0.00342096
0.00347537
0.00353182
0.00359905
0.00365949
0.00371695
0.00377768
0.00383951
0.00390091
0.0039608
0.00401861
0.004074
0.00412678
0.00417695
0.00422456
0.00426972
0.00431264
0.00435361
0.00439288
0.00443074
0.00446745
0.00450313
0.00453786
0.00457176
0.00460491
0.00463734
0.00466902
0.00469998
0.00473029
0.00475998
0.00478921
0.00481825
0.00484725
0.00487612
0.00490482
0.00493352
0.00496238
0.00499152
0.00502102
0.00505098
0.00508147
0.00511261
0.00514447
0.005177
0.00521006
0.0052436
0.00527768
0.00531224
0.00534724
0.00538268
0.00541842
0.00545418
0.00548936
0.00552353
0.0055565
0.00558793
0.00561751
0.00564496
0.00566977
0.00569148
0.00570978
0.00572449
0.00573549
0.00574261
0.00574568
0.00574451
0.00573897
0.00572911
0.00571543
0.00569878
0.00568014
0.00566078
0.0056424
0.0056269
0.0056161
0.0056117
0.00561577
0.00563094
0.0056642
0.00320392
0.00323376
0.00326912
0.00330881
0.00335278
0.00340043
0.00344711
0.00350344
0.00355777
0.00361169
0.00366543
0.00371912
0.00377268
0.00382512
0.00387618
0.0039258
0.00397381
0.00402023
0.00406517
0.00410875
0.00415109
0.00419232
0.0042325
0.0042717
0.00430999
0.00434743
0.00438408
0.00441998
0.00445518
0.00448977
0.0045237
0.00455702
0.00458995
0.0046227
0.00465532
0.00468792
0.00472063
0.00475348
0.00478651
0.00481979
0.00485341
0.00488744
0.00492205
0.0049574
0.00499348
0.00503014
0.0050671
0.00510437
0.00514187
0.00517935
0.0052166
0.00525351
0.00528976
0.00532485
0.00535831
0.00538975
0.00541884
0.00544583
0.00547048
0.00548152
0.00548869
0.00549498
0.00550038
0.0055049
0.00550855
0.0055113
0.00551318
0.00551416
0.00551423
0.00551339
0.00550887
0.00549416
0.00547854
0.00546386
0.00545141
0.0054425
0.00543872
0.00544372
0.0054584
0.00544598
0.00322108
0.00322677
0.0032396
0.00325825
0.00328247
0.00331178
0.00334514
0.00338204
0.00342198
0.00346448
0.00350637
0.00355191
0.00359821
0.00364443
0.00369063
0.00373643
0.00378174
0.00382649
0.00387062
0.00391409
0.00395691
0.00399907
0.00404059
0.00408145
0.00412166
0.00416122
0.00420013
0.00423842
0.00427611
0.00431304
0.00434902
0.00438668
0.0044271
0.00446766
0.00450495
0.00454164
0.00457843
0.00461535
0.00465236
0.00468941
0.00472649
0.00476354
0.00480053
0.00483756
0.00487465
0.00491165
0.00494829
0.00498435
0.00501958
0.00505373
0.00508706
0.00511966
0.00513836
0.00514779
0.00515655
0.00516464
0.00517208
0.00517884
0.0051849
0.00519021
0.00519474
0.00519849
0.00520147
0.00520367
0.00520509
0.00520573
0.00520559
0.00520465
0.00520292
0.00520037
0.00519695
0.00519261
0.0051873
0.00518099
0.00517362
0.00516513
0.00515543
0.00514439
0.00513187
0.00511759
0.00343604
0.00342194
0.00341614
0.0034178
0.0034255
0.0034384
0.00345574
0.00347711
0.00350219
0.00353042
0.00356148
0.00359252
0.0036264
0.00366275
0.00370121
0.00373933
0.00377748
0.00381592
0.00385456
0.00389328
0.003932
0.00397067
0.00400924
0.00404765
0.00408588
0.00412389
0.00416165
0.00419912
0.00423635
0.00427341
0.00431026
0.00434676
0.00438286
0.00441868
0.00445424
0.00448944
0.00452421
0.00455857
0.00459256
0.00462616
0.00465931
0.00469187
0.00472398
0.00475603
0.00477987
0.00478989
0.00479942
0.00480847
0.00481706
0.00482519
0.00483285
0.00484002
0.00484662
0.0048526
0.00485797
0.00486272
0.00486684
0.00487031
0.00487314
0.00487531
0.00487679
0.00487759
0.00487769
0.00487709
0.00487578
0.00487374
0.00487098
0.00486749
0.00486325
0.00485825
0.00485245
0.00484583
0.00483832
0.00482988
0.00482041
0.00480984
0.00479803
0.00478485
0.00477017
0.00475389
0.00376626
0.00376032
0.00373838
0.00372453
0.00371827
0.00371806
0.00372288
0.00373195
0.00374467
0.00376054
0.00377903
0.00379969
0.00382218
0.00384621
0.00387147
0.00389771
0.0039247
0.0039523
0.00398038
0.00400881
0.00403752
0.00406645
0.00409555
0.00412477
0.00415405
0.00418333
0.00421253
0.00424151
0.00427041
0.00429936
0.00431983
0.00433288
0.00434542
0.00435748
0.00436908
0.00438025
0.00439101
0.00440136
0.00441132
0.0044209
0.0044301
0.00443893
0.00444739
0.00445546
0.00446308
0.00447019
0.00447679
0.00448288
0.00448847
0.00449354
0.0044981
0.00450213
0.00450562
0.00450854
0.00451089
0.00451264
0.00451378
0.00451431
0.00451421
0.00451347
0.00451208
0.00451004
0.00450733
0.00450394
0.00449987
0.0044951
0.00448963
0.00448346
0.00447655
0.00446891
0.00446049
0.00445128
0.00444123
0.00443029
0.00441837
0.0044054
0.00439125
0.00437582
0.00435897
0.00434073
0.00350096
0.00351477
0.00352873
0.00354285
0.00355718
0.00357181
0.00358651
0.0036013
0.00361618
0.00363115
0.00364622
0.00366137
0.0036766
0.00369189
0.00370722
0.00372257
0.0037379
0.00375319
0.0037684
0.00378351
0.00379848
0.00381328
0.00382788
0.00384226
0.00385639
0.00387025
0.00388381
0.00389706
0.00390998
0.00392255
0.0039347
0.00394638
0.00395758
0.00396831
0.00397858
0.00398837
0.0039977
0.00400658
0.004015
0.00402296
0.00403048
0.00403754
0.00404415
0.00405029
0.00405596
0.00406114
0.0040658
0.00406995
0.00407356
0.00407663
0.00407914
0.00408109
0.00408246
0.00408325
0.00408344
0.00408302
0.00408198
0.0040803
0.00407798
0.004075
0.00407136
0.00406706
0.00406207
0.0040564
0.00405004
0.00404297
0.00403519
0.0040267
0.00401747
0.00400749
0.00399675
0.00398522
0.00397286
0.00395964
0.00394548
0.00393033
0.00391409
0.00389666
0.00387796
0.00385802
0.00320526
0.0032076
0.00321053
0.00321401
0.00321801
0.00322252
0.00322767
0.00323332
0.00323932
0.00324568
0.00325237
0.00325939
0.00326674
0.00327439
0.00328233
0.00329055
0.00329902
0.00330773
0.00331666
0.00332577
0.00333504
0.00334445
0.00335396
0.00336353
0.00337315
0.00338278
0.00339238
0.00340192
0.00341138
0.00342072
0.0034299
0.00343888
0.00344764
0.00345615
0.00346436
0.00347227
0.00347985
0.00348709
0.00349395
0.00350043
0.00350652
0.0035122
0.00351745
0.00352225
0.0035266
0.00353048
0.00353387
0.00353675
0.00353911
0.00354092
0.00354218
0.00354287
0.00354297
0.00354247
0.00354135
0.00353961
0.00353722
0.00353419
0.00353049
0.00352611
0.00352106
0.00351531
0.00350886
0.00350171
0.00349384
0.00348526
0.00347594
0.0034659
0.00345511
0.00344357
0.00343126
0.00341817
0.00340428
0.00338955
0.00337393
0.00335739
0.00333986
0.00332125
0.00330151
0.0032807
0.00283683
0.00282787
0.00281941
0.0028115
0.00280414
0.00279737
0.00279119
0.00278568
0.0027809
0.0027768
0.00277324
0.00277022
0.00276773
0.00276578
0.00276436
0.00276344
0.00276301
0.00276307
0.00276358
0.00276454
0.00276592
0.00276769
0.00276984
0.00277234
0.00277516
0.00277827
0.00278165
0.00278526
0.00278907
0.00279305
0.00279717
0.00280139
0.00280567
0.00280999
0.0028143
0.00281857
0.00282277
0.00282686
0.00283082
0.0028346
0.00283818
0.00284153
0.00284462
0.00284742
0.00284991
0.00285205
0.00285382
0.0028552
0.00285616
0.00285667
0.00285671
0.00285626
0.00285529
0.00285378
0.00285172
0.00284908
0.00284584
0.002842
0.00283753
0.00283242
0.00282666
0.00282024
0.00281315
0.00280538
0.00279693
0.00278779
0.00277796
0.00276743
0.00275619
0.00274425
0.00273159
0.00271821
0.00270409
0.00268922
0.00267358
0.00265712
0.00263981
0.0026216
0.00260245
0.00258242
0.00228553
0.00226756
0.00225003
0.00223301
0.00221656
0.00220074
0.00218556
0.00217107
0.00215728
0.00214422
0.00213197
0.00212051
0.00210981
0.00209983
0.0020905
0.0020818
0.00207371
0.00206622
0.00205932
0.00205297
0.00204718
0.00204191
0.00203715
0.00203286
0.00202903
0.00202564
0.00202265
0.00202004
0.0020178
0.00201588
0.00201427
0.00201294
0.00201186
0.002011
0.00201033
0.00200983
0.00200947
0.00200921
0.00200902
0.00200887
0.00200873
0.00200857
0.00200835
0.00200806
0.00200765
0.00200709
0.00200637
0.00200544
0.00200427
0.00200285
0.00200114
0.00199911
0.00199674
0.00199401
0.00199089
0.00198735
0.00198339
0.00197897
0.00197409
0.00196873
0.00196288
0.00195651
0.00194964
0.00194224
0.00193432
0.00192586
0.00191687
0.00190735
0.00189729
0.0018867
0.00187557
0.00186391
0.0018517
0.00183894
0.00182563
0.00181175
0.00179727
0.00178218
0.00176643
0.00175009
0.00137322
0.00135504
0.0013374
0.00132035
0.00130391
0.0012881
0.00127293
0.0012584
0.0012445
0.00123121
0.00121853
0.00120644
0.00119494
0.001184
0.00117363
0.00116382
0.00115453
0.00114575
0.00113746
0.00112963
0.00112223
0.00111519
0.0011085
0.00110213
0.00109609
0.00109034
0.00108488
0.0010797
0.00107478
0.0010701
0.00106566
0.00106144
0.00105743
0.0010536
0.00104996
0.00104648
0.00104316
0.00103998
0.0010369
0.00103391
0.001031
0.00102815
0.00102534
0.00102257
0.00101981
0.00101705
0.00101428
0.00101148
0.00100863
0.00100572
0.00100274
0.000999659
0.000996477
0.000993177
0.000989744
0.000986167
0.000982435
0.000978537
0.000974465
0.00097021
0.000965765
0.000961125
0.000956285
0.000951241
0.000945993
0.000940537
0.000934873
0.000929002
0.000922924
0.00091664
0.000910149
0.000903452
0.000896547
0.000889432
0.000882103
0.000874554
0.000866777
0.000858767
0.000850522
0.000842088
0.000266147
0.00026365
0.000261198
0.000258796
0.000256447
0.000254153
0.000251916
0.000249737
0.000247617
0.000245555
0.000243552
0.000241606
0.000239718
0.000237886
0.000236109
0.000234386
0.000232715
0.000231095
0.000229525
0.000228003
0.000226527
0.0002251
0.000223719
0.000222383
0.00022109
0.000219839
0.000218629
0.000217457
0.000216323
0.000215225
0.000214163
0.000213134
0.000212138
0.000211174
0.000210241
0.000209336
0.00020846
0.000207611
0.000206788
0.00020599
0.000205215
0.000204462
0.000203731
0.00020302
0.000202327
0.000201651
0.000200993
0.000200349
0.000199719
0.000199102
0.000198496
0.000197901
0.000197315
0.000196736
0.000196164
0.000195598
0.000195035
0.000194475
0.000193917
0.000193359
0.000192801
0.00019224
0.000191676
0.000191108
0.000190534
0.000189953
0.000189364
0.000188767
0.000188159
0.000187541
0.000186911
0.000186267
0.00018561
0.000184938
0.00018425
0.000183545
0.000182823
0.000182081
0.000181319
0.000180537
0.000324729
0.000308183
0.00030599
0.002252
0.00210746
0.00152266
0.00374278
0.00371952
0.00346555
0.00448285
0.00432723
0.0042899
0.00515711
0.00508434
0.00507533
0.00558859
0.00558201
0.00563805
0.00586043
0.00587917
0.00595722
0.00601575
0.00605253
0.00614268
0.00609779
0.00614704
0.00624628
0.0061312
0.00618941
0.00629551
0.0061276
0.0061929
0.00630435
0.00609389
0.0061639
0.00628402
0.00603535
0.00610801
0.00623443
0.00595346
0.00603174
0.00615729
0.00584939
0.00593021
0.00599335
0.00571895
0.00572298
0.00570587
0.00543245
0.00541715
0.00539895
0.00510246
0.00508582
0.00506669
0.0047373
0.0047194
0.00469929
0.0043227
0.00430354
0.00428244
0.00383884
0.00381867
0.00379679
0.0032611
0.00324063
0.00321871
0.00256387
0.00254459
0.00252415
0.00173519
0.00171974
0.00170349
0.000834487
0.000826552
0.000818208
0.000179844
0.000179133
0.000178403
4.45691e-05
7.48227e-05
9.15544e-05
0.000106132
0.000119576
0.000132324
0.00014462
0.000156703
0.000169006
0.000181605
0.000193598
0.000205282
0.000216719
0.000227867
0.000238916
0.000250194
0.000263126
0.000276001
0.000290628
0.000306515
0.000322997
0.00034315
0.000366246
0.000292051
0.000426188
5.57942e-05
0.000193625
0.00026837
0.000360755
0.000480172
0.000623297
0.000783557
0.00095009
0.00110543
0.00122685
0.00133882
0.00144694
0.00155278
0.00165658
0.0017581
0.00185566
0.00193868
0.00201846
0.00211502
0.00200233
0.00168964
0.00147819
0.00119466
0.00103487
0.000708742
6.35631e-05
0.00030436
0.000485234
0.000699742
0.000965796
0.001271
0.00159515
0.0019152
0.002207
0.00245913
0.00268937
0.00290485
0.00310765
0.00329704
0.00346972
0.00361603
0.00351178
0.00301194
0.0025847
0.00226682
0.0020017
0.00177592
0.00156484
0.00139812
0.00124386
6.87051e-05
0.000407272
0.000727747
0.00108019
0.00148433
0.00192042
0.0023612
0.00278147
0.00316002
0.00349327
0.00379169
0.00406089
0.00430269
0.00451576
0.00469424
0.00465471
0.00393893
0.00331319
0.00286024
0.00253503
0.00227502
0.0020424
0.0018286
0.00163173
0.00145737
7.28077e-05
0.000499574
0.000970629
0.00145753
0.0019744
0.00250137
0.00301268
0.00348691
0.00390571
0.00427193
0.00459204
0.00487037
0.00510863
0.00530481
0.00545591
0.00498123
0.00415629
0.00355417
0.00313548
0.00280904
0.0025292
0.00227919
0.00205721
0.00186678
0.00171419
7.66067e-05
0.000578825
0.00119019
0.00179811
0.00240342
0.00299023
0.00353882
0.00403375
0.00446303
0.00483183
0.00514567
0.00540873
0.00562223
0.0057864
0.00589945
0.00502637
0.00424082
0.00370571
0.00332039
0.00300493
0.00272761
0.00248038
0.00226311
0.00207713
0.00192515
8.0393e-05
0.000645666
0.00137564
0.00208682
0.00276167
0.00338814
0.00395404
0.00445081
0.00487399
0.00522981
0.00552437
0.00576148
0.00594459
0.00607474
0.00581788
0.00494689
0.004272
0.00381411
0.00346604
0.00316807
0.00290087
0.00266164
0.00245187
0.00227329
0.00212728
8.43457e-05
0.000703592
0.00152998
0.00232649
0.00305641
0.00370997
0.00428228
0.00477191
0.00518095
0.00551729
0.00578707
0.00599683
0.00615078
0.00625045
0.00562206
0.00486396
0.00430544
0.00390892
0.00359044
0.00330917
0.00305467
0.00282701
0.00262776
0.0024577
0.00231662
8.87602e-05
0.000758441
0.00166562
0.00253221
0.00330535
0.00397713
0.00454937
0.00502743
0.00541887
0.00573232
0.00597719
0.00616079
0.00628784
0.00616923
0.00546686
0.00482526
0.00435504
0.00400181
0.00370603
0.00344084
0.0032005
0.00298577
0.0027977
0.00263633
0.00250069
9.41803e-05
0.000818102
0.00179929
0.00272447
0.00353066
0.00421276
0.00477951
0.00524264
0.00561341
0.00590332
0.00612335
0.00628176
0.00638396
0.00599434
0.00537527
0.00483519
0.00442639
0.00410409
0.00382644
0.00357575
0.00334885
0.00314635
0.00296856
0.0028149
0.00268387
0.00010185
0.000892504
0.00194943
0.00292534
0.00375477
0.00443899
0.00499398
0.00543749
0.0057848
0.00604904
0.0062429
0.00637575
0.00637888
0.00590357
0.00535874
0.00489311
0.00452719
0.00422723
0.00396366
0.00372502
0.00350959
0.0033173
0.00314763
0.00299964
0.00287148
0.000113032
0.000993071
0.00213369
0.00315588
0.00399987
0.00467684
0.00521172
0.00562851
0.00594682
0.006181
0.00634554
0.00645113
0.00636008
0.00590761
0.00542142
0.00500716
0.00467037
0.00438511
0.00413077
0.00390052
0.00369322
0.00350763
0.00334252
0.00319688
0.0030686
0.000132548
0.0011328
0.00237447
0.00344301
0.00429195
0.00494781
0.00544949
0.00582814
0.00610786
0.00630507
0.00643537
0.00651077
0.00644962
0.00601865
0.00557244
0.00519311
0.00487395
0.00459503
0.00434329
0.00411605
0.00391176
0.00372742
0.00356144
0.00341317
0.00328023
0.000164369
0.00104083
0.00232976
0.00356218
0.00462021
0.00527454
0.00571883
0.00604188
0.00627058
0.00642199
0.0065123
0.00655383
0.00655495
0.00624588
0.0058352
0.0054736
0.00516007
0.00487832
0.0046206
0.00438838
0.00417895
0.00398749
0.00381264
0.00365463
0.00351057
0.000600352
0.00137291
0.00237692
0.00363069
0.00473678
0.00566484
0.00601716
0.00626419
0.00642935
0.00652722
0.00657326
0.00657841
0.00655019
0.00649353
0.00620787
0.00586345
0.00555244
0.00525905
0.00498409
0.00473442
0.00450678
0.00429628
0.00410194
0.00392469
0.00376081
0.00152689
0.00250533
0.00352958
0.00445611
0.00533003
0.00607347
0.00631556
0.00647572
0.00657044
0.0066123
0.00661365
0.00658296
0.0065261
0.00644715
0.00634881
0.00623361
0.00604756
0.00573269
0.00543212
0.00515758
0.00490037
0.00465555
0.00442803
0.00421939
0.00402487
0.00331235
0.00385502
0.00464551
0.0053726
0.00606221
0.006448
0.00657743
0.00665202
0.00667903
0.00666902
0.00662978
0.00656697
0.00648471
0.00638607
0.00627332
0.00614834
0.00601263
0.00586744
0.00571331
0.00555051
0.00534596
0.00504946
0.0047744
0.00452373
0.00428961
0.00448802
0.00494535
0.00550821
0.00611746
0.0066551
0.00673236
0.00677129
0.00677355
0.0067457
0.00669337
0.00662099
0.00653204
0.00642928
0.00631488
0.0061906
0.00605786
0.00591788
0.00577159
0.00561868
0.00545862
0.00529053
0.00511266
0.0049227
0.00471746
0.00449286
0.00525385
0.00565394
0.00616645
0.0067124
0.00691159
0.00691093
0.00688512
0.0068371
0.00677
0.00668676
0.00658992
0.00648168
0.0063639
0.00623814
0.00610572
0.00596777
0.00582527
0.0056787
0.00552714
0.00536966
0.00520508
0.00503142
0.00484598
0.00464521
0.00442481
0.00582373
0.00617012
0.00663
0.00707153
0.0070416
0.00699377
0.00692925
0.00684982
0.00675738
0.00665376
0.00654068
0.00641966
0.00629206
0.00615906
0.00602171
0.00588093
0.00573758
0.00559159
0.00544157
0.00528643
0.0051247
0.00495425
0.00477218
0.00457477
0.0043576
0.00614941
0.00648551
0.00692038
0.0071349
0.00707713
0.00700451
0.00691877
0.0068216
0.00671457
0.00659914
0.00647667
0.00634838
0.00621539
0.00607867
0.00593911
0.00579754
0.00565478
0.00550991
0.00536143
0.00520823
0.00504869
0.00488056
0.00470085
0.00450578
0.00429087
0.00633541
0.00667012
0.00710201
0.00711803
0.00704654
0.00696199
0.00686613
0.00676056
0.00664672
0.00652594
0.00639942
0.00626827
0.00613347
0.0059959
0.00585639
0.00571577
0.00557454
0.00543106
0.00528407
0.00513244
0.00497449
0.00480793
0.00462975
0.00443616
0.00422265
0.00644566
0.00677943
0.00710635
0.00704322
0.00696657
0.00687805
0.00677924
0.00667159
0.00655647
0.0064351
0.00630862
0.00617805
0.00604433
0.00590832
0.0057708
0.00563256
0.00549333
0.00535139
0.00520583
0.00505549
0.0048987
0.00473317
0.00455589
0.00436312
0.00415036
0.00650349
0.00683607
0.00698711
0.00692316
0.00684679
0.00675941
0.00666238
0.00655702
0.00644455
0.00632612
0.00620279
0.00607555
0.00594535
0.00581295
0.00567903
0.00554414
0.00540701
0.00526672
0.00512259
0.00497345
0.00481761
0.0046528
0.00447605
0.00428367
0.00407123
0.0065178
0.00684219
0.00682731
0.00676584
0.00669306
0.00661007
0.00651797
0.00641788
0.00631089
0.00619803
0.00608029
0.00595862
0.00583393
0.00570677
0.00557756
0.0054459
0.0053109
0.00517259
0.00503013
0.00488233
0.00472748
0.00456331
0.00438693
0.00419474
0.00398242
0.0064954
0.00668011
0.00663404
0.00657705
0.00650984
0.0064332
0.00634799
0.00625517
0.00615561
0.00605021
0.00593978
0.00582497
0.00570636
0.00558455
0.00545982
0.00533176
0.00520023
0.00506461
0.00492433
0.00477823
0.0046246
0.0044612
0.00428522
0.0040932
0.00388101
0.00643625
0.00645652
0.00641416
0.00636236
0.00630149
0.00623206
0.00615454
0.0060695
0.00597773
0.00587999
0.00577696
0.00566916
0.00555696
0.00544083
0.00532106
0.00519767
0.00507042
0.00493859
0.00480131
0.0046574
0.00450534
0.00434295
0.00416753
0.00397585
0.00376399
0.00624066
0.00620977
0.00617076
0.00612364
0.00606857
0.00600578
0.00593558
0.00585829
0.00577443
0.00568452
0.00558907
0.00548854
0.00538329
0.00527363
0.0051597
0.00504151
0.0049188
0.00479104
0.00465722
0.00451612
0.004366
0.00420493
0.00403037
0.00383934
0.00362821
0.00597115
0.0059417
0.00590555
0.00586255
0.00581264
0.00575587
0.00569237
0.00562236
0.00554611
0.00546394
0.00537615
0.00528305
0.00518488
0.00508183
0.00497393
0.00486109
0.00474302
0.00461918
0.00448873
0.0043504
0.0042027
0.00404333
0.00387003
0.00368013
0.0034704
0.00568333
0.00565486
0.00562089
0.00558119
0.00553558
0.00548396
0.00542632
0.00536272
0.00529326
0.00521807
0.00513732
0.00505114
0.00495964
0.00486285
0.00476073
0.00465308
0.00453954
0.00441955
0.00429229
0.00415664
0.00401111
0.00385387
0.0036825
0.00349452
0.00328719
0.00537594
0.005348
0.00531552
0.00527821
0.00523585
0.00518826
0.00513532
0.00507697
0.00501318
0.00494393
0.00486925
0.00478913
0.00470355
0.00461243
0.00451559
0.00441277
0.00430355
0.00418733
0.0040633
0.00393039
0.00378725
0.00363226
0.00346348
0.00327867
0.00307524
0.00504308
0.00501528
0.00498365
0.00494791
0.00490783
0.00486318
0.00481378
0.00475949
0.00470018
0.00463574
0.00456607
0.00449106
0.00441057
0.00432441
0.00423233
0.00413398
0.0040289
0.00391646
0.00379588
0.00366616
0.00352608
0.00337424
0.00320911
0.002991
0.00272633
0.00467488
0.00464686
0.00461556
0.00458072
0.00454211
0.00449949
0.00445266
0.00440141
0.00434557
0.00428495
0.00421937
0.00414863
0.00407252
0.00399077
0.00390307
0.00380902
0.00370813
0.00359979
0.00348324
0.00335762
0.00322191
0.00307307
0.0028443
0.00261119
0.00238521
0.00425711
0.00422866
0.00419738
0.00416304
0.0041254
0.00408425
0.00403936
0.00399051
0.00393748
0.00388006
0.00381802
0.00375111
0.00367907
0.00360159
0.00351833
0.00342888
0.00333275
0.00322939
0.00311812
0.00299827
0.00284522
0.00264698
0.00244642
0.00225205
0.00206731
0.00377074
0.00374202
0.00371087
0.00367708
0.00364044
0.00360072
0.00355773
0.00351123
0.00346101
0.00340683
0.00334845
0.00328562
0.00321806
0.00314548
0.00306752
0.00298383
0.00289396
0.00279745
0.00269377
0.00257305
0.00240526
0.00223475
0.00206869
0.00190983
0.00175781
0.00319273
0.00316455
0.00313432
0.00310186
0.00306699
0.00302951
0.00298924
0.00294598
0.00289951
0.00284962
0.00279611
0.00273872
0.00267723
0.00261137
0.00254086
0.00246541
0.00238471
0.00229841
0.00220617
0.00210757
0.00197464
0.00183572
0.00170094
0.00157135
0.00144584
0.00249999
0.00247412
0.00244664
0.0024174
0.00238626
0.00235305
0.00231764
0.00227984
0.00223952
0.00219649
0.00215058
0.00210164
0.00204949
0.00199394
0.00193484
0.00187199
0.00180523
0.0017344
0.00165936
0.00157996
0.00149593
0.00140736
0.00131455
0.00121796
0.00111808
0.0016843
0.001664
0.00164264
0.0016201
0.00159629
0.00157111
0.00154446
0.00151624
0.00148635
0.00145469
0.00142118
0.00138573
0.00134827
0.00130871
0.001267
0.00122308
0.00117692
0.00112849
0.0010778
0.00102488
0.000969797
0.000912666
0.000853679
0.00079312
0.000731315
0.000808378
0.000798177
0.000787555
0.000776447
0.000764804
0.000752589
0.000739766
0.000726299
0.000712159
0.000697316
0.000681749
0.000665439
0.000648371
0.000630538
0.000611937
0.000592572
0.000572451
0.000551594
0.000530025
0.000507783
0.000484916
0.000461483
0.000437557
0.000413223
0.000388544
0.000177546
0.000176661
0.000175744
0.000174794
0.000173807
0.000172782
0.000171714
0.000170599
0.000169435
0.000168216
0.000166938
0.000165594
0.000164181
0.00016269
0.000161115
0.000159447
0.000157678
0.000155797
0.000153793
0.000151651
0.000149356
0.000146887
0.000144222
0.00014133
0.000138173
0.000189581
0.00101967
0.00120835
0.00142634
0.00167695
0.0019142
0.00195537
0.00160657
0.00084683
0.00018168
0.000208013
0.000950148
0.00112492
0.00140421
0.00166687
0.00192334
0.00198268
0.00164091
0.000865869
0.000182466
0.000224194
0.000929681
0.00108102
0.00137905
0.00165571
0.0019331
0.00201193
0.00167796
0.0008865
0.000183188
0.000246777
0.000894237
0.00102393
0.00133124
0.00164425
0.00194332
0.00204237
0.00171721
0.000909616
0.000183841
0.000274035
0.000861688
0.000969889
0.00128432
0.00163244
0.00195379
0.00207379
0.00175849
0.000934594
0.00018441
0.00029929
0.000828234
0.000915272
0.0012379
0.00162059
0.00196466
0.00210624
0.00180189
0.000961774
0.000184885
0.00030337
0.000794595
0.000862957
0.00119598
0.00160899
0.00197608
0.00213971
0.00184724
0.000991222
0.00018525
0.000307026
0.0007621
0.000813826
0.00116226
0.00159807
0.00198837
0.00217421
0.00189425
0.00102294
0.000185494
0.000308338
0.000727095
0.000761922
0.00113836
0.00158852
0.00200202
0.00220976
0.00194233
0.00105663
0.000185602
0.000304614
0.000687716
0.000721651
0.00114867
0.00158137
0.00201776
0.00224643
0.00199058
0.00109167
0.000185563
0.000296987
0.000653886
0.000676474
0.00116274
0.00157802
0.00203645
0.00228423
0.00203778
0.00112693
0.000185369
0.000285685
0.000615033
0.000633299
0.00114068
0.00157991
0.00205899
0.00232316
0.00208251
0.00116025
0.000185014
0.000270487
0.00057131
0.000591101
0.00112533
0.00158792
0.00208628
0.00236296
0.00212297
0.00118813
0.000184505
0.000251896
0.000520158
0.000553688
0.00112041
0.00160266
0.00212158
0.0024069
0.00215996
0.00121076
0.000183716
0.000229394
0.000459078
0.000532356
0.00112902
0.00163785
0.00217491
0.00245893
0.00219347
0.00122823
0.000182487
0.000207945
0.000398724
0.000576055
0.00116193
0.00170124
0.00225171
0.00251925
0.00222012
0.00123838
0.000180725
0.000190006
0.000346878
0.000796737
0.0012269
0.00180263
0.00235719
0.00258552
0.00223454
0.00123837
0.000178388
0.000176454
0.000305152
0.000858492
0.001341
0.00195485
0.00243937
0.00215935
0.00175907
0.00122563
0.00017546
0.000163518
0.000365435
0.000976287
0.00153523
0.00190206
0.00186039
0.0016894
0.00142695
0.0010998
0.000171978
0.000173246
0.000702112
0.000949196
0.00131156
0.00155082
0.00152253
0.0014217
0.00122985
0.000954631
0.000168213
0.000599621
0.000606383
0.000854385
0.00120526
0.00136574
0.00136511
0.00129226
0.00112921
0.000879986
0.00016439
0.000756065
0.000957719
0.00118413
0.00131512
0.00135561
0.00133534
0.0012516
0.00109406
0.000852901
0.000160617
0.00114019
0.00114407
0.00126259
0.00136679
0.00138302
0.00134377
0.00125536
0.00110137
0.000859705
0.000157014
0.00135598
0.00135788
0.00140966
0.0014377
0.00143022
0.00139074
0.00129959
0.00114349
0.000894091
0.000153665
0.00160563
0.00154773
0.00153806
0.00154327
0.00152667
0.00147468
0.00137398
0.00121321
0.000950502
0.000150599
0.00181189
0.00174292
0.00170717
0.00167995
0.00164132
0.00157725
0.00147125
0.00130644
0.000938322
0.000147793
0.00201258
0.00192944
0.00187169
0.00182496
0.00177313
0.00169805
0.00158669
0.00141826
0.000911793
0.000145382
0.0022017
0.00211222
0.00204253
0.00198158
0.00191718
0.00183115
0.00171544
0.00154274
0.000889069
0.000143367
0.00238674
0.00229274
0.00221422
0.00214303
0.00206806
0.001973
0.00185386
0.00166594
0.000869248
0.000141704
0.00257076
0.00247331
0.00238804
0.00230822
0.00222229
0.00212105
0.00199801
0.00163096
0.000851447
0.000140352
0.00275791
0.00265634
0.00256431
0.00247534
0.00237795
0.00227013
0.00213872
0.00159952
0.000837143
0.000139277
0.00295192
0.0028442
0.00274366
0.00264292
0.0025351
0.00241877
0.00217375
0.0015704
0.000825755
0.000138431
0.00315628
0.00303878
0.00292577
0.00280976
0.00269108
0.00256001
0.00213623
0.00154383
0.000816764
0.000137768
0.00337337
0.00324027
0.00310884
0.00297636
0.00284311
0.00260208
0.00209969
0.00151993
0.000809663
0.00013725
0.0036021
0.00344541
0.00329016
0.00313961
0.00298164
0.00256014
0.00206421
0.001498
0.000803943
0.000136842
0.00383505
0.00364765
0.00346803
0.0032895
0.00296183
0.00251758
0.00203001
0.00147731
0.000799148
0.000136516
0.00406132
0.00383952
0.00362761
0.00331627
0.00291457
0.00247525
0.00199649
0.00145713
0.000794875
0.000136245
0.00423793
0.00394856
0.00362491
0.00326425
0.00286633
0.00243291
0.00196288
0.00143675
0.000790758
0.000136008
0.00417375
0.0038881
0.00356792
0.00321092
0.00281741
0.00238982
0.00192836
0.00141552
0.000786463
0.000135783
0.00410958
0.00382705
0.00350999
0.00315639
0.00276701
0.00234507
0.00189211
0.00139285
0.000781668
0.000135554
0.00404498
0.00376475
0.00345016
0.00309949
0.00271397
0.00229761
0.00185332
0.00136812
0.000776056
0.000135303
0.00397805
0.00369942
0.00338674
0.00303865
0.00265692
0.00224635
0.00181118
0.00134078
0.000769315
0.000135012
0.00390644
0.00362888
0.00331778
0.00297219
0.00259448
0.0021902
0.00176488
0.00131027
0.000761134
0.000134666
0.00382759
0.00355082
0.00324123
0.00289837
0.0025252
0.00212807
0.00171363
0.00127606
0.00075121
0.000134248
0.00373889
0.00346291
0.00315504
0.00281541
0.00244767
0.00205885
0.00165668
0.00123766
0.000739244
0.000133744
0.00363767
0.00336271
0.00305707
0.00272153
0.00236044
0.00198148
0.00159332
0.00119462
0.000724948
0.000133136
0.00352114
0.00324773
0.00294516
0.00261491
0.00226206
0.0018949
0.00152288
0.00114656
0.000708042
0.000132405
0.00338643
0.00311543
0.0028171
0.00249369
0.0021511
0.00179817
0.00144483
0.00109316
0.000688254
0.000131531
0.00323059
0.0029632
0.00267062
0.00235598
0.00202622
0.00169052
0.00135882
0.00103421
0.000665302
0.000130485
0.00305063
0.00278066
0.00246204
0.0021647
0.00188641
0.00157159
0.00126478
0.000969561
0.000638876
0.000129225
0.00278256
0.00248478
0.00220791
0.00194807
0.00169641
0.00144165
0.00116292
0.000899112
0.000608583
0.000127693
0.00246179
0.00221107
0.00197609
0.00174756
0.0015171
0.00128432
0.00105243
0.000812663
0.00057389
0.000125795
0.00216653
0.00195747
0.00175461
0.00155112
0.0013417
0.0011277
0.000914011
0.00069829
0.000528527
0.000123388
0.00188606
0.00170872
0.00153225
0.00135197
0.00116454
0.000973122
0.000782735
0.000592477
0.000445542
0.000120266
0.00160612
0.00145517
0.00130317
0.00114696
0.000983956
0.000819901
0.000656313
0.00049325
0.000371425
0.000116249
0.00131851
0.0011904
0.00106129
0.000930484
0.000798831
0.000667248
0.000533161
0.000400409
0.000306264
9.44188e-05
0.00101147
0.000903902
0.000797945
0.000696374
0.000601924
0.000512779
0.000411428
0.000317327
0.000258483
9.22106e-05
0.000666043
0.000600953
0.000537306
0.0004724
0.000411794
0.000352918
0.000291487
0.000245238
0.000230862
9.20585e-05
0.000362563
0.000336648
0.000308167
0.000269087
0.000236159
0.000202871
0.000178321
0.000177129
0.000190528
6.89663e-05
0.000134527
0.000130457
0.000121806
0.000103407
8.06136e-05
6.26677e-05
7.25148e-05
7.93863e-05
5.89418e-05
4.37679e-05
)
;

boundaryField
{
    inlet
    {
        type            calculated;
        value           uniform 0.0144219;
    }
    outlet
    {
        type            calculated;
        value           nonuniform List<scalar> 10(0.000189913 0.00102493 0.00121706 0.00142634 0.00167695 0.0019142 0.00195537 0.00160657 0.00084683 0.00018168);
    }
    walls
    {
        type            nutUBlendedWallFunction;
        blending        stepwise;
        Cmu             0.09;
        kappa           0.41;
        E               9.8;
        n               4;
        value           nonuniform List<scalar> 
446
(
8.74831e-06
8.7463e-06
8.74335e-06
8.74004e-06
8.73685e-06
8.7339e-06
8.73113e-06
8.72852e-06
8.72604e-06
8.72366e-06
8.72137e-06
8.71913e-06
8.71693e-06
8.71472e-06
8.71249e-06
8.71017e-06
8.70771e-06
8.705e-06
8.70189e-06
8.69818e-06
8.69359e-06
8.68779e-06
8.68037e-06
8.67094e-06
8.65908e-06
8.64434e-06
8.62624e-06
8.6042e-06
8.57757e-06
8.54559e-06
8.50746e-06
8.46228e-06
8.40895e-06
8.34625e-06
8.27279e-06
8.18702e-06
8.0872e-06
7.97145e-06
7.8377e-06
7.68379e-06
7.50735e-06
7.30615e-06
7.07794e-06
6.8205e-06
6.53162e-06
6.20897e-06
5.85003e-06
5.45182e-06
5.01063e-06
4.52157e-06
3.97805e-06
3.37033e-06
2.68908e-06
1.89966e-06
9.964e-07
1.94838e-07
3.18074e-07
5.79159e-07
5.36157e-07
8.67254e-08
4.38859e-07
7.27852e-07
7.61036e-07
2.74635e-07
4.33775e-08
6.609e-07
1.39413e-06
2.15881e-06
2.8901e-06
3.56306e-06
4.16974e-06
4.73129e-06
5.25029e-06
5.73319e-06
6.18307e-06
6.60154e-06
6.98972e-06
7.34864e-06
7.67929e-06
7.98268e-06
8.25987e-06
8.51196e-06
8.74012e-06
8.94561e-06
9.12976e-06
9.29395e-06
9.43957e-06
9.56802e-06
9.68079e-06
9.77926e-06
9.86479e-06
9.93871e-06
1.00022e-05
1.00566e-05
1.01032e-05
1.01387e-05
1.01691e-05
1.01946e-05
1.02192e-05
1.02399e-05
1.02574e-05
1.02721e-05
1.02842e-05
1.02941e-05
1.03022e-05
1.03089e-05
1.03144e-05
1.0319e-05
1.03227e-05
1.03258e-05
1.03284e-05
1.03306e-05
1.03324e-05
1.03338e-05
1.0335e-05
1.03359e-05
1.03365e-05
1.03369e-05
1.0337e-05
1.03368e-05
1.03364e-05
1.03356e-05
1.03345e-05
1.03331e-05
1.03314e-05
1.03292e-05
1.03267e-05
1.03238e-05
1.03205e-05
1.03167e-05
1.03125e-05
1.03077e-05
1.03024e-05
1.02966e-05
1.02902e-05
1.02831e-05
1.02755e-05
1.02672e-05
1.02582e-05
1.02484e-05
1.02379e-05
1.02265e-05
1.02143e-05
1.02013e-05
1.01873e-05
1.01723e-05
1.01563e-05
1.01392e-05
1.01211e-05
1.01018e-05
1.00813e-05
1.00595e-05
1.00365e-05
1.00121e-05
9.9864e-06
9.95926e-06
9.93066e-06
9.90057e-06
9.86895e-06
9.83578e-06
9.80102e-06
9.76464e-06
9.72662e-06
9.68694e-06
9.64557e-06
9.6025e-06
9.55772e-06
9.5112e-06
9.46292e-06
9.41286e-06
9.36099e-06
9.30729e-06
9.25169e-06
9.19416e-06
9.13463e-06
9.07302e-06
9.00927e-06
8.94238e-06
8.88133e-06
8.81877e-06
8.75561e-06
8.68229e-06
8.60461e-06
8.52196e-06
8.43501e-06
8.34378e-06
8.24775e-06
8.14633e-06
8.03899e-06
7.92518e-06
7.8043e-06
7.67571e-06
7.53869e-06
7.39247e-06
7.23621e-06
7.06898e-06
6.88973e-06
6.69731e-06
6.49043e-06
6.26764e-06
6.02728e-06
5.7675e-06
5.48619e-06
5.18095e-06
4.84894e-06
4.48848e-06
4.07851e-06
3.62323e-06
3.12057e-06
2.568e-06
1.96387e-06
1.28818e-06
5.88539e-07
8.04627e-08
1.57508e-07
3.75334e-09
6.76371e-06
6.66594e-06
6.56711e-06
6.46525e-06
6.35857e-06
6.24531e-06
6.12373e-06
5.99214e-06
5.84881e-06
5.69199e-06
5.51984e-06
5.33038e-06
5.12141e-06
4.89039e-06
4.63428e-06
4.34923e-06
4.03004e-06
3.66969e-06
3.26007e-06
2.79367e-06
2.2585e-06
1.62605e-06
9.74874e-07
4.03717e-07
0
3.02283e-07
9.51854e-06
9.18089e-06
8.85488e-06
8.55142e-06
8.2765e-06
8.03227e-06
7.81753e-06
7.62952e-06
7.4647e-06
7.31946e-06
7.19006e-06
7.07289e-06
6.96468e-06
6.8625e-06
1.03744e-05
1.04482e-05
1.05099e-05
1.05761e-05
1.06444e-05
1.07147e-05
1.07856e-05
1.08553e-05
1.09212e-05
1.09794e-05
1.1024e-05
1.10485e-05
1.10479e-05
1.10152e-05
1.09424e-05
1.08232e-05
1.06542e-05
1.04333e-05
1.01627e-05
9.8521e-06
3.69629e-06
3.22501e-06
2.96238e-06
2.6019e-06
2.22144e-06
1.7903e-06
1.30477e-06
7.46556e-07
8.50129e-08
3.7467e-07
9.60889e-07
1.39037e-06
1.68979e-06
1.86318e-06
1.94817e-06
1.91484e-06
1.72622e-06
1.54715e-06
8.50588e-07
4.14866e-06
3.4428e-08
2.19801e-07
5.46875e-07
8.33227e-07
1.05558e-06
1.21651e-06
1.32157e-06
1.37586e-06
1.38428e-06
1.34946e-06
1.27361e-06
1.15469e-06
9.877e-07
7.44147e-07
4.34312e-07
7.27609e-08
1.07901e-07
5.26626e-07
1.01698e-06
1.47637e-06
2.19599e-06
2.75823e-06
3.96933e-06
4.71492e-06
7.23701e-06
7.87582e-09
9.32072e-09
2.25682e-07
5.71227e-07
9.01542e-07
1.20174e-06
1.47419e-06
1.71762e-06
1.93457e-06
2.12786e-06
2.30039e-06
2.45481e-06
2.59352e-06
2.71855e-06
2.83166e-06
2.93434e-06
3.02785e-06
3.11326e-06
3.19147e-06
3.26325e-06
3.32926e-06
3.39005e-06
3.44611e-06
3.49783e-06
3.54556e-06
3.58959e-06
3.63015e-06
3.66746e-06
3.70166e-06
3.73288e-06
3.7612e-06
3.7867e-06
3.80939e-06
3.82928e-06
3.84634e-06
3.86053e-06
3.87176e-06
3.87984e-06
3.88459e-06
3.88592e-06
3.88368e-06
3.87769e-06
3.8676e-06
3.85303e-06
3.83359e-06
3.80887e-06
3.7784e-06
3.74164e-06
3.69797e-06
3.6467e-06
3.58704e-06
3.51813e-06
3.43897e-06
3.34847e-06
3.24538e-06
3.12828e-06
2.99558e-06
2.84551e-06
2.67603e-06
2.48482e-06
2.26905e-06
2.02604e-06
1.75426e-06
1.45203e-06
1.11738e-06
7.27781e-07
3.262e-07
1.71542e-10
2.6399e-07
6.67392e-07
1.00787e-06
1.30152e-06
1.50213e-06
1.62321e-06
1.65663e-06
1.5874e-06
1.39976e-06
1.07467e-06
5.98531e-07
1.39442e-07
1.76111e-07
1.72624e-06
1.5318e-06
1.32667e-06
1.07423e-06
7.49545e-07
3.88826e-07
4.19347e-08
1.3852e-07
5.00923e-07
8.27253e-07
1.10542e-06
1.3219e-06
1.49051e-06
1.61227e-06
1.68674e-06
1.71554e-06
1.69585e-06
1.62457e-06
1.49561e-06
1.30273e-06
1.0393e-06
7.00822e-07
3.06526e-07
4.67756e-08
8.74831e-06
8.7463e-06
8.74335e-06
8.74004e-06
8.73686e-06
8.73392e-06
8.73116e-06
8.72857e-06
8.72612e-06
8.72379e-06
8.72157e-06
8.71944e-06
8.7174e-06
8.71544e-06
8.71357e-06
8.71177e-06
8.71001e-06
8.70802e-06
8.70555e-06
8.72358e-06
)
;
    }
    baffle
    {
        type            nutUBlendedWallFunction;
        blending        stepwise;
        Cmu             0.09;
        kappa           0.41;
        E               9.8;
        n               4;
        value           nonuniform List<scalar> 
62
(
1.25502e-07
3.92255e-07
6.93999e-07
1.01217e-06
1.21325e-06
1.3451e-06
1.42834e-06
1.47116e-06
1.47987e-06
1.45932e-06
1.41264e-06
1.34349e-06
1.26249e-06
1.18045e-06
5.96966e-07
7.0303e-07
5.64119e-07
7.95466e-08
1.03379e-07
3.69099e-07
6.67288e-07
9.87049e-07
1.24689e-06
1.46696e-06
1.66153e-06
1.83805e-06
2.00591e-06
2.17431e-06
2.37126e-06
2.57833e-06
3.00602e-06
2.11212e-07
5.9069e-07
9.92207e-07
1.26186e-06
1.378e-06
1.41348e-06
1.39233e-06
1.33145e-06
1.24754e-06
1.1587e-06
1.07048e-06
9.99586e-07
8.4204e-07
6.15046e-07
2.87434e-06
2.63258e-06
2.40416e-06
9.46603e-08
2.88849e-07
5.23099e-07
7.48578e-07
8.94137e-07
9.9489e-07
1.06656e-06
1.1164e-06
1.1514e-06
1.17978e-06
1.21014e-06
1.28892e-06
1.34203e-06
1.835e-06
)
;
    }
    front
    {
        type            empty;
    }
    back
    {
        type            empty;
    }
}


// ************************************************************************* //
