/*--------------------------------*- C++ -*----------------------------------*\
| =========                 |                                                 |
| \\      /  F ield         | OpenFOAM: The Open Source CFD Toolbox           |
|  \\    /   O peration     | Version:  v2012                                 |
|   \\  /    A nd           | Website:  www.openfoam.com                      |
|    \\/     M anipulation  |                                                 |
\*---------------------------------------------------------------------------*/
FoamFile
{
    version     2.0;
    format      ascii;
    class       volScalarField;
    location    "567";
    object      nut;
}
// * * * * * * * * * * * * * * * * * * * * * * * * * * * * * * * * * * * * * //

dimensions      [0 2 -1 0 0 0 0];


internalField   nonuniform List<scalar> 
6018
(
4.83787e-05
5.59146e-05
6.31833e-05
7.02198e-05
7.71257e-05
8.4096e-05
9.1365e-05
9.91849e-05
0.000107836
0.000117653
0.000129049
0.000142557
0.000158883
0.000178988
0.000204213
0.000236463
0.000278481
0.000334288
0.000409986
0.000515288
0.000223205
0.000255898
0.000291478
0.000329997
0.000371241
0.000415021
0.000461755
0.00051238
0.000568043
0.000630129
0.000700319
0.000780745
0.000874182
0.000984218
0.00111578
0.00127609
0.00147612
0.00173388
0.00208621
0.00261748
0.000816543
0.000916839
0.00101526
0.00111125
0.00120488
0.00129702
0.00138916
0.00148299
0.00158027
0.00168269
0.00179194
0.00190978
0.00203815
0.00217878
0.00233316
0.00250237
0.00268639
0.0028827
0.00308425
0.00327527
0.00157918
0.0016967
0.0018046
0.0019046
0.00199864
0.00208866
0.00217643
0.00226339
0.00235068
0.00243918
0.00252946
0.00262181
0.00271616
0.00281224
0.00290934
0.00300612
0.00310068
0.00319068
0.00327369
0.00334786
0.0020905
0.00218188
0.00226514
0.00234259
0.00241601
0.00248678
0.00255585
0.00262387
0.00269122
0.00275805
0.00282438
0.00289001
0.00295464
0.00301793
0.00307952
0.00313903
0.00319623
0.00325115
0.00330419
0.00335621
0.00222557
0.0022868
0.00234587
0.00240419
0.00246262
0.00252168
0.00258165
0.00264261
0.00270453
0.00276709
0.00283032
0.00289381
0.002957
0.00301935
0.00308032
0.00313944
0.00319642
0.00325122
0.00330421
0.00335621
0.00197019
0.00200564
0.00204556
0.00209028
0.00213984
0.00219422
0.00225341
0.00231737
0.00238808
0.00246495
0.00254693
0.00263339
0.00272367
0.00281699
0.0029122
0.00300771
0.00310148
0.00319102
0.0032738
0.00334787
0.00130836
0.00131863
0.00133775
0.00136489
0.00139935
0.00144082
0.00149307
0.00155829
0.00163434
0.00172116
0.00181909
0.00192885
0.00205139
0.00218774
0.00233901
0.00250601
0.00268846
0.00288372
0.00308465
0.00327535
0.000438358
0.000435316
0.000439045
0.000448003
0.000461124
0.000482723
0.000513033
0.000551029
0.000596993
0.000651682
0.000716313
0.000792618
0.000882939
0.000990596
0.00112035
0.00127928
0.00147821
0.00173514
0.00208691
0.00261773
8.25766e-05
8.17203e-05
8.21413e-05
8.39989e-05
8.70878e-05
9.12799e-05
9.65186e-05
0.000102863
0.000110449
0.0001195
0.000130347
0.000143459
0.000159498
0.000179396
0.000204472
0.000236616
0.000278562
0.000334325
0.000409998
0.000515289
4.43902e-07
5.45185e-07
5.44204e-07
4.39832e-07
2.78289e-07
1.39842e-07
6.0526e-08
2.74211e-08
1.97285e-08
3.64972e-08
1.12287e-07
2.56747e-07
4.16111e-07
5.24968e-07
5.52717e-07
5.47217e-07
5.36116e-07
5.5083e-07
6.05606e-07
6.53416e-07
6.78357e-07
7.10676e-07
7.58285e-07
7.67171e-07
7.49468e-07
8.84094e-07
1.76173e-06
3.47594e-06
6.50962e-06
1.11295e-05
1.73047e-05
2.46341e-05
3.25205e-05
4.05218e-05
1.21719e-05
1.00281e-05
6.52726e-06
4.00878e-06
2.47593e-06
1.56109e-06
1.01608e-06
7.15257e-07
6.5331e-07
1.35128e-06
4.70217e-06
1.02874e-05
1.51359e-05
1.6797e-05
1.61255e-05
1.5969e-05
1.71934e-05
2.04434e-05
2.44914e-05
2.80296e-05
2.95339e-05
3.18417e-05
3.68636e-05
4.24642e-05
4.88467e-05
5.6632e-05
6.60966e-05
7.71769e-05
9.00942e-05
0.000105297
0.000123063
0.000143646
0.000167016
0.000193375
6.98477e-05
6.7858e-05
5.72e-05
3.95277e-05
2.5156e-05
1.61409e-05
1.09698e-05
8.30251e-06
8.16041e-06
1.55993e-05
5.03915e-05
0.000107462
0.0001592
0.000188193
0.000206061
0.000203199
0.000201109
0.000204836
0.000199482
0.00018967
0.00018053
0.000175184
0.000175585
0.000181759
0.000194003
0.000212855
0.000239101
0.000273697
0.000318059
0.000373736
0.000442413
0.000524052
0.000616272
0.000715118
0.000117595
0.00012372
0.000118985
0.000100967
7.54959e-05
5.30404e-05
3.79155e-05
3.00836e-05
3.29118e-05
6.99744e-05
0.000195315
0.000357417
0.000480447
0.000553961
0.000548202
0.000492968
0.000449371
0.000418314
0.000387366
0.000359671
0.00034097
0.000335293
0.000344214
0.000368244
0.000408059
0.000464786
0.000539682
0.000633541
0.00074643
0.000876073
0.00101757
0.00116481
0.00131084
0.00144992
0.000165305
0.000176928
0.000175026
0.00016055
0.000134018
0.000103445
7.90168e-05
6.91732e-05
0.000101592
0.000248599
0.000476168
0.000666641
0.000767731
0.000773388
0.00071631
0.000634609
0.000587337
0.000561784
0.000523486
0.000496269
0.000490413
0.000508153
0.000550424
0.00061767
0.000709793
0.00082554
0.000961994
0.00111417
0.0012753
0.0014378
0.00159451
0.00173991
0.00187091
0.00198733
0.000240601
0.000256115
0.000251861
0.000231064
0.000197952
0.000160414
0.000133026
0.000149069
0.000296596
0.000579283
0.000827929
0.000959432
0.000952987
0.000852506
0.000777467
0.000733293
0.000712372
0.000664546
0.000632491
0.000629127
0.000657101
0.000716526
0.000805917
0.000922018
0.00105944
0.00121078
0.00136745
0.00152095
0.00166432
0.00179307
0.00190556
0.00200258
0.0020862
0.00215946
0.000360335
0.000378082
0.000363851
0.00032365
0.000273373
0.000229355
0.000225266
0.000344322
0.000631842
0.000941289
0.00110669
0.00107122
0.000992025
0.000927465
0.000888943
0.000846856
0.000783777
0.000747314
0.000744839
0.00077868
0.000846919
0.000944585
0.00106417
0.00119616
0.00133017
0.00145663
0.00156837
0.00166164
0.00173611
0.00179414
0.00183936
0.00187594
0.00190766
0.001938
0.000532761
0.000542807
0.000504203
0.000433067
0.000364534
0.000338025
0.000423194
0.000677224
0.00101771
0.00121167
0.00120526
0.00114415
0.00108983
0.00105488
0.000958125
0.000883277
0.000839553
0.000833148
0.00086458
0.000929024
0.00101747
0.0011183
0.00121907
0.00130848
0.00137826
0.00142429
0.00144654
0.00144804
0.00143351
0.00140803
0.00137709
0.00134674
0.00132353
0.00130987
0.000749395
0.000737486
0.000657587
0.000556002
0.00049554
0.000546887
0.000760337
0.00105941
0.00131198
0.00136997
0.00131742
0.00126723
0.00117189
0.00105708
0.000965991
0.000910222
0.000893304
0.000913001
0.000961029
0.00102463
0.00108908
0.00114058
0.00116867
0.00116792
0.00113794
0.00108245
0.00100749
0.00092009
0.000826966
0.000734091
0.00064675
0.000569
0.000504672
0.000462127
0.0009818
0.000928596
0.000809433
0.000706874
0.000714544
0.000861033
0.00110881
0.0013552
0.00150091
0.00150911
0.00141637
0.00128119
0.00114626
0.00103634
0.000963224
0.000929714
0.000930402
0.000953839
0.000984601
0.00100664
0.00100685
0.000977671
0.000918051
0.000832697
0.000730148
0.000620245
0.000511949
0.000411803
0.000323803
0.000249632
0.000189334
0.000142831
0.00011001
8.98346e-05
2.70022e-09
1.49151e-08
3.61342e-08
6.43073e-08
1.39174e-07
2.87797e-07
1.73779e-08
2.15591e-07
1.63696e-06
5.5081e-06
9.61078e-06
1.20889e-05
3.97508e-08
1.14006e-06
1.20443e-05
3.05283e-05
4.88607e-05
6.27209e-05
5.74096e-08
2.72621e-06
2.00008e-05
4.68557e-05
7.52108e-05
9.98162e-05
7.18394e-08
4.69503e-06
2.69632e-05
6.21152e-05
0.000101788
0.000138043
1.47556e-07
7.75024e-06
3.73952e-05
8.60639e-05
0.000144577
0.000199751
6.65296e-07
1.24772e-05
5.4269e-05
0.000126431
0.000215931
0.000300295
2.15195e-06
1.96438e-05
8.21358e-05
0.000194713
0.000333556
0.000456592
4.96561e-06
3.06551e-05
0.00012903
0.000307714
0.00051457
0.000674616
8.65569e-06
4.77199e-05
0.000207139
0.000483441
0.000763634
0.000937275
0.00119892
0.00109188
0.000966081
0.000921239
0.00100221
0.00118472
0.00139795
0.00155305
0.00159292
0.00151955
0.00138016
0.00122789
0.00109746
0.00100462
0.000951411
0.000930575
0.000928631
0.000929761
0.000919783
0.000889663
0.000837257
0.000766616
0.000685359
0.000601301
0.000519083
0.000442194
0.000371451
0.000306489
0.000246603
0.000191101
0.000139668
9.29236e-05
5.16974e-05
2.27562e-05
0.00137247
0.00124067
0.00115269
0.00116732
0.00128232
0.00144697
0.00158913
0.00164641
0.00159711
0.00146657
0.0013047
0.00115527
0.0010415
0.000968078
0.000927663
0.000906827
0.00089107
0.000869136
0.0008357
0.000791478
0.000740945
0.000689232
0.000639688
0.000593026
0.000548192
0.000503746
0.000458107
0.000410878
0.000362906
0.000316101
0.000256326
0.000173121
5.44647e-05
4.2346e-06
0.00150977
0.00139533
0.00135216
0.00140062
0.0015106
0.00162466
0.00168406
0.00165395
0.00153922
0.00137747
0.00121433
0.00108123
0.000988938
0.000932786
0.000900744
0.000880122
0.000861908
0.00084246
0.000822604
0.000804807
0.000790578
0.000779162
0.000767796
0.000752969
0.000732143
0.000704457
0.000672454
0.000644757
0.000618066
0.000557674
0.000481982
0.000329975
7.89061e-05
2.98336e-06
0.00163405
0.00155247
0.00154082
0.00159391
0.00167052
0.00171873
0.00169858
0.00160002
0.00144572
0.00127623
0.00112791
0.0010192
0.000950769
0.000913438
0.000896184
0.000891127
0.000894723
0.00090619
0.000924971
0.000948637
0.000972535
0.000990691
0.000997534
0.000989696
0.000967744
0.000937891
0.000906151
0.000854897
0.000800911
0.000753922
0.000679761
0.000456866
0.000100957
2.68129e-06
0.00175362
0.00169868
0.00169874
0.00173329
0.00176024
0.00174016
0.0016536
0.00150988
0.00134067
0.00118257
0.00106062
0.000982447
0.000943224
0.000933849
0.000946683
0.000977109
0.0010219
0.00107681
0.00113531
0.00118883
0.00122844
0.00124679
0.0012401
0.00121002
0.00116815
0.00110989
0.00104229
0.000981003
0.000930581
0.000884544
0.000794428
0.000529577
0.000116741
2.51751e-06
0.00185976
0.0018195
0.00181418
0.00181552
0.00178674
0.00170579
0.00157199
0.00140719
0.00124451
0.00111277
0.00102666
0.000986837
0.000986744
0.00101883
0.00107665
0.00115395
0.00124249
0.00133149
0.00140864
0.00146213
0.00148304
0.00146721
0.00141697
0.00134481
0.001253
0.00116814
0.00109065
0.00102535
0.000976005
0.000929858
0.000837507
0.000561465
0.00012484
2.2489e-06
0.00183967
0.00175358
0.00175252
0.00184362
0.00176258
0.0016354
0.00147611
0.00131245
0.00117406
0.00108121
0.00104058
0.00104897
0.0010991
0.00118252
0.00128956
0.00140799
0.00152274
0.00161776
0.00167837
0.00169339
0.0016571
0.00157448
0.00145492
0.0013383
0.00122746
0.00113021
0.0010511
0.000991512
0.000949781
0.000912192
0.000829436
0.000558581
0.000123895
1.94884e-06
0.00173276
0.00165135
0.00166894
0.00180529
0.00170377
0.00154883
0.00138557
0.00124268
0.0011438
0.00110086
0.00111517
0.0011801
0.00128539
0.00141786
0.00156121
0.00169641
0.00180374
0.00186549
0.00186741
0.00179956
0.00166496
0.00150779
0.0013578
0.00122257
0.00110687
0.0010138
0.000946271
0.000900427
0.000873494
0.000851434
0.000782686
0.000522862
0.000111456
1.89245e-06
0.00161942
0.00155651
0.00160414
0.00177772
0.00162754
0.00146442
0.0013174
0.00121218
0.00116494
0.0011809
0.00125574
0.00137745
0.00152962
0.00169191
0.0018415
0.00195537
0.00201285
0.00199641
0.00189058
0.00168841
0.00149096
0.00130995
0.00115324
0.00102303
0.000923591
0.000850545
0.000801728
0.000774714
0.000765955
0.000761276
0.000703818
0.000457415
9.27014e-05
1.84274e-06
0.00151544
0.0014806
0.00156618
0.00171195
0.00155058
0.00139852
0.00128498
0.00123006
0.0012431
0.00132159
0.00145308
0.00161828
0.00179291
0.00195043
0.00206478
0.00211296
0.0020752
0.00193073
0.00165999
0.00141317
0.00119726
0.00102081
0.000881623
0.000778621
0.000708042
0.000662103
0.000636546
0.00062995
0.00064099
0.000652285
0.000605298
0.000379183
7.17625e-05
1.71773e-06
0.00142927
0.00142772
0.00155711
0.00164298
0.00148688
0.00136231
0.00129536
0.00129997
0.00137536
0.00150937
0.0016806
0.00186125
0.00202079
0.00213019
0.00216452
0.00210363
0.00192786
0.00161523
0.00129841
0.00104492
0.000841039
0.000697919
0.000596445
0.000529783
0.000490286
0.000470668
0.000467691
0.000481798
0.000513079
0.00053927
0.000502011
0.000296918
5.13414e-05
1.47879e-06
0.00136402
0.00139994
0.00158637
0.00158225
0.0014463
0.00136288
0.00135203
0.00141706
0.00154636
0.00171691
0.00189808
0.00205554
0.00215665
0.00217457
0.00208935
0.00188681
0.00155408
0.00119509
0.000884703
0.000665602
0.000515677
0.000418972
0.000358986
0.000324146
0.000307286
0.000304911
0.000317674
0.000349084
0.000397915
0.000435298
0.000396408
0.000213617
3.20301e-05
1.22849e-06
0.00132198
0.00140242
0.0016675
0.00153905
0.00143621
0.00140327
0.00144906
0.00156641
0.00173036
0.00190784
0.0020612
0.00215402
0.00215677
0.00204951
0.00182229
0.00147507
0.00109742
0.000769416
0.000532136
0.000389901
0.000308559
0.000260305
0.00022918
0.000209094
0.000196753
0.00019389
0.000206273
0.000242365
0.000296762
0.000330829
0.000281032
0.000125219
1.67904e-05
1.00142e-06
0.00130435
0.00143666
0.00163604
0.00151774
0.00145683
0.00147649
0.00157355
0.0017253
0.00189619
0.00204546
0.00213301
0.00212607
0.00200383
0.00176001
0.00140841
0.0010028
0.000670543
0.000449141
0.00032832
0.000266332
0.000230776
0.000206777
0.000187517
0.000169691
0.000152586
0.000139697
0.000139336
0.000161699
0.000201233
0.000214003
0.000161002
6.51833e-05
8.92219e-06
7.20098e-07
0.00131404
0.00151633
0.00160824
0.00152056
0.00150618
0.0015737
0.0017067
0.00186826
0.00201475
0.00210215
0.00209399
0.0019673
0.00171637
0.0013577
0.000946342
0.0006019
0.000396921
0.000298202
0.00025081
0.000223674
0.000205015
0.000190183
0.00017619
0.000160457
0.000141482
0.000121001
0.000105948
0.000106152
0.000119984
0.000119976
8.47208e-05
3.37802e-05
4.83413e-06
4.40146e-07
0.00135521
0.00165475
0.00159664
0.00154481
0.00157473
0.0016806
0.00182872
0.00197312
0.00206609
0.00206655
0.00194845
0.00170527
0.00135373
0.000944328
0.000579639
0.000370095
0.000282749
0.000244141
0.00022161
0.00020548
0.000192899
0.000182313
0.000171936
0.000159454
0.000142431
0.000119876
9.47546e-05
7.54438e-05
6.86956e-05
6.47623e-05
4.49984e-05
1.81992e-05
2.65517e-06
2.26074e-07
0.00142882
0.00168248
0.00160025
0.00158638
0.00165441
0.00178229
0.00192298
0.00202544
0.00204359
0.0019465
0.0017253
0.00139557
0.00100164
0.000628764
0.000380614
0.000278332
0.000243019
0.000223435
0.000208407
0.000195811
0.000185246
0.00017629
0.000167965
0.000158568
0.000145631
0.000126553
0.000100226
7.00312e-05
4.68404e-05
3.7143e-05
2.52593e-05
1.03311e-05
1.46344e-06
9.89046e-08
0.00154938
0.00167324
0.00161682
0.00163823
0.00173477
0.00186645
0.00197885
0.00202087
0.00195483
0.00176652
0.00146754
0.00109834
0.000724613
0.000440546
0.00029725
0.000249416
0.000232114
0.000218886
0.000206072
0.000193703
0.000182409
0.000172557
0.000163939
0.000155676
0.00014603
0.0001324
0.00011194
8.28149e-05
4.889e-05
2.65749e-05
1.5828e-05
6.28478e-06
8.15905e-07
3.98323e-08
0.00173848
0.00167255
0.0016443
0.00169522
0.00180687
0.00192507
0.00199295
0.00196522
0.00181902
0.0015607
0.00121925
0.000852945
0.000539212
0.000347887
0.00027236
0.000250009
0.00023965
0.000229094
0.00021623
0.000201925
0.000187575
0.000174345
0.000162755
0.000152657
0.000143264
0.00013278
0.000118604
9.76894e-05
6.72309e-05
3.1465e-05
1.32329e-05
4.44971e-06
4.92684e-07
1.85075e-08
0.00174697
0.00167863
0.00167659
0.00175118
0.00186436
0.00195475
0.00196805
0.00187051
0.00165793
0.00135373
0.0010039
0.000671814
0.000431773
0.000314494
0.000278775
0.000270012
0.00026396
0.000254931
0.000241199
0.000223808
0.00020449
0.000185603
0.000168518
0.000153667
0.000141005
0.00012964
0.000117697
0.000102677
8.16883e-05
5.17208e-05
1.88178e-05
4.60826e-06
3.93465e-07
1.51694e-08
0.00174177
0.00169079
0.00171247
0.00180156
0.0019041
0.00195648
0.001912
0.00175274
0.00149258
0.00116829
0.000832147
0.000551308
0.000381524
0.000317379
0.000306041
0.000306603
0.000304287
0.000296362
0.000281256
0.000260345
0.000235814
0.000210027
0.000184936
0.000162886
0.000144044
0.00012823
0.000114251
0.000100078
8.32607e-05
6.13571e-05
3.07987e-05
6.79927e-06
5.14944e-07
2.34173e-08
0.00173933
0.00170625
0.00174901
0.00184359
0.00192574
0.00193446
0.00183493
0.00162649
0.00133745
0.00101147
0.000704912
0.000481227
0.000371107
0.000344522
0.000350343
0.000359084
0.000360694
0.000353853
0.000337271
0.000312489
0.000281936
0.000248415
0.000214703
0.000183319
0.000155992
0.000133033
0.000113939
9.70756e-05
8.01522e-05
6.06847e-05
3.76041e-05
1.02481e-05
7.62748e-07
3.85996e-08
0.00173968
0.00172486
0.00178427
0.00187617
0.00193102
0.00189461
0.00174676
0.00150271
0.00120004
0.000885743
0.000618207
0.000450395
0.000388524
0.000389724
0.000409638
0.000426492
0.000432456
0.000426857
0.000409036
0.000380601
0.00034408
0.000302512
0.000259142
0.00021709
0.000179051
0.000146645
0.000119949
9.79208e-05
7.83907e-05
5.87651e-05
3.69576e-05
1.34366e-05
9.8421e-07
5.7483e-08
0.00174287
0.00174597
0.00181699
0.00189946
0.00192286
0.00184315
0.00165563
0.00138831
0.00108338
0.000790138
0.000565923
0.000449055
0.000425826
0.000449035
0.000481717
0.000506914
0.000517858
0.000513353
0.000494786
0.000463332
0.000421426
0.000372102
0.000318818
0.000265247
0.000214921
0.00017068
0.000133927
0.000104347
8.01084e-05
5.84858e-05
3.6785e-05
1.51129e-05
1.32018e-06
7.47967e-08
0.00174885
0.00176883
0.00184654
0.00191441
0.00190471
0.00178572
0.00156745
0.00128679
0.00098795
0.00072185
0.000541548
0.00046938
0.000477398
0.000519014
0.000563532
0.000596981
0.000613253
0.000609964
0.000591309
0.000557833
0.000511732
0.000455782
0.000393287
0.000328115
0.000264517
0.000206562
0.000157199
0.000117442
8.61748e-05
6.07169e-05
3.7939e-05
1.66048e-05
1.79271e-06
8.50564e-08
0.00175718
0.00179266
0.00187283
0.00192254
0.00187997
0.00172688
0.00148589
0.00119944
0.000912696
0.000677183
0.000538978
0.000505201
0.000538813
0.00059612
0.000651208
0.000692027
0.000713054
0.00071221
0.000694138
0.000659732
0.000610983
0.000550251
0.000480343
0.000404808
0.00032811
0.000255329
0.000191123
0.00013839
9.73762e-05
6.58393e-05
4.026e-05
1.81905e-05
2.4049e-06
9.07087e-08
0.00176824
0.00181712
0.00189607
0.0019255
0.00185166
0.00166985
0.00141289
0.00112628
0.000855778
0.000652177
0.000552849
0.000551637
0.000606398
0.000677075
0.000741323
0.000788533
0.000813843
0.000815577
0.000798451
0.000763982
0.000714063
0.000650633
0.000575817
0.000492398
0.000404354
0.000317109
0.000236787
0.000168546
0.000114812
7.45556e-05
4.41984e-05
2.01902e-05
3.22587e-06
9.129e-08
0.0017815
0.00184171
0.00189787
0.00192482
0.00182221
0.00161678
0.00134926
0.00106659
0.000814957
0.000642988
0.000578612
0.000604782
0.000677053
0.000758968
0.000830876
0.000883353
0.000912211
0.000916232
0.000900074
0.000865982
0.00081592
0.000751544
0.000674333
0.000586107
0.00048981
0.000390287
0.000294304
0.000209059
0.000139794
8.78206e-05
5.03422e-05
2.30142e-05
4.40777e-06
8.31496e-08
0.00179664
0.00186582
0.00182994
0.00192171
0.00179347
0.001569
0.00129508
0.00101928
0.000787858
0.000646091
0.000612488
0.000661497
0.000748198
0.000839371
0.000917465
0.000974073
0.00100566
0.00101147
0.000996031
0.000962348
0.000912609
0.000848378
0.000770663
0.000680407
0.000579358
0.000471114
0.000361977
0.000260159
0.00017355
0.000106802
5.93398e-05
2.69335e-05
5.98834e-06
7.85231e-08
0.00181303
0.00188909
0.00177773
0.00191727
0.00176679
0.00152722
0.00125005
0.000983062
0.000772146
0.000658373
0.000651385
0.000719278
0.000817751
0.000916391
0.000999334
0.00105906
0.00109263
0.00109967
0.00108456
0.00105104
0.00100166
0.000938045
0.00086091
0.000770506
0.000667563
0.000554334
0.000435958
0.000320309
0.000216634
0.000132774
7.20575e-05
3.22661e-05
8.04935e-06
2.19679e-07
0.00183
0.00181707
0.00173798
0.00189989
0.00174305
0.00149175
0.00121363
0.000956582
0.00076564
0.000677164
0.000692814
0.000776148
0.000884095
0.00098863
0.00107529
0.00113731
0.00117223
0.00117999
0.00116477
0.00113103
0.0010818
0.00101892
0.000942869
0.00085332
0.00075019
0.000634719
0.000510969
0.000385836
0.00026801
0.000166715
8.97326e-05
3.94253e-05
1.06549e-05
6.62491e-07
0.00184719
0.0017498
0.00170751
0.00187726
0.0017228
0.00146261
0.00118518
0.000938519
0.000766379
0.000700226
0.000734804
0.000830577
0.000946003
0.00105509
0.00114452
0.00120819
0.00124397
0.00125199
0.0012362
0.00120181
0.00115246
0.00109029
0.00101562
0.000927459
0.000824926
0.000708564
0.000581897
0.000451442
0.000324531
0.000208624
0.00011368
4.90338e-05
1.39252e-05
1.6522e-06
0.00186432
0.00170271
0.00168396
0.00185692
0.00170638
0.00143964
0.00116403
0.000927641
0.000772653
0.000725732
0.000775814
0.000881392
0.00100256
0.00111504
0.00120647
0.00127125
0.00130749
0.00131535
0.00129855
0.00126305
0.00121329
0.00115185
0.00107887
0.000992564
0.000891067
0.000774233
0.000645412
0.000511889
0.000380987
0.000256595
0.000144841
6.19994e-05
1.80115e-05
3.38253e-06
0.00188113
0.00166922
0.00166539
0.00183893
0.00169396
0.00142264
0.00114952
0.000922846
0.000783027
0.000752225
0.000814652
0.000927705
0.00105308
0.00116792
0.00126067
0.0013261
0.00136243
0.00136974
0.00135146
0.00131442
0.00126399
0.00120338
0.00113251
0.00104862
0.000948651
0.000831558
0.000700431
0.000563991
0.000431843
0.000305932
0.000183084
7.95886e-05
2.30496e-05
5.81847e-06
0.00189747
0.00164442
0.0016504
0.00182253
0.00168565
0.00141135
0.00114105
0.000923191
0.000796323
0.00077856
0.00085042
0.000968843
0.00109702
0.0012133
0.00130671
0.00137229
0.00140833
0.00141471
0.00139453
0.00135554
0.00130429
0.00124467
0.00117642
0.00109564
0.000997807
0.000880845
0.000747258
0.000607054
0.000473587
0.000350772
0.000226208
0.00010299
2.92183e-05
8.61412e-06
0.00191323
0.00162569
0.00163791
0.00180674
0.00168148
0.00140552
0.00113813
0.000927908
0.000811624
0.000803883
0.000882459
0.00100431
0.00113397
0.00125075
0.00134412
0.00140933
0.00144463
0.00144967
0.0014272
0.00138606
0.00133401
0.00127572
0.00121063
0.00113361
0.00103851
0.000922213
0.000786428
0.000641845
0.00050554
0.000386539
0.000269409
0.00013282
3.672e-05
1.13208e-05
0.00189225
0.00161137
0.00162714
0.00179069
0.00168144
0.00140494
0.00114034
0.000936413
0.000828258
0.000827592
0.000910316
0.00103374
0.0011636
0.00127991
0.00137244
0.00143657
0.00147055
0.0014738
0.00144882
0.00140563
0.00135321
0.00129678
0.00123542
0.00116265
0.00107067
0.00095546
0.000818044
0.000669254
0.00052893
0.000411749
0.000306699
0.000168288
4.58787e-05
1.36085e-05
0.0018596
0.00160017
0.00161716
0.00177384
0.00168548
0.00140944
0.00114741
0.000948319
0.000845802
0.000849339
0.000933743
0.00105693
0.00118566
0.00130036
0.00139102
0.00145316
0.00148498
0.0014859
0.00145855
0.00141407
0.00136226
0.00130854
0.00125142
0.00118311
0.00109428
0.000980227
0.000841723
0.00068958
0.000545271
0.000427745
0.00033372
0.000206075
5.71688e-05
1.52713e-05
0.00183274
0.00159108
0.00160738
0.00175603
0.00169354
0.00141889
0.00115916
0.000963452
0.000864122
0.00086915
0.000952838
0.00107387
0.00120009
0.00131173
0.00139681
0.00145763
0.00148609
0.00148419
0.00145554
0.0014115
0.00136197
0.00131209
0.00125961
0.00119558
0.00110947
0.000996181
0.000856852
0.000702542
0.000555446
0.000436836
0.00034981
0.00024021
7.0935e-05
1.61859e-05
0.00181054
0.00158317
0.00159752
0.00173719
0.00170552
0.00143317
0.0011756
0.000981978
0.000883718
0.000888401
0.00096893
0.00108504
0.00120551
0.00128919
0.00138761
0.00144857
0.00147343
0.00146928
0.00144102
0.00139946
0.00135405
0.0013092
0.00126161
0.0012012
0.00111659
0.00100272
0.000862386
0.000707628
0.000559682
0.000440803
0.000357406
0.000264516
8.65716e-05
1.63454e-05
0.00179089
0.00157546
0.00158726
0.00171712
0.00172104
0.00145196
0.00119691
0.00100546
0.000907545
0.000908479
0.000982035
0.00108991
0.00118424
0.00126945
0.00137827
0.00142775
0.00144929
0.00144397
0.00141757
0.0013803
0.00134079
0.00130232
0.00126017
0.00120301
0.00111894
0.00100332
0.000860802
0.00070502
0.000557369
0.000439846
0.000359253
0.000275527
0.000100854
1.58714e-05
0.0017712
0.00156655
0.00157557
0.00169476
0.00174012
0.00147641
0.00122508
0.00103555
0.000936064
0.000930171
0.000993322
0.00108995
0.00115896
0.00125796
0.00135285
0.00139731
0.00141599
0.00141055
0.00138752
0.00135624
0.0013243
0.00129336
0.00125684
0.00120209
0.0011171
0.000998288
0.000852633
0.000695783
0.000549423
0.000434728
0.000357967
0.000281813
0.000109244
1.49439e-05
0.00174919
0.00155543
0.00156213
0.00167063
0.00176247
0.00150628
0.00126004
0.00107243
0.000969899
0.000954693
0.00100452
0.00107391
0.00114158
0.00125342
0.00132047
0.00135984
0.00137621
0.00137171
0.0013535
0.00132995
0.00130707
0.00128433
0.00125294
0.00119903
0.00111102
0.000987229
0.000837485
0.000679713
0.000535824
0.00042552
0.000353744
0.000285188
0.000116453
1.36979e-05
0.00172311
0.0015412
0.00154682
0.0016453
0.00174034
0.0015409
0.00130162
0.00111636
0.00100989
0.000983618
0.00101788
0.00105588
0.0011313
0.00123043
0.00128435
0.00131859
0.00133322
0.00133087
0.00131898
0.00130478
0.00129203
0.0012774
0.00124963
0.00119397
0.00110014
0.000969321
0.000814698
0.000656499
0.000516565
0.000412343
0.000346626
0.000285185
0.000122348
1.22337e-05
0.0016915
0.00152304
0.00152918
0.00161904
0.00170409
0.00157989
0.00134968
0.00116763
0.00105696
0.00101864
0.00101858
0.00104651
0.00112926
0.00120345
0.00124854
0.00127771
0.00129124
0.00129237
0.00128837
0.00128478
0.00128247
0.0012746
0.00124751
0.00118632
0.00108323
0.000943298
0.000783443
0.000625882
0.000491763
0.000395407
0.00033669
0.000281271
0.000126549
1.06296e-05
0.00165295
0.00150021
0.00150874
0.00159193
0.00166854
0.00162288
0.00140387
0.00122631
0.00111174
0.00104187
0.00101156
0.00104648
0.00113688
0.00118198
0.00121804
0.00124239
0.00125555
0.00126163
0.00126687
0.0012744
0.00128144
0.00127729
0.00124618
0.00117442
0.0010582
0.000907469
0.000742853
0.000587804
0.000461759
0.000375082
0.00032406
0.000248928
0.000128645
8.97649e-06
0.00160598
0.00147211
0.00148491
0.00156328
0.00163407
0.00163896
0.00146298
0.00129165
0.00112981
0.0010372
0.0010165
0.00105805
0.00113945
0.00117131
0.00119864
0.00121873
0.00123248
0.00124492
0.00126009
0.00127785
0.00129109
0.00128531
0.00124356
0.00115517
0.00102211
0.000859889
0.00069227
0.000542571
0.00042722
0.000351902
0.000308862
0.000222632
0.000128322
7.35945e-06
0.00154971
0.00143797
0.00145682
0.00153247
0.00160116
0.00157211
0.00143165
0.00126454
0.00112687
0.00104971
0.00103736
0.00108442
0.00115664
0.00117692
0.00119651
0.00121341
0.00122903
0.00124872
0.00127312
0.00129793
0.00131141
0.00129586
0.00123508
0.00112375
0.0009713
0.000798779
0.000631616
0.000491038
0.000389244
0.000326585
0.00028192
0.000202198
0.000125115
5.79714e-06
0.00148333
0.00139736
0.00142377
0.00149915
0.00154869
0.00150277
0.00139064
0.00125568
0.00114413
0.00108219
0.00107766
0.00113021
0.00119311
0.00120388
0.00121747
0.0012327
0.00125196
0.00127834
0.00130883
0.00133433
0.0013386
0.00130233
0.00121313
0.00107387
0.000902083
0.000723231
0.00056186
0.000434854
0.000348792
0.000299985
0.00024693
0.000187214
0.000118556
4.36779e-06
0.00140702
0.00134927
0.00138541
0.0014554
0.00148477
0.00145581
0.00137128
0.00126719
0.00118102
0.00113557
0.00114092
0.00120071
0.001252
0.00125613
0.00126602
0.0012812
0.00130467
0.00133517
0.00136535
0.00138125
0.00136324
0.00129343
0.00116746
0.000998759
0.000812052
0.000634128
0.000485399
0.000376463
0.000308131
0.000273225
0.00022175
0.000177545
0.000108308
3.12816e-06
0.00132178
0.00129316
0.00133994
0.00139525
0.00143446
0.00142484
0.00136797
0.00129441
0.0012348
0.00120895
0.00122827
0.00129916
0.00133497
0.00133572
0.00134424
0.00136032
0.00138607
0.00141438
0.00143335
0.00142498
0.0013688
0.00125333
0.00108693
0.000893632
0.000701768
0.000534921
0.000406121
0.000318845
0.000268987
0.00024676
0.00020409
0.000172612
9.4048e-05
2.6541e-06
0.00122856
0.00122856
0.0012768
0.00134066
0.00139128
0.00140228
0.00137427
0.00133205
0.001301
0.00129831
0.00133624
0.00142302
0.00144136
0.00144143
0.00144974
0.00146566
0.00148705
0.00150143
0.00149302
0.00144192
0.00133178
0.00116446
0.000963315
0.000758679
0.000576334
0.000431697
0.000328879
0.00026486
0.000232501
0.000220628
0.000190659
0.000171435
7.45568e-05
2.39189e-06
0.00112841
0.00115022
0.00121327
0.00128554
0.0013489
0.00138249
0.00138489
0.00137504
0.00137428
0.00139731
0.00145652
0.00156282
0.00156601
0.00156577
0.00157184
0.00158214
0.00158558
0.00156808
0.00151154
0.00139885
0.00122614
0.0010143
0.000796958
0.000601919
0.000445572
0.000332244
0.000258225
0.00021648
0.00019888
0.0001939
0.000178008
0.000151696
4.76349e-05
2.03452e-06
0.00102207
0.00106597
0.00114478
0.0012256
0.00130397
0.0013625
0.00139674
0.00141993
0.00144973
0.00149811
0.00157821
0.0017027
0.00169443
0.0016897
0.00168591
0.00167503
0.00164144
0.00156921
0.00144315
0.00125896
0.00103423
0.000804864
0.000601535
0.000439656
0.00032212
0.000243865
0.000197044
0.000173963
0.000166812
0.000164428
0.000148709
0.000105082
2.15926e-05
1.59303e-06
0.000909422
0.000974871
0.00106949
0.00116006
0.0012567
0.00134253
0.00140872
0.00146254
0.00151858
0.00159196
0.00170334
0.00181043
0.00179337
0.00177364
0.00174466
0.00168894
0.00159216
0.00144234
0.001239
0.00100167
0.000765808
0.000562894
0.000405389
0.000292381
0.00021707
0.000170834
0.000145806
0.000135667
0.0001336
0.00012905
0.000101142
3.85927e-05
8.01492e-06
1.17491e-06
0.000799228
0.000882531
0.000990452
0.00109225
0.00120868
0.00131969
0.00141229
0.00149403
0.00158328
0.00169642
0.00184368
0.00183412
0.00179324
0.00174159
0.00165954
0.00153221
0.00135352
0.00113067
0.000888744
0.00066178
0.000475403
0.00033656
0.000239561
0.000175529
0.000135791
0.000113168
0.000102217
9.85647e-05
9.6075e-05
8.41476e-05
4.09172e-05
1.25413e-05
3.23644e-06
7.07431e-07
0.000668776
0.000785336
0.000906652
0.00101819
0.00115789
0.00130152
0.0014301
0.0015475
0.00167157
0.00177661
0.00171431
0.00164533
0.00156711
0.00146295
0.00130699
0.00110938
0.000888187
0.000671336
0.000484354
0.000339731
0.000236646
0.00016698
0.000121572
9.32009e-05
7.64721e-05
6.74458e-05
6.28903e-05
5.99803e-05
5.3163e-05
2.97216e-05
1.12226e-05
4.6846e-06
1.35513e-06
3.09258e-07
0.000579435
0.000709188
0.000834979
0.000959281
0.00111284
0.00127012
0.00140444
0.00143835
0.00134811
0.00125875
0.00116949
0.00107685
0.000974252
0.000825604
0.00066307
0.000506381
0.000369872
0.000261494
0.000181858
0.000126491
8.94603e-05
6.53364e-05
4.98903e-05
4.01749e-05
3.43024e-05
3.06421e-05
2.70361e-05
2.0344e-05
1.19745e-05
5.61211e-06
2.8255e-06
1.61029e-06
5.06921e-07
9.24284e-08
0.000345231
0.000605854
0.000706742
0.000805037
0.000725366
0.000639834
0.000565952
0.000501094
0.000443334
0.000392024
0.000345742
0.000295117
0.000238318
0.000188333
0.000145753
0.000110383
8.23307e-05
6.0738e-05
4.42346e-05
3.19967e-05
2.32521e-05
1.68508e-05
1.21589e-05
8.80377e-06
6.23461e-06
4.05552e-06
2.49564e-06
1.3781e-06
7.11387e-07
3.76e-07
2.81706e-07
2.29936e-07
1.01744e-07
1.79021e-08
0.000123033
8.2658e-05
5.44387e-05
3.93059e-05
3.68314e-05
3.67574e-05
3.65519e-05
3.66609e-05
3.69611e-05
3.71958e-05
3.72147e-05
3.69175e-05
3.61474e-05
3.46969e-05
3.23825e-05
2.90085e-05
2.44098e-05
1.86796e-05
1.24207e-05
6.67166e-06
2.6925e-06
7.81953e-07
1.72613e-07
1.77611e-07
1.74205e-07
1.45944e-07
1.17273e-07
8.64255e-08
7.00213e-08
6.61164e-08
5.70806e-08
3.36244e-08
1.0237e-08
1.50089e-09
1.23444e-05
7.38549e-05
0.000329696
0.000728601
0.00105901
0.0012076
1.56799e-05
0.000114569
0.000513521
0.00103226
0.00135809
0.00144427
1.84386e-05
0.000171623
0.000742464
0.001326
0.00159688
0.00161026
2.06694e-05
0.000245939
0.0009845
0.0015593
0.00175295
0.00173073
2.25455e-05
0.000332716
0.0011824
0.00171189
0.00186664
0.0018348
2.43324e-05
0.000414431
0.00131647
0.00182534
0.00195745
0.00192518
2.60754e-05
0.000474122
0.00142327
0.00191465
0.0020288
0.0019604
2.74751e-05
0.00052973
0.00151419
0.00198168
0.00198291
0.00185618
2.85556e-05
0.000582717
0.00159
0.00197779
0.00186692
0.00173583
2.94026e-05
0.000632977
0.0016509
0.00187717
0.00174576
0.0016179
3.0015e-05
0.000679868
0.00169868
0.00176292
0.00162746
0.00151063
3.01921e-05
0.000721893
0.00170456
0.00165296
0.00152071
0.00142
2.97522e-05
0.000755594
0.00161682
0.00155327
0.00143134
0.00134881
2.94081e-05
0.000787023
0.00153623
0.00146945
0.00136053
0.00129825
2.92169e-05
0.000809874
0.00147299
0.00140338
0.00130874
0.00126908
3.15923e-05
0.000827964
0.00142424
0.00135505
0.00127589
0.00126242
3.55968e-05
0.000841219
0.00138772
0.00132357
0.00126202
0.00127956
3.98132e-05
0.00084934
0.00136378
0.00130822
0.00126693
0.00132255
4.41038e-05
0.000852753
0.00135325
0.00130873
0.00129158
0.00139703
4.84584e-05
0.000851723
0.00135476
0.00132497
0.00133875
0.0015076
5.26026e-05
0.000846743
0.00136643
0.00135703
0.00141092
0.00166627
5.65686e-05
0.000838222
0.00138897
0.00140626
0.00150884
0.0018124
6.0382e-05
0.000826634
0.0014235
0.00147502
0.00163655
0.00180704
6.40517e-05
0.000812487
0.0014699
0.0015644
0.00180547
0.00180186
6.75754e-05
0.000796263
0.00152907
0.0016763
0.00186873
0.00179756
7.09535e-05
0.000778396
0.00160192
0.00181209
0.00186439
0.00179445
7.41793e-05
0.00075889
0.00163919
0.00187793
0.0018589
0.00179289
7.72334e-05
0.000737659
0.00161641
0.00186833
0.00185272
0.00179304
8.00946e-05
0.000715119
0.00159014
0.0018558
0.00184632
0.00179461
8.27435e-05
0.000691711
0.00156112
0.00184115
0.00183994
0.00179749
8.51616e-05
0.000667846
0.00153001
0.00182497
0.00183382
0.00180183
8.73296e-05
0.000643865
0.00149733
0.0018076
0.00182807
0.00180781
8.92313e-05
0.000620051
0.0014635
0.00178884
0.00182259
0.00181457
9.08498e-05
0.000596631
0.00142884
0.00176885
0.00181733
0.00182187
9.21698e-05
0.00057378
0.00139363
0.00174844
0.00181216
0.00182951
9.31801e-05
0.000551321
0.00135814
0.00172778
0.001807
0.00183726
9.3875e-05
0.000528317
0.0013225
0.00170682
0.00180177
0.00184484
9.42543e-05
0.00050241
0.00128652
0.00168555
0.00179635
0.00185209
9.42955e-05
0.00047497
0.0012501
0.00166394
0.00179064
0.00185893
9.39934e-05
0.000447883
0.00121133
0.00164185
0.00178466
0.00186533
9.33616e-05
0.000422212
0.00116975
0.00161914
0.00177846
0.00187136
9.24293e-05
0.000398368
0.00112732
0.00159485
0.00177204
0.00187716
9.12403e-05
0.000376637
0.00108544
0.0015697
0.00176541
0.00188278
8.98534e-05
0.000357227
0.00104543
0.0015444
0.00175886
0.00188837
8.83426e-05
0.000340315
0.00100853
0.00151981
0.00175283
0.00189421
8.67979e-05
0.000326078
0.000975931
0.00149694
0.0017479
0.0019007
8.53227e-05
0.000314695
0.000949109
0.00147633
0.00174406
0.00190825
8.4036e-05
0.000307068
0.000926548
0.00145778
0.00174169
0.00189662
8.30087e-05
0.000301343
0.000907452
0.00144202
0.00174134
0.00177386
8.23509e-05
0.000297208
0.000892401
0.00143
0.00174391
0.00164017
8.21926e-05
0.000294883
0.00088217
0.00142301
0.00175046
0.00149898
8.26647e-05
0.000294669
0.000877656
0.00142251
0.00170709
0.00135319
8.39015e-05
0.000296878
0.000880392
0.00142988
0.00146009
0.00120596
8.60353e-05
0.000302093
0.000891999
0.00144751
0.00123529
0.00106128
8.91877e-05
0.000310994
0.000914241
0.00134294
0.00104118
0.000919178
9.34958e-05
0.000324317
0.000948484
0.00107284
0.000865113
0.000786134
9.91018e-05
0.000343779
0.00097715
0.00088526
0.000728721
0.00064825
0.000106162
0.000369695
0.000806809
0.000759422
0.000603336
0.000537056
0.000114794
0.000401801
0.000710978
0.000685933
0.000541647
0.000395893
0.000125045
0.000399226
0.000652149
0.000544134
0.000387487
0.000248371
0.000134035
0.000454328
0.000680188
0.000630604
0.000376501
0.000167825
0.000143823
0.000468653
0.000766243
0.000627998
0.00031512
0.000171872
0.000154275
0.000477065
0.000847217
0.000550185
0.000281455
0.000159199
4.43748e-06
1.59506e-06
2.10548e-06
2.54031e-06
2.6907e-06
3.10004e-06
3.40132e-06
3.49056e-06
3.35515e-06
3.08831e-06
2.75099e-06
2.34759e-06
1.80837e-06
1.21668e-06
6.85919e-07
3.16837e-07
1.21949e-07
3.94265e-08
1.10282e-08
7.46811e-09
7.15149e-09
6.21015e-09
5.00265e-09
3.86183e-09
3.14631e-09
2.65791e-09
2.31963e-09
2.01262e-09
1.59453e-09
1.06427e-09
5.30666e-10
1.60876e-10
2.29759e-11
1.91221e-12
3.27376e-05
6.02509e-05
0.000117161
0.000161552
0.000184094
0.000181688
0.000165913
0.000142947
0.000117089
9.14387e-05
6.38615e-05
3.94104e-05
2.3908e-05
1.44308e-05
8.77678e-06
5.40219e-06
3.31673e-06
1.98734e-06
1.15673e-06
6.67458e-07
3.76851e-07
2.0449e-07
1.06854e-07
5.55077e-08
2.96315e-08
1.68535e-08
1.05496e-08
7.4264e-09
5.48554e-09
3.83414e-09
2.21518e-09
8.6785e-10
1.55684e-10
1.99507e-11
0.000124753
0.000371744
0.000640906
0.000795274
0.000858933
0.000846771
0.000795083
0.000719828
0.000631491
0.00053737
0.000436199
0.00030921
0.000196577
0.000119033
7.14512e-05
4.38057e-05
2.7721e-05
1.80133e-05
1.19131e-05
7.94613e-06
5.22793e-06
3.28904e-06
1.87754e-06
1.0119e-06
5.35932e-07
2.89742e-07
1.70011e-07
1.12876e-07
8.06422e-08
5.54518e-08
3.09431e-08
1.03809e-08
1.13724e-09
1.45675e-10
0.00028486
0.000739919
0.00113125
0.00131392
0.0013757
0.00135492
0.00129605
0.00121461
0.00111855
0.00101188
0.000892625
0.000743412
0.000544585
0.000361494
0.000226631
0.000140004
8.79011e-05
5.70076e-05
3.84436e-05
2.69561e-05
1.94403e-05
1.40628e-05
9.76252e-06
6.10255e-06
3.51873e-06
2.00239e-06
1.18589e-06
7.6476e-07
5.23868e-07
3.32912e-07
1.59719e-07
4.11859e-08
3.45335e-09
5.31201e-10
0.000491521
0.00100877
0.00138537
0.00153698
0.00156775
0.0015303
0.00146785
0.00139404
0.00131484
0.00123157
0.00114035
0.00102742
0.000855879
0.00064472
0.000443117
0.000287269
0.000182861
0.000118109
7.9062e-05
5.54532e-05
4.07664e-05
3.10297e-05
2.3813e-05
1.7662e-05
1.19318e-05
7.46329e-06
4.63972e-06
2.91046e-06
1.85834e-06
1.05719e-06
4.38947e-07
9.83172e-08
7.76102e-09
1.34605e-09
0.000708667
0.00119385
0.00151696
0.00162417
0.00161423
0.00155356
0.00148012
0.00140553
0.00133568
0.0012719
0.00120975
0.00113645
0.00102149
0.00084962
0.000643804
0.000448776
0.00029717
0.000194478
0.000129933
9.04307e-05
6.6221e-05
5.08727e-05
4.0442e-05
3.26517e-05
2.54308e-05
1.8134e-05
1.21211e-05
7.71122e-06
4.58776e-06
2.39669e-06
9.21213e-07
1.9719e-07
1.54591e-08
2.78827e-09
0.000919221
0.00134723
0.00160879
0.0016641
0.00161155
0.00152718
0.00143972
0.00135742
0.00128717
0.00123226
0.0011891
0.00114533
0.00107568
0.000954163
0.000780355
0.000584323
0.000407642
0.000274618
0.000185283
0.000128834
9.38145e-05
7.19241e-05
5.76563e-05
4.80946e-05
4.01429e-05
3.2191e-05
2.38607e-05
1.60244e-05
9.37163e-06
4.72001e-06
1.76346e-06
3.73099e-07
2.90315e-08
5.07985e-09
0.00112951
0.00149131
0.00168799
0.00168811
0.00159566
0.00149066
0.00139001
0.00129646
0.00121925
0.0011652
0.00113245
0.00110856
0.00106977
0.000987733
0.000850836
0.000674355
0.000495064
0.000345963
0.000237884
0.000166511
0.000121197
9.27863e-05
7.45774e-05
6.26921e-05
5.39925e-05
4.6046e-05
3.77312e-05
2.80941e-05
1.74534e-05
8.84367e-06
3.29801e-06
6.94777e-07
5.29222e-08
8.3996e-09
0.00133967
0.00163708
0.00176614
0.00170783
0.00158162
0.00146013
0.00134777
0.00124132
0.00115264
0.00109367
0.00106532
0.00105424
0.00103511
0.000978903
0.000870925
0.000718541
0.00055056
0.000399099
0.000281539
0.0001999
0.00014608
0.000112066
9.03252e-05
7.61499e-05
6.64904e-05
5.8603e-05
5.09504e-05
4.18224e-05
2.99886e-05
1.61863e-05
6.17101e-06
1.29805e-06
9.56114e-08
1.26417e-08
0.00154991
0.00178934
0.00184696
0.0017298
0.00157923
0.00144447
0.00131914
0.00119817
0.00109696
0.00102969
0.000999735
0.000993786
0.000984256
0.000942355
0.000854667
0.000725188
0.000574832
0.000430419
0.000311978
0.000225875
0.000167317
0.000129183
0.000104599
8.85515e-05
7.77911e-05
6.98744e-05
6.30096e-05
5.53118e-05
4.44453e-05
2.80243e-05
1.16652e-05
2.46369e-06
1.74299e-07
1.71169e-08
0.00175621
0.0019442
0.00193036
0.00175735
0.00158806
0.00144309
0.00130466
0.00116867
0.00105562
0.000980376
0.000943809
0.000932188
0.000920146
0.000884086
0.000811952
0.000704934
0.000576345
0.00044384
0.000330143
0.000244892
0.000184986
0.000144752
0.000118209
0.00010061
8.88967e-05
8.07857e-05
7.46032e-05
6.86201e-05
6.00849e-05
4.37915e-05
2.04196e-05
4.72107e-06
3.25905e-07
2.10995e-08
0.00192139
0.00209544
0.00201366
0.00179046
0.00160568
0.00145181
0.00130054
0.00115379
0.0010323
0.000948377
0.000900432
0.000875396
0.00085345
0.000817038
0.00075498
0.00066673
0.000560672
0.000449633
0.000348951
0.000266102
0.000204593
0.000163058
0.000134973
0.000115852
0.000103098
9.44687e-05
8.86572e-05
8.42607e-05
7.80751e-05
6.28636e-05
3.34594e-05
8.32907e-06
6.09965e-07
2.37417e-08
0.00203429
0.00223793
0.00209413
0.00182846
0.00163088
0.00146747
0.00130457
0.0011506
0.00102478
0.00093425
0.000874542
0.000834793
0.000802036
0.000762982
0.000708438
0.000637283
0.000554057
0.000466312
0.000382798
0.000309091
0.000247846
0.000200673
0.000168819
0.000146387
0.000130636
0.000119866
0.000112889
0.000108216
0.00010256
8.75141e-05
5.21704e-05
1.40061e-05
1.08517e-06
2.53638e-08
0.00213489
0.00236767
0.00216855
0.00186961
0.00166148
0.00148787
0.00131549
0.00115953
0.00103568
0.000944812
0.000879715
0.000831747
0.000793706
0.00075413
0.000707766
0.000653749
0.000593614
0.000530358
0.000467264
0.000406604
0.000349819
0.000297221
0.000253363
0.000219993
0.000194037
0.000174222
0.000159851
0.000149481
0.000139506
0.000120758
7.69277e-05
2.30253e-05
1.85021e-06
2.61158e-08
0.00221384
0.00247904
0.00223527
0.00191456
0.0016966
0.00151171
0.00133359
0.00118286
0.00106956
0.000988264
0.000930021
0.000887914
0.000853345
0.000819785
0.000784617
0.000747013
0.000706902
0.000664561
0.000620067
0.000572996
0.000522672
0.000468559
0.000409642
0.000354794
0.000307435
0.000267674
0.000235771
0.000211397
0.000191053
0.000163385
0.000107464
3.42162e-05
2.94356e-06
2.76637e-08
0.0022748
0.00257445
0.00229415
0.00196365
0.00173397
0.00153745
0.00135875
0.00122132
0.00112704
0.00106481
0.00102408
0.000996208
0.000972144
0.00094973
0.00092678
0.000902468
0.000875511
0.000844956
0.000809644
0.000768228
0.000719254
0.000661508
0.000594245
0.000517103
0.000443457
0.000379689
0.000326487
0.000283848
0.000249385
0.000210354
0.000140441
4.65611e-05
4.16204e-06
4.28002e-08
0.002324
0.00265526
0.00234427
0.0020101
0.00176928
0.00156174
0.00138819
0.00126967
0.00119831
0.00115779
0.00113459
0.00111729
0.00110295
0.00108914
0.00107376
0.00105522
0.00103236
0.00100453
0.000969898
0.000927481
0.000876221
0.00081498
0.000742714
0.000658729
0.000564806
0.000477458
0.000406141
0.000348475
0.000301302
0.000252724
0.000170123
5.77747e-05
5.2572e-06
7.46759e-08
0.0023651
0.00272132
0.0023848
0.00204779
0.00179693
0.00157951
0.00141411
0.00131346
0.00125944
0.00123014
0.00121096
0.00119587
0.00118121
0.00116423
0.00114272
0.00111489
0.00107923
0.00103848
0.000994812
0.00094835
0.00089838
0.000843723
0.000782967
0.000714616
0.000637373
0.000550298
0.000459438
0.000391157
0.000335637
0.000282043
0.000191051
6.54739e-05
5.95927e-06
1.12389e-07
0.00240033
0.00277235
0.00241519
0.00207622
0.00181132
0.00158356
0.00142258
0.00132864
0.00127516
0.00124036
0.00121219
0.0011847
0.00115468
0.0011204
0.00108111
0.00103679
0.000987789
0.000940645
0.000897159
0.000856632
0.000817558
0.000778005
0.000735707
0.000688329
0.000633439
0.000568643
0.000492859
0.000413584
0.000349662
0.000293562
0.000200303
6.83478e-05
6.12379e-06
1.48767e-07
0.00243043
0.00280854
0.00243191
0.00209076
0.0018058
0.0015639
0.00139553
0.00129314
0.00122587
0.00117198
0.00112114
0.00106907
0.0010148
0.000959346
0.00090479
0.000853583
0.000807746
0.000768996
0.000737504
0.000711333
0.000688418
0.000666806
0.000644193
0.000618084
0.000585711
0.000544009
0.000490175
0.000423435
0.000352532
0.000288455
0.000199147
6.69206e-05
5.83125e-06
1.79077e-07
0.00245812
0.00283124
0.00243601
0.00208658
0.00177027
0.00151141
0.00133084
0.00121093
0.00112025
0.00104038
0.000963884
0.000889284
0.000818165
0.000753438
0.000698192
0.000655117
0.000625141
0.000603517
0.000587521
0.000575027
0.000564493
0.000554885
0.000545257
0.000533827
0.000518358
0.000495772
0.000462436
0.000414673
0.000351278
0.000281573
0.000193168
6.31942e-05
5.29861e-06
2.02949e-07
0.00248742
0.0028436
0.0024439
0.00206176
0.0016178
0.00143942
0.00124326
0.00110225
0.000989281
0.000890098
0.000800195
0.000719805
0.000650777
0.000594857
0.000552812
0.000525451
0.000511191
0.000503067
0.000496248
0.000489549
0.000482805
0.000474932
0.00046732
0.000459659
0.000450838
0.000438633
0.000419592
0.000389318
0.000342403
0.000276124
0.00019106
6.09952e-05
4.83831e-06
2.22535e-07
0.00251793
0.00284276
0.00243059
0.00194417
0.00148935
0.00135993
0.0011485
0.00099122
0.000866319
0.000763016
0.000678106
0.000611255
0.000562195
0.000529491
0.000510233
0.000500403
0.000495564
0.000490906
0.00048286
0.00047174
0.000458824
0.000444239
0.000428903
0.00041459
0.000401346
0.000388543
0.000373701
0.000353234
0.000321263
0.000269917
0.000190425
6.59504e-05
4.8784e-06
2.43642e-07
0.00254806
0.00283114
0.00240569
0.00180405
0.00139637
0.00128143
0.00105954
0.000895515
0.000772044
0.000679693
0.000614045
0.000571839
0.000548962
0.000540088
0.000539297
0.000541164
0.000541747
0.000538647
0.000528905
0.000512784
0.000491326
0.000465943
0.000437421
0.000409527
0.000383163
0.000360016
0.000339065
0.00031804
0.000292467
0.000254389
0.000192157
8.07583e-05
5.9146e-06
2.8073e-07
0.00257729
0.00281176
0.00237382
0.00171667
0.00133629
0.00121014
0.00098439
0.000823912
0.000713576
0.000642793
0.000604029
0.000590202
0.000593706
0.000606792
0.000622435
0.000635075
0.000640927
0.000638627
0.000626287
0.000604117
0.0005731
0.000534899
0.000491936
0.000447319
0.000402656
0.000362149
0.00032688
0.000296025
0.000266876
0.000233188
0.00018397
9.72468e-05
8.07763e-06
3.52157e-07
0.00260605
0.00278778
0.00233916
0.00167814
0.00130742
0.00114969
0.000926465
0.000778093
0.000688831
0.000645046
0.000635401
0.00064946
0.000677372
0.000710357
0.0007412
0.000764455
0.000776362
0.00077606
0.000762715
0.000736329
0.000697611
0.000648009
0.000589819
0.000526187
0.000461103
0.000398935
0.000343169
0.000295293
0.000254371
0.000216051
0.000171305
0.000103091
1.27092e-05
4.78922e-07
0.00263488
0.00276209
0.00230492
0.00168699
0.00131094
0.00110164
0.00088589
0.00075537
0.000691275
0.00067604
0.000694864
0.00073497
0.000785366
0.000837002
0.000882773
0.000917319
0.000936759
0.000939454
0.000927204
0.000899184
0.000855626
0.00079744
0.000726416
0.000645447
0.000558762
0.000471891
0.00039076
0.000319874
0.000260494
0.000210379
0.000162871
0.000104404
1.91115e-05
6.57601e-07
0.00265983
0.00273802
0.00227327
0.00174638
0.00134892
0.00106613
0.000860818
0.000751103
0.000713356
0.000725998
0.000771461
0.000835451
0.000906439
0.000975399
0.00103542
0.0010813
0.00110917
0.00111632
0.00110738
0.00108084
0.0010364
0.000974141
0.000894815
0.000800317
0.000694294
0.000582508
0.000472469
0.000372309
0.000287984
0.000219203
0.000161855
0.000105318
3.30034e-05
9.55146e-07
0.00267829
0.00271787
0.00224578
0.00177864
0.00135681
0.00104153
0.000848416
0.000760274
0.000748185
0.000786872
0.000856592
0.00094201
0.00103132
0.00111561
0.0011882
0.00124416
0.00127998
0.00129319
0.00128909
0.0012667
0.00122543
0.00116456
0.00108348
0.000982249
0.000862678
0.000729468
0.000590743
0.000457169
0.000339593
0.000244854
0.000170452
0.000107991
4.25702e-05
1.20259e-06
0.0026878
0.00270306
0.00222381
0.00176028
0.00134004
0.00102609
0.000845667
0.000778267
0.000789991
0.000852251
0.000943514
0.00104766
0.00115272
0.0012499
0.00133282
0.00139699
0.00143951
0.00145853
0.00145949
0.00144251
0.00140718
0.00135245
0.00127657
0.00117743
0.00105378
0.00090711
0.000743908
0.000576479
0.00042069
0.000290572
0.000191327
0.000116478
5.03712e-05
1.35492e-06
0.00268603
0.00269404
0.00220884
0.00174729
0.00132988
0.00101855
0.000849792
0.00080113
0.000834095
0.000917093
0.00102705
0.0011472
0.00126545
0.00137308
0.00146397
0.00153417
0.00158151
0.00160495
0.00160986
0.00159771
0.00156887
0.00152266
0.00145702
0.00136829
0.0012519
0.00110441
0.00092722
0.000730464
0.00053381
0.000360674
0.000226943
0.000132582
6.12984e-05
2.1213e-06
0.0026718
0.00268952
0.00220472
0.00174133
0.00132688
0.00101777
0.000858403
0.000825612
0.00087679
0.000977544
0.00110341
0.00123708
0.00136627
0.00148229
0.00157925
0.00165363
0.00170391
0.00172991
0.00173684
0.00172751
0.00170342
0.00166504
0.00161111
0.00153778
0.00143822
0.00130394
0.00112868
0.000915181
0.000681502
0.000459458
0.000280485
0.00015716
7.61519e-05
9.84403e-06
0.00264367
0.00268467
0.00222188
0.00174501
0.00133152
0.00102287
0.000869587
0.000849159
0.00091525
0.00103079
0.00117002
0.00131508
0.0014535
0.00157654
0.00167844
0.00175597
0.00180804
0.00183502
0.00184195
0.00183276
0.0018102
0.0017764
0.00173192
0.00167423
0.00159631
0.0014863
0.00133006
0.00111878
0.000861045
0.000590729
0.000356395
0.000192189
9.45687e-05
2.61911e-05
0.00260215
0.00267836
0.0022536
0.00176571
0.00134537
0.00103352
0.000882017
0.000869897
0.000947436
0.00107487
0.00122516
0.00137991
0.0015264
0.00165582
0.00176247
0.00184322
0.00189702
0.00192434
0.00192969
0.00191816
0.00189357
0.00185985
0.00181994
0.00177387
0.00171652
0.0016356
0.00151165
0.00132338
0.00106242
0.000753298
0.000457433
0.000239646
0.000115949
4.87965e-05
0.00255167
0.00266711
0.00228894
0.00181037
0.00137662
0.00105133
0.000895396
0.000886675
0.000971997
0.00110851
0.00126778
0.00143082
0.00158465
0.00172039
0.00183231
0.00191726
0.001974
0.00200275
0.00200518
0.00198965
0.00196012
0.00192212
0.00188114
0.00184032
0.00179782
0.00174373
0.00165752
0.00150895
0.00126972
0.000942104
0.000586096
0.000301605
0.000141046
7.21393e-05
0.00249855
0.00264773
0.0023288
0.00186911
0.0014305
0.00108861
0.000913993
0.000899591
0.00098816
0.00113088
0.00129717
0.00146725
0.00162793
0.00177016
0.00188815
0.00197856
0.00203957
0.00207042
0.00207178
0.00205193
0.00201577
0.00197038
0.00192358
0.00188164
0.00184637
0.00181181
0.00176022
0.00165861
0.00146289
0.00114432
0.000740742
0.000379597
0.000169063
9.27311e-05
0.00244503
0.00261641
0.00236599
0.00193801
0.00150286
0.00114649
0.000946566
0.000913233
0.000994745
0.00114077
0.00131236
0.00148821
0.00165555
0.00180441
0.00192918
0.00202636
0.0020934
0.00212839
0.00213051
0.00210701
0.0020639
0.00200965
0.00195415
0.00190642
0.00187161
0.00184794
0.0018224
0.00176465
0.00162367
0.00134169
0.000914689
0.000473985
0.000199493
0.000109581
0.00234648
0.00256908
0.00239525
0.00201122
0.00158993
0.00122461
0.000996358
0.000933904
0.000998224
0.00113726
0.00130897
0.00148926
0.0016655
0.00182106
0.00195309
0.0020583
0.00213291
0.00217418
0.00217944
0.00215377
0.00210468
0.00204181
0.0019768
0.001921
0.0018822
0.00186229
0.00185328
0.00183025
0.00174319
0.00151625
0.00109574
0.00058331
0.000232167
0.000122754
0.00220899
0.00250168
0.00241121
0.00208386
0.00168665
0.00132044
0.00106574
0.000966772
0.00100318
0.0011266
0.00129246
0.00147281
0.00165167
0.00181377
0.00195399
0.0020699
0.00215316
0.00220252
0.0022139
0.00218835
0.00213546
0.00206583
0.00199243
0.0019286
0.00188401
0.00186335
0.00186314
0.00186458
0.00182342
0.00165762
0.00127109
0.00070439
0.000267049
0.000132912
0.0020494
0.00241042
0.00240772
0.00214856
0.00178671
0.00142927
0.00115473
0.00101679
0.00101587
0.00111388
0.00126634
0.00144148
0.00161968
0.0017856
0.00193184
0.00205412
0.00214633
0.00220548
0.00222673
0.00220479
0.00215173
0.00207871
0.00199975
0.00192991
0.00188003
0.00185674
0.00186016
0.00187728
0.00187168
0.00176372
0.00142969
0.000832794
0.000304436
0.000140634
0.00187024
0.0022927
0.00237933
0.00219807
0.00188317
0.00154486
0.00126035
0.00108694
0.00104298
0.00110592
0.00123608
0.0013993
0.00157233
0.00173846
0.00188798
0.00201484
0.00211341
0.00217959
0.0021922
0.00217178
0.00214841
0.00207676
0.00199639
0.00192413
0.00187121
0.00184554
0.00184991
0.00187612
0.00189611
0.00183771
0.0015644
0.000963852
0.000344538
0.00014637
0.00167682
0.0021481
0.00232175
0.00222556
0.00196873
0.00166014
0.00137707
0.00117679
0.00108973
0.00111041
0.00120897
0.00135221
0.00151411
0.00167583
0.00182522
0.00195431
0.00205693
0.00212811
0.00210406
0.00206135
0.00202266
0.00199109
0.00196936
0.00191007
0.00185746
0.0018312
0.00183575
0.0018667
0.00190386
0.00188506
0.00167269
0.00109201
0.000387537
0.000150461
0.00147768
0.00197851
0.0022322
0.00222475
0.00203614
0.00176773
0.00149775
0.00128232
0.00115807
0.00113403
0.00119332
0.00130796
0.00145145
0.00160298
0.00174793
0.0018763
0.00198078
0.00205562
0.00202386
0.00196882
0.00191954
0.00187793
0.00184631
0.00183348
0.0018376
0.00181426
0.00181956
0.00185275
0.00190043
0.00191147
0.00175504
0.00121182
0.000433639
0.000153161
0.00128522
0.00178945
0.00210998
0.00219068
0.00207837
0.00186036
0.0016146
0.0013968
0.00124576
0.00118036
0.00119667
0.00127534
0.00139263
0.00152713
0.0016623
0.00178612
0.00188987
0.00196698
0.00196144
0.00189667
0.00183893
0.00178923
0.00175074
0.00172952
0.00173478
0.0017742
0.00180197
0.00183678
0.00188985
0.00192191
0.00181385
0.00131895
0.000482738
0.000154671
0.00110983
0.00159085
0.00195828
0.00212066
0.00208924
0.00193102
0.00171991
0.00151211
0.00134691
0.00124861
0.00122357
0.0012623
0.00134673
0.00145715
0.00157636
0.00169084
0.00179047
0.0018678
0.00191782
0.0018467
0.00177878
0.001722
0.00167864
0.00165046
0.0016445
0.00166873
0.00172039
0.0017752
0.00180432
0.00181202
0.00182665
0.00141113
0.000534038
0.000155154
0.000967165
0.00139653
0.00178391
0.00201487
0.00206415
0.00197326
0.00180649
0.00161993
0.00145345
0.00133378
0.00127411
0.00127374
0.00132171
0.00140231
0.00149945
0.00159916
0.00169038
0.00176477
0.00181681
0.00181966
0.00174498
0.00167859
0.00162701
0.00159085
0.00157493
0.00158491
0.00162146
0.00166789
0.00170105
0.00170834
0.00173981
0.00148646
0.000586848
0.000154749
0.000867066
0.00122224
0.00159891
0.00187781
0.00200142
0.00198184
0.00186791
0.00171259
0.00155665
0.00142806
0.00134386
0.00130994
0.00132223
0.00137019
0.00144063
0.00152053
0.00159869
0.00166627
0.00171714
0.00174847
0.00173506
0.00166027
0.00159643
0.001549
0.00152138
0.00151837
0.0015414
0.00158012
0.00161662
0.00162383
0.00166577
0.00153959
0.000639753
0.000153573
0.000820067
0.00108473
0.00141987
0.00171901
0.00190308
0.00195368
0.00189882
0.00178352
0.00164838
0.0015226
0.00142532
0.00136665
0.00134817
0.00136456
0.0014065
0.00146321
0.00152436
0.00158128
0.00162761
0.00166009
0.00168085
0.00166212
0.00158543
0.00152372
0.00148244
0.00146616
0.00147717
0.00150898
0.00154703
0.00155552
0.00160666
0.00158256
0.000687832
0.000151735
0.000834622
0.000997546
0.00126528
0.00155305
0.00177602
0.00188912
0.00189565
0.00182745
0.00172185
0.00160903
0.0015097
0.00143652
0.00139503
0.00138446
0.00139943
0.00143215
0.00147409
0.00151745
0.00155612
0.00158664
0.00161053
0.00162675
0.00159207
0.00151428
0.00145765
0.00142826
0.00142851
0.0014538
0.00149163
0.00150321
0.00155912
0.00156074
0.00072754
0.000149331
0.000908504
0.000974383
0.00115613
0.00140061
0.00163328
0.00179292
0.00185757
0.00184073
0.00177191
0.00168051
0.00158869
0.00151097
0.00145546
0.0014248
0.00141719
0.00142785
0.00145059
0.00147909
0.00150797
0.00153381
0.00155685
0.00157787
0.00159793
0.0015222
0.00144917
0.00140681
0.00139741
0.00141659
0.00145258
0.00146616
0.00151895
0.0015134
0.000769835
0.000146536
0.00103893
0.00102477
0.00110732
0.001283
0.00149343
0.00167573
0.00178781
0.00182202
0.00179507
0.00173205
0.00165562
0.00158197
0.00152115
0.00147817
0.00145402
0.00144669
0.00145231
0.00146637
0.00148461
0.00150397
0.00152339
0.00154535
0.0015698
0.0015544
0.00146284
0.00140673
0.00138778
0.00140071
0.00143309
0.00144542
0.00148836
0.0014855
0.000815192
0.000143426
0.00121647
0.00114502
0.00113736
0.00122477
0.00138117
0.00155519
0.00169525
0.00177368
0.00179004
0.0017606
0.00170593
0.00164334
0.00158463
0.00153667
0.0015025
0.00148231
0.00147434
0.00147582
0.00148381
0.00149592
0.00151101
0.00153047
0.00155509
0.00158501
0.00150834
0.001436
0.00140555
0.00141086
0.00143697
0.00144425
0.00147367
0.0014503
0.000863123
0.000140093
0.00142051
0.00132647
0.00124817
0.00124026
0.00132076
0.00145473
0.00159526
0.00170261
0.00175818
0.00176476
0.00173689
0.00169106
0.00164043
0.00159362
0.00155538
0.00152757
0.00151013
0.0015018
0.00150089
0.0015058
0.00151559
0.00153063
0.00155248
0.00158136
0.00159632
0.00150467
0.001459
0.00145332
0.00146859
0.00146523
0.00147478
0.00142102
0.000915664
0.000136672
0.00160145
0.00154044
0.00142748
0.00134435
0.00133362
0.00140094
0.00151111
0.00162324
0.00170554
0.00174547
0.00174714
0.00172273
0.00168517
0.00164448
0.00160703
0.0015762
0.00155327
0.0015382
0.00153033
0.00152885
0.00153318
0.00154326
0.00156051
0.00158596
0.00161999
0.00161895
0.00155621
0.00153415
0.00153138
0.00150906
0.00148711
0.00139568
0.000973514
0.000133313
0.00167451
0.0017258
0.00163793
0.00151678
0.00143169
0.00141684
0.0014691
0.00155723
0.00164532
0.00170826
0.0017375
0.00173707
0.00171673
0.00168646
0.0016539
0.00162386
0.00159888
0.00157998
0.00156736
0.00156086
0.00156036
0.0015659
0.00157823
0.00159943
0.00163048
0.00167218
0.00169191
0.00164954
0.00161973
0.00156772
0.00150174
0.00137437
0.00103752
0.000130231
0.0015625
0.00180185
0.00181577
0.00171706
0.00159523
0.00151099
0.00149105
0.00152862
0.00159665
0.00166467
0.00171282
0.00173477
0.00173388
0.00171765
0.00169371
0.00166792
0.00164399
0.001624
0.00160894
0.00159928
0.00159532
0.00159735
0.00160579
0.0016235
0.0016518
0.00169193
0.00174413
0.00176884
0.00170414
0.00161424
0.00149721
0.00134353
0.00110851
0.000127733
0.00128216
0.00171958
0.00189454
0.00188631
0.00178475
0.00166652
0.00158446
0.00155883
0.00158194
0.0016318
0.00168307
0.00171978
0.00173681
0.00173651
0.00172442
0.00170629
0.00168663
0.00166845
0.00165357
0.0016431
0.0016378
0.00163837
0.0016455
0.00166118
0.00168789
0.00172674
0.0017774
0.00183231
0.0017312
0.00160722
0.00144719
0.00127688
0.00118672
0.000126034
0.000972533
0.00151182
0.00184644
0.00197296
0.00194955
0.00184823
0.00173521
0.00165466
0.00162231
0.00163126
0.00166438
0.00170118
0.00172875
0.0017425
0.00174361
0.00173601
0.00172393
0.00171085
0.00169927
0.00169093
0.0016871
0.00168887
0.00169728
0.00171343
0.00174024
0.00177824
0.00182563
0.00179719
0.00167441
0.00152958
0.00134477
0.00116335
0.00102124
0.000125014
0.00076922
0.00127704
0.00170514
0.00196135
0.00204977
0.00201407
0.00191414
0.00180582
0.00172519
0.0016846
0.00167921
0.00169611
0.00171962
0.0017392
0.00175045
0.00175367
0.0017513
0.00174627
0.00174121
0.0017382
0.0017389
0.0017447
0.00175679
0.00177584
0.00180404
0.00184083
0.00182422
0.0016967
0.00157094
0.00141845
0.00122142
0.00103022
0.000803653
0.000126819
0.000735819
0.00111934
0.00154697
0.00188218
0.00207621
0.00213216
0.00208454
0.00198547
0.00188119
0.00179912
0.00174882
0.00172896
0.00172993
0.00174044
0.00175204
0.00176084
0.00176626
0.00176952
0.00177239
0.00177666
0.00178395
0.00179565
0.00181289
0.00183631
0.00186555
0.00186341
0.00171948
0.0015972
0.00147921
0.00133253
0.00114104
0.000936242
0.000671116
0.000143084
0.000168086
0.000477376
0.000783305
0.000491058
0.000264579
0.000153199
0.000182111
0.000468882
0.000735868
0.000458197
0.000267838
0.000165148
0.000195998
0.000455287
0.000701034
0.000440252
0.000283889
0.000199879
0.000209448
0.000439336
0.000675086
0.000430158
0.00030691
0.000258863
0.00022215
0.000422662
0.000655245
0.000424901
0.000336032
0.000353984
0.000233817
0.000405719
0.000639625
0.000422824
0.000370654
0.00049204
0.000243883
0.000387703
0.000626853
0.000422804
0.000410923
0.000660994
0.000252319
0.000370764
0.000614002
0.000424392
0.000457691
0.000845495
0.000259124
0.000355631
0.000600038
0.000428032
0.000511242
0.0010327
0.000264324
0.000342393
0.000585209
0.000433633
0.000571745
0.00121458
0.000267971
0.000330942
0.000569702
0.000441223
0.000639113
0.00138684
0.000270122
0.000321068
0.000553744
0.000450882
0.000712741
0.00154607
0.00027084
0.000312536
0.000537577
0.000462666
0.000790233
0.00159512
0.000270185
0.000305114
0.000521433
0.000476603
0.000870131
0.00163074
0.000268222
0.000298593
0.000505541
0.00049267
0.0009512
0.00166322
0.000265011
0.000292768
0.000490087
0.000510727
0.00103232
0.00169309
0.000260614
0.000287467
0.000475205
0.000530563
0.0011123
0.00172073
0.000255089
0.000282536
0.00046098
0.000551552
0.00116428
0.00174693
0.000248483
0.00027784
0.000447447
0.000572804
0.00117939
0.00177235
0.000240839
0.000273254
0.000434601
0.000593849
0.0011958
0.00179735
0.000232186
0.00026865
0.000422396
0.000614245
0.00121559
0.00182242
0.000222539
0.000263907
0.000410751
0.000633528
0.00123757
0.00184824
0.000211918
0.000258901
0.000399517
0.000651139
0.00126136
0.00187484
0.000200371
0.00025353
0.000388513
0.000666576
0.0012872
0.0019015
0.000187963
0.000247726
0.000377512
0.00067935
0.00131548
0.0019276
0.000174728
0.000241543
0.000366283
0.000688868
0.00134765
0.00195262
0.000160682
0.000235107
0.000354624
0.000694414
0.00138301
0.00197572
0.000145839
0.000228611
0.000342383
0.000695178
0.00141891
0.00199551
0.000130224
0.000222326
0.00032948
0.000690371
0.00145736
0.00201081
0.000113908
0.000216657
0.000315996
0.000679273
0.0015004
0.00202076
9.70092e-05
0.000204901
0.000302009
0.000661081
0.00152488
0.00202475
7.97681e-05
0.000198752
0.000287735
0.000635185
0.00148409
0.00202272
6.27103e-05
0.000192859
0.000273456
0.000602403
0.00142707
0.0020153
4.66011e-05
0.000186872
0.000259484
0.000563844
0.00135464
0.00201069
3.2236e-05
0.000178828
0.000246223
0.00052096
0.001268
0.00201714
2.04415e-05
0.000170925
0.00023523
0.000476522
0.00116861
0.00198357
1.18809e-05
0.000163453
0.000228067
0.000433086
0.00105797
0.00185704
6.65995e-06
0.000156442
0.000227583
0.000393365
0.000941312
0.00171097
3.89017e-06
0.000150229
0.000230138
0.000360175
0.000825787
0.00154914
3.9315e-06
0.000145243
0.000236603
0.000334883
0.000717658
0.00137831
4.08331e-06
0.000141314
0.000248316
0.000321078
0.000623552
0.00120636
3.92294e-06
0.000135899
0.000267192
0.000324021
0.00054893
0.00104141
3.45831e-06
0.000121238
0.000294665
0.000342752
0.000496747
0.000894392
3.05681e-06
0.000106159
0.000332681
0.000377476
0.000471505
0.000774189
3.03259e-06
0.000114582
0.000383538
0.000431862
0.000481988
0.00068848
3.05649e-06
0.000124911
0.0004372
0.000506445
0.000524554
0.000645192
2.99906e-06
0.000121042
0.000478929
0.000598009
0.000598359
0.000647939
2.97621e-06
0.000116185
0.000526207
0.000676798
0.000701715
0.000700734
3.05592e-06
0.000116862
0.000596523
0.000749751
0.000829943
0.000798076
3.18515e-06
0.000115702
0.000611992
0.000864884
0.000932884
0.000934041
2.9497e-06
0.000109155
0.000542554
0.000937598
0.00103034
0.0011001
2.19826e-06
8.5829e-05
0.000433399
0.000869274
0.00115311
0.00123702
1.19876e-06
5.00378e-05
0.000276294
0.00070836
0.00123173
0.00134747
3.74522e-07
1.72494e-05
0.000116582
0.000457535
0.00105724
0.00143975
1.19625e-07
6.39693e-06
4.73057e-05
0.000218865
0.000736182
0.00134769
1.25042e-07
6.13342e-06
3.68042e-05
0.000114648
0.000404705
0.00100847
3.05443e-07
8.05405e-06
4.26274e-05
0.000107047
0.000244034
0.000632228
8.199e-07
1.17027e-05
5.70832e-05
0.000134613
0.000240965
0.000454237
1.8088e-06
1.7683e-05
8.14996e-05
0.000181589
0.000299392
0.000448478
3.06534e-06
2.73826e-05
0.00011768
0.000238623
0.000376659
0.000528478
0.000113918
0.000105232
9.78385e-05
9.13827e-05
8.58278e-05
8.09122e-05
7.63573e-05
7.20093e-05
6.78168e-05
6.37665e-05
5.98581e-05
5.61208e-05
5.261e-05
4.93596e-05
4.63858e-05
4.36902e-05
4.12706e-05
3.90872e-05
3.72027e-05
3.53055e-05
0.00109189
0.000852292
0.000702843
0.000596773
0.000517306
0.00045541
0.000405745
0.000364769
0.00033035
0.000301135
0.000276286
0.000255376
0.000237756
0.000222882
0.0002103
0.000199644
0.000190586
0.000182884
0.000176123
0.000170321
0.00167117
0.00185127
0.00174085
0.00161968
0.00149727
0.00138096
0.00127361
0.00117607
0.00108827
0.00100975
0.000939805
0.000877953
0.000823396
0.000775325
0.000732916
0.000695391
0.000661979
0.000632094
0.000604912
0.000581425
0.00204015
0.00202215
0.00199559
0.00196158
0.00191922
0.00186884
0.00181248
0.00175208
0.00168942
0.00162606
0.0015633
0.00150219
0.00144351
0.00138773
0.00133508
0.00128563
0.00123924
0.00119575
0.00115485
0.00111792
0.00192533
0.00190711
0.00188854
0.00186983
0.00185061
0.00182999
0.00180711
0.00178195
0.0017546
0.0017253
0.00169434
0.00166212
0.00162903
0.00159545
0.00156172
0.00152811
0.00149481
0.00146204
0.00142986
0.00139973
0.00169583
0.00165908
0.00162753
0.00160042
0.00157704
0.00155662
0.00153745
0.00151915
0.00150141
0.00148395
0.00146657
0.00144911
0.00143147
0.0014136
0.00139549
0.00137715
0.00135864
0.00133998
0.00132131
0.00130347
0.00127886
0.0012324
0.00119543
0.00116591
0.00114233
0.00112327
0.00110649
0.0010915
0.0010779
0.00106533
0.00105351
0.0010422
0.0010312
0.00102039
0.00100965
0.000998949
0.000988201
0.00097746
0.000966675
0.000956367
0.000706993
0.00067602
0.000653895
0.000638336
0.000627628
0.00061967
0.000613034
0.000607283
0.000602083
0.000597187
0.000592407
0.00058761
0.000582704
0.000577632
0.000572367
0.000566906
0.000561266
0.000555471
0.000549586
0.000543792
0.000233675
0.00022451
0.000218653
0.000215276
0.000213676
0.000212169
0.000211067
0.000210147
0.000209254
0.000208284
0.000207174
0.000205888
0.000204416
0.000202766
0.000200955
0.00019901
0.000196961
0.000194845
0.000192698
0.000190606
3.80377e-05
3.42442e-05
3.15067e-05
2.9643e-05
2.84763e-05
2.79329e-05
2.77991e-05
2.79324e-05
2.82334e-05
2.86334e-05
2.90851e-05
2.9555e-05
3.00202e-05
3.04647e-05
3.08779e-05
3.12549e-05
3.15916e-05
3.18981e-05
3.21497e-05
3.24384e-05
0.000840395
0.00109873
0.00145363
0.00179818
0.00205451
0.00213656
0.00200161
0.00197365
0.002049
0.00195156
0.00187051
0.00181288
0.00178441
0.00176997
0.00176752
0.00177066
0.00177596
0.00178238
0.00179008
0.0017998
0.00181252
0.00182909
0.00185022
0.00187611
0.00181016
0.00174038
0.00167517
0.00155657
0.001446
0.00131294
0.0011467
0.000961361
0.00072163
0.000709911
0.000988434
0.0012023
0.00146481
0.0017636
0.00203013
0.00207088
0.00189268
0.00177808
0.0017603
0.00185232
0.0020217
0.00194538
0.00188756
0.00184764
0.0018216
0.00180683
0.00180066
0.00180067
0.00180551
0.00181454
0.0018276
0.00184458
0.00186541
0.00188979
0.0018313
0.0017665
0.001706
0.00163518
0.00152162
0.00139622
0.00124986
0.00109516
0.000968672
0.000961389
0.00111958
0.00138512
0.00158627
0.00181468
0.00204792
0.00211023
0.00191358
0.0017398
0.00163579
0.00161419
0.00166919
0.00182266
0.00202512
0.00197018
0.00192537
0.00189326
0.00186856
0.00185281
0.00184556
0.00184508
0.00185046
0.00186079
0.0018752
0.00189296
0.0019133
0.00193598
0.00196031
0.00189565
0.00179097
0.00165606
0.00151315
0.00138318
0.00128765
0.00134588
0.00116365
0.00152502
0.00176596
0.00194586
0.00212905
0.0022379
0.00204255
0.00182891
0.00166107
0.00156032
0.0015251
0.00155293
0.00166582
0.001866
0.00206062
0.00202045
0.00198521
0.00195689
0.00193807
0.00192362
0.00191605
0.00191454
0.00191789
0.00192493
0.0019347
0.00194788
0.00196329
0.00197981
0.00199651
0.00201245
0.00202619
0.00195299
0.00186567
0.00194353
0.00112009
0.0015639
0.00190161
0.00209649
0.00224902
0.00237872
0.0022203
0.00199446
0.00178654
0.00162846
0.00152916
0.00148369
0.00149699
0.00157344
0.00172209
0.00195699
0.00212361
0.00209651
0.00207307
0.00205297
0.00203716
0.00202683
0.00202081
0.00201696
0.00201513
0.00201491
0.00201537
0.00201472
0.00201135
0.00200423
0.00199265
0.00197748
0.00196033
0.00194286
0.000944037
0.00143146
0.00186949
0.00215428
0.00232262
0.00244531
0.00239913
0.00218779
0.00196316
0.00176761
0.00162232
0.0015285
0.00148502
0.00149205
0.00155025
0.00166526
0.00183638
0.00207856
0.0022064
0.00219143
0.00217308
0.00215513
0.00213861
0.00212363
0.0021098
0.00209367
0.00207156
0.00204156
0.00200256
0.0019549
0.00190076
0.00184396
0.00178877
0.00173879
0.000640722
0.00107351
0.00155897
0.001959
0.00218877
0.00234241
0.0024454
0.00235846
0.00216539
0.00195558
0.00178029
0.00165326
0.00157433
0.00154118
0.00155127
0.00160458
0.00170029
0.00184049
0.00203193
0.00224769
0.00222783
0.00220097
0.00216926
0.0021339
0.00209481
0.00204445
0.00197837
0.00189688
0.0018025
0.00169997
0.00159598
0.00149766
0.00141047
0.00133731
0.000310953
0.000558959
0.000910723
0.00129973
0.00162079
0.00181506
0.00196005
0.0020693
0.00214566
0.00206638
0.00190776
0.00177816
0.00168939
0.00163786
0.0016229
0.00164336
0.00169421
0.00177207
0.00188077
0.00200779
0.00196196
0.00190704
0.0018454
0.00177858
0.00170414
0.00160205
0.00147986
0.0013472
0.00121376
0.0010882
0.000976869
0.000883236
0.000807865
0.000749733
8.95338e-05
0.000154046
0.000253754
0.000390087
0.000555418
0.000696507
0.00079992
0.000895212
0.000981845
0.00105309
0.00110695
0.00115021
0.00117215
0.00118055
0.00117583
0.00115951
0.00113329
0.00109925
0.00105909
0.00101437
0.000964486
0.000911227
0.000856262
0.000800347
0.000724842
0.000642348
0.000561727
0.000488567
0.000424534
0.000370581
0.000326834
0.000292477
0.000266425
0.000247198
1.96714e-05
2.85043e-05
3.56136e-05
4.1177e-05
4.57292e-05
5.00632e-05
5.38266e-05
5.67749e-05
5.88971e-05
5.95547e-05
5.87169e-05
5.77959e-05
5.7871e-05
6.40142e-05
7.05719e-05
7.67076e-05
8.21569e-05
8.65368e-05
9.00141e-05
9.27481e-05
9.47267e-05
9.58675e-05
9.61538e-05
9.54929e-05
9.42016e-05
9.20379e-05
8.87055e-05
8.40866e-05
7.82194e-05
7.1311e-05
6.37884e-05
5.62228e-05
4.91547e-05
4.30015e-05
4.11812e-06
4.26806e-05
0.000160008
0.000287754
0.000447211
0.000636403
4.68243e-06
6.26671e-05
0.000190248
0.000314024
0.000494007
0.000733231
4.92738e-06
7.95393e-05
0.000199576
0.00031968
0.000510507
0.000789954
4.75029e-06
8.58742e-05
0.000193955
0.000306136
0.000495347
0.000794032
4.08101e-06
8.29498e-05
0.000172545
0.000266777
0.000434886
0.000722914
2.93124e-06
6.98958e-05
0.000136204
0.00020585
0.000334165
0.000571073
1.49051e-06
4.83263e-05
9.07514e-05
0.000133418
0.000213265
0.000367451
5.46288e-07
2.27426e-05
4.44264e-05
6.51537e-05
0.000103163
0.000175457
1.65248e-07
2.8736e-06
9.27669e-06
1.71574e-05
3.03562e-05
5.26009e-05
2.48428e-08
9.23684e-08
1.61281e-07
5.22659e-07
3.29215e-06
1.03276e-05
)
;

boundaryField
{
    inlet
    {
        type            calculated;
        value           uniform 0.0033976;
    }
    outlet
    {
        type            calculated;
        value           nonuniform List<scalar> 10(3.53055e-05 0.000170321 0.000581425 0.00111792 0.00139973 0.00130347 0.000956367 0.000543792 0.000190606 3.24384e-05);
    }
    walls
    {
        type            nutUBlendedWallFunction;
        blending        stepwise;
        Cmu             0.09;
        kappa           0.41;
        E               9.8;
        n               4;
        value           nonuniform List<scalar> 
423
(
2.64644e-06
3.1977e-06
3.69574e-06
4.1489e-06
4.55747e-06
4.91616e-06
5.23512e-06
5.52857e-06
5.80583e-06
6.07381e-06
6.33778e-06
6.60193e-06
6.86936e-06
7.14153e-06
7.41933e-06
7.70583e-06
8.00609e-06
8.31414e-06
8.59032e-06
8.77994e-06
0
1.23942e-07
0
0
0
0
0
0
0
0
0
0
0
1.28234e-07
1.34519e-07
1.24992e-07
1.32768e-07
0
0
0
0
0
6.52325e-08
6.76611e-08
0
0
0
0
0
0
1.65685e-07
6.84416e-07
1.35454e-06
2.02972e-06
0
0
0
0
0
0
0
0
0
0
0
0
0
0
0
0
0
0
7.89762e-07
1.44894e-06
1.71147e-06
1.78093e-06
1.70503e-06
1.48461e-06
1.09567e-06
4.42959e-07
0
0
0
0
0
0
0
0
0
0
4.6656e-07
1.54019e-06
2.41743e-06
3.1589e-06
3.80015e-06
4.36108e-06
4.85315e-06
5.28334e-06
5.6554e-06
5.97147e-06
6.23359e-06
6.44431e-06
6.60645e-06
6.72367e-06
6.79942e-06
6.83846e-06
6.84325e-06
6.81669e-06
6.76061e-06
6.68214e-06
6.58645e-06
6.47945e-06
6.36766e-06
6.25809e-06
6.15843e-06
6.07677e-06
6.02045e-06
5.99922e-06
6.01835e-06
6.08611e-06
6.21375e-06
6.41392e-06
6.70541e-06
7.11188e-06
7.66182e-06
8.39446e-06
9.33384e-06
1.0511e-05
1.19158e-05
1.35246e-05
1.49522e-05
1.62414e-05
1.73638e-05
1.84647e-05
1.93562e-05
1.99949e-05
2.04003e-05
2.06039e-05
2.06444e-05
2.05529e-05
2.03498e-05
2.0055e-05
1.96867e-05
1.92582e-05
1.87769e-05
1.82476e-05
1.76747e-05
1.70623e-05
1.64144e-05
1.57339e-05
1.50224e-05
1.42802e-05
1.35067e-05
1.26991e-05
1.1857e-05
1.09914e-05
1.01151e-05
9.22976e-06
8.32386e-06
7.38832e-06
6.41905e-06
5.41548e-06
4.38954e-06
3.35872e-06
2.38666e-06
1.56346e-06
8.98577e-07
3.66477e-07
5.34299e-08
0
0
0
0
0
4.30162e-08
1.13094e-07
0
0
0
0
1.27065e-07
1.28246e-08
0
0
0
0
0
0
0
0
0
0
0
0
0
6.13701e-07
9.18914e-08
0
0
0
0
0
0
0
0
3.41318e-08
0
0
0
0
7.63296e-08
1.84058e-06
2.60974e-06
2.9079e-06
2.8804e-06
2.56393e-06
1.91875e-06
7.65894e-07
0
0
0
0
0
0
0
1.08931e-06
2.68485e-06
3.83864e-06
4.70185e-06
5.33378e-06
5.77012e-06
6.02634e-06
6.12687e-06
6.06993e-06
5.86213e-06
5.51433e-06
5.07433e-06
4.564e-06
4.04671e-06
3.58722e-06
3.22066e-06
2.94788e-06
2.74923e-06
2.60703e-06
2.49919e-06
2.42402e-06
2.38186e-06
2.36698e-06
2.37447e-06
2.40263e-06
2.44336e-06
2.49106e-06
2.54192e-06
2.59318e-06
2.64287e-06
2.68934e-06
2.73168e-06
2.76945e-06
2.80285e-06
2.83167e-06
2.85828e-06
2.87709e-06
2.90828e-06
5.63092e-06
5.88092e-06
5.68333e-06
5.45858e-06
5.28162e-06
5.10685e-06
4.90989e-06
4.69944e-06
4.48746e-06
4.2785e-06
4.08067e-06
3.89853e-06
3.73214e-06
3.58044e-06
3.44213e-06
3.31606e-06
3.20177e-06
3.09239e-06
3.00786e-06
2.8762e-06
0
0
0
0
0
0
0
0
0
0
0
0
0
0
0
0
0
0
0
1.00907e-09
7.93002e-08
8.98379e-08
3.74093e-08
0
0
0
0
0
0
0
0
0
0
0
0
0
2.91281e-06
5.18143e-06
6.73063e-06
7.86893e-06
8.74369e-06
9.43183e-06
9.97422e-06
1.03912e-05
1.06996e-05
1.09132e-05
1.10355e-05
1.10749e-05
1.10346e-05
1.0906e-05
1.06704e-05
1.03039e-05
9.76838e-06
8.97929e-06
7.76734e-06
5.80451e-06
2.27822e-06
0
0
0
0
0
0
0
0
0
0
0
0
0
1.92232e-07
0
0
0
0
0
0
0
0
0
0
0
0
0
0
0
4.18114e-08
0
0
0
0
0
0
0
0
0
0
4.8438e-07
1.13277e-06
1.66162e-06
1.85493e-06
1.84321e-06
1.66398e-06
1.249e-06
5.76455e-07
0
0
0
0
0
0
0
0
0
0
0
0
0
0
0
6.07143e-06
5.82953e-06
5.66762e-06
5.60382e-06
5.60592e-06
5.66416e-06
5.76483e-06
5.90054e-06
6.06475e-06
6.25255e-06
6.4603e-06
6.68524e-06
6.92519e-06
7.17804e-06
7.44229e-06
7.7194e-06
8.01342e-06
8.31763e-06
8.59157e-06
8.78011e-06
)
;
    }
    baffle
    {
        type            nutUBlendedWallFunction;
        blending        stepwise;
        Cmu             0.09;
        kappa           0.41;
        E               9.8;
        n               4;
        value           nonuniform List<scalar> 
71
(
0
0
0
0
0
0
0
0
3.07916e-07
3.52489e-07
0
0
0
0
0
0
0
0
0
0
1.37609e-08
0
0
0
0
0
1.08958e-09
0
0
0
0
0
0
0
0
0
0
0
0
0
0
0
0
1.3714e-06
2.35063e-06
2.84385e-06
3.07061e-06
3.1525e-06
3.12365e-06
2.98476e-06
2.70955e-06
2.26318e-06
1.5312e-06
4.46078e-07
0
0
0
0
0
0
0
0
0
0
0
0
3.05087e-08
4.60229e-08
0
0
0
)
;
    }
    frontAndBack
    {
        type            empty;
    }
}


// ************************************************************************* //
