/*--------------------------------*- C++ -*----------------------------------*\
| =========                 |                                                 |
| \\      /  F ield         | OpenFOAM: The Open Source CFD Toolbox           |
|  \\    /   O peration     | Version:  v2012                                 |
|   \\  /    A nd           | Website:  www.openfoam.com                      |
|    \\/     M anipulation  |                                                 |
\*---------------------------------------------------------------------------*/
FoamFile
{
    version     2.0;
    format      ascii;
    class       volScalarField;
    location    "567";
    object      p;
}
// * * * * * * * * * * * * * * * * * * * * * * * * * * * * * * * * * * * * * //

dimensions      [0 2 -2 0 0 0 0];


internalField   nonuniform List<scalar> 
6018
(
1.25316
1.25293
1.2537
1.25529
1.25778
1.26125
1.26564
1.27084
1.27671
1.28312
1.2899
1.29694
1.3042
1.31172
1.31951
1.32737
1.335
1.34392
1.36025
1.38613
1.24892
1.24871
1.24982
1.25206
1.25529
1.25942
1.26434
1.26995
1.27615
1.28282
1.28984
1.29701
1.30429
1.31177
1.31944
1.32707
1.33439
1.34204
1.3526
1.36483
1.23932
1.24051
1.24297
1.24646
1.25083
1.25594
1.26166
1.26789
1.27456
1.28162
1.28888
1.2961
1.30341
1.31103
1.31872
1.3262
1.33343
1.34112
1.34943
1.35402
1.22853
1.23138
1.23545
1.24041
1.24605
1.25221
1.25879
1.26568
1.27283
1.2802
1.28766
1.29511
1.30266
1.31037
1.318
1.32533
1.33246
1.33981
1.34646
1.34914
1.21647
1.22124
1.22717
1.2338
1.24087
1.24821
1.25572
1.26336
1.27109
1.27886
1.28662
1.29436
1.30214
1.30995
1.31759
1.32489
1.33198
1.33904
1.3448
1.34697
1.20317
1.21029
1.21843
1.22698
1.23561
1.24421
1.25271
1.26112
1.26943
1.27763
1.28571
1.29371
1.30169
1.30963
1.31736
1.32472
1.33186
1.33895
1.34472
1.3469
1.18849
1.19871
1.20953
1.22024
1.23056
1.24044
1.24994
1.25911
1.26799
1.27659
1.28497
1.29317
1.30133
1.30945
1.31733
1.32484
1.3321
1.33954
1.34624
1.34895
1.17291
1.1867
1.20074
1.21388
1.22599
1.23715
1.24761
1.25752
1.26696
1.27598
1.28462
1.29296
1.30127
1.30956
1.31766
1.32543
1.33287
1.34069
1.34909
1.35372
1.15442
1.17417
1.19229
1.20811
1.22198
1.23431
1.24561
1.25614
1.26607
1.27548
1.28446
1.29308
1.30148
1.30981
1.31807
1.32611
1.33369
1.3415
1.35217
1.36445
1.13636
1.16514
1.1867
1.20418
1.219
1.23215
1.24401
1.25492
1.26509
1.27468
1.2838
1.29257
1.30109
1.30952
1.31798
1.32631
1.33424
1.34334
1.35978
1.3857
1.32725
1.32605
1.32486
1.32408
1.32383
1.32398
1.32434
1.32475
1.32514
1.32547
1.32565
1.32543
1.32471
1.32359
1.32229
1.32104
1.31991
1.31876
1.31737
1.31555
1.31326
1.31057
1.30746
1.30364
1.2989
1.29319
1.28649
1.27933
1.27262
1.26713
1.26304
1.25979
1.25692
1.25458
1.32669
1.3254
1.32427
1.32367
1.32366
1.32403
1.32451
1.32494
1.3253
1.32555
1.32566
1.3253
1.32445
1.32329
1.32207
1.32096
1.31997
1.31893
1.31767
1.31603
1.31383
1.31124
1.30854
1.30535
1.30088
1.29515
1.28824
1.28065
1.27326
1.26683
1.26167
1.25735
1.25352
1.25056
1.32482
1.32337
1.32238
1.32217
1.32276
1.32373
1.32468
1.3254
1.32587
1.32609
1.32601
1.32536
1.32422
1.3229
1.3218
1.32104
1.32037
1.31954
1.31853
1.31722
1.31519
1.31245
1.30926
1.3052
1.29966
1.29241
1.28373
1.27436
1.26512
1.25679
1.25007
1.24496
1.24134
1.23946
1.32108
1.31944
1.31873
1.3192
1.32079
1.32284
1.3248
1.32632
1.32723
1.32752
1.32706
1.32598
1.32444
1.32301
1.32207
1.32159
1.32125
1.3207
1.31975
1.31814
1.31525
1.31083
1.30501
1.29782
1.2892
1.27941
1.26893
1.25857
1.24914
1.24118
1.23498
1.23052
1.22785
1.22721
1.31553
1.31381
1.31366
1.31515
1.318
1.32147
1.32487
1.32759
1.32921
1.32951
1.32854
1.32693
1.32511
1.32374
1.32307
1.32282
1.32242
1.32137
1.31923
1.31545
1.30962
1.30184
1.29256
1.28228
1.27142
1.26043
1.2497
1.23975
1.23101
1.22375
1.21814
1.21433
1.21264
1.21341
1.30907
1.30754
1.30813
1.31067
1.31481
1.31979
1.32474
1.32874
1.33097
1.33122
1.32997
1.32814
1.32635
1.3251
1.32438
1.32348
1.3217
1.31848
1.31328
1.30578
1.29623
1.28528
1.27363
1.26183
1.25024
1.23916
1.22879
1.21938
1.21121
1.20458
1.19958
1.19634
1.19562
1.198
1.3027
1.30186
1.30318
1.30659
1.31179
1.31802
1.32423
1.3291
1.33165
1.33201
1.33104
1.3295
1.32789
1.32624
1.32425
1.32128
1.3166
1.3097
1.30051
1.2894
1.27705
1.2642
1.25144
1.2391
1.22737
1.21648
1.20654
1.19766
1.18999
1.18387
1.17941
1.17656
1.17658
1.18061
1.29771
1.29748
1.29934
1.30335
1.30922
1.31622
1.32306
1.32824
1.33105
1.33194
1.33163
1.33037
1.32826
1.32525
1.32084
1.31451
1.30583
1.29495
1.28237
1.26878
1.25483
1.24103
1.22779
1.21526
1.20346
1.19268
1.18311
1.17465
1.16723
1.16132
1.15743
1.15524
1.15539
1.16109
1.29423
1.29444
1.29666
1.301
1.30714
1.31429
1.32112
1.32629
1.32948
1.33105
1.33106
1.3294
1.3259
1.32044
1.3126
1.30231
1.28989
1.27593
1.26112
1.2461
1.23123
1.21676
1.20305
1.19021
1.17808
1.16743
1.15849
1.15066
1.14378
1.13824
1.13493
1.13354
1.13244
1.13631
1.29216
1.29264
1.29505
1.29942
1.3054
1.31219
1.31855
1.32356
1.32701
1.32876
1.32835
1.32536
1.3195
1.31073
1.29927
1.28561
1.2705
1.25458
1.23832
1.22225
1.20661
1.19143
1.17743
1.1648
1.15332
1.14337
1.13493
1.1276
1.12098
1.11545
1.11267
1.11269
1.10936
1.10386
1.32561
1.32575
1.32624
1.327
1.3277
1.32787
1.3255
1.3256
1.32601
1.32671
1.32737
1.32744
1.32518
1.32533
1.3257
1.32624
1.3265
1.32604
1.32471
1.32505
1.32536
1.32535
1.32462
1.32307
1.32418
1.32475
1.32473
1.32344
1.32104
1.31819
1.32352
1.32423
1.32326
1.32
1.31565
1.3119
1.32274
1.32319
1.32055
1.31523
1.30974
1.30546
1.32203
1.32151
1.31668
1.30998
1.30413
1.30002
1.32134
1.31915
1.31235
1.30524
1.29971
1.29607
1.31995
1.31622
1.3086
1.30169
1.29677
1.29363
1.29139
1.29193
1.2943
1.29843
1.30389
1.30991
1.31555
1.32015
1.32326
1.32429
1.32239
1.31694
1.30795
1.29581
1.28132
1.26531
1.24846
1.23125
1.21392
1.19715
1.18129
1.16619
1.152
1.139
1.12768
1.11819
1.11053
1.10468
1.10044
1.09786
1.09729
1.09822
1.09517
1.08296
1.29189
1.29231
1.29443
1.29801
1.3026
1.30757
1.31223
1.31586
1.31768
1.31678
1.31225
1.30372
1.29163
1.27681
1.26023
1.24276
1.22487
1.20706
1.18937
1.17192
1.15537
1.14001
1.12635
1.11519
1.10674
1.10071
1.09694
1.09505
1.0945
1.09485
1.09567
1.09621
1.09516
1.09139
1.29363
1.29377
1.29537
1.2981
1.30156
1.30524
1.30847
1.31038
1.30996
1.30623
1.29855
1.28706
1.27261
1.25605
1.23821
1.22016
1.20185
1.18332
1.1653
1.14821
1.13269
1.11936
1.10879
1.10128
1.09652
1.09394
1.09296
1.09288
1.09316
1.09365
1.0943
1.09485
1.09516
1.09489
1.29666
1.29629
1.29707
1.29867
1.30076
1.3028
1.30401
1.3034
1.29997
1.29297
1.28222
1.26823
1.25218
1.23481
1.21658
1.19811
1.17976
1.16188
1.14507
1.13002
1.1173
1.10731
1.10014
1.09558
1.09309
1.09201
1.09173
1.09191
1.09243
1.0932
1.09413
1.09517
1.09623
1.09688
1.30101
1.29987
1.29952
1.29966
1.30003
1.29994
1.2985
1.2947
1.28782
1.27759
1.26415
1.24819
1.23153
1.21414
1.19596
1.17821
1.16119
1.14539
1.13123
1.11916
1.10942
1.10209
1.09701
1.09387
1.09216
1.09145
1.0914
1.0918
1.09257
1.09357
1.09467
1.09598
1.09742
1.09831
1.3066
1.30434
1.3025
1.3008
1.29901
1.29625
1.29158
1.28418
1.27379
1.26071
1.24534
1.22882
1.21175
1.19453
1.17793
1.1623
1.14795
1.13512
1.12393
1.11446
1.10676
1.10086
1.09665
1.09388
1.09233
1.09173
1.09176
1.09222
1.09301
1.09399
1.09511
1.09659
1.09821
1.09913
1.31306
1.30933
1.30559
1.30165
1.29721
1.29129
1.28304
1.27204
1.25834
1.24314
1.22684
1.2101
1.19357
1.17812
1.16407
1.1515
1.14035
1.13045
1.12159
1.11378
1.10713
1.10172
1.0976
1.09478
1.09312
1.09234
1.09219
1.09251
1.09313
1.09401
1.09513
1.09667
1.09833
1.09926
1.3201
1.31457
1.3085
1.30184
1.29424
1.2848
1.27302
1.25856
1.24154
1.22565
1.20894
1.19294
1.17841
1.16575
1.15493
1.14564
1.13741
1.12973
1.12237
1.11539
1.10901
1.1035
1.09912
1.09596
1.09388
1.09268
1.0922
1.09224
1.09269
1.09347
1.09456
1.0961
1.09775
1.09871
1.32758
1.31989
1.31104
1.30114
1.28993
1.27677
1.26107
1.24297
1.22586
1.20876
1.19257
1.17851
1.16681
1.15745
1.14994
1.14356
1.13754
1.13134
1.12477
1.11798
1.11138
1.10539
1.10042
1.09673
1.09405
1.09242
1.09168
1.09146
1.09172
1.0924
1.09347
1.09497
1.09658
1.09761
1.33513
1.32483
1.31276
1.29916
1.28392
1.26655
1.24684
1.2283
1.21087
1.193
1.17856
1.16715
1.15867
1.15256
1.14793
1.1438
1.13933
1.13399
1.12771
1.12068
1.11348
1.10654
1.10087
1.09665
1.09358
1.09169
1.09069
1.09031
1.09046
1.09108
1.09212
1.09357
1.0951
1.0962
1.34216
1.32875
1.31307
1.29548
1.27606
1.25493
1.23371
1.21412
1.19485
1.17892
1.16705
1.15868
1.15333
1.15002
1.14764
1.14515
1.14171
1.13686
1.1305
1.12281
1.11478
1.10712
1.10059
1.09579
1.09263
1.09074
1.08968
1.08921
1.08927
1.08982
1.09082
1.0922
1.09366
1.09471
1.34796
1.33103
1.31153
1.2899
1.2662
1.2413
1.21984
1.19798
1.1802
1.16691
1.15789
1.15251
1.14985
1.14873
1.14803
1.14674
1.14404
1.13939
1.13262
1.12422
1.11517
1.10674
1.09986
1.09498
1.09188
1.09003
1.08897
1.08845
1.08843
1.08889
1.08982
1.0911
1.09247
1.09332
1.35184
1.33109
1.30751
1.28163
1.25412
1.22724
1.20357
1.183
1.16759
1.15694
1.1507
1.14786
1.14729
1.14779
1.14833
1.14793
1.14568
1.14089
1.13355
1.12445
1.11487
1.10616
1.09924
1.09442
1.09142
1.08967
1.08865
1.08812
1.08805
1.08843
1.08926
1.09043
1.09171
1.09232
1.35311
1.32849
1.3009
1.27103
1.24015
1.21367
1.18878
1.16994
1.15678
1.14869
1.14484
1.14395
1.14485
1.14649
1.14787
1.1479
1.14562
1.14049
1.13283
1.12361
1.11407
1.10548
1.0987
1.09404
1.09119
1.08955
1.08862
1.08815
1.08809
1.08843
1.08916
1.09022
1.09132
1.09177
1.3513
1.32294
1.29138
1.25756
1.22606
1.19855
1.17507
1.15833
1.14747
1.14167
1.13964
1.14008
1.1419
1.14415
1.14571
1.14546
1.14274
1.13747
1.13011
1.12148
1.1126
1.10454
1.09815
1.09374
1.09107
1.0896
1.08884
1.0885
1.08853
1.08886
1.08951
1.0904
1.09123
1.09149
1.34622
1.31429
1.27943
1.24335
1.21176
1.18365
1.16235
1.14792
1.1393
1.13531
1.13451
1.13567
1.1378
1.13989
1.14078
1.13974
1.13666
1.1317
1.12521
1.11773
1.11003
1.10299
1.09734
1.09338
1.091
1.08976
1.08923
1.08912
1.08929
1.08965
1.0902
1.09086
1.09136
1.09141
1.33786
1.30262
1.26498
1.229
1.1966
1.16983
1.15084
1.13861
1.13188
1.12912
1.12895
1.13017
1.13183
1.13295
1.13271
1.13087
1.12768
1.12331
1.11794
1.11194
1.10585
1.10029
1.0958
1.09267
1.09082
1.08995
1.08974
1.0899
1.09024
1.09062
1.09101
1.09136
1.09153
1.09144
1.32646
1.28854
1.24823
1.2129
1.18132
1.15705
1.14041
1.13015
1.12482
1.12278
1.12251
1.1231
1.12366
1.12341
1.12202
1.1196
1.11647
1.1127
1.10848
1.10404
1.09972
1.0959
1.09299
1.09114
1.0902
1.08997
1.09019
1.09066
1.09116
1.09153
1.09172
1.09174
1.09165
1.0915
1.31219
1.27232
1.23222
1.1969
1.16704
1.14533
1.13087
1.1222
1.11772
1.11578
1.11498
1.11447
1.11359
1.11197
1.10966
1.1069
1.10387
1.10064
1.09738
1.09433
1.09173
1.08971
1.08849
1.08823
1.08866
1.08945
1.09036
1.09122
1.09188
1.09219
1.09219
1.09196
1.09173
1.09157
1.29564
1.25409
1.21635
1.18136
1.15392
1.1346
1.12206
1.11462
1.11032
1.10793
1.10632
1.10449
1.10223
1.09952
1.09657
1.09361
1.09073
1.08799
1.08547
1.08335
1.08218
1.08197
1.08233
1.08359
1.08565
1.08788
1.08988
1.09137
1.09225
1.09253
1.09239
1.09205
1.09176
1.09163
1.27776
1.23683
1.19953
1.16652
1.14179
1.12466
1.11366
1.10692
1.1026
1.09953
1.09675
1.09364
1.09027
1.08679
1.08345
1.08039
1.07766
1.07532
1.07347
1.07223
1.07187
1.0727
1.07457
1.07729
1.08088
1.0848
1.08829
1.09084
1.09222
1.09258
1.09237
1.09201
1.09174
1.09165
1.25854
1.21988
1.18298
1.15269
1.13052
1.11533
1.10551
1.09909
1.09451
1.09061
1.08662
1.08246
1.07829
1.07435
1.0708
1.06773
1.06515
1.06311
1.06172
1.06111
1.06144
1.06298
1.06593
1.06979
1.0745
1.08
1.0852
1.08926
1.09163
1.09236
1.0922
1.09185
1.09162
1.09157
1.23861
1.20168
1.16717
1.13985
1.12001
1.10647
1.09749
1.09117
1.08605
1.08123
1.07628
1.07136
1.0667
1.06251
1.05888
1.05584
1.05343
1.05165
1.05062
1.05045
1.05129
1.05332
1.05671
1.06145
1.06717
1.07373
1.08053
1.08634
1.09021
1.09184
1.09195
1.09162
1.09139
1.09136
1.21926
1.1842
1.15249
1.12791
1.11014
1.09795
1.08952
1.08308
1.07736
1.07171
1.06606
1.06064
1.05571
1.05141
1.04777
1.04479
1.04253
1.04097
1.04023
1.04039
1.04161
1.04401
1.04772
1.05279
1.05915
1.06659
1.07456
1.08202
1.08772
1.09081
1.09162
1.09138
1.09113
1.09106
1.20143
1.16798
1.13893
1.11679
1.10082
1.08969
1.08158
1.0749
1.06861
1.06233
1.05619
1.05049
1.04543
1.0411
1.03748
1.03459
1.03246
1.0311
1.03059
1.03102
1.0325
1.03515
1.03909
1.04438
1.05103
1.05894
1.06771
1.07651
1.08405
1.08902
1.09104
1.09116
1.09082
1.09065
1.18408
1.15262
1.12635
1.10641
1.09198
1.08165
1.07371
1.06675
1.05998
1.05326
1.04683
1.04099
1.03589
1.03157
1.028
1.02519
1.0232
1.02201
1.02169
1.02234
1.02403
1.02687
1.03096
1.03637
1.04315
1.05127
1.06049
1.07021
1.07929
1.08625
1.08997
1.09082
1.09042
1.09014
1.16675
1.13816
1.11464
1.09672
1.08356
1.07385
1.06598
1.05877
1.05163
1.04462
1.03805
1.03218
1.0271
1.02281
1.0193
1.01658
1.01471
1.01367
1.01352
1.01434
1.01621
1.01919
1.02339
1.02887
1.0357
1.04388
1.0533
1.06356
1.07376
1.08252
1.08823
1.09023
1.08998
1.08953
1.15082
1.12487
1.1038
1.08768
1.07556
1.06631
1.05848
1.05106
1.04368
1.03653
1.02993
1.02408
1.01904
1.0148
1.01136
1.00874
1.00696
1.00606
1.00605
1.00703
1.00903
1.01214
1.01642
1.02194
1.02877
1.03694
1.0464
1.05691
1.06778
1.07796
1.08573
1.0893
1.08951
1.0888
1.13647
1.11273
1.09384
1.07926
1.06798
1.0591
1.05129
1.04374
1.03623
1.02904
1.02247
1.01668
1.0117
1.00753
1.00416
1.00162
0.999952
0.99916
0.999281
1.00038
1.00251
1.00572
1.01007
1.01562
1.02243
1.03054
1.03996
1.05053
1.06171
1.07282
1.08232
1.08789
1.08882
1.0879
1.12321
1.10169
1.08474
1.07141
1.06086
1.05229
1.04452
1.0369
1.02936
1.0222
1.01571
1.01
1.00509
1.00099
0.997698
0.99524
0.993656
0.992965
0.993194
0.994403
0.996633
0.999931
1.00434
1.00992
1.0167
1.02475
1.03407
1.04461
1.05608
1.06758
1.07817
1.08583
1.08774
1.08677
1.11084
1.09167
1.07643
1.06414
1.05424
1.04594
1.03823
1.03061
1.02311
1.01604
1.00965
1.00403
0.999203
0.995173
0.991954
0.989572
0.988068
0.987467
0.987787
0.98909
0.991409
0.994784
0.99925
1.00485
1.01162
1.0196
1.02881
1.03929
1.05089
1.06261
1.07383
1.08315
1.08625
1.08544
1.09972
1.08265
1.06884
1.05749
1.04818
1.04013
1.03251
1.02495
1.01754
1.01058
1.0043
0.998781
0.994034
0.990076
0.986928
0.984615
0.983183
0.98266
0.98306
0.984444
0.986841
0.990283
0.9948
1.00042
1.00718
1.01511
1.02424
1.03461
1.04608
1.05794
1.06963
1.07996
1.08455
1.08417
1.09004
1.07462
1.06202
1.05152
1.04272
1.03491
1.02743
1.01997
1.01267
1.00584
0.999679
0.994255
0.989588
0.9857
0.982617
0.980368
0.978999
0.978544
0.979012
0.980466
0.98293
0.986433
0.990999
0.99665
1.00341
1.0113
1.02036
1.0306
1.04195
1.05399
1.06582
1.07662
1.0829
1.08321
1.0816
1.06758
1.05603
1.04628
1.03794
1.03037
1.02303
1.0157
1.00854
1.00184
0.995796
0.990463
0.985871
0.982046
0.979021
0.976828
0.975514
0.975116
0.975643
0.977158
0.979683
0.983242
0.987855
0.99354
1.00031
1.00819
1.01719
1.02732
1.03858
1.05079
1.06272
1.0737
1.08145
1.08263
1.07424
1.0615
1.0509
1.04182
1.03389
1.02656
1.01938
1.0122
1.00517
0.998606
0.992665
0.987415
0.982888
0.979118
0.976141
0.973994
0.972726
0.972377
0.972953
0.974521
0.9771
0.980712
0.985374
0.991099
0.997897
1.00578
1.01475
1.02483
1.03601
1.04818
1.06033
1.07143
1.08023
1.08231
1.0679
1.05638
1.04663
1.03817
1.03063
1.02352
1.01652
1.00949
1.0026
0.99615
0.990301
0.985119
0.980645
0.976917
0.973977
0.971867
0.970634
0.970324
0.970942
0.972556
0.975184
0.978847
0.983559
0.989332
0.996172
1.00408
1.01307
1.02312
1.03426
1.04636
1.05864
1.06989
1.07928
1.08222
1.06256
1.05222
1.04324
1.03537
1.0282
1.02132
1.01449
1.0076
1.00085
0.994496
0.988718
0.983588
0.979149
0.975449
0.972533
0.970445
0.969238
0.968956
0.969608
0.971262
0.973935
0.977648
0.982415
0.988245
0.995142
1.00311
1.01213
1.02222
1.03336
1.04547
1.05795
1.06924
1.07881
1.08248
1.0582
1.04898
1.04074
1.03345
1.02665
1.01999
1.01333
1.00659
0.999938
0.993663
0.987934
0.982831
0.978407
0.974716
0.971809
0.96973
0.968537
0.968275
0.968952
0.97064
0.973356
0.977119
0.981945
0.987842
0.994814
1.00286
1.01197
1.02213
1.03333
1.04555
1.0583
1.06963
1.07913
1.08322
1.05482
1.04666
1.03916
1.03245
1.02601
1.01957
1.01308
1.00646
0.9999
0.993673
0.987963
0.982861
0.978426
0.974725
0.971808
0.96972
0.968524
0.968269
0.968963
0.970681
0.973438
0.977254
0.982145
0.988121
0.995188
1.00334
1.01257
1.02286
1.0342
1.04656
1.05941
1.07111
1.08049
1.08466
1.05243
1.04528
1.03854
1.03239
1.02632
1.0201
1.01377
1.00726
1.00076
0.994544
0.988817
0.983681
0.97921
0.975477
0.972524
0.970407
0.969195
0.968933
0.969637
0.971379
0.974174
0.978043
0.983006
0.989072
0.99625
1.00454
1.01393
1.0244
1.03596
1.04854
1.06158
1.07376
1.08299
1.08721
1.05101
1.04488
1.0389
1.03332
1.02763
1.02163
1.01543
1.009
1.00253
0.996296
0.990517
0.985315
0.980782
0.97698
0.973959
0.971796
0.970551
0.970268
0.970972
0.972732
0.975563
0.979489
0.984528
0.990696
0.998001
1.00645
1.01603
1.02674
1.03859
1.05151
1.06499
1.07752
1.08684
1.09099
1.05053
1.04547
1.04027
1.03527
1.02997
1.02419
1.01811
1.01173
1.00525
0.998953
0.99308
0.987775
0.983138
0.979224
0.97611
0.973878
0.972582
0.972264
0.972959
0.974732
0.977599
0.981582
0.986705
0.992983
1.00043
1.00905
1.01886
1.02985
1.04207
1.05545
1.06941
1.08227
1.09189
1.09609
1.05099
1.04707
1.0427
1.03827
1.03339
1.02784
1.02183
1.01546
1.00893
1.00253
0.996511
0.991057
0.986267
0.982204
0.978972
0.976645
0.975278
0.974912
0.97559
0.977371
0.980273
0.984317
0.989527
0.995923
1.00352
1.01234
1.02239
1.0337
1.04635
1.0603
1.07483
1.08807
1.09801
1.10226
1.05237
1.04972
1.04623
1.04237
1.03791
1.03261
1.02662
1.02021
1.01358
1.00702
1.00081
0.995161
0.990164
0.985918
0.982537
0.980085
0.978628
0.9782
0.978854
0.980641
0.983577
0.987685
0.992987
0.999505
1.00726
1.01627
1.02659
1.03823
1.05136
1.06592
1.0811
1.09476
1.1048
1.10911
1.05468
1.05344
1.05093
1.04765
1.0436
1.0385
1.0325
1.02601
1.01922
1.01244
1.00599
1.00008
0.994824
0.990355
0.986786
0.984184
0.982617
0.982116
0.98274
0.984532
0.987505
0.991679
0.997076
1.00372
1.01163
1.02084
1.03141
1.04338
1.05701
1.07217
1.08794
1.10187
1.11183
1.11601
1.05795
1.05828
1.05685
1.05418
1.05047
1.04553
1.03951
1.03285
1.02583
1.01879
1.01204
1.00579
1.00023
0.995492
0.991696
0.988919
0.987227
0.986644
0.987237
0.989035
0.992047
0.996291
1.00179
1.00855
1.01661
1.02601
1.03682
1.04915
1.06333
1.0789
1.09494
1.10879
1.11848
1.12245
1.0622
1.06432
1.06406
1.06205
1.05861
1.05376
1.04768
1.04078
1.03346
1.02606
1.01891
1.01226
1.00634
1.0013
0.997239
0.994263
0.992434
0.991765
0.992328
0.994138
0.997197
1.00152
1.00711
1.01399
1.02219
1.03175
1.04277
1.05547
1.07019
1.08584
1.10164
1.11488
1.12395
1.12763
1.06749
1.07162
1.07269
1.07136
1.06815
1.06331
1.05707
1.04983
1.04208
1.03419
1.02654
1.01944
1.01311
1.00771
1.00337
1.00018
0.998207
0.997456
0.997997
0.999828
1.00294
1.00735
1.01305
1.02004
1.02836
1.03805
1.04923
1.06217
1.07682
1.09257
1.1075
1.11943
1.12741
1.13071
1.07384
1.08028
1.08284
1.08226
1.07925
1.07428
1.06767
1.05992
1.05158
1.04309
1.03487
1.02726
1.02047
1.01468
1.01003
1.00663
1.00451
1.00369
1.00422
1.00609
1.00928
1.01379
1.0196
1.02671
1.03514
1.04494
1.05626
1.06926
1.08353
1.09865
1.11192
1.12189
1.12839
1.13111
1.08123
1.09041
1.09467
1.09488
1.09198
1.08666
1.07944
1.07098
1.06188
1.05268
1.0438
1.03561
1.02832
1.02212
1.01716
1.01354
1.01129
1.01043
1.01098
1.01291
1.0162
1.02083
1.02677
1.03401
1.04257
1.05249
1.06397
1.0768
1.09053
1.10378
1.11457
1.12215
1.12701
1.1292
1.08968
1.10214
1.10837
1.10937
1.10639
1.10045
1.09237
1.08297
1.07294
1.06286
1.05323
1.04438
1.03656
1.02994
1.02467
1.02085
1.0185
1.01763
1.01824
1.02027
1.02369
1.02847
1.03457
1.04197
1.05068
1.06079
1.07241
1.0847
1.09704
1.10774
1.1155
1.12055
1.12391
1.12589
1.09921
1.1157
1.12417
1.12588
1.12256
1.11569
1.10646
1.09584
1.08465
1.07354
1.06303
1.05347
1.04507
1.03802
1.03247
1.0285
1.0261
1.02527
1.02598
1.02816
1.03175
1.03673
1.04303
1.05064
1.05957
1.06984
1.08113
1.09267
1.10288
1.11045
1.11511
1.11791
1.12015
1.12202
1.10976
1.13129
1.14231
1.14459
1.1406
1.13242
1.12164
1.1095
1.09691
1.0846
1.07309
1.06274
1.05375
1.04628
1.04048
1.03642
1.03403
1.03331
1.03417
1.03654
1.04037
1.0456
1.05219
1.06012
1.06934
1.07964
1.09021
1.1002
1.10763
1.11201
1.11409
1.11531
1.11687
1.11873
1.12115
1.14916
1.16309
1.16572
1.16059
1.15057
1.13781
1.1238
1.10957
1.09588
1.08327
1.07207
1.06247
1.05462
1.04865
1.04455
1.04226
1.04171
1.04278
1.04542
1.04956
1.05516
1.06218
1.07048
1.0799
1.08989
1.09923
1.10658
1.11097
1.11276
1.11319
1.11362
1.11474
1.11644
1.13315
1.16955
1.1868
1.18941
1.18248
1.16997
1.15474
1.13852
1.1224
1.10718
1.09339
1.08132
1.07112
1.06296
1.0569
1.05286
1.05074
1.05042
1.05178
1.05477
1.05935
1.06547
1.07308
1.08163
1.09075
1.09964
1.10669
1.11106
1.11289
1.11311
1.11283
1.11302
1.11394
1.11513
1.14493
1.19259
1.21362
1.21561
1.20597
1.19022
1.17203
1.15328
1.13507
1.11822
1.10323
1.09029
1.07956
1.07117
1.06512
1.06123
1.05938
1.05942
1.06118
1.06465
1.0698
1.07647
1.0844
1.0929
1.1009
1.10737
1.11147
1.11331
1.11366
1.11332
1.11299
1.1132
1.11406
1.11472
1.15615
1.21825
1.24346
1.24385
1.23031
1.21049
1.18896
1.16758
1.14727
1.12878
1.11255
1.09878
1.08759
1.07908
1.07312
1.0695
1.06811
1.06865
1.071
1.07496
1.0806
1.0878
1.09566
1.10281
1.10818
1.11162
1.11328
1.11381
1.11377
1.11351
1.11341
1.11377
1.11441
1.11473
1.1611
1.24441
1.27499
1.27274
1.25438
1.23025
1.20555
1.18154
1.15904
1.13882
1.12135
1.10675
1.09512
1.08656
1.08082
1.07766
1.07701
1.07823
1.08091
1.08518
1.09121
1.09826
1.10458
1.10883
1.11119
1.11251
1.1132
1.11353
1.11365
1.11366
1.11383
1.11426
1.11468
1.11477
1.16779
1.27084
1.30743
1.3014
1.27735
1.2487
1.2209
1.19391
1.16892
1.14701
1.12843
1.11319
1.10149
1.09355
1.08851
1.08593
1.08604
1.088
1.09074
1.09433
1.09885
1.1034
1.10697
1.10936
1.1108
1.11186
1.11269
1.11321
1.11352
1.11377
1.11411
1.11453
1.11481
1.1148
1.0931
1.28332
1.33062
1.32083
1.29365
1.26287
1.2338
1.20416
1.17647
1.15265
1.13293
1.11713
1.10528
1.09723
1.09263
1.0911
1.09198
1.09357
1.0948
1.09617
1.0986
1.102
1.10531
1.10795
1.10996
1.11142
1.11244
1.11308
1.11346
1.11382
1.11424
1.11464
1.11486
1.11484
1.31774
1.3133
1.30591
1.29969
1.29538
1.29261
1.31607
1.31163
1.30486
1.29957
1.29567
1.29307
1.31625
1.31232
1.30617
1.30137
1.29758
1.29495
1.31896
1.3153
1.30973
1.30496
1.30108
1.2983
1.32415
1.32028
1.31526
1.31031
1.30622
1.30315
1.33173
1.32745
1.3226
1.31743
1.31305
1.30948
1.34139
1.33688
1.33167
1.3262
1.32134
1.317
1.35279
1.34794
1.34218
1.33625
1.33067
1.32535
1.36541
1.36008
1.35371
1.34718
1.34075
1.33435
1.37867
1.37285
1.36583
1.35865
1.35135
1.34374
1.39181
1.3858
1.37814
1.37028
1.36209
1.353
1.4044
1.39849
1.39019
1.38157
1.37236
1.36147
1.4163
1.41031
1.40141
1.39193
1.38143
1.3684
1.4266
1.42053
1.41099
1.40064
1.38858
1.37306
1.43432
1.42846
1.41817
1.40691
1.39305
1.37479
1.43942
1.43327
1.42231
1.41006
1.39424
1.37315
1.44144
1.43452
1.42296
1.40962
1.39173
1.36788
1.43953
1.43203
1.41987
1.40533
1.38539
1.35899
1.43354
1.42557
1.41287
1.39716
1.37536
1.34687
1.42394
1.41538
1.40214
1.38533
1.36196
1.33199
1.41117
1.40192
1.3881
1.3703
1.34571
1.31474
1.39507
1.38542
1.37115
1.35261
1.32732
1.29566
1.37601
1.36631
1.3518
1.33282
1.30738
1.27558
1.35477
1.34525
1.33071
1.31162
1.2864
1.25524
1.33216
1.32297
1.30855
1.28969
1.26489
1.23492
1.30884
1.30012
1.28596
1.26751
1.24339
1.21483
1.28536
1.27724
1.26346
1.24549
1.22245
1.19551
1.26219
1.25473
1.24145
1.22413
1.20249
1.17719
1.23972
1.23292
1.2203
1.2039
1.18393
1.16076
1.2183
1.21216
1.20032
1.18501
1.16674
1.14606
1.19817
1.19268
1.18169
1.1675
1.15066
1.13186
1.1795
1.17463
1.16449
1.15135
1.13585
1.11857
1.16241
1.15806
1.14879
1.13674
1.12259
1.10687
1.14689
1.143
1.13466
1.12388
1.11087
1.09678
1.13291
1.12942
1.12193
1.11248
1.10062
1.08802
1.12041
1.11725
1.11048
1.10215
1.09176
1.08037
1.10923
1.10644
1.10032
1.09294
1.08397
1.0737
1.09925
1.09683
1.09139
1.08492
1.07713
1.06799
1.09028
1.0883
1.08354
1.078
1.07126
1.06328
1.08223
1.08064
1.07659
1.07205
1.06634
1.0596
1.07493
1.07374
1.07045
1.06696
1.06237
1.05691
1.06817
1.06745
1.06502
1.06263
1.05929
1.05515
1.0618
1.06159
1.06017
1.05897
1.057
1.05426
1.0556
1.056
1.05569
1.05583
1.05539
1.05417
1.0494
1.05049
1.05144
1.05308
1.05437
1.05486
1.043
1.04489
1.04724
1.05056
1.05385
1.05627
1.03617
1.03898
1.04287
1.04811
1.05368
1.05835
1.02873
1.03242
1.03808
1.04555
1.05367
1.06102
1.02032
1.02483
1.03259
1.04266
1.05368
1.06421
1.01043
1.01581
1.02611
1.03912
1.05354
1.06787
0.99844
1.00484
1.01798
1.03433
1.05286
1.07187
0.983694
0.991116
1.0073
1.02733
1.051
1.07601
0.965302
0.97356
0.992259
1.01683
1.04706
1.07973
0.942085
0.950958
0.971608
1.00136
1.03957
1.08199
0.912547
0.921783
0.94401
0.978409
1.02606
1.0813
0.874853
0.884088
0.906395
0.943801
1.00107
1.07391
0.82622
0.833815
0.854455
0.891769
0.955886
1.05452
0.763561
0.766478
0.783895
0.815083
0.868747
0.997132
0.685299
0.679149
0.689283
0.705525
0.718663
0.873168
0.592861
0.572674
0.570745
0.577415
0.475756
0.399583
0.500214
0.469162
0.434523
0.403523
0.125339
-0.586007
0.414904
0.381299
0.31483
0.25038
0.017907
-0.485309
0.333464
0.300052
0.225822
0.149191
0.0190738
-0.227712
-0.162051
-0.159006
-0.156576
-0.154692
-0.153649
-0.153991
-0.155865
-0.158969
-0.162771
-0.166612
-0.169807
-0.172112
-0.173656
-0.174553
-0.174799
-0.174542
-0.174029
-0.173469
-0.172974
-0.172573
-0.172267
-0.172036
-0.17187
-0.171764
-0.171686
-0.171625
-0.171575
-0.171527
-0.171484
-0.171447
-0.17142
-0.171408
-0.17141
-0.171419
-0.16008
-0.15847
-0.157432
-0.155838
-0.154896
-0.155361
-0.157393
-0.160553
-0.164234
-0.167917
-0.170908
-0.173021
-0.174479
-0.175172
-0.175077
-0.174474
-0.173769
-0.173166
-0.172719
-0.172396
-0.172151
-0.171971
-0.171844
-0.171751
-0.17168
-0.171625
-0.171577
-0.171532
-0.171491
-0.171455
-0.171428
-0.171415
-0.171416
-0.171425
-0.159888
-0.159389
-0.159124
-0.157957
-0.157391
-0.158143
-0.160308
-0.163442
-0.166961
-0.170384
-0.173219
-0.175216
-0.176375
-0.176764
-0.1764
-0.175426
-0.174294
-0.173336
-0.172672
-0.172269
-0.17203
-0.171886
-0.171789
-0.171715
-0.171661
-0.171618
-0.171577
-0.171538
-0.171499
-0.171463
-0.171435
-0.17142
-0.17142
-0.17143
-0.160729
-0.161659
-0.161247
-0.160255
-0.160048
-0.161137
-0.163511
-0.166697
-0.170117
-0.173293
-0.175866
-0.177643
-0.178618
-0.178834
-0.17833
-0.1772
-0.175734
-0.174291
-0.173142
-0.172393
-0.171994
-0.171811
-0.171724
-0.171672
-0.171635
-0.171605
-0.171576
-0.171544
-0.171508
-0.171471
-0.171439
-0.17142
-0.171419
-0.17143
-0.162559
-0.164138
-0.163292
-0.162204
-0.162208
-0.163639
-0.166318
-0.16968
-0.173109
-0.176144
-0.178503
-0.180069
-0.180862
-0.180928
-0.18032
-0.179115
-0.177486
-0.175703
-0.174081
-0.172854
-0.172134
-0.171803
-0.171677
-0.171631
-0.171609
-0.171593
-0.171575
-0.17155
-0.171517
-0.17148
-0.171443
-0.171417
-0.171413
-0.171425
-0.164973
-0.166467
-0.165278
-0.164042
-0.164195
-0.165955
-0.168946
-0.17248
-0.175916
-0.178822
-0.180982
-0.182337
-0.182934
-0.182836
-0.182115
-0.180845
-0.179138
-0.177173
-0.175261
-0.173575
-0.172468
-0.171897
-0.171669
-0.171602
-0.171587
-0.171582
-0.171574
-0.171557
-0.171528
-0.171488
-0.171445
-0.171411
-0.171401
-0.171412
-0.167482
-0.168721
-0.167301
-0.165905
-0.166181
-0.168242
-0.171483
-0.175119
-0.178499
-0.18124
-0.18319
-0.184332
-0.18473
-0.184464
-0.183614
-0.182263
-0.1805
-0.178437
-0.176284
-0.174369
-0.172924
-0.172078
-0.171701
-0.171584
-0.171566
-0.17157
-0.171571
-0.17156
-0.171535
-0.171495
-0.171445
-0.171399
-0.17138
-0.171387
-0.169657
-0.17082
-0.169222
-0.16766
-0.168025
-0.170345
-0.173755
-0.17741
-0.180675
-0.183232
-0.184978
-0.185926
-0.186149
-0.185729
-0.184747
-0.183298
-0.18147
-0.179356
-0.17705
-0.174981
-0.173313
-0.172262
-0.171736
-0.171561
-0.171537
-0.17155
-0.17156
-0.171556
-0.171534
-0.171493
-0.171437
-0.171378
-0.171347
-0.171348
-0.171159
-0.17245
-0.170731
-0.169044
-0.169449
-0.171991
-0.175503
-0.17912
-0.182251
-0.184638
-0.18622
-0.187022
-0.187112
-0.186567
-0.185466
-0.183915
-0.182012
-0.179858
-0.177555
-0.175347
-0.173521
-0.172321
-0.171701
-0.171491
-0.171475
-0.171507
-0.171532
-0.171537
-0.171518
-0.171475
-0.171412
-0.171343
-0.171299
-0.171288
-0.171571
-0.173064
-0.171397
-0.169684
-0.170159
-0.172899
-0.176478
-0.180054
-0.183083
-0.185358
-0.186846
-0.18757
-0.187582
-0.186952
-0.185754
-0.184107
-0.182124
-0.179915
-0.177599
-0.175366
-0.173487
-0.172185
-0.171525
-0.171329
-0.171351
-0.171422
-0.171475
-0.171496
-0.171482
-0.171438
-0.171368
-0.171289
-0.171225
-0.171202
-0.170481
-0.172122
-0.170684
-0.169121
-0.169837
-0.1728
-0.176477
-0.180077
-0.1831
-0.18537
-0.186863
-0.187589
-0.187588
-0.186914
-0.185647
-0.183913
-0.181841
-0.179558
-0.177196
-0.174943
-0.173089
-0.171799
-0.171163
-0.171034
-0.171136
-0.171274
-0.171378
-0.171425
-0.171421
-0.171376
-0.171298
-0.171207
-0.171124
-0.171088
-0.167437
-0.169245
-0.168193
-0.166955
-0.168031
-0.171424
-0.17538
-0.179151
-0.182307
-0.1847
-0.186305
-0.187121
-0.187172
-0.186505
-0.185204
-0.183402
-0.181247
-0.178884
-0.176464
-0.174196
-0.172365
-0.171153
-0.170609
-0.170581
-0.170803
-0.171057
-0.171236
-0.171323
-0.171334
-0.171288
-0.171201
-0.171095
-0.170998
-0.170944
-0.162374
-0.164362
-0.163741
-0.163043
-0.164801
-0.168684
-0.173123
-0.177241
-0.1807
-0.183369
-0.185213
-0.18622
-0.186407
-0.185811
-0.184522
-0.182681
-0.180456
-0.178016
-0.175543
-0.173265
-0.171473
-0.170347
-0.169918
-0.170028
-0.170386
-0.170769
-0.171055
-0.171198
-0.17123
-0.171184
-0.171084
-0.170963
-0.170853
-0.170774
-0.155616
-0.157622
-0.157273
-0.157348
-0.160276
-0.164675
-0.169675
-0.174333
-0.178289
-0.181409
-0.183644
-0.184969
-0.185399
-0.184959
-0.18375
-0.181921
-0.179658
-0.177158
-0.174638
-0.172356
-0.170601
-0.169558
-0.169235
-0.169473
-0.169988
-0.170491
-0.170865
-0.171077
-0.171132
-0.171083
-0.170967
-0.170826
-0.170702
-0.170615
-0.147352
-0.149229
-0.149149
-0.150147
-0.154157
-0.159319
-0.165024
-0.170414
-0.175079
-0.178852
-0.181659
-0.183466
-0.184274
-0.184107
-0.183077
-0.181333
-0.179083
-0.176554
-0.174001
-0.171709
-0.169971
-0.168982
-0.168743
-0.169074
-0.169699
-0.170322
-0.170776
-0.171024
-0.171088
-0.171024
-0.170883
-0.170713
-0.170571
-0.170489
-0.137734
-0.139426
-0.139733
-0.141665
-0.146481
-0.15254
-0.159169
-0.165508
-0.171112
-0.175766
-0.179363
-0.18185
-0.183205
-0.183465
-0.182727
-0.181155
-0.178971
-0.176438
-0.173846
-0.171513
-0.169746
-0.168746
-0.168535
-0.168927
-0.169623
-0.170331
-0.170837
-0.171103
-0.171163
-0.17106
-0.170875
-0.170665
-0.170498
-0.170416
-0.127035
-0.128537
-0.129212
-0.131821
-0.137393
-0.144513
-0.152245
-0.159744
-0.166527
-0.172322
-0.176966
-0.180362
-0.182478
-0.183347
-0.183036
-0.181719
-0.179633
-0.177068
-0.174361
-0.171876
-0.169957
-0.168837
-0.168561
-0.16896
-0.169713
-0.170488
-0.171055
-0.171329
-0.17135
-0.171214
-0.170975
-0.170715
-0.170515
-0.170425
-0.115739
-0.117031
-0.117918
-0.121059
-0.127426
-0.135621
-0.144561
-0.15342
-0.161645
-0.168871
-0.174853
-0.179446
-0.18259
-0.184286
-0.184572
-0.183589
-0.1816
-0.178935
-0.175976
-0.173143
-0.170842
-0.169375
-0.168844
-0.169107
-0.169839
-0.17066
-0.171292
-0.171618
-0.171633
-0.171453
-0.171178
-0.170873
-0.170638
-0.170536
-0.104504
-0.105527
-0.106483
-0.110055
-0.11716
-0.12639
-0.136639
-0.147066
-0.157013
-0.165997
-0.17368
-0.179845
-0.184376
-0.18722
-0.188363
-0.187901
-0.186112
-0.18336
-0.180044
-0.176606
-0.173518
-0.171214
-0.169928
-0.169633
-0.170053
-0.170778
-0.171432
-0.171821
-0.171903
-0.171727
-0.171432
-0.171112
-0.170856
-0.170743
-0.0940646
-0.0947246
-0.0957142
-0.0995794
-0.107293
-0.117565
-0.129231
-0.141446
-0.153437
-0.164589
-0.174442
-0.18267
-0.189085
-0.193596
-0.196124
-0.196672
-0.195452
-0.192805
-0.189113
-0.184799
-0.180361
-0.176397
-0.173397
-0.17159
-0.170914
-0.171025
-0.171467
-0.171857
-0.172019
-0.171941
-0.171686
-0.171395
-0.17114
-0.171019
-0.0851861
-0.085413
-0.0864443
-0.0905867
-0.0987566
-0.110051
-0.123282
-0.137566
-0.152013
-0.16585
-0.178465
-0.189382
-0.198335
-0.205252
-0.209929
-0.21209
-0.211817
-0.209461
-0.205467
-0.200225
-0.194056
-0.187623
-0.181772
-0.177084
-0.173901
-0.17222
-0.171693
-0.171761
-0.171937
-0.171984
-0.171853
-0.171649
-0.17144
-0.171332
-0.0786702
-0.0786626
-0.0795418
-0.0837484
-0.092397
-0.104841
-0.119944
-0.136672
-0.154075
-0.171165
-0.187118
-0.201252
-0.213196
-0.222949
-0.230108
-0.234015
-0.234747
-0.232797
-0.228801
-0.223035
-0.215378
-0.206403
-0.197209
-0.188589
-0.181321
-0.176102
-0.173094
-0.171893
-0.171712
-0.171831
-0.171882
-0.171839
-0.171728
-0.17166
-0.0751071
-0.0750833
-0.0756364
-0.0797761
-0.089112
-0.10304
-0.120389
-0.140014
-0.160821
-0.181502
-0.200957
-0.21829
-0.232951
-0.244793
-0.253704
-0.259289
-0.261393
-0.260395
-0.257079
-0.251148
-0.242297
-0.231726
-0.219894
-0.207237
-0.195169
-0.184991
-0.177556
-0.173305
-0.171703
-0.171543
-0.171784
-0.171962
-0.172015
-0.172007
-0.0746145
-0.0747169
-0.0751396
-0.0794761
-0.0897342
-0.105533
-0.125515
-0.148368
-0.172671
-0.196714
-0.219134
-0.238945
-0.255603
-0.268939
-0.278922
-0.285443
-0.288515
-0.288493
-0.285709
-0.279948
-0.271053
-0.260602
-0.247517
-0.231854
-0.215961
-0.200501
-0.187253
-0.17781
-0.172887
-0.171421
-0.17157
-0.172012
-0.172316
-0.172377
-0.0771694
-0.077634
-0.0782757
-0.0832048
-0.0947189
-0.112716
-0.135555
-0.161584
-0.188904
-0.215451
-0.239749
-0.2609
-0.278525
-0.29258
-0.303121
-0.310192
-0.313942
-0.314718
-0.31264
-0.307658
-0.299718
-0.288817
-0.274609
-0.259547
-0.242305
-0.222128
-0.20316
-0.187295
-0.176886
-0.172214
-0.171361
-0.172049
-0.172669
-0.172812
-0.0826107
-0.0837598
-0.0850372
-0.0909489
-0.104031
-0.124358
-0.14994
-0.178617
-0.208014
-0.23592
-0.260972
-0.28251
-0.300374
-0.314652
-0.325476
-0.332939
-0.337186
-0.338515
-0.336976
-0.33263
-0.325521
-0.315482
-0.302341
-0.286798
-0.268464
-0.246864
-0.224275
-0.202846
-0.185447
-0.175279
-0.171698
-0.17204
-0.173092
-0.173418
-0.0905593
-0.092741
-0.0950753
-0.102301
-0.117117
-0.139652
-0.167512
-0.197988
-0.228396
-0.25664
-0.281647
-0.303034
-0.320808
-0.335117
-0.346111
-0.353882
-0.35853
-0.360304
-0.359227
-0.355361
-0.348735
-0.33929
-0.327077
-0.312234
-0.294109
-0.271769
-0.247877
-0.223776
-0.199821
-0.182297
-0.173678
-0.172218
-0.173666
-0.174308
-0.100458
-0.104007
-0.107745
-0.116508
-0.133096
-0.157485
-0.18692
-0.218284
-0.248804
-0.276696
-0.301225
-0.32223
-0.339797
-0.354069
-0.365169
-0.37317
-0.378133
-0.380263
-0.37958
-0.376135
-0.369951
-0.361009
-0.349345
-0.335004
-0.317721
-0.29659
-0.271071
-0.245319
-0.219324
-0.194525
-0.178727
-0.173223
-0.1743
-0.175631
-0.111682
-0.116915
-0.12228
-0.132689
-0.150948
-0.17669
-0.206955
-0.238424
-0.268449
-0.295627
-0.319508
-0.340065
-0.357392
-0.371595
-0.382758
-0.39093
-0.396143
-0.398553
-0.398189
-0.395085
-0.389271
-0.380757
-0.369553
-0.35562
-0.338834
-0.318898
-0.295103
-0.26738
-0.239381
-0.211339
-0.187705
-0.175622
-0.174984
-0.177489
-0.123552
-0.130773
-0.137883
-0.149916
-0.16957
-0.19616
-0.226648
-0.257686
-0.286896
-0.313231
-0.336442
-0.356553
-0.373634
-0.387743
-0.398932
-0.407225
-0.412631
-0.415266
-0.41517
-0.412356
-0.406857
-0.398692
-0.387875
-0.374369
-0.358052
-0.338719
-0.316114
-0.29005
-0.260982
-0.229956
-0.200756
-0.180433
-0.176315
-0.179656
-0.135387
-0.14486
-0.153761
-0.167256
-0.187953
-0.214993
-0.245304
-0.275629
-0.30392
-0.329421
-0.352001
-0.371692
-0.388525
-0.40252
-0.413698
-0.422067
-0.427621
-0.430435
-0.430564
-0.428003
-0.422781
-0.414921
-0.404436
-0.391314
-0.37548
-0.356776
-0.335017
-0.310055
-0.281574
-0.249667
-0.217404
-0.189787
-0.178914
-0.18213
-0.146602
-0.158539
-0.169206
-0.183955
-0.205381
-0.232579
-0.262481
-0.292
-0.3194
-0.344139
-0.366152
-0.385452
-0.402039
-0.415902
-0.427039
-0.435448
-0.44111
-0.444065
-0.444385
-0.442044
-0.437074
-0.429493
-0.419318
-0.406548
-0.391142
-0.373012
-0.352052
-0.328067
-0.300376
-0.268501
-0.235749
-0.203736
-0.183123
-0.185444
-0.156697
-0.171271
-0.183708
-0.199501
-0.221394
-0.24854
-0.277929
-0.306663
-0.333264
-0.357338
-0.378849
-0.39779
-0.414135
-0.427853
-0.438926
-0.447344
-0.453081
-0.456143
-0.456625
-0.454479
-0.449738
-0.44242
-0.432543
-0.420116
-0.405123
-0.387522
-0.367244
-0.344085
-0.317475
-0.28709
-0.254316
-0.219575
-0.190298
-0.18907
-0.165207
-0.182612
-0.196976
-0.213552
-0.235695
-0.262647
-0.291506
-0.319541
-0.345463
-0.368973
-0.390045
-0.408657
-0.424768
-0.438334
-0.449325
-0.457726
-0.463509
-0.466651
-0.467269
-0.465295
-0.460763
-0.453693
-0.444106
-0.432018
-0.417434
-0.400345
-0.380709
-0.358359
-0.332905
-0.303948
-0.271509
-0.236209
-0.201328
-0.192238
-0.171635
-0.192001
-0.208277
-0.225923
-0.248138
-0.274771
-0.30314
-0.330594
-0.355961
-0.379
-0.399692
-0.418008
-0.433897
-0.447307
-0.458203
-0.466566
-0.472369
-0.475574
-0.476298
-0.474474
-0.470132
-0.463295
-0.45399
-0.44224
-0.428066
-0.411483
-0.392477
-0.37095
-0.346671
-0.31915
-0.287454
-0.252346
-0.216109
-0.197942
-0.175576
-0.199303
-0.217758
-0.236548
-0.258658
-0.284859
-0.312799
-0.339803
-0.364731
-0.387384
-0.407752
-0.425803
-0.441484
-0.454741
-0.465534
-0.473843
-0.479644
-0.482898
-0.483696
-0.482001
-0.477826
-0.471205
-0.462168
-0.450751
-0.436987
-0.420914
-0.402551
-0.381867
-0.358723
-0.332727
-0.303032
-0.269328
-0.234732
-0.210559
-0.17693
-0.204524
-0.225581
-0.2453
-0.26729
-0.292974
-0.320491
-0.347162
-0.371754
-0.394095
-0.414193
-0.432012
-0.447503
-0.460612
-0.471299
-0.479543
-0.485324
-0.488606
-0.489455
-0.487864
-0.483831
-0.4774
-0.468613
-0.457513
-0.444152
-0.428588
-0.410881
-0.391064
-0.36909
-0.34472
-0.31747
-0.287067
-0.255173
-0.230246
-0.175497
-0.207232
-0.230913
-0.25179
-0.273995
-0.2992
-0.326217
-0.352616
-0.377006
-0.399131
-0.419004
-0.436616
-0.451932
-0.464904
-0.475486
-0.483658
-0.489404
-0.492696
-0.493572
-0.492059
-0.488137
-0.481867
-0.4733
-0.462494
-0.449514
-0.434444
-0.417385
-0.398431
-0.377629
-0.354926
-0.33018
-0.302784
-0.274368
-0.252563
-0.170694
-0.207272
-0.233849
-0.256265
-0.278827
-0.303564
-0.330034
-0.356168
-0.380432
-0.402429
-0.422156
-0.439619
-0.454788
-0.467623
-0.478092
-0.486182
-0.491884
-0.495167
-0.496044
-0.494579
-0.490735
-0.484591
-0.47621
-0.465661
-0.453026
-0.438415
-0.42197
-0.403847
-0.384185
-0.363066
-0.340594
-0.316194
-0.291307
-0.273519
-0.162546
-0.204676
-0.23455
-0.25889
-0.281858
-0.306157
-0.332035
-0.357866
-0.382044
-0.403979
-0.423615
-0.440968
-0.456024
-0.468756
-0.479138
-0.487152
-0.492789
-0.496034
-0.496873
-0.495425
-0.491621
-0.48556
-0.477321
-0.466984
-0.454646
-0.44044
-0.424548
-0.407187
-0.38858
-0.368887
-0.348463
-0.327288
-0.305242
-0.290937
-0.151507
-0.199326
-0.232738
-0.259221
-0.282981
-0.30704
-0.332318
-0.357769
-0.381856
-0.403784
-0.423384
-0.440665
-0.455635
-0.468279
-0.478581
-0.486526
-0.492111
-0.495329
-0.496132
-0.494652
-0.490838
-0.484795
-0.476631
-0.466441
-0.454332
-0.440458
-0.425033
-0.40833
-0.390655
-0.372221
-0.353534
-0.334846
-0.315726
-0.303993
-0.136617
-0.190656
-0.228148
-0.257188
-0.282149
-0.30624
-0.330973
-0.355955
-0.379893
-0.401835
-0.421452
-0.43871
-0.453624
-0.4662
-0.476429
-0.484306
-0.489833
-0.493002
-0.493772
-0.492249
-0.488424
-0.482376
-0.474221
-0.464071
-0.452074
-0.43842
-0.42335
-0.407173
-0.390268
-0.372878
-0.355624
-0.338989
-0.322701
-0.312477
-0.115884
-0.177433
-0.220449
-0.252686
-0.279294
-0.303756
-0.328081
-0.352533
-0.376214
-0.398139
-0.417804
-0.435084
-0.449982
-0.462514
-0.472687
-0.4805
-0.485958
-0.489056
-0.489774
-0.488194
-0.484345
-0.478272
-0.470091
-0.459928
-0.447944
-0.434362
-0.419482
-0.403661
-0.387322
-0.370706
-0.35454
-0.339487
-0.325594
-0.31626
-0.0912169
-0.160418
-0.209533
-0.245455
-0.274262
-0.299539
-0.323691
-0.347619
-0.37092
-0.392735
-0.412436
-0.429769
-0.444689
-0.457209
-0.467345
-0.475106
-0.480496
-0.483513
-0.484158
-0.482499
-0.478597
-0.472462
-0.464216
-0.453987
-0.441938
-0.428314
-0.413469
-0.397815
-0.381814
-0.365676
-0.350226
-0.336075
-0.323478
-0.315305
-0.0607587
-0.139533
-0.195027
-0.235199
-0.266857
-0.293477
-0.317799
-0.341307
-0.36414
-0.38571
-0.405375
-0.422757
-0.437726
-0.450267
-0.460394
-0.468121
-0.473456
-0.476403
-0.476963
-0.475197
-0.471212
-0.464974
-0.4566
-0.446229
-0.434034
-0.42027
-0.405315
-0.389634
-0.373734
-0.357847
-0.342813
-0.328902
-0.317029
-0.30984
-0.0343318
-0.112613
-0.175252
-0.221353
-0.256737
-0.285356
-0.310325
-0.333643
-0.355998
-0.377187
-0.396689
-0.414062
-0.429079
-0.441665
-0.451814
-0.459538
-0.464845
-0.46774
-0.468225
-0.466338
-0.462227
-0.455844
-0.447285
-0.436687
-0.424237
-0.410215
-0.395014
-0.379121
-0.363092
-0.347213
-0.332377
-0.318307
-0.307146
-0.299957
-0.00787983
-0.0785351
-0.150729
-0.203737
-0.243511
-0.27488
-0.301106
-0.3246
-0.346585
-0.367308
-0.386494
-0.403743
-0.418757
-0.431387
-0.441582
-0.449335
-0.454646
-0.457518
-0.457955
-0.455969
-0.451694
-0.445121
-0.436322
-0.425422
-0.412616
-0.398205
-0.382606
-0.366333
-0.349957
-0.333796
-0.318892
-0.304288
-0.293358
-0.285812
0.0267429
-0.0440812
-0.119951
-0.181101
-0.226638
-0.261647
-0.289863
-0.314049
-0.335917
-0.35619
-0.374935
-0.391908
-0.406814
-0.419442
-0.429681
-0.437485
-0.442835
-0.445721
-0.446138
-0.444088
-0.439654
-0.432868
-0.423779
-0.412516
-0.399271
-0.384358
-0.368218
-0.351385
-0.334433
-0.317725
-0.302383
-0.286791
-0.275698
-0.26762
0.0589328
-0.01102
-0.0796224
-0.152634
-0.205744
-0.245201
-0.276208
-0.301752
-0.323907
-0.343878
-0.362141
-0.378701
-0.393357
-0.405886
-0.416127
-0.423983
-0.429396
-0.432331
-0.432765
-0.430685
-0.426125
-0.419144
-0.409744
-0.398079
-0.384334
-0.368828
-0.352014
-0.334437
-0.316668
-0.299115
-0.282901
-0.266125
-0.254854
-0.245421
0.088422
0.0259166
-0.0432466
-0.118429
-0.179818
-0.224932
-0.259561
-0.287294
-0.310323
-0.330298
-0.348168
-0.364254
-0.378528
-0.390833
-0.400994
-0.408866
-0.414346
-0.417359
-0.41785
-0.415781
-0.411141
-0.404008
-0.394326
-0.38225
-0.367979
-0.351814
-0.334204
-0.31569
-0.296827
-0.278052
-0.260463
-0.242426
-0.230738
-0.218789
0.110703
0.058724
-0.0073568
-0.0735365
-0.14823
-0.200678
-0.239461
-0.270175
-0.294773
-0.315214
-0.33294
-0.348618
-0.362455
-0.374428
-0.384409
-0.392236
-0.397763
-0.400869
-0.401456
-0.399451
-0.394801
-0.387558
-0.377665
-0.365212
-0.350417
-0.333553
-0.31504
-0.295386
-0.275109
-0.254653
-0.235083
-0.21512
-0.201578
-0.187099
0.126182
0.0903144
0.0287188
-0.039807
-0.111292
-0.170207
-0.214983
-0.249711
-0.276653
-0.29819
-0.316196
-0.331693
-0.345164
-0.356781
-0.366517
-0.37424
-0.379785
-0.38299
-0.383713
-0.381833
-0.377257
-0.369972
-0.359954
-0.347201
-0.3319
-0.314319
-0.294803
-0.273795
-0.251742
-0.229078
-0.206805
-0.183964
-0.167336
-0.149895
0.134748
0.111357
0.0597592
-0.00585925
-0.0683692
-0.133818
-0.18626
-0.225241
-0.255058
-0.278506
-0.297435
-0.313159
-0.326504
-0.337879
-0.3474
-0.355013
-0.360571
-0.363894
-0.364798
-0.363116
-0.358709
-0.35149
-0.341443
-0.328493
-0.312745
-0.294422
-0.2738
-0.251207
-0.226976
-0.201487
-0.175619
-0.148901
-0.128476
-0.106438
0.137478
0.121528
0.083535
0.0265689
-0.0309296
-0.0893387
-0.152046
-0.196679
-0.229346
-0.25521
-0.275826
-0.292404
-0.306062
-0.317483
-0.326968
-0.334574
-0.340215
-0.34372
-0.344881
-0.343491
-0.339365
-0.332349
-0.322389
-0.309356
-0.293256
-0.274201
-0.252368
-0.227949
-0.201108
-0.172116
-0.141642
-0.109828
-0.0838666
-0.0551227
0.135459
0.12291
0.0963291
0.0535014
-0.00220534
-0.0565224
-0.11017
-0.161242
-0.198718
-0.227418
-0.250269
-0.268449
-0.283077
-0.295045
-0.304855
-0.312716
-0.318633
-0.322472
-0.324027
-0.323065
-0.31936
-0.312705
-0.302967
-0.289984
-0.273643
-0.253923
-0.230835
-0.204376
-0.174511
-0.141359
-0.105326
-0.0671689
-0.0333064
0.00491577
0.12935
0.117815
0.0985186
0.0686641
0.0268434
-0.0269873
-0.0731156
-0.118522
-0.160824
-0.19379
-0.219518
-0.239993
-0.256388
-0.269614
-0.280324
-0.288893
-0.295444
-0.299905
-0.302089
-0.301761
-0.298665
-0.292552
-0.283201
-0.270426
-0.253971
-0.233682
-0.209378
-0.180775
-0.147611
-0.10976
-0.0673834
-0.0219082
0.0216905
0.0707117
0.118931
0.108184
0.0935033
0.073354
0.0459459
0.0081496
-0.036775
-0.0779847
-0.116635
-0.152559
-0.18195
-0.205464
-0.22444
-0.239786
-0.25218
-0.262129
-0.269875
-0.275414
-0.278603
-0.279218
-0.276994
-0.271651
-0.262905
-0.250517
-0.234121
-0.213408
-0.187997
-0.157365
-0.120914
-0.0780425
-0.028521
0.0256053
0.0801114
0.137427
0.104162
0.0951748
0.0843045
0.071376
0.0548082
0.0319437
0.000484369
-0.0367554
-0.0724131
-0.104841
-0.136114
-0.163062
-0.185364
-0.20371
-0.21872
-0.230949
-0.240686
-0.247969
-0.252708
-0.254718
-0.253741
-0.249483
-0.241626
-0.229859
-0.213771
-0.19288
-0.16666
-0.134463
-0.0952037
-0.0475527
0.00964337
0.0750876
0.145648
0.214309
0.0870548
0.0802247
0.0731141
0.0658652
0.0575429
0.0457813
0.0280834
0.00407186
-0.0254815
-0.0546356
-0.0825687
-0.111372
-0.137302
-0.159271
-0.177731
-0.193298
-0.206073
-0.216017
-0.223087
-0.227136
-0.227937
-0.225209
-0.218622
-0.207818
-0.192396
-0.171777
-0.145418
-0.112502
-0.0715239
-0.0206059
0.0426516
0.119778
0.213689
0.309489
0.0705726
0.0654754
0.0617915
0.0592516
0.0574105
0.0544307
0.0479287
0.0370779
0.020638
-0.00170615
-0.025046
-0.0507317
-0.0791152
-0.104787
-0.12716
-0.147022
-0.163893
-0.177564
-0.187967
-0.194919
-0.198237
-0.197672
-0.192901
-0.183553
-0.169335
-0.149785
-0.124227
-0.0916248
-0.0506041
0.000578372
0.0645412
0.144342
0.247439
0.353178
0.250384
0.219237
0.154415
0.0704363
-0.0243432
-0.132883
0.17016
0.142366
0.0883408
0.00488058
-0.0974122
-0.149859
0.101524
0.0774399
0.0319401
-0.0378134
-0.134975
-0.163017
0.0452883
0.0249763
-0.0135551
-0.0657682
-0.141026
-0.163675
0.00127935
-0.0156958
-0.047923
-0.0868686
-0.142517
-0.164003
-0.0327902
-0.0463182
-0.0732007
-0.103598
-0.145422
-0.166088
-0.0587606
-0.0693164
-0.091687
-0.116168
-0.147786
-0.168287
-0.0781842
-0.0861837
-0.105119
-0.1251
-0.149179
-0.169519
-0.0918745
-0.0982725
-0.113977
-0.13114
-0.150083
-0.169682
-0.100939
-0.106523
-0.119524
-0.134967
-0.150523
-0.168864
-0.106428
-0.111628
-0.123179
-0.13696
-0.150435
-0.167146
-0.108942
-0.113855
-0.124496
-0.136955
-0.149688
-0.164334
-0.108833
-0.113474
-0.123377
-0.134718
-0.147397
-0.159834
-0.106437
-0.110849
-0.120107
-0.130264
-0.1427
-0.153426
-0.10212
-0.106357
-0.114955
-0.124029
-0.135892
-0.145374
-0.096248
-0.100422
-0.108441
-0.11661
-0.127607
-0.13595
-0.0891757
-0.0934532
-0.101176
-0.108558
-0.118361
-0.12542
-0.0812204
-0.085741
-0.0933904
-0.100229
-0.10864
-0.114237
-0.0726628
-0.0775444
-0.0852309
-0.0918077
-0.0989612
-0.103138
-0.0637735
-0.0691474
-0.0769813
-0.0834893
-0.0898604
-0.0929492
-0.0548547
-0.0608302
-0.0690405
-0.0757339
-0.081902
-0.0843511
-0.0462229
-0.0527876
-0.0616845
-0.0691055
-0.0756388
-0.0779169
-0.0381906
-0.0451948
-0.0553496
-0.063979
-0.0714613
-0.074111
-0.0308336
-0.0381184
-0.0504181
-0.0604623
-0.0694963
-0.0731016
-0.0236125
-0.0312011
-0.0464362
-0.0583158
-0.0696355
-0.0748258
-0.0159562
-0.0239595
-0.0427571
-0.0571805
-0.0716219
-0.0790669
-0.00785875
-0.0162602
-0.0392302
-0.0568573
-0.0751338
-0.0854122
0.00041412
-0.00816097
-0.0358483
-0.0570941
-0.0797357
-0.0932965
0.0085351
0.000261733
-0.0323081
-0.0573562
-0.0848462
-0.102137
0.0162399
0.0088784
-0.0280448
-0.0571571
-0.0898852
-0.111245
0.0231746
0.0170653
-0.0229157
-0.0562337
-0.0943548
-0.119888
0.0291168
0.0245479
-0.0171582
-0.054462
-0.0977277
-0.127517
0.0346884
0.0320572
-0.0104314
-0.0523203
-0.0991919
-0.133643
0.0411263
0.0405888
-0.00171529
-0.0495844
-0.0982828
-0.137794
0.0489496
0.0500911
0.0102089
-0.044285
-0.095219
-0.139706
0.0579003
0.0607969
0.0258681
-0.0353476
-0.0892017
-0.139077
0.0674044
0.0715397
0.0440234
-0.0235446
-0.0789911
-0.135524
0.076828
0.0814879
0.063145
-0.00897456
-0.0650237
-0.128724
0.0850372
0.0897874
0.0789605
0.00888734
-0.0504536
-0.117891
0.0916511
0.0964132
0.0894457
0.0273715
-0.0377533
-0.10393
0.0971186
0.101611
0.098116
0.0478197
-0.0233697
-0.0865161
0.101621
0.104602
0.10504
0.0718729
-0.00171944
-0.0636755
0.104969
0.10622
0.109663
0.0917606
0.0230934
-0.0406485
0.107667
0.108506
0.11301
0.105339
0.0473457
-0.0218242
0.1103
0.111348
0.115816
0.114013
0.0731417
0.00481978
0.112736
0.113952
0.117594
0.119658
0.0979428
0.0357393
0.114737
0.115654
0.117763
0.121663
0.111402
0.062692
0.11646
0.116506
0.117268
0.121005
0.118161
0.0881381
0.118259
0.117526
0.117384
0.1198
0.121865
0.108255
0.120234
0.11921
0.11857
0.119791
0.123974
0.120535
0.122036
0.121158
0.120741
0.12196
0.126219
0.128183
0.123111
0.122644
0.123344
0.125603
0.129528
0.133647
0.123279
0.123277
0.125277
0.129432
0.133664
0.137486
0.122665
0.123085
0.126252
0.132439
0.137319
0.139652
0.121869
0.122568
0.126053
0.133014
0.138541
0.139353
0.121058
0.121857
0.124834
0.13054
0.135258
0.134909
0.120225
0.120927
0.122436
0.124904
0.126693
0.125073
0.119436
0.119674
0.118654
0.116645
0.114052
0.110358
0.118827
0.118104
0.113789
0.10697
0.0997643
0.0933489
0.11859
0.116501
0.108729
0.0975803
0.0862017
0.0771723
0.148028
0.10764
0.105589
0.103045
0.0938415
0.0837582
0.0755476
0.0685838
0.0619213
0.0553159
0.0488443
0.0425484
0.0364326
0.0306434
0.02522
0.0201166
0.0153012
0.0106787
0.0065
0.00157465
0.151518
0.115059
0.106032
0.101688
0.0931106
0.0834592
0.0753419
0.0684279
0.0618493
0.0553253
0.0489006
0.0426588
0.0366698
0.0309721
0.0255682
0.0204287
0.015561
0.0108856
0.00663065
0.00170746
0.14151
0.113991
0.101284
0.0955764
0.0883873
0.0800589
0.0725979
0.0661121
0.0599709
0.0538931
0.0479283
0.0420883
0.0364597
0.0310395
0.025816
0.0207859
0.015944
0.0112623
0.00669403
0.0022244
0.126285
0.10861
0.0969133
0.0907224
0.0845066
0.0773499
0.0705489
0.0644694
0.0587203
0.0530359
0.0474117
0.0418777
0.0364692
0.03119
0.0260403
0.0210346
0.0161552
0.0114102
0.00665523
0.00243193
0.110924
0.10054
0.0916312
0.0857668
0.0803238
0.0743023
0.0683286
0.0627743
0.0574563
0.0521698
0.0468861
0.041636
0.0364413
0.0313125
0.0262502
0.0212842
0.0163799
0.0115928
0.00676091
0.00250687
0.0975786
0.0918107
0.0856378
0.0806141
0.0759482
0.0710225
0.0659936
0.0611034
0.0563018
0.0514623
0.0465527
0.0415974
0.0366197
0.0316372
0.026647
0.0217209
0.0167759
0.0119479
0.00705512
0.00261912
0.0865567
0.0835127
0.0794221
0.0754915
0.0717061
0.0677426
0.0635949
0.059388
0.0551248
0.0507418
0.0462136
0.0415572
0.0367993
0.0319645
0.0270739
0.0221562
0.017206
0.0122805
0.00727714
0.0027247
0.0776233
0.0758977
0.073365
0.0706623
0.0678641
0.0648311
0.0615379
0.0580081
0.0542583
0.0502824
0.0460801
0.041672
0.0370885
0.0323636
0.0275261
0.0226058
0.0176105
0.0125917
0.00743426
0.00272526
0.0702482
0.0691479
0.0677112
0.0660813
0.0642193
0.0620681
0.059611
0.0567707
0.0535505
0.0499783
0.0460817
0.0418993
0.0374716
0.0328429
0.028051
0.0231318
0.0180987
0.0130047
0.0077293
0.00281022
0.0676233
0.0669532
0.0659172
0.0646168
0.0630867
0.0612564
0.0590162
0.056365
0.0533235
0.0499038
0.0461229
0.0420152
0.0376345
0.0330331
0.0282519
0.0233262
0.0182744
0.0131451
0.00786464
0.00278308
0.0573689
0.053378
0.0521654
0.0532843
0.0564355
0.060399
0.0631671
0.0634856
0.0598628
0.0497358
0.0333296
0.0122387
-0.013955
-0.0408193
-0.0666427
-0.0916843
-0.113569
-0.131991
-0.146711
-0.157461
-0.164132
-0.166481
-0.164208
-0.157044
-0.144781
-0.127037
-0.10307
-0.0719515
-0.032836
0.0152714
0.073547
0.141662
0.214219
0.253527
0.0483646
0.0448792
0.0451497
0.0489409
0.0559566
0.0654502
0.0758688
0.0856759
0.0930681
0.0951788
0.0892652
0.0767935
0.0541545
0.0274642
0.000687771
-0.0280438
-0.0547913
-0.0789085
-0.0988236
-0.114194
-0.125066
-0.131089
-0.132004
-0.127807
-0.118291
-0.10295
-0.081249
-0.0528038
-0.0173347
0.0253083
0.0746089
0.127611
0.174895
0.197899
0.0435674
0.0400052
0.0410257
0.0466076
0.0566035
0.0704004
0.0867706
0.104478
0.121524
0.13449
0.13995
0.136938
0.12309
0.100447
0.0717319
0.0419971
0.01267
-0.0171975
-0.0426119
-0.0634579
-0.0797309
-0.0903203
-0.0951711
-0.094627
-0.08845
-0.0762312
-0.0577963
-0.0332974
-0.00292052
0.0328475
0.0725474
0.112609
0.145527
0.161032
0.042656
0.0386752
0.0400849
0.046687
0.0587613
0.0757652
0.0966296
0.120321
0.145191
0.167825
0.184095
0.190884
0.186368
0.170708
0.146064
0.115809
0.0824858
0.0481232
0.0185352
-0.00679872
-0.0290557
-0.0447039
-0.0541289
-0.0581498
-0.0561686
-0.0478817
-0.0335244
-0.0137141
0.0110029
0.0397259
0.0705389
0.100157
0.123514
0.134662
0.0457247
0.0408007
0.042192
0.049453
0.0629623
0.0824053
0.1067
0.134743
0.165302
0.195435
0.220902
0.237438
0.242016
0.23369
0.214103
0.185714
0.151738
0.115727
0.0810726
0.0493793
0.02188
0.001703
-0.0119635
-0.0207639
-0.023451
-0.0195001
-0.00956205
0.00521848
0.0240609
0.0459925
0.0689883
0.0902722
0.106616
0.114497
0.0527167
0.0464614
0.0473546
0.0548764
0.0693197
0.0906761
0.11758
0.14879
0.183211
0.21845
0.25063
0.275096
0.287816
0.286721
0.272254
0.246704
0.213688
0.17674
0.138922
0.102712
0.0710349
0.0461374
0.0274022
0.0141197
0.00677878
0.0063584
0.0121568
0.0222111
0.0355439
0.0511308
0.0672882
0.0820437
0.0932253
0.0987962
0.0637556
0.0554799
0.0552351
0.0627436
0.0777535
0.100283
0.129103
0.16275
0.199675
0.237919
0.274182
0.303807
0.322331
0.327025
0.317388
0.29504
0.263258
0.225899
0.186577
0.147949
0.112851
0.0835469
0.0605605
0.0437554
0.0331809
0.0290545
0.0306285
0.036316
0.0449885
0.0554572
0.0661748
0.075798
0.0830412
0.0867327
0.079099
0.0680986
0.065636
0.0724456
0.0876881
0.111011
0.141225
0.176655
0.215553
0.255915
0.294464
0.326652
0.348083
0.355907
0.349265
0.329233
0.298843
0.26187
0.221778
0.181864
0.144951
0.112939
0.0869677
0.0674773
0.0543616
0.0473231
0.0455655
0.0477297
0.0526482
0.0590479
0.065593
0.0713195
0.0755367
0.0776706
0.095773
0.0829541
0.0781939
0.0830372
0.0973376
0.121298
0.153032
0.190321
0.231082
0.273137
0.313112
0.346654
0.36983
0.379361
0.374123
0.355047
0.325416
0.288791
0.248105
0.206975
0.168454
0.134541
0.106389
0.084841
0.0698962
0.0611257
0.0574794
0.0573512
0.0595861
0.0628403
0.0659764
0.0684366
0.0700509
0.0706671
0.104433
0.0925787
0.0868412
0.0909105
0.105755
0.130751
0.163806
0.202602
0.244078
0.28613
0.32661
0.360106
0.382876
0.393838
0.390205
0.371971
0.343118
0.306888
0.26544
0.222533
0.181844
0.145839
0.116226
0.0935044
0.0775312
0.0675743
0.0626837
0.0617089
0.0628725
0.0646648
0.0660942
0.0670202
0.0676187
0.0678461
0.118962
0.115557
0.104972
0.0904106
0.0755941
0.0645117
0.120216
0.11608
0.104031
0.0866614
0.0690702
0.0562703
0.122539
0.118329
0.105822
0.0864649
0.0667657
0.0523942
0.12559
0.12168
0.109301
0.089228
0.0686189
0.0526149
0.128173
0.124945
0.114129
0.0952642
0.0746689
0.0571589
0.128794
0.126642
0.119087
0.103918
0.0840552
0.0658797
0.127513
0.126216
0.122314
0.112696
0.096434
0.0787479
0.125777
0.124833
0.123393
0.119353
0.10973
0.0949588
0.124608
0.123863
0.122992
0.121568
0.117918
0.109464
0.124259
0.123463
0.122182
0.120657
0.118699
0.114296
)
;

boundaryField
{
    inlet
    {
        type            zeroGradient;
    }
    outlet
    {
        type            fixedValue;
        value           uniform 0;
    }
    walls
    {
        type            zeroGradient;
    }
    baffle
    {
        type            zeroGradient;
    }
    frontAndBack
    {
        type            empty;
    }
}


// ************************************************************************* //
