/*--------------------------------*- C++ -*----------------------------------*\
| =========                 |                                                 |
| \\      /  F ield         | OpenFOAM: The Open Source CFD Toolbox           |
|  \\    /   O peration     | Version:  v2012                                 |
|   \\  /    A nd           | Website:  www.openfoam.com                      |
|    \\/     M anipulation  |                                                 |
\*---------------------------------------------------------------------------*/
FoamFile
{
    version     2.0;
    format      ascii;
    class       volScalarField;
    location    "565";
    object      age;
}
// * * * * * * * * * * * * * * * * * * * * * * * * * * * * * * * * * * * * * //

dimensions      [0 0 1 0 0 0 0];


internalField   nonuniform List<scalar> 
6018
(
0.651483
0.600491
0.554235
0.511529
0.471526
0.433619
0.397372
0.362495
0.328792
0.296122
0.264388
0.233518
0.203458
0.174166
0.145607
0.117746
0.0905516
0.0639868
0.0380157
0.0125959
0.514619
0.481408
0.450589
0.420383
0.392077
0.364882
0.338327
0.312268
0.286563
0.261123
0.235885
0.210801
0.185837
0.16097
0.136178
0.11144
0.0867331
0.0620303
0.0372923
0.0124692
0.467291
0.443065
0.419205
0.395567
0.372175
0.348816
0.325438
0.302011
0.278514
0.254934
0.231258
0.207478
0.183583
0.159562
0.135409
0.11112
0.0866865
0.0621037
0.0373691
0.0124882
0.46107
0.438663
0.416142
0.393499
0.370725
0.347825
0.324799
0.301647
0.278365
0.254948
0.231393
0.207693
0.183844
0.159842
0.135681
0.111356
0.0868675
0.0622178
0.0374182
0.0124943
0.460838
0.438447
0.415955
0.393354
0.370637
0.347799
0.324832
0.301732
0.278491
0.255105
0.231569
0.207877
0.184026
0.16001
0.135825
0.11147
0.0869458
0.0622618
0.0374341
0.0124957
0.460169
0.437873
0.415487
0.392986
0.370356
0.347587
0.324676
0.301617
0.278409
0.255047
0.231528
0.20785
0.184009
0.159999
0.135819
0.111466
0.0869441
0.0622611
0.0374339
0.0124957
0.459563
0.437413
0.415128
0.39269
0.370091
0.347335
0.324424
0.301361
0.278154
0.254795
0.231285
0.207619
0.183796
0.159812
0.135663
0.111346
0.0868625
0.0622158
0.0374176
0.0124942
0.460145
0.438151
0.415885
0.393365
0.370626
0.347702
0.324642
0.301453
0.278129
0.254674
0.231087
0.207366
0.18351
0.159516
0.135382
0.111105
0.0866792
0.0621008
0.0373683
0.0124881
0.478729
0.456086
0.432311
0.408043
0.383911
0.359635
0.334976
0.310152
0.285239
0.260304
0.235382
0.210496
0.185657
0.160868
0.136124
0.111413
0.0867216
0.0620265
0.0372916
0.0124692
0.586039
0.558888
0.52686
0.493763
0.459901
0.42607
0.392513
0.359395
0.326834
0.2949
0.263637
0.233066
0.203194
0.174018
0.145528
0.117708
0.0905353
0.063981
0.0380142
0.0125957
43.1883
42.7801
43.1093
43.6046
44.3202
45.4346
47.1452
49.3389
53.4041
53.2875
51.9661
50.6466
49.7452
49.4725
49.768
50.2331
50.7254
51.2496
51.684
52.197
52.5225
53.2522
54.0436
55.034
55.9501
9.96725
1.87768
1.60948
1.27612
1.09536
0.959763
0.858177
0.776879
0.709344
39.0346
39.1986
39.4245
39.8475
40.4967
41.3754
42.5038
43.7952
44.8598
45.0251
44.4937
44.0821
43.9593
44.0711
44.3158
44.7094
45.1812
45.6107
46.0375
48.2448
51.379
44.1662
26.5388
14.8402
7.13263
1.71208
1.0955
0.996495
0.857665
0.77263
0.70095
0.643169
0.594134
0.551835
40.1326
41.3862
41.765
41.5036
41.1594
41.1538
41.2577
41.5807
41.9821
42.2963
42.5244
42.749
43.0796
43.4285
43.7473
44.0514
45.0281
45.5984
42.9455
33.6557
21.2515
9.96034
3.4193
1.1705
0.991447
0.850778
0.769137
0.7111
0.658253
0.617575
0.580581
0.547631
0.519074
0.492422
47.9479
51.2163
52.2743
50.9698
48.1341
45.1614
43.174
42.2962
42.2353
42.4665
42.9035
43.4869
44.1587
44.5884
45.1946
44.5793
41.3889
32.1332
19.483
8.63316
2.96283
0.994381
0.899284
0.797456
0.746822
0.701183
0.663371
0.631602
0.602991
0.576712
0.551838
0.528511
0.506032
0.483496
61.7172
66.7186
67.9212
65.6333
60.8106
54.9733
49.7912
46.2846
44.6174
44.2494
44.6006
45.0625
46.1922
45.4208
42.2425
33.8369
21.6941
10.0615
3.45087
1.00346
0.917855
0.809501
0.766734
0.724792
0.69353
0.664707
0.639299
0.616552
0.59429
0.572159
0.550137
0.528021
0.505715
0.483263
80.0416
86.3822
87.1982
83.1324
75.7646
67.025
58.8532
52.7061
49.0902
47.4143
46.6583
46.3974
44.2443
37.3254
26.0807
13.8348
5.2519
1.47653
0.949426
0.84667
0.802669
0.760993
0.732206
0.70702
0.683258
0.660837
0.639025
0.617187
0.595009
0.572628
0.550133
0.527581
0.505048
0.482546
100.867
107.726
107.398
100.839
90.2914
78.3377
67.2269
58.5785
52.6035
49.4131
47.6093
41.778
31.9774
19.6776
8.92685
2.86186
1.02548
0.929943
0.838745
0.805355
0.775497
0.7518
0.72885
0.707117
0.684987
0.662841
0.640264
0.617417
0.59451
0.57168
0.548991
0.526463
0.504071
0.481755
120.918
127.229
125.005
115.536
101.562
86.338
72.4261
61.2
53.7393
48.2257
39.6022
27.5341
15.3582
5.93745
1.75868
0.986099
0.891697
0.849254
0.818768
0.798624
0.775474
0.754682
0.732382
0.709838
0.686591
0.663061
0.639423
0.615978
0.592864
0.570133
0.547785
0.525748
0.503865
0.482007
137.571
142.334
137.378
124.698
107.336
89.0206
72.7
60.0296
50.0342
38.3789
24.5914
12.2282
4.21364
1.18033
0.993088
0.894831
0.86583
0.844705
0.826761
0.805379
0.781522
0.756968
0.731744
0.706596
0.681835
0.657893
0.634992
0.613318
0.593024
0.5744
0.557134
0.539075
0.52025
0.500298
148.977
152.361
143.921
126.941
106.382
85.8698
68.2534
53.4263
38.6161
23.2046
10.4964
3.31051
1.07457
0.977955
0.911605
0.887175
0.867808
0.844105
0.817133
0.787483
0.761064
0.743681
0.725289
0.707766
0.691387
0.676098
0.662902
0.653245
0.646788
0.642618
0.63934
0.635505
0.628963
0.616855
63.9111
57.007
54.6117
51.56
47.7179
44.6507
63.5268
57.9505
56.1654
48.0933
41.8914
39.2245
64.8195
63.1986
51.1624
41.5245
37.8671
38.6124
66.8496
56.6692
41.8152
37.2848
39.3255
43.44
70.0195
44.18
36.5525
39.2965
45.9221
54.0784
37.0496
35.6314
37.7507
45.4102
57.0156
69.4147
34.3365
35.4688
41.6385
54.8978
71.6235
87.9532
34.0465
36.6686
47.8951
66.6671
87.8083
106.929
33.8919
38.9826
55.7354
79.1457
103.389
123.893
33.7809
42.2758
63.8324
90.4777
116.428
136.941
154.169
153.016
142.215
121.575
98.7938
77.1212
57.8222
39.7248
22.7561
9.61249
2.85194
1.05517
0.975781
0.93017
0.906799
0.889687
0.865901
0.845144
0.832994
0.829414
0.856854
0.937551
1.11592
1.46851
2.13102
3.36274
5.62744
9.67855
16.055
24.0704
33.8268
45.0683
56.4568
64.7527
154.887
148.57
132.688
109.52
85.4795
62.6392
41.5751
22.9974
9.27785
2.59116
1.05632
0.986118
0.953959
0.930063
0.91393
0.897537
0.887337
0.8974
0.955907
1.12205
1.48097
2.20566
3.74472
7.01599
13.0637
21.8152
33.1876
46.1602
58.5601
67.4378
75.582
81.3269
86.9693
96.266
147.495
136.974
117.216
92.5347
67.6129
44.2178
24.0985
9.56977
2.5813
1.06057
1.00282
0.978296
0.957754
0.940523
0.930362
0.935308
0.987914
1.1548
1.53822
2.40492
4.5075
9.27633
17.2795
28.7005
42.2658
55.4676
66.1426
72.4161
75.3474
75.4282
75.5539
76.5582
82.4452
96.7339
134.425
120.024
97.6086
72.0752
47.2811
25.819
10.3494
2.78621
1.09502
1.02094
1.00333
0.98548
0.968194
0.961809
0.985309
1.09486
1.38536
2.10666
4.09182
8.81887
17.2107
29.3852
43.5357
57.7199
68.3366
73.5833
75.3712
75.1343
74.9266
74.954
75.3355
78.2461
86.4882
98.9811
117.226
99.5053
75.5369
50.3797
28.0104
11.5707
3.19654
1.16901
1.04618
1.02806
1.012
0.994033
0.989492
1.03216
1.19416
1.61817
2.93804
6.62333
13.8787
25.1999
39.4176
54.5339
67.0207
73.6218
75.8913
75.1828
74.6684
74.5568
74.6475
75.0204
76.7802
81.6775
90.0608
101.086
97.2291
77.1594
53.1682
30.518
13.2278
3.82327
1.27586
1.07928
1.05332
1.03829
1.01978
1.01632
1.06842
1.25169
1.84782
4.05438
9.2688
18.5472
31.4394
46.6807
61.2743
71.7371
75.7511
75.8382
75.0161
74.4724
74.3118
74.4699
74.9215
77.0077
81.5051
88.1439
95.8553
103.703
75.9852
55.0743
33.1589
15.3318
4.70999
1.42363
1.12135
1.07954
1.06374
1.04478
1.03916
1.09166
1.28703
2.13606
5.10811
11.6094
21.9973
35.872
51.2052
65.0794
73.9271
76.9399
75.9072
74.7009
74.0878
74.0322
74.303
75.6689
79.3755
85.4544
92.4452
98.877
103.457
106.592
55.3628
35.5449
17.7015
5.90836
1.62759
1.17493
1.10809
1.0881
1.07032
1.06315
1.10698
1.28489
2.37698
5.91104
13.2172
24.355
38.5628
53.7365
66.7242
74.2266
75.9832
74.96
74.0475
73.6411
73.8571
75.0107
78.6395
85.3873
94.4341
103.403
110.203
113.537
112.517
109.697
37.0794
20.0765
7.45027
2.00865
1.24105
1.14173
1.1148
1.09901
1.08844
1.10697
1.19775
2.4829
6.37831
14.1007
25.6986
40.1011
55.0864
67.395
73.6409
74.5627
73.8748
73.3476
73.2896
74.1371
77.428
84.4523
95.5829
109.008
121.929
131.18
134.58
131.532
122.336
112.595
22.2463
9.39163
2.71888
1.34168
1.18342
1.1432
1.12665
1.11218
1.11436
1.17401
2.37815
6.51667
14.3519
26.2355
40.9341
56.0145
67.9944
73.3076
73.7604
73.2214
72.8203
73.087
74.9316
80.649
91.721
107.958
127.594
147.171
162.069
168.295
164.327
151.116
131.705
115.428
11.7146
3.82231
1.51947
1.23881
1.17512
1.15349
1.13607
1.12815
1.1755
2.14369
6.12935
14.0971
26.1175
41.3011
56.8727
68.9182
73.7508
73.8046
72.9848
72.4176
72.595
74.5559
81.7929
96.2177
117.712
144.446
172.39
196.191
209.997
209.805
194.65
168.717
138.839
117.252
5.384
1.81272
1.31949
1.21422
1.18137
1.16098
1.14682
1.18304
1.82958
5.35978
13.2437
25.4489
41.1721
57.5529
70.0092
74.8224
74.2988
73.3244
72.3591
72.1371
72.8126
78.5151
92.9419
116.599
148.254
183.396
215.806
240.412
251.629
243.549
217.284
180.191
142.327
117.78
2.49509
1.43253
1.26447
1.21179
1.1866
1.16945
1.1957
1.48554
4.34816
11.8237
24.0719
40.3006
57.5704
70.8045
76.2365
75.894
75.1416
73.5477
72.2263
72.0306
73.0626
81.636
99.9237
129.204
166.825
205.489
238.392
262.944
274.081
260.848
226.857
182.76
141.418
118.115
1.65263
1.33696
1.24944
1.21733
1.19474
1.19203
1.25811
3.22649
9.92167
21.876
38.4395
56.6828
71.2482
78.0123
78.868
78.5141
77.1579
75.0076
72.9167
71.8786
72.5644
79.1469
96.1477
125.087
163.352
202.819
236.099
260.997
271.791
257.214
221.575
176.875
137.514
118.455
1.45235
1.30129
1.24945
1.22168
1.20871
1.26584
2.19175
7.58837
18.8663
35.3827
54.5519
70.9175
79.8069
82.4684
83.4172
83.2816
81.5356
78.7174
75.4766
72.8538
71.7828
74.1783
84.8247
107.677
142.252
181.366
215.025
238.426
248.475
236.803
205.135
165.474
132.424
118.845
1.37904
1.29018
1.25228
1.23007
1.25296
1.46383
5.0553
15.1042
31.0821
50.8779
69.3159
81.0394
86.1893
89.1378
91.1525
91.2613
89.4742
85.973
81.3542
76.6125
73.0997
71.7111
74.8904
87.332
113.123
148.832
183.375
206.369
215.6
208.515
183.88
152.562
127.746
119.342
1.34891
1.28982
1.25973
1.25353
1.32901
2.93144
10.8269
25.6278
45.4897
65.8957
80.94
89.1839
94.579
99.3355
102.398
103.184
101.537
97.534
91.6874
84.8684
78.3063
73.5544
71.6514
74.541
87.1299
113.843
147.72
174.287
184.28
180.63
163.609
141.153
124.557
120.01
1.33912
1.29291
1.27139
1.30596
1.63007
6.44656
19.3196
38.4247
60.2383
78.7312
90.5991
98.7024
106.32
112.88
117.218
118.868
117.531
113.296
106.565
98.0696
88.8586
80.3061
74.0829
71.5731
73.7273
85.8054
112.213
142.771
159.681
158.328
148.088
133.148
123.232
121.136
1.33848
1.30173
1.29883
1.38149
3.15751
12.572
30.0021
52.169
73.7253
89.6309
100.743
111.021
121.052
129.349
135.049
137.595
136.728
132.525
125.297
115.634
104.405
92.7756
82.2202
74.4804
71.3508
72.8689
84.5048
110.468
137.484
144.782
138.214
128.884
123.617
123.5
1.34284
1.31442
1.33434
1.4915
6.40948
20.7767
42.0097
65.5619
85.5805
100.167
112.867
125.92
138.099
148.056
155.015
158.44
158.144
154.178
146.79
136.449
123.85
109.951
96.0114
83.6122
74.5977
70.9425
72.2158
84.1364
110.605
135.017
133.433
127.613
124.272
126.481
1.35144
1.33729
1.39537
2.51495
11.7675
30.4246
54.3513
77.8495
96.4704
111.68
127.088
142.692
156.768
168.222
176.311
180.597
180.922
177.317
169.993
159.332
145.898
130.464
114.047
97.9995
84.064
74.2189
70.4215
72.059
85.5289
113.595
132.708
127.926
125.232
128.437
1.3632
1.36392
1.4505
4.69554
18.598
40.8197
66.2457
89.0236
107.357
124.633
142.868
160.655
176.416
189.204
198.347
203.486
204.454
201.266
194.126
183.374
169.487
153.073
134.927
116.139
98.2219
83.1557
73.1788
69.9381
72.7686
90.6934
121.43
129.585
126.753
129.726
1.37874
1.40169
1.62456
8.16371
26.3797
51.3242
77.314
99.5321
118.863
138.821
159.578
179.252
196.534
210.565
220.767
226.79
228.421
225.649
218.672
207.844
193.639
176.603
157.362
136.72
115.831
96.3908
80.6959
71.5642
69.3695
75.4517
101.471
129.305
127.883
130.73
1.40054
1.44551
2.4129
12.8984
34.6147
61.4752
87.5422
109.859
131.117
153.777
176.702
198.074
216.808
232.141
243.536
250.564
252.926
250.556
243.659
232.634
218.016
200.38
180.299
158.395
135.505
112.919
92.5761
77.0882
69.7396
69.0705
82.3281
117.263
129.437
132.019
1.42447
1.4847
3.85085
18.3162
42.8988
71.0211
97.1122
120.291
143.919
169.037
193.866
216.863
237.118
253.941
266.743
274.949
278.134
276.164
269.243
257.839
242.592
224.183
203.231
180.28
155.927
131.096
107.344
87.0204
73.0889
68.3894
71.1668
96.8257
132.5
133.249
1.45001
1.52454
5.91254
24.0551
50.9382
79.8842
106.233
130.88
156.951
184.237
210.826
235.489
257.45
276.033
290.506
300.101
304.238
302.686
295.643
283.655
267.503
248.027
225.981
201.952
176.409
149.931
123.588
99.3311
80.0848
69.4989
67.413
79.352
124.198
134.548
1.47395
1.56239
8.51191
29.8474
58.5462
88.0899
115.041
141.518
169.899
199.119
227.432
253.892
277.818
298.467
314.902
326.128
331.37
330.274
323.022
310.252
292.908
272.031
248.558
223.207
196.459
168.689
140.519
113.356
89.7799
73.2877
67.3101
68.8965
97.8758
136.721
1.50839
1.82479
11.5858
35.4884
65.6231
95.6996
123.58
152.025
182.507
213.508
243.586
272.032
298.204
321.232
339.933
353.054
359.582
358.999
351.455
337.698
318.878
296.269
271.028
244.041
215.88
186.861
157.286
127.976
100.959
79.6956
68.2667
65.9843
80.6176
138.318
1.53843
2.2996
14.8065
40.8386
72.1276
102.768
131.816
162.21
194.582
227.279
259.208
289.84
318.531
344.24
365.524
380.834
388.856
388.857
380.936
365.974
345.375
320.708
293.376
264.449
234.616
204.224
173.423
142.565
112.983
87.733
71.1214
65.8703
69.4933
120.843
1.5655
2.94062
17.986
45.8094
78.0522
109.325
139.676
171.906
205.982
240.335
274.205
307.203
338.649
367.322
391.514
409.329
419.081
419.754
411.365
394.96
372.264
345.204
315.478
284.349
252.614
220.67
188.623
156.54
125.102
96.6425
75.5507
66.273
64.6574
65.7855
1.59188
3.6963
21.0146
50.3478
83.4044
115.377
147.069
180.975
216.6
252.58
288.46
323.953
358.336
390.223
417.633
438.277
450.011
451.451
442.502
424.404
399.285
369.508
337.112
303.565
269.758
236.121
202.749
169.567
136.799
105.949
80.9273
67.4203
64.5357
64.5025
1.61784
4.51564
23.8223
54.4266
88.1965
120.91
153.908
189.312
226.347
263.916
301.825
339.872
377.3
412.584
443.477
467.251
481.215
483.521
473.911
453.87
426.023
393.245
357.955
321.836
285.858
250.456
215.703
181.45
147.64
115.133
87.0549
69.2452
64.4781
64.058
1.64339
5.35161
26.3636
58.0359
92.4408
125.902
160.116
196.836
235.144
274.232
314.124
354.695
395.174
433.937
468.487
495.628
512.042
515.296
504.912
482.689
451.866
415.894
377.584
338.829
300.666
263.505
227.381
192.085
157.382
123.688
93.348
71.7733
64.5792
63.8356
1.6685
6.16294
28.6104
61.176
96.1472
130.329
165.632
203.482
242.92
283.41
325.161
368.119
411.527
453.703
491.934
522.567
541.581
545.83
534.547
509.934
475.994
436.782
395.474
354.148
313.887
275.062
237.646
201.382
165.908
131.333
99.2984
74.676
64.7763
63.6973
1.69315
6.91529
30.5469
63.8535
99.3238
134.167
170.411
209.203
249.607
291.331
334.732
379.824
425.883
471.209
512.934
546.992
568.643
573.885
561.551
534.425
497.4
455.107
411.02
367.348
325.204
284.903
246.349
209.241
173.121
137.89
104.735
77.7176
65.0524
63.5843
1.71733
7.58176
32.1674
66.0786
101.978
137.399
174.417
213.959
255.141
297.877
342.635
389.484
437.743
485.728
530.48
567.628
591.773
597.937
584.355
554.773
514.957
470.003
423.582
377.97
334.288
292.801
253.338
215.562
178.946
143.228
109.343
80.6563
65.3844
63.4901
1.74102
8.14297
33.4733
67.8647
104.118
140.013
177.63
217.722
259.469
302.942
348.684
396.798
446.638
496.537
543.507
583.041
609.279
615.914
601.147
569.492
527.53
480.632
432.552
385.583
340.838
298.542
258.465
220.249
183.322
147.291
112.95
83.2324
65.7351
63.4077
1.76424
8.5872
34.4723
69.2275
105.753
142.004
180.038
220.473
262.548
306.439
352.725
401.515
452.165
503.015
551.11
591.977
618.187
624.025
610.059
577.228
534.147
486.295
437.431
389.833
344.603
301.949
261.608
223.216
186.186
150.037
115.457
85.2184
66.0594
63.3328
1.78701
8.90971
35.1777
70.1852
106.896
143.375
181.636
222.202
264.347
308.302
354.646
403.452
454.048
504.749
552.582
593.14
618.357
624.183
609.756
577.089
534.188
486.552
437.901
390.488
345.415
302.896
262.675
224.397
187.484
151.422
116.82
86.4485
66.3081
63.2625
1.80938
9.11294
35.6064
70.758
107.563
144.132
182.431
222.909
264.852
308.498
354.387
402.528
452.177
501.589
547.754
586.383
610.48
615.609
600.321
568.948
527.536
481.3
433.868
387.467
343.205
301.324
261.612
223.749
187.178
151.396
117.011
86.8256
66.4323
63.1942
1.83139
9.20062
35.7809
70.9706
107.772
144.291
182.434
222.597
264.059
307.022
351.946
398.752
446.602
493.674
536.952
572.332
593.998
597.717
583.044
553.623
514.662
470.824
425.501
380.861
338.015
297.246
258.412
221.259
185.254
149.942
116.008
86.3043
66.3794
63.1254
1.8529
9.20033
35.7175
70.8408
107.539
143.874
181.668
221.281
261.985
303.9
347.376
392.233
437.534
481.405
520.908
552.235
570.748
573.122
559.314
532.34
496.477
455.732
413.193
370.918
329.991
290.738
253.11
216.931
181.702
147.051
113.811
84.9584
66.0314
63.0543
1.87397
9.1314
35.4404
70.393
106.884
142.904
180.155
218.985
258.664
299.189
340.782
383.162
425.314
465.368
500.581
527.575
542.781
543.873
531.028
506.638
474.119
436.832
397.501
358.005
319.363
281.937
245.782
210.799
176.521
142.708
110.414
82.8069
65.4327
62.9793
1.89475
9.01011
34.9802
69.6558
105.832
141.407
177.924
215.742
254.138
292.968
332.309
371.796
410.371
446.251
476.986
499.732
511.838
511.78
499.852
477.936
448.733
415.002
379.066
342.566
306.421
271.026
236.538
202.914
169.722
136.915
105.838
79.9094
64.6527
62.8963
1.91539
8.85311
34.3715
68.661
104.412
139.408
175.007
211.589
248.46
285.331
322.132
358.428
393.178
424.76
451.079
469.867
479.214
478.162
467.066
447.422
421.355
391.087
358.531
325.061
291.48
258.217
225.513
193.347
161.331
129.694
100.144
76.3826
63.7904
62.8005
1.93608
8.67764
33.652
67.4423
102.649
136.933
171.439
206.57
241.689
276.381
310.433
343.365
374.209
401.557
423.702
438.913
445.864
443.979
433.643
416.047
392.858
365.829
336.48
305.919
274.849
243.735
212.859
182.18
151.387
121.106
93.4587
72.4396
62.9521
62.7065
1.95703
8.50124
32.8618
66.0348
100.568
134.003
167.246
200.725
233.884
266.218
297.391
326.902
353.899
377.222
395.543
407.599
412.505
409.948
400.307
384.536
363.923
339.816
313.385
285.509
256.822
227.808
198.73
169.5
139.973
111.282
86.0216
68.46
62.3528
62.6829
1.97852
8.34169
32.043
64.475
98.1937
130.632
162.451
194.088
225.095
254.928
283.162
309.298
332.621
352.228
367.134
376.464
379.655
376.57
367.566
353.39
335.02
313.459
289.592
264.131
237.662
210.651
183.267
155.4
127.235
100.491
78.2715
65.1787
62.1718
62.748
2.00095
8.21759
31.2398
62.8019
95.5496
126.835
157.072
186.69
215.371
242.587
267.875
290.758
310.662
326.918
338.841
345.857
347.633
344.146
335.706
322.886
306.405
286.996
265.335
242.027
217.612
192.454
166.595
140.01
113.437
89.2195
70.9539
62.8666
62.0474
62.9611
2.02465
8.1498
30.4992
61.056
92.657
122.617
151.117
178.557
204.754
229.26
251.628
271.424
288.203
301.499
310.861
315.941
316.563
312.762
304.795
293.085
278.149
260.532
240.779
219.413
196.875
173.359
148.832
123.575
99.0566
78.2504
65.259
61.8556
62.4235
63.4768
2.04971
8.16504
29.8707
59.2766
89.5301
117.972
144.575
169.696
193.281
215.004
234.49
251.373
265.324
276.031
283.218
286.69
286.367
282.309
274.713
263.889
250.22
234.132
216.08
196.474
175.59
153.452
130.154
106.557
84.9339
68.8052
61.846
61.7502
63.619
64.1374
2.07671
8.29575
29.411
57.4994
86.171
112.872
137.413
160.093
180.97
199.865
216.514
230.646
242.031
250.471
255.807
257.939
256.835
252.557
245.258
235.175
222.605
207.896
191.389
173.326
153.805
132.828
110.953
89.8045
72.4004
62.5277
60.8983
64.3647
66.9505
65.2408
2.1063
8.61606
29.151
55.7511
82.5661
107.267
129.564
149.699
167.815
183.877
197.751
209.276
218.315
224.752
228.497
229.501
227.755
223.317
216.312
206.924
195.387
181.949
166.777
149.96
131.532
111.798
92.0962
74.7603
63.2934
60.125
63.6322
69.3594
70.412
66.1797
2.15917
9.21339
29.1434
54.0447
78.679
101.076
120.925
138.426
153.774
167.052
178.252
187.327
194.221
198.88
201.257
201.325
199.088
194.594
187.936
179.248
168.669
156.298
142.151
126.329
109.017
91.2627
75.2054
63.5593
59.6382
62.4701
69.1384
74.0992
72.1477
66.6884
2.30651
10.2066
29.4515
52.3717
74.44
94.1816
111.354
126.132
138.744
149.349
158.041
164.87
169.849
172.966
174.2
173.534
170.968
166.525
160.248
152.183
142.348
130.739
117.417
102.735
87.2483
73.1739
62.7885
58.8937
61.2931
67.7926
74.3673
76.107
71.6385
66.9829
2.6819
11.7689
30.1506
50.6903
69.7387
86.433
100.671
112.631
122.553
130.645
137.066
141.925
145.27
147.114
147.444
146.237
143.467
139.107
133.113
125.451
116.098
105.216
93.1103
80.5214
68.6567
60.7593
57.89
60.2907
66.9034
73.3117
76.2897
74.1028
70.3121
67.2697
3.54591
14.1592
31.3171
48.8928
64.3971
77.6321
88.6744
97.72
105.018
110.794
115.219
118.404
120.407
121.244
120.884
119.272
116.329
111.962
106.099
98.7754
90.1958
80.9222
71.3544
62.7747
57.7343
56.9038
59.9476
67.0192
72.8492
74.1391
73.1151
71.8118
69.302
67.6176
5.70293
17.9002
33.037
46.7938
58.2151
67.6575
75.3305
81.4372
86.2099
89.8511
92.507
94.2588
95.1685
95.1956
94.2581
92.2792
89.1711
84.897
79.5964
73.5554
67.2745
61.3592
56.6346
54.8599
55.9401
61.79
69.2186
73.4622
72.7191
71.8663
71.2402
70.2486
68.9908
68.4073
10.0259
23.5911
35.3959
44.0875
50.9872
56.5019
60.7704
63.9966
66.3834
68.0805
69.2022
69.7746
69.7285
69.0779
67.8161
65.9359
63.5075
60.7139
57.8161
55.1119
53.0254
51.588
52.8838
58.123
66.0351
77.393
75.0062
73.3534
72.6
71.8276
71.1505
70.5829
70.1729
70.7878
27.7874
32.8259
38.3544
41.2115
43.3902
45.3617
46.8225
47.7655
48.3564
48.7091
48.8791
48.9332
48.9851
49.0373
49.0905
49.1457
49.2046
49.2704
49.3487
49.4506
49.5995
49.9573
66.5799
83.7255
82.4213
80.9083
80.261
79.3987
78.7609
77.2056
76.3759
76.0954
77.4531
80.5465
33.6912
45.977
71.186
99.678
126.053
145.275
33.6086
49.4725
76.9338
105.903
131.432
148.295
33.5313
52.1299
80.339
108.513
131.895
146.183
33.4564
53.7215
81.4236
107.66
127.405
137.029
33.3817
54.1452
80.2638
103.568
119.415
124.323
33.3039
53.4295
77.1044
96.7232
108.034
108.282
33.1025
51.7357
72.3169
87.6719
94.2338
90.1227
32.6616
49.3127
66.2623
77.0594
78.9792
71.2365
31.9901
46.2683
59.312
65.6276
63.4362
53.0839
31.0888
42.7435
51.8012
53.9595
48.5172
36.834
29.9437
38.8584
44.0939
42.7001
35.0445
23.4617
28.603
34.7521
36.5269
32.4357
23.7765
13.5825
27.2684
30.6157
29.4475
23.5454
14.9946
7.02401
25.9594
26.6245
23.1388
16.3773
8.90154
3.52614
24.6239
22.9093
17.7489
10.9201
4.98398
2.01906
23.2965
19.5306
13.349
7.08843
2.91562
1.61119
21.9894
16.5293
9.89105
4.55435
2.00214
1.48602
20.6647
13.9583
7.32411
3.08762
1.69954
1.43041
19.4271
11.7884
5.4293
2.30622
1.5805
1.4045
18.3158
10.007
4.13564
1.96361
1.52093
1.39528
17.3416
8.5373
3.28259
1.80035
1.48949
1.39473
16.5004
7.35045
2.76683
1.71059
1.47453
1.39952
15.783
6.42145
2.46365
1.65773
1.46955
1.40737
15.1782
5.70624
2.27587
1.62652
1.47095
1.41813
14.6641
5.15423
2.1533
1.6092
1.47679
1.43157
14.2216
4.73276
2.0708
1.60126
1.48577
1.44729
13.8469
4.42007
2.01466
1.59984
1.49737
1.46436
13.5359
4.18796
1.97685
1.60305
1.5108
1.48298
13.2833
4.01499
1.95226
1.60969
1.52601
1.50345
13.083
3.88624
1.93745
1.61903
1.54269
1.52439
12.9289
3.79135
1.93013
1.63051
1.55953
1.54545
12.816
3.72307
1.92866
1.64362
1.5763
1.56652
12.7391
3.67613
1.93184
1.65797
1.5932
1.58754
12.6941
3.64656
1.93874
1.67331
1.61067
1.60847
12.6776
3.63137
1.94864
1.68948
1.62881
1.6293
12.6853
3.6282
1.96104
1.70635
1.64728
1.65
12.7142
3.63456
1.97554
1.72379
1.66595
1.67056
12.7433
3.66229
1.99185
1.74172
1.68478
1.691
12.7725
3.71126
2.00974
1.76007
1.70373
1.71128
12.802
3.77801
2.02874
1.77875
1.7228
1.73164
12.8318
3.85897
2.04832
1.79771
1.74195
1.75204
12.8618
3.95007
2.06838
1.81683
1.76118
1.77236
12.8922
4.04673
2.08876
1.83604
1.78045
1.79255
12.923
4.14385
2.10926
1.85529
1.79976
1.81264
12.954
4.23555
2.12965
1.87455
1.81909
1.83269
12.9853
4.31491
2.14964
1.89375
1.83846
1.85276
13.0168
4.37499
2.16904
1.9128
1.85783
1.87296
13.0484
4.40483
2.18697
1.9315
1.87719
1.89337
13.0497
4.41187
2.20261
1.9497
1.89654
1.91407
13.0074
4.39663
2.21532
1.96724
1.91586
1.93511
12.9137
4.35599
2.22452
1.98397
1.9352
1.95664
12.7603
4.28661
2.22974
1.99979
1.95455
1.97825
12.5423
4.18689
2.23067
2.01462
1.97391
2.00041
12.2589
4.05778
2.22728
2.02845
1.99332
2.02419
11.9129
3.90273
2.22
2.04142
2.013
2.05237
11.5115
3.72868
2.20979
2.0537
2.03295
2.08592
11.07
3.54563
2.198
2.06593
2.0549
2.1284
10.6103
3.3647
2.1866
2.07654
2.07451
2.17103
10.1583
3.19818
2.17792
2.08767
2.11869
2.75502
9.74177
3.05301
2.16987
2.11287
3.36434
12.3053
9.43456
2.95147
2.17196
2.16519
5.72335
15.6363
9.18537
2.88013
2.1801
2.46053
7.67934
15.6577
8.98592
2.82746
2.18552
2.84722
8.93276
15.1752
105.226
104.975
106.089
107.741
110.333
113.528
117.02
120.411
122.711
123.655
123.91
124.131
124.361
124.617
124.933
125.371
125.998
128.221
246.794
402.371
399.794
393.536
390.424
389.743
387.91
385.724
382.639
378.875
377.068
381.78
396.137
426.066
493.599
589.758
100.955
93.7183
97.1574
102.095
110.108
121.003
133.23
144.94
154.372
160.56
162.738
160.75
155.608
148.585
141.15
134.962
131.079
129.232
144.683
220.455
353.004
359.86
340.607
337.15
333.714
330.473
327.202
323.888
320.729
318.193
317.676
323.59
349.834
398.723
96.8518
84.5487
89.3189
98.3204
112.252
132.831
157.444
182.572
204.567
220.76
229.636
230.201
222.916
209.232
191.433
172.13
154.834
141.068
134.667
141.231
207.976
307.364
342.5
339.166
337.012
334.672
332.034
328.251
321.883
314.351
307.304
303.963
307.286
322.978
91.6872
75.0096
82.9428
95.7977
115.629
146.772
185.798
227.059
264.538
293.552
311.362
316.687
309.769
292.123
266.127
234.94
202.842
174.173
150.446
139.683
147.019
207.285
303.82
352.019
359.997
367.752
369.145
364.939
354.184
337.311
317.677
301.745
296.397
301.484
86.3022
67.0118
77.0023
93.7027
119.547
162.129
217.211
276.388
330.795
373.737
401.375
412.291
406.752
386.485
354.142
313.094
267.717
223.725
184.961
154.71
142.662
155.542
224.154
320.612
378.457
403.171
417.316
417.874
404.419
376.901
341.562
309.489
293.023
290.599
81.3234
64.0757
71.6624
91.5991
123.471
178.026
250.095
327.697
398.936
455.508
492.818
509.21
505.206
482.967
445.579
396.699
340.626
283.207
230.225
185.292
153.935
144.928
169.726
253.931
354.292
422.093
458.756
474.753
464.079
427.683
374.983
324.091
292.097
284.089
77.2115
63.2853
67.7412
89.3104
126.957
193.35
282.196
377.1
463.473
532.246
578.33
599.751
597.093
573.093
531.563
476.673
412.733
345.118
280.083
223.025
177.551
151.294
149.085
190.826
291.385
398.351
478.054
528.053
521.985
482.216
413.209
343.358
294.97
280.198
74.1028
62.9325
65.1137
86.8867
129.645
206.866
310.818
420.171
518.547
597.142
650.39
675.977
674.367
648.823
604.048
544.938
475.971
401.886
328.519
262.253
206.655
166.534
150.321
159.401
221.31
331.553
444.162
524.667
563.222
528.663
448.962
363.569
299.915
277.377
71.9079
62.5817
63.4495
84.4644
131.24
217.353
333.227
452.724
558.836
643.792
701.39
728.932
728.142
701.704
655.232
594.269
523.436
446.919
369.698
298.085
236.183
187.229
157.753
152.959
175.8
253.808
365.662
470.127
538.05
549.152
471.166
379.831
305.23
274.837
70.4481
62.2993
62.4418
82.1237
131.522
223.714
347.026
471.437
580.186
666.748
724.479
748.659
748.411
724.896
678.65
618.767
549.703
475.009
398.742
326.403
262.278
209.039
170.595
154.699
157.741
192.885
274.972
375.697
461.192
497.601
464.931
385.249
308.393
272.447
69.5884
62.1445
61.8679
79.9008
130.281
225.028
350.403
474.149
579.997
662.592
716.152
738.858
737.344
713.882
670.447
615.109
551.552
482.858
412.132
343.978
282.098
228.871
186.818
161.383
155.757
163.518
202.786
275.356
356.492
413.153
419.104
371.591
306.408
269.873
68.9726
62.148
61.5798
77.7948
127.298
220.58
342.245
459.904
557.44
631.054
677.618
697.212
693.003
669.329
631.218
583.096
528.185
469.094
408.262
348.882
293.653
244.602
203.486
173.106
158.681
156.949
166.186
200.827
258.521
317.148
348.8
337.475
296.339
266.285
68.3112
62.3677
61.4299
75.7644
122.407
209.734
322.247
428.906
513.654
574.408
610.621
623.843
617.67
596.486
564.542
525.261
481.342
434.796
387.277
340.464
295.834
254.752
218.525
188.504
167.803
158.888
157.25
164.722
190.97
234.758
275.596
291.523
277.801
260.636
67.4859
62.9108
61.2826
73.6458
115.431
192.398
290.376
381.869
451.036
496.87
521.379
527.535
519.371
500.802
475.439
446.082
414.737
382.639
350.48
318.671
287.592
257.771
229.867
204.434
182.91
167.713
159.956
157.856
162.302
181.714
215.598
244.595
253.698
253.165
66.3773
64.0183
61.1311
71.2598
106.293
169.178
247.74
320.341
372.654
403.523
416.653
416.153
406.157
390.303
371.595
352.167
333.294
315.491
298.706
282.565
266.614
250.472
233.876
216.689
199.167
182.737
169.689
161.509
158.645
161.328
177.693
206.118
229.266
244.149
65.0091
64.9323
60.9588
68.6368
95.6146
142.075
197.45
247.38
281.667
298.529
301.197
294.654
282.813
268.907
255.332
243.65
234.682
228.66
225.488
224.755
225.286
225.67
224.329
219.051
210.113
197.7
183.841
171.431
162.577
159.428
162.569
180.33
208.104
234.781
63.4425
64.8277
60.7409
65.8755
84.2834
114.265
146.117
171.13
184.604
186.841
181.029
170.397
158.231
146.968
138.152
132.623
130.755
132.623
138.066
146.826
158.87
173.255
188.148
200.632
206.51
204.529
195.485
183.024
170.821
162.314
160.133
167.398
192.514
226.47
61.8228
64.6414
60.5639
63.1573
73.2606
89.2219
103.282
110.943
111.455
106.578
98.875
90.8136
84.1606
79.4782
76.6393
75.3983
75.6564
77.5795
81.7402
88.8786
100.197
116.358
136.499
159.918
181.903
196.638
200.539
191.094
179.059
167.689
161.328
162.646
181.669
219.134
60.144
64.3548
60.3749
60.9039
64.2789
69.9181
73.431
72.9983
70.2321
66.8933
64.1686
62.4781
61.6887
61.2498
60.9623
60.8089
60.7826
60.9829
61.5456
62.8723
66.2121
74.2449
88.3383
110.462
137.722
166.713
187.807
193.309
183.277
172.409
163.661
162.436
175.597
213.849
58.4761
63.94
60.2972
60.0243
59.9374
59.8857
59.7872
59.5408
59.3382
59.2588
59.1885
59.1251
59.0713
59.0426
59.0109
58.9781
58.942
58.861
58.7705
58.7286
58.6965
59.1301
61.8141
71.529
91.2096
121.034
154.269
178.882
184.139
174.376
165.596
162.784
172.498
210.467
56.8992
63.4196
60.2337
59.949
59.7868
59.6739
59.6039
59.5757
59.6288
59.8531
60.302
61.0726
62.1858
63.4498
64.5127
65.0912
64.995
64.1686
62.7595
61.0892
59.3713
58.0058
57.4342
57.6265
62.4733
78.7216
109.732
146.258
172.703
174.948
166.554
163.173
171.26
208.578
55.4646
62.9318
60.1902
59.9483
59.8391
59.8236
59.9615
60.4169
61.5642
63.5783
66.4196
69.8278
73.3215
76.3577
78.5582
79.7424
79.7526
78.5685
76.2203
72.8184
68.624
64.1027
60.1013
57.2547
56.1506
57.8621
71.3049
103.516
142.982
169.215
166.658
163.583
170.902
207.568
54.1888
62.5237
60.17
59.9943
60.031
60.4414
61.6734
64.1231
67.9644
72.8774
78.3739
83.8599
88.7541
92.6855
95.4573
96.954
97.1001
95.865
93.2372
89.2376
83.9583
77.6133
70.653
63.8779
58.4605
55.7264
55.4298
67.9871
101.673
144.617
166.209
163.97
170.847
206.727
53.0579
62.1846
60.1716
60.1357
60.7926
62.632
66.155
71.4273
78.125
85.5149
92.8583
99.5531
105.228
109.702
112.863
114.627
114.931
113.74
111.042
106.827
101.122
94.0145
85.7034
76.5936
67.4871
59.7761
55.366
54.4285
67.4417
105.595
152.603
166.55
171.043
205.152
52.0329
61.929
60.2129
60.6793
62.6784
66.7032
72.9628
81.0368
90.0985
99.2169
107.702
115.156
121.394
126.308
129.809
131.82
132.282
131.161
128.448
124.148
118.294
110.933
102.127
92.0125
80.9703
69.8331
60.243
54.8894
54.0658
70.0943
117.296
166.281
171.237
202.945
51.0599
61.7393
60.2773
61.7562
65.6483
72.1907
81.138
91.5661
102.366
112.658
121.964
130.08
136.904
142.338
146.278
148.625
149.296
148.241
145.456
140.979
134.881
127.252
118.171
107.714
95.9976
83.3193
70.5101
59.468
53.8469
54.0978
77.9202
138.352
172.437
201.838
50.0343
61.5993
60.5478
63.3873
69.3977
78.4436
89.7419
102.004
114.08
125.299
135.402
144.296
151.889
158.051
162.624
165.455
166.417
165.446
162.546
157.783
151.277
143.175
133.623
122.744
110.631
97.3942
83.3539
69.4342
57.8008
52.3864
56.7753
100.307
186.65
202.286
48.8726
61.5274
60.9929
65.3816
73.5287
84.8485
98.0849
111.769
124.886
137.01
148.042
157.923
166.52
173.634
179.032
182.492
183.844
182.997
179.964
174.84
167.796
159.046
148.811
137.287
124.614
110.873
96.1668
80.8719
66.2
55.0008
51.34
66.0254
144.362
202.744
47.4843
61.4919
61.5257
67.5223
77.6649
90.9399
105.744
120.589
134.673
147.793
159.936
171.021
180.846
189.129
195.551
199.814
201.682
201.025
197.851
192.293
184.587
175.027
163.919
151.539
138.102
123.738
108.502
92.4854
76.1353
61.0389
51.6748
51.059
96.9661
203.147
45.7918
61.4265
62.0525
69.5968
81.5035
96.4092
112.493
128.351
143.416
157.648
171.066
183.544
194.807
204.487
212.171
217.456
220.006
219.628
216.315
210.245
201.741
191.204
179.04
165.611
151.203
136.006
120.107
103.547
86.5393
69.903
55.6783
48.3167
66.7644
199.862
43.7068
61.2305
62.4782
71.4224
84.8251
101.07
118.222
135.013
151.088
166.522
181.339
195.365
208.265
219.592
228.817
235.391
238.841
238.866
235.43
228.764
219.304
207.597
194.186
179.532
163.986
147.791
131.074
113.841
96.0975
78.3087
62.0805
50.2621
46.0554
45.7126
41.1374
60.8256
62.7767
72.8548
87.4835
104.818
122.88
140.547
157.641
174.32
190.604
206.293
221.016
234.244
245.316
253.497
258.116
258.719
255.208
247.866
237.279
224.187
209.315
193.254
176.422
159.089
141.422
123.471
105.14
86.4506
68.3848
53.7904
46.5481
45.1734
38.0586
60.0507
62.9407
73.7949
89.3878
107.6
126.442
144.925
163.011
180.917
198.677
216.092
232.777
248.137
261.362
271.496
277.609
279.024
275.531
267.462
255.587
240.893
224.339
206.686
188.437
169.871
151.142
132.336
113.404
94.1739
74.9436
57.8384
47.4559
45.0823
34.5015
58.7566
62.9762
74.1692
90.4913
109.393
128.899
148.119
167.123
186.183
205.359
224.487
243.196
260.847
276.489
288.922
296.894
299.418
296.098
287.298
274.011
257.534
239.105
219.69
199.905
180.048
160.223
140.487
120.846
101.119
81.2031
62.37
48.8858
45.0208
30.5558
56.7828
62.8594
73.9661
90.7604
110.197
130.25
150.107
169.915
189.998
210.459
231.192
251.874
271.857
290.084
305.115
315.329
319.315
316.383
306.912
292.15
273.781
253.362
232.08
210.68
189.496
168.581
147.915
127.512
107.253
86.8441
66.8376
50.7729
44.9766
26.3618
54.0123
62.6104
73.2708
90.1932
110.003
130.498
150.88
171.345
192.27
213.814
235.944
258.409
280.601
301.415
319.22
332.013
337.86
335.625
325.617
309.408
289.147
266.743
243.597
220.581
198.084
176.122
154.575
133.412
112.586
91.7609
70.9265
52.8348
44.9414
22.1004
50.1595
61.9814
72.2046
88.8212
108.829
129.652
150.44
171.396
192.949
215.317
238.541
262.462
286.548
309.725
330.274
345.871
353.986
352.835
342.494
325.002
303.01
278.782
253.918
229.398
205.674
182.75
160.413
138.548
117.152
95.9391
74.5546
54.8976
44.9115
17.9593
45.2719
60.6108
70.8617
86.7354
106.698
127.736
148.808
170.085
192.031
214.926
238.875
263.809
289.301
314.362
337.291
355.608
366.418
366.884
356.404
337.99
314.648
288.954
262.68
236.898
212.123
188.377
165.378
142.916
120.993
99.413
77.6425
56.8294
44.8849
14.1391
39.6264
58.2033
69.2382
84.0872
103.66
124.781
146.023
167.456
189.563
212.678
236.957
262.398
288.673
314.906
339.52
360.441
374.312
376.569
366.053
347.349
323.314
296.73
269.522
242.849
217.294
192.926
169.43
146.509
124.149
102.243
80.201
58.5555
44.8603
10.7965
33.3407
54.5154
67.1951
81.0539
99.8165
120.825
142.135
163.581
185.635
208.68
232.906
258.352
284.766
311.382
336.738
358.939
374.028
380.414
370.129
352.135
328.342
301.65
274.134
247.051
221.071
196.335
172.538
149.324
126.65
104.485
82.2624
60.0505
44.8373
8.22083
26.7665
49.4176
64.4493
77.7664
95.3414
115.93
137.197
158.549
180.373
203.092
226.928
251.933
277.902
304.163
329.358
351.682
367.569
373.64
367.698
351.748
329.289
303.398
276.291
249.355
223.368
198.563
174.687
151.364
128.526
106.195
83.873
61.3095
44.8153
6.45916
20.5124
43.0386
60.6385
74.2178
90.4568
110.219
131.265
152.449
173.919
196.112
219.288
243.497
268.558
293.874
318.203
339.816
355.773
362.866
359.367
346.192
326.049
301.858
275.895
249.687
224.138
199.591
175.875
152.638
129.802
107.423
85.0802
62.3404
44.7942
5.31454
15.0856
35.7813
55.4511
70.1975
85.3593
103.895
124.427
145.359
166.415
187.954
210.274
233.44
257.274
281.243
304.246
324.67
340.138
347.985
346.614
336.306
318.995
297.16
272.979
248.048
223.379
199.424
176.113
153.159
130.5
108.207
85.9275
63.1548
44.7738
4.59231
10.7737
28.3241
48.8506
65.3363
80.0977
97.2183
116.841
137.359
157.981
178.819
200.174
222.147
244.576
266.982
288.413
307.435
322.12
330.353
330.712
323.098
308.769
289.668
267.732
244.527
221.132
198.087
175.424
152.949
130.641
108.577
86.455
63.7649
44.7541
4.14218
7.6291
21.0594
41.0338
59.2612
74.4998
90.4116
108.753
128.572
148.708
168.87
189.245
209.971
230.929
251.701
271.48
289.05
302.841
311.188
312.882
307.616
296.133
279.866
260.435
239.282
217.48
195.623
173.838
152.031
130.244
108.555
86.6935
64.1834
44.7351
3.8832
5.75785
14.7898
32.5506
51.7602
68.1784
83.5241
100.457
119.207
138.698
158.217
177.683
197.201
216.713
235.882
254.044
270.198
283.078
291.364
294.046
290.73
281.808
268.281
251.433
232.518
212.537
192.095
171.389
150.43
129.326
108.156
86.659
64.418
44.717
3.74932
4.7501
10.0488
24.295
43.0459
60.7125
76.3306
92.1552
109.561
128.119
146.948
165.608
184.043
202.216
219.886
236.531
251.354
263.347
271.461
274.852
273.115
266.41
255.408
241.082
224.466
206.44
187.573
168.113
148.166
127.901
107.387
86.3607
64.4653
44.6996
3.70634
4.20605
6.88036
16.8922
33.6729
51.9096
68.3971
83.8031
99.9164
117.247
135.196
153.088
170.601
187.616
203.953
219.23
232.835
243.986
251.854
255.742
255.261
250.429
241.677
229.716
215.356
199.325
182.131
164.047
145.256
125.974
106.249
85.809
64.3318
44.6811
3.72832
3.94002
5.18721
11.1257
24.5597
42.0195
59.3112
75.0558
90.3613
106.391
123.206
140.227
156.916
172.975
188.198
202.299
214.831
225.205
232.782
237
237.504
234.229
227.437
217.624
205.396
191.325
175.84
159.226
141.716
123.548
104.735
84.9955
64.0334
44.6507
4.02932
3.84905
4.38962
7.29585
16.6639
31.8055
49.0212
65.4295
80.6555
95.7118
111.282
127.235
143.057
158.29
172.617
185.767
197.404
207.101
214.379
218.802
220.067
218.069
212.947
205.032
194.758
182.551
168.768
153.686
137.562
120.622
102.831
83.8998
63.5788
44.5777
5.74586
3.87313
4.06738
5.22
10.5872
22.2765
38.0378
54.6685
70.3239
85.049
99.6137
114.399
129.21
143.603
157.162
169.559
180.494
189.642
196.656
201.209
203.057
202.092
198.367
192.092
183.564
173.094
160.972
147.459
132.801
117.185
100.517
82.5007
62.9432
44.4551
9.64231
4.22948
3.9721
4.38903
6.75998
14.4271
27.3378
43.0484
58.9853
73.9442
88.0706
101.898
115.635
129.082
141.861
153.598
163.972
172.699
179.509
184.159
186.466
186.329
183.761
178.882
171.892
163.021
152.504
140.573
127.436
113.214
97.7533
80.7675
62.1064
44.2725
16.1036
6.27729
3.99572
4.11935
4.90012
8.83009
18.0595
31.4687
46.7757
61.9693
76.2042
89.5887
102.468
114.955
126.876
137.922
147.769
156.136
162.783
167.515
170.189
170.726
169.113
165.422
159.789
152.389
143.412
133.05
121.454
108.665
94.4818
78.6447
61.0319
44.02
24.1269
10.9684
4.81389
4.05608
4.2932
5.71422
11.0247
21.0767
34.465
49.1615
63.5644
77.0051
89.509
101.282
112.387
122.693
131.962
139.939
146.403
151.176
154.136
155.215
154.398
151.728
147.302
141.256
133.742
124.903
114.822
103.47
90.6182
76.0529
59.6657
43.6817
32.8021
18.7051
7.97384
4.19005
4.14498
4.49758
6.68249
13.0028
23.3102
36.2788
50.1833
63.7075
76.2577
87.7676
98.3389
108.007
116.689
124.222
130.432
135.166
138.314
139.813
139.651
137.856
134.501
129.686
123.527
116.116
107.475
97.5258
86.0461
72.8852
57.9288
43.2269
40.6403
28.4486
14.8415
6.25876
4.16882
4.23117
4.72818
7.59215
14.3717
24.5337
36.8224
49.7866
62.325
73.8832
84.3176
93.6517
101.906
109.039
114.965
119.585
122.82
124.618
124.97
123.899
121.46
117.723
112.765
106.629
99.3012
90.6903
80.6144
68.9996
55.7097
42.5945
47.4093
38.8075
24.7464
11.8735
5.39492
4.19727
4.29363
5.02415
8.28029
15.0519
24.6884
36.0511
47.9158
59.3433
69.808
79.1112
87.22
94.1428
99.8742
104.389
107.657
109.658
110.394
109.887
108.181
105.325
101.361
96.306
90.1349
82.7855
74.1461
64.226
52.8593
41.6636
55.2722
49.2084
36.5261
21.4768
9.91019
4.91007
4.23046
4.33838
5.24628
8.61697
14.9954
23.7682
33.9565
44.5372
54.7046
63.9646
72.0873
79.0013
84.7037
89.2096
92.5355
94.6987
95.7235
95.6383
94.4812
92.2921
89.1025
84.9267
79.7664
73.6173
66.4582
58.3866
49.2047
40.2916
65.3609
60.3912
49.3058
33.8762
18.8705
8.60707
4.62458
4.25647
4.34499
5.31447
8.53771
14.2232
21.8489
30.6193
39.7034
48.4242
56.3364
63.202
68.9254
73.4896
76.9141
79.2336
80.4895
80.725
79.9776
78.2926
75.7116
72.2747
68.0291
63.0428
57.3938
51.2885
44.5461
38.51
76.8269
72.9055
62.851
47.9542
31.227
16.8957
7.77631
4.47697
4.272
4.29631
5.18621
7.93303
12.7262
19.0393
26.2238
33.6308
40.7231
47.1262
52.6206
57.1024
60.5421
62.9539
64.3736
64.8507
64.43
63.1667
61.1225
58.3696
54.9997
51.1391
46.9436
42.7297
38.4933
35.9691
8.80275
2.78399
2.20281
3.17157
9.63146
20.6284
8.67476
2.75619
2.21659
3.40338
10.2357
24.9342
8.5967
2.74211
2.22914
3.52287
10.7235
30.6249
8.55855
2.73798
2.24125
3.59016
11.2426
36.6609
8.55017
2.74094
2.25309
3.63651
11.6863
41.1979
8.56427
2.74986
2.26474
3.66855
11.9541
44.2362
8.57847
2.77787
2.27625
3.6898
12.041
46.0832
8.59279
2.82331
2.28768
3.69897
11.9932
46.9445
8.60725
2.88278
2.29902
3.69403
11.8435
47.0174
8.6219
2.95364
2.31028
3.67705
11.6148
46.4862
8.63676
3.03456
2.32149
3.65049
11.3244
45.4603
8.65187
3.12478
2.33264
3.61632
10.9844
44.0542
8.66727
3.22377
2.34369
3.57618
10.6057
42.3754
8.68298
3.3311
2.35459
3.5317
10.2011
40.5106
8.69906
3.44636
2.36245
3.48421
9.78191
38.5257
8.71553
3.56941
2.37606
3.43468
9.35847
36.482
8.73245
3.69985
2.38963
3.38476
8.93919
34.432
8.74985
3.83775
2.40211
3.33543
8.53124
32.4218
8.7678
3.98268
2.41426
3.28735
8.1392
30.4869
8.78636
4.13806
2.42965
3.24119
7.76778
28.6631
8.8056
4.3008
2.44955
3.19745
7.41873
26.9714
8.82563
4.4699
2.47458
3.15646
7.09125
25.4143
8.84655
4.64561
2.50548
3.11836
6.78274
23.9808
8.86852
4.828
2.54323
3.08331
6.4895
22.6506
8.89171
5.01762
2.58914
3.05159
6.20714
21.3957
8.91635
5.21592
2.64496
3.02379
5.93167
20.1855
8.94275
5.42494
2.71296
3.00092
5.65876
18.9859
8.97135
5.647
2.79606
2.98477
5.38486
17.7633
9.00279
5.88427
2.89783
2.97869
5.10799
16.4892
9.03797
6.13858
3.02239
2.98439
4.83098
15.1461
9.07824
6.41037
3.17337
2.99577
4.56439
13.7237
9.12566
6.69858
3.35418
3.00708
4.31303
12.2501
9.18345
7.00117
3.57792
3.01823
4.08175
10.7934
9.25696
7.31483
3.85229
3.02435
3.87393
9.40679
9.35602
7.63862
4.18576
3.04269
3.69227
8.1343
9.50014
7.9758
4.60572
3.09945
3.54388
7.00631
9.73373
8.29803
5.07045
3.21371
3.44052
6.03773
10.1403
8.76439
5.61132
3.39642
3.40409
5.23437
11.1707
8.71198
6.10876
3.67249
3.41201
4.63703
41.5443
12.1272
6.61586
3.91327
3.42211
4.22008
41.5079
16.2879
7.34371
4.12443
3.43719
3.93556
41.0808
21.6626
9.0091
4.41849
3.4579
3.75223
40.6631
28.5357
11.9566
4.99364
3.47844
3.6426
40.2662
36.684
16.9211
6.24306
3.49882
3.58343
39.8963
39.8281
23.1495
8.81464
3.62642
3.56773
39.6725
39.2219
29.4949
13.1006
4.43575
3.58867
39.442
38.332
35.0034
19.0719
6.46729
3.61174
39.2131
37.8828
37.8637
25.8419
10.3744
4.01185
38.9805
37.6162
38.603
32.3441
16.3408
5.70521
38.7934
37.4346
38.2135
36.4556
23.5752
9.46642
38.695
37.2465
37.8159
38.1921
30.3277
15.5579
38.757
37.0665
37.526
38.7834
35.5242
22.9231
39.081
36.9101
37.0743
38.2485
38.6306
30.2417
39.6332
36.7623
36.7673
38.0643
39.9158
36.6343
40.1136
36.5527
36.5814
38.0969
40.1539
41.2262
38.1402
36.2106
36.485
38.7578
42.1437
44.0097
36.5695
35.8525
36.7238
40.4716
45.5206
48.278
35.7935
35.7359
37.5365
43.4403
50.6164
55.3867
35.4109
35.6475
39.0502
47.4651
57.1017
64.1321
35.1917
35.66
41.0328
51.801
63.8849
73.3259
30.6478
30.6785
30.7096
30.7414
30.7739
30.8073
30.8416
30.877
30.9135
30.9512
30.9902
31.0305
31.0722
31.1151
31.1593
31.2048
31.2515
31.2994
31.3484
31.3983
21.4016
21.4529
21.5485
21.6961
21.8844
22.1
22.334
22.5802
22.8334
23.0896
23.3445
23.5935
23.8319
24.0576
24.2696
24.4683
24.6532
24.8325
24.9778
25.2268
13.0611
12.9622
12.9165
12.9208
12.9692
13.0514
13.1597
13.2892
13.4356
13.5952
13.7644
13.9397
14.1176
14.2954
14.4708
14.6425
14.8085
14.9758
15.114
15.3625
7.32057
7.2505
7.21556
7.20723
7.22092
7.25213
7.29684
7.35215
7.41593
7.48632
7.56167
7.64054
7.72162
7.80381
7.88623
7.96846
8.04925
8.13268
8.2013
8.33063
5.1306
5.13646
5.1479
5.16346
5.18245
5.20354
5.22596
5.24937
5.27358
5.29844
5.32381
5.34958
5.37564
5.4019
5.42828
5.45474
5.48123
5.50792
5.53357
5.56787
4.79288
4.81283
4.83299
4.85334
4.87384
4.89446
4.91516
4.93592
4.95672
4.97754
4.99837
5.01918
5.03996
5.06072
5.08144
5.10211
5.12275
5.14335
5.16372
5.18728
4.88186
4.90507
4.9276
4.94953
4.97096
4.99198
5.01239
5.03233
5.05194
5.07133
5.09061
5.10984
5.12908
5.14835
5.16767
5.18705
5.20649
5.22598
5.24539
5.26669
6.57422
6.71491
6.82274
6.90088
6.95316
6.98388
7.00076
7.00822
7.00948
7.0068
7.0022
6.99708
6.99243
6.98892
6.98696
6.9867
6.98806
6.99104
6.99444
7.00138
12.5356
12.7392
12.8823
12.9773
13.0328
13.0623
13.0712
13.0654
13.05
13.0288
13.005
12.981
12.9585
12.9386
12.9219
12.9087
12.899
12.892
12.8883
12.8825
18.2738
18.3322
18.3916
18.4515
18.5118
18.5583
18.594
18.6226
18.6469
18.6691
18.6908
18.7134
18.7376
18.7638
18.7923
18.8231
18.856
18.8906
18.9269
18.9629
87.4722
85.4501
76.4086
62.3113
45.2043
28.3778
15.0951
7.05609
4.33318
4.2838
4.30293
4.94946
7.04822
10.8176
15.7457
21.3028
26.9875
32.389
37.2144
41.2801
44.4924
46.8212
48.2771
48.895
48.7276
47.8356
46.295
44.1985
41.6609
38.8281
35.8742
33.1189
30.6546
30.6194
95.1464
95.9112
88.757
75.8969
59.3472
41.5616
25.5238
13.5494
6.52699
4.31324
4.29615
4.31325
4.69145
6.09046
8.77548
12.3221
16.292
20.3075
24.0693
27.3615
30.0493
32.0641
33.3855
34.0269
34.0337
33.4669
32.4018
30.9281
29.1524
27.2003
25.2205
23.4176
21.9535
21.4197
98.5721
101.574
97.7093
87.2459
72.304
54.9909
37.7954
23.133
12.436
6.31596
4.32005
4.3095
4.32822
4.42274
5.135
6.61347
8.81521
11.3295
13.8562
16.1737
18.1373
19.661
20.7036
21.2609
21.3607
21.0505
20.3879
19.441
18.2921
17.0385
15.7899
14.6695
13.7785
13.2726
96.863
102.06
101.324
94.3201
81.9554
66.4561
49.8181
34.165
21.1579
11.8415
6.35554
4.42935
4.33246
4.34026
4.38395
4.51414
5.0304
5.91586
7.07973
8.35789
9.53741
10.5045
11.1996
11.6027
11.7278
11.5794
11.1986
10.6461
9.9937
9.31484
8.67661
8.13379
7.71978
7.45753
90.2726
97.804
99.4587
95.1819
86.0781
73.5353
59.0676
44.3099
30.7853
19.7027
11.6756
6.70305
4.70758
4.39825
4.37894
4.39027
4.43324
4.46704
4.55613
4.76226
5.02947
5.2983
5.5201
5.66396
5.71277
5.69694
5.63349
5.54118
5.43855
5.34074
5.25787
5.1953
5.15446
5.13441
79.1483
87.1637
90.4552
89.0782
83.4314
74.4923
63.2527
50.991
38.8298
27.813
18.7441
11.953
7.46742
5.30654
4.59629
4.46992
4.45001
4.45917
4.47059
4.4942
4.52151
4.54481
4.5659
4.58595
4.60537
4.62424
4.64278
4.66111
4.67936
4.69764
4.71607
4.73474
4.75376
4.77319
64.9551
72.5248
76.5392
77.0499
74.3012
68.8425
61.2891
52.4413
42.9809
33.7221
25.3341
18.2786
12.7365
8.84325
6.49054
5.29045
4.82566
4.67278
4.61744
4.59383
4.58997
4.59711
4.60994
4.62616
4.64488
4.66501
4.68613
4.70829
4.73156
4.75592
4.78115
4.80689
4.83261
4.85779
49.8373
55.9242
59.8263
61.3445
60.6416
57.9888
53.7979
48.4441
42.2959
35.8049
29.4361
23.5899
18.4836
14.2733
11.0851
8.76264
7.22234
6.27116
5.7243
5.43851
5.28563
5.20386
5.16477
5.15455
5.16659
5.19551
5.24524
5.32304
5.43588
5.58685
5.77242
5.98142
6.19671
6.39944
37.0954
40.2924
42.9268
44.5183
44.9436
44.1878
42.5241
40.141
37.1427
33.6883
30.023
26.3867
22.9356
19.7762
17.0477
14.7723
12.9608
11.5654
10.5067
9.74142
9.2113
8.86357
8.65789
8.55718
8.58391
8.75181
9.05043
9.45293
9.93205
10.4529
10.9763
11.4674
11.9001
12.2579
31.6088
31.5476
31.4925
31.4393
31.3862
31.3251
31.0555
30.5018
29.6369
28.5056
27.3419
26.143
24.9025
23.6764
22.467
21.3064
20.2992
19.4861
18.8609
18.3999
18.0794
17.8831
17.7932
17.8012
17.8332
17.8661
17.9003
17.9365
17.9751
18.0167
18.0617
18.1103
18.1622
18.2172
35.0573
35.7317
42.8469
55.3157
69.4954
81.2771
34.9294
35.7745
43.7905
57.1278
72.7981
86.4976
34.7915
35.6914
43.4623
56.8691
73.1455
88.0453
34.6434
35.2881
41.8441
54.293
70.081
85.2762
34.5236
34.6367
39.2474
49.6112
63.7358
78.226
34.6143
34.1078
36.3854
43.6768
55.0257
67.7211
35.1353
33.9655
34.2099
37.8621
45.4873
55.2172
37.2427
36.091
33.4464
33.8656
37.272
43.0371
38.509
40.697
36.6961
32.692
32.7473
34.3386
40.9595
41.9864
44.0885
33.0959
31.7984
31.6831
)
;

boundaryField
{
    inlet
    {
        type            fixedValue;
        value           uniform 0;
    }
    outlet
    {
        type            inletOutlet;
        inletValue      uniform 0;
        value           nonuniform List<scalar> 10(31.3983 25.2268 15.3625 8.33063 5.56787 5.18728 5.26669 7.00138 12.8825 18.9629);
    }
    walls
    {
        type            zeroGradient;
    }
    baffle
    {
        type            zeroGradient;
    }
    frontAndBack
    {
        type            empty;
    }
}


// ************************************************************************* //
