/*--------------------------------*- C++ -*----------------------------------*\
| =========                 |                                                 |
| \\      /  F ield         | OpenFOAM: The Open Source CFD Toolbox           |
|  \\    /   O peration     | Version:  v2012                                 |
|   \\  /    A nd           | Website:  www.openfoam.com                      |
|    \\/     M anipulation  |                                                 |
\*---------------------------------------------------------------------------*/
FoamFile
{
    version     2.0;
    format      ascii;
    class       volScalarField;
    location    "597";
    object      k;
}
// * * * * * * * * * * * * * * * * * * * * * * * * * * * * * * * * * * * * * //

dimensions      [0 2 -2 0 0 0 0];


internalField   nonuniform List<scalar> 
6598
(
1.67867
2.11229
2.19142
2.2119
2.22073
2.22073
2.2119
2.19142
2.11229
1.67867
0.950846
1.51108
1.66401
1.71265
1.728
1.728
1.71265
1.66401
1.51108
0.950846
0.610541
1.12281
1.29876
1.36474
1.38686
1.38686
1.36474
1.29876
1.12281
0.610541
0.428283
0.865394
1.03892
1.11232
1.13914
1.13914
1.11232
1.03892
0.865395
0.428283
0.320028
0.688244
0.849204
0.923517
0.952642
0.952642
0.923518
0.849206
0.688245
0.320029
0.25041
0.561753
0.707198
0.778775
0.80833
0.808331
0.778776
0.7072
0.561755
0.250411
0.20279
0.468382
0.598425
0.665475
0.694233
0.694234
0.665477
0.598428
0.468385
0.202791
0.168597
0.397437
0.513347
0.575182
0.602443
0.602444
0.575185
0.513351
0.397441
0.168599
0.143078
0.342172
0.445549
0.502092
0.52752
0.527521
0.502096
0.445554
0.342178
0.14308
0.123426
0.298195
0.390622
0.442109
0.465598
0.4656
0.442114
0.390629
0.298203
0.123429
0.107901
0.262552
0.34547
0.392281
0.413863
0.413865
0.392288
0.34548
0.262563
0.107905
0.0953732
0.233205
0.307874
0.350442
0.370217
0.370221
0.350452
0.307887
0.23322
0.0953782
0.0850821
0.208709
0.276212
0.314971
0.333075
0.333081
0.314984
0.276231
0.20873
0.0850888
0.0765002
0.188018
0.24928
0.284636
0.301219
0.301226
0.284655
0.249306
0.188047
0.0765094
0.069251
0.170358
0.226164
0.258491
0.273698
0.273708
0.258517
0.2262
0.170397
0.0692635
0.0630588
0.155146
0.206165
0.235797
0.249767
0.24978
0.235833
0.206214
0.155199
0.0630758
0.057718
0.141934
0.188736
0.21597
0.22883
0.228848
0.21602
0.188805
0.142006
0.0577411
0.053072
0.130376
0.173448
0.198545
0.210412
0.210436
0.198612
0.173544
0.130473
0.053103
0.0489994
0.120196
0.159958
0.183147
0.194125
0.194157
0.183238
0.160089
0.12033
0.0490411
0.0454058
0.111181
0.147997
0.169484
0.179667
0.179711
0.169607
0.148173
0.111333
0.0454599
0.0422937
0.103338
0.137571
0.157561
0.167046
0.167104
0.157727
0.137809
0.103579
0.042498
0.0395064
0.0962996
0.128217
0.146865
0.155727
0.155804
0.147086
0.12854
0.0966597
0.0408235
0.0369967
0.0899464
0.119772
0.137209
0.145509
0.145609
0.137495
0.120198
0.090522
0.0402017
0.034726
0.0841864
0.112117
0.128456
0.13625
0.136375
0.128809
0.112627
0.0851312
0.0406643
0.0326625
0.0789423
0.10515
0.120494
0.127831
0.127978
0.120897
0.105738
0.0805078
0.0422738
0.030779
0.0741488
0.0987858
0.113224
0.120147
0.120318
0.113668
0.0995212
0.0766635
0.0448712
0.0290525
0.0697472
0.0929456
0.106556
0.113105
0.113306
0.10709
0.0939676
0.0734895
0.0481896
0.0274133
0.0655704
0.0874156
0.100253
0.106457
0.106701
0.100942
0.0888943
0.0708808
0.0520544
0.0259029
0.0617158
0.0823162
0.0944459
0.10034
0.100643
0.095358
0.0844129
0.0688828
0.0559013
0.024506
0.0581503
0.0776068
0.0890912
0.0947111
0.0950913
0.0902942
0.0804695
0.0673694
0.0589127
0.0232091
0.0548398
0.0732428
0.0841393
0.0895191
0.0899945
0.0856978
0.0769998
0.0662145
0.0611638
0.0220002
0.0517543
0.0691856
0.0795463
0.0847181
0.0853066
0.0815195
0.0739357
0.0652694
0.0627142
0.0208686
0.0488676
0.0654008
0.0752739
0.0802678
0.0809864
0.0777123
0.0712054
0.0643819
0.0636198
0.0198052
0.0461566
0.0618584
0.0712882
0.0761326
0.0769961
0.0742314
0.0687378
0.0634801
0.063943
0.0188013
0.0436008
0.0585313
0.067559
0.0722805
0.0733015
0.0710352
0.0664747
0.0625093
0.0637461
0.0178494
0.0411818
0.0553959
0.0640597
0.068683
0.0698713
0.0680854
0.0643667
0.0614334
0.0630916
0.0169426
0.0388835
0.0524307
0.0607664
0.0653144
0.0666774
0.065348
0.0623735
0.0602347
0.0620436
0.0160747
0.0366917
0.0496171
0.057658
0.0621521
0.0636944
0.0627939
0.060465
0.0589129
0.06067
0.01524
0.034594
0.0469384
0.0547157
0.0591756
0.0609001
0.0603986
0.058622
0.0574833
0.0590434
0.0144334
0.0325794
0.0443797
0.0519224
0.0563666
0.058275
0.058143
0.0568353
0.0559748
0.0572425
0.0136502
0.0306385
0.0419274
0.0492626
0.0537081
0.0558015
0.0560121
0.0551045
0.054426
0.0553505
0.0128863
0.0287628
0.0395689
0.046721
0.0511837
0.0534633
0.0539941
0.0534347
0.0528804
0.0534525
0.0121378
0.0269452
0.0372918
0.0442822
0.0487764
0.0512439
0.0520779
0.0518328
0.0513802
0.0516293
0.0114014
0.025179
0.0350833
0.0419295
0.0464671
0.0491244
0.0502505
0.050302
0.049959
0.0499488
0.0106738
0.0234583
0.0329301
0.0396435
0.0442333
0.0470817
0.0484933
0.0488375
0.0486347
0.0484561
0.00995219
0.021777
0.0308175
0.0374021
0.0420476
0.0450863
0.0467792
0.047421
0.0474031
0.0471643
0.00923366
0.0201292
0.028729
0.0351789
0.0398763
0.0431003
0.0450701
0.0460179
0.0462341
0.0460484
0.00851527
0.0185087
0.0266467
0.0329433
0.0376788
0.0410767
0.0433154
0.0445756
0.045071
0.0450439
0.00779372
0.0169093
0.0245513
0.0306606
0.035408
0.0389588
0.0414518
0.0430247
0.0438329
0.0440518
0.007065
0.0153245
0.0224227
0.0282938
0.0330117
0.0366833
0.0394066
0.0412822
0.0424214
0.0429484
0.00632371
0.0137465
0.0202412
0.0258058
0.0304372
0.034184
0.0371026
0.0392591
0.0407293
0.0415989
0.00556181
0.0121643
0.0179935
0.02317
0.0276413
0.0314031
0.0344691
0.0368711
0.0386544
0.0398738
0.0047628
0.0105556
0.0156635
0.0203753
0.0246066
0.0283101
0.031461
0.034058
0.0361182
0.037669
0.00389305
0.00906324
0.0133464
0.0174786
0.0213691
0.0249266
0.0280853
0.0308099
0.0330883
0.0349248
0.00296815
0.00780468
0.0113337
0.014758
0.0181481
0.0214181
0.0244652
0.0272134
0.0296206
0.0316616
0.00197246
0.00661199
0.00972681
0.012531
0.0153363
0.0181608
0.0209237
0.0235364
0.0259269
0.0280445
0.00108261
0.00519637
0.00824541
0.0107765
0.0131666
0.0155525
0.0179346
0.0202561
0.0224534
0.0244694
0.000845531
0.00337491
0.0065068
0.0091116
0.011419
0.0135835
0.015659
0.0176428
0.0195152
0.021251
0.000846633
0.00205729
0.00479456
0.00730389
0.00965857
0.0117266
0.0135755
0.0152196
0.0166832
0.0179941
0.000950965
0.00167012
0.00252682
0.00375835
0.0050887
0.00625872
0.00714749
0.00791758
0.00858366
0.00914454
0.00897789
0.00330266
0.00325048
0.00327053
0.00323767
0.00310606
0.00282135
0.0025568
0.00231823
0.00210007
0.00189755
0.00171505
0.00155146
0.00140437
0.00127002
0.00114908
0.00104287
0.000945789
0.000854059
0.000764788
0.000675288
0.000582589
0.000480772
0.000361943
0.000206354
0.0174847
0.00744493
0.00652847
0.00631347
0.0061208
0.0057803
0.00522752
0.0045719
0.00399572
0.0035124
0.00311096
0.00278477
0.00252261
0.00231004
0.00213336
0.00197121
0.00180511
0.00163344
0.00145767
0.00128155
0.00111132
0.000952938
0.000818768
0.000687177
0.000382453
0.0264028
0.013083
0.0092816
0.00798941
0.00718843
0.00639637
0.00551196
0.0045633
0.00379725
0.00322852
0.00280469
0.00249351
0.00226376
0.00209654
0.00197347
0.00187438
0.00177419
0.00166519
0.0015413
0.00139976
0.00124366
0.00108218
0.00093434
0.000799374
0.00044064
0.0363084
0.0199757
0.0126662
0.0099078
0.00815183
0.00668531
0.00538447
0.004261
0.00332974
0.00268759
0.00224312
0.00194841
0.00175445
0.0016373
0.0015729
0.00153938
0.00151145
0.00147411
0.00141676
0.0013323
0.00121917
0.00108345
0.000941877
0.000798565
0.000444894
0.0461002
0.0288305
0.017462
0.0125224
0.00945516
0.00714441
0.00535268
0.00401875
0.00304208
0.00233976
0.00183946
0.00151917
0.00132464
0.00122835
0.00119936
0.00120817
0.00123434
0.00125038
0.00124299
0.00120385
0.0011295
0.00102286
0.000895966
0.00075131
0.000419476
0.0536417
0.0382897
0.0242078
0.0161628
0.0112883
0.00793545
0.00557417
0.00397461
0.00290263
0.00216957
0.00165281
0.00129723
0.00107721
0.000970866
0.000950008
0.00097812
0.00102943
0.00107078
0.00108775
0.0010727
0.00102224
0.000937616
0.000826457
0.000686789
0.000381153
0.0589592
0.0475088
0.0316319
0.0206457
0.0137619
0.00912785
0.00607863
0.00414781
0.00293531
0.00215207
0.00161651
0.00124425
0.00100375
0.000874879
0.000833898
0.000849844
0.000894164
0.000935201
0.000956403
0.000949917
0.000913049
0.000846852
0.000754614
0.00062824
0.000343589
0.063016
0.0550582
0.0388976
0.0257165
0.0167724
0.010728
0.00686453
0.00453675
0.00313697
0.00227577
0.00170951
0.00131868
0.00105144
0.000885465
0.000804645
0.000786308
0.000804611
0.000831544
0.000846911
0.000843019
0.000818894
0.000778392
0.000726035
0.000646263
0.000392178
0.0660681
0.0610132
0.0456518
0.0311808
0.0202995
0.0127596
0.0079538
0.00515182
0.00352048
0.00254868
0.00193145
0.0015153
0.00122094
0.00101251
0.000877298
0.000805676
0.000785105
0.000795747
0.000808326
0.000816705
0.00082347
0.000837621
0.000871679
0.000951728
0.00126485
0.0682695
0.0654094
0.0517434
0.0367149
0.0240522
0.0150453
0.00930763
0.00597942
0.00409484
0.00298601
0.00229505
0.0018451
0.00153595
0.00131045
0.00114461
0.00103284
0.000977788
0.000985603
0.00102173
0.00108628
0.00119366
0.00137269
0.00166559
0.00209151
0.00256573
0.0697477
0.0685134
0.0567336
0.0414869
0.0277139
0.0174727
0.010848
0.00701807
0.00487484
0.00361571
0.00282933
0.00232572
0.00200062
0.00178832
0.00165095
0.00157048
0.00154377
0.00157833
0.00166785
0.00181212
0.00201563
0.00227465
0.00256362
0.00284529
0.00310268
0.0705684
0.0705321
0.0605524
0.0455877
0.0312401
0.0199889
0.012556
0.00824764
0.00585578
0.00444985
0.00356248
0.00298281
0.00260574
0.00237084
0.00224086
0.00218938
0.00219894
0.00225717
0.00235496
0.00249138
0.00266297
0.00286566
0.00310217
0.00340051
0.00374588
0.0708127
0.0716154
0.0632314
0.0491035
0.03461
0.0225555
0.0143966
0.00962837
0.00700362
0.00546281
0.00449256
0.00385227
0.00341451
0.00311747
0.00293663
0.00285279
0.00285077
0.00290075
0.00300046
0.00314218
0.0033265
0.00355528
0.00384068
0.00419447
0.00459344
0.0705203
0.0718925
0.0649113
0.0520062
0.0375819
0.0251405
0.0163551
0.0111277
0.00827221
0.00660824
0.00556641
0.00490522
0.00446051
0.00414614
0.00393399
0.00381153
0.00377354
0.0037897
0.00386616
0.00400498
0.00421358
0.00447489
0.00476813
0.00509632
0.00544108
0.0697297
0.0714856
0.0657901
0.0543114
0.0403142
0.0278194
0.0184687
0.0127395
0.00960587
0.00785725
0.00676774
0.0060743
0.00563127
0.00533577
0.00513688
0.00501245
0.00493575
0.00492361
0.00497652
0.00509159
0.0052601
0.00547062
0.00571354
0.00597992
0.00625571
0.0684882
0.0704996
0.0659905
0.0560039
0.0428898
0.0304851
0.0208382
0.0145161
0.010993
0.00911504
0.00801436
0.00730833
0.00685771
0.00656232
0.00636573
0.00622624
0.00613619
0.00610298
0.00612582
0.00620099
0.00632228
0.00648017
0.00666457
0.00686549
0.00707358
0.0668503
0.0690188
0.0655956
0.0570722
0.0453478
0.0332102
0.0233686
0.0165838
0.0125385
0.0103584
0.00919382
0.00849964
0.00806235
0.00777977
0.00757957
0.00743751
0.00734682
0.00730395
0.00730524
0.00734617
0.0074216
0.00752564
0.0076517
0.00779322
0.00794491
0.0648769
0.0671161
0.0646788
0.0576103
0.0474339
0.0360433
0.0261101
0.0188932
0.0143474
0.0117712
0.0103702
0.00959727
0.00913726
0.00885378
0.00867498
0.00856392
0.00850177
0.00847769
0.00848395
0.00851339
0.00856359
0.00863176
0.00871542
0.00881205
0.00891937
0.0626366
0.0648582
0.0632858
0.0576221
0.0489817
0.0389388
0.0291066
0.0215362
0.0164469
0.0133883
0.0116669
0.0107164
0.0101812
0.0098756
0.0097081
0.00962712
0.0096016
0.00961337
0.00964996
0.00970094
0.00976066
0.00982288
0.00988911
0.00996051
0.0100378
0.0602078
0.062317
0.0614679
0.0571209
0.0499902
0.0413332
0.0324565
0.0246219
0.0190144
0.0154094
0.0132723
0.012062
0.0113921
0.0110259
0.0108384
0.0107617
0.0107554
0.0107945
0.0108627
0.0109475
0.0110373
0.0111224
0.0111998
0.0112692
0.0113344
0.0576806
0.059577
0.0592839
0.0561166
0.050439
0.0431869
0.0354365
0.028169
0.0221616
0.0179946
0.0153539
0.013787
0.0128954
0.0124108
0.0121695
0.0120755
0.0120753
0.0121346
0.0122289
0.0123399
0.0124543
0.0125646
0.0126615
0.012741
0.0128038
0.0551554
0.056741
0.0568148
0.0546428
0.0503143
0.0444497
0.0378875
0.0314358
0.0257414
0.0212622
0.0180542
0.0160516
0.01485
0.0141638
0.0138053
0.0136531
0.0136314
0.0136903
0.013795
0.013921
0.0140505
0.014172
0.0142794
0.0143685
0.0144357
0.0527375
0.0539311
0.0541739
0.0527716
0.0496189
0.0450734
0.0397302
0.0342283
0.0291097
0.0247644
0.0213838
0.0189882
0.0174099
0.0164351
0.0158895
0.0156194
0.0155266
0.0155462
0.0156326
0.0157519
0.0158812
0.0160058
0.0161169
0.0162103
0.0162874
0.0505265
0.0512807
0.0515076
0.0506241
0.0484193
0.0450461
0.0408854
0.0363999
0.0320277
0.0281079
0.0248469
0.022329
0.0205161
0.0192951
0.0185307
0.0180937
0.0178825
0.0178204
0.017851
0.0179295
0.0180304
0.0181388
0.0182443
0.0183413
0.0184295
0.0486019
0.0489173
0.0489831
0.0483707
0.046847
0.0444289
0.041326
0.0378459
0.0343078
0.0309882
0.0280838
0.0257012
0.0238641
0.0225313
0.0216219
0.0210408
0.0207009
0.020524
0.0204612
0.0204706
0.0205256
0.0206086
0.0207071
0.0208131
0.0209184
0.0470069
0.0469392
0.0467626
0.0462126
0.0450983
0.0433721
0.0411246
0.0385369
0.0358238
0.0331875
0.0307891
0.0287357
0.027076
0.0258061
0.0248824
0.0242371
0.0238055
0.0235318
0.0233846
0.0233375
0.0233618
0.023433
0.0235348
0.0236543
0.0237811
0.0457346
0.0453907
0.0449678
0.0443447
0.043407
0.0421028
0.0404604
0.0385734
0.0365702
0.0345855
0.0327381
0.0311166
0.0297723
0.0287142
0.0279154
0.0273195
0.026886
0.026605
0.0264506
0.0263967
0.0264197
0.0264987
0.0266165
0.0267589
0.0269144
0.044723
0.0442441
0.0436439
0.0429048
0.0419913
0.0408836
0.0395952
0.0381738
0.0366915
0.0352304
0.0338684
0.0326691
0.0316735
0.0308921
0.0303071
0.0298586
0.0295395
0.0293403
0.0292465
0.0292412
0.0293074
0.0294289
0.0295896
0.029777
0.0299799
0.0438588
0.0433968
0.0427395
0.0419288
0.0409888
0.0399396
0.0388077
0.0376309
0.0364559
0.0353332
0.0343111
0.03343
0.0327173
0.0321802
0.0318056
0.0315418
0.0313739
0.0312957
0.0312994
0.031375
0.031511
0.0316954
0.0319167
0.0321643
0.0324273
0.0429909
0.0426842
0.042109
0.0413307
0.0404041
0.0393786
0.0383019
0.0372199
0.0361758
0.0352095
0.0343549
0.0336388
0.0330781
0.0326778
0.0324283
0.0322998
0.032249
0.03227
0.0323554
0.0324978
0.0326897
0.0329228
0.0331886
0.0334785
0.0337831
0.0419496
0.0419062
0.0415404
0.0409169
0.0400987
0.0391485
0.0381266
0.0370889
0.0360849
0.0351559
0.0343346
0.0336443
0.0330993
0.0327043
0.0324553
0.0323376
0.0323269
0.0323758
0.0324798
0.0326325
0.0328269
0.0330565
0.033315
0.0335959
0.0338917
0.0405707
0.0408585
0.0407942
0.0404321
0.0398299
0.0390486
0.03815
0.0371934
0.0362327
0.0353136
0.0344727
0.0337369
0.0331234
0.0326407
0.0322896
0.0320646
0.0319542
0.0319386
0.0319981
0.0320971
0.03223
0.032393
0.0325819
0.0327921
0.0330171
0.0387143
0.0393586
0.0396442
0.0396126
0.0393103
0.0387889
0.0381033
0.0373088
0.0364576
0.0355969
0.034766
0.033996
0.033309
0.0327194
0.032234
0.0318539
0.0315757
0.0313917
0.0312911
0.0312581
0.0312801
0.031345
0.0314355
0.03154
0.031656
0.0362863
0.0372715
0.0379106
0.0382322
0.0382708
0.0380664
0.0376634
0.0371085
0.0364481
0.0357257
0.0349801
0.0342436
0.0335421
0.0328942
0.0323125
0.0318041
0.0313719
0.0310151
0.0307304
0.0305115
0.0303515
0.0302423
0.0301738
0.0301368
0.0301242
0.0332724
0.0345452
0.0354984
0.0361493
0.0365213
0.0366431
0.0365487
0.036275
0.0358604
0.0353424
0.0347557
0.0341313
0.0334953
0.0328686
0.0322671
0.0317024
0.0311819
0.0307098
0.030288
0.0299161
0.0295922
0.0293129
0.0290739
0.0288706
0.0286989
0.0297956
0.0312607
0.0324445
0.0333542
0.0340035
0.0344109
0.0346004
0.0345998
0.0344395
0.03415
0.0337608
0.0332992
0.0327895
0.0322524
0.0317048
0.0311602
0.0306289
0.0301184
0.0296337
0.0291779
0.0287528
0.0283587
0.027995
0.0276605
0.0273548
0.0261932
0.0276954
0.0289728
0.0300152
0.0308257
0.0314177
0.0318071
0.0320135
0.0320595
0.0319686
0.0317643
0.0314691
0.0311039
0.0306872
0.0302352
0.0297614
0.0292769
0.0287905
0.028309
0.0278376
0.02738
0.0269386
0.0265152
0.0261106
0.0257269
0.0227617
0.0241114
0.0252943
0.026303
0.0271315
0.0277648
0.0282189
0.0285108
0.0286578
0.0286781
0.0285896
0.0284099
0.0281556
0.0278419
0.0274825
0.0270893
0.0266726
0.0262408
0.0258008
0.0253584
0.024918
0.0244828
0.0240556
0.0236384
0.023234
0.0191108
0.0200974
0.0209561
0.0216727
0.0222539
0.0227023
0.023026
0.0232351
0.0233407
0.0233542
0.023287
0.0231503
0.0229551
0.0227115
0.0224287
0.0221151
0.021778
0.0214238
0.0210578
0.0206846
0.0203078
0.0199306
0.0195554
0.0191842
0.0188196
0.00960245
0.0100044
0.0103599
0.0106619
0.0109116
0.0111124
0.0112672
0.011379
0.0114508
0.0114861
0.0114882
0.0114606
0.0114069
0.0113304
0.0112343
0.0111218
0.0109956
0.0108584
0.0107124
0.0105598
0.0104025
0.0102419
0.0100795
0.00991636
0.00975351
0.0004176
0.00101515
0.00204384
0.00235781
0.00256173
0.00271846
0.00294829
0.00308972
0.00350064
0.00343625
0.00380988
0.00433071
0.00419055
0.00462889
0.00507138
0.0050159
0.00538292
0.00572416
0.00578288
0.00607401
0.00634085
0.0065214
0.00675043
0.00696475
0.00727697
0.00745822
0.00763276
0.00809807
0.00823985
0.00838067
0.00903111
0.0091383
0.00924808
0.0101178
0.0101958
0.0102773
0.0113955
0.0114523
0.0115102
0.0128535
0.0128951
0.0129343
0.0144834
0.0145191
0.0145497
0.0163447
0.016388
0.0164235
0.0185019
0.0185609
0.0186116
0.0210117
0.0210934
0.0211674
0.0238996
0.0240097
0.0241138
0.0270637
0.0272079
0.0273489
0.0301745
0.0303668
0.0305586
0.0326764
0.0329247
0.033175
0.0340688
0.0343552
0.0346457
0.0341691
0.0344499
0.034737
0.0332305
0.0334494
0.0336762
0.0317691
0.0318883
0.0320147
0.0301299
0.0301483
0.0301776
0.0285677
0.028456
0.0283595
0.0271028
0.0268713
0.0266553
0.0254002
0.0250903
0.0247926
0.0228841
0.0225461
0.022216
0.0185021
0.0181917
0.0178863
0.00961125
0.00947079
0.0093322
0.000110456
0.000261725
0.000394948
0.000506397
0.000605432
0.000693912
0.000775096
0.000850565
0.000921362
0.000988194
0.00105158
0.00111192
0.00116956
0.00122481
0.00127795
0.00132926
0.00137898
0.00142737
0.00147467
0.0015211
0.0015669
0.0016123
0.00165751
0.00170277
0.00174832
0.00179441
0.00184131
0.00188933
0.0019388
0.00199011
0.00204374
0.00210024
0.0021603
0.00222481
0.00229285
0.00236362
0.00243718
0.00251376
0.00259404
0.00267784
0.00276501
0.0028562
0.00295175
0.00305194
0.00315707
0.00326743
0.00338334
0.00350506
0.00363283
0.0037668
0.00390703
0.00405335
0.00420528
0.00436178
0.00452101
0.0046798
0.00483294
0.00497195
0.0050841
0.00515722
0.00519677
0.00520731
0.00519295
0.00513797
0.00501467
0.00483623
0.00459325
0.00430065
0.00397769
0.00363492
0.00328326
0.00292602
0.00260633
0.00231251
0.00203286
0.00176022
0.00148793
0.00120469
0.000895167
0.00051425
0.000431826
0.000800223
0.00100918
0.00118974
0.00138127
0.0015774
0.00176921
0.00195663
0.00213871
0.00231482
0.00248446
0.0026474
0.00280362
0.00295328
0.00309671
0.00323435
0.00336668
0.00349426
0.00361766
0.00373744
0.00385418
0.00396844
0.00408076
0.00419169
0.00430174
0.00441141
0.00452123
0.00463168
0.00474325
0.00485644
0.00497174
0.00508964
0.00521053
0.00533504
0.00546553
0.00560209
0.00574418
0.00589217
0.00604634
0.00620639
0.00637289
0.00654663
0.00672813
0.0069179
0.00711641
0.00732414
0.00754152
0.00776893
0.00800664
0.00825479
0.00851325
0.00878153
0.00905856
0.00934242
0.0096299
0.00991578
0.0101921
0.0104478
0.0106691
0.010836
0.0109188
0.0109142
0.0108121
0.0105973
0.0102284
0.00975129
0.00916059
0.00850688
0.00782901
0.00714842
0.00648886
0.00585825
0.00518959
0.00448913
0.00378134
0.00310256
0.00249196
0.00198772
0.00156361
0.000844296
0.000659433
0.0012619
0.00154161
0.00181
0.00209917
0.00239121
0.00267409
0.00294478
0.00320199
0.00344582
0.00367689
0.00389606
0.00410421
0.00430222
0.00449092
0.00467112
0.0048436
0.0050091
0.00516836
0.00532209
0.00547098
0.00561571
0.00575693
0.00589529
0.0060314
0.00616588
0.00629932
0.00643233
0.00656547
0.00669934
0.00683449
0.0069715
0.0071109
0.00725322
0.00739896
0.00755065
0.00770825
0.00787136
0.00804001
0.00821458
0.00839549
0.00858323
0.00877824
0.00898093
0.00919167
0.00941074
0.00963832
0.00987448
0.010119
0.0103715
0.0106311
0.0108963
0.0111651
0.0114343
0.0116994
0.011954
0.0121893
0.012394
0.0125544
0.0126498
0.0126495
0.0125439
0.0123214
0.0119716
0.0114889
0.0108762
0.0101067
0.00929532
0.0084708
0.00764003
0.00684959
0.00613463
0.00546222
0.0047788
0.00408082
0.00338425
0.00272728
0.00216417
0.00169602
0.000895588
0.000863791
0.00169303
0.00206746
0.00242513
0.002789
0.0031436
0.0034783
0.00379253
0.00408776
0.00436619
0.00462992
0.00488067
0.00511979
0.00534829
0.00556699
0.00577658
0.0059777
0.00617094
0.0063569
0.00653621
0.00670946
0.00687727
0.00704026
0.00719904
0.00735424
0.00750645
0.00765628
0.00780435
0.00795123
0.00809752
0.00824381
0.00839066
0.00853865
0.00868831
0.00884021
0.00899488
0.00915511
0.00932016
0.00948989
0.00966448
0.00984414
0.0100292
0.0102198
0.0104162
0.0106185
0.0108267
0.0110404
0.0112593
0.0114825
0.0117087
0.0119364
0.012163
0.0123854
0.0125996
0.0128003
0.0129808
0.0131323
0.0132443
0.0133037
0.0132939
0.0131862
0.0129624
0.0126162
0.0121431
0.0115498
0.0108479
0.0100492
0.00917706
0.00825394
0.00730529
0.00636304
0.00555115
0.00487199
0.00425646
0.00366447
0.00308373
0.00252526
0.00202012
0.00156901
0.000822193
0.00106511
0.00212533
0.0025996
0.00302758
0.00344009
0.00382458
0.00417843
0.00450846
0.00481963
0.00511583
0.00539961
0.00567258
0.00593572
0.00618956
0.00643444
0.00667061
0.0068983
0.0071178
0.00732945
0.00753364
0.00773081
0.00792146
0.0081061
0.00828528
0.00845956
0.00862952
0.00879572
0.00895877
0.00911924
0.00927771
0.00943477
0.00959099
0.00974696
0.00990323
0.0100604
0.010219
0.0103797
0.0105451
0.0107144
0.0108874
0.0110642
0.0112449
0.0114296
0.0116182
0.0118107
0.0120065
0.0122052
0.0124058
0.012607
0.0128069
0.0130032
0.0131927
0.0133714
0.0135343
0.0136758
0.0137891
0.0138655
0.0138943
0.0138632
0.0137577
0.0135618
0.0132601
0.0128413
0.0122898
0.0116208
0.0108547
0.0100049
0.00908044
0.00809095
0.00704742
0.00599332
0.00499085
0.00414146
0.00351798
0.00301802
0.00257769
0.00216273
0.00176597
0.00137611
0.000701955
0.00132033
0.00259122
0.00314387
0.00361178
0.00404021
0.00442762
0.00477696
0.00510685
0.00542305
0.00572975
0.00602876
0.00632077
0.00660584
0.0068837
0.00715399
0.00741639
0.00767068
0.00791675
0.00815465
0.00838453
0.00860663
0.00882131
0.00902895
0.00923003
0.00942502
0.00961445
0.00979886
0.00997881
0.0101549
0.0103276
0.0104976
0.0106655
0.0108318
0.0109971
0.011162
0.011327
0.0114928
0.0116609
0.0118325
0.0120072
0.0121849
0.0123655
0.0125491
0.0127356
0.0129246
0.0131158
0.0133082
0.013501
0.0136924
0.0138805
0.0140625
0.014235
0.0143937
0.014533
0.0146467
0.014727
0.0147661
0.0147544
0.0146794
0.0145274
0.0142822
0.0139303
0.0134619
0.012873
0.0121688
0.011372
0.0104954
0.00955168
0.0085461
0.00746362
0.00630614
0.00511761
0.00398738
0.00307718
0.00249764
0.00211791
0.00181432
0.00151722
0.00117403
0.000602581
0.00166583
0.00319917
0.00372316
0.00418004
0.00458838
0.0049506
0.00528216
0.00560493
0.00592254
0.00623761
0.00655048
0.00686054
0.00716677
0.00746804
0.00776331
0.00805168
0.0083325
0.0086053
0.00886983
0.00912599
0.00937385
0.0096136
0.00984551
0.0100699
0.0102873
0.010498
0.0107027
0.0109017
0.0110957
0.0112853
0.0114709
0.0116533
0.011833
0.0120106
0.0121867
0.0123621
0.0125371
0.0127126
0.0128908
0.0130719
0.0132557
0.0134422
0.0136315
0.0138234
0.0140179
0.0142145
0.0144125
0.014611
0.0148085
0.015003
0.015192
0.0153722
0.0155395
0.0156888
0.0158141
0.0159036
0.0159533
0.01595
0.0158857
0.015751
0.0155222
0.0151825
0.0147213
0.0141313
0.0134153
0.0125932
0.011698
0.0107254
0.00971146
0.00867448
0.00758041
0.00640018
0.00514267
0.00387661
0.00277977
0.00214122
0.00176313
0.00146189
0.00110946
0.000556054
0.00241243
0.00379323
0.00429918
0.0047197
0.00508269
0.00540528
0.00571717
0.00603222
0.00635132
0.00667468
0.00700102
0.00732849
0.0076551
0.00797897
0.00829846
0.00861219
0.00891912
0.00921844
0.00950963
0.00979238
0.0100666
0.0103322
0.0105894
0.0108384
0.0110797
0.0113135
0.0115403
0.0117605
0.0119748
0.0121837
0.0123877
0.0125875
0.0127836
0.0129768
0.0131677
0.0133569
0.0135452
0.0137333
0.0139218
0.0141135
0.0143082
0.0145058
0.0147067
0.0149108
0.0151183
0.0153289
0.0155423
0.0157578
0.0159742
0.0161901
0.0164033
0.0166109
0.0168093
0.0169937
0.0171585
0.0172965
0.0174
0.0174587
0.0174604
0.0173914
0.0172349
0.0169745
0.0165942
0.0160797
0.0154224
0.0146374
0.0137371
0.012758
0.0117049
0.0106572
0.00962641
0.00860801
0.00758197
0.00650679
0.00532445
0.00407421
0.00308218
0.00259333
0.00220531
0.00192501
0.00335082
0.00435183
0.00482719
0.00519369
0.00550491
0.0057956
0.00609506
0.0064057
0.00672754
0.00705908
0.00739789
0.00774124
0.00808642
0.008431
0.00877288
0.00911031
0.00944189
0.00976656
0.0100835
0.0103923
0.0106925
0.010984
0.0112669
0.0115412
0.0118071
0.0120651
0.0123155
0.0125586
0.012795
0.0130252
0.0132498
0.0134694
0.0136847
0.0138962
0.0141048
0.0143111
0.0145159
0.0147201
0.0149242
0.0151301
0.0153395
0.0155525
0.0157695
0.0159909
0.016217
0.0164479
0.0166837
0.0169241
0.0171685
0.0174159
0.0176647
0.0179128
0.0181573
0.0183944
0.0186192
0.018826
0.0190075
0.0191546
0.0192564
0.0192999
0.0192703
0.0191516
0.0189264
0.0185773
0.0180894
0.017453
0.0166685
0.0157487
0.0147163
0.0136232
0.0125316
0.0114896
0.0105435
0.00972845
0.00905466
0.00851476
0.0081277
0.00802702
0.00841056
0.00916724
0.0041948
0.00487588
0.00528736
0.00560037
0.0058757
0.00615323
0.00644438
0.00675196
0.00707554
0.0074129
0.00776102
0.00811665
0.00847666
0.00883823
0.00919892
0.00955667
0.00990982
0.0102571
0.0105974
0.01093
0.0112545
0.0115705
0.0118779
0.0121767
0.0124669
0.0127489
0.0130229
0.0132892
0.0135484
0.0138007
0.0140469
0.0142875
0.0145232
0.0147546
0.0149825
0.0152077
0.015431
0.0156533
0.0158754
0.0160982
0.0163246
0.0165553
0.0167908
0.0170318
0.017279
0.0175329
0.0177939
0.0180622
0.0183377
0.0186201
0.0189084
0.0192011
0.0194963
0.019791
0.0200814
0.020363
0.0206296
0.020874
0.0210869
0.0212576
0.0213737
0.0214213
0.021385
0.0212482
0.0209944
0.0206094
0.0200835
0.0194143
0.0186073
0.0176824
0.016672
0.0156246
0.0146084
0.0137017
0.0129818
0.0125109
0.0123543
0.012565
0.0130802
0.0139757
0.0048799
0.00536602
0.00570928
0.00598497
0.00624352
0.0065099
0.0067931
0.00709608
0.00741834
0.00775753
0.00811044
0.00847357
0.00884359
0.00921742
0.0095924
0.00996622
0.010337
0.0107032
0.0110636
0.0114173
0.0117635
0.0121019
0.012432
0.0127538
0.0130672
0.0133723
0.0136693
0.0139585
0.0142402
0.0145148
0.0147829
0.0150449
0.0153016
0.0155536
0.0158017
0.0160467
0.0162894
0.016531
0.0167722
0.0170143
0.0172584
0.0175074
0.0177621
0.0180233
0.018292
0.018569
0.0188551
0.0191511
0.0194572
0.0197736
0.0201001
0.0204358
0.0207794
0.021129
0.0214818
0.021834
0.022181
0.0225169
0.0228345
0.0231252
0.0233792
0.0235854
0.0237317
0.0238052
0.0237928
0.0236825
0.0234648
0.0231349
0.0226946
0.0221533
0.0215226
0.0208277
0.0201073
0.0194092
0.0188465
0.0184947
0.0184255
0.0186514
0.019182
0.0200018
0.00547459
0.00584355
0.00613589
0.00638863
0.00663282
0.00688752
0.00716098
0.00745631
0.00777322
0.0081095
0.00846202
0.00882732
0.00920198
0.00958284
0.00996706
0.0103522
0.0107362
0.0111172
0.0114939
0.0118652
0.0122302
0.0125882
0.0129387
0.0132814
0.0136162
0.013943
0.0142619
0.014573
0.0148766
0.015173
0.0154627
0.0157461
0.0160238
0.0162965
0.016565
0.01683
0.0170925
0.0173536
0.0176142
0.0178754
0.0181385
0.018406
0.0186795
0.0189604
0.0192496
0.0195484
0.019858
0.0201793
0.0205132
0.0208603
0.0212208
0.0215945
0.0219807
0.0223782
0.022785
0.0231983
0.0236144
0.0240287
0.0244353
0.0248274
0.0251971
0.0255358
0.0258339
0.0260816
0.026269
0.0263874
0.0264297
0.026393
0.0262794
0.0260924
0.0258404
0.0255394
0.0252115
0.0248833
0.0245942
0.0243802
0.0242818
0.0243021
0.02451
0.0249015
0.00603362
0.00633024
0.0065875
0.00682367
0.00705525
0.00729827
0.00756039
0.00784512
0.0081527
0.0084814
0.00882845
0.00919059
0.00956453
0.00994711
0.0103354
0.010727
0.0111195
0.011511
0.0119001
0.0122853
0.0126656
0.0130401
0.0134083
0.0137696
0.0141236
0.0144702
0.0148094
0.0151411
0.0154655
0.0157827
0.0160933
0.0163974
0.0166957
0.0169888
0.0172774
0.0175623
0.0178445
0.0181249
0.0184046
0.0186849
0.018967
0.0192524
0.019544
0.0198433
0.0201515
0.0204701
0.0208005
0.0211441
0.0215019
0.021875
0.0222641
0.0226694
0.0230907
0.0235274
0.0239781
0.0244406
0.0249121
0.0253887
0.0258657
0.0263373
0.0267969
0.0272372
0.0276503
0.0280279
0.0283618
0.0286444
0.0288696
0.0290337
0.0291343
0.0291707
0.029146
0.029066
0.0289379
0.0287695
0.0285848
0.0284017
0.0282428
0.0281176
0.0280849
0.0281521
0.00659026
0.00684063
0.00707245
0.00729468
0.0075168
0.00774887
0.007999
0.00827104
0.00856611
0.00888328
0.00922038
0.0095746
0.00994291
0.0103223
0.0107099
0.0111031
0.0114996
0.0118974
0.0122947
0.01269
0.0130822
0.0134701
0.0138529
0.01423
0.0146009
0.0149652
0.0153227
0.0156733
0.0160169
0.0163538
0.016684
0.017008
0.0173261
0.0176388
0.017947
0.0182512
0.0185524
0.0188516
0.01915
0.0194486
0.0197489
0.0200521
0.0203608
0.0206771
0.0210025
0.0213386
0.021687
0.0220494
0.022427
0.0228212
0.0232329
0.023663
0.0241115
0.0245782
0.0250623
0.0255621
0.0260753
0.0265985
0.0271277
0.0276578
0.028183
0.0286966
0.0291914
0.0296598
0.0300939
0.0304864
0.0308306
0.0311206
0.031351
0.031518
0.0316193
0.0316532
0.0316175
0.0315155
0.0313637
0.0311808
0.0309787
0.0307681
0.0305648
0.0303948
0.00717278
0.00738983
0.00760038
0.0078094
0.00802288
0.00824482
0.00848287
0.00874111
0.00902158
0.00932436
0.0096481
0.00999057
0.0103492
0.0107211
0.0111036
0.0114943
0.0118906
0.0122905
0.0126922
0.013094
0.0134944
0.0138924
0.0142869
0.014677
0.0150621
0.0154416
0.0158152
0.0161827
0.0165438
0.0168985
0.017247
0.0175895
0.0179262
0.0182576
0.0185843
0.018907
0.0192265
0.0195438
0.01986
0.0201762
0.0204937
0.020814
0.0211386
0.0214706
0.0218114
0.0221628
0.0225265
0.0229042
0.0232975
0.023708
0.0241368
0.024585
0.0250531
0.0255412
0.0260487
0.0265744
0.0271165
0.0276719
0.0282371
0.0288073
0.0293771
0.0299403
0.0304899
0.0310184
0.0315181
0.0319812
0.0324003
0.0327675
0.0330758
0.033319
0.0334919
0.0335894
0.0336054
0.0335467
0.033416
0.0332233
0.0329831
0.0327089
0.0324111
0.032098
0.00780843
0.00799772
0.00818786
0.00838187
0.00858339
0.00879556
0.00902046
0.00926414
0.00952886
0.00981555
0.0101237
0.0104517
0.0107976
0.0111587
0.0115327
0.0119171
0.0123096
0.012708
0.0131104
0.013515
0.0139203
0.014325
0.0147279
0.0151279
0.0155244
0.0159164
0.0163037
0.0166856
0.017062
0.0174326
0.0177976
0.0181568
0.0185106
0.0188593
0.0192033
0.0195433
0.01988
0.0202144
0.0205474
0.0208801
0.0212138
0.0215499
0.0218898
0.022236
0.0225906
0.0229552
0.0233316
0.0237216
0.0241269
0.0245492
0.02499
0.0254502
0.0259309
0.0264322
0.0269541
0.0274956
0.028055
0.0286299
0.0292167
0.0298113
0.0304083
0.0310018
0.031585
0.0321504
0.0326905
0.0331973
0.0336622
0.0340766
0.0344325
0.0347226
0.0349404
0.0350794
0.0351362
0.0351082
0.0349935
0.0347995
0.0345389
0.0342259
0.0338727
0.0334873
0.0085275
0.00869019
0.0088583
0.00903373
0.00921908
0.00941671
0.00962692
0.00985483
0.010103
0.0103728
0.0106642
0.0109763
0.0113073
0.0116554
0.0120181
0.0123933
0.0127787
0.0131722
0.0135718
0.0139757
0.0143823
0.0147902
0.0151981
0.0156048
0.0160093
0.0164108
0.0168087
0.0172024
0.0175914
0.0179755
0.0183545
0.0187284
0.0190972
0.0194613
0.019821
0.0201768
0.0205293
0.0208795
0.021228
0.0215762
0.021925
0.0222757
0.0226299
0.022989
0.0233557
0.0237316
0.0241185
0.0245181
0.0249322
0.0253624
0.0258103
0.0262772
0.0267641
0.0272715
0.0277996
0.0283476
0.0289142
0.0294972
0.0300935
0.0306989
0.0313084
0.0319164
0.0325162
0.0331007
0.0336628
0.0341941
0.0346857
0.0351285
0.0355142
0.0358353
0.0360851
0.0362575
0.036349
0.0363511
0.0362596
0.0360781
0.0358165
0.0354879
0.0351048
0.0346757
0.00936656
0.00950133
0.00964425
0.00979668
0.00996041
0.0101372
0.0103293
0.0105388
0.0107695
0.0110219
0.0112962
0.0115916
0.0119067
0.01224
0.0125894
0.0129528
0.0133282
0.0137135
0.0141066
0.0145057
0.0149096
0.0153167
0.0157256
0.0161351
0.016544
0.0169513
0.0173562
0.0177581
0.0181565
0.0185509
0.018941
0.0193268
0.0197081
0.0200852
0.0204583
0.0208279
0.0211945
0.0215587
0.0219214
0.0222835
0.022646
0.0230101
0.023377
0.023748
0.0241256
0.0245112
0.0249065
0.0253132
0.0257331
0.0261677
0.0266187
0.0270874
0.0275749
0.0280819
0.0286088
0.0291551
0.0297199
0.0303012
0.0308959
0.0315004
0.0321098
0.0327188
0.0333211
0.0339106
0.0344806
0.0350224
0.0355269
0.0359853
0.0363896
0.0367323
0.0370075
0.0372106
0.0373352
0.0373711
0.0373119
0.0371569
0.0369122
0.0365886
0.0361984
0.0357506
0.0103678
0.0104733
0.0105881
0.0107136
0.0108514
0.0110028
0.0111701
0.0113591
0.0115713
0.0118061
0.0120629
0.0123412
0.0126397
0.0129568
0.0132907
0.0136396
0.0140016
0.0143748
0.0147565
0.0151453
0.0155412
0.015942
0.016347
0.0167543
0.0171626
0.0175709
0.0179783
0.0183841
0.0187876
0.0191882
0.0195856
0.0199796
0.02037
0.020757
0.0211407
0.0215215
0.0218997
0.022276
0.0226508
0.0230251
0.0233997
0.0237755
0.0241536
0.0245353
0.0249222
0.0253158
0.0257176
0.0261292
0.0265521
0.026988
0.0274382
0.0279042
0.0283872
0.0288878
0.0294067
0.0299437
0.0304985
0.0310695
0.031653
0.032246
0.0328443
0.0334426
0.0340356
0.0346185
0.0351843
0.0357248
0.0362313
0.0366954
0.0371094
0.0374673
0.037764
0.0379955
0.0381528
0.0382253
0.0382048
0.0380869
0.0378731
0.0375709
0.0371915
0.0367441
0.0115742
0.0116495
0.0117334
0.0118284
0.011936
0.0120574
0.012198
0.0123646
0.0125561
0.0127711
0.0130086
0.0132678
0.0135481
0.0138469
0.0141625
0.0144936
0.0148386
0.0151951
0.0155605
0.0159348
0.0163183
0.0167089
0.0171046
0.0175034
0.0179046
0.0183075
0.0187115
0.0191158
0.0195191
0.0199207
0.0203205
0.0207181
0.0211134
0.0215063
0.0218971
0.0222858
0.0226728
0.0230584
0.0234431
0.0238274
0.024212
0.0245976
0.0249852
0.0253756
0.0257701
0.0261699
0.0265761
0.0269902
0.0274135
0.0278476
0.0282937
0.0287532
0.0292271
0.0297164
0.0302214
0.0307424
0.0312789
0.0318297
0.0323924
0.0329643
0.0335416
0.0341193
0.0346934
0.035259
0.0358098
0.0363383
0.0368367
0.0372974
0.0377141
0.0380821
0.0383965
0.038651
0.038837
0.0389443
0.0389632
0.0388866
0.0387115
0.0384409
0.0380843
0.03765
0.0129763
0.0130252
0.0130813
0.0131478
0.0132274
0.0133215
0.0134392
0.0135835
0.013753
0.0139461
0.0141619
0.0143992
0.014657
0.0149338
0.0152281
0.015538
0.0158623
0.0161989
0.016547
0.0169067
0.0172759
0.0176525
0.0180345
0.018421
0.0188113
0.0192046
0.0196003
0.0199969
0.0203934
0.0207893
0.021185
0.0215805
0.0219754
0.0223694
0.0227627
0.0231553
0.0235473
0.0239388
0.0243301
0.0247214
0.0251132
0.0255059
0.0259003
0.026297
0.0266965
0.0270995
0.0275072
0.0279207
0.0283412
0.0287699
0.0292081
0.0296568
0.0301172
0.03059
0.0310758
0.0315748
0.0320868
0.0326109
0.0331454
0.0336882
0.0342361
0.0347849
0.0353305
0.0358682
0.0363935
0.0369001
0.0373811
0.0378306
0.0382428
0.0386121
0.0389333
0.0392008
0.0394062
0.0395401
0.0395929
0.0395557
0.0394214
0.0391885
0.0388631
0.0384518
0.0145804
0.0146145
0.0146534
0.0147012
0.0147618
0.0148391
0.0149384
0.0150619
0.0152094
0.01538
0.0155727
0.0157862
0.0160198
0.0162721
0.0165418
0.0168275
0.0171281
0.0174423
0.0177696
0.0181088
0.0184584
0.0188169
0.0191827
0.0195545
0.0199309
0.0203103
0.0206921
0.0210756
0.0214603
0.021846
0.0222333
0.0226216
0.0230106
0.0234004
0.0237911
0.024183
0.0245755
0.0249686
0.0253622
0.0257563
0.026151
0.0265466
0.0269434
0.027342
0.0277416
0.0281431
0.0285473
0.0289552
0.0293677
0.029786
0.0302111
0.0306439
0.0310854
0.0315363
0.0319972
0.0324683
0.0329495
0.0334402
0.0339392
0.0344448
0.0349545
0.0354653
0.0359741
0.0364771
0.0369693
0.037445
0.037899
0.0383263
0.0387214
0.0390789
0.0393939
0.0396607
0.0398723
0.0400204
0.0400957
0.0400888
0.0399901
0.0397936
0.0395015
0.0391186
0.0164567
0.0164899
0.0165242
0.0165637
0.0166136
0.0166802
0.0167663
0.0168731
0.0170002
0.0171482
0.0173167
0.0175051
0.0177124
0.0179378
0.0181804
0.0184394
0.0187135
0.0190015
0.0193019
0.019614
0.0199369
0.0202697
0.0206112
0.0209602
0.0213151
0.0216748
0.0220392
0.0224075
0.022779
0.0231539
0.0235313
0.0239106
0.0242918
0.0246747
0.0250596
0.0254459
0.0258331
0.0262214
0.026611
0.0270014
0.0273922
0.0277834
0.0281753
0.0285669
0.0289579
0.029349
0.029741
0.0301347
0.030531
0.0309308
0.031335
0.0317444
0.0321598
0.032582
0.0330113
0.033448
0.0338921
0.034343
0.0347999
0.0352614
0.0357254
0.0361897
0.0366515
0.0371075
0.0375539
0.0379864
0.0384006
0.0387917
0.0391547
0.0394851
0.0397782
0.0400292
0.0402319
0.0403789
0.0404621
0.0404722
0.0403985
0.040232
0.0399706
0.0396172
0.0186592
0.018704
0.0187459
0.0187882
0.0188358
0.0188956
0.0189716
0.0190645
0.0191746
0.0193026
0.0194486
0.0196123
0.0197932
0.0199905
0.0202038
0.0204323
0.0206751
0.0209313
0.0211998
0.0214801
0.0217717
0.0220739
0.0223859
0.0227067
0.0230356
0.0233726
0.0237163
0.0240656
0.0244197
0.0247783
0.0251408
0.0255066
0.0258752
0.0262459
0.0266185
0.0269922
0.0273671
0.0277435
0.0281213
0.0284993
0.0288772
0.0292552
0.0296318
0.0300059
0.030378
0.0307488
0.0311189
0.0314888
0.0318594
0.0322312
0.0326051
0.0329816
0.0333615
0.0337452
0.034133
0.0345252
0.0349218
0.0353223
0.0357262
0.0361323
0.0365392
0.036945
0.0373476
0.0377446
0.038133
0.0385093
0.0388698
0.0392106
0.0395275
0.0398166
0.0400737
0.0402943
0.0404729
0.0406034
0.0406786
0.0406903
0.0406282
0.0404813
0.0402444
0.0399178
0.0212394
0.0213065
0.0213666
0.0214221
0.0214768
0.0215357
0.0216039
0.021685
0.0217811
0.021892
0.0220178
0.0221582
0.0223133
0.0224826
0.0226658
0.0228626
0.0230726
0.0232955
0.0235313
0.0237795
0.0240394
0.0243102
0.0245911
0.0248813
0.02518
0.0254868
0.0258008
0.0261213
0.0264474
0.0267787
0.0271149
0.0274551
0.0277987
0.028145
0.0284937
0.028845
0.0291981
0.0295519
0.0299049
0.0302574
0.0306085
0.0309563
0.0313007
0.0316421
0.0319806
0.0323169
0.0326512
0.032984
0.0333159
0.0336472
0.0339785
0.0343102
0.0346428
0.0349766
0.0353119
0.0356488
0.0359872
0.036327
0.0366677
0.0370084
0.0373483
0.0376859
0.0380196
0.0383476
0.0386677
0.0389773
0.0392733
0.0395526
0.0398118
0.0400474
0.0402557
0.0404328
0.0405741
0.0406743
0.0407276
0.0407268
0.0406624
0.0405235
0.0403025
0.0399972
0.0242188
0.0243177
0.0244062
0.0244858
0.0245589
0.0246295
0.024702
0.0247805
0.0248678
0.0249653
0.0250738
0.0251939
0.0253256
0.0254692
0.0256247
0.0257918
0.0259704
0.0261603
0.0263613
0.0265731
0.0267954
0.0270274
0.0272686
0.0275183
0.0277759
0.0280411
0.0283132
0.0285917
0.028876
0.029166
0.0294622
0.0297633
0.0300682
0.0303759
0.0306856
0.0309965
0.0313081
0.0316192
0.0319276
0.0322322
0.0325329
0.0328302
0.0331242
0.033415
0.0337028
0.033988
0.0342706
0.034551
0.0348295
0.0351062
0.0353816
0.0356558
0.0359291
0.0362017
0.0364739
0.0367455
0.0370166
0.037287
0.0375565
0.0378243
0.0380898
0.0383521
0.0386099
0.038862
0.0391066
0.0393418
0.0395653
0.0397746
0.0399669
0.0401393
0.0402888
0.0404118
0.0405046
0.0405629
0.0405818
0.0405553
0.0404754
0.0403319
0.0401164
0.0398246
0.0274958
0.0276364
0.0277644
0.02788
0.0279845
0.0280803
0.0281708
0.0282598
0.0283503
0.0284446
0.0285443
0.0286504
0.0287638
0.0288849
0.029014
0.0291514
0.0292972
0.0294514
0.0296139
0.0297847
0.0299636
0.0301503
0.0303444
0.0305455
0.0307531
0.0309672
0.0311873
0.0314129
0.0316435
0.0318787
0.0321178
0.0323599
0.0326054
0.0328528
0.0331008
0.0333472
0.0335908
0.0338315
0.0340695
0.0343048
0.0345373
0.034767
0.034994
0.0352183
0.03544
0.035659
0.0358755
0.0360896
0.0363014
0.036511
0.0367185
0.0369241
0.0371277
0.0373296
0.0375296
0.037728
0.0379245
0.0381189
0.0383111
0.0385007
0.038687
0.0388693
0.0390469
0.0392187
0.0393834
0.0395396
0.0396855
0.0398193
0.0399387
0.0400414
0.0401248
0.0401861
0.0402222
0.0402295
0.0402042
0.0401414
0.0400344
0.0398747
0.0396539
0.0393665
0.0307642
0.030964
0.03115
0.0313208
0.0314764
0.0316177
0.0317466
0.0318659
0.0319782
0.0320859
0.0321911
0.0322952
0.0323996
0.0325053
0.032613
0.0327234
0.0328371
0.0329545
0.0330757
0.0332011
0.0333307
0.0334646
0.0336027
0.0337449
0.0338911
0.0340416
0.0341964
0.0343547
0.034516
0.0346794
0.034843
0.0350067
0.0351695
0.0353317
0.0354935
0.0356546
0.0358145
0.0359731
0.03613
0.0362852
0.0364385
0.0365899
0.0367392
0.0368864
0.0370314
0.0371742
0.0373148
0.0374531
0.0375892
0.037723
0.0378546
0.0379838
0.0381109
0.0382356
0.038358
0.038478
0.0385955
0.0387103
0.0388222
0.0389309
0.0390359
0.0391368
0.0392327
0.039323
0.0394067
0.0394828
0.0395499
0.0396065
0.039651
0.0396815
0.039696
0.0396922
0.0396676
0.0396195
0.0395447
0.0394394
0.0392985
0.0391145
0.0388805
0.0385895
0.033449
0.0337184
0.033974
0.0342133
0.0344351
0.0346387
0.0348245
0.0349938
0.0351482
0.0352893
0.0354191
0.0355391
0.0356509
0.0357557
0.0358549
0.0359496
0.036041
0.0361298
0.0362163
0.0363012
0.0363848
0.0364676
0.0365499
0.036632
0.0367138
0.0367952
0.036876
0.0369566
0.0370373
0.0371181
0.0371989
0.0372794
0.0373594
0.0374389
0.0375178
0.0375959
0.0376732
0.0377494
0.0378244
0.0378982
0.0379706
0.0380414
0.0381107
0.0381782
0.0382439
0.0383078
0.0383697
0.0384297
0.0384875
0.0385433
0.0385968
0.0386482
0.0386973
0.038744
0.0387883
0.0388301
0.0388692
0.0389056
0.0389389
0.0389689
0.0389953
0.0390176
0.0390353
0.0390479
0.0390546
0.0390545
0.0390469
0.0390304
0.0390039
0.0389659
0.0389149
0.038849
0.0387665
0.0386652
0.0385427
0.0383961
0.038221
0.0380116
0.0377626
0.0374636
0.0349688
0.0352896
0.035599
0.035894
0.0361724
0.0364328
0.0366742
0.0368963
0.0370995
0.0372842
0.0374515
0.0376026
0.0377386
0.0378606
0.0379699
0.0380675
0.038154
0.0382307
0.0382988
0.0383592
0.0384128
0.0384606
0.0385031
0.038541
0.0385747
0.0386048
0.0386316
0.0386554
0.0386766
0.0386955
0.0387123
0.0387272
0.0387403
0.0387518
0.0387616
0.0387699
0.0387766
0.0387818
0.0387855
0.0387876
0.0387882
0.0387871
0.0387844
0.03878
0.0387739
0.0387659
0.0387562
0.0387446
0.038731
0.0387155
0.0386981
0.0386785
0.0386569
0.0386331
0.0386071
0.0385788
0.0385481
0.0385148
0.0384788
0.0384399
0.0383977
0.038352
0.0383024
0.0382484
0.0381895
0.0381251
0.0380545
0.0379768
0.0378911
0.0377965
0.0376917
0.0375754
0.0374462
0.0373027
0.0371429
0.0369642
0.0367635
0.0365357
0.036271
0.0359669
0.0350615
0.0353872
0.0357062
0.0360158
0.0363136
0.0365974
0.0368658
0.0371174
0.0373508
0.0375653
0.0377609
0.0379383
0.0380981
0.038241
0.038368
0.0384798
0.0385773
0.0386614
0.038733
0.038793
0.0388423
0.0388817
0.038912
0.038934
0.0389484
0.0389557
0.0389566
0.0389516
0.0389412
0.0389259
0.0389061
0.0388822
0.0388545
0.0388234
0.0387891
0.0387517
0.0387115
0.0386687
0.0386233
0.0385755
0.0385255
0.0384732
0.0384188
0.0383623
0.0383038
0.0382432
0.0381807
0.0381162
0.0380499
0.0379816
0.0379114
0.0378394
0.0377655
0.0376897
0.0376119
0.0375322
0.0374504
0.0373665
0.0372804
0.037192
0.0371009
0.0370071
0.0369101
0.0368097
0.0367056
0.0365972
0.0364842
0.0363657
0.0362414
0.0361102
0.0359716
0.0358243
0.0356676
0.0355003
0.0353204
0.0351249
0.0349084
0.034667
0.0343957
0.0340952
0.033937
0.0342025
0.0344668
0.0347276
0.0349828
0.0352307
0.0354694
0.0356975
0.035913
0.036115
0.0363033
0.0364774
0.0366373
0.0367831
0.036915
0.0370332
0.0371381
0.0372302
0.0373098
0.0373774
0.0374339
0.0374796
0.0375151
0.0375409
0.0375574
0.0375652
0.0375648
0.0375569
0.037542
0.0375205
0.037493
0.0374597
0.0374211
0.0373776
0.0373294
0.0372769
0.0372204
0.03716
0.0370961
0.0370289
0.0369586
0.0368853
0.0368093
0.0367305
0.0366492
0.0365656
0.0364796
0.0363914
0.036301
0.0362087
0.0361144
0.0360181
0.03592
0.03582
0.0357182
0.0356146
0.0355092
0.0354018
0.0352926
0.0351813
0.0350679
0.0349523
0.0348343
0.0347138
0.0345905
0.0344639
0.0343337
0.0341994
0.0340605
0.0339164
0.0337663
0.0336094
0.0334437
0.0332669
0.0330781
0.0328751
0.0326541
0.0324124
0.0321485
0.0318634
0.0321638
0.0323189
0.0324772
0.0326367
0.0327959
0.0329532
0.0331075
0.0332578
0.0334033
0.0335427
0.0336754
0.0338008
0.0339187
0.0340286
0.0341303
0.0342237
0.0343086
0.0343852
0.0344533
0.0345131
0.0345646
0.034608
0.0346436
0.0346715
0.034692
0.0347053
0.0347116
0.0347112
0.0347044
0.0346914
0.0346726
0.0346481
0.0346184
0.0345836
0.034544
0.0344998
0.0344514
0.0343991
0.0343432
0.0342836
0.0342206
0.0341542
0.0340847
0.034012
0.0339365
0.0338581
0.033777
0.0336934
0.0336072
0.0335187
0.0334279
0.0333349
0.0332397
0.0331424
0.033043
0.0329416
0.0328382
0.0327328
0.0326253
0.0325157
0.0324041
0.0322902
0.0321737
0.0320539
0.0319308
0.0318041
0.0316737
0.0315393
0.0314006
0.031257
0.031108
0.0309527
0.0307895
0.0306166
0.0304327
0.0302363
0.0300256
0.0297991
0.0295557
0.0292966
0.0302202
0.0302701
0.0303212
0.0303728
0.0304248
0.0304769
0.0305289
0.0305805
0.0306322
0.0306828
0.0307322
0.0307799
0.0308257
0.0308694
0.0309106
0.0309491
0.0309848
0.0310174
0.0310468
0.0310728
0.0310953
0.0311142
0.0311295
0.031141
0.0311488
0.0311527
0.0311529
0.0311492
0.0311417
0.0311305
0.0311156
0.0310969
0.0310747
0.031049
0.0310197
0.0309871
0.0309511
0.030911
0.0308673
0.0308199
0.0307692
0.0307154
0.0306585
0.0305987
0.0305361
0.0304708
0.030403
0.0303326
0.0302599
0.0301847
0.0301073
0.0300276
0.0299457
0.0298617
0.0297755
0.0296872
0.0295968
0.0295042
0.0294095
0.0293127
0.0292136
0.0291121
0.0290081
0.0289009
0.0287902
0.028676
0.0285581
0.0284361
0.0283098
0.0281786
0.0280421
0.0278995
0.0277499
0.0275925
0.027426
0.0272493
0.0270613
0.0268609
0.0266475
0.0264221
0.0282659
0.0281854
0.0281154
0.0280534
0.0279979
0.0279477
0.0279019
0.0278598
0.0278212
0.0277862
0.0277536
0.0277229
0.0276939
0.0276663
0.0276399
0.0276146
0.0275901
0.0275663
0.0275431
0.0275203
0.0274977
0.0274752
0.0274527
0.02743
0.027407
0.0273835
0.0273595
0.0273349
0.0273094
0.027283
0.0272556
0.0272271
0.0271974
0.0271665
0.0271342
0.0271005
0.0270653
0.027028
0.0269887
0.0269472
0.0269036
0.0268579
0.0268102
0.0267605
0.0267087
0.026655
0.0265993
0.0265417
0.0264822
0.0264207
0.0263574
0.0262921
0.026225
0.026156
0.0260851
0.0260123
0.0259377
0.025861
0.0257824
0.0257017
0.025619
0.0255339
0.0254465
0.0253564
0.0252635
0.0251676
0.0250683
0.0249654
0.0248586
0.0247474
0.0246314
0.02451
0.0243828
0.024249
0.0241079
0.0239587
0.0238006
0.0236329
0.0234551
0.0232681
0.0264279
0.0262164
0.0260208
0.0258392
0.02567
0.0255117
0.0253631
0.0252231
0.0250909
0.0249663
0.0248493
0.024738
0.0246322
0.0245313
0.0244351
0.0243431
0.0242551
0.0241708
0.0240901
0.0240128
0.0239385
0.0238672
0.0237986
0.0237327
0.0236691
0.0236078
0.0235486
0.0234912
0.0234356
0.0233816
0.023329
0.0232777
0.0232274
0.0231781
0.0231297
0.0230819
0.0230346
0.0229875
0.0229407
0.0228938
0.0228467
0.0227994
0.0227516
0.0227034
0.0226545
0.022605
0.0225547
0.0225036
0.0224516
0.0223986
0.0223447
0.0222897
0.0222337
0.0221764
0.022118
0.0220583
0.0219973
0.0219349
0.0218711
0.0218058
0.0217388
0.0216701
0.0215996
0.021527
0.0214523
0.0213752
0.0212955
0.021213
0.0211273
0.0210382
0.0209453
0.0208481
0.0207462
0.0206393
0.0205266
0.0204078
0.0202822
0.0201493
0.0200087
0.0198612
0.0244692
0.0241598
0.0238663
0.0235877
0.023323
0.0230714
0.022832
0.0226041
0.0223869
0.0221797
0.0219822
0.0217946
0.0216158
0.0214448
0.0212813
0.0211248
0.020975
0.0208316
0.0206942
0.0205626
0.0204364
0.0203155
0.0201996
0.0200885
0.0199819
0.0198797
0.0197816
0.0196874
0.0195969
0.01951
0.0194264
0.0193459
0.0192685
0.0191939
0.0191218
0.0190523
0.018985
0.0189199
0.0188567
0.0187952
0.0187354
0.018677
0.0186199
0.0185639
0.0185089
0.0184548
0.0184014
0.0183485
0.0182961
0.018244
0.0181922
0.0181405
0.0180888
0.018037
0.017985
0.0179328
0.0178801
0.017827
0.0177733
0.0177189
0.0176637
0.0176075
0.0175504
0.017492
0.0174323
0.0173711
0.0173083
0.0172435
0.0171766
0.0171073
0.0170354
0.0169605
0.0168822
0.0168004
0.0167145
0.0166241
0.016529
0.0164285
0.0163225
0.0162113
0.0218506
0.0214958
0.0211541
0.0208252
0.0205088
0.0202042
0.0199112
0.0196294
0.0193584
0.0190978
0.0188472
0.0186063
0.0183754
0.0181541
0.0179415
0.0177373
0.017541
0.0173524
0.0171712
0.016997
0.0168296
0.0166687
0.0165142
0.0163656
0.0162229
0.0160858
0.0159541
0.0158275
0.0157059
0.0155891
0.0154768
0.0153688
0.0152651
0.0151653
0.0150694
0.0149771
0.0148883
0.0148028
0.0147205
0.0146411
0.0145646
0.0144908
0.0144195
0.0143505
0.0142838
0.0142192
0.0141565
0.0140956
0.0140363
0.0139786
0.0139222
0.0138671
0.0138132
0.0137602
0.0137082
0.0136569
0.0136062
0.0135561
0.0135064
0.013457
0.0134078
0.0133586
0.0133093
0.0132597
0.0132099
0.0131594
0.0131084
0.0130564
0.0130034
0.0129491
0.0128933
0.0128358
0.0127764
0.0127147
0.0126505
0.0125835
0.0125133
0.0124398
0.0123625
0.0122816
0.0175435
0.0172084
0.0168828
0.0165664
0.0162593
0.0159616
0.0156731
0.0153939
0.0151238
0.0148626
0.0146101
0.0143661
0.0141304
0.0139028
0.0136835
0.0134724
0.0132689
0.0130726
0.0128832
0.0127004
0.0125241
0.012354
0.0121899
0.0120316
0.0118789
0.0117317
0.0115897
0.0114528
0.0113208
0.0111936
0.011071
0.0109528
0.0108388
0.010729
0.0106231
0.0105211
0.0104228
0.010328
0.0102367
0.0101486
0.0100637
0.00998187
0.00990292
0.00982677
0.00975329
0.00968238
0.0096139
0.00954777
0.00948385
0.00942204
0.00936223
0.00930432
0.0092482
0.00919377
0.00914091
0.00908953
0.00903952
0.00899078
0.0089432
0.00889669
0.00885112
0.00880641
0.00876243
0.00871907
0.00867622
0.00863375
0.00859154
0.00854946
0.00850726
0.00846475
0.00842178
0.00837821
0.00833389
0.00828866
0.00824233
0.00819473
0.00814567
0.00809498
0.00804249
0.00798823
0.00917434
0.0090193
0.00886751
0.0087193
0.00857508
0.0084349
0.00829874
0.00816659
0.00803843
0.00791422
0.00779391
0.00767744
0.00756472
0.00745566
0.00735018
0.00724819
0.00714972
0.00705485
0.00696337
0.00687512
0.00678995
0.00670771
0.00662828
0.00655151
0.0064773
0.00640554
0.00633613
0.00626897
0.00620396
0.00614102
0.00608007
0.00602103
0.00596381
0.00590836
0.00585459
0.00580244
0.00575185
0.00570274
0.00565508
0.00560878
0.0055638
0.00552008
0.00547757
0.00543621
0.00539595
0.00535675
0.00531856
0.00528132
0.005245
0.00520954
0.0051749
0.00514104
0.00510792
0.00507549
0.0050437
0.00501252
0.00498191
0.00495183
0.00492223
0.00489307
0.00486432
0.00483592
0.00480785
0.00478006
0.0047525
0.00472513
0.00469791
0.00467078
0.00464371
0.00461663
0.00458948
0.00456222
0.00453477
0.00450706
0.00447904
0.00445062
0.00442172
0.00439225
0.00436214
0.00433128
0.00419554
0.00663069
0.00867579
0.0101807
0.0112943
0.0132589
0.0153088
0.0170152
0.0191504
0.0211412
0.0223322
0.0236014
0.02545
0.026005
0.0265288
0.0282784
0.0283997
0.0284975
0.0302504
0.0301174
0.0299734
0.0317927
0.0315037
0.0312036
0.0330947
0.0327109
0.0323061
0.034231
0.0337894
0.0333186
0.0352797
0.0348062
0.0342955
0.0362654
0.035775
0.0352402
0.0371762
0.0366835
0.0361412
0.037994
0.0375087
0.0369688
0.0386831
0.0382126
0.0376835
0.0392073
0.0387565
0.0382443
0.0395335
0.0391044
0.0386125
0.0396359
0.039228
0.0387573
0.0394816
0.0390923
0.0386423
0.0390356
0.0386614
0.0382303
0.0382655
0.037903
0.0374895
0.0371439
0.0367921
0.0363966
0.0356539
0.0353159
0.0349417
0.0337959
0.0334776
0.0331302
0.031586
0.0312944
0.0309796
0.0290485
0.0287896
0.0285123
0.0262088
0.025987
0.0257509
0.0230927
0.0229106
0.0227175
0.0197237
0.0195809
0.0194298
0.0161084
0.0160013
0.0158879
0.0122074
0.0121301
0.0120483
0.00793942
0.00788856
0.00783521
0.004304
0.004276
0.00424719
0.000793942
0.00162863
0.00230955
0.00294259
0.0035531
0.0041544
0.00475532
0.0053631
0.00598759
0.0066464
0.00737366
0.00812612
0.00888543
0.00965776
0.0104521
0.0112757
0.0121353
0.0130458
0.0141215
0.0154886
0.0170045
0.018684
0.0206347
0.0231967
0.0260098
0.00186379
0.00366369
0.00481372
0.00606007
0.00744616
0.00889443
0.0103576
0.0118019
0.0132082
0.0145684
0.0158829
0.0171651
0.0184586
0.0197798
0.02114
0.0225534
0.0240476
0.0256565
0.0275407
0.0298138
0.0321677
0.0344604
0.0366224
0.0383459
0.0403364
0.00251874
0.00518673
0.00683864
0.00855764
0.010322
0.0120264
0.0136335
0.0151463
0.0165856
0.0179749
0.019333
0.0206822
0.0220454
0.0234317
0.0248444
0.026287
0.0277714
0.0293545
0.0310252
0.0326845
0.0339903
0.0348829
0.0353389
0.03525
0.0346264
0.00312698
0.00659605
0.00875519
0.0107801
0.0126612
0.0143573
0.0158897
0.0173029
0.0186408
0.0199368
0.021207
0.0224705
0.0237371
0.0250077
0.0262763
0.0275337
0.0288007
0.0300732
0.0311851
0.0320078
0.0324189
0.032477
0.032215
0.0316417
0.0307407
0.0038164
0.00821067
0.0107821
0.0129529
0.0148106
0.0163937
0.0177842
0.0190511
0.0202458
0.0214017
0.0225288
0.0236409
0.0247414
0.0258246
0.026877
0.0278961
0.0288647
0.0296723
0.0302081
0.0304453
0.0304073
0.0301357
0.0296526
0.0289648
0.0280608
0.00480365
0.0101042
0.0129899
0.0152116
0.0169566
0.0183807
0.0195974
0.0206866
0.0217062
0.0226877
0.0236351
0.0245586
0.0254585
0.0263259
0.0271453
0.0278977
0.0285272
0.0289248
0.0290734
0.0290004
0.0287461
0.028336
0.0277844
0.0270947
0.0262568
0.0061808
0.0130567
0.0157141
0.0176918
0.0192091
0.0204077
0.0214004
0.0222848
0.0231013
0.0238815
0.0246241
0.0253376
0.0260203
0.0266606
0.0272437
0.0277304
0.0280389
0.0281362
0.0280444
0.0278032
0.0274405
0.026973
0.0264086
0.0257452
0.0249708
0.0101173
0.0165829
0.0189537
0.0204679
0.0215754
0.0224419
0.0231755
0.0238226
0.0244156
0.0249765
0.0254989
0.0259917
0.0264536
0.0268725
0.0272228
0.0274434
0.0274962
0.0273883
0.0271518
0.0268173
0.0264022
0.0259161
0.0253617
0.0247327
0.0240149
0.0162951
0.0203567
0.0221065
0.0230949
0.0237863
0.0243204
0.0247712
0.0251773
0.0255571
0.025893
0.0261995
0.0264826
0.0267382
0.026946
0.0270654
0.0270621
0.0269307
0.026688
0.0263654
0.0259801
0.0255427
0.0250578
0.0245235
0.0239307
0.0232628
0.0214276
0.0235023
0.0245263
0.0251161
0.0255111
0.0258009
0.0260326
0.0262305
0.0264013
0.0265439
0.026669
0.0267742
0.0268457
0.026859
0.0267891
0.0266244
0.0263711
0.0260503
0.0256817
0.0252751
0.0248357
0.0243643
0.0238559
0.023299
0.0226753
0.0247732
0.025699
0.0262284
0.0265397
0.0267228
0.0268295
0.0268925
0.0269294
0.0269385
0.0269312
0.026908
0.0268608
0.0267755
0.0266358
0.0264309
0.0261606
0.0258361
0.0254757
0.0250884
0.0246791
0.0242499
0.0237987
0.0233183
0.0227954
0.0222107
0.0269705
0.027307
0.0274956
0.027572
0.0275692
0.0275177
0.0274395
0.0273393
0.0272251
0.0270983
0.0269542
0.0267842
0.0265789
0.0263309
0.0260381
0.0257053
0.0253467
0.02497
0.0245799
0.0241784
0.0237652
0.0233365
0.0228834
0.0223917
0.0218409
0.0285556
0.0285582
0.0284938
0.0283704
0.028205
0.0280171
0.0278118
0.0275977
0.0273764
0.0271446
0.0268968
0.0266276
0.0263323
0.0260093
0.0256608
0.0252962
0.0249211
0.0245398
0.0241541
0.0237641
0.0233682
0.0229611
0.0225328
0.0220683
0.0215467
0.0298012
0.0295834
0.0293295
0.029048
0.028747
0.0284348
0.0281182
0.0277994
0.0274773
0.0271491
0.0268119
0.0264629
0.0260985
0.025723
0.0253402
0.0249547
0.0245703
0.0241881
0.0238079
0.023429
0.0230486
0.0226602
0.022253
0.0218112
0.021314
0.030872
0.0304947
0.0300953
0.029681
0.0292588
0.0288354
0.0284147
0.0279963
0.0275788
0.0271613
0.0267425
0.0263242
0.0259077
0.0254939
0.0250856
0.0246861
0.0242956
0.0239119
0.0235352
0.0231647
0.0227968
0.0224233
0.0220327
0.0216094
0.0211318
0.0318576
0.0313566
0.0308405
0.030315
0.0297889
0.0292657
0.0287464
0.028233
0.0277252
0.0272262
0.0267385
0.0262617
0.0257964
0.0253444
0.0249076
0.0244881
0.0240853
0.0236976
0.0233234
0.0229603
0.0226026
0.02224
0.021862
0.0214529
0.0209906
0.032794
0.0322072
0.0316025
0.0309888
0.0303723
0.0297572
0.0291452
0.0285456
0.0279603
0.0273906
0.0268383
0.0263047
0.0257912
0.0252994
0.0248308
0.0243863
0.0239642
0.0235627
0.02318
0.0228129
0.0224554
0.0220988
0.0217302
0.0213322
0.0208814
0.0337173
0.0330704
0.0323997
0.031711
0.0310166
0.0303248
0.02964
0.0289675
0.0283114
0.0276749
0.0270607
0.026471
0.0259079
0.0253733
0.0248685
0.0243926
0.0239436
0.0235201
0.0231203
0.0227406
0.0223751
0.0220146
0.0216457
0.0212499
0.0208033
0.0346285
0.0339395
0.0332206
0.0324807
0.0317297
0.0309766
0.0302286
0.0294922
0.0287728
0.0280747
0.0274018
0.0267574
0.0261442
0.0255645
0.0250189
0.0245056
0.024023
0.0235705
0.0231462
0.0227464
0.0223651
0.0219926
0.0216152
0.0212139
0.0207641
0.0355138
0.0348019
0.0340526
0.0332761
0.0324827
0.0316821
0.0308829
0.0300927
0.0293182
0.028565
0.027838
0.0271414
0.0264788
0.0258531
0.0252635
0.0247085
0.0241879
0.0237013
0.023247
0.0228212
0.0224177
0.0220265
0.0216336
0.0212195
0.0207591
0.0363376
0.0356176
0.0348532
0.0340548
0.0332333
0.0323988
0.0315608
0.0307279
0.0299078
0.0291071
0.0283318
0.0275873
0.0268784
0.026207
0.0255724
0.0249744
0.024414
0.0238908
0.0234031
0.0229474
0.022517
0.022102
0.0216879
0.0212548
0.0207771
0.0370587
0.0363425
0.0355757
0.0347688
0.0339325
0.0330773
0.032213
0.0313489
0.0304936
0.0296547
0.0288391
0.0280529
0.0273021
0.026588
0.0259105
0.0252715
0.0246721
0.0241123
0.0235905
0.0231029
0.0226431
0.0222007
0.021761
0.0213038
0.0208032
0.0376334
0.0369303
0.0361719
0.035368
0.0345292
0.0336656
0.0327876
0.0319046
0.0310257
0.0301594
0.0293133
0.0284938
0.0277067
0.0269554
0.0262411
0.0255659
0.0249313
0.0243374
0.0237829
0.0232639
0.0227738
0.0223022
0.0218341
0.021349
0.0208213
0.0380208
0.0373378
0.0365965
0.0358059
0.034976
0.0341165
0.0332376
0.0323486
0.0314588
0.0305767
0.0297101
0.0288662
0.0280511
0.0272708
0.026528
0.0258239
0.0251601
0.024537
0.0239533
0.0234052
0.022886
0.022385
0.021887
0.0213719
0.0208139
0.0381874
0.0375289
0.0368108
0.0360414
0.0352295
0.0343847
0.0335162
0.0326335
0.0317453
0.0308603
0.0299865
0.029131
0.0283005
0.0275008
0.026737
0.0260121
0.025327
0.0246814
0.024074
0.0235009
0.0229552
0.0224261
0.0218984
0.0213522
0.0207624
0.0380952
0.0374641
0.0367742
0.0360326
0.0352474
0.034427
0.0335802
0.0327156
0.0318418
0.0309672
0.0300997
0.0292465
0.0284144
0.0276092
0.0268361
0.0260991
0.0254009
0.024741
0.0241167
0.0235242
0.0229561
0.0224015
0.0218455
0.0212686
0.0206469
0.0377062
0.0371046
0.036447
0.0357395
0.0349889
0.0342027
0.0333885
0.0325544
0.0317082
0.0308579
0.0300109
0.0291745
0.0283552
0.0275589
0.0267906
0.0260542
0.0253523
0.024686
0.024053
0.0234476
0.0228623
0.022286
0.0217043
0.0210987
0.0204467
0.0369886
0.0364187
0.0357977
0.0351304
0.0344222
0.0336795
0.0329089
0.0321172
0.0313116
0.0304992
0.0296871
0.0288818
0.0280898
0.0273165
0.0265668
0.0258445
0.0251517
0.0244891
0.0238546
0.0232434
0.0226469
0.0220537
0.0214502
0.0208194
0.0201406
0.0359212
0.0353862
0.0348064
0.0341852
0.0335269
0.0328365
0.0321193
0.0313811
0.0306281
0.0298665
0.0291024
0.0283419
0.0275908
0.0268541
0.0261362
0.0254405
0.0247688
0.0241211
0.0234948
0.0228847
0.0222829
0.0216785
0.0210588
0.0204086
0.0197075
0.0344959
0.0340003
0.0334667
0.0328975
0.0322957
0.031665
0.0310097
0.0303344
0.0296442
0.0289441
0.0282395
0.0275357
0.0268374
0.0261492
0.0254748
0.0248171
0.0241772
0.0235544
0.0229455
0.0223448
0.0217443
0.0211355
0.0205073
0.0198429
0.0191151
0.0327196
0.0322684
0.0317858
0.0312734
0.0307333
0.0301681
0.029581
0.0289755
0.0283556
0.0277253
0.027089
0.0264509
0.0258149
0.0251849
0.0245636
0.0239533
0.0233541
0.0227646
0.0221807
0.021597
0.0210068
0.0204028
0.019768
0.0190857
0.0183352
0.0306097
0.0302073
0.0297797
0.0293277
0.0288527
0.0283565
0.0278414
0.0273099
0.0267649
0.0262096
0.0256471
0.0250808
0.0245137
0.0239485
0.0233873
0.0228311
0.0222793
0.0217295
0.0211776
0.0206195
0.020046
0.0194459
0.0188067
0.0181153
0.0173566
0.0281878
0.0278377
0.0274677
0.0270781
0.0266698
0.026244
0.0258022
0.0253461
0.0248779
0.0243995
0.0239134
0.0234218
0.0229267
0.0224298
0.0219325
0.0214345
0.0209344
0.0204299
0.0199165
0.019385
0.0188285
0.0182389
0.0176072
0.0169232
0.0161749
0.0254752
0.0251796
0.0248684
0.0245417
0.0242
0.023844
0.0234747
0.0230931
0.0227005
0.0222982
0.0218878
0.0214705
0.0210474
0.0206194
0.0201867
0.0197482
0.019303
0.0188449
0.0183683
0.0178673
0.017337
0.0167712
0.0161631
0.0155049
0.0147874
0.0224918
0.0222511
0.0219981
0.0217329
0.0214557
0.0211668
0.0208668
0.0205561
0.0202356
0.0199058
0.0195676
0.0192213
0.0188675
0.018506
0.0181362
0.0177569
0.0173639
0.0169517
0.0165169
0.0160559
0.0155644
0.0150378
0.0144707
0.0138573
0.0131911
0.0192526
0.0190642
0.0188662
0.0186586
0.0184413
0.0182144
0.0179781
0.0177325
0.0174778
0.0172142
0.016942
0.016661
0.0163711
0.0160718
0.015762
0.0154403
0.0151001
0.0147383
0.0143537
0.0139437
0.0135048
0.0130335
0.012526
0.0119783
0.0113862
0.0157544
0.0156126
0.0154634
0.0153067
0.0151422
0.0149696
0.014789
0.0146002
0.0144032
0.0141977
0.0139836
0.0137606
0.0135282
0.0132858
0.0130326
0.0127675
0.0124867
0.0121882
0.0118674
0.0115225
0.0111521
0.0107544
0.0103276
0.00986987
0.00937876
0.0119514
0.0118487
0.0117404
0.0116265
0.0115067
0.0113805
0.0112477
0.011108
0.0109613
0.0108073
0.0106457
0.0104761
0.0102981
0.0101112
0.009915
0.00970883
0.00949178
0.00926263
0.00901865
0.0087587
0.0084819
0.00818734
0.00787411
0.0075412
0.00718584
0.00777164
0.00770478
0.00763422
0.00756009
0.00748333
0.00740276
0.00731806
0.00722899
0.00713539
0.00703705
0.0069338
0.00682544
0.00671179
0.00659267
0.00646791
0.00633735
0.00620082
0.00605813
0.00590894
0.00575289
0.00558963
0.00541882
0.00524009
0.0050529
0.0048556
0.00421331
0.00417815
0.00414157
0.00410342
0.00406357
0.00402187
0.00397817
0.00393229
0.00388406
0.00383329
0.00377978
0.00372334
0.00366372
0.00360072
0.00353406
0.0034635
0.00338872
0.00330941
0.00322522
0.00313574
0.00304051
0.00293901
0.0028306
0.00271451
0.00258974
0.0128367
0.0356915
0.0312583
0.0246333
0.0206091
0.0181921
0.0160046
0.0134073
0.00995528
0.00633549
0.0130259
0.0367542
0.0317082
0.0247415
0.0207545
0.0184005
0.0162178
0.0135896
0.0100856
0.00637354
0.0132704
0.0376739
0.0320609
0.0248163
0.0209075
0.0186251
0.0164422
0.0137759
0.0102165
0.00640783
0.0135723
0.0386056
0.0323705
0.0248738
0.0210705
0.018862
0.0166735
0.0139643
0.0103479
0.00643817
0.013882
0.0394751
0.0326137
0.0249082
0.0212435
0.0191103
0.0169093
0.014152
0.0104767
0.00646378
0.0141923
0.0402921
0.0327876
0.024925
0.0214327
0.019373
0.0171509
0.0143393
0.0106028
0.00648402
0.0144868
0.041035
0.0328799
0.0249286
0.0216438
0.0196526
0.0173989
0.0145258
0.0107254
0.00649814
0.0147641
0.0416745
0.032875
0.024925
0.0218839
0.0199524
0.0176541
0.0147113
0.0108437
0.00650543
0.0150507
0.0421658
0.0327527
0.0249212
0.0221608
0.0202756
0.0179173
0.0148953
0.0109567
0.00650514
0.0152174
0.0425188
0.0324802
0.024928
0.0224838
0.020626
0.0181896
0.0150775
0.0110635
0.00649662
0.015254
0.0425913
0.0320276
0.0249653
0.0228651
0.0210077
0.0184718
0.0152569
0.0111629
0.00647934
0.0149149
0.0422678
0.0313848
0.0250665
0.0233172
0.0214235
0.0187634
0.0154325
0.0112533
0.00645302
0.0139324
0.0415401
0.0305371
0.025272
0.0238493
0.0218717
0.0190609
0.0156
0.0113306
0.00641784
0.0121972
0.0401295
0.0296672
0.0256868
0.0244606
0.0223481
0.0193567
0.0157473
0.0113849
0.00637142
0.00969223
0.0378915
0.0289136
0.0263411
0.0251477
0.0228292
0.019624
0.0158532
0.0114004
0.00630367
0.00722753
0.0349381
0.0283756
0.0271708
0.0258712
0.0232709
0.0198225
0.0158868
0.011363
0.00621074
0.00604344
0.0320767
0.0284323
0.0281717
0.0265677
0.0236048
0.0198943
0.0158081
0.0112549
0.00609109
0.00890045
0.0300321
0.0292876
0.0292784
0.0271179
0.0237282
0.0197587
0.0155696
0.0110603
0.00594446
0.0184374
0.0288924
0.0308799
0.0303153
0.0273227
0.0234554
0.0193102
0.0151403
0.0107772
0.00577344
0.0265371
0.03082
0.0330261
0.0306484
0.0267739
0.0226572
0.0186056
0.014617
0.010447
0.00558429
0.0319341
0.0354419
0.0337206
0.0296325
0.0254167
0.0214807
0.017751
0.0140397
0.0100742
0.00538465
0.0393104
0.0356726
0.0312924
0.0272514
0.0236216
0.0202282
0.0169023
0.0134765
0.00970033
0.00519436
0.0331619
0.0308101
0.0278791
0.0248957
0.0220048
0.0191158
0.0161298
0.0129534
0.00934141
0.00501537
0.0293786
0.0275524
0.025416
0.0231288
0.0207313
0.0181918
0.0154626
0.012492
0.0090164
0.00485288
0.0268818
0.0254294
0.0237323
0.0218315
0.019742
0.0174441
0.0149065
0.0120987
0.00873785
0.00471157
0.0252207
0.0239758
0.0225243
0.0208615
0.0189753
0.0168464
0.0144538
0.011771
0.00850692
0.00459192
0.0240395
0.0229322
0.0216352
0.0201244
0.0183772
0.0163722
0.0140931
0.0115015
0.00831844
0.00449282
0.0231633
0.0221517
0.0209598
0.0195554
0.0179096
0.0159991
0.0138125
0.0112786
0.00816432
0.0044125
0.0224754
0.0215374
0.0204247
0.0191011
0.0175344
0.0157004
0.0135847
0.0110966
0.00804471
0.00434679
0.0219406
0.0210607
0.0200095
0.0187487
0.0172444
0.0154732
0.0134026
0.0109542
0.00796126
0.00429583
0.0215203
0.020688
0.0196864
0.0184759
0.017022
0.0153005
0.0132572
0.0108452
0.00790725
0.00425681
0.021188
0.0203954
0.0194345
0.0182651
0.0168534
0.0151631
0.0131438
0.0107693
0.00787674
0.00422716
0.0209254
0.0201658
0.0192385
0.0181031
0.0167247
0.0150523
0.0130569
0.0107196
0.00786397
0.00420459
0.0207188
0.0199863
0.0190865
0.0179796
0.0166197
0.0149646
0.0129959
0.01069
0.00786416
0.00418714
0.0205575
0.0198467
0.0189692
0.0178813
0.0165348
0.0148987
0.012955
0.0106747
0.00787326
0.00417313
0.0204323
0.0197384
0.0188764
0.0177994
0.0164678
0.0148517
0.012928
0.0106682
0.00788784
0.0041611
0.0203347
0.0196516
0.0187994
0.0177348
0.0164184
0.014818
0.0129091
0.010666
0.00790496
0.00414981
0.0202621
0.0195863
0.0187426
0.0176878
0.0163816
0.0147911
0.0128926
0.0106639
0.00792192
0.00413815
0.0202214
0.0195462
0.0187046
0.017653
0.0163507
0.0147649
0.012873
0.0106575
0.0079362
0.00412509
0.0202072
0.019525
0.0186781
0.0176227
0.0163183
0.0147324
0.0128446
0.0106428
0.00794528
0.00410971
0.0202088
0.0195122
0.0186531
0.0175877
0.0162759
0.0146864
0.0128013
0.0106152
0.00794666
0.00409112
0.0202125
0.0194954
0.0186182
0.0175377
0.0162144
0.0146187
0.0127364
0.01057
0.00793779
0.00406849
0.0202032
0.0194608
0.0185611
0.0174615
0.0161237
0.0145204
0.0126429
0.0105024
0.00791608
0.00404103
0.020165
0.0193939
0.0184684
0.0173469
0.0159924
0.0143818
0.0125131
0.0104073
0.00787891
0.00400798
0.0200808
0.019279
0.0183257
0.0171802
0.015808
0.0141921
0.012339
0.0102793
0.00782362
0.00396859
0.0199322
0.0190991
0.0181167
0.0169456
0.0155561
0.0139398
0.0121127
0.0101134
0.00774752
0.0039221
0.0196999
0.0188357
0.0178227
0.0166245
0.0152209
0.0136136
0.0118265
0.00990456
0.0076478
0.00386765
0.0193638
0.0184678
0.0174199
0.0161947
0.0147868
0.0132038
0.0114746
0.00964808
0.0075214
0.00380423
0.0188986
0.017963
0.016882
0.0156418
0.0142433
0.0127045
0.0110526
0.00933914
0.00736459
0.00373048
0.0182714
0.0173051
0.016207
0.0149703
0.0136
0.0121155
0.0105567
0.00897167
0.00717225
0.0036444
0.0174689
0.0164898
0.0153943
0.01418
0.012855
0.0114415
0.00998315
0.00853614
0.00693708
0.00354303
0.0164863
0.015515
0.0144421
0.0132689
0.0120065
0.0106795
0.00933495
0.00803667
0.00665177
0.003422
0.0153214
0.0143785
0.0133481
0.0122351
0.0110532
0.00982852
0.00861148
0.00747513
0.00629848
0.00327445
0.0139722
0.0130788
0.0121123
0.0110799
0.00999694
0.00888998
0.00781371
0.00684726
0.00588033
0.00309982
0.0124373
0.0116178
0.0107385
0.00980898
0.00884338
0.00786909
0.00694561
0.00615181
0.00538505
0.00287994
0.0107196
0.0100011
0.00923641
0.00843297
0.0076038
0.0067768
0.00601513
0.0053864
0.00479121
0.0025931
0.00882965
0.00824275
0.00762149
0.00696889
0.00629341
0.00562891
0.00503141
0.00454145
0.00405461
0.00223345
0.00678871
0.00636542
0.00591521
0.00543412
0.00492855
0.00443404
0.00398988
0.00359363
0.00315255
0.00175505
0.0046367
0.00439957
0.0041319
0.00382633
0.00349301
0.00315832
0.00281985
0.00245652
0.00200387
0.000859348
0.00244835
0.00229359
0.00212037
0.00192332
0.00169266
0.00141575
0.00108798
0.000684451
0.000426696
0.000386284
)
;

boundaryField
{
    inlet
    {
        type            fixedValue;
        value           uniform 2.7935;
    }
    outlet
    {
        type            zeroGradient;
    }
    walls
    {
        type            kqRWallFunction;
        value           nonuniform List<scalar> 
446
(
1.67867
0.950846
0.610541
0.428283
0.320028
0.25041
0.20279
0.168597
0.143078
0.123426
0.107901
0.0953732
0.0850821
0.0765002
0.069251
0.0630588
0.057718
0.053072
0.0489994
0.0454058
0.0422937
0.0395064
0.0369967
0.034726
0.0326625
0.030779
0.0290525
0.0274133
0.0259029
0.024506
0.0232091
0.0220002
0.0208686
0.0198052
0.0188013
0.0178494
0.0169426
0.0160747
0.01524
0.0144334
0.0136502
0.0128863
0.0121378
0.0114014
0.0106738
0.00995219
0.00923366
0.00851527
0.00779372
0.007065
0.00632371
0.00556181
0.0047628
0.00389305
0.00296815
0.00197246
0.00108261
0.000845531
0.000846633
0.000950965
0.000950965
0.00167012
0.00252682
0.00375835
0.0050887
0.00625872
0.00714749
0.00791758
0.00858366
0.00914454
0.00960245
0.0100044
0.0103599
0.0106619
0.0109116
0.0111124
0.0112672
0.011379
0.0114508
0.0114861
0.0114882
0.0114606
0.0114069
0.0113304
0.0112343
0.0111218
0.0109956
0.0108584
0.0107124
0.0105598
0.0104025
0.0102419
0.0100795
0.00991636
0.00975351
0.00961125
0.00947079
0.0093322
0.00917434
0.0090193
0.00886751
0.0087193
0.00857508
0.0084349
0.00829874
0.00816659
0.00803843
0.00791422
0.00779391
0.00767744
0.00756472
0.00745566
0.00735018
0.00724819
0.00714972
0.00705485
0.00696337
0.00687512
0.00678995
0.00670771
0.00662828
0.00655151
0.0064773
0.00640554
0.00633613
0.00626897
0.00620396
0.00614102
0.00608007
0.00602103
0.00596381
0.00590836
0.00585459
0.00580244
0.00575185
0.00570274
0.00565508
0.00560878
0.0055638
0.00552008
0.00547757
0.00543621
0.00539595
0.00535675
0.00531856
0.00528132
0.005245
0.00520954
0.0051749
0.00514104
0.00510792
0.00507549
0.0050437
0.00501252
0.00498191
0.00495183
0.00492223
0.00489307
0.00486432
0.00483592
0.00480785
0.00478006
0.0047525
0.00472513
0.00469791
0.00467078
0.00464371
0.00461663
0.00458948
0.00456222
0.00453477
0.00450706
0.00447904
0.00445062
0.00442172
0.00439225
0.00436214
0.00433128
0.004304
0.004276
0.00424719
0.00421331
0.00417815
0.00414157
0.00410342
0.00406357
0.00402187
0.00397817
0.00393229
0.00388406
0.00383329
0.00377978
0.00372334
0.00366372
0.00360072
0.00353406
0.0034635
0.00338872
0.00330941
0.00322522
0.00313574
0.00304051
0.00293901
0.0028306
0.00271451
0.00258974
0.00244835
0.00229359
0.00212037
0.00192332
0.00169266
0.00141575
0.00108798
0.000684451
0.000426696
0.000386284
0.0044125
0.00434679
0.00429583
0.00425681
0.00422716
0.00420459
0.00418714
0.00417313
0.0041611
0.00414981
0.00413815
0.00412509
0.00410971
0.00409112
0.00406849
0.00404103
0.00400798
0.00396859
0.0039221
0.00386765
0.00380423
0.00373048
0.0036444
0.00354303
0.003422
0.00327445
0.00309982
0.00287994
0.0025931
0.00223345
0.00175505
0.000859348
0.000386284
0.00538465
0.00519436
0.00501537
0.00485288
0.00471157
0.00459192
0.00449282
0.00633549
0.00637354
0.00640783
0.00643817
0.00646378
0.00648402
0.00649814
0.00650543
0.00650514
0.00649662
0.00647934
0.00645302
0.00641784
0.00637142
0.00630367
0.00621074
0.00609109
0.00594446
0.00577344
0.00558429
0.0128367
0.0130259
0.0132704
0.0135723
0.013882
0.0141923
0.0144868
0.0147641
0.0150507
0.0152174
0.015254
0.0149149
0.0139324
0.0121972
0.00969223
0.00722753
0.00604344
0.00890045
0.0184374
0.0265371
0.000793942
0.00162863
0.00230955
0.00294259
0.0035531
0.0041544
0.00475532
0.0053631
0.00598759
0.0066464
0.00737366
0.00812612
0.00888543
0.00965776
0.0104521
0.0112757
0.0121353
0.0130458
0.0141215
0.0154886
0.0170045
0.018684
0.0206347
0.0231967
0.0260098
0.000110456
0.000261725
0.000394948
0.000506397
0.000605432
0.000693912
0.000775096
0.000850565
0.000921362
0.000988194
0.00105158
0.00111192
0.00116956
0.00122481
0.00127795
0.00132926
0.00137898
0.00142737
0.00147467
0.0015211
0.0015669
0.0016123
0.00165751
0.00170277
0.00174832
0.00179441
0.00184131
0.00188933
0.0019388
0.00199011
0.00204374
0.00210024
0.0021603
0.00222481
0.00229285
0.00236362
0.00243718
0.00251376
0.00259404
0.00267784
0.00276501
0.0028562
0.00295175
0.00305194
0.00315707
0.00326743
0.00338334
0.00350506
0.00363283
0.0037668
0.00390703
0.00405335
0.00420528
0.00436178
0.00452101
0.0046798
0.00483294
0.00497195
0.0050841
0.00515722
0.00519677
0.00520731
0.00519295
0.00513797
0.00501467
0.00483623
0.00459325
0.00430065
0.00397769
0.00363492
0.00328326
0.00292602
0.00260633
0.00231251
0.00203286
0.00176022
0.00148793
0.00120469
0.000895167
0.00051425
0.00897789
0.00330266
0.00325048
0.00327053
0.00323767
0.00310606
0.00282135
0.0025568
0.00231823
0.00210007
0.00189755
0.00171505
0.00155146
0.00140437
0.00127002
0.00114908
0.00104287
0.000945789
0.000854059
0.000764788
0.000675288
0.000582589
0.000480772
0.000361943
0.000206354
1.67867
0.950846
0.610541
0.428283
0.320029
0.250411
0.202791
0.168599
0.14308
0.123429
0.107905
0.0953782
0.0850888
0.0765094
0.0692635
0.0630758
0.0577411
0.053103
0.0490411
0.0454599
)
;
    }
    baffle
    {
        type            kqRWallFunction;
        value           nonuniform List<scalar> 
34
(
0.000206354
0.000382453
0.00044064
0.000444894
0.000419476
0.000381153
0.000343589
0.0004176
0.00101515
0.00204384
0.000110456
0.000431826
0.000659433
0.000863791
0.00106511
0.00132033
0.00166583
0.00051425
0.000844296
0.000895588
0.000822193
0.000701955
0.000602581
0.000556054
0.00419554
0.00663069
0.00867579
0.000793942
0.00186379
0.00251874
0.00312698
0.0038164
0.00480365
0.0061808
)
;
    }
    front
    {
        type            empty;
    }
    back
    {
        type            empty;
    }
}


// ************************************************************************* //
