/*--------------------------------*- C++ -*----------------------------------*\
| =========                 |                                                 |
| \\      /  F ield         | OpenFOAM: The Open Source CFD Toolbox           |
|  \\    /   O peration     | Version:  v2012                                 |
|   \\  /    A nd           | Website:  www.openfoam.com                      |
|    \\/     M anipulation  |                                                 |
\*---------------------------------------------------------------------------*/
FoamFile
{
    version     2.0;
    format      ascii;
    class       volScalarField;
    location    "597";
    object      nut;
}
// * * * * * * * * * * * * * * * * * * * * * * * * * * * * * * * * * * * * * //

dimensions      [0 2 -1 0 0 0 0];


internalField   nonuniform List<scalar> 
6598
(
0.00290956
0.0102463
0.0122448
0.0125812
0.012524
0.012524
0.0125812
0.0122448
0.0102463
0.00290956
0.00218978
0.00841765
0.0112413
0.0120165
0.0121149
0.0121149
0.0120165
0.0112413
0.00841765
0.00218978
0.0017547
0.00724951
0.010331
0.0114357
0.0117034
0.0117034
0.0114357
0.010331
0.00724951
0.0017547
0.00146964
0.00642691
0.00954607
0.0108676
0.0112792
0.0112792
0.0108677
0.00954608
0.00642692
0.00146964
0.00127039
0.0058095
0.00887661
0.0103285
0.010848
0.010848
0.0103285
0.00887663
0.00580952
0.0012704
0.00112375
0.00532426
0.00830332
0.00982487
0.0104188
0.0104188
0.0098249
0.00830335
0.00532429
0.00112375
0.00101127
0.00492937
0.00780752
0.00935816
0.00999932
0.00999933
0.0093582
0.00780757
0.00492942
0.00101127
0.000922083
0.00459918
0.00737383
0.00892698
0.00959505
0.00959507
0.00892704
0.00737391
0.00459925
0.000922087
0.000849436
0.00431711
0.00699022
0.00852884
0.00920925
0.00920928
0.00852893
0.00699034
0.00431722
0.000849442
0.000788948
0.004072
0.00664748
0.00816091
0.00884354
0.00884359
0.00816104
0.00664766
0.00407217
0.000788957
0.000737663
0.00385604
0.00633857
0.00782038
0.0084984
0.00849848
0.00782058
0.00633885
0.0038563
0.000737676
0.000693518
0.00366363
0.00605806
0.00750463
0.00817356
0.00817368
0.00750493
0.00605847
0.00366401
0.000693536
0.000655034
0.00349059
0.00580171
0.00721127
0.00786829
0.00786847
0.00721172
0.00580232
0.00349115
0.00065506
0.00062112
0.00333376
0.00556616
0.00693817
0.00758158
0.00758185
0.00693882
0.00556707
0.00333459
0.000621158
0.000590959
0.00319068
0.00534873
0.00668339
0.0073123
0.00731269
0.00668438
0.00535007
0.0031919
0.000591012
0.00056392
0.00305941
0.00514717
0.00644524
0.00705928
0.00705983
0.00644673
0.00514915
0.00306118
0.000563996
0.000539511
0.00293834
0.00495966
0.00622218
0.00682133
0.00682211
0.00622434
0.0049626
0.0029409
0.000539619
0.000517341
0.00282615
0.00478459
0.00601281
0.00659734
0.00659844
0.00601591
0.00478894
0.00282976
0.000517492
0.000497095
0.00272174
0.00462064
0.00581592
0.00638624
0.0063878
0.00582031
0.00462685
0.0027269
0.000497307
0.00047852
0.00262422
0.00446672
0.00563053
0.00618725
0.00618946
0.00563679
0.00447556
0.00263024
0.000478805
0.00046183
0.00253474
0.00432473
0.00545902
0.006003
0.00600618
0.00546839
0.00434079
0.00256746
0.000527457
0.000446353
0.00245034
0.00419054
0.00529684
0.0058289
0.00583351
0.00531112
0.00421889
0.00251831
0.00059284
0.000431942
0.00237027
0.00406293
0.00514257
0.00566348
0.00567008
0.00516384
0.00410857
0.00248493
0.000674796
0.000418477
0.00229402
0.00394121
0.00499545
0.00550602
0.00551515
0.00502555
0.00400702
0.00247944
0.00077888
0.000405853
0.00222113
0.00382471
0.0048548
0.00535579
0.00536768
0.00489411
0.00391818
0.00250023
0.000911436
0.000393978
0.00215118
0.00371285
0.00471995
0.00521214
0.0052273
0.0047685
0.00384534
0.002536
0.001073
0.000382769
0.00208372
0.00360495
0.00459015
0.00507439
0.00509381
0.00465327
0.00378216
0.00257627
0.00126025
0.000371813
0.00201655
0.00349769
0.00446161
0.00493876
0.00496394
0.00454563
0.00372723
0.00262035
0.00147324
0.000361425
0.0019513
0.0033935
0.00433716
0.00480826
0.00484078
0.00444749
0.00368181
0.0026698
0.00169592
0.000351545
0.00188775
0.00329215
0.00421668
0.00468294
0.00472442
0.00435833
0.00364543
0.00272617
0.00191004
0.000342116
0.00182561
0.00319314
0.00409966
0.00456235
0.00461442
0.00427737
0.00361759
0.00278941
0.00211261
0.000333087
0.0017645
0.00309599
0.00398556
0.00444601
0.00451031
0.00420394
0.00359772
0.00285777
0.00230107
0.000324408
0.00170409
0.00300016
0.00387384
0.00433341
0.00441155
0.00413734
0.00358496
0.00292842
0.00247348
0.000316034
0.00164405
0.00290513
0.0037639
0.00422396
0.00431755
0.00407684
0.00357821
0.00299962
0.00262878
0.00030792
0.00158405
0.00281032
0.00365512
0.00411706
0.00422767
0.00402164
0.00357638
0.00306956
0.00276661
0.000300024
0.0015238
0.00271517
0.00354682
0.00401199
0.00414116
0.00397085
0.00357823
0.0031366
0.00288714
0.000292304
0.00146303
0.0026191
0.00343828
0.003908
0.00405719
0.00392346
0.00358248
0.00319942
0.00299102
0.000284719
0.00140153
0.00252158
0.00332875
0.00380424
0.00397482
0.00387838
0.00358779
0.00325705
0.00307934
0.000277228
0.00133915
0.0024221
0.00321748
0.00369979
0.00389301
0.00383439
0.00359285
0.0033089
0.00315359
0.000269792
0.00127585
0.00232023
0.00310369
0.00359365
0.00381059
0.00379017
0.00359637
0.00335471
0.00321563
0.00026237
0.00121161
0.00221563
0.0029866
0.00348476
0.00372625
0.00374427
0.00359706
0.00339444
0.00326762
0.000254923
0.00114652
0.00210807
0.00286547
0.00337193
0.00363854
0.00369511
0.00359358
0.00342808
0.00331178
0.000247409
0.00108076
0.0019974
0.00273959
0.00325392
0.0035458
0.00364089
0.0035844
0.00345545
0.00335018
0.000239786
0.00101457
0.00188365
0.00260828
0.00312937
0.00344619
0.0035795
0.00356767
0.00347584
0.00338421
0.000232009
0.000948201
0.00176691
0.00247093
0.00299686
0.00333758
0.00350848
0.00354103
0.00348774
0.00341412
0.000224029
0.000881927
0.0016474
0.00232704
0.00285487
0.00321762
0.0034249
0.00350141
0.00348852
0.00343842
0.00021579
0.000815988
0.0015254
0.00217617
0.00270191
0.00308373
0.00332539
0.00344501
0.00347423
0.00345356
0.000207226
0.000750581
0.00140123
0.00201804
0.00253655
0.00293323
0.00320617
0.00336726
0.00343963
0.00345377
0.000198252
0.000685848
0.00127526
0.00185258
0.00235763
0.00276357
0.00306337
0.00326307
0.00337844
0.00343139
0.000188756
0.000621874
0.00114792
0.00168005
0.00216446
0.00257269
0.00289344
0.00312739
0.00328387
0.0033776
0.000178579
0.000558678
0.00101978
0.00150123
0.0019573
0.0023597
0.0026939
0.00295598
0.00314965
0.00328351
0.000167476
0.00049621
0.000891877
0.00131797
0.00173806
0.00212574
0.00246454
0.00274675
0.00297133
0.00314175
0.00014689
0.000434639
0.000765921
0.00113389
0.00151144
0.00187544
0.0022089
0.00250139
0.0027481
0.00294779
9.69209e-05
0.000380449
0.000648216
0.000956172
0.00128595
0.00161793
0.00193557
0.00222675
0.00248294
0.00269964
0.000109322
0.000336051
0.000553329
0.000801011
0.00107765
0.00136886
0.00165912
0.00193409
0.00218491
0.00240672
9.97353e-05
0.000309988
0.000491956
0.000687526
0.000909823
0.00115191
0.00140021
0.00164435
0.00187609
0.00208936
7.38892e-05
0.000304053
0.000459076
0.000621578
0.000797966
0.000987747
0.00118747
0.00139058
0.00159012
0.00177983
6.52994e-05
0.00028746
0.000450864
0.000590212
0.000705532
0.000819763
0.000945251
0.00108052
0.0012198
0.00135681
6.53419e-05
0.000213832
0.000425414
0.000548875
0.000664081
0.000691361
0.000741505
0.000821992
0.000922143
0.00102482
6.92511e-05
0.000115413
0.00014196
0.000173132
0.000201457
0.00022342
0.000238757
0.00025129
0.000261647
0.00027006
0.000130866
0.00015671
0.000155467
0.000155946
0.000155161
0.000151974
0.000144842
0.000137884
0.000131294
0.000124963
0.000118785
0.000112928
0.000107408
0.000102189
9.71786e-05
9.24359e-05
8.80601e-05
8.38614e-05
7.96909e-05
7.54112e-05
7.08614e-05
6.58182e-05
4.56401e-05
4.75292e-05
3.43882e-05
0.000232804
0.000461481
0.00066323
0.000750721
0.000779445
0.000777757
0.000699052
0.000636874
0.00062625
0.000620269
0.00057859
0.000540577
0.000505677
0.000473614
0.000443152
0.000406548
0.000361352
0.000312711
0.000264675
0.000219967
0.000180653
0.000148065
0.000123618
9.45169e-05
4.17212e-05
0.000377672
0.000605681
0.000805241
0.000946066
0.000994896
0.00096914
0.000786008
0.00066708
0.000618247
0.000618641
0.000657778
0.000704899
0.000671956
0.000643158
0.000616102
0.000584147
0.000538431
0.000480407
0.000413458
0.000342842
0.000274954
0.000215845
0.000169672
0.000133399
3.54941e-05
0.000628228
0.000636033
0.000864548
0.00099041
0.00103267
0.00101522
0.000908244
0.000757695
0.0006594
0.000626962
0.000647153
0.000672081
0.000647071
0.00063352
0.00062564
0.000614881
0.000589611
0.000546749
0.000486532
0.000413153
0.000334611
0.000260589
0.000199153
0.000148096
4.49983e-05
0.000961128
0.000836966
0.00100949
0.00105218
0.00104953
0.00100535
0.000939754
0.000867551
0.000758615
0.000677456
0.000632939
0.000579755
0.00055311
0.000551071
0.000563366
0.000575824
0.000573585
0.000549451
0.000502626
0.000436632
0.000359242
0.000281305
0.000212903
0.00015231
4.3694e-05
0.00122106
0.00115716
0.00122851
0.00118221
0.00111683
0.00102672
0.000930775
0.000840717
0.000751848
0.000661263
0.000573657
0.000504118
0.00046696
0.000465351
0.000489806
0.000518797
0.000531752
0.000519527
0.000483247
0.000426306
0.000355594
0.000281239
0.000213094
0.000148786
4.16502e-05
0.0014339
0.00154554
0.00147026
0.0013507
0.0012267
0.00109038
0.000965218
0.000856693
0.000752356
0.000645898
0.000545408
0.000465264
0.000418002
0.000405994
0.000422156
0.000449183
0.00046655
0.000460818
0.000433212
0.00038694
0.000327964
0.000264359
0.000203008
0.000139848
3.95446e-05
0.00164501
0.0017901
0.00171495
0.00154575
0.00136574
0.00118429
0.00102903
0.000903222
0.000783326
0.000660891
0.000546742
0.000455898
0.000396281
0.000367591
0.000365168
0.000377301
0.000387699
0.00038318
0.000362896
0.000328617
0.000284718
0.000236919
0.000189625
0.000123658
4.40451e-05
0.00185007
0.0020146
0.00195647
0.00176182
0.00153094
0.00130571
0.00111977
0.000977937
0.000844192
0.000705386
0.000575999
0.000473062
0.000400247
0.000353086
0.000327375
0.00031753
0.000314833
0.000309102
0.000295028
0.000272753
0.000244932
0.00021497
0.000167579
0.000135889
0.000140846
0.00204737
0.0022236
0.00218874
0.00198826
0.00170881
0.00144305
0.00123255
0.00107762
0.000935665
0.000782831
0.000637216
0.000520823
0.000436611
0.000376723
0.000334435
0.000305909
0.000289073
0.000281353
0.000273116
0.000263585
0.000254494
0.000248463
0.000248141
0.000238174
0.000198786
0.00223533
0.00241684
0.00240172
0.00219584
0.00188841
0.00159062
0.00136029
0.0012008
0.00105957
0.000899797
0.000739602
0.000607806
0.00051192
0.000444844
0.000398345
0.000366788
0.000347324
0.000338864
0.000335078
0.000334365
0.000336813
0.000342647
0.000345631
0.000361728
0.000393958
0.00241155
0.00259328
0.00259397
0.00239032
0.00206923
0.00174513
0.00149954
0.00134292
0.00121447
0.00106059
0.000893753
0.000747127
0.000635208
0.000555633
0.000501809
0.000467232
0.000447121
0.000438014
0.000434435
0.000435662
0.000441943
0.000454664
0.000477415
0.000518152
0.000586238
0.00257423
0.0027516
0.00276505
0.00257325
0.00225058
0.00190375
0.00164542
0.0014964
0.00139298
0.00123475
0.00110407
0.000953792
0.000829621
0.000734409
0.000666535
0.000622088
0.000597221
0.000584077
0.000581496
0.000588365
0.000605692
0.000636137
0.00068549
0.000762506
0.000878403
0.00272126
0.00289112
0.00291521
0.00274091
0.00241869
0.00206456
0.00179454
0.00165295
0.00158259
0.00132905
0.00119949
0.00115908
0.00110449
0.00100605
0.000930242
0.000876051
0.000842687
0.000822512
0.000818254
0.000830586
0.000861679
0.000913259
0.000989207
0.00107642
0.00114328
0.00285111
0.00301187
0.00304608
0.00289348
0.00258145
0.00223124
0.00194696
0.00180617
0.00176879
0.00158337
0.00135214
0.00127163
0.00125398
0.00125839
0.00126716
0.00122074
0.00117814
0.00115388
0.00114976
0.00116689
0.00116768
0.00117091
0.00120897
0.00129366
0.00143138
0.00296304
0.00311379
0.00315781
0.00303035
0.00274026
0.00239573
0.00210777
0.00195402
0.0019369
0.00196478
0.00168907
0.00154431
0.00149092
0.00146695
0.00145319
0.00143796
0.00141814
0.00139566
0.00137617
0.00136948
0.00138844
0.00143454
0.00150979
0.00162358
0.00177171
0.00305702
0.00319696
0.0032502
0.00315029
0.00289576
0.00256126
0.00226941
0.00210207
0.0020807
0.00214634
0.00221225
0.00203525
0.0019367
0.0018845
0.001843
0.00180945
0.0017833
0.00176505
0.00175648
0.00176305
0.0017907
0.00184306
0.00192288
0.00202958
0.00215654
0.00313369
0.00326179
0.0033233
0.00325249
0.00304052
0.0027305
0.00243495
0.00224753
0.00220679
0.00228019
0.00238992
0.00248067
0.00253205
0.00251577
0.00245868
0.00241446
0.00238096
0.00235647
0.00234238
0.00233944
0.00234921
0.00237661
0.00242487
0.00249571
0.00258771
0.00319437
0.00330912
0.00337742
0.0033353
0.00316803
0.00290173
0.00260878
0.0023995
0.00232365
0.00237493
0.0024957
0.0026233
0.00273148
0.00280949
0.00286088
0.00289836
0.00293357
0.00297433
0.00302541
0.00300725
0.00297857
0.00296239
0.00296557
0.00299328
0.00304704
0.00324105
0.00334039
0.00341271
0.00339686
0.00327417
0.00305855
0.00279747
0.00256909
0.00245334
0.00246273
0.00256442
0.00270354
0.00283934
0.00295948
0.00306181
0.00314754
0.00322368
0.0032973
0.00337298
0.00345411
0.00354156
0.0035076
0.00347181
0.00346436
0.00348844
0.00327641
0.00335784
0.00343018
0.00343659
0.00335538
0.00319204
0.00297686
0.0027621
0.0026109
0.00256958
0.00262904
0.00275035
0.00289215
0.00302948
0.00315452
0.00326814
0.00337283
0.00347119
0.00356507
0.00365653
0.00374683
0.00383646
0.00386952
0.00384422
0.00384445
0.00330368
0.00336478
0.00343212
0.0034551
0.00340972
0.00329592
0.00313156
0.00295084
0.00279808
0.00271346
0.00271972
0.00280066
0.0029231
0.00305982
0.00319369
0.00331849
0.00343393
0.00354166
0.00364327
0.00373963
0.00383126
0.00391842
0.00400114
0.00406785
0.00406716
0.00332648
0.0033655
0.00342244
0.00345472
0.00343789
0.00336692
0.00325184
0.00311386
0.00298267
0.00288858
0.00285423
0.00288509
0.0029691
0.00308657
0.0032143
0.00334113
0.00346258
0.00357719
0.00368462
0.00378476
0.0038776
0.00396318
0.00404172
0.00411361
0.00414709
0.0033482
0.00336499
0.00340663
0.00344014
0.00344272
0.00340584
0.00333349
0.00323891
0.00314056
0.00305929
0.00301363
0.00301395
0.00306019
0.00314323
0.00324897
0.00336496
0.0034828
0.00359752
0.00370625
0.00380726
0.00389992
0.00398412
0.00405058
0.0040753
0.0040999
0.00337129
0.00336812
0.00339133
0.0034184
0.00343032
0.00341718
0.0033785
0.00332131
0.00325742
0.00320043
0.00316309
0.00315529
0.00318121
0.00323855
0.00331998
0.00341661
0.00352037
0.00362487
0.00372604
0.00375401
0.00375746
0.00377885
0.0038125
0.0038495
0.00388582
0.0033963
0.00337843
0.00338306
0.00339799
0.00340971
0.00340911
0.00339325
0.00336479
0.00333027
0.0032983
0.00327777
0.0032761
0.00329778
0.00334329
0.00340866
0.0034875
0.00357329
0.00352941
0.00348367
0.00346608
0.00347068
0.00349044
0.00352008
0.00355571
0.00359392
0.00342101
0.00339657
0.00338635
0.00338703
0.0033914
0.00339299
0.00338844
0.00337789
0.00336442
0.00335309
0.00334945
0.00335853
0.00338375
0.00342588
0.00348238
0.00349826
0.0033916
0.00330714
0.0032549
0.00322982
0.0032238
0.00323217
0.00325193
0.00328005
0.00331371
0.00343996
0.00341909
0.00340158
0.00339053
0.00338461
0.00338099
0.00337756
0.0033739
0.00337139
0.00337259
0.00338069
0.00339878
0.00342906
0.00347182
0.00352442
0.00337697
0.00324648
0.00315392
0.00309071
0.00305179
0.00303288
0.00302988
0.0030392
0.00305805
0.00308413
0.00344455
0.00343793
0.00342335
0.00340759
0.00339357
0.0033821
0.0033735
0.00336816
0.003367
0.00337146
0.00338332
0.00340431
0.00343569
0.00347741
0.00352714
0.00334991
0.00318952
0.00307627
0.00299483
0.00293844
0.00290342
0.00288608
0.00288283
0.00289061
0.00290711
0.00342386
0.00344101
0.00344021
0.00342942
0.00341396
0.00339777
0.00338331
0.00337233
0.00336632
0.00336666
0.00337463
0.00339133
0.00341748
0.00345302
0.00349657
0.00347721
0.00326898
0.00311218
0.0030008
0.00292186
0.00286574
0.0028284
0.00280694
0.00279833
0.00280029
0.00336615
0.00341379
0.00343562
0.00343949
0.00343213
0.00341867
0.00340302
0.00338818
0.00337652
0.0033699
0.0033698
0.0033773
0.00339307
0.00341725
0.00344932
0.00348769
0.00352957
0.00333243
0.0031676
0.00304788
0.00296055
0.00289703
0.00285225
0.00282228
0.00280457
0.00326037
0.00334051
0.00339043
0.00341718
0.00342701
0.00342524
0.00341631
0.0034039
0.00339101
0.00338005
0.0033729
0.00337098
0.00337523
0.00338613
0.00340371
0.00342755
0.00345664
0.00348915
0.00352347
0.00337921
0.00324213
0.00313899
0.00306234
0.00300544
0.00296449
0.00309644
0.00320779
0.00328779
0.00334185
0.00337518
0.00339259
0.00339834
0.00339617
0.00338929
0.00338037
0.00337162
0.00336476
0.00336109
0.00336147
0.00336641
0.00337607
0.00339033
0.0034087
0.00343049
0.00345451
0.00347996
0.00350613
0.00346642
0.00337369
0.00330197
0.00287111
0.00300878
0.00311655
0.00319809
0.00325728
0.00329795
0.00332378
0.00333813
0.00334403
0.00334413
0.00334071
0.00333564
0.00333044
0.00332629
0.00332404
0.00332425
0.00332725
0.00333318
0.00334195
0.00335332
0.00336698
0.00338252
0.00339933
0.00341685
0.00343468
0.00259067
0.00274632
0.00287561
0.00298051
0.00306346
0.00312717
0.00317445
0.00320803
0.00323052
0.00324431
0.00325152
0.00325403
0.00325341
0.00325095
0.00324771
0.00324449
0.00324191
0.00324039
0.00324021
0.00324154
0.00324442
0.00324881
0.00325458
0.00326156
0.00326954
0.00227325
0.00243537
0.00257594
0.00269552
0.00279531
0.0028769
0.00294213
0.00299302
0.00303159
0.00305978
0.00307944
0.00309221
0.00309959
0.00310284
0.00310306
0.00310116
0.00309787
0.00309378
0.00308935
0.00308495
0.00308084
0.00307718
0.00307411
0.00307169
0.00306998
0.00193843
0.00208409
0.0022342
0.00235989
0.00246425
0.00255301
0.00262716
0.00268794
0.0027367
0.00277483
0.00280374
0.00282475
0.0028391
0.00284792
0.0028522
0.00285282
0.00285054
0.002846
0.00283972
0.00283216
0.00282368
0.00281459
0.00280512
0.00279548
0.0027859
0.00148684
0.00161844
0.00175514
0.00190059
0.00205814
0.00214645
0.00221416
0.00227042
0.00231614
0.0023523
0.00237987
0.00239984
0.00241316
0.00242072
0.00242334
0.0024218
0.00241675
0.00240882
0.00239851
0.00238631
0.00237259
0.0023577
0.00234194
0.00232556
0.00230888
0.00112648
0.00123619
0.00135237
0.00142472
0.00147296
0.00151325
0.0015459
0.00157139
0.00159027
0.00160315
0.00161062
0.0016133
0.00161179
0.00160665
0.00159844
0.00158765
0.00157473
0.0015601
0.00154412
0.00152711
0.00150934
0.00149106
0.00147246
0.00145373
0.00143507
0.000276739
0.000282471
0.000287447
0.000291606
0.000295
0.000297703
0.000299769
0.000301253
0.000302202
0.000302667
0.000302695
0.000302331
0.000301622
0.000300608
0.000299331
0.000297828
0.000296134
0.00029428
0.000292296
0.000290207
0.000288036
0.000285805
0.00028353
0.000281226
0.000278907
3.90047e-05
5.45271e-05
6.51487e-05
0.000139042
0.000127148
0.000245113
0.000239912
0.000341922
0.000438159
0.00045437
0.000553283
0.000730843
0.000703517
0.000868551
0.00109637
0.00102994
0.00117787
0.00140123
0.00129581
0.00149278
0.00171471
0.00160882
0.00179613
0.00200036
0.00193421
0.0021011
0.00228786
0.00229383
0.00244019
0.00260781
0.00269583
0.00281805
0.00296217
0.00312382
0.00321913
0.00333639
0.00353905
0.00360986
0.00370031
0.00387435
0.00392505
0.00399114
0.00408164
0.00411619
0.00416318
0.00416402
0.00418977
0.00422458
0.00412373
0.00414961
0.00418048
0.00391793
0.00394924
0.00398403
0.00363022
0.00366567
0.00370385
0.00334769
0.00338182
0.00341882
0.00311231
0.0031421
0.00317533
0.00292732
0.00295082
0.00297836
0.00280823
0.00282167
0.00284005
0.00279539
0.00279412
0.00279886
0.00293545
0.00291645
0.00290417
0.00324952
0.00321131
0.00318186
0.00345077
0.00346685
0.00348306
0.00327726
0.00328557
0.00329442
0.00306883
0.00306827
0.00306815
0.00277724
0.00276887
0.00276057
0.00229372
0.00227861
0.0022634
0.00141858
0.00140234
0.00138626
0.000276865
0.000274835
0.000272817
2.54356e-05
4.41151e-05
5.41919e-05
5.59488e-05
6.70961e-05
7.18319e-05
7.59177e-05
7.95278e-05
8.27714e-05
8.57208e-05
8.84271e-05
9.09288e-05
9.32558e-05
9.54331e-05
9.74815e-05
9.94191e-05
0.000101261
0.000103023
0.000104716
0.000106352
0.000107941
0.000109493
0.000111018
0.000112524
0.000114019
0.000115512
0.000117012
0.000118528
0.000120069
0.000121648
0.000123276
0.000124968
0.000126743
0.000128621
0.000130573
0.000132573
0.00013462
0.000136719
0.000138885
0.00014111
0.000143388
0.000145734
0.000148151
0.000150645
0.000153217
0.000155872
0.000158613
0.000161441
0.000164357
0.00016736
0.000170447
0.000173609
0.000176833
0.000180094
0.000183351
0.000186543
0.000189571
0.000192278
0.000194434
0.000195827
0.000196577
0.000196776
0.000196505
0.000195462
0.000193102
0.000189635
0.00018481
0.000178827
0.000171981
0.000164404
0.000156249
0.000147504
0.000139213
0.000131132
0.000122947
0.000114406
0.000105186
8.70943e-05
8.15863e-05
5.48824e-05
4.52074e-05
0.000128288
0.000148734
0.000168955
0.000194256
0.000223178
0.000254002
0.000286004
0.000318504
0.000350941
0.000382856
0.0004139
0.000443831
0.000472501
0.000499835
0.000525822
0.000550491
0.000573905
0.000596142
0.000617292
0.000637451
0.00065671
0.000675159
0.000692879
0.000709943
0.000726412
0.00074234
0.000757765
0.00077271
0.00078718
0.000801165
0.000814626
0.000827411
0.000839498
0.000851914
0.00086494
0.000878329
0.000892092
0.00090623
0.000920667
0.000935424
0.000950575
0.000966142
0.000982134
0.000998554
0.0010154
0.00103266
0.0010503
0.00106828
0.00108654
0.00110499
0.00112347
0.00114178
0.00115965
0.00117665
0.00119218
0.00120542
0.00121519
0.00121998
0.00121778
0.00120748
0.00119134
0.00116902
0.00113935
0.00110064
0.00105687
0.00100654
0.00095311
0.000897791
0.000839659
0.00077972
0.000716147
0.000625157
0.000522982
0.000422533
0.000332492
0.000258271
0.00020286
0.000161475
6.32127e-05
5.58652e-05
0.000190532
0.00024277
0.000296544
0.000355283
0.000422119
0.000493939
0.000568365
0.000643396
0.000717471
0.000789449
0.000858565
0.000924365
0.000986629
0.00104531
0.00110049
0.0011523
0.00120095
0.00124666
0.00128963
0.0013301
0.00136828
0.00140436
0.00143853
0.00147094
0.00150174
0.00153106
0.00155901
0.00158569
0.00161117
0.00163553
0.00165882
0.00168105
0.00170229
0.00172256
0.00174326
0.00176435
0.00178549
0.00180658
0.00182755
0.00184836
0.00186899
0.00188937
0.00190941
0.00192902
0.00194805
0.00196633
0.00198365
0.00199977
0.00201436
0.00202707
0.00203744
0.00204494
0.00204893
0.00204863
0.00204311
0.00203125
0.00201176
0.00198321
0.0018901
0.00169305
0.00152866
0.00139853
0.00129948
0.00122972
0.00118741
0.00116525
0.00117763
0.00121913
0.00115849
0.001082
0.0010029
0.00090217
0.000774638
0.000632114
0.000490695
0.000366705
0.000271288
0.000200001
6.51045e-05
5.93483e-05
0.000238637
0.000335413
0.000449114
0.000548637
0.000658583
0.00077436
0.000892173
0.00100896
0.0011225
0.00123135
0.00133465
0.00143201
0.00152335
0.0016088
0.0016886
0.00176307
0.00183255
0.0018974
0.00195796
0.00201456
0.00206752
0.00211711
0.00216359
0.00220721
0.00224817
0.00228666
0.00232286
0.0023569
0.00238893
0.00241905
0.00244735
0.00247391
0.00249879
0.00252204
0.00254365
0.00256526
0.00258623
0.00260627
0.00262519
0.00264285
0.00265912
0.00267381
0.00268674
0.00269766
0.0027063
0.00271235
0.00271543
0.00271511
0.00271092
0.0027023
0.00268865
0.00266929
0.00264351
0.00261055
0.00256961
0.00251981
0.00246032
0.00239037
0.00230922
0.00209133
0.00184641
0.00164297
0.00147359
0.00133959
0.00123917
0.00117002
0.00113405
0.00113169
0.00115559
0.00109486
0.00102114
0.000938666
0.000824895
0.000687388
0.000541453
0.000405836
0.000295909
0.00020835
6.23798e-05
7.09992e-05
0.000286882
0.000416603
0.000578873
0.000758465
0.000920256
0.00107685
0.00123317
0.00138573
0.0015322
0.00167123
0.00180217
0.00192487
0.00203945
0.00214625
0.00224568
0.00233818
0.00242423
0.00250427
0.00257873
0.00264801
0.00271248
0.00277249
0.00282833
0.0028803
0.00292862
0.00297354
0.00301524
0.0030539
0.00308966
0.00312266
0.003153
0.00318075
0.00320598
0.00322873
0.003249
0.00326683
0.00328366
0.00329876
0.00331177
0.00332243
0.00333053
0.0033358
0.00333799
0.00333677
0.00333179
0.00332264
0.00330886
0.00328994
0.0032653
0.00323431
0.00319629
0.00315051
0.00309622
0.00303272
0.00295939
0.0028756
0.00278075
0.00267444
0.00255646
0.00242691
0.00228589
0.00212927
0.00185974
0.0016374
0.00145286
0.00129733
0.00117682
0.00108505
0.00102746
0.00100321
0.000913393
0.000831316
0.000741747
0.000628678
0.000506422
0.000388765
0.000287037
0.000197075
5.76384e-05
5.2051e-05
0.000330275
0.000488902
0.0006923
0.000929801
0.00119726
0.00138909
0.00157699
0.00175818
0.00193057
0.00209316
0.00224561
0.00238804
0.00252081
0.00264442
0.0027594
0.00286629
0.00296563
0.00305792
0.00314365
0.00322324
0.00329709
0.00336557
0.00342902
0.00348771
0.00354193
0.00359191
0.00363785
0.00367994
0.00371832
0.00375314
0.0037845
0.00381248
0.00383714
0.0038585
0.00387658
0.00389135
0.00390338
0.00391326
0.00392038
0.00392439
0.00392499
0.0039219
0.00391483
0.00390341
0.00388726
0.00386594
0.00383894
0.00380571
0.00376561
0.00371798
0.00366208
0.00359712
0.00352229
0.00343677
0.00333993
0.00323119
0.00311002
0.00297611
0.00282931
0.00266984
0.00249871
0.00231777
0.0021298
0.0019384
0.00174891
0.00156602
0.00139317
0.00123244
0.001047
0.000912751
0.000819978
0.000705029
0.000606604
0.000515166
0.000425414
0.000338165
0.000255036
0.000168085
5.34029e-05
8.87914e-05
0.00027136
0.00054326
0.000800765
0.00111802
0.0014875
0.0017048
0.00191695
0.00211984
0.00231173
0.00249201
0.00266071
0.00281818
0.00296498
0.00310171
0.00322899
0.00334741
0.00345755
0.00355993
0.00365503
0.00374331
0.00382516
0.00390096
0.00397104
0.0040357
0.00409521
0.00414981
0.00419971
0.0042451
0.00428613
0.00432295
0.00435565
0.00438433
0.00440906
0.00442987
0.0044468
0.00445982
0.00446893
0.00447519
0.00447835
0.00447799
0.00447376
0.00446539
0.00445255
0.0044349
0.00441206
0.00438357
0.00434893
0.00430756
0.0042588
0.00420195
0.00413622
0.00406077
0.00397474
0.00387727
0.00376725
0.00364412
0.00350695
0.00335545
0.00318974
0.00300955
0.00281557
0.00260945
0.00239381
0.00217248
0.00195079
0.00173509
0.00152856
0.00133513
0.00115786
0.0009949
0.000843253
0.000700526
0.000566913
0.000451793
0.000369338
0.000296204
0.000226405
0.000148643
5.12997e-05
0.000185269
0.000389659
0.000679765
0.00098924
0.0014042
0.00179219
0.00202913
0.00225866
0.00247694
0.00268265
0.00287559
0.00305608
0.0032247
0.00338212
0.00352901
0.00366602
0.00379377
0.00391282
0.00402368
0.00412684
0.00422272
0.00431172
0.0043942
0.00447049
0.00454087
0.00460562
0.00466497
0.00471912
0.00476827
0.00481257
0.00485216
0.00488716
0.00491767
0.00494377
0.00496551
0.00498293
0.00499606
0.0050049
0.00500944
0.00501086
0.00500864
0.00500241
0.00499187
0.00497673
0.00495668
0.00493134
0.0049003
0.00486306
0.00481906
0.00476765
0.00470811
0.00463962
0.0045613
0.00447218
0.00437125
0.00425749
0.0041299
0.00398748
0.00382942
0.00365517
0.00346443
0.00325751
0.00303543
0.00280012
0.00255456
0.00230389
0.00205336
0.00180907
0.0015743
0.00135711
0.00116087
0.000986708
0.000833665
0.000690466
0.000513166
0.000375529
0.00031608
0.000257719
0.000231056
0.000172229
0.000379345
0.000657705
0.000926741
0.00133454
0.00184683
0.0021049
0.00235582
0.00259633
0.00282414
0.00303852
0.00323965
0.00342806
0.00360448
0.00376961
0.00392416
0.00406875
0.00420399
0.0043304
0.00444847
0.00455864
0.00466133
0.00475691
0.0048457
0.00492802
0.00500415
0.00507433
0.0051388
0.00519776
0.00525139
0.00529984
0.00534327
0.00538179
0.00541551
0.00544451
0.00546887
0.00548863
0.00550382
0.00551446
0.00552052
0.00552246
0.00552089
0.00551537
0.00550562
0.00549136
0.00547234
0.00544823
0.00541866
0.0053832
0.00534133
0.00529244
0.00523584
0.00517074
0.00509624
0.00501136
0.00491503
0.00480612
0.00468346
0.00454587
0.00439222
0.00422152
0.00403307
0.00382659
0.00360234
0.00336141
0.00310589
0.00283909
0.0025651
0.00228835
0.00201343
0.00174716
0.00149827
0.00127494
0.00108218
0.000921426
0.000790674
0.000685978
0.00060555
0.000552967
0.000527121
0.000514205
0.000654132
0.00101464
0.00134759
0.0018591
0.00215904
0.00242758
0.00268508
0.00293013
0.00316171
0.00337971
0.00358459
0.00377705
0.00395784
0.00412768
0.00428722
0.00443706
0.00457774
0.00470974
0.00483349
0.00494941
0.00505785
0.00515916
0.00525362
0.00534153
0.00542315
0.00549869
0.00556838
0.00563239
0.00569092
0.0057441
0.00579208
0.00583497
0.00587289
0.00590593
0.00593416
0.00595764
0.00597641
0.0059905
0.00599991
0.0060046
0.00600563
0.0060028
0.00599591
0.00598474
0.00596908
0.0059487
0.0059233
0.00589251
0.00585591
0.00581297
0.00576308
0.00570551
0.00563945
0.00556394
0.00547797
0.00538039
0.00527
0.00514553
0.00500571
0.00484933
0.00467534
0.00448297
0.00427188
0.00404232
0.00379533
0.00353301
0.00325836
0.00297482
0.00268581
0.00239544
0.00211286
0.00184708
0.00160626
0.0013974
0.00122598
0.00109455
0.00100451
0.000955571
0.000935466
0.000948049
0.00101297
0.00138697
0.00180852
0.00220231
0.0024895
0.00276039
0.00301767
0.00326141
0.00349161
0.00370868
0.00391329
0.0041062
0.00428816
0.00445981
0.00462177
0.00477454
0.00491861
0.00505439
0.00518225
0.00530254
0.00541557
0.00552163
0.00562098
0.00571387
0.00580052
0.00588114
0.0059559
0.00602499
0.00608855
0.00614673
0.00619966
0.00624744
0.00629018
0.00632797
0.00636088
0.00638899
0.00641235
0.006431
0.00644496
0.00645427
0.00645895
0.00646001
0.00645722
0.00645042
0.00643947
0.00642421
0.00640443
0.00637989
0.00635024
0.0063151
0.00627396
0.00622622
0.00617119
0.00610806
0.0060359
0.00595369
0.00586031
0.00575456
0.0056352
0.00550098
0.00535076
0.00518354
0.00499862
0.00479569
0.00457505
0.00433782
0.00408602
0.00382247
0.00354958
0.00327325
0.00299942
0.00273497
0.00248693
0.00226205
0.00206958
0.00191641
0.00180691
0.00174134
0.00172229
0.00176188
0.00137494
0.00173816
0.00218308
0.00255084
0.00283508
0.00310128
0.00335255
0.00359003
0.00381446
0.00402661
0.00422732
0.00441734
0.00459739
0.00476805
0.00492985
0.00508322
0.00522856
0.00536621
0.00549647
0.00561962
0.00573592
0.00584559
0.00594886
0.00604592
0.00613694
0.0062221
0.00630156
0.00637544
0.00644389
0.00650703
0.00656495
0.00661777
0.00666556
0.00670842
0.00674642
0.00677961
0.00680806
0.0068318
0.00685086
0.00686525
0.00687494
0.00688065
0.00688262
0.00688079
0.00687511
0.00686552
0.00685192
0.00683417
0.00681206
0.00678532
0.00675361
0.00671648
0.0066734
0.00662374
0.00656674
0.00650157
0.00642728
0.00634287
0.00624723
0.00613929
0.00601798
0.00588234
0.0057316
0.00556529
0.00538337
0.00518638
0.00497564
0.0047529
0.00452185
0.00428613
0.00404997
0.00381865
0.00359803
0.00339418
0.00321374
0.00306237
0.0029471
0.00287067
0.00282559
0.00270286
0.00168875
0.0020452
0.00248229
0.00291562
0.00319001
0.003446
0.00368674
0.00391396
0.00412894
0.00433271
0.00452622
0.00471025
0.00488545
0.00505235
0.00521141
0.00536298
0.00550738
0.00564489
0.00577573
0.00590012
0.00601823
0.00613024
0.00623628
0.00633652
0.00643106
0.00652005
0.00660358
0.00668177
0.00675471
0.00682249
0.0068852
0.0069429
0.00699569
0.00704361
0.00708673
0.0071251
0.00715877
0.00718779
0.00721218
0.00723197
0.00724719
0.00725786
0.00726483
0.00726812
0.00726779
0.00726387
0.00725637
0.00724528
0.0072305
0.00721193
0.00718935
0.00716249
0.00713101
0.00709446
0.00705229
0.00700389
0.00694852
0.00688541
0.00681369
0.00673249
0.00664096
0.0065383
0.00642389
0.00629729
0.00615844
0.00600768
0.00584582
0.0056746
0.00549611
0.0053127
0.00512749
0.00494409
0.00476662
0.00459959
0.00443393
0.00418389
0.0039941
0.00385395
0.00376894
0.00374974
0.00197797
0.00231695
0.00273956
0.00323798
0.00354668
0.00378818
0.00401484
0.0042286
0.00443103
0.00462339
0.00480671
0.00498181
0.00514931
0.00530973
0.00546346
0.00561081
0.00575203
0.00588734
0.0060169
0.00614084
0.00625927
0.00637226
0.0064799
0.00658225
0.00667939
0.00677137
0.00685826
0.00694013
0.00701702
0.00708899
0.00715609
0.00721836
0.00727587
0.00732863
0.00737671
0.00742012
0.00745892
0.00749313
0.00752278
0.0075479
0.0075685
0.00758457
0.00759658
0.00760492
0.00760974
0.00761119
0.00760939
0.00760443
0.00759635
0.00758518
0.00757085
0.00755326
0.00753222
0.00750748
0.00747869
0.00744545
0.00740724
0.00736351
0.00731363
0.00725695
0.00719282
0.00712064
0.00703994
0.00695041
0.00685199
0.00674495
0.00662996
0.00650822
0.00638103
0.0062501
0.0061176
0.00598608
0.00585831
0.00555044
0.00527642
0.00508272
0.00494769
0.0048588
0.00481938
0.00484753
0.00224627
0.00256355
0.00295869
0.00343756
0.00389514
0.00411881
0.00432834
0.0045258
0.00471291
0.00489109
0.00506144
0.00522484
0.00538193
0.00553323
0.00567911
0.00581986
0.00595572
0.00608685
0.00621335
0.00633529
0.00645265
0.00656542
0.00667357
0.00677709
0.00687597
0.00697021
0.00705979
0.00714474
0.00722505
0.00730074
0.00737182
0.0074383
0.0075002
0.00755753
0.00761031
0.00765854
0.00770226
0.00774147
0.00777619
0.00780645
0.00783228
0.00785369
0.00787072
0.00788395
0.00789365
0.00790006
0.00790343
0.00790394
0.00790176
0.00789703
0.00788982
0.00788017
0.00786804
0.00785336
0.00783594
0.00781557
0.00779193
0.00776464
0.00773328
0.00769739
0.00765647
0.00761008
0.00755783
0.00749948
0.00743496
0.00736446
0.00728867
0.00720832
0.00712441
0.00703824
0.00695142
0.0068658
0.00659649
0.00630012
0.00608379
0.00594029
0.00585376
0.0058157
0.00581486
0.00584812
0.00251675
0.00280853
0.00316719
0.00360728
0.00410229
0.00442545
0.0046143
0.00479247
0.00496152
0.00512285
0.00527762
0.00542674
0.0055709
0.00571064
0.00584635
0.00597836
0.00610689
0.00623213
0.00635414
0.0064729
0.00658826
0.00670002
0.00680801
0.00691212
0.00701223
0.00710827
0.00720016
0.00728783
0.00737125
0.00745037
0.00752516
0.00759561
0.0076617
0.00772339
0.00778069
0.00783356
0.00788202
0.00792605
0.00796566
0.00800087
0.00803168
0.00805812
0.00808022
0.00809822
0.00811255
0.00812357
0.00813161
0.00813696
0.00813991
0.00814068
0.00813948
0.00813644
0.00813168
0.00812523
0.00811708
0.00810714
0.00809525
0.00808119
0.00806469
0.00804541
0.00802298
0.00799702
0.00796716
0.00793312
0.00789471
0.00785218
0.007806
0.00775678
0.00770527
0.00765237
0.00759926
0.00748233
0.0071931
0.00695397
0.00678668
0.00668515
0.0066418
0.00664437
0.00667652
0.00672925
0.00281514
0.00307785
0.00339657
0.00378282
0.00422999
0.00467671
0.00485297
0.00500866
0.00515682
0.00529873
0.00543552
0.0055681
0.0056972
0.00582338
0.00594709
0.00606867
0.00618842
0.0063066
0.0064234
0.00653868
0.00665199
0.00676282
0.00687075
0.00697555
0.00707704
0.00717503
0.00726936
0.00735988
0.0074465
0.00752914
0.00760773
0.00768221
0.00775252
0.00781862
0.00788045
0.00793798
0.00799117
0.00803997
0.00808439
0.00812442
0.00816007
0.00819137
0.00821835
0.00824107
0.00825987
0.00827524
0.00828759
0.00829732
0.00830479
0.00831031
0.00831419
0.00831665
0.00831792
0.00831812
0.00831735
0.00831563
0.00831293
0.00830913
0.00830408
0.00829752
0.00828916
0.00827864
0.00826556
0.00824943
0.00822992
0.00820721
0.00818173
0.0081539
0.0081242
0.00809319
0.00806161
0.00788942
0.00766074
0.00747317
0.00734455
0.00727785
0.00727093
0.00731262
0.00738225
0.00746274
0.00314338
0.0033741
0.00365261
0.00398531
0.00436788
0.00476202
0.00501581
0.00514576
0.0052704
0.00539068
0.00550762
0.00562207
0.00573477
0.00584628
0.00595704
0.00606745
0.00617783
0.00628866
0.00640062
0.00651368
0.00662654
0.00673797
0.00684712
0.00695375
0.00705768
0.00715866
0.00725637
0.00735056
0.0074411
0.00752788
0.00761081
0.0076898
0.00776478
0.00783566
0.00790238
0.00796484
0.00802297
0.00807672
0.00812605
0.00817093
0.00821139
0.00824744
0.00827913
0.00830652
0.00832972
0.00834932
0.00836581
0.00837965
0.00839128
0.00840109
0.00840943
0.00841663
0.00842295
0.00842862
0.00843379
0.00843857
0.00844298
0.00844701
0.00845059
0.00845354
0.00845559
0.00845641
0.00845558
0.0084521
0.00844553
0.00843615
0.00842425
0.00841008
0.00839386
0.00837585
0.00832966
0.00815431
0.00797935
0.00783488
0.00773688
0.00769435
0.00771259
0.00778508
0.007885
0.00798414
0.00348754
0.00368236
0.00391843
0.00419844
0.00451617
0.00484351
0.00506377
0.00516635
0.00526592
0.00536341
0.00545978
0.00555584
0.00565227
0.00574954
0.00584808
0.00594828
0.00605046
0.00615507
0.00626413
0.00637895
0.00649548
0.00661107
0.00672382
0.00683439
0.00694291
0.00704897
0.00715191
0.00725128
0.00734703
0.00743913
0.00752744
0.00761186
0.00769232
0.00776872
0.00784096
0.00790891
0.00797246
0.00803151
0.00808601
0.00813593
0.00818127
0.00822208
0.00825841
0.00829036
0.00831796
0.00834181
0.00836247
0.00838043
0.00839617
0.00841014
0.00842273
0.00843431
0.00844519
0.00845564
0.00846587
0.00847601
0.0084861
0.00849613
0.00850625
0.00851623
0.00852585
0.00853484
0.00854253
0.00854747
0.00854942
0.00854864
0.00854528
0.00853938
0.00853101
0.00850871
0.00839689
0.00826748
0.0081381
0.00802735
0.00795118
0.00792175
0.00795122
0.00804002
0.0081618
0.00827973
0.00381879
0.0039724
0.00415934
0.00438099
0.00463309
0.00488714
0.00498231
0.00506257
0.00514219
0.00522208
0.00530301
0.00538564
0.00547056
0.0055578
0.00564771
0.0057407
0.00583702
0.00593701
0.00604231
0.00615332
0.00626775
0.00638397
0.00650042
0.00661673
0.0067323
0.00684611
0.00695653
0.0070625
0.00716479
0.00726349
0.00735831
0.00744913
0.00753595
0.00761869
0.0076972
0.00777128
0.00784075
0.0079055
0.00796547
0.0080206
0.00807093
0.0081165
0.00815741
0.00819377
0.00822575
0.00825395
0.00827891
0.00830116
0.00832119
0.00833943
0.00835632
0.00837223
0.00838748
0.00840237
0.00841712
0.00843189
0.00844678
0.00846181
0.00847697
0.00849209
0.00850695
0.00852129
0.00853377
0.0085436
0.00855069
0.00855511
0.00855693
0.00852512
0.00845818
0.00839136
0.00831439
0.00822424
0.00812989
0.00804865
0.0079918
0.00797127
0.00800455
0.00810289
0.00824624
0.00835426
0.00407693
0.00418618
0.00431964
0.00448316
0.00466829
0.00478776
0.00485492
0.0049225
0.00499107
0.00506113
0.00513326
0.00520786
0.00528522
0.0053655
0.005449
0.00553624
0.00562709
0.00572157
0.00581926
0.00591907
0.00602201
0.00612828
0.00623813
0.00635029
0.00646378
0.00657769
0.0066908
0.00680188
0.00691053
0.00701617
0.00711762
0.00721474
0.00730793
0.00739716
0.00748211
0.00756183
0.00763717
0.00770807
0.0077733
0.0078334
0.00788841
0.00793843
0.00798358
0.00802396
0.00806009
0.00809254
0.00812183
0.00814845
0.00817286
0.00819548
0.0082167
0.00823687
0.00825632
0.00827531
0.00829405
0.00831271
0.0083314
0.00835014
0.00836889
0.00838748
0.00840562
0.00842279
0.00843774
0.00841335
0.00835939
0.00830745
0.00825976
0.0082155
0.00817436
0.0081326
0.0080862
0.00802632
0.00796784
0.00791853
0.00788511
0.00787777
0.00791707
0.00802695
0.00819376
0.00827025
0.00422279
0.0042949
0.00438195
0.00449515
0.0046291
0.00469957
0.00475536
0.00481221
0.00487087
0.0049318
0.00499541
0.00506201
0.00513174
0.00520469
0.005281
0.00536097
0.00544435
0.0055308
0.00561942
0.00570995
0.00580267
0.00589764
0.00599483
0.006094
0.0061949
0.00629746
0.00640176
0.0065076
0.00661341
0.00668285
0.00674441
0.00680666
0.00686915
0.00693162
0.00699431
0.00705751
0.00712121
0.0071854
0.00725004
0.00731495
0.00737995
0.0074448
0.00750919
0.00757268
0.00763434
0.0076937
0.00775027
0.00780348
0.00785273
0.00789734
0.00793668
0.00797014
0.00799719
0.00801744
0.00803063
0.00803669
0.00803575
0.00802817
0.00801462
0.00799613
0.00797412
0.00794984
0.0079235
0.0078948
0.00786557
0.00783872
0.00781377
0.00779273
0.007775
0.0077582
0.00773894
0.00771641
0.00769474
0.00767901
0.00767364
0.00768583
0.0077359
0.00785704
0.0080457
0.00812164
0.00426854
0.00431924
0.00437819
0.0044562
0.00455513
0.00463167
0.00467885
0.0047273
0.00477767
0.00483041
0.00488591
0.00494443
0.00500606
0.00507085
0.00513872
0.00520942
0.00528294
0.00535914
0.00543771
0.00551841
0.00560115
0.00568585
0.00577238
0.00586055
0.00595003
0.00600405
0.0060529
0.00610244
0.00615196
0.0062
0.00624651
0.00629263
0.00633933
0.00638699
0.0064358
0.00648575
0.00653676
0.00658891
0.00664224
0.00669639
0.00675107
0.00680604
0.00686101
0.00691519
0.00696792
0.00701883
0.00706751
0.00711357
0.00715657
0.00719606
0.00723165
0.00726297
0.00728972
0.00731167
0.00732873
0.00734093
0.00734843
0.0073516
0.00735104
0.00734769
0.0073429
0.00733784
0.00733235
0.00732635
0.00732072
0.00731746
0.0073179
0.00732177
0.00732853
0.00733717
0.00734531
0.00735305
0.00736297
0.00737813
0.00740063
0.00743474
0.0074979
0.0076264
0.00782755
0.00792394
0.00421861
0.00426175
0.00430946
0.00436797
0.00444031
0.00452202
0.00460208
0.00466914
0.00471286
0.00475859
0.00480662
0.00485715
0.00491035
0.00496632
0.00502504
0.00508646
0.00515047
0.00521686
0.00527068
0.00531475
0.00535709
0.00539815
0.00543787
0.00547701
0.00551584
0.00555356
0.00559039
0.00562762
0.00566548
0.0057038
0.00574203
0.00578085
0.00582085
0.00586213
0.00590457
0.00594796
0.00599232
0.00603768
0.00608395
0.00613067
0.00617754
0.00622448
0.00627082
0.006316
0.00635979
0.00640201
0.00644247
0.00648102
0.00651748
0.00655172
0.0065836
0.00661301
0.00663989
0.0066642
0.00668598
0.00670532
0.00672237
0.00673737
0.00675069
0.00676289
0.00677467
0.00678661
0.0067986
0.00681036
0.00682251
0.00683647
0.00685339
0.00687355
0.0068969
0.00692302
0.00695125
0.00698152
0.00701513
0.00705403
0.00709918
0.00715267
0.00722783
0.00735859
0.00756127
0.00768908
0.00402538
0.00407118
0.00411907
0.00417226
0.00423221
0.00429661
0.00436038
0.00442
0.00447484
0.00452567
0.00457366
0.00461957
0.00466361
0.00470576
0.00474595
0.00478425
0.00482104
0.00485673
0.00489117
0.00492411
0.00495577
0.00498672
0.00501764
0.0050493
0.00508163
0.00511461
0.00514787
0.00518223
0.00521799
0.00525468
0.00529196
0.00533002
0.00536914
0.0054094
0.00545078
0.00549335
0.00553686
0.00558101
0.00562537
0.00566984
0.00571412
0.00575764
0.00580018
0.0058416
0.00588178
0.0059206
0.00595796
0.00599382
0.00602812
0.00606081
0.00609187
0.00612128
0.00614905
0.00617521
0.00619982
0.00622299
0.00624485
0.00626559
0.00628547
0.00630484
0.00632415
0.00634377
0.00636379
0.00638419
0.00640535
0.00642812
0.00645337
0.00648169
0.00651335
0.00654839
0.00658671
0.00662858
0.00667505
0.00672751
0.00678645
0.0068527
0.00693573
0.00706415
0.00725883
0.00740982
0.00374818
0.0037966
0.00384548
0.00389617
0.00394941
0.00400416
0.00405811
0.00410934
0.00415721
0.00420164
0.0042434
0.00428306
0.00432086
0.00435698
0.00439155
0.00442483
0.00445727
0.00448916
0.00452067
0.00455171
0.00458249
0.00461343
0.00464498
0.00467749
0.00471102
0.00474527
0.0047801
0.00481581
0.00485262
0.00489045
0.00492936
0.00496918
0.00500989
0.00505143
0.00509375
0.0051367
0.00518014
0.0052238
0.00526716
0.00530987
0.00535186
0.00539308
0.00543345
0.00547286
0.00551122
0.00554845
0.0055845
0.00561932
0.00565288
0.00568516
0.00571612
0.00574577
0.00577412
0.0058012
0.00582706
0.0058518
0.00587553
0.0058984
0.00592063
0.00594249
0.00596433
0.00598649
0.00600916
0.00603249
0.00605679
0.00608265
0.00611078
0.00614178
0.00617611
0.00621409
0.00625597
0.00630225
0.00635389
0.00641203
0.00647714
0.00654954
0.00663599
0.00675972
0.00694088
0.00709155
0.00346205
0.00350952
0.00355737
0.00360602
0.00365561
0.00370568
0.0037552
0.00380309
0.00384862
0.00389166
0.00393257
0.00397174
0.00400949
0.00404607
0.00408168
0.00411658
0.00415103
0.00418528
0.00421938
0.00425333
0.00428725
0.00432137
0.00435592
0.00439113
0.00442709
0.00446372
0.00450093
0.00453875
0.00457725
0.0046164
0.00465606
0.00469612
0.00473669
0.00477764
0.00481879
0.00485977
0.00490037
0.00494054
0.00498029
0.00501957
0.00505829
0.00509641
0.00513387
0.00517059
0.00520652
0.00524159
0.00527575
0.00530895
0.00534117
0.00537237
0.00540253
0.00543164
0.00545969
0.00548671
0.00551274
0.00553784
0.00556211
0.00558568
0.00560872
0.00563145
0.00565416
0.00567714
0.00570065
0.00572489
0.00575017
0.00577696
0.00580582
0.00583734
0.00587204
0.0059104
0.00595288
0.00600009
0.00605293
0.00611242
0.00617912
0.00625333
0.00634021
0.00645849
0.00662477
0.00675131
0.00321525
0.00325978
0.00330546
0.00335227
0.00340003
0.00344831
0.00349652
0.00354399
0.0035902
0.00363491
0.00367813
0.00372001
0.00376073
0.00380045
0.00383935
0.00387757
0.00391529
0.00395265
0.00398974
0.00402659
0.00406326
0.00409983
0.00413646
0.00417325
0.00421029
0.00424765
0.00428529
0.00432314
0.00436114
0.0043992
0.00443706
0.00447466
0.00451189
0.00454884
0.00458559
0.00462212
0.00465839
0.00469438
0.00473004
0.00476534
0.00480024
0.00483471
0.0048687
0.00490218
0.0049351
0.00496741
0.00499908
0.00503005
0.00506031
0.00508983
0.00511858
0.00514656
0.00517376
0.00520021
0.00522592
0.00525095
0.00527538
0.00529932
0.0053229
0.00534632
0.00536978
0.00539355
0.00541789
0.00544302
0.00546921
0.00549686
0.00552644
0.0055585
0.00559358
0.00563218
0.00567488
0.00572236
0.00577544
0.005835
0.00590179
0.00597618
0.00606224
0.0061755
0.00632961
0.00640293
0.00301311
0.0030528
0.00309459
0.00313825
0.0031834
0.00322961
0.00327638
0.00332321
0.00336964
0.00341535
0.00346018
0.00350408
0.00354707
0.0035892
0.00363052
0.00367112
0.00371113
0.00375058
0.00378952
0.00382795
0.00386589
0.00390338
0.00394049
0.00397731
0.00401386
0.00405012
0.00408602
0.00412161
0.00415691
0.00419193
0.00422666
0.00426107
0.00429516
0.00432894
0.00436244
0.00439569
0.00442869
0.00446144
0.00449391
0.00452609
0.00455797
0.00458952
0.00462074
0.0046516
0.00468207
0.00471213
0.00474176
0.00477092
0.00479961
0.0048278
0.00485549
0.00488268
0.00490935
0.00493554
0.00496126
0.00498657
0.00501153
0.00503622
0.00506078
0.00508535
0.00511011
0.00513529
0.00516113
0.00518784
0.00521565
0.00524491
0.00527603
0.00530952
0.00534586
0.00538559
0.00542932
0.00547775
0.00553151
0.00559126
0.00565788
0.00573134
0.00581595
0.00592691
0.00606087
0.00605643
0.00286604
0.00289711
0.00293127
0.00296813
0.00300718
0.00304796
0.00309002
0.00313292
0.00317623
0.00321958
0.00326277
0.0033056
0.00334798
0.00338983
0.00343114
0.00347185
0.00351192
0.00355139
0.00359027
0.00362859
0.00366633
0.00370348
0.0037401
0.00377624
0.00381194
0.00384721
0.00388207
0.00391653
0.00395056
0.00398418
0.00401744
0.00405034
0.00408291
0.00411517
0.00414714
0.00417885
0.00421033
0.00424155
0.00427253
0.00430324
0.00433371
0.00436393
0.00439392
0.00442367
0.00445317
0.00448241
0.00451139
0.00454008
0.00456849
0.00459659
0.0046244
0.00465189
0.00467909
0.00470601
0.00473267
0.00475912
0.0047854
0.0048116
0.00483783
0.00486421
0.00489093
0.00491819
0.00494622
0.00497517
0.00500524
0.00503676
0.00507011
0.00510569
0.00514391
0.00518521
0.00523022
0.00527965
0.00533395
0.00539321
0.00545737
0.00552781
0.00561273
0.00571805
0.00571986
0.00571612
0.00281151
0.00282951
0.00285165
0.00287736
0.00290612
0.00293751
0.00297106
0.0030063
0.00304275
0.00308002
0.00311782
0.00315593
0.00319419
0.00323248
0.00327067
0.0033087
0.0033465
0.00338401
0.0034212
0.00345806
0.00349454
0.00353063
0.00356631
0.0036016
0.00363649
0.00367101
0.00370517
0.00373898
0.00377244
0.00380557
0.00383839
0.00387089
0.0039031
0.00393504
0.00396673
0.00399823
0.00402954
0.00406065
0.00409156
0.00412229
0.00415288
0.00418335
0.0042137
0.00424393
0.00427402
0.00430397
0.00433377
0.0043634
0.00439284
0.00442209
0.00445114
0.00447998
0.00450862
0.00453706
0.00456532
0.00459344
0.00462146
0.00464944
0.00467747
0.00470565
0.00473415
0.00476326
0.00479314
0.00482404
0.00485596
0.00488917
0.00492402
0.00496079
0.00499969
0.00504089
0.00508464
0.0051315
0.00518183
0.00523551
0.00529494
0.00536213
0.00538238
0.00538496
0.0053841
0.00537953
0.00289938
0.00290008
0.00290639
0.00291746
0.00293264
0.0029515
0.00297355
0.00299828
0.00302511
0.00305364
0.00308351
0.00311443
0.00314618
0.00317856
0.00321141
0.00324461
0.00327804
0.00331162
0.00334529
0.00337909
0.00341216
0.00344521
0.00347846
0.00351185
0.0035452
0.00357862
0.00361228
0.00364506
0.00367751
0.00370978
0.00374188
0.0037738
0.00380555
0.00383714
0.00386859
0.00389998
0.00393133
0.0039627
0.00399397
0.00402516
0.00405631
0.00408744
0.00411852
0.00414952
0.00418041
0.00421116
0.00424175
0.00427216
0.00430235
0.00433231
0.00436203
0.0043915
0.0044207
0.00444966
0.00447837
0.00450686
0.00453515
0.00456329
0.00459133
0.00461932
0.0046473
0.00467543
0.00470397
0.00473304
0.00476269
0.00479301
0.00482418
0.00485638
0.00488976
0.00492435
0.00496071
0.0050001
0.00502999
0.00503677
0.00504214
0.00504589
0.00504754
0.00504675
0.00504326
0.00503691
0.00315997
0.0031446
0.00313607
0.00313362
0.00313622
0.00314307
0.00315356
0.00316718
0.00318349
0.00320202
0.00322244
0.00324444
0.00326778
0.00329224
0.00331766
0.00334386
0.00337074
0.00339816
0.00342604
0.00345432
0.00348293
0.00351179
0.00354085
0.00357007
0.00359939
0.0036288
0.00365828
0.0036878
0.00371735
0.00374688
0.00377637
0.00380581
0.00383518
0.00386448
0.00389365
0.00392272
0.00395172
0.00398068
0.00400954
0.00403824
0.00406673
0.004095
0.00412302
0.00415079
0.00417828
0.00420547
0.00423235
0.00425889
0.00428509
0.00431093
0.00433641
0.00436151
0.00438623
0.00441059
0.00443459
0.00445824
0.00448156
0.00450459
0.00452735
0.00454982
0.00457199
0.00459434
0.00461699
0.00462698
0.00463633
0.00464517
0.00465348
0.00466123
0.00466838
0.00467488
0.00468066
0.00468563
0.0046896
0.00469233
0.00469368
0.00469347
0.00469147
0.00468745
0.00468123
0.00467269
0.00350147
0.0035198
0.00350318
0.00348655
0.00347623
0.00347123
0.00347053
0.00347339
0.00347933
0.00348778
0.00349837
0.00351076
0.0035247
0.00353994
0.00355631
0.00357363
0.00359177
0.00361061
0.00363004
0.00365001
0.00367039
0.00369109
0.00371207
0.00373331
0.00375479
0.00377649
0.0037984
0.00382048
0.00384265
0.00386487
0.00388712
0.00390939
0.00393164
0.00395383
0.00397585
0.00399791
0.00402005
0.00403344
0.0040454
0.00405715
0.0040687
0.00408006
0.00409123
0.00410222
0.00411302
0.00412364
0.00413408
0.00414432
0.00415438
0.00416424
0.0041739
0.00418336
0.0041926
0.00420162
0.00421041
0.00421896
0.00422727
0.00423532
0.00424309
0.00425058
0.00425777
0.00426463
0.00427114
0.0042772
0.00428278
0.00428785
0.00429239
0.00429635
0.00429969
0.00430234
0.00430424
0.0043053
0.00430542
0.00430445
0.00430225
0.00429866
0.00429351
0.00428663
0.00427785
0.00426712
0.0033051
0.00331617
0.00332736
0.00333859
0.00334981
0.00336099
0.00337213
0.00338321
0.00339428
0.00340537
0.00341638
0.00342731
0.00343818
0.00344898
0.00345973
0.00347043
0.00348109
0.0034917
0.00350227
0.0035128
0.00352329
0.00353373
0.00354413
0.00355448
0.00356478
0.00357502
0.0035852
0.00359531
0.00360535
0.00361532
0.0036252
0.003635
0.00364471
0.00365432
0.00366382
0.00367322
0.0036825
0.00369159
0.0037005
0.00370922
0.00371775
0.00372608
0.00373423
0.00374217
0.00374992
0.00375747
0.00376481
0.00377195
0.00377888
0.00378559
0.00379208
0.00379835
0.00380439
0.00381019
0.00381574
0.00382104
0.00382607
0.00383083
0.0038353
0.00383947
0.00384332
0.00384682
0.00384997
0.00385272
0.00385503
0.00385687
0.0038582
0.00385898
0.00385914
0.00385865
0.00385742
0.00385538
0.00385244
0.0038485
0.00384344
0.00383713
0.00382942
0.00382018
0.00380927
0.00379668
0.00306876
0.0030698
0.0030713
0.00307321
0.00307547
0.00307803
0.00308087
0.00308395
0.00308725
0.00309084
0.00309473
0.00309875
0.00310291
0.00310719
0.0031116
0.00311613
0.00312078
0.00312554
0.00313041
0.00313539
0.00314047
0.00314565
0.00315093
0.00315628
0.00316172
0.00316723
0.00317281
0.00317844
0.00318412
0.00318983
0.00319557
0.00320133
0.0032071
0.00321286
0.00321862
0.00322434
0.00323003
0.00323566
0.00324122
0.0032467
0.00325208
0.00325734
0.00326249
0.00326749
0.00327236
0.00327707
0.00328161
0.00328599
0.00329018
0.00329418
0.00329799
0.00330158
0.00330496
0.00330811
0.00331102
0.00331369
0.00331609
0.00331823
0.00332008
0.00332163
0.00332286
0.00332376
0.0033243
0.00332445
0.00332419
0.00332349
0.0033223
0.00332059
0.00331831
0.0033154
0.0033118
0.00330745
0.00330226
0.00329615
0.00328902
0.00328077
0.00327126
0.00326039
0.00324803
0.00323417
0.00275155
0.00274268
0.00273416
0.00272601
0.00271824
0.00271086
0.00270387
0.00269727
0.00269106
0.00268524
0.00267986
0.002675
0.00267053
0.00266639
0.00266258
0.00265909
0.00265591
0.00265305
0.00265049
0.00264824
0.00264627
0.0026446
0.0026432
0.00264206
0.00264119
0.00264057
0.00264018
0.00264002
0.00264007
0.00264033
0.00264078
0.0026414
0.00264218
0.00264311
0.00264418
0.00264536
0.00264665
0.00264803
0.00264948
0.00265098
0.00265252
0.00265409
0.00265566
0.00265722
0.00265875
0.00266024
0.00266167
0.00266302
0.00266429
0.00266545
0.0026665
0.00266741
0.00266818
0.00266879
0.00266922
0.00266946
0.0026695
0.00266931
0.00266889
0.00266822
0.00266728
0.00266605
0.0026645
0.00266261
0.00266037
0.00265773
0.00265466
0.00265113
0.0026471
0.00264251
0.00263732
0.00263146
0.00262487
0.00261748
0.00260919
0.00259993
0.00258959
0.00257807
0.00256526
0.00255116
0.00224622
0.00222907
0.00221219
0.00219566
0.00217952
0.0021638
0.00214854
0.00213376
0.00211947
0.0021057
0.00209246
0.00207975
0.00206768
0.00205625
0.00204532
0.00203486
0.00202485
0.0020153
0.00200619
0.00199752
0.00198928
0.00198146
0.00197405
0.00196703
0.0019604
0.00195414
0.00194824
0.00194269
0.00193747
0.00193256
0.00192796
0.00192365
0.00191961
0.00191583
0.00191229
0.00190898
0.00190589
0.00190299
0.00190028
0.00189773
0.00189534
0.00189307
0.00189093
0.00188889
0.00188693
0.00188505
0.00188322
0.00188143
0.00187966
0.00187789
0.00187612
0.00187432
0.00187248
0.00187058
0.00186861
0.00186655
0.00186439
0.00186211
0.0018597
0.00185713
0.00185439
0.00185146
0.00184832
0.00184494
0.00184132
0.00183741
0.0018332
0.00182865
0.00182372
0.00181838
0.00181258
0.00180629
0.00179944
0.00179199
0.00178387
0.00177501
0.00176533
0.00175477
0.00174325
0.00173073
0.00136817
0.00135041
0.0013331
0.00131625
0.00129988
0.00128401
0.00126866
0.00125382
0.00123951
0.00122571
0.00121243
0.00119965
0.00118737
0.00117557
0.00116432
0.0011536
0.00114331
0.00113338
0.00112379
0.00111454
0.00110562
0.00109702
0.00108874
0.00108076
0.00107308
0.00106569
0.00105859
0.00105176
0.0010452
0.00103888
0.00103281
0.00102697
0.00102136
0.00101595
0.00101075
0.00100574
0.00100092
0.000996263
0.000991775
0.000987441
0.000983253
0.000979201
0.000975276
0.000971469
0.000967772
0.000964174
0.000960668
0.000957245
0.000953896
0.000950611
0.000947383
0.000944203
0.000941061
0.00093795
0.000934861
0.000931785
0.000928712
0.000925634
0.000922542
0.000919425
0.000916274
0.000913078
0.000909825
0.000906503
0.000903098
0.000899598
0.000895987
0.000892248
0.000888358
0.000884293
0.00088003
0.000875547
0.000870817
0.000865813
0.000860506
0.000854862
0.000848852
0.000842444
0.000835615
0.000828384
0.000270499
0.000268204
0.000265937
0.000263706
0.000261516
0.000259369
0.000257267
0.000255211
0.0002532
0.000251236
0.00024932
0.00024745
0.000245626
0.000243849
0.000242118
0.000240433
0.000238794
0.000237204
0.000235661
0.000234163
0.000232708
0.000231295
0.000229921
0.000228586
0.000227288
0.000226025
0.000224797
0.000223602
0.00022244
0.000221309
0.000220208
0.000219136
0.000218092
0.000217076
0.000216086
0.000215122
0.000214182
0.000213266
0.000212372
0.000211501
0.000210651
0.000209822
0.000209013
0.000208222
0.00020745
0.000206695
0.000205957
0.000205234
0.000204527
0.000203835
0.000203156
0.00020249
0.000201837
0.000201195
0.000200564
0.000199943
0.000199332
0.000198729
0.000198134
0.000197547
0.000196965
0.00019639
0.000195819
0.000195252
0.000194688
0.000194127
0.000193567
0.000193007
0.000192447
0.000191885
0.00019132
0.000190751
0.000190176
0.000189594
0.000189004
0.000188403
0.000187791
0.000187164
0.000186521
0.00018586
0.000182924
0.000161846
0.000263047
0.000512843
0.000539476
0.00064378
0.00100525
0.00112338
0.00119167
0.00188427
0.00188009
0.00201248
0.00268
0.00280697
0.00311162
0.00381859
0.00398428
0.00423595
0.00493896
0.00508075
0.00526538
0.00591703
0.00602919
0.00619323
0.00680371
0.00691521
0.0070807
0.00755023
0.00766221
0.00782471
0.00808097
0.00818754
0.0081861
0.00832135
0.00828272
0.00823516
0.00830948
0.0082591
0.00819945
0.00822014
0.00816448
0.00809958
0.00807107
0.00801489
0.00794972
0.00787649
0.00782333
0.00776147
0.00764739
0.00759968
0.00754351
0.00737558
0.00733507
0.00728638
0.00706507
0.00703236
0.00699195
0.00673183
0.00670648
0.00667411
0.00638899
0.0063698
0.00634441
0.00604614
0.00603142
0.00601139
0.00570766
0.00569559
0.0056791
0.00537135
0.00536031
0.00534561
0.00502796
0.00501672
0.00500245
0.00466242
0.00465027
0.00463555
0.00425539
0.00424206
0.00422651
0.00378367
0.00376927
0.00375291
0.00322039
0.00320536
0.00318858
0.0025375
0.00252272
0.00250646
0.00171888
0.00170615
0.0016923
0.000821671
0.000814478
0.000806733
0.000185274
0.000184671
0.000184047
6.74527e-05
0.000110047
0.000131048
0.000147921
0.000162543
0.00017576
0.000188042
0.000199698
0.000211004
0.00022231
0.000234157
0.000245814
0.000257042
0.000267981
0.000278783
0.000289559
0.000300393
0.000311458
0.000324046
0.000339368
0.000355588
0.000372735
0.000391709
0.00034157
0.000439778
9.21015e-05
0.000282439
0.000360714
0.000455327
0.000576326
0.000719681
0.000880404
0.00105136
0.00122301
0.00138279
0.00151419
0.00162157
0.00172205
0.00181854
0.00191142
0.00200001
0.00208241
0.00215332
0.00223811
0.00224564
0.00191664
0.00160595
0.00130978
0.00109065
0.000734615
0.000107068
0.000444114
0.000635702
0.000859333
0.00113702
0.00145635
0.00179818
0.00214123
0.00246536
0.00275332
0.00299072
0.00319215
0.00337323
0.00353797
0.00368596
0.00381423
0.00391733
0.00328383
0.00275704
0.00238993
0.00208318
0.0018137
0.00156834
0.00138525
0.00121709
0.000119022
0.000610401
0.000962549
0.00134239
0.00178144
0.00225552
0.00273237
0.00318367
0.00358949
0.00393798
0.00421883
0.00445269
0.00465178
0.00482015
0.00495715
0.00505858
0.00420545
0.00343834
0.00293213
0.00257116
0.00227981
0.00202361
0.00179287
0.00159007
0.00141877
0.000131794
0.000791992
0.00133807
0.0018817
0.00246114
0.00304315
0.00359404
0.00408873
0.00451436
0.00486676
0.00514211
0.00536118
0.00553504
0.00566809
0.00576016
0.0051859
0.0041867
0.0035721
0.00317061
0.00282778
0.0025161
0.00224228
0.00200941
0.00181935
0.00167741
0.000119273
0.000976498
0.00152664
0.00227091
0.00313953
0.00378253
0.00435662
0.00484592
0.00524884
0.00556905
0.00580952
0.00598881
0.00611751
0.00620032
0.00613263
0.00495634
0.00417956
0.00371998
0.00335785
0.00301737
0.00270871
0.00244407
0.0022238
0.00204509
0.00190846
0.000167722
0.000616297
0.00137388
0.00214052
0.00309358
0.00425592
0.00502014
0.00547087
0.00582597
0.00609572
0.00628746
0.00641748
0.0064957
0.00652651
0.00563257
0.00475912
0.00422723
0.00385356
0.00350913
0.00318312
0.00289303
0.00264506
0.00243786
0.00226968
0.00214028
0.000408545
0.000791881
0.00135907
0.00212887
0.00301668
0.00402818
0.00508976
0.00599437
0.00628674
0.0064981
0.00663596
0.00671443
0.00674324
0.00607662
0.00525471
0.00468722
0.00429785
0.00396327
0.00363974
0.00333817
0.00307146
0.00284261
0.00265017
0.00249237
0.00236789
0.00071861
0.0012285
0.00177713
0.00252581
0.00331668
0.00415188
0.00496816
0.00570367
0.00631172
0.00673318
0.00688777
0.0067151
0.00624085
0.00562809
0.00509285
0.00469055
0.00436344
0.00405671
0.00376167
0.00348937
0.00324814
0.00303944
0.00286187
0.00271393
0.00259419
0.00130237
0.00199183
0.00268713
0.00335085
0.0039949
0.004627
0.00522012
0.00574339
0.00616249
0.00641063
0.00644074
0.00623727
0.00585745
0.00543117
0.00504951
0.00472877
0.00444107
0.00416397
0.00389813
0.00365312
0.00343488
0.00324388
0.00307886
0.00293872
0.00282211
0.00242493
0.0031087
0.00374613
0.00427188
0.00479293
0.00530613
0.00577133
0.00613734
0.0063604
0.00641904
0.0063139
0.00607334
0.00575203
0.0054162
0.00510871
0.00483291
0.00457219
0.00431753
0.0040731
0.00384792
0.00364617
0.00346719
0.0033098
0.00317343
0.00305681
0.00358797
0.00411353
0.00460149
0.00507916
0.0055776
0.00606386
0.00647143
0.00672639
0.00679887
0.00670866
0.00649786
0.0062156
0.00590544
0.00559905
0.00531404
0.00504922
0.00479525
0.00454689
0.00430993
0.00409284
0.00389752
0.00372166
0.00356426
0.00342541
0.00330374
0.00456891
0.00495669
0.00538152
0.00585823
0.00636214
0.00681793
0.00713779
0.00728024
0.00725817
0.00711112
0.00688127
0.00660044
0.00629349
0.00598421
0.00568825
0.00540812
0.00513819
0.00487618
0.00462903
0.00440474
0.00420224
0.00401744
0.00384984
0.00370022
0.0035666
0.00551076
0.00583676
0.00624448
0.00670727
0.00715383
0.00749169
0.00756536
0.00754313
0.00748626
0.0074005
0.00729068
0.007106
0.00681693
0.00651214
0.00621034
0.00591244
0.005614
0.00531898
0.00504242
0.00479265
0.00456606
0.00435819
0.00416885
0.00399882
0.00384478
0.00643315
0.00676494
0.00716465
0.00756239
0.00768415
0.00768181
0.00764499
0.00757808
0.00748536
0.00737095
0.00723833
0.00709174
0.006935
0.006771
0.00660234
0.00643109
0.00617296
0.00583868
0.00552619
0.0052429
0.00498095
0.0047365
0.00451405
0.00431365
0.00412996
0.00732539
0.00763951
0.0078319
0.00783112
0.00780295
0.00774806
0.0076684
0.00756675
0.00744585
0.00730938
0.00716123
0.00700418
0.00684087
0.00667362
0.00650441
0.00633468
0.00616385
0.00599108
0.00581648
0.00563977
0.00542114
0.00512932
0.00486474
0.00462688
0.00440709
0.0080218
0.00800645
0.00797357
0.00792127
0.0078488
0.00775662
0.00764575
0.00751912
0.0073794
0.00722916
0.00707103
0.00690736
0.00674033
0.00657189
0.00640375
0.00623661
0.00606898
0.00590026
0.00573037
0.0055586
0.00538331
0.00520193
0.00501114
0.00480653
0.00458274
0.00814772
0.00809324
0.00802359
0.00793781
0.00783605
0.00771939
0.00758924
0.00744755
0.00729643
0.00713801
0.00697441
0.00680764
0.00663964
0.00647216
0.00630664
0.00614245
0.00597793
0.00581289
0.00564712
0.00547971
0.00530896
0.00513228
0.00494608
0.00474574
0.00452573
0.00817386
0.00809544
0.00800346
0.00789797
0.00777952
0.0076492
0.0075084
0.00735876
0.00720208
0.00704019
0.00687495
0.0067082
0.0065417
0.00637708
0.00621511
0.00605379
0.00589226
0.00573064
0.00556854
0.00540494
0.00523806
0.0050652
0.00488268
0.00468577
0.00446881
0.00812539
0.0080343
0.00793092
0.00781569
0.0076894
0.00755314
0.00740825
0.00725621
0.00709865
0.00693724
0.00677369
0.00660968
0.0064468
0.00628648
0.00612784
0.00596922
0.00581072
0.00565235
0.00549361
0.00533338
0.00516979
0.00500008
0.00482047
0.00462617
0.00441145
0.00802018
0.0079244
0.00781726
0.0076994
0.0075717
0.00743526
0.00729135
0.00714137
0.00698683
0.00682925
0.00667018
0.00651108
0.00635323
0.00619732
0.00604163
0.00588593
0.00573057
0.00557544
0.00541991
0.00526277
0.00510206
0.00493493
0.00475759
0.00456519
0.00435193
0.00787038
0.0077756
0.00767022
0.00755494
0.00743067
0.00729848
0.00715957
0.00701522
0.00686676
0.00671552
0.00656282
0.00640988
0.00625745
0.00610518
0.0059526
0.00580029
0.00564842
0.00549673
0.00534448
0.00519033
0.00503223
0.00486729
0.00469167
0.00450054
0.00428808
0.00768603
0.00759628
0.00749657
0.00738761
0.00727024
0.00714545
0.00701428
0.00687786
0.0067373
0.00659371
0.0064481
0.00630121
0.00615366
0.00600515
0.00585665
0.00570853
0.00556078
0.00541299
0.00526427
0.00511315
0.00495753
0.00479448
0.00462017
0.00442977
0.00421753
0.0074744
0.00739197
0.00729996
0.00719903
0.00708997
0.00697365
0.00685101
0.00672304
0.00659072
0.00645499
0.00631669
0.00617645
0.00603502
0.00589271
0.00574999
0.00560722
0.00546445
0.00532114
0.00517628
0.00502835
0.00487516
0.00471379
0.00454042
0.00435032
0.00413783
0.00722558
0.0071524
0.00706995
0.00697883
0.00687972
0.00677339
0.00666068
0.00654246
0.00641962
0.00629304
0.00616356
0.00603191
0.00589876
0.00576457
0.00562942
0.00549347
0.00535654
0.0052183
0.00507766
0.00493306
0.00478227
0.00462239
0.00444967
0.00425948
0.00404636
0.00694049
0.00687773
0.00680617
0.00672631
0.00663872
0.00654404
0.00644298
0.00633631
0.00622478
0.00610918
0.00599023
0.0058686
0.0057449
0.00561956
0.0054928
0.00536451
0.00523441
0.00510171
0.00496554
0.00482434
0.00467589
0.00451731
0.00434494
0.00415435
0.00394033
0.00663194
0.00657965
0.00651918
0.0064509
0.00637524
0.00629273
0.00620393
0.00610945
0.00600992
0.00590598
0.00579825
0.00568727
0.00557353
0.0054574
0.00533904
0.00521843
0.00509516
0.00496843
0.00483692
0.00469908
0.00455283
0.00439532
0.00422304
0.0040318
0.00381674
0.00631058
0.00626783
0.00621766
0.00616028
0.00609601
0.00602519
0.00594825
0.00586566
0.00577788
0.00568542
0.00558874
0.00548827
0.00538437
0.00527728
0.0051671
0.0050537
0.00493671
0.00481536
0.00468831
0.00455382
0.00440957
0.0042529
0.00408047
0.00388842
0.00367237
0.00598423
0.0059494
0.00590797
0.00586003
0.00580575
0.00574534
0.00567908
0.00560726
0.00553022
0.00544831
0.00536183
0.00527109
0.0051763
0.00507759
0.00497494
0.00486814
0.00475672
0.00463988
0.00451642
0.00438457
0.00424214
0.00408608
0.00391339
0.00372057
0.0035038
0.00565662
0.00562763
0.00559289
0.0055524
0.00550617
0.00545431
0.00539694
0.00533422
0.00526633
0.00519348
0.00511583
0.00503354
0.00494671
0.00485531
0.00475922
0.00465812
0.00455146
0.00443837
0.00431761
0.00418752
0.00404594
0.0038904
0.00371759
0.00348839
0.0031492
0.00532581
0.00530052
0.00527032
0.00523509
0.00519476
0.00514933
0.00509879
0.00504319
0.00498257
0.004917
0.00484652
0.00477115
0.00469084
0.00460547
0.00451478
0.00441836
0.00431555
0.00420543
0.00408673
0.00395784
0.00381674
0.00366116
0.00337929
0.00306993
0.00278012
0.00498366
0.00496027
0.00493268
0.00490073
0.0048643
0.00482327
0.00477757
0.00472714
0.0046719
0.00461182
0.00454681
0.00447676
0.00440153
0.00432086
0.0042344
0.00414164
0.00404187
0.00393411
0.00381714
0.00368945
0.00349099
0.00321833
0.00294549
0.00269006
0.00245838
0.00461667
0.00459389
0.00456749
0.00453731
0.00450316
0.00446489
0.00442236
0.00437542
0.00432393
0.00426775
0.0042067
0.00414057
0.00406911
0.003992
0.00390879
0.00381892
0.00372166
0.00361616
0.003482
0.00325337
0.00301462
0.00277899
0.00255732
0.00235334
0.0021638
0.00420697
0.00418406
0.004158
0.0041286
0.00409567
0.00405902
0.00401847
0.00397382
0.00392488
0.00387143
0.00381323
0.00375003
0.00368148
0.00360722
0.00352676
0.00343953
0.00334502
0.00317869
0.00297843
0.00277384
0.00257315
0.00238248
0.0022038
0.00203647
0.00187732
0.00373261
0.00370937
0.00368334
0.00365433
0.00362215
0.00358658
0.00354744
0.0035045
0.00345754
0.00340632
0.00335058
0.00329002
0.00322429
0.00315302
0.00307573
0.00299195
0.00284552
0.002673
0.00249848
0.00232834
0.00216516
0.00201017
0.00186345
0.00172417
0.00159007
0.00316793
0.00314472
0.00311902
0.00309067
0.00305948
0.00302524
0.00298777
0.00294686
0.0029023
0.00285385
0.00280127
0.00274429
0.00268263
0.00261596
0.00254392
0.00246612
0.00233393
0.00218906
0.00204661
0.00190833
0.00177516
0.00164777
0.00152617
0.00140988
0.00129749
0.00248652
0.00246443
0.00244022
0.00241375
0.00238487
0.0023534
0.00231918
0.00228206
0.00224187
0.00219844
0.00215161
0.00210121
0.00204706
0.001989
0.00192683
0.00186039
0.00178913
0.00171299
0.00160515
0.00149414
0.00138655
0.00128296
0.00118341
0.00108782
0.000995494
0.00167537
0.00165689
0.00163688
0.00161527
0.00159193
0.00156675
0.00153965
0.00151055
0.0014794
0.00144612
0.00141066
0.00137296
0.00133301
0.00129077
0.00124625
0.00119946
0.00115042
0.00109918
0.00104565
0.000990032
0.000932653
0.000873868
0.00081407
0.000753695
0.000689006
0.000797369
0.000787401
0.000776773
0.000765446
0.000753464
0.000740781
0.000727362
0.000713189
0.000698258
0.000682573
0.000666138
0.000648965
0.000631071
0.000612479
0.000593216
0.000573319
0.00055283
0.000531801
0.000510282
0.000488335
0.000466026
0.000443429
0.000420622
0.00039768
0.000374612
0.000183312
0.000182545
0.000181745
0.000180905
0.000180025
0.000179099
0.000178123
0.000177093
0.000176004
0.00017485
0.000173625
0.000172324
0.000170939
0.000169462
0.000167887
0.000166202
0.000164398
0.000162463
0.000160383
0.000158142
0.000155723
0.000153101
0.000150251
0.000147138
0.000143716
0.000144631
0.000947859
0.0012311
0.00151925
0.00182272
0.00204951
0.00202855
0.00160855
0.000821245
0.000178745
0.000146154
0.000889354
0.00118576
0.00150625
0.00182122
0.00206411
0.00205585
0.00163779
0.000836305
0.000179281
0.000153625
0.00086949
0.0011448
0.00149157
0.00181953
0.00208005
0.00208534
0.00166923
0.000852479
0.000179763
0.000163633
0.000837369
0.00109109
0.00147611
0.00181779
0.00209675
0.00211605
0.00170223
0.000870309
0.000180188
0.000174878
0.000807816
0.00104043
0.0014595
0.00181585
0.00211414
0.00214788
0.00173671
0.000889333
0.000180546
0.000187872
0.000776391
0.000988986
0.00144181
0.00181389
0.00213235
0.00218089
0.0017727
0.000909763
0.000180828
0.000202847
0.000743327
0.000937556
0.00142308
0.00181208
0.00215155
0.00221509
0.00181012
0.00093163
0.000181025
0.000220521
0.000708499
0.000886686
0.0014035
0.00181076
0.00217195
0.00225047
0.00184874
0.000954936
0.000181127
0.000275228
0.000673857
0.000833781
0.00138333
0.00181037
0.00219386
0.00228697
0.00188819
0.000979532
0.000181123
0.000277022
0.000637066
0.000783257
0.00136303
0.00181157
0.00221771
0.00232452
0.00192782
0.00100508
0.000181004
0.000277355
0.000598718
0.000739956
0.00134348
0.00181536
0.00224409
0.002363
0.00196672
0.00103095
0.000180763
0.000274255
0.000566
0.000702323
0.00132632
0.00182312
0.00227374
0.0024022
0.00200372
0.00105585
0.000180396
0.000265068
0.000526355
0.000711063
0.00131371
0.00183655
0.00230743
0.00244167
0.00203724
0.00107749
0.000179903
0.000248013
0.000487274
0.000753359
0.00131009
0.00185752
0.00234555
0.0024819
0.00206629
0.0010944
0.000179251
0.000221083
0.000444523
0.000852209
0.00131636
0.00189287
0.00239769
0.00252611
0.00209094
0.00110733
0.000178296
0.000190915
0.000401516
0.000888272
0.00134794
0.00195533
0.00246881
0.00257347
0.00210824
0.00111461
0.000176977
0.000174577
0.000364932
0.000907654
0.00141552
0.00205538
0.0025625
0.00262082
0.00211402
0.00111427
0.000175264
0.000211861
0.000343155
0.000970321
0.00153493
0.00220505
0.00267927
0.00251782
0.0020384
0.00110453
0.000173141
0.000183959
0.000583692
0.00109405
0.00173423
0.00227389
0.00210685
0.00190421
0.00161876
0.00108522
0.000170633
0.000190842
0.000761813
0.00104709
0.00157006
0.00174813
0.00166658
0.00157497
0.00138258
0.0010615
0.000167814
0.000645857
0.000637473
0.00093664
0.00133972
0.00147132
0.00147678
0.00142455
0.00126861
0.00101509
0.000164787
0.000762428
0.000980756
0.00124477
0.00137998
0.00143166
0.0014421
0.00138185
0.00123466
0.000988623
0.000161849
0.00112365
0.00114677
0.00129581
0.00142615
0.00146809
0.0014578
0.00139312
0.00125238
0.000972438
0.000159036
0.00133155
0.00135643
0.00144056
0.00150324
0.00152773
0.00151581
0.00144993
0.0013108
0.000943981
0.000156439
0.00158913
0.00156022
0.00158522
0.00162436
0.00163863
0.00161316
0.00154035
0.00140089
0.000918402
0.000154144
0.00181782
0.00177724
0.00177295
0.00177803
0.0017708
0.00173325
0.00165662
0.00151625
0.000896013
0.000152174
0.00204781
0.00199116
0.00196247
0.00194603
0.00192342
0.00187499
0.00179516
0.00164946
0.000876527
0.000150523
0.0022736
0.00220767
0.00216373
0.00213022
0.00209167
0.00203474
0.00195264
0.0016517
0.000859283
0.000149172
0.00249874
0.00242525
0.00236952
0.00232246
0.00226979
0.00220594
0.00211928
0.00162075
0.000844953
0.000148057
0.0027249
0.00264497
0.00257949
0.00251954
0.00245504
0.00238399
0.0022108
0.00159304
0.000834056
0.000147186
0.00295569
0.00286828
0.00279212
0.00271807
0.00264393
0.00256142
0.0021761
0.00156823
0.000826029
0.000146516
0.00319475
0.00309662
0.00300628
0.00291805
0.00283246
0.00265995
0.0021432
0.00154688
0.000820321
0.000146005
0.00344375
0.00332899
0.00322019
0.00311841
0.00301284
0.00262328
0.00211172
0.00152814
0.000816345
0.000145615
0.00369993
0.00356167
0.0034336
0.00331116
0.00304573
0.00258657
0.00208219
0.0015112
0.000813581
0.000145313
0.00395529
0.00378999
0.00363713
0.00342147
0.00300612
0.00255031
0.00205387
0.00149519
0.000811567
0.000145069
0.0041984
0.0040021
0.0037515
0.00337886
0.00296539
0.00251445
0.0020259
0.00147932
0.000809899
0.00014486
0.00432747
0.00403509
0.00370493
0.00333434
0.00292425
0.00247829
0.0019974
0.00146291
0.000808216
0.000144663
0.0042737
0.00398423
0.00365665
0.00328878
0.00288206
0.00244089
0.00196753
0.00144532
0.000806188
0.00014446
0.00421937
0.00393231
0.00360693
0.00324141
0.00283777
0.00240124
0.00193549
0.00142595
0.000803498
0.000144232
0.00416379
0.00387839
0.00355458
0.00319096
0.00279018
0.00235836
0.0019005
0.00140425
0.00079984
0.000143963
0.00410526
0.00382078
0.00349797
0.00313594
0.00273802
0.00231121
0.00186178
0.00137967
0.000794913
0.000143637
0.00404168
0.00375753
0.00343532
0.00307478
0.00267998
0.00225875
0.00181859
0.00135171
0.000788423
0.000143239
0.00397085
0.00368658
0.00336477
0.00300587
0.00261471
0.00219994
0.00177018
0.00131987
0.000780081
0.000142755
0.00389042
0.00360575
0.00328438
0.00292751
0.00254083
0.00213373
0.00171585
0.0012837
0.000769611
0.00014217
0.00379792
0.00351278
0.0031921
0.00283795
0.0024569
0.00205909
0.00165495
0.00124283
0.00075675
0.000141469
0.00369071
0.00340525
0.00308578
0.00273532
0.00236147
0.00197503
0.00158691
0.00119692
0.000741249
0.000140638
0.00356597
0.00328056
0.00296305
0.00261761
0.0022531
0.00188072
0.00151134
0.00114573
0.000722875
0.000139659
0.00342068
0.0031359
0.00277177
0.00244044
0.00213058
0.00177566
0.00142807
0.00108914
0.000701401
0.000138509
0.00317026
0.00281427
0.00249644
0.00220751
0.00193276
0.00165986
0.00133719
0.00102704
0.000676581
0.00013716
0.00282045
0.00252316
0.00225508
0.00199933
0.00174426
0.00148973
0.00123897
0.000959331
0.000648118
0.000135568
0.00251311
0.00226746
0.00203378
0.00180178
0.0015662
0.00132884
0.00109631
0.000857281
0.000615633
0.000133669
0.0022392
0.00202807
0.00181975
0.00160925
0.00139376
0.00117626
0.00096217
0.000746163
0.000576116
0.000131366
0.00197789
0.00179351
0.00160872
0.00142024
0.00122586
0.00102989
0.000837451
0.000644193
0.000494627
0.000128503
0.00171781
0.00155848
0.00139738
0.00123163
0.00106038
0.000889001
0.000719318
0.000549313
0.000421485
0.00012503
0.00145442
0.00131843
0.00118167
0.00104116
0.000896265
0.000752819
0.000606262
0.000460113
0.000355854
0.000114482
0.0011837
0.00107013
0.000956936
0.00084386
0.000733416
0.000618907
0.000495817
0.000377428
0.000298724
9.30416e-05
0.000902444
0.000811088
0.000722719
0.000638663
0.000560985
0.000481587
0.00038588
0.000305813
0.000262943
0.000104205
0.000619624
0.000553205
0.00049148
0.000437047
0.000386594
0.00033074
0.000277524
0.000245204
0.000246478
9.40783e-05
0.000350469
0.00032196
0.000285262
0.000253733
0.000221643
0.000191673
0.000178543
0.00018729
0.000197316
6.58308e-05
0.000139738
0.00013525
0.000115638
9.19423e-05
6.89507e-05
6.8448e-05
9.17377e-05
7.38838e-05
5.83361e-05
4.41365e-05
)
;

boundaryField
{
    inlet
    {
        type            calculated;
        value           uniform 0.0128163;
    }
    outlet
    {
        type            calculated;
        value           nonuniform List<scalar> 10(0.000144786 0.000951545 0.0012311 0.00151925 0.00182272 0.00204951 0.00202855 0.00160855 0.000821245 0.000178745);
    }
    walls
    {
        type            nutUBlendedWallFunction;
        blending        stepwise;
        Cmu             0.09;
        kappa           0.41;
        E               9.8;
        n               4;
        value           nonuniform List<scalar> 
446
(
9.96856e-06
9.96589e-06
9.96196e-06
9.95754e-06
9.95328e-06
9.94931e-06
9.94559e-06
9.94207e-06
9.93871e-06
9.93548e-06
9.93236e-06
9.92931e-06
9.92628e-06
9.92323e-06
9.92011e-06
9.91684e-06
9.9133e-06
9.90935e-06
9.90479e-06
9.89932e-06
9.89279e-06
9.88467e-06
9.87456e-06
9.86203e-06
9.84663e-06
9.82791e-06
9.80548e-06
9.7779e-06
9.74502e-06
9.70603e-06
9.66021e-06
9.60667e-06
9.5442e-06
9.47136e-06
9.38654e-06
9.28791e-06
9.17342e-06
9.04083e-06
8.88775e-06
8.7117e-06
8.51012e-06
8.28033e-06
8.01961e-06
7.72541e-06
7.39511e-06
7.02598e-06
6.61497e-06
6.15849e-06
5.65194e-06
5.08923e-06
4.46177e-06
3.75716e-06
2.96147e-06
2.01542e-06
9.41497e-07
7.45148e-08
4.7307e-07
7.27173e-07
6.58508e-07
1.10027e-07
5.12813e-07
8.86452e-07
9.71664e-07
4.80889e-07
0
5.77683e-07
1.44164e-06
2.30612e-06
3.16716e-06
3.95143e-06
4.65617e-06
5.30895e-06
5.91367e-06
6.47432e-06
6.99701e-06
7.48374e-06
7.9359e-06
8.35481e-06
8.74172e-06
9.09784e-06
9.42441e-06
9.72273e-06
9.99416e-06
1.02401e-05
1.04621e-05
1.06616e-05
1.08401e-05
1.09994e-05
1.11408e-05
1.1266e-05
1.13763e-05
1.14733e-05
1.15582e-05
1.16322e-05
1.16971e-05
1.17477e-05
1.17919e-05
1.18298e-05
1.18674e-05
1.19001e-05
1.19284e-05
1.19524e-05
1.19725e-05
1.19894e-05
1.20036e-05
1.20155e-05
1.20252e-05
1.2033e-05
1.20392e-05
1.2044e-05
1.20476e-05
1.20502e-05
1.20518e-05
1.20525e-05
1.20526e-05
1.20519e-05
1.20507e-05
1.20489e-05
1.20465e-05
1.20436e-05
1.20403e-05
1.20365e-05
1.20323e-05
1.20277e-05
1.20227e-05
1.20173e-05
1.20115e-05
1.20053e-05
1.19988e-05
1.19918e-05
1.19845e-05
1.19767e-05
1.19685e-05
1.19599e-05
1.19508e-05
1.19413e-05
1.19313e-05
1.19208e-05
1.19098e-05
1.18983e-05
1.18862e-05
1.18735e-05
1.18603e-05
1.18465e-05
1.1832e-05
1.1817e-05
1.18012e-05
1.17847e-05
1.17676e-05
1.17497e-05
1.1731e-05
1.17116e-05
1.16913e-05
1.16702e-05
1.16483e-05
1.16254e-05
1.16016e-05
1.15769e-05
1.15511e-05
1.15243e-05
1.14964e-05
1.14673e-05
1.1437e-05
1.14055e-05
1.13726e-05
1.13382e-05
1.13024e-05
1.12648e-05
1.12255e-05
1.11843e-05
1.1141e-05
1.10954e-05
1.10474e-05
1.09966e-05
1.09429e-05
1.08861e-05
1.08258e-05
1.07608e-05
1.07001e-05
1.06365e-05
1.05708e-05
1.04929e-05
1.04086e-05
1.03168e-05
1.02181e-05
1.01124e-05
9.99924e-06
9.87801e-06
9.74794e-06
9.60831e-06
9.45836e-06
9.29735e-06
9.1244e-06
8.93858e-06
8.73887e-06
8.52414e-06
8.29314e-06
8.04452e-06
7.7768e-06
7.48838e-06
7.17753e-06
6.8423e-06
6.48046e-06
6.08944e-06
5.66609e-06
5.20871e-06
4.6912e-06
4.11933e-06
3.49082e-06
2.79956e-06
2.02999e-06
1.18463e-06
4.52598e-07
9.31826e-09
2.28723e-07
2.27312e-10
9.06303e-06
8.9083e-06
8.77189e-06
8.64911e-06
8.53613e-06
8.42936e-06
8.32555e-06
8.22182e-06
8.11557e-06
8.00447e-06
7.88633e-06
7.7591e-06
7.62079e-06
7.46949e-06
7.30329e-06
7.12026e-06
6.91846e-06
6.69582e-06
6.45014e-06
6.17892e-06
5.87924e-06
5.54752e-06
5.17918e-06
4.7678e-06
4.30461e-06
3.78028e-06
3.18853e-06
2.51004e-06
1.71535e-06
9.74498e-07
2.98656e-07
1.21901e-07
4.37977e-07
1.07605e-05
1.04605e-05
1.01687e-05
9.89648e-06
9.64935e-06
9.42899e-06
9.2342e-06
1.15353e-05
1.15937e-05
1.16424e-05
1.16945e-05
1.17481e-05
1.18033e-05
1.18592e-05
1.19148e-05
1.19685e-05
1.20177e-05
1.20582e-05
1.20845e-05
1.20909e-05
1.20707e-05
1.20157e-05
1.19191e-05
1.17759e-05
1.15829e-05
1.13421e-05
1.10627e-05
4.95783e-06
4.55537e-06
4.33052e-06
4.02665e-06
3.71619e-06
3.37366e-06
2.99788e-06
2.57966e-06
2.13641e-06
1.62423e-06
1.06618e-06
4.46913e-07
2.09854e-08
4.99349e-07
8.86601e-07
1.0094e-06
8.91185e-07
6.54178e-07
2.70007e-06
5.28283e-06
2.54087e-08
3.71471e-07
1.0422e-06
1.64827e-06
2.13661e-06
2.51564e-06
2.79662e-06
2.99108e-06
3.10936e-06
3.16042e-06
3.15115e-06
3.08661e-06
2.96787e-06
2.79188e-06
2.55303e-06
2.2472e-06
1.86374e-06
1.33345e-06
6.59824e-07
5.72866e-09
5.48984e-07
1.60919e-06
2.99853e-06
4.12218e-06
7.21702e-06
1.31747e-08
3.02633e-08
3.35593e-07
7.31586e-07
1.09032e-06
1.4076e-06
1.68778e-06
1.93261e-06
2.14609e-06
2.33219e-06
2.4946e-06
2.63666e-06
2.76123e-06
2.87079e-06
2.96744e-06
3.05296e-06
3.12883e-06
3.19628e-06
3.25636e-06
3.30993e-06
3.3577e-06
3.40027e-06
3.43812e-06
3.47166e-06
3.50121e-06
3.52703e-06
3.54933e-06
3.56827e-06
3.58396e-06
3.59648e-06
3.60585e-06
3.61198e-06
3.61487e-06
3.61454e-06
3.61087e-06
3.60371e-06
3.59301e-06
3.57885e-06
3.56073e-06
3.53802e-06
3.51045e-06
3.47788e-06
3.43989e-06
3.39598e-06
3.34557e-06
3.28806e-06
3.22269e-06
3.1486e-06
3.06479e-06
2.97007e-06
2.86302e-06
2.74196e-06
2.60483e-06
2.44911e-06
2.27158e-06
2.06835e-06
1.83572e-06
1.57074e-06
1.26597e-06
9.07692e-07
5.12619e-07
7.65247e-08
1.34127e-07
5.93925e-07
1.01651e-06
1.40618e-06
1.74985e-06
2.03161e-06
2.25952e-06
2.42932e-06
2.53601e-06
2.58008e-06
2.55651e-06
2.46057e-06
2.28164e-06
2.0065e-06
1.62172e-06
1.11563e-06
5.04733e-07
7.8211e-08
2.05261e-07
1.86488e-06
1.46124e-06
1.06717e-06
5.49872e-07
6.41024e-08
1.92757e-07
6.99516e-07
1.13655e-06
1.48819e-06
1.74522e-06
1.93966e-06
2.07846e-06
2.166e-06
2.20959e-06
2.21263e-06
2.17484e-06
2.09294e-06
1.96173e-06
1.77396e-06
1.51991e-06
1.19382e-06
7.87565e-07
3.19178e-07
3.20556e-08
9.96856e-06
9.96589e-06
9.96197e-06
9.95755e-06
9.9533e-06
9.94936e-06
9.94567e-06
9.94218e-06
9.93889e-06
9.93577e-06
9.9328e-06
9.92998e-06
9.92731e-06
9.9248e-06
9.92248e-06
9.92039e-06
9.91857e-06
9.91694e-06
9.91546e-06
9.93747e-06
)
;
    }
    baffle
    {
        type            nutUBlendedWallFunction;
        blending        stepwise;
        Cmu             0.09;
        kappa           0.41;
        E               9.8;
        n               4;
        value           nonuniform List<scalar> 
34
(
1.35805e-07
4.38208e-07
7.81257e-07
1.14845e-06
1.33836e-06
1.41944e-06
1.40727e-06
5.85447e-07
4.95257e-08
9.13117e-07
6.56594e-08
1.55641e-07
4.94544e-07
8.46401e-07
1.39024e-06
1.69101e-06
2.50897e-06
2.03434e-07
5.95277e-07
1.05096e-06
1.38199e-06
1.44841e-06
1.35853e-06
1.15798e-06
1.32192e-08
1.22553e-06
2.27595e-06
1.61796e-07
5.30404e-07
1.13164e-06
1.59472e-06
2.31096e-06
2.62279e-06
3.78367e-06
)
;
    }
    front
    {
        type            empty;
    }
    back
    {
        type            empty;
    }
}


// ************************************************************************* //
